[c]12c3n[c]4[c]([c]1cccc2C=CC3)c[c]5[c](c4)cccc5
  -ISIS-

 21 25  0  0  0  0  0  0  0  0  1
   -4.4639   -5.3957    2.7301  C  0  0  0  0  0
   -4.4492   -6.8636    2.5176  C  0  0  0  0  0
   -3.6528   -7.4237    1.5998  C  0  0  0  0  0
   -2.7647   -6.6053    0.7699  C  0  0  0  0  0
   -1.9432   -7.2118   -0.1804  C  0  0  0  0  0
   -1.1031   -6.4305   -0.9638  C  0  0  0  0  0
   -1.0813   -5.0423   -0.8002  C  0  0  0  0  0
   -1.8983   -4.3845    0.1522  C  0  0  0  0  0
   -2.7426   -5.2031    0.9350  C  0  0  0  0  0
   -3.5537   -4.5762    1.8772  C  0  0  0  0  0
   -3.5897   -3.2399    2.0951  N  0  0  0  0  0
   -2.7893   -2.4620    1.3532  C  0  0  0  0  0
   -2.8407   -1.0902    1.5918  C  0  0  0  0  0
   -2.0590   -0.1564    0.8901  C  0  0  0  0  0
   -2.1128    1.2314    1.1335  C  0  0  0  0  0
   -1.3174    2.1207    0.4107  C  0  0  0  0  0
   -0.4548    1.6380   -0.5669  C  0  0  0  0  0
   -0.3885    0.2672   -0.8210  C  0  0  0  0  0
   -1.1847   -0.6401   -0.1001  C  0  0  0  0  0
   -1.1263   -2.0245   -0.3476  C  0  0  0  0  0
   -1.9187   -2.9634    0.3648  C  0  0  0  0  0
  1 10  1  0  0  0
  1  2  1  0  0  0
  2  3  2  0  0  0
  3  4  1  0  0  0
  4  9  2  0  0  0
  4  5  1  0  0  0
  5  6  2  0  0  0
  6  7  1  0  0  0
  7  8  2  0  0  0
  8 21  1  0  0  0
  8  9  2  0  0  0
  9 10  1  0  0  0
 10 11  2  0  0  0
 11 12  1  0  0  0
 12 21  2  0  0  0
 12 13  1  0  0  0
 13 14  2  0  0  0
 14 19  2  0  0  0
 14 15  1  0  0  0
 15 16  2  0  0  0
 16 17  1  0  0  0
 17 18  2  0  0  0
 18 19  1  0  0  0
 19 20  2  0  0  0
 20 21  1  0  0  0
M  END
$$$$
[c]12c3n[c]4[c]([c]1cccc2C=CC3)c[c]5[c](c4)cccc5
  -ISIS-

 21 25  0  0  0  0  0  0  0  0  1
   -4.4639   -5.3957    2.7301  C  0  0  0  0  0
   -4.4492   -6.8636    2.5176  C  0  0  0  0  0
   -3.6528   -7.4237    1.5998  C  0  0  0  0  0
   -2.7647   -6.6053    0.7699  C  0  0  0  0  0
   -1.9432   -7.2118   -0.1804  C  0  0  0  0  0
   -1.1031   -6.4305   -0.9638  C  0  0  0  0  0
   -1.0813   -5.0423   -0.8002  C  0  0  0  0  0
   -1.8983   -4.3845    0.1522  C  0  0  0  0  0
   -2.7426   -5.2031    0.9350  C  0  0  0  0  0
   -3.5537   -4.5762    1.8772  C  0  0  0  0  0
   -3.5897   -3.2399    2.0951  N  0  0  0  0  0
   -2.7893   -2.4620    1.3532  C  0  0  0  0  0
   -2.8407   -1.0902    1.5918  C  0  0  0  0  0
   -2.0590   -0.1564    0.8901  C  0  0  0  0  0
   -2.1128    1.2314    1.1335  C  0  0  0  0  0
   -1.3174    2.1207    0.4107  C  0  0  0  0  0
   -0.4548    1.6380   -0.5669  C  0  0  0  0  0
   -0.3885    0.2672   -0.8210  C  0  0  0  0  0
   -1.1847   -0.6401   -0.1001  C  0  0  0  0  0
   -1.1263   -2.0245   -0.3476  C  0  0  0  0  0
   -1.9187   -2.9634    0.3648  C  0  0  0  0  0
  1 10  1  0  0  0
  1  2  1  0  0  0
  2  3  2  0  0  0
  3  4  1  0  0  0
  4  9  2  0  0  0
  4  5  1  0  0  0
  5  6  2  0  0  0
  6  7  1  0  0  0
  7  8  2  0  0  0
  8 21  1  0  0  0
  8  9  2  0  0  0
  9 10  1  0  0  0
 10 11  2  0  0  0
 11 12  1  0  0  0
 12 21  2  0  0  0
 12 13  1  0  0  0
 13 14  2  0  0  0
 14 19  2  0  0  0
 14 15  1  0  0  0
 15 16  2  0  0  0
 16 17  1  0  0  0
 17 18  2  0  0  0
 18 19  1  0  0  0
 19 20  2  0  0  0
 20 21  1  0  0  0
M  END
$$$$
