[c]12[c](n[c]3[c](n1)cccc3)c[c]4[n]2cccc4
  -ISIS-

 17 20  0  0  0  0  0  0  0  0  1
    1.7207   -0.1451    7.6976  C  0  0  0  0  0
    2.7514    0.3241    8.4925  C  0  0  0  0  0
    3.4466    1.2931    7.7656  N  0  0  0  0  0
    2.8542    1.4269    6.5271  C  0  0  0  0  0
    3.2343    2.2640    5.5361  N  0  0  0  0  0
    2.4577    2.1664    4.4431  C  0  0  0  0  0
    2.7487    2.9781    3.3541  C  0  0  0  0  0
    1.9884    2.9341    2.1846  C  0  0  0  0  0
    0.9137    2.0605    2.1003  C  0  0  0  0  0
    0.6090    1.2386    3.1863  C  0  0  0  0  0
    1.3566    1.2715    4.3564  C  0  0  0  0  0
    1.0034    0.4511    5.3599  N  0  0  0  0  0
    1.7826    0.5435    6.4668  C  0  0  0  0  0
    4.5532    1.9749    8.2768  C  0  0  0  0  0
    4.9841    1.7023    9.5189  C  0  0  0  0  0
    4.2823    0.6989   10.3013  C  0  0  0  0  0
    3.2148    0.0384    9.8132  C  0  0  0  0  0
  1 13  1  0  0  0
  1  2  2  0  0  0
  2 17  1  0  0  0
  2  3  2  0  0  0
  3  4  1  0  0  0
  3 14  1  0  0  0
  4 13  2  0  0  0
  4  5  1  0  0  0
  5  6  2  0  0  0
  6 11  2  0  0  0
  6  7  1  0  0  0
  7  8  2  0  0  0
  8  9  1  0  0  0
  9 10  2  0  0  0
 10 11  1  0  0  0
 11 12  2  0  0  0
 12 13  1  0  0  0
 14 15  2  0  0  0
 15 16  1  0  0  0
 16 17  2  0  0  0
M  END
$$$$
