[c]12[c]3[c]4[c]([c]1ccc[c]2ccc3)cccc4
  -ISIS-

 16 19  0  0  0  0  0  0  0  0  1
   -4.8839    5.3904   -8.5211  C  0  0  0  0  0
   -4.2746    6.4651   -7.7498  C  0  0  0  0  0
   -4.3651    7.6413   -8.5353  C  0  0  0  0  0
   -5.0283    7.2750   -9.7788  C  0  0  0  0  0
   -5.3221    5.9159   -9.7284  C  0  0  0  0  0
   -5.9606    5.1886  -10.7369  C  0  0  0  0  0
   -6.3100    5.9628  -11.8779  C  0  0  0  0  0
   -6.0205    7.3444  -11.9490  C  0  0  0  0  0
   -5.3766    8.0081  -10.8964  C  0  0  0  0  0
   -6.1590    3.7972  -10.4650  C  0  0  0  0  0
   -5.7135    3.2600   -9.2337  C  0  0  0  0  0
   -5.0761    4.0503   -8.2597  C  0  0  0  0  0
   -3.8695    8.8423   -8.0711  C  0  0  0  0  0
   -3.2749    8.8636   -6.8011  C  0  0  0  0  0
   -3.1794    7.6999   -6.0110  C  0  0  0  0  0
   -3.6878    6.4838   -6.4961  C  0  0  0  0  0
  1  5  2  0  0  0
  1 12  1  0  0  0
  1  2  1  0  0  0
  2 16  2  0  0  0
  2  3  1  0  0  0
  3  4  1  0  0  0
  3 13  2  0  0  0
  4  9  2  0  0  0
  4  5  1  0  0  0
  5  6  2  0  0  0
  6  7  1  0  0  0
  6 10  2  0  0  0
  7  8  2  0  0  0
  8  9  1  0  0  0
 10 11  1  0  0  0
 11 12  2  0  0  0
 13 14  1  0  0  0
 14 15  2  0  0  0
 15 16  1  0  0  0
M  END
$$$$
[c]12[c]3[c]4[c]([c]1ccc[c]2ccc3)cccc4
  -ISIS-

 16 19  0  0  0  0  0  0  0  0  1
   -4.8839    5.3904   -8.5211  C  0  0  0  0  0
   -4.2746    6.4651   -7.7498  C  0  0  0  0  0
   -4.3651    7.6413   -8.5353  C  0  0  0  0  0
   -5.0283    7.2750   -9.7788  C  0  0  0  0  0
   -5.3221    5.9159   -9.7284  C  0  0  0  0  0
   -5.9606    5.1886  -10.7369  C  0  0  0  0  0
   -6.3100    5.9628  -11.8779  C  0  0  0  0  0
   -6.0205    7.3444  -11.9490  C  0  0  0  0  0
   -5.3766    8.0081  -10.8964  C  0  0  0  0  0
   -6.1590    3.7972  -10.4650  C  0  0  0  0  0
   -5.7135    3.2600   -9.2337  C  0  0  0  0  0
   -5.0761    4.0503   -8.2597  C  0  0  0  0  0
   -3.8695    8.8423   -8.0711  C  0  0  0  0  0
   -3.2749    8.8636   -6.8011  C  0  0  0  0  0
   -3.1794    7.6999   -6.0110  C  0  0  0  0  0
   -3.6878    6.4838   -6.4961  C  0  0  0  0  0
  1  5  2  0  0  0
  1 12  1  0  0  0
  1  2  1  0  0  0
  2 16  2  0  0  0
  2  3  1  0  0  0
  3  4  1  0  0  0
  3 13  2  0  0  0
  4  9  2  0  0  0
  4  5  1  0  0  0
  5  6  2  0  0  0
  6  7  1  0  0  0
  6 10  2  0  0  0
  7  8  2  0  0  0
  8  9  1  0  0  0
 10 11  1  0  0  0
 11 12  2  0  0  0
 13 14  1  0  0  0
 14 15  2  0  0  0
 15 16  1  0  0  0
M  END
$$$$
[c]12[c]3[c]4[c]([c]1ccc[c]2ccc3)cccc4
  -ISIS-

 16 19  0  0  0  0  0  0  0  0  1
   -5.4662   -3.7869    1.7871  C  0  0  0  0  0
   -4.6838   -3.2795    0.7163  C  0  0  0  0  0
   -3.3257   -2.9737    0.8866  C  0  0  0  0  0
   -2.7619   -3.1745    2.1318  C  0  0  0  0  0
   -3.5456   -3.6623    3.1734  C  0  0  0  0  0
   -4.9016   -3.9868    3.0790  C  0  0  0  0  0
   -5.4801   -4.4438    4.2944  C  0  0  0  0  0
   -4.7137   -4.5615    5.4751  C  0  0  0  0  0
   -3.3533   -4.2262    5.4957  C  0  0  0  0  0
   -2.7746   -3.7704    4.3267  C  0  0  0  0  0
   -1.4209   -3.3350    4.0106  C  0  0  0  0  0
   -0.2771   -3.2460    4.7821  C  0  0  0  0  0
    0.8891   -2.7771    4.1691  C  0  0  0  0  0
    0.8969   -2.4074    2.8104  C  0  0  0  0  0
   -0.2613   -2.4978    2.0318  C  0  0  0  0  0
   -1.4130   -2.9622    2.6396  C  0  0  0  0  0
  1  6  2  0  0  0
  1  2  1  0  0  0
  2  3  2  0  0  0
  3  4  1  0  0  0
  4 16  1  0  0  0
  4  5  2  0  0  0
  5 10  1  0  0  0
  5  6  2  0  0  0
  6  7  1  0  0  0
  7  8  2  0  0  0
  8  9  1  0  0  0
  9 10  2  0  0  0
 10 11  1  0  0  0
 11 16  2  0  0  0
 11 12  1  0  0  0
 12 13  2  0  0  0
 13 14  1  0  0  0
 14 15  2  0  0  0
 15 16  1  0  0  0
M  END
$$$$
[c]12[c]3[c]4[c]([c]1ccc[c]2ccc3)cccc4
  -ISIS-

 16 19  0  0  0  0  0  0  0  0  1
   -2.6178    0.8387   -0.0674  C  0  0  0  0  0
   -3.8348    0.3135    0.4494  C  0  0  0  0  0
   -5.0803    0.6230   -0.1370  C  0  0  0  0  0
   -6.3653    0.1925    0.2504  C  0  0  0  0  0
   -7.5053    0.6134   -0.4695  C  0  0  0  0  0
   -7.3954    1.4653   -1.5833  C  0  0  0  0  0
   -6.1359    1.8887   -1.9653  C  0  0  0  0  0
   -5.0315    1.4620   -1.2412  C  0  0  0  0  0
   -3.8677    1.9882   -1.7761  C  0  0  0  0  0
   -2.6460    1.6791   -1.1940  C  0  0  0  0  0
   -4.2385    2.8089   -2.9230  C  0  0  0  0  0
   -5.6567    2.7470   -3.0398  C  0  0  0  0  0
   -6.3221    3.4283   -4.0413  C  0  0  0  0  0
   -5.5563    4.1810   -4.9373  C  0  0  0  0  0
   -4.1537    4.2421   -4.8225  C  0  0  0  0  0
   -3.4811    3.5526   -3.8085  C  0  0  0  0  0
  1 10  2  0  0  0
  1  2  1  0  0  0
  2  3  2  0  0  0
  3  8  2  0  0  0
  3  4  1  0  0  0
  4  5  2  0  0  0
  5  6  1  0  0  0
  6  7  2  0  0  0
  7 12  1  0  0  0
  7  8  1  0  0  0
  8  9  2  0  0  0
  9 10  1  0  0  0
  9 11  1  0  0  0
 11 16  2  0  0  0
 11 12  1  0  0  0
 12 13  2  0  0  0
 13 14  1  0  0  0
 14 15  2  0  0  0
 15 16  1  0  0  0
M  END
$$$$
[c]12[c]3[c]4[c]([c]1ccc[c]2ccc3)cccc4
  -ISIS-

 16 19  0  0  0  0  0  0  0  0  1
   -3.3499    3.8035   -1.1090  C  0  0  0  0  0
   -3.2178    4.3249    0.2118  C  0  0  0  0  0
   -1.9678    4.6074    0.7912  C  0  0  0  0  0
   -0.8327    4.3301    0.0567  C  0  0  0  0  0
   -0.9587    3.7737   -1.2087  C  0  0  0  0  0
   -2.1697    3.4709   -1.8349  C  0  0  0  0  0
   -2.0418    2.8721   -3.1127  C  0  0  0  0  0
   -0.7721    2.6321   -3.6835  C  0  0  0  0  0
    0.4078    2.9727   -3.0050  C  0  0  0  0  0
    0.3008    3.5464   -1.7521  C  0  0  0  0  0
    1.2958    3.9938   -0.7868  C  0  0  0  0  0
    2.6776    4.0011   -0.8225  C  0  0  0  0  0
    3.3562    4.5064    0.2911  C  0  0  0  0  0
    2.6542    4.9911    1.4116  C  0  0  0  0  0
    1.2561    4.9824    1.4463  C  0  0  0  0  0
    0.5870    4.4831    0.3445  C  0  0  0  0  0
  1  6  2  0  0  0
  1  2  1  0  0  0
  2  3  2  0  0  0
  3  4  1  0  0  0
  4 16  1  0  0  0
  4  5  2  0  0  0
  5 10  1  0  0  0
  5  6  2  0  0  0
  6  7  1  0  0  0
  7  8  2  0  0  0
  8  9  1  0  0  0
  9 10  2  0  0  0
 10 11  1  0  0  0
 11 16  2  0  0  0
 11 12  1  0  0  0
 12 13  2  0  0  0
 13 14  1  0  0  0
 14 15  2  0  0  0
 15 16  1  0  0  0
M  END
$$$$
[c]12[c]3[c]4[c]([c]1ccc[c]2ccc3)cccc4
  -ISIS-

 16 19  0  0  0  0  0  0  0  0  1
   -3.3499    3.8035   -1.1090  C  0  0  0  0  0
   -3.2178    4.3249    0.2118  C  0  0  0  0  0
   -1.9678    4.6074    0.7912  C  0  0  0  0  0
   -0.8327    4.3301    0.0567  C  0  0  0  0  0
   -0.9587    3.7737   -1.2087  C  0  0  0  0  0
   -2.1697    3.4709   -1.8349  C  0  0  0  0  0
   -2.0418    2.8721   -3.1127  C  0  0  0  0  0
   -0.7721    2.6321   -3.6835  C  0  0  0  0  0
    0.4078    2.9727   -3.0050  C  0  0  0  0  0
    0.3008    3.5464   -1.7521  C  0  0  0  0  0
    1.2958    3.9938   -0.7868  C  0  0  0  0  0
    2.6776    4.0011   -0.8225  C  0  0  0  0  0
    3.3562    4.5064    0.2911  C  0  0  0  0  0
    2.6542    4.9911    1.4116  C  0  0  0  0  0
    1.2561    4.9824    1.4463  C  0  0  0  0  0
    0.5870    4.4831    0.3445  C  0  0  0  0  0
  1  6  2  0  0  0
  1  2  1  0  0  0
  2  3  2  0  0  0
  3  4  1  0  0  0
  4 16  1  0  0  0
  4  5  2  0  0  0
  5 10  1  0  0  0
  5  6  2  0  0  0
  6  7  1  0  0  0
  7  8  2  0  0  0
  8  9  1  0  0  0
  9 10  2  0  0  0
 10 11  1  0  0  0
 11 16  2  0  0  0
 11 12  1  0  0  0
 12 13  2  0  0  0
 13 14  1  0  0  0
 14 15  2  0  0  0
 15 16  1  0  0  0
M  END
$$$$
[c]12[c]3[c]4[c]([c]1ccc[c]2ccc3)cccc4
  -ISIS-

 16 19  0  0  0  0  0  0  0  0  1
   -2.2127   -6.1571    1.6548  C  0  0  0  0  0
   -3.2898   -5.3390    1.2053  C  0  0  0  0  0
   -3.0706   -4.1953    0.4136  C  0  0  0  0  0
   -1.7782   -3.8887    0.0395  C  0  0  0  0  0
   -0.7398   -4.7180    0.4374  C  0  0  0  0  0
   -0.8839   -5.8603    1.2270  C  0  0  0  0  0
    0.3318   -6.5362    1.5112  C  0  0  0  0  0
    1.5653   -6.0688    1.0057  C  0  0  0  0  0
    1.6365   -4.9160    0.2105  C  0  0  0  0  0
    0.4642   -4.2396   -0.0681  C  0  0  0  0  0
    0.1846   -3.0346   -0.8371  C  0  0  0  0  0
    1.0090   -2.1778   -1.5418  C  0  0  0  0  0
    0.4173   -1.0876   -2.1874  C  0  0  0  0  0
   -0.9726   -0.8708   -2.1214  C  0  0  0  0  0
   -1.8052   -1.7387   -1.4080  C  0  0  0  0  0
   -1.2183   -2.8155   -0.7701  C  0  0  0  0  0
  1  6  2  0  0  0
  1  2  1  0  0  0
  2  3  2  0  0  0
  3  4  1  0  0  0
  4 16  1  0  0  0
  4  5  2  0  0  0
  5 10  1  0  0  0
  5  6  2  0  0  0
  6  7  1  0  0  0
  7  8  2  0  0  0
  8  9  1  0  0  0
  9 10  2  0  0  0
 10 11  1  0  0  0
 11 16  2  0  0  0
 11 12  1  0  0  0
 12 13  2  0  0  0
 13 14  1  0  0  0
 14 15  2  0  0  0
 15 16  1  0  0  0
M  END
$$$$
[c]12[c]3[c]4[c]([c]1ccc[c]2ccc3)cccc4
  -ISIS-

 16 19  0  0  0  0  0  0  0  0  1
   -2.2127   -6.1571    1.6548  C  0  0  0  0  0
   -3.2898   -5.3390    1.2053  C  0  0  0  0  0
   -3.0706   -4.1953    0.4136  C  0  0  0  0  0
   -1.7782   -3.8887    0.0395  C  0  0  0  0  0
   -0.7398   -4.7180    0.4374  C  0  0  0  0  0
   -0.8839   -5.8603    1.2270  C  0  0  0  0  0
    0.3318   -6.5362    1.5112  C  0  0  0  0  0
    1.5653   -6.0688    1.0057  C  0  0  0  0  0
    1.6365   -4.9160    0.2105  C  0  0  0  0  0
    0.4642   -4.2396   -0.0681  C  0  0  0  0  0
    0.1846   -3.0346   -0.8371  C  0  0  0  0  0
    1.0090   -2.1778   -1.5418  C  0  0  0  0  0
    0.4173   -1.0876   -2.1874  C  0  0  0  0  0
   -0.9726   -0.8708   -2.1214  C  0  0  0  0  0
   -1.8052   -1.7387   -1.4080  C  0  0  0  0  0
   -1.2183   -2.8155   -0.7701  C  0  0  0  0  0
  1  6  2  0  0  0
  1  2  1  0  0  0
  2  3  2  0  0  0
  3  4  1  0  0  0
  4 16  1  0  0  0
  4  5  2  0  0  0
  5 10  1  0  0  0
  5  6  2  0  0  0
  6  7  1  0  0  0
  7  8  2  0  0  0
  8  9  1  0  0  0
  9 10  2  0  0  0
 10 11  1  0  0  0
 11 16  2  0  0  0
 11 12  1  0  0  0
 12 13  2  0  0  0
 13 14  1  0  0  0
 14 15  2  0  0  0
 15 16  1  0  0  0
M  END
$$$$
[c]12[c]3[c]4[c]([c]1ccc[c]2ccc3)cccc4
  -ISIS-

 16 19  0  0  0  0  0  0  0  0  1
   -0.0303   -3.8612    2.2786  C  0  0  0  0  0
    0.6072   -2.6907    1.7981  C  0  0  0  0  0
   -0.0256   -1.8191    0.8925  C  0  0  0  0  0
   -1.3024   -2.1223    0.4669  C  0  0  0  0  0
   -1.9220   -3.2703    0.9403  C  0  0  0  0  0
   -1.3529   -4.1768    1.8381  C  0  0  0  0  0
   -2.1919   -5.2752    2.1691  C  0  0  0  0  0
   -3.4861   -5.4049    1.6168  C  0  0  0  0  0
   -3.9935   -4.4545    0.7201  C  0  0  0  0  0
   -3.1932   -3.3792    0.3855  C  0  0  0  0  0
   -3.4030   -2.2370   -0.4940  C  0  0  0  0  0
   -4.4772   -1.8621   -1.2791  C  0  0  0  0  0
   -4.3621   -0.6831   -2.0224  C  0  0  0  0  0
   -3.1900    0.0959   -1.9719  C  0  0  0  0  0
   -2.1045   -0.2851   -1.1769  C  0  0  0  0  0
   -2.2203   -1.4509   -0.4430  C  0  0  0  0  0
  1  6  2  0  0  0
  1  2  1  0  0  0
  2  3  2  0  0  0
  3  4  1  0  0  0
  4 16  1  0  0  0
  4  5  2  0  0  0
  5 10  1  0  0  0
  5  6  2  0  0  0
  6  7  1  0  0  0
  7  8  2  0  0  0
  8  9  1  0  0  0
  9 10  2  0  0  0
 10 11  1  0  0  0
 11 16  2  0  0  0
 11 12  1  0  0  0
 12 13  2  0  0  0
 13 14  1  0  0  0
 14 15  2  0  0  0
 15 16  1  0  0  0
M  END
$$$$
[c]12[c]3[c]4[c]([c]1ccc[c]2ccc3)cccc4
  -ISIS-

 16 19  0  0  0  0  0  0  0  0  1
   -6.7487   -0.8935    1.9436  C  0  0  0  0  0
   -6.0341    0.2298    1.4627  C  0  0  0  0  0
   -4.7439    0.1134    0.9138  C  0  0  0  0  0
   -4.1665   -1.1374    0.8467  C  0  0  0  0  0
   -4.8697   -2.2364    1.3192  C  0  0  0  0  0
   -6.1512   -2.1907    1.8747  C  0  0  0  0  0
   -6.6546   -3.4556    2.2838  C  0  0  0  0  0
   -5.8944   -4.6366    2.1261  C  0  0  0  0  0
   -4.6128   -4.6070    1.5595  C  0  0  0  0  0
   -4.1051   -3.3873    1.1553  C  0  0  0  0  0
   -2.8391   -3.0069    0.5431  C  0  0  0  0  0
   -1.7345   -3.7494    0.1694  C  0  0  0  0  0
   -0.6556   -3.0701   -0.4055  C  0  0  0  0  0
   -0.6944   -1.6755   -0.5972  C  0  0  0  0  0
   -1.8127   -0.9262   -0.2182  C  0  0  0  0  0
   -2.8779   -1.5996    0.3500  C  0  0  0  0  0
  1  6  2  0  0  0
  1  2  1  0  0  0
  2  3  2  0  0  0
  3  4  1  0  0  0
  4 16  1  0  0  0
  4  5  2  0  0  0
  5 10  1  0  0  0
  5  6  2  0  0  0
  6  7  1  0  0  0
  7  8  2  0  0  0
  8  9  1  0  0  0
  9 10  2  0  0  0
 10 11  1  0  0  0
 11 16  2  0  0  0
 11 12  1  0  0  0
 12 13  2  0  0  0
 13 14  1  0  0  0
 14 15  2  0  0  0
 15 16  1  0  0  0
M  END
$$$$
[c]12[c]3[c]4[c]([c]1ccc[c]2ccc3)cccc4
  -ISIS-

 16 19  0  0  0  0  0  0  0  0  1
    2.6941   -4.8792    2.7352  C  0  0  0  0  0
    1.6959   -5.8390    2.9928  C  0  0  0  0  0
    0.3532   -5.5811    2.6983  C  0  0  0  0  0
    0.0387   -4.3535    2.1464  C  0  0  0  0  0
   -1.2302   -3.7730    1.7278  C  0  0  0  0  0
   -2.5278   -4.2482    1.7335  C  0  0  0  0  0
   -3.5465   -3.4106    1.2446  C  0  0  0  0  0
   -3.2772   -2.1074    0.7616  C  0  0  0  0  0
   -1.9422   -1.6277    0.7382  C  0  0  0  0  0
   -0.9752   -2.4994    1.2370  C  0  0  0  0  0
    0.3837   -2.2215    1.3102  C  0  0  0  0  0
    1.0472   -3.3837    1.8860  C  0  0  0  0  0
    2.3746   -3.6375    2.1764  C  0  0  0  0  0
    0.8505   -0.9992    0.8619  C  0  0  0  0  0
   -0.0759   -0.0794    0.3422  C  0  0  0  0  0
   -1.4530   -0.3835    0.2776  C  0  0  0  0  0
  1 13  2  0  0  0
  1  2  1  0  0  0
  2  3  2  0  0  0
  3  4  1  0  0  0
  4 12  2  0  0  0
  4  5  1  0  0  0
  5 10  2  0  0  0
  5  6  1  0  0  0
  6  7  2  0  0  0
  7  8  1  0  0  0
  8  9  2  0  0  0
  9 16  1  0  0  0
  9 10  2  0  0  0
 10 11  1  0  0  0
 11 12  1  0  0  0
 11 14  2  0  0  0
 12 13  1  0  0  0
 14 15  1  0  0  0
 15 16  2  0  0  0
M  END
$$$$
[c]12[c]3[c]4[c]([c]1ccc[c]2ccc3)cccc4
  -ISIS-

 16 19  0  0  0  0  0  0  0  0  1
    1.3599    4.4044   -2.6257  C  0  0  0  0  0
    0.6888    3.4972   -1.7630  C  0  0  0  0  0
    1.3742    2.6592   -0.8644  C  0  0  0  0  0
    2.7503    2.7328   -0.8183  C  0  0  0  0  0
    3.7468    2.0280   -0.0239  C  0  0  0  0  0
    3.6307    1.0468    0.9429  C  0  0  0  0  0
    4.8056    0.5673    1.5306  C  0  0  0  0  0
    6.0653    1.0686    1.1494  C  0  0  0  0  0
    6.1805    2.0616    0.1713  C  0  0  0  0  0
    5.0179    2.5339   -0.4086  C  0  0  0  0  0
    4.7820    3.5423   -1.4332  C  0  0  0  0  0
    3.4103    3.6265   -1.6495  C  0  0  0  0  0
    2.7880    4.4847   -2.5607  C  0  0  0  0  0
    3.6837    5.3165   -3.2834  C  0  0  0  0  0
    5.0804    5.2473   -3.0793  C  0  0  0  0  0
    5.6370    4.3557   -2.1519  C  0  0  0  0  0
  1 13  2  0  0  0
  1  2  1  0  0  0
  2  3  2  0  0  0
  3  4  1  0  0  0
  4 12  2  0  0  0
  4  5  1  0  0  0
  5 10  2  0  0  0
  5  6  1  0  0  0
  6  7  2  0  0  0
  7  8  1  0  0  0
  8  9  2  0  0  0
  9 10  1  0  0  0
 10 11  1  0  0  0
 11 16  2  0  0  0
 11 12  1  0  0  0
 12 13  2  0  0  0
 13 14  1  0  0  0
 14 15  2  0  0  0
 15 16  1  0  0  0
M  END
$$$$
[c]12[c]3[c]4[c]([c]1ccc[c]2ccc3)cccc4
  -ISIS-

 16 19  0  0  0  0  0  0  0  0  1
   -2.6538    4.6642   -1.9606  C  0  0  0  0  0
   -1.5834    3.9473   -2.5372  C  0  0  0  0  0
   -0.5186    3.4984   -1.7326  C  0  0  0  0  0
   -0.6010    3.8208   -0.3803  C  0  0  0  0  0
    0.3440    3.4756    0.5753  C  0  0  0  0  0
   -0.1049    4.0046    1.8563  C  0  0  0  0  0
   -1.3403    4.6733    1.6221  C  0  0  0  0  0
   -1.6346    4.5414    0.2014  C  0  0  0  0  0
   -2.6794    4.9823   -0.5903  C  0  0  0  0  0
   -2.0241    5.2923    2.6515  C  0  0  0  0  0
   -1.4633    5.2380    3.9317  C  0  0  0  0  0
   -0.2422    4.5752    4.1636  C  0  0  0  0  0
    0.4498    3.9506    3.1210  C  0  0  0  0  0
    1.4604    2.7565    0.1891  C  0  0  0  0  0
    1.5951    2.4045   -1.1664  C  0  0  0  0  0
    0.6215    2.7688   -2.1223  C  0  0  0  0  0
  1  9  2  0  0  0
  1  2  1  0  0  0
  2  3  2  0  0  0
  3 16  1  0  0  0
  3  4  2  0  0  0
  4  8  2  0  0  0
  4  5  1  0  0  0
  5  6  1  0  0  0
  5 14  2  0  0  0
  6 13  2  0  0  0
  6  7  1  0  0  0
  7  8  1  0  0  0
  7 10  2  0  0  0
  8  9  1  0  0  0
 10 11  1  0  0  0
 11 12  2  0  0  0
 12 13  1  0  0  0
 14 15  1  0  0  0
 15 16  2  0  0  0
M  END
$$$$
[c]12[c]3[c]4[c]([c]1ccc[c]2ccc3)cccc4
  -ISIS-

 16 19  0  0  0  0  0  0  0  0  1
    0.4355    0.2114    3.9300  C  0  0  0  0  0
   -0.7266    1.0796    4.0662  C  0  0  0  0  0
   -1.2664    0.8488    5.3548  C  0  0  0  0  0
   -0.4322   -0.1586    5.9943  C  0  0  0  0  0
    0.5880   -0.5051    5.1113  C  0  0  0  0  0
    1.5928   -1.4476    5.3618  C  0  0  0  0  0
    1.4622   -2.0941    6.6219  C  0  0  0  0  0
    0.4381   -1.7549    7.5350  C  0  0  0  0  0
   -0.5132   -0.7766    7.2266  C  0  0  0  0  0
    2.5279   -1.6318    4.2952  C  0  0  0  0  0
    2.3456   -0.9344    3.0706  C  0  0  0  0  0
    1.3106   -0.0046    2.8864  C  0  0  0  0  0
   -2.3877    1.5283    5.7849  C  0  0  0  0  0
   -2.9754    2.4532    4.9099  C  0  0  0  0  0
   -2.4469    2.6913    3.6252  C  0  0  0  0  0
   -1.3049    1.9923    3.2003  C  0  0  0  0  0
  1  5  2  0  0  0
  1 12  1  0  0  0
  1  2  1  0  0  0
  2 16  2  0  0  0
  2  3  1  0  0  0
  3  4  1  0  0  0
  3 13  2  0  0  0
  4  9  2  0  0  0
  4  5  1  0  0  0
  5  6  2  0  0  0
  6  7  1  0  0  0
  6 10  2  0  0  0
  7  8  2  0  0  0
  8  9  1  0  0  0
 10 11  1  0  0  0
 11 12  2  0  0  0
 13 14  1  0  0  0
 14 15  2  0  0  0
 15 16  1  0  0  0
M  END
$$$$
[c]12[c]3[c]4[c]([c]1ccc[c]2ccc3)cccc4
  -ISIS-

 16 19  0  0  0  0  0  0  0  0  1
    0.4355    0.2114    3.9300  C  0  0  0  0  0
   -0.7266    1.0796    4.0662  C  0  0  0  0  0
   -1.2664    0.8488    5.3548  C  0  0  0  0  0
   -0.4322   -0.1586    5.9943  C  0  0  0  0  0
    0.5880   -0.5051    5.1113  C  0  0  0  0  0
    1.5928   -1.4476    5.3618  C  0  0  0  0  0
    1.4622   -2.0941    6.6219  C  0  0  0  0  0
    0.4381   -1.7549    7.5350  C  0  0  0  0  0
   -0.5132   -0.7766    7.2266  C  0  0  0  0  0
    2.5279   -1.6318    4.2952  C  0  0  0  0  0
    2.3456   -0.9344    3.0706  C  0  0  0  0  0
    1.3106   -0.0046    2.8864  C  0  0  0  0  0
   -2.3877    1.5283    5.7849  C  0  0  0  0  0
   -2.9754    2.4532    4.9099  C  0  0  0  0  0
   -2.4469    2.6913    3.6252  C  0  0  0  0  0
   -1.3049    1.9923    3.2003  C  0  0  0  0  0
  1  5  2  0  0  0
  1 12  1  0  0  0
  1  2  1  0  0  0
  2 16  2  0  0  0
  2  3  1  0  0  0
  3  4  1  0  0  0
  3 13  2  0  0  0
  4  9  2  0  0  0
  4  5  1  0  0  0
  5  6  2  0  0  0
  6  7  1  0  0  0
  6 10  2  0  0  0
  7  8  2  0  0  0
  8  9  1  0  0  0
 10 11  1  0  0  0
 11 12  2  0  0  0
 13 14  1  0  0  0
 14 15  2  0  0  0
 15 16  1  0  0  0
M  END
$$$$
