[c]12[c]([c]3[c]([c]4[c]1cccc4)cccc3)n[c]5[c](n2)ncnc5
  -ISIS-

 22 26  0  0  0  0  0  0  0  0  1
   -8.7748   -3.5938    3.8716  N  0  0  0  0  0
   -7.6635   -2.8401    4.0307  C  0  0  0  0  0
   -7.3057   -1.9161    3.0312  C  0  0  0  0  0
   -8.0724   -1.7840    1.9162  N  0  0  0  0  0
   -9.1680   -2.5234    1.7533  C  0  0  0  0  0
   -9.5174   -3.4336    2.7413  C  0  0  0  0  0
  -10.6765   -4.1302    2.4365  C  0  0  0  0  0
  -11.4294   -3.9965    1.3343  N  0  0  0  0  0
  -10.9732   -3.0866    0.4741  C  0  0  0  0  0
   -9.8749   -2.3440    0.6356  N  0  0  0  0  0
   -6.1515   -1.1303    3.1917  C  0  0  0  0  0
   -5.3371   -1.2518    4.3465  C  0  0  0  0  0
   -5.7034   -2.1918    5.3607  C  0  0  0  0  0
   -6.8705   -2.9758    5.1829  C  0  0  0  0  0
   -7.2322   -3.9054    6.1866  C  0  0  0  0  0
   -6.4800   -4.0772    7.3455  C  0  0  0  0  0
   -5.3397   -3.3181    7.5301  C  0  0  0  0  0
   -4.9600   -2.3932    6.5550  C  0  0  0  0  0
   -4.1889   -0.4181    4.4246  C  0  0  0  0  0
   -3.8512    0.4928    3.4216  C  0  0  0  0  0
   -4.6521    0.6032    2.3007  C  0  0  0  0  0
   -5.7851   -0.1988    2.1912  C  0  0  0  0  0
  1  6  2  0  0  0
  1  2  1  0  0  0
  2 14  1  0  0  0
  2  3  2  0  0  0
  3  4  1  0  0  0
  3 11  1  0  0  0
  4  5  2  0  0  0
  5 10  1  0  0  0
  5  6  2  0  0  0
  6  7  1  0  0  0
  7  8  2  0  0  0
  8  9  1  0  0  0
  9 10  2  0  0  0
 11 22  1  0  0  0
 11 12  2  0  0  0
 12 13  1  0  0  0
 12 19  1  0  0  0
 13 18  1  0  0  0
 13 14  2  0  0  0
 14 15  1  0  0  0
 15 16  2  0  0  0
 16 17  1  0  0  0
 17 18  2  0  0  0
 19 20  2  0  0  0
 20 21  1  0  0  0
 21 22  2  0  0  0
M  END
$$$$
[c]12[c]([c]3[c]([c]4[c]1cccc4)cccc3)n[c]5[c](n2)ncnc5
  -ISIS-

 22 26  0  0  0  0  0  0  0  0  1
   -2.4944   -3.7905    5.4850  N  0  0  0  0  0
   -3.3136   -2.8481    6.0211  C  0  0  0  0  0
   -2.9686   -1.5097    6.1340  C  0  0  0  0  0
   -1.7708   -1.1284    5.6935  N  0  0  0  0  0
   -0.9114   -2.0310    5.1478  C  0  0  0  0  0
   -1.2784   -3.3890    5.0406  C  0  0  0  0  0
   -0.3853   -4.3164    4.4757  C  0  0  0  0  0
    0.8891   -3.9087    4.0075  C  0  0  0  0  0
    1.2627   -2.5320    4.1154  C  0  0  0  0  0
    2.5139   -2.0197    3.6775  C  0  0  0  0  0
    2.8568   -0.6710    3.7931  C  0  0  0  0  0
    1.9580    0.2170    4.3527  C  0  0  0  0  0
    0.7226   -0.2507    4.7925  C  0  0  0  0  0
    0.3484   -1.6118    4.6879  C  0  0  0  0  0
    1.7295   -4.9103    3.4509  C  0  0  0  0  0
    1.3436   -6.2488    3.3557  C  0  0  0  0  0
    0.0991   -6.6354    3.8151  C  0  0  0  0  0
   -0.7504   -5.6798    4.3667  C  0  0  0  0  0
   -3.7791   -0.5913    6.6619  N  0  0  0  0  0
   -4.9751   -1.0067    7.0950  C  0  0  0  0  0
   -5.4287   -2.2585    7.0458  N  0  0  0  0  0
   -4.5731   -3.1371    6.5063  C  0  0  0  0  0
  1  6  2  0  0  0
  1  2  1  0  0  0
  2 22  1  0  0  0
  2  3  2  0  0  0
  3  4  1  0  0  0
  3 19  1  0  0  0
  4  5  2  0  0  0
  5 14  1  0  0  0
  5  6  2  0  0  0
  6  7  1  0  0  0
  7 18  1  0  0  0
  7  8  2  0  0  0
  8  9  1  0  0  0
  8 15  1  0  0  0
  9 14  2  0  0  0
  9 10  1  0  0  0
 10 11  2  0  0  0
 11 12  1  0  0  0
 12 13  2  0  0  0
 13 14  1  0  0  0
 15 16  2  0  0  0
 16 17  1  0  0  0
 17 18  2  0  0  0
 19 20  2  0  0  0
 20 21  1  0  0  0
 21 22  2  0  0  0
M  END
$$$$
[c]12[c]([c]3[c]([c]4[c]1cccc4)cccc3)n[c]5[c](n2)ncnc5
  -ISIS-

 22 26  0  0  0  0  0  0  0  0  1
    6.6264   -3.1546   -0.1670  C  0  0  0  0  0
    6.3531   -4.4640   -0.2447  N  0  0  0  0  0
    5.3091   -4.8121   -0.9882  C  0  0  0  0  0
    4.5520   -3.9638   -1.6746  N  0  0  0  0  0
    4.8384   -2.6690   -1.5802  C  0  0  0  0  0
    4.0776   -1.8083   -2.2560  N  0  0  0  0  0
    4.3201   -0.4721   -2.1989  C  0  0  0  0  0
    5.3877    0.0214   -1.4242  C  0  0  0  0  0
    6.1698   -0.8451   -0.7375  N  0  0  0  0  0
    5.8885   -2.1740   -0.8213  C  0  0  0  0  0
    5.6368    1.4038   -1.3680  C  0  0  0  0  0
    4.8257    2.3199   -2.0834  C  0  0  0  0  0
    3.7407    1.8206   -2.8708  C  0  0  0  0  0
    3.5062    0.4228   -2.9141  C  0  0  0  0  0
    2.4315   -0.0671   -3.6939  C  0  0  0  0  0
    1.5955    0.7761   -4.4211  C  0  0  0  0  0
    1.8149    2.1400   -4.3862  C  0  0  0  0  0
    2.8680    2.6509   -3.6248  C  0  0  0  0  0
    5.1472    3.6995   -1.9711  C  0  0  0  0  0
    6.2119    4.1630   -1.1955  C  0  0  0  0  0
    6.9960    3.2609   -0.5020  C  0  0  0  0  0
    6.7093    1.9011   -0.5896  C  0  0  0  0  0
  1 10  2  0  0  0
  1  2  1  0  0  0
  2  3  2  0  0  0
  3  4  1  0  0  0
  4  5  2  0  0  0
  5 10  2  0  0  0
  5  6  1  0  0  0
  6  7  2  0  0  0
  7 14  1  0  0  0
  7  8  2  0  0  0
  8  9  2  0  0  0
  8 11  1  0  0  0
  9 10  1  0  0  0
 11 22  1  0  0  0
 11 12  2  0  0  0
 12 13  1  0  0  0
 12 19  1  0  0  0
 13 18  1  0  0  0
 13 14  2  0  0  0
 14 15  1  0  0  0
 15 16  2  0  0  0
 16 17  1  0  0  0
 17 18  2  0  0  0
 19 20  2  0  0  0
 20 21  1  0  0  0
 21 22  2  0  0  0
M  END
$$$$
[c]12[c]([c]3[c]([c]4[c]1cccc4)cccc3)n[c]5[c](n2)ncnc5
  -ISIS-

 22 26  0  0  0  0  0  0  0  0  1
    6.6264   -3.1546   -0.1670  C  0  0  0  0  0
    6.3531   -4.4640   -0.2447  N  0  0  0  0  0
    5.3091   -4.8121   -0.9882  C  0  0  0  0  0
    4.5520   -3.9638   -1.6746  N  0  0  0  0  0
    4.8384   -2.6690   -1.5802  C  0  0  0  0  0
    4.0776   -1.8083   -2.2560  N  0  0  0  0  0
    4.3201   -0.4721   -2.1989  C  0  0  0  0  0
    5.3877    0.0214   -1.4242  C  0  0  0  0  0
    6.1698   -0.8451   -0.7375  N  0  0  0  0  0
    5.8885   -2.1740   -0.8213  C  0  0  0  0  0
    5.6368    1.4038   -1.3680  C  0  0  0  0  0
    4.8257    2.3199   -2.0834  C  0  0  0  0  0
    3.7407    1.8206   -2.8708  C  0  0  0  0  0
    3.5062    0.4228   -2.9141  C  0  0  0  0  0
    2.4315   -0.0671   -3.6939  C  0  0  0  0  0
    1.5955    0.7761   -4.4211  C  0  0  0  0  0
    1.8149    2.1400   -4.3862  C  0  0  0  0  0
    2.8680    2.6509   -3.6248  C  0  0  0  0  0
    5.1472    3.6995   -1.9711  C  0  0  0  0  0
    6.2119    4.1630   -1.1955  C  0  0  0  0  0
    6.9960    3.2609   -0.5020  C  0  0  0  0  0
    6.7093    1.9011   -0.5896  C  0  0  0  0  0
  1 10  2  0  0  0
  1  2  1  0  0  0
  2  3  2  0  0  0
  3  4  1  0  0  0
  4  5  2  0  0  0
  5 10  2  0  0  0
  5  6  1  0  0  0
  6  7  2  0  0  0
  7 14  1  0  0  0
  7  8  2  0  0  0
  8  9  2  0  0  0
  8 11  1  0  0  0
  9 10  1  0  0  0
 11 22  1  0  0  0
 11 12  2  0  0  0
 12 13  1  0  0  0
 12 19  1  0  0  0
 13 18  1  0  0  0
 13 14  2  0  0  0
 14 15  1  0  0  0
 15 16  2  0  0  0
 16 17  1  0  0  0
 17 18  2  0  0  0
 19 20  2  0  0  0
 20 21  1  0  0  0
 21 22  2  0  0  0
M  END
$$$$
[c]12[c]([c]3[c]([c]4[c]1cccc4)cccc3)n[c]5[c](n2)ncnc5
  -ISIS-

 22 26  0  0  0  0  0  0  0  0  1
    7.2184    2.0541   -0.2853  C  0  0  0  0  0
    7.8421    1.0690   -0.9458  N  0  0  0  0  0
    7.6336    1.0236   -2.2631  C  0  0  0  0  0
    6.8677    1.8711   -2.9507  N  0  0  0  0  0
    6.2615    2.8335   -2.2638  C  0  0  0  0  0
    5.4999    3.6859   -2.9461  N  0  0  0  0  0
    4.8524    4.6991   -2.3118  C  0  0  0  0  0
    4.9858    4.8622   -0.9201  C  0  0  0  0  0
    5.7662    4.0051   -0.2217  N  0  0  0  0  0
    6.3886    2.9958   -0.8902  C  0  0  0  0  0
    4.3146    5.9094   -0.2654  C  0  0  0  0  0
    3.5015    6.8180   -0.9879  C  0  0  0  0  0
    3.3665    6.6559   -2.4028  C  0  0  0  0  0
    4.0489    5.5904   -3.0433  C  0  0  0  0  0
    3.9110    5.4329   -4.4431  C  0  0  0  0  0
    3.1286    6.2884   -5.2143  C  0  0  0  0  0
    2.4597    7.3303   -4.6004  C  0  0  0  0  0
    2.5775    7.5092   -3.2206  C  0  0  0  0  0
    2.8610    7.8484   -0.2480  C  0  0  0  0  0
    3.0066    7.9836    1.1342  C  0  0  0  0  0
    3.7998    7.0900    1.8288  C  0  0  0  0  0
    4.4430    6.0684    1.1350  C  0  0  0  0  0
  1 10  2  0  0  0
  1  2  1  0  0  0
  2  3  2  0  0  0
  3  4  1  0  0  0
  4  5  2  0  0  0
  5 10  2  0  0  0
  5  6  1  0  0  0
  6  7  2  0  0  0
  7 14  1  0  0  0
  7  8  2  0  0  0
  8  9  2  0  0  0
  8 11  1  0  0  0
  9 10  1  0  0  0
 11 22  1  0  0  0
 11 12  2  0  0  0
 12 13  1  0  0  0
 12 19  1  0  0  0
 13 18  1  0  0  0
 13 14  2  0  0  0
 14 15  1  0  0  0
 15 16  2  0  0  0
 16 17  1  0  0  0
 17 18  2  0  0  0
 19 20  2  0  0  0
 20 21  1  0  0  0
 21 22  2  0  0  0
M  END
$$$$
[c]12[c]([c]3[c]([c]4[c]1cccc4)cccc3)n[c]5[c](n2)ncnc5
  -ISIS-

 22 26  0  0  0  0  0  0  0  0  1
    7.2184    2.0541   -0.2853  C  0  0  0  0  0
    7.8421    1.0690   -0.9458  N  0  0  0  0  0
    7.6336    1.0236   -2.2631  C  0  0  0  0  0
    6.8677    1.8711   -2.9507  N  0  0  0  0  0
    6.2615    2.8335   -2.2638  C  0  0  0  0  0
    5.4999    3.6859   -2.9461  N  0  0  0  0  0
    4.8524    4.6991   -2.3118  C  0  0  0  0  0
    4.9858    4.8622   -0.9201  C  0  0  0  0  0
    5.7662    4.0051   -0.2217  N  0  0  0  0  0
    6.3886    2.9958   -0.8902  C  0  0  0  0  0
    4.3146    5.9094   -0.2654  C  0  0  0  0  0
    3.5015    6.8180   -0.9879  C  0  0  0  0  0
    3.3665    6.6559   -2.4028  C  0  0  0  0  0
    4.0489    5.5904   -3.0433  C  0  0  0  0  0
    3.9110    5.4329   -4.4431  C  0  0  0  0  0
    3.1286    6.2884   -5.2143  C  0  0  0  0  0
    2.4597    7.3303   -4.6004  C  0  0  0  0  0
    2.5775    7.5092   -3.2206  C  0  0  0  0  0
    2.8610    7.8484   -0.2480  C  0  0  0  0  0
    3.0066    7.9836    1.1342  C  0  0  0  0  0
    3.7998    7.0900    1.8288  C  0  0  0  0  0
    4.4430    6.0684    1.1350  C  0  0  0  0  0
  1 10  2  0  0  0
  1  2  1  0  0  0
  2  3  2  0  0  0
  3  4  1  0  0  0
  4  5  2  0  0  0
  5 10  2  0  0  0
  5  6  1  0  0  0
  6  7  2  0  0  0
  7 14  1  0  0  0
  7  8  2  0  0  0
  8  9  2  0  0  0
  8 11  1  0  0  0
  9 10  1  0  0  0
 11 22  1  0  0  0
 11 12  2  0  0  0
 12 13  1  0  0  0
 12 19  1  0  0  0
 13 18  1  0  0  0
 13 14  2  0  0  0
 14 15  1  0  0  0
 15 16  2  0  0  0
 16 17  1  0  0  0
 17 18  2  0  0  0
 19 20  2  0  0  0
 20 21  1  0  0  0
 21 22  2  0  0  0
M  END
$$$$
