[c]12[c](o[c]3[n]1ccc3)cccc2
  -ISIS-

 12 14  0  0  0  0  0  0  0  0  1
   -0.5314    8.2709   -5.6854  C  0  0  0  0  0
   -1.4287    8.1818   -6.7256  C  0  0  0  0  0
   -2.3546    7.1238   -6.3454  C  0  0  0  0  0
   -1.9141    6.6144   -5.1297  C  0  0  0  0  0
   -0.8265    7.3216   -4.7496  N  0  0  0  0  0
    0.0978    7.4115   -3.7266  C  0  0  0  0  0
    0.9494    8.4586   -4.1137  C  0  0  0  0  0
    2.0109    8.8494   -3.3362  C  0  0  0  0  0
    2.2023    8.1512   -2.1380  C  0  0  0  0  0
    1.3396    7.0958   -1.7555  C  0  0  0  0  0
    0.2608    6.7077   -2.5584  C  0  0  0  0  0
    0.5509    8.9841   -5.3363  O  0  0  0  0  0
  1  5  1  0  0  0
  1 12  1  0  0  0
  1  2  2  0  0  0
  2  3  1  0  0  0
  3  4  2  0  0  0
  4  5  1  0  0  0
  5  6  1  0  0  0
  6 11  2  0  0  0
  6  7  1  0  0  0
  7  8  2  0  0  0
  7 12  1  0  0  0
  8  9  1  0  0  0
  9 10  2  0  0  0
 10 11  1  0  0  0
M  END
$$$$
