[c]12[c]3[n](c[c]1[s]cc2)cccc3
  -ISIS-

 12 14  0  0  0  0  0  0  0  0  1
   -3.0778    3.4311   -4.0273  C  0  0  0  0  0
   -3.8083    4.5514   -4.5130  C  0  0  0  0  0
   -5.2426    4.9918   -3.5089  S  0  0  0  0  0
   -4.7185    3.6784   -2.5667  C  0  0  0  0  0
   -5.3358    3.2065   -1.4378  C  0  0  0  0  0
   -4.5603    2.1281   -0.9866  N  0  0  0  0  0
   -4.7374    1.3610    0.1625  C  0  0  0  0  0
   -3.8837    0.3532    0.4101  C  0  0  0  0  0
   -2.8036    0.0898   -0.5291  C  0  0  0  0  0
   -2.6216    0.8396   -1.6338  C  0  0  0  0  0
   -3.5064    1.9206   -1.8977  C  0  0  0  0  0
   -3.6335    2.8896   -2.8343  C  0  0  0  0  0
  1 12  1  0  0  0
  1  2  2  0  0  0
  2  3  1  0  0  0
  3  4  1  0  0  0
  4 12  1  0  0  0
  4  5  2  0  0  0
  5  6  1  0  0  0
  6 11  2  0  0  0
  6  7  1  0  0  0
  7  8  2  0  0  0
  8  9  1  0  0  0
  9 10  2  0  0  0
 10 11  1  0  0  0
 11 12  2  0  0  0
M  END
$$$$
[c]12[c]3[n](c[c]1[s]cc2)cccc3
  -ISIS-

 12 14  0  0  0  0  0  0  0  0  1
   -3.0778    3.4311   -4.0273  C  0  0  0  0  0
   -3.8083    4.5514   -4.5130  C  0  0  0  0  0
   -5.2426    4.9918   -3.5089  S  0  0  0  0  0
   -4.7185    3.6784   -2.5667  C  0  0  0  0  0
   -5.3358    3.2065   -1.4378  C  0  0  0  0  0
   -4.5603    2.1281   -0.9866  N  0  0  0  0  0
   -4.7374    1.3610    0.1625  C  0  0  0  0  0
   -3.8837    0.3532    0.4101  C  0  0  0  0  0
   -2.8036    0.0898   -0.5291  C  0  0  0  0  0
   -2.6216    0.8396   -1.6338  C  0  0  0  0  0
   -3.5064    1.9206   -1.8977  C  0  0  0  0  0
   -3.6335    2.8896   -2.8343  C  0  0  0  0  0
  1 12  1  0  0  0
  1  2  2  0  0  0
  2  3  1  0  0  0
  3  4  1  0  0  0
  4 12  1  0  0  0
  4  5  2  0  0  0
  5  6  1  0  0  0
  6 11  2  0  0  0
  6  7  1  0  0  0
  7  8  2  0  0  0
  8  9  1  0  0  0
  9 10  2  0  0  0
 10 11  1  0  0  0
 11 12  2  0  0  0
M  END
$$$$
[c]12[c]3[n](c[c]1[s]cc2)cccc3
  -ISIS-

 12 14  0  0  0  0  0  0  0  0  1
   -3.0778    3.4311   -4.0273  C  0  0  0  0  0
   -3.8083    4.5514   -4.5130  C  0  0  0  0  0
   -5.2426    4.9918   -3.5089  S  0  0  0  0  0
   -4.7185    3.6784   -2.5667  C  0  0  0  0  0
   -5.3358    3.2065   -1.4378  C  0  0  0  0  0
   -4.5603    2.1281   -0.9866  N  0  0  0  0  0
   -4.7374    1.3610    0.1625  C  0  0  0  0  0
   -3.8837    0.3532    0.4101  C  0  0  0  0  0
   -2.8036    0.0898   -0.5291  C  0  0  0  0  0
   -2.6216    0.8396   -1.6338  C  0  0  0  0  0
   -3.5064    1.9206   -1.8977  C  0  0  0  0  0
   -3.6335    2.8896   -2.8343  C  0  0  0  0  0
  1 12  1  0  0  0
  1  2  2  0  0  0
  2  3  1  0  0  0
  3  4  1  0  0  0
  4 12  1  0  0  0
  4  5  2  0  0  0
  5  6  1  0  0  0
  6 11  2  0  0  0
  6  7  1  0  0  0
  7  8  2  0  0  0
  8  9  1  0  0  0
  9 10  2  0  0  0
 10 11  1  0  0  0
 11 12  2  0  0  0
M  END
$$$$
[c]12[c]3[n](c[c]1[s]cc2)cccc3
  -ISIS-

 12 14  0  0  0  0  0  0  0  0  1
   -4.9184   -7.4263    3.0089  C  0  0  0  0  0
   -4.8962   -7.0749    1.7109  C  0  0  0  0  0
   -3.6748   -6.8399    1.0858  N  0  0  0  0  0
   -3.4337   -6.4728   -0.2537  C  0  0  0  0  0
   -2.0683   -6.4534   -0.4005  C  0  0  0  0  0
   -1.4922   -6.7520    0.8035  C  0  0  0  0  0
   -2.4370   -6.9909    1.7433  C  0  0  0  0  0
   -2.4434   -7.3468    3.1345  C  0  0  0  0  0
   -3.6485   -7.5487    3.7199  C  0  0  0  0  0
   -0.0945   -6.6833    0.5590  C  0  0  0  0  0
    0.2142   -6.3382   -0.7830  C  0  0  0  0  0
   -1.2193   -6.0725   -1.8280  S  0  0  0  0  0
  1  9  1  0  0  0
  1  2  2  0  0  0
  2  3  1  0  0  0
  3  7  2  0  0  0
  3  4  1  0  0  0
  4  5  2  0  0  0
  5 12  1  0  0  0
  5  6  1  0  0  0
  6  7  2  0  0  0
  6 10  1  0  0  0
  7  8  1  0  0  0
  8  9  2  0  0  0
 10 11  2  0  0  0
 11 12  1  0  0  0
M  END
$$$$
[c]12[c]3[n](c[c]1[s]cc2)cccc3
  -ISIS-

 12 14  0  0  0  0  0  0  0  0  1
   -4.9184   -7.4263    3.0089  C  0  0  0  0  0
   -4.8962   -7.0749    1.7109  C  0  0  0  0  0
   -3.6748   -6.8399    1.0858  N  0  0  0  0  0
   -3.4337   -6.4728   -0.2537  C  0  0  0  0  0
   -2.0683   -6.4534   -0.4005  C  0  0  0  0  0
   -1.4922   -6.7520    0.8035  C  0  0  0  0  0
   -2.4370   -6.9909    1.7433  C  0  0  0  0  0
   -2.4434   -7.3468    3.1345  C  0  0  0  0  0
   -3.6485   -7.5487    3.7199  C  0  0  0  0  0
   -0.0945   -6.6833    0.5590  C  0  0  0  0  0
    0.2142   -6.3382   -0.7830  C  0  0  0  0  0
   -1.2193   -6.0725   -1.8280  S  0  0  0  0  0
  1  9  1  0  0  0
  1  2  2  0  0  0
  2  3  1  0  0  0
  3  7  2  0  0  0
  3  4  1  0  0  0
  4  5  2  0  0  0
  5 12  1  0  0  0
  5  6  1  0  0  0
  6  7  2  0  0  0
  6 10  1  0  0  0
  7  8  1  0  0  0
  8  9  2  0  0  0
 10 11  2  0  0  0
 11 12  1  0  0  0
M  END
$$$$
[c]12[c]3[n](c[c]1[s]cc2)cccc3
  -ISIS-

 12 14  0  0  0  0  0  0  0  0  1
   -4.9184   -7.4263    3.0089  C  0  0  0  0  0
   -4.8962   -7.0749    1.7109  C  0  0  0  0  0
   -3.6748   -6.8399    1.0858  N  0  0  0  0  0
   -3.4337   -6.4728   -0.2537  C  0  0  0  0  0
   -2.0683   -6.4534   -0.4005  C  0  0  0  0  0
   -1.4922   -6.7520    0.8035  C  0  0  0  0  0
   -2.4370   -6.9909    1.7433  C  0  0  0  0  0
   -2.4434   -7.3468    3.1345  C  0  0  0  0  0
   -3.6485   -7.5487    3.7199  C  0  0  0  0  0
   -0.0945   -6.6833    0.5590  C  0  0  0  0  0
    0.2142   -6.3382   -0.7830  C  0  0  0  0  0
   -1.2193   -6.0725   -1.8280  S  0  0  0  0  0
  1  9  1  0  0  0
  1  2  2  0  0  0
  2  3  1  0  0  0
  3  7  2  0  0  0
  3  4  1  0  0  0
  4  5  2  0  0  0
  5 12  1  0  0  0
  5  6  1  0  0  0
  6  7  2  0  0  0
  6 10  1  0  0  0
  7  8  1  0  0  0
  8  9  2  0  0  0
 10 11  2  0  0  0
 11 12  1  0  0  0
M  END
$$$$
[c]12[c]3[n](c[c]1[s]cc2)cccc3
  -ISIS-

 12 14  0  0  0  0  0  0  0  0  1
   -4.9184   -7.4263    3.0089  C  0  0  0  0  0
   -4.8962   -7.0749    1.7109  C  0  0  0  0  0
   -3.6748   -6.8399    1.0858  N  0  0  0  0  0
   -3.4337   -6.4728   -0.2537  C  0  0  0  0  0
   -2.0683   -6.4534   -0.4005  C  0  0  0  0  0
   -1.4922   -6.7520    0.8035  C  0  0  0  0  0
   -2.4370   -6.9909    1.7433  C  0  0  0  0  0
   -2.4434   -7.3468    3.1345  C  0  0  0  0  0
   -3.6485   -7.5487    3.7199  C  0  0  0  0  0
   -0.0945   -6.6833    0.5590  C  0  0  0  0  0
    0.2142   -6.3382   -0.7830  C  0  0  0  0  0
   -1.2193   -6.0725   -1.8280  S  0  0  0  0  0
  1  9  1  0  0  0
  1  2  2  0  0  0
  2  3  1  0  0  0
  3  7  2  0  0  0
  3  4  1  0  0  0
  4  5  2  0  0  0
  5 12  1  0  0  0
  5  6  1  0  0  0
  6  7  2  0  0  0
  6 10  1  0  0  0
  7  8  1  0  0  0
  8  9  2  0  0  0
 10 11  2  0  0  0
 11 12  1  0  0  0
M  END
$$$$
[c]12[c]3[n](c[c]1[s]cc2)cccc3
  -ISIS-

 12 14  0  0  0  0  0  0  0  0  1
   -4.9184   -7.4263    3.0089  C  0  0  0  0  0
   -4.8962   -7.0749    1.7109  C  0  0  0  0  0
   -3.6748   -6.8399    1.0858  N  0  0  0  0  0
   -3.4337   -6.4728   -0.2537  C  0  0  0  0  0
   -2.0683   -6.4534   -0.4005  C  0  0  0  0  0
   -1.4922   -6.7520    0.8035  C  0  0  0  0  0
   -2.4370   -6.9909    1.7433  C  0  0  0  0  0
   -2.4434   -7.3468    3.1345  C  0  0  0  0  0
   -3.6485   -7.5487    3.7199  C  0  0  0  0  0
   -0.0945   -6.6833    0.5590  C  0  0  0  0  0
    0.2142   -6.3382   -0.7830  C  0  0  0  0  0
   -1.2193   -6.0725   -1.8280  S  0  0  0  0  0
  1  9  1  0  0  0
  1  2  2  0  0  0
  2  3  1  0  0  0
  3  7  2  0  0  0
  3  4  1  0  0  0
  4  5  2  0  0  0
  5 12  1  0  0  0
  5  6  1  0  0  0
  6  7  2  0  0  0
  6 10  1  0  0  0
  7  8  1  0  0  0
  8  9  2  0  0  0
 10 11  2  0  0  0
 11 12  1  0  0  0
M  END
$$$$
