[c]12c3S4(c5c(cccc5)CO4)OCc1ccc[c]2ccc3
  -ISIS-

 21 25  0  0  0  0  0  0  0  0  1
   -2.0149   -2.2321    6.9240  C  0  0  0  0  0
   -3.4394   -2.0800    7.4243  C  0  0  0  0  0
   -4.1342   -0.9572    6.8941  O  0  0  0  0  0
   -4.0340   -0.7033    5.3085  S  0  0  0  0  0
   -2.4349   -1.0223    4.7808  C  0  0  0  0  0
   -1.5971   -1.7423    5.6551  C  0  0  0  0  0
   -0.2680   -1.9748    5.2278  C  0  0  0  0  0
    0.1600   -1.4922    3.9777  C  0  0  0  0  0
   -0.7035   -0.7781    3.1444  C  0  0  0  0  0
   -2.0103   -0.5359    3.5470  C  0  0  0  0  0
    0.6127   -2.6846    6.0570  C  0  0  0  0  0
    0.1964   -3.1677    7.2955  C  0  0  0  0  0
   -1.1090   -2.9486    7.7240  C  0  0  0  0  0
   -5.3507   -1.3755    4.4779  C  0  0  0  0  0
   -5.6574   -2.7011    4.2744  C  0  0  0  0  0
   -6.8118   -2.9709    3.5368  C  0  0  0  0  0
   -7.6091   -1.9237    3.0324  C  0  0  0  0  0
   -7.2634   -0.5856    3.2562  C  0  0  0  0  0
   -6.1180   -0.3230    3.9892  C  0  0  0  0  0
   -5.5853    1.0287    4.3178  C  0  0  0  0  0
   -4.4374    0.8471    5.0431  O  0  0  0  0  0
  1  6  2  0  0  0
  1 13  1  0  0  0
  1  2  1  0  0  0
  2  3  1  0  0  0
  3  4  1  0  0  0
  4 21  1  0  0  0
  4  5  1  0  0  0
  4 14  1  0  0  0
  5 10  2  0  0  0
  5  6  1  0  0  0
  6  7  2  0  0  0
  7  8  1  0  0  0
  7 11  2  0  0  0
  8  9  2  0  0  0
  9 10  1  0  0  0
 11 12  1  0  0  0
 12 13  2  0  0  0
 14 19  2  0  0  0
 14 15  1  0  0  0
 15 16  2  0  0  0
 16 17  1  0  0  0
 17 18  2  0  0  0
 18 19  1  0  0  0
 19 20  1  0  0  0
 20 21  1  0  0  0
M  END
$$$$
