[c]12[c]3[c]4[c]([c]1ccc[c]2ccc3)c[s]c4
  -ISIS-

 15 18  0  0  0  0  0  0  0  0  1
   -2.5356   -2.1728   -1.7808  C  0  0  0  0  0
   -3.0409   -0.5306   -2.0032  S  0  0  0  0  0
   -3.0157   -0.1652   -0.3065  C  0  0  0  0  0
   -2.5735   -1.2562    0.3889  C  0  0  0  0  0
   -2.2832   -2.3798   -0.4560  C  0  0  0  0  0
   -1.8213   -3.4663    0.3705  C  0  0  0  0  0
   -1.8346   -2.9766    1.6791  C  0  0  0  0  0
   -1.4454   -3.7298    2.7830  C  0  0  0  0  0
   -1.5126   -3.0765    4.0302  C  0  0  0  0  0
   -1.9507   -1.7355    4.1134  C  0  0  0  0  0
   -2.3335   -1.0124    2.9691  C  0  0  0  0  0
   -2.2760   -1.6485    1.7499  C  0  0  0  0  0
   -1.0293   -5.0517    2.5161  C  0  0  0  0  0
   -1.0155   -5.5500    1.1925  C  0  0  0  0  0
   -1.4129   -4.7548    0.1042  C  0  0  0  0  0
  1  5  2  0  0  0
  1  2  1  0  0  0
  2  3  1  0  0  0
  3  4  2  0  0  0
  4 12  1  0  0  0
  4  5  1  0  0  0
  5  6  1  0  0  0
  6 15  2  0  0  0
  6  7  1  0  0  0
  7 12  1  0  0  0
  7  8  2  0  0  0
  8  9  1  0  0  0
  8 13  1  0  0  0
  9 10  2  0  0  0
 10 11  1  0  0  0
 11 12  2  0  0  0
 13 14  2  0  0  0
 14 15  1  0  0  0
M  END
$$$$
