[c]12[c](cc3[n]1N=CCC3)ccnn2
  -ISIS-

 13 15  0  0  0  0  0  0  0  0  1
   -2.8768   -1.5443    5.6108  C  0  0  0  0  0
   -1.6943   -0.9217    5.8441  N  0  0  0  0  0
   -1.5087    0.3478    5.5099  N  0  0  0  0  0
   -2.5441    0.9891    4.9319  C  0  0  0  0  0
   -3.7829    0.4232    4.6578  C  0  0  0  0  0
   -3.9666   -0.9154    5.0147  C  0  0  0  0  0
   -4.5805    1.4301    4.0553  C  0  0  0  0  0
   -3.8110    2.5732    3.9845  C  0  0  0  0  0
   -2.5596    2.2988    4.4992  N  0  0  0  0  0
   -1.5243    3.1841    4.5805  N  0  0  0  0  0
   -1.6803    4.2861    3.9140  C  0  0  0  0  0
   -2.8467    4.6165    3.0201  C  0  0  0  0  0
   -4.1131    3.9462    3.5176  C  0  0  0  0  0
  1  6  2  0  0  0
  1  2  1  0  0  0
  2  3  2  0  0  0
  3  4  1  0  0  0
  4  9  1  0  0  0
  4  5  2  0  0  0
  5  6  1  0  0  0
  5  7  1  0  0  0
  7  8  2  0  0  0
  8 13  1  0  0  0
  8  9  1  0  0  0
  9 10  1  0  0  0
 10 11  2  0  0  0
 11 12  1  0  0  0
 12 13  1  0  0  0
M  END
$$$$
[c]12[c](cc3[n]1N=CCC3)ccnn2
  -ISIS-

 13 15  0  0  0  0  0  0  0  0  1
   -0.1819   -3.3310   -3.4690  C  0  0  0  0  0
   -0.4602   -2.9814   -2.2549  N  0  0  0  0  0
   -1.4624   -2.0675   -2.1402  N  0  0  0  0  0
   -2.1008   -1.7014   -0.9745  C  0  0  0  0  0
   -3.0604   -0.7453   -1.2824  C  0  0  0  0  0
   -2.9872   -0.5123   -2.6802  C  0  0  0  0  0
   -1.9897   -1.3248   -3.1782  C  0  0  0  0  0
   -1.4216   -1.4835   -4.5380  C  0  0  0  0  0
   -0.9165   -2.9037   -4.7126  C  0  0  0  0  0
   -3.8297   -0.2497   -0.2263  C  0  0  0  0  0
   -3.5498   -0.7745    1.0326  C  0  0  0  0  0
   -2.5936   -1.7116    1.2521  N  0  0  0  0  0
   -1.8578   -2.1887    0.2579  N  0  0  0  0  0
  1  9  1  0  0  0
  1  2  2  0  0  0
  2  3  1  0  0  0
  3  7  2  0  0  0
  3  4  1  0  0  0
  4 13  2  0  0  0
  4  5  1  0  0  0
  5  6  1  0  0  0
  5 10  2  0  0  0
  6  7  2  0  0  0
  7  8  1  0  0  0
  8  9  1  0  0  0
 10 11  1  0  0  0
 11 12  2  0  0  0
 12 13  1  0  0  0
M  END
$$$$
[c]12[c](cc3[n]1N=CCC3)ccnn2
  -ISIS-

 13 15  0  0  0  0  0  0  0  0  1
   -0.1819   -3.3310   -3.4690  C  0  0  0  0  0
   -0.4602   -2.9814   -2.2549  N  0  0  0  0  0
   -1.4624   -2.0675   -2.1402  N  0  0  0  0  0
   -2.1008   -1.7014   -0.9745  C  0  0  0  0  0
   -3.0604   -0.7453   -1.2824  C  0  0  0  0  0
   -2.9872   -0.5123   -2.6802  C  0  0  0  0  0
   -1.9897   -1.3248   -3.1782  C  0  0  0  0  0
   -1.4216   -1.4835   -4.5380  C  0  0  0  0  0
   -0.9165   -2.9037   -4.7126  C  0  0  0  0  0
   -3.8297   -0.2497   -0.2263  C  0  0  0  0  0
   -3.5498   -0.7745    1.0326  C  0  0  0  0  0
   -2.5936   -1.7116    1.2521  N  0  0  0  0  0
   -1.8578   -2.1887    0.2579  N  0  0  0  0  0
  1  9  1  0  0  0
  1  2  2  0  0  0
  2  3  1  0  0  0
  3  7  2  0  0  0
  3  4  1  0  0  0
  4 13  2  0  0  0
  4  5  1  0  0  0
  5  6  1  0  0  0
  5 10  2  0  0  0
  6  7  2  0  0  0
  7  8  1  0  0  0
  8  9  1  0  0  0
 10 11  1  0  0  0
 11 12  2  0  0  0
 12 13  1  0  0  0
M  END
$$$$
