[c]12[c]3[c](nnc3)cc[c]1cco2
  -ISIS-

 12 14  0  0  0  0  0  0  0  0  1
   -1.4050    6.9529   -0.7748  C  0  0  0  0  0
   -1.9628    6.9440   -2.0696  C  0  0  0  0  0
   -3.2744    7.2131   -1.9657  N  0  0  0  0  0
   -3.5174    7.4737   -0.6383  N  0  0  0  0  0
   -2.4029    7.2129    0.1475  C  0  0  0  0  0
   -2.0742    7.1183    1.5140  C  0  0  0  0  0
   -0.7273    6.8615    1.9002  C  0  0  0  0  0
    0.2809    6.6746    0.9262  C  0  0  0  0  0
    1.6897    6.4137    0.8874  C  0  0  0  0  0
    2.0077    6.3329   -0.4686  C  0  0  0  0  0
    0.8869    6.5213   -1.2314  O  0  0  0  0  0
   -0.1102    6.7188   -0.3928  C  0  0  0  0  0
  1  5  2  0  0  0
  1 12  1  0  0  0
  1  2  1  0  0  0
  2  3  2  0  0  0
  3  4  1  0  0  0
  4  5  1  0  0  0
  5  6  1  0  0  0
  6  7  2  0  0  0
  7  8  1  0  0  0
  8 12  2  0  0  0
  8  9  1  0  0  0
  9 10  2  0  0  0
 10 11  1  0  0  0
 11 12  1  0  0  0
M  END
$$$$
