[c]12c3C4c5c(C(c1ccc[c]2ccc3)O4)cccc5
  -ISIS-

 19 23  0  0  0  0  0  0  0  0  1
   -6.2284   -4.0421    2.6491  C  0  0  0  0  0
   -7.5561   -4.4692    2.5798  C  0  0  0  0  0
   -8.4339   -4.2065    3.6660  C  0  0  0  0  0
   -9.7939   -4.5980    3.5863  C  0  0  0  0  0
  -10.6703   -4.3320    4.6418  C  0  0  0  0  0
  -10.1987   -3.6879    5.7840  C  0  0  0  0  0
   -8.8584   -3.2988    5.8736  C  0  0  0  0  0
   -7.9639   -3.5464    4.8194  C  0  0  0  0  0
   -6.6192   -3.1503    4.8718  C  0  0  0  0  0
   -5.7617   -3.3922    3.7937  C  0  0  0  0  0
  -10.2538   -5.2771    2.3106  C  0  0  0  0  0
  -10.3281   -4.3465    1.1387  C  0  0  0  0  0
  -11.3763   -3.5961    0.6418  C  0  0  0  0  0
  -11.1235   -2.7769   -0.4616  C  0  0  0  0  0
   -9.8401   -2.7136   -1.0355  C  0  0  0  0  0
   -8.7853   -3.4684   -0.5169  C  0  0  0  0  0
   -9.0508   -4.2832    0.5668  C  0  0  0  0  0
   -8.1487   -5.1697    1.3712  C  0  0  0  0  0
   -9.1323   -6.1144    1.9019  O  0  0  0  0  0
  1 10  2  0  0  0
  1  2  1  0  0  0
  2 18  1  0  0  0
  2  3  2  0  0  0
  3  8  2  0  0  0
  3  4  1  0  0  0
  4  5  2  0  0  0
  4 11  1  0  0  0
  5  6  1  0  0  0
  6  7  2  0  0  0
  7  8  1  0  0  0
  8  9  2  0  0  0
  9 10  1  0  0  0
 11 19  1  0  0  0
 11 12  1  0  0  0
 12 17  2  0  0  0
 12 13  1  0  0  0
 13 14  2  0  0  0
 14 15  1  0  0  0
 15 16  2  0  0  0
 16 17  1  0  0  0
 17 18  1  0  0  0
 18 19  1  0  0  0
M  END
$$$$
