[c]12[c]3[c](cc[c]1[n]4[c](nc2)ccn4)cccc3
  -ISIS-

 17 20  0  0  0  0  0  0  0  0  1
    3.9869   -0.5455   -1.9871  C  0  0  0  0  0
    2.7780   -0.3573   -2.6242  C  0  0  0  0  0
    1.8161   -0.9991   -1.8231  C  0  0  0  0  0
    2.3458   -1.5705   -0.7357  N  0  0  0  0  0
    3.6626   -1.2811   -0.8590  N  0  0  0  0  0
    4.6271   -1.6911    0.0779  C  0  0  0  0  0
    5.9536   -1.3215   -0.1761  C  0  0  0  0  0
    6.9916   -1.6940    0.7177  C  0  0  0  0  0
    6.6318   -2.4486    1.8673  C  0  0  0  0  0
    5.2897   -2.8040    2.0937  C  0  0  0  0  0
    4.2842   -2.4300    1.2056  C  0  0  0  0  0
    7.6185   -2.8440    2.7852  C  0  0  0  0  0
    8.9574   -2.5098    2.5924  C  0  0  0  0  0
    9.3289   -1.7738    1.4764  C  0  0  0  0  0
    8.3617   -1.3711    0.5519  C  0  0  0  0  0
    6.1910   -0.5349   -1.4109  C  0  0  0  0  0
    5.2720   -0.1729   -2.2558  N  0  0  0  0  0
  1  5  2  0  0  0
  1 17  1  0  0  0
  1  2  2  0  0  0
  2  3  1  0  0  0
  3  4  2  0  0  0
  4  5  1  0  0  0
  5  6  1  0  0  0
  6 11  2  0  0  0
  6  7  2  0  0  0
  7  8  2  0  0  0
  7 16  1  0  0  0
  8 15  1  0  0  0
  8  9  2  0  0  0
  9 10  2  0  0  0
  9 12  1  0  0  0
 10 11  1  0  0  0
 12 13  2  0  0  0
 13 14  1  0  0  0
 14 15  2  0  0  0
 16 17  2  0  0  0
M  END
$$$$
