[c]12[c]3[c](nccc3)cn[n]1ccn2
  -ISIS-

 13 15  0  0  0  0  0  0  0  0  1
   -2.8214   -0.4432    1.7833  C  0  0  0  0  0
   -2.8175   -1.1261    2.8980  N  0  0  0  0  0
   -3.9715   -1.7942    3.1613  N  0  0  0  0  0
   -4.2166   -2.5743    4.2548  C  0  0  0  0  0
   -5.5018   -3.0384    4.0931  C  0  0  0  0  0
   -6.0550   -2.5654    2.9280  N  0  0  0  0  0
   -5.1142   -1.8197    2.3868  C  0  0  0  0  0
   -5.1245   -1.0681    1.1557  C  0  0  0  0  0
   -3.9734   -0.3609    0.8262  C  0  0  0  0  0
   -3.8331    0.3891   -0.2949  N  0  0  0  0  0
   -4.9028    0.4268   -1.1208  C  0  0  0  0  0
   -6.0942   -0.2458   -0.8772  C  0  0  0  0  0
   -6.2066   -1.0081    0.2842  C  0  0  0  0  0
  1  9  1  0  0  0
  1  2  2  0  0  0
  2  3  1  0  0  0
  3  7  1  0  0  0
  3  4  1  0  0  0
  4  5  2  0  0  0
  5  6  1  0  0  0
  6  7  2  0  0  0
  7  8  1  0  0  0
  8 13  2  0  0  0
  8  9  2  0  0  0
  9 10  2  0  0  0
 10 11  1  0  0  0
 11 12  2  0  0  0
 12 13  1  0  0  0
M  END
$$$$
