[c]12[c](cnn1)cc[c]3nnn[n]23
  -ISIS-

 12 14  0  0  0  0  0  0  0  0  1
    2.8818   -3.8170   -3.9012  C  0  0  0  0  0
    3.5415   -3.7629   -2.6954  C  0  0  0  0  0
    3.3325   -4.7796   -1.7108  C  0  0  0  0  0
    2.5303   -5.8385   -1.9778  C  0  0  0  0  0
    1.9052   -5.9475   -3.2537  C  0  0  0  0  0
    2.1105   -4.9204   -4.1623  N  0  0  0  0  0
    1.5382   -5.2322   -5.3255  N  0  0  0  0  0
    0.9267   -6.3927   -5.1156  N  0  0  0  0  0
    1.1449   -6.8515   -3.8337  N  0  0  0  0  0
    4.3793   -2.6462   -2.7860  C  0  0  0  0  0
    4.2504   -2.0512   -3.9807  N  0  0  0  0  0
    3.2319   -2.7098   -4.6289  N  0  0  0  0  0
  1  6  1  0  0  0
  1 12  1  0  0  0
  1  2  2  0  0  0
  2  3  1  0  0  0
  2 10  1  0  0  0
  3  4  2  0  0  0
  4  5  1  0  0  0
  5  9  2  0  0  0
  5  6  2  0  0  0
  6  7  1  0  0  0
  7  8  2  0  0  0
  8  9  1  0  0  0
 10 11  2  0  0  0
 11 12  1  0  0  0
M  END
$$$$
