[c]12[c](ncc1)ccn2
  -ISIS-

  8  9  0  0  0  0  0  0  0  0  1
    1.1361    5.7212    0.6206  N  0  0  0  0  0
    0.8805    5.0677   -0.5784  C  0  0  0  0  0
    2.0941    4.5948   -1.0778  C  0  0  0  0  0
    3.0788    4.9824   -0.1398  C  0  0  0  0  0
    2.4834    5.6579    0.8737  C  0  0  0  0  0
    3.4718    6.0467    1.8143  C  0  0  0  0  0
    4.6613    5.5654    1.2991  C  0  0  0  0  0
    4.4242    4.9217    0.1111  N  0  0  0  0  0
  1  5  1  0  0  0
  1  2  1  0  0  0
  2  3  2  0  0  0
  3  4  1  0  0  0
  4  8  1  0  0  0
  4  5  2  0  0  0
  5  6  1  0  0  0
  6  7  2  0  0  0
  7  8  1  0  0  0
M  END
$$$$
