[c]12[c]([c]3[c]1cccc3)cccc2
  -ISIS-

 12 14  0  0  0  0  0  0  0  0  1
    0.7278   -3.7358   -2.0423  C  0  0  0  0  0
    1.9831   -3.1811   -2.3641  C  0  0  0  0  0
    2.1917   -1.7773   -2.3638  C  0  0  0  0  0
    1.1606   -0.8936   -2.0300  C  0  0  0  0  0
   -0.0377   -1.4765   -1.7343  C  0  0  0  0  0
   -1.3588   -1.2567   -1.3386  C  0  0  0  0  0
   -1.6098   -2.6212   -1.4050  C  0  0  0  0  0
   -0.2684   -2.8457   -1.7572  C  0  0  0  0  0
   -2.8534   -3.1309   -1.1605  C  0  0  0  0  0
   -3.8390   -2.2056   -0.7652  C  0  0  0  0  0
   -3.5565   -0.8181   -0.6779  C  0  0  0  0  0
   -2.2865   -0.3197   -0.9844  C  0  0  0  0  0
  1  8  2  0  0  0
  1  2  1  0  0  0
  2  3  2  0  0  0
  3  4  1  0  0  0
  4  5  2  0  0  0
  5  8  1  0  0  0
  5  6  1  0  0  0
  6 12  2  0  0  0
  6  7  1  0  0  0
  7  8  1  0  0  0
  7  9  2  0  0  0
  9 10  1  0  0  0
 10 11  2  0  0  0
 11 12  1  0  0  0
M  END
$$$$
[c]12[c]([c]3[c]1cccc3)cccc2
  -ISIS-

 12 14  0  0  0  0  0  0  0  0  1
    0.7278   -3.7358   -2.0423  C  0  0  0  0  0
    1.9831   -3.1811   -2.3641  C  0  0  0  0  0
    2.1917   -1.7773   -2.3638  C  0  0  0  0  0
    1.1606   -0.8936   -2.0300  C  0  0  0  0  0
   -0.0377   -1.4765   -1.7343  C  0  0  0  0  0
   -1.3588   -1.2567   -1.3386  C  0  0  0  0  0
   -1.6098   -2.6212   -1.4050  C  0  0  0  0  0
   -0.2684   -2.8457   -1.7572  C  0  0  0  0  0
   -2.8534   -3.1309   -1.1605  C  0  0  0  0  0
   -3.8390   -2.2056   -0.7652  C  0  0  0  0  0
   -3.5565   -0.8181   -0.6779  C  0  0  0  0  0
   -2.2865   -0.3197   -0.9844  C  0  0  0  0  0
  1  8  2  0  0  0
  1  2  1  0  0  0
  2  3  2  0  0  0
  3  4  1  0  0  0
  4  5  2  0  0  0
  5  8  1  0  0  0
  5  6  1  0  0  0
  6 12  2  0  0  0
  6  7  1  0  0  0
  7  8  1  0  0  0
  7  9  2  0  0  0
  9 10  1  0  0  0
 10 11  2  0  0  0
 11 12  1  0  0  0
M  END
$$$$
