[c]12[c]3[c](nc[c]1cccn2)cccc3
  -ISIS-

 14 16  0  0  0  0  0  0  0  0  1
   -5.4286   -0.2647   -2.0733  N  0  0  0  0  0
   -5.9429    0.5537   -1.1029  C  0  0  0  0  0
   -6.8928    0.0986   -0.1631  C  0  0  0  0  0
   -7.3101   -1.2450   -0.2353  C  0  0  0  0  0
   -6.7695   -2.0726   -1.2333  C  0  0  0  0  0
   -5.8329   -1.5317   -2.1297  C  0  0  0  0  0
   -5.2993   -2.3465   -3.1203  C  0  0  0  0  0
   -5.6643   -3.6883   -3.2518  C  0  0  0  0  0
   -6.5871   -4.2354   -2.3727  C  0  0  0  0  0
   -7.1350   -3.4336   -1.3723  C  0  0  0  0  0
   -8.2254   -1.7469    0.6378  N  0  0  0  0  0
   -8.7416   -0.9383    1.5871  C  0  0  0  0  0
   -8.4005    0.3853    1.7321  C  0  0  0  0  0
   -7.4691    0.9050    0.8462  C  0  0  0  0  0
  1  6  2  0  0  0
  1  2  1  0  0  0
  2  3  2  0  0  0
  3 14  1  0  0  0
  3  4  2  0  0  0
  4  5  2  0  0  0
  4 11  1  0  0  0
  5 10  1  0  0  0
  5  6  2  0  0  0
  6  7  1  0  0  0
  7  8  2  0  0  0
  8  9  1  0  0  0
  9 10  2  0  0  0
 11 12  2  0  0  0
 12 13  1  0  0  0
 13 14  2  0  0  0
M  END
$$$$
