[c]12[c]3[n]([c]4[c](c3)cccc4)[s][c]1cccc2
  -ISIS-

 16 19  0  0  0  0  0  0  0  0  1
   -1.6800   -3.4738    0.7534  N  0  0  0  0  0
   -1.5141   -4.5285   -0.0804  C  0  0  0  0  0
   -1.4212   -4.6298   -1.4738  C  0  0  0  0  0
   -1.2478   -5.9057   -2.0153  C  0  0  0  0  0
   -1.1710   -7.0298   -1.1963  C  0  0  0  0  0
   -1.2659   -6.9110    0.1959  C  0  0  0  0  0
   -1.4416   -5.6380    0.7787  C  0  0  0  0  0
   -1.5744   -5.1729    2.1498  C  0  0  0  0  0
   -1.7220   -3.8027    2.0779  C  0  0  0  0  0
   -1.9015   -2.6442    2.9313  C  0  0  0  0  0
   -1.9889   -1.4592    2.1791  C  0  0  0  0  0
   -1.8461   -1.8246    0.4667  S  0  0  0  0  0
   -2.1619   -0.2088    2.7388  C  0  0  0  0  0
   -2.2509   -0.1519    4.1293  C  0  0  0  0  0
   -2.1660   -1.3252    4.9053  C  0  0  0  0  0
   -1.9904   -2.5818    4.3085  C  0  0  0  0  0
  1 12  1  0  0  0
  1  9  1  0  0  0
  1  2  1  0  0  0
  2  7  2  0  0  0
  2  3  1  0  0  0
  3  4  2  0  0  0
  4  5  1  0  0  0
  5  6  2  0  0  0
  6  7  1  0  0  0
  7  8  1  0  0  0
  8  9  2  0  0  0
  9 10  1  0  0  0
 10 16  2  0  0  0
 10 11  1  0  0  0
 11 12  1  0  0  0
 11 13  2  0  0  0
 13 14  1  0  0  0
 14 15  2  0  0  0
 15 16  1  0  0  0
M  END
$$$$
[c]12[c]3[n]([c]4[c](c3)cccc4)[s][c]1cccc2
  -ISIS-

 16 19  0  0  0  0  0  0  0  0  1
   -1.6800   -3.4738    0.7534  N  0  0  0  0  0
   -1.5141   -4.5285   -0.0804  C  0  0  0  0  0
   -1.4212   -4.6298   -1.4738  C  0  0  0  0  0
   -1.2478   -5.9057   -2.0153  C  0  0  0  0  0
   -1.1710   -7.0298   -1.1963  C  0  0  0  0  0
   -1.2659   -6.9110    0.1959  C  0  0  0  0  0
   -1.4416   -5.6380    0.7787  C  0  0  0  0  0
   -1.5744   -5.1729    2.1498  C  0  0  0  0  0
   -1.7220   -3.8027    2.0779  C  0  0  0  0  0
   -1.9015   -2.6442    2.9313  C  0  0  0  0  0
   -1.9889   -1.4592    2.1791  C  0  0  0  0  0
   -1.8461   -1.8246    0.4667  S  0  0  0  0  0
   -2.1619   -0.2088    2.7388  C  0  0  0  0  0
   -2.2509   -0.1519    4.1293  C  0  0  0  0  0
   -2.1660   -1.3252    4.9053  C  0  0  0  0  0
   -1.9904   -2.5818    4.3085  C  0  0  0  0  0
  1 12  1  0  0  0
  1  9  1  0  0  0
  1  2  1  0  0  0
  2  7  2  0  0  0
  2  3  1  0  0  0
  3  4  2  0  0  0
  4  5  1  0  0  0
  5  6  2  0  0  0
  6  7  1  0  0  0
  7  8  1  0  0  0
  8  9  2  0  0  0
  9 10  1  0  0  0
 10 16  2  0  0  0
 10 11  1  0  0  0
 11 12  1  0  0  0
 11 13  2  0  0  0
 13 14  1  0  0  0
 14 15  2  0  0  0
 15 16  1  0  0  0
M  END
$$$$
