[c]12[n](cc[s]1)ccc2
  -ISIS-

  8  9  0  0  0  0  0  0  0  0  1
    5.4145    3.3124    0.6607  C  0  0  0  0  0
    5.2027    2.2826    1.5334  C  0  0  0  0  0
    6.3904    1.8434    2.0385  N  0  0  0  0  0
    7.4010    2.5895    1.5000  C  0  0  0  0  0
    6.8347    3.5185    0.6312  C  0  0  0  0  0
    6.3076    0.7937    2.9391  C  0  0  0  0  0
    5.0282    0.4182    3.1297  C  0  0  0  0  0
    3.8754    1.3670    2.1877  S  0  0  0  0  0
  1  5  1  0  0  0
  1  2  2  0  0  0
  2  8  1  0  0  0
  2  3  1  0  0  0
  3  4  1  0  0  0
  3  6  1  0  0  0
  4  5  2  0  0  0
  6  7  2  0  0  0
  7  8  1  0  0  0
M  END
$$$$
