[c]12[c](n[c]3[c](n1)cccc3)cnnc2
  -ISIS-

 14 16  0  0  0  0  0  0  0  0  1
   -4.4109   -0.7561    0.7004  C  0  0  0  0  0
   -5.2748   -0.4768    1.6982  N  0  0  0  0  0
   -6.2185    0.4574    1.4849  N  0  0  0  0  0
   -6.2587    1.0729    0.2831  C  0  0  0  0  0
   -5.3931    0.8225   -0.7774  C  0  0  0  0  0
   -4.4175   -0.1491   -0.5448  C  0  0  0  0  0
   -3.5040   -0.4985   -1.4874  N  0  0  0  0  0
   -3.5711    0.1341   -2.6745  C  0  0  0  0  0
   -2.6624   -0.1816   -3.6778  C  0  0  0  0  0
   -2.7026    0.4538   -4.9199  C  0  0  0  0  0
   -3.6681    1.4217   -5.1631  C  0  0  0  0  0
   -4.5847    1.7453   -4.1621  C  0  0  0  0  0
   -4.5525    1.1182   -2.9227  C  0  0  0  0  0
   -5.4518    1.4557   -1.9812  N  0  0  0  0  0
  1  6  2  0  0  0
  1  2  1  0  0  0
  2  3  2  0  0  0
  3  4  1  0  0  0
  4  5  2  0  0  0
  5 14  1  0  0  0
  5  6  2  0  0  0
  6  7  1  0  0  0
  7  8  2  0  0  0
  8 13  2  0  0  0
  8  9  1  0  0  0
  9 10  2  0  0  0
 10 11  1  0  0  0
 11 12  2  0  0  0
 12 13  1  0  0  0
 13 14  2  0  0  0
M  END
$$$$
