[c]12c3C=CNc1ccn[c]2ccc3
  -ISIS-

 13 15  0  0  0  0  0  0  0  0  1
    5.2747    4.2277    0.0972  C  0  0  0  0  0
    3.9463    4.0589    0.5530  C  0  0  0  0  0
    2.9905    5.0227    0.2736  C  0  0  0  0  0
    3.3983    6.1377   -0.4230  C  0  0  0  0  0
    4.6625    6.3387   -0.8565  N  0  0  0  0  0
    5.6145    5.4007   -0.6158  C  0  0  0  0  0
    6.9518    5.5236   -1.0434  C  0  0  0  0  0
    7.8851    4.5084   -0.7601  C  0  0  0  0  0
    7.5449    3.3637   -0.0616  C  0  0  0  0  0
    6.2334    3.2186    0.3714  C  0  0  0  0  0
    5.8280    2.0220    1.1309  C  0  0  0  0  0
    4.5467    1.9252    1.5127  C  0  0  0  0  0
    3.5909    2.8651    1.2175  N  0  0  0  0  0
  1  6  2  0  0  0
  1 10  2  0  0  0
  1  2  1  0  0  0
  2 13  1  0  0  0
  2  3  2  0  0  0
  3  4  1  0  0  0
  4  5  2  0  0  0
  5  6  1  0  0  0
  6  7  1  0  0  0
  7  8  2  0  0  0
  8  9  1  0  0  0
  9 10  2  0  0  0
 10 11  1  0  0  0
 11 12  2  0  0  0
 12 13  1  0  0  0
M  END
$$$$
