[c]12[c]3[c](o[c]1cncc2)cccc3
  -ISIS-

 13 15  0  0  0  0  0  0  0  0  1
   -9.7426   -2.6722   -1.8779  C  0  0  0  0  0
   -9.4171   -4.0370   -1.8636  C  0  0  0  0  0
   -8.2740   -4.5110   -1.2014  C  0  0  0  0  0
   -7.4479   -3.5906   -0.5316  C  0  0  0  0  0
   -7.8044   -2.2467   -0.5531  C  0  0  0  0  0
   -8.9329   -1.7465   -1.2007  C  0  0  0  0  0
   -6.9041   -1.4998    0.1431  O  0  0  0  0  0
   -5.9589   -2.3592    0.6165  C  0  0  0  0  0
   -4.8465   -2.0502    1.3764  C  0  0  0  0  0
   -3.9996   -3.0210    1.7691  N  0  0  0  0  0
   -4.2644   -4.3040    1.4087  C  0  0  0  0  0
   -5.3689   -4.6827    0.6366  C  0  0  0  0  0
   -6.2459   -3.6644    0.2305  C  0  0  0  0  0
  1  6  2  0  0  0
  1  2  1  0  0  0
  2  3  2  0  0  0
  3  4  1  0  0  0
  4 13  1  0  0  0
  4  5  2  0  0  0
  5  6  1  0  0  0
  5  7  1  0  0  0
  7  8  1  0  0  0
  8 13  2  0  0  0
  8  9  1  0  0  0
  9 10  2  0  0  0
 10 11  1  0  0  0
 11 12  2  0  0  0
 12 13  1  0  0  0
M  END
$$$$
[c]12[c]3[c](o[c]1cncc2)cccc3
  -ISIS-

 13 15  0  0  0  0  0  0  0  0  1
   -9.7426   -2.6722   -1.8779  C  0  0  0  0  0
   -9.4171   -4.0370   -1.8636  C  0  0  0  0  0
   -8.2740   -4.5110   -1.2014  C  0  0  0  0  0
   -7.4479   -3.5906   -0.5316  C  0  0  0  0  0
   -7.8044   -2.2467   -0.5531  C  0  0  0  0  0
   -8.9329   -1.7465   -1.2007  C  0  0  0  0  0
   -6.9041   -1.4998    0.1431  O  0  0  0  0  0
   -5.9589   -2.3592    0.6165  C  0  0  0  0  0
   -4.8465   -2.0502    1.3764  C  0  0  0  0  0
   -3.9996   -3.0210    1.7691  N  0  0  0  0  0
   -4.2644   -4.3040    1.4087  C  0  0  0  0  0
   -5.3689   -4.6827    0.6366  C  0  0  0  0  0
   -6.2459   -3.6644    0.2305  C  0  0  0  0  0
  1  6  2  0  0  0
  1  2  1  0  0  0
  2  3  2  0  0  0
  3  4  1  0  0  0
  4 13  1  0  0  0
  4  5  2  0  0  0
  5  6  1  0  0  0
  5  7  1  0  0  0
  7  8  1  0  0  0
  8 13  2  0  0  0
  8  9  1  0  0  0
  9 10  2  0  0  0
 10 11  1  0  0  0
 11 12  2  0  0  0
 12 13  1  0  0  0
M  END
$$$$
[c]12[c]3[c](o[c]1cncc2)cccc3
  -ISIS-

 13 15  0  0  0  0  0  0  0  0  1
   -9.7426   -2.6722   -1.8779  C  0  0  0  0  0
   -9.4171   -4.0370   -1.8636  C  0  0  0  0  0
   -8.2740   -4.5110   -1.2014  C  0  0  0  0  0
   -7.4479   -3.5906   -0.5316  C  0  0  0  0  0
   -7.8044   -2.2467   -0.5531  C  0  0  0  0  0
   -8.9329   -1.7465   -1.2007  C  0  0  0  0  0
   -6.9041   -1.4998    0.1431  O  0  0  0  0  0
   -5.9589   -2.3592    0.6165  C  0  0  0  0  0
   -4.8465   -2.0502    1.3764  C  0  0  0  0  0
   -3.9996   -3.0210    1.7691  N  0  0  0  0  0
   -4.2644   -4.3040    1.4087  C  0  0  0  0  0
   -5.3689   -4.6827    0.6366  C  0  0  0  0  0
   -6.2459   -3.6644    0.2305  C  0  0  0  0  0
  1  6  2  0  0  0
  1  2  1  0  0  0
  2  3  2  0  0  0
  3  4  1  0  0  0
  4 13  1  0  0  0
  4  5  2  0  0  0
  5  6  1  0  0  0
  5  7  1  0  0  0
  7  8  1  0  0  0
  8 13  2  0  0  0
  8  9  1  0  0  0
  9 10  2  0  0  0
 10 11  1  0  0  0
 11 12  2  0  0  0
 12 13  1  0  0  0
M  END
$$$$
