[c]12[c](c[c]3[c](n1)cccc3)cccn2
  -ISIS-

 14 16  0  0  0  0  0  0  0  0  1
   -2.3027   -5.2274    1.1334  C  0  0  0  0  0
   -3.4580   -5.4419    0.5095  N  0  0  0  0  0
   -4.1234   -4.4226   -0.0607  C  0  0  0  0  0
   -3.6560   -3.1267   -0.0134  C  0  0  0  0  0
   -2.4456   -2.8640    0.6391  C  0  0  0  0  0
   -1.7062   -3.9519    1.2244  C  0  0  0  0  0
   -0.4372   -3.9123    1.8953  C  0  0  0  0  0
    0.0831   -5.0750    2.5222  C  0  0  0  0  0
   -0.6301   -6.2703    2.3691  C  0  0  0  0  0
   -1.7733   -6.3163    1.6750  N  0  0  0  0  0
   -0.1332   -7.4422    2.9594  C  0  0  0  0  0
    1.0609   -7.4301    3.6970  C  0  0  0  0  0
    1.7719   -6.2499    3.8496  C  0  0  0  0  0
    1.2881   -5.0838    3.2652  C  0  0  0  0  0
  1 10  2  0  0  0
  1  6  2  0  0  0
  1  2  1  0  0  0
  2  3  2  0  0  0
  3  4  1  0  0  0
  4  5  2  0  0  0
  5  6  1  0  0  0
  6  7  2  0  0  0
  7  8  1  0  0  0
  8 14  1  0  0  0
  8  9  2  0  0  0
  9 10  1  0  0  0
  9 11  1  0  0  0
 11 12  2  0  0  0
 12 13  1  0  0  0
 13 14  2  0  0  0
M  END
$$$$
