[c]12[c]3[c](nc4c(c3)CSCC4)[s][c]1cncn2
  -ISIS-

 17 20  0  0  0  0  0  0  0  0  1
    4.5709   -1.8073   -5.3507  C  0  0  0  0  0
    4.2956   -2.7501   -6.7369  S  0  0  0  0  0
    2.8714   -1.8796   -7.1328  C  0  0  0  0  0
    1.9807   -2.0175   -8.1841  C  0  0  0  0  0
    0.9145   -1.2061   -8.2893  N  0  0  0  0  0
    0.7572   -0.2731   -7.3460  C  0  0  0  0  0
    1.5465   -0.0483   -6.2920  N  0  0  0  0  0
    2.6205   -0.8766   -6.2000  C  0  0  0  0  0
    3.6099   -0.8309   -5.1621  C  0  0  0  0  0
    3.7688   -0.0067   -4.0299  C  0  0  0  0  0
    4.8676   -0.2005   -3.1744  C  0  0  0  0  0
    4.9564    0.6703   -1.9505  C  0  0  0  0  0
    6.5380    0.6855   -1.0818  S  0  0  0  0  0
    6.9510   -1.0972   -1.1829  C  0  0  0  0  0
    6.9964   -1.5047   -2.6630  C  0  0  0  0  0
    5.7562   -1.2337   -3.4822  C  0  0  0  0  0
    5.6350   -2.0437   -4.5629  N  0  0  0  0  0
  1  9  2  0  0  0
  1 17  1  0  0  0
  1  2  1  0  0  0
  2  3  1  0  0  0
  3  8  2  0  0  0
  3  4  1  0  0  0
  4  5  2  0  0  0
  5  6  1  0  0  0
  6  7  2  0  0  0
  7  8  1  0  0  0
  8  9  1  0  0  0
  9 10  1  0  0  0
 10 11  2  0  0  0
 11 16  1  0  0  0
 11 12  1  0  0  0
 12 13  1  0  0  0
 13 14  1  0  0  0
 14 15  1  0  0  0
 15 16  1  0  0  0
 16 17  2  0  0  0
M  END
$$$$
[c]12[c]3[c](nc4c(c3)CSCC4)[s][c]1cncn2
  -ISIS-

 17 20  0  0  0  0  0  0  0  0  1
    4.5709   -1.8073   -5.3507  C  0  0  0  0  0
    4.2956   -2.7501   -6.7369  S  0  0  0  0  0
    2.8714   -1.8796   -7.1328  C  0  0  0  0  0
    1.9807   -2.0175   -8.1841  C  0  0  0  0  0
    0.9145   -1.2061   -8.2893  N  0  0  0  0  0
    0.7572   -0.2731   -7.3460  C  0  0  0  0  0
    1.5465   -0.0483   -6.2920  N  0  0  0  0  0
    2.6205   -0.8766   -6.2000  C  0  0  0  0  0
    3.6099   -0.8309   -5.1621  C  0  0  0  0  0
    3.7688   -0.0067   -4.0299  C  0  0  0  0  0
    4.8676   -0.2005   -3.1744  C  0  0  0  0  0
    4.9564    0.6703   -1.9505  C  0  0  0  0  0
    6.5380    0.6855   -1.0818  S  0  0  0  0  0
    6.9510   -1.0972   -1.1829  C  0  0  0  0  0
    6.9964   -1.5047   -2.6630  C  0  0  0  0  0
    5.7562   -1.2337   -3.4822  C  0  0  0  0  0
    5.6350   -2.0437   -4.5629  N  0  0  0  0  0
  1  9  2  0  0  0
  1 17  1  0  0  0
  1  2  1  0  0  0
  2  3  1  0  0  0
  3  8  2  0  0  0
  3  4  1  0  0  0
  4  5  2  0  0  0
  5  6  1  0  0  0
  6  7  2  0  0  0
  7  8  1  0  0  0
  8  9  1  0  0  0
  9 10  1  0  0  0
 10 11  2  0  0  0
 11 16  1  0  0  0
 11 12  1  0  0  0
 12 13  1  0  0  0
 13 14  1  0  0  0
 14 15  1  0  0  0
 15 16  1  0  0  0
 16 17  2  0  0  0
M  END
$$$$
[c]12[c]3[c](nc4c(c3)CSCC4)[s][c]1cncn2
  -ISIS-

 17 20  0  0  0  0  0  0  0  0  1
   -4.6051    0.7891   -2.3020  C  0  0  0  0  0
   -3.8965    0.0706   -0.9353  S  0  0  0  0  0
   -3.1502   -1.1579   -1.8794  C  0  0  0  0  0
   -2.3299   -2.2187   -1.4724  C  0  0  0  0  0
   -1.8668   -3.0511   -2.4300  N  0  0  0  0  0
   -2.2124   -2.8307   -3.7062  C  0  0  0  0  0
   -2.9815   -1.8494   -4.1822  N  0  0  0  0  0
   -3.4521   -1.0037   -3.2290  C  0  0  0  0  0
   -4.2979    0.1286   -3.4812  C  0  0  0  0  0
   -4.8474    0.6587   -4.6689  C  0  0  0  0  0
   -5.6453    1.8038   -4.5908  C  0  0  0  0  0
   -6.2916    2.3966   -5.8064  C  0  0  0  0  0
   -6.0482    4.1929   -5.9491  S  0  0  0  0  0
   -6.2426    4.7299   -4.1837  C  0  0  0  0  0
   -6.7313    3.6039   -3.2493  C  0  0  0  0  0
   -5.8743    2.3645   -3.3349  C  0  0  0  0  0
   -5.3750    1.8886   -2.1731  N  0  0  0  0  0
  1  9  2  0  0  0
  1 17  1  0  0  0
  1  2  1  0  0  0
  2  3  1  0  0  0
  3  8  2  0  0  0
  3  4  1  0  0  0
  4  5  2  0  0  0
  5  6  1  0  0  0
  6  7  2  0  0  0
  7  8  1  0  0  0
  8  9  1  0  0  0
  9 10  1  0  0  0
 10 11  2  0  0  0
 11 16  1  0  0  0
 11 12  1  0  0  0
 12 13  1  0  0  0
 13 14  1  0  0  0
 14 15  1  0  0  0
 15 16  1  0  0  0
 16 17  2  0  0  0
M  END
$$$$
[c]12[c]3[c](nc4c(c3)CSCC4)[s][c]1cncn2
  -ISIS-

 17 20  0  0  0  0  0  0  0  0  1
   -4.6051    0.7891   -2.3020  C  0  0  0  0  0
   -3.8965    0.0706   -0.9353  S  0  0  0  0  0
   -3.1502   -1.1579   -1.8794  C  0  0  0  0  0
   -2.3299   -2.2187   -1.4724  C  0  0  0  0  0
   -1.8668   -3.0511   -2.4300  N  0  0  0  0  0
   -2.2124   -2.8307   -3.7062  C  0  0  0  0  0
   -2.9815   -1.8494   -4.1822  N  0  0  0  0  0
   -3.4521   -1.0037   -3.2290  C  0  0  0  0  0
   -4.2979    0.1286   -3.4812  C  0  0  0  0  0
   -4.8474    0.6587   -4.6689  C  0  0  0  0  0
   -5.6453    1.8038   -4.5908  C  0  0  0  0  0
   -6.2916    2.3966   -5.8064  C  0  0  0  0  0
   -6.0482    4.1929   -5.9491  S  0  0  0  0  0
   -6.2426    4.7299   -4.1837  C  0  0  0  0  0
   -6.7313    3.6039   -3.2493  C  0  0  0  0  0
   -5.8743    2.3645   -3.3349  C  0  0  0  0  0
   -5.3750    1.8886   -2.1731  N  0  0  0  0  0
  1  9  2  0  0  0
  1 17  1  0  0  0
  1  2  1  0  0  0
  2  3  1  0  0  0
  3  8  2  0  0  0
  3  4  1  0  0  0
  4  5  2  0  0  0
  5  6  1  0  0  0
  6  7  2  0  0  0
  7  8  1  0  0  0
  8  9  1  0  0  0
  9 10  1  0  0  0
 10 11  2  0  0  0
 11 16  1  0  0  0
 11 12  1  0  0  0
 12 13  1  0  0  0
 13 14  1  0  0  0
 14 15  1  0  0  0
 15 16  1  0  0  0
 16 17  2  0  0  0
M  END
$$$$
[c]12[c]3[c](nc4c(c3)CSCC4)[s][c]1cncn2
  -ISIS-

 17 20  0  0  0  0  0  0  0  0  1
   -2.6663    0.2751   -0.7392  C  0  0  0  0  0
   -3.0968    0.9169   -2.2520  S  0  0  0  0  0
   -1.9804   -0.0963   -3.0794  C  0  0  0  0  0
   -1.7078   -0.1866   -4.4511  C  0  0  0  0  0
   -0.7723   -1.0779   -4.8428  N  0  0  0  0  0
   -0.1538   -1.8217   -3.9154  C  0  0  0  0  0
   -0.3508   -1.8048   -2.5955  N  0  0  0  0  0
   -1.2910   -0.9129   -2.1884  C  0  0  0  0  0
   -1.6869   -0.7020   -0.8247  C  0  0  0  0  0
   -1.2673   -1.2898    0.3886  C  0  0  0  0  0
   -1.8601   -0.8692    1.5826  C  0  0  0  0  0
   -1.4362   -1.4231    2.9094  C  0  0  0  0  0
   -2.8323   -1.9478    3.9498  S  0  0  0  0  0
   -4.0583   -0.5929    3.6268  C  0  0  0  0  0
   -3.4779    0.5793    2.8089  C  0  0  0  0  0
   -2.8336    0.1271    1.5212  C  0  0  0  0  0
   -3.2614    0.7212    0.3855  N  0  0  0  0  0
  1  9  2  0  0  0
  1 17  1  0  0  0
  1  2  1  0  0  0
  2  3  1  0  0  0
  3  8  2  0  0  0
  3  4  1  0  0  0
  4  5  2  0  0  0
  5  6  1  0  0  0
  6  7  2  0  0  0
  7  8  1  0  0  0
  8  9  1  0  0  0
  9 10  1  0  0  0
 10 11  2  0  0  0
 11 16  1  0  0  0
 11 12  1  0  0  0
 12 13  1  0  0  0
 13 14  1  0  0  0
 14 15  1  0  0  0
 15 16  1  0  0  0
 16 17  2  0  0  0
M  END
$$$$
[c]12[c]3[c](nc4c(c3)CSCC4)[s][c]1cncn2
  -ISIS-

 17 20  0  0  0  0  0  0  0  0  1
   -2.6663    0.2751   -0.7392  C  0  0  0  0  0
   -3.0968    0.9169   -2.2520  S  0  0  0  0  0
   -1.9804   -0.0963   -3.0794  C  0  0  0  0  0
   -1.7078   -0.1866   -4.4511  C  0  0  0  0  0
   -0.7723   -1.0779   -4.8428  N  0  0  0  0  0
   -0.1538   -1.8217   -3.9154  C  0  0  0  0  0
   -0.3508   -1.8048   -2.5955  N  0  0  0  0  0
   -1.2910   -0.9129   -2.1884  C  0  0  0  0  0
   -1.6869   -0.7020   -0.8247  C  0  0  0  0  0
   -1.2673   -1.2898    0.3886  C  0  0  0  0  0
   -1.8601   -0.8692    1.5826  C  0  0  0  0  0
   -1.4362   -1.4231    2.9094  C  0  0  0  0  0
   -2.8323   -1.9478    3.9498  S  0  0  0  0  0
   -4.0583   -0.5929    3.6268  C  0  0  0  0  0
   -3.4779    0.5793    2.8089  C  0  0  0  0  0
   -2.8336    0.1271    1.5212  C  0  0  0  0  0
   -3.2614    0.7212    0.3855  N  0  0  0  0  0
  1  9  2  0  0  0
  1 17  1  0  0  0
  1  2  1  0  0  0
  2  3  1  0  0  0
  3  8  2  0  0  0
  3  4  1  0  0  0
  4  5  2  0  0  0
  5  6  1  0  0  0
  6  7  2  0  0  0
  7  8  1  0  0  0
  8  9  1  0  0  0
  9 10  1  0  0  0
 10 11  2  0  0  0
 11 16  1  0  0  0
 11 12  1  0  0  0
 12 13  1  0  0  0
 13 14  1  0  0  0
 14 15  1  0  0  0
 15 16  1  0  0  0
 16 17  2  0  0  0
M  END
$$$$
[c]12[c]3[c](nc4c(c3)CSCC4)[s][c]1cncn2
  -ISIS-

 17 20  0  0  0  0  0  0  0  0  1
    0.4437   -1.1684    3.8019  C  0  0  0  0  0
   -0.5479   -1.4218    5.1584  S  0  0  0  0  0
    0.7905   -1.4006    6.2308  C  0  0  0  0  0
    0.8586   -1.5449    7.6064  C  0  0  0  0  0
    2.0407   -1.4905    8.2432  N  0  0  0  0  0
    3.1316   -1.2937    7.4973  C  0  0  0  0  0
    3.1871   -1.1410    6.1716  N  0  0  0  0  0
    1.9838   -1.1993    5.5418  C  0  0  0  0  0
    1.7877   -1.0650    4.1262  C  0  0  0  0  0
    2.6853   -0.8521    3.0576  C  0  0  0  0  0
    2.1785   -0.7709    1.7572  C  0  0  0  0  0
    3.0694   -0.5102    0.5800  C  0  0  0  0  0
    2.7895   -1.6573   -0.8023  S  0  0  0  0  0
    0.9392   -1.7983   -0.7917  C  0  0  0  0  0
    0.2530   -0.8084    0.1723  C  0  0  0  0  0
    0.8011   -0.8895    1.5764  C  0  0  0  0  0
   -0.0943   -1.0859    2.5690  N  0  0  0  0  0
  1  9  2  0  0  0
  1 17  1  0  0  0
  1  2  1  0  0  0
  2  3  1  0  0  0
  3  8  2  0  0  0
  3  4  1  0  0  0
  4  5  2  0  0  0
  5  6  1  0  0  0
  6  7  2  0  0  0
  7  8  1  0  0  0
  8  9  1  0  0  0
  9 10  1  0  0  0
 10 11  2  0  0  0
 11 16  2  0  0  0
 11 12  1  0  0  0
 12 13  1  0  0  0
 13 14  1  0  0  0
 14 15  1  0  0  0
 15 16  1  0  0  0
 16 17  2  0  0  0
M  END
$$$$
[c]12[c]3[c](nc4c(c3)CSCC4)[s][c]1cncn2
  -ISIS-

 17 20  0  0  0  0  0  0  0  0  1
    0.4437   -1.1684    3.8019  C  0  0  0  0  0
   -0.5479   -1.4218    5.1584  S  0  0  0  0  0
    0.7905   -1.4006    6.2308  C  0  0  0  0  0
    0.8586   -1.5449    7.6064  C  0  0  0  0  0
    2.0407   -1.4905    8.2432  N  0  0  0  0  0
    3.1316   -1.2937    7.4973  C  0  0  0  0  0
    3.1871   -1.1410    6.1716  N  0  0  0  0  0
    1.9838   -1.1993    5.5418  C  0  0  0  0  0
    1.7877   -1.0650    4.1262  C  0  0  0  0  0
    2.6853   -0.8521    3.0576  C  0  0  0  0  0
    2.1785   -0.7709    1.7572  C  0  0  0  0  0
    3.0694   -0.5102    0.5800  C  0  0  0  0  0
    2.7895   -1.6573   -0.8023  S  0  0  0  0  0
    0.9392   -1.7983   -0.7917  C  0  0  0  0  0
    0.2530   -0.8084    0.1723  C  0  0  0  0  0
    0.8011   -0.8895    1.5764  C  0  0  0  0  0
   -0.0943   -1.0859    2.5690  N  0  0  0  0  0
  1  9  2  0  0  0
  1 17  1  0  0  0
  1  2  1  0  0  0
  2  3  1  0  0  0
  3  8  2  0  0  0
  3  4  1  0  0  0
  4  5  2  0  0  0
  5  6  1  0  0  0
  6  7  2  0  0  0
  7  8  1  0  0  0
  8  9  1  0  0  0
  9 10  1  0  0  0
 10 11  2  0  0  0
 11 16  2  0  0  0
 11 12  1  0  0  0
 12 13  1  0  0  0
 13 14  1  0  0  0
 14 15  1  0  0  0
 15 16  1  0  0  0
 16 17  2  0  0  0
M  END
$$$$
[c]12[c]3[c](nc4c(c3)CSCC4)[s][c]1cncn2
  -ISIS-

 17 20  0  0  0  0  0  0  0  0  1
   -0.1828    2.3966   -2.2116  C  0  0  0  0  0
    0.6704    2.1910   -3.6667  S  0  0  0  0  0
    2.0024    3.1094   -3.0951  C  0  0  0  0  0
    3.1998    3.4402   -3.7194  C  0  0  0  0  0
    4.1081    4.1863   -3.0579  N  0  0  0  0  0
    3.8077    4.5776   -1.8128  C  0  0  0  0  0
    2.6925    4.3166   -1.1250  N  0  0  0  0  0
    1.7823    3.5637   -1.7982  C  0  0  0  0  0
    0.5106    3.1480   -1.2801  C  0  0  0  0  0
   -0.1333    3.3634   -0.0449  C  0  0  0  0  0
   -1.4074    2.8150    0.1832  C  0  0  0  0  0
   -2.0711    3.1249    1.4973  C  0  0  0  0  0
   -3.5081    2.1244    1.9345  S  0  0  0  0  0
   -4.3213    2.0376    0.2944  C  0  0  0  0  0
   -3.3387    1.4104   -0.7054  C  0  0  0  0  0
   -1.9948    2.0846   -0.8527  C  0  0  0  0  0
   -1.4044    1.8557   -2.0517  N  0  0  0  0  0
  1  9  2  0  0  0
  1 17  1  0  0  0
  1  2  1  0  0  0
  2  3  1  0  0  0
  3  8  2  0  0  0
  3  4  1  0  0  0
  4  5  2  0  0  0
  5  6  1  0  0  0
  6  7  2  0  0  0
  7  8  1  0  0  0
  8  9  1  0  0  0
  9 10  1  0  0  0
 10 11  2  0  0  0
 11 16  2  0  0  0
 11 12  1  0  0  0
 12 13  1  0  0  0
 13 14  1  0  0  0
 14 15  1  0  0  0
 15 16  1  0  0  0
 16 17  2  0  0  0
M  END
$$$$
[c]12[c]3[c](nc4c(c3)CSCC4)[s][c]1cncn2
  -ISIS-

 17 20  0  0  0  0  0  0  0  0  1
   -0.1828    2.3966   -2.2116  C  0  0  0  0  0
    0.6704    2.1910   -3.6667  S  0  0  0  0  0
    2.0024    3.1094   -3.0951  C  0  0  0  0  0
    3.1998    3.4402   -3.7194  C  0  0  0  0  0
    4.1081    4.1863   -3.0579  N  0  0  0  0  0
    3.8077    4.5776   -1.8128  C  0  0  0  0  0
    2.6925    4.3166   -1.1250  N  0  0  0  0  0
    1.7823    3.5637   -1.7982  C  0  0  0  0  0
    0.5106    3.1480   -1.2801  C  0  0  0  0  0
   -0.1333    3.3634   -0.0449  C  0  0  0  0  0
   -1.4074    2.8150    0.1832  C  0  0  0  0  0
   -2.0711    3.1249    1.4973  C  0  0  0  0  0
   -3.5081    2.1244    1.9345  S  0  0  0  0  0
   -4.3213    2.0376    0.2944  C  0  0  0  0  0
   -3.3387    1.4104   -0.7054  C  0  0  0  0  0
   -1.9948    2.0846   -0.8527  C  0  0  0  0  0
   -1.4044    1.8557   -2.0517  N  0  0  0  0  0
  1  9  2  0  0  0
  1 17  1  0  0  0
  1  2  1  0  0  0
  2  3  1  0  0  0
  3  8  2  0  0  0
  3  4  1  0  0  0
  4  5  2  0  0  0
  5  6  1  0  0  0
  6  7  2  0  0  0
  7  8  1  0  0  0
  8  9  1  0  0  0
  9 10  1  0  0  0
 10 11  2  0  0  0
 11 16  2  0  0  0
 11 12  1  0  0  0
 12 13  1  0  0  0
 13 14  1  0  0  0
 14 15  1  0  0  0
 15 16  1  0  0  0
 16 17  2  0  0  0
M  END
$$$$
[c]12[c]3[c](nc4c(c3)CSCC4)[s][c]1cncn2
  -ISIS-

 17 20  0  0  0  0  0  0  0  0  1
    0.0770    6.9359    2.2989  C  0  0  0  0  0
   -0.0319    7.2197    0.9405  C  0  0  0  0  0
    1.1188    6.8016    0.1906  C  0  0  0  0  0
    1.4379    6.8742   -1.1825  C  0  0  0  0  0
    2.6622    6.3578   -1.6174  C  0  0  0  0  0
    3.0792    6.4228   -3.0566  C  0  0  0  0  0
    3.6577    4.8229   -3.6965  S  0  0  0  0  0
    4.6823    4.2123   -2.2749  C  0  0  0  0  0
    4.8439    5.2471   -1.1412  C  0  0  0  0  0
    3.5234    5.8071   -0.6685  C  0  0  0  0  0
    3.2622    5.7243    0.6554  N  0  0  0  0  0
    2.0668    6.2260    1.0216  C  0  0  0  0  0
    1.5884    6.1931    2.6507  S  0  0  0  0  0
   -1.1261    7.8248    0.4127  N  0  0  0  0  0
   -2.0701    8.1313    1.3008  C  0  0  0  0  0
   -2.0522    7.8935    2.6226  N  0  0  0  0  0
   -0.9765    7.2791    3.1620  C  0  0  0  0  0
  1 13  1  0  0  0
  1 17  2  0  0  0
  1  2  1  0  0  0
  2  3  1  0  0  0
  2 14  2  0  0  0
  3 12  2  0  0  0
  3  4  1  0  0  0
  4  5  2  0  0  0
  5 10  2  0  0  0
  5  6  1  0  0  0
  6  7  1  0  0  0
  7  8  1  0  0  0
  8  9  1  0  0  0
  9 10  1  0  0  0
 10 11  2  0  0  0
 11 12  1  0  0  0
 12 13  1  0  0  0
 14 15  1  0  0  0
 15 16  2  0  0  0
 16 17  1  0  0  0
M  END
$$$$
[c]12[c]3[c](nc4c(c3)CSCC4)[s][c]1cncn2
  -ISIS-

 17 20  0  0  0  0  0  0  0  0  1
    0.0770    6.9359    2.2989  C  0  0  0  0  0
   -0.0319    7.2197    0.9405  C  0  0  0  0  0
    1.1188    6.8016    0.1906  C  0  0  0  0  0
    1.4379    6.8742   -1.1825  C  0  0  0  0  0
    2.6622    6.3578   -1.6174  C  0  0  0  0  0
    3.0792    6.4228   -3.0566  C  0  0  0  0  0
    3.6577    4.8229   -3.6965  S  0  0  0  0  0
    4.6823    4.2123   -2.2749  C  0  0  0  0  0
    4.8439    5.2471   -1.1412  C  0  0  0  0  0
    3.5234    5.8071   -0.6685  C  0  0  0  0  0
    3.2622    5.7243    0.6554  N  0  0  0  0  0
    2.0668    6.2260    1.0216  C  0  0  0  0  0
    1.5884    6.1931    2.6507  S  0  0  0  0  0
   -1.1261    7.8248    0.4127  N  0  0  0  0  0
   -2.0701    8.1313    1.3008  C  0  0  0  0  0
   -2.0522    7.8935    2.6226  N  0  0  0  0  0
   -0.9765    7.2791    3.1620  C  0  0  0  0  0
  1 13  1  0  0  0
  1 17  2  0  0  0
  1  2  1  0  0  0
  2  3  1  0  0  0
  2 14  2  0  0  0
  3 12  2  0  0  0
  3  4  1  0  0  0
  4  5  2  0  0  0
  5 10  2  0  0  0
  5  6  1  0  0  0
  6  7  1  0  0  0
  7  8  1  0  0  0
  8  9  1  0  0  0
  9 10  1  0  0  0
 10 11  2  0  0  0
 11 12  1  0  0  0
 12 13  1  0  0  0
 14 15  1  0  0  0
 15 16  2  0  0  0
 16 17  1  0  0  0
M  END
$$$$
