[c]12c3C4C=CCNC4Cc1cn[c]2ccc3
  -ISIS-

 16 19  0  0  0  0  0  0  0  0  1
    0.5124    1.1553   -3.2590  N  0  0  0  0  0
    0.5776    0.1850   -2.2775  C  0  0  0  0  0
    0.7936   -1.0226   -2.8991  C  0  0  0  0  0
    0.9680   -2.4114   -2.3982  C  0  0  0  0  0
    0.6217   -3.4455   -3.5280  C  0  0  0  0  0
    1.0231   -4.8755   -3.1250  N  0  0  0  0  0
    2.5184   -5.0533   -3.0253  C  0  0  0  0  0
    3.2593   -4.4245   -4.1714  C  0  0  0  0  0
    2.6828   -3.5796   -5.0488  C  0  0  0  0  0
    1.2389   -3.1388   -4.9586  C  0  0  0  0  0
    1.0563   -1.6824   -5.3219  C  0  0  0  0  0
    0.8594   -0.7649   -4.2828  C  0  0  0  0  0
    0.6806    0.5876   -4.5061  C  0  0  0  0  0
    0.6986    1.1088   -5.8041  C  0  0  0  0  0
    0.9031    0.1999   -6.8558  C  0  0  0  0  0
    1.0799   -1.1708   -6.6255  C  0  0  0  0  0
  1 13  1  0  0  0
  1  2  1  0  0  0
  2  3  2  0  0  0
  3 12  1  0  0  0
  3  4  1  0  0  0
  4  5  1  0  0  0
  5 10  1  0  0  0
  5  6  1  0  0  0
  6  7  1  0  0  0
  7  8  1  0  0  0
  8  9  2  0  0  0
  9 10  1  0  0  0
 10 11  1  0  0  0
 11 16  2  0  0  0
 11 12  1  0  0  0
 12 13  2  0  0  0
 13 14  1  0  0  0
 14 15  2  0  0  0
 15 16  1  0  0  0
M  END
$$$$
