[c]12[c]([c]3[c](cn1)cccc3)[s][c]4[c]2cccn4
  -ISIS-

 17 20  0  0  0  0  0  0  0  0  1
   -5.4352    1.3360    6.0830  C  0  0  0  0  0
   -4.9178    0.1195    6.5302  C  0  0  0  0  0
   -5.6542   -1.1903    5.6882  S  0  0  0  0  0
   -6.6286   -0.1562    4.7608  C  0  0  0  0  0
   -6.4340    1.1853    5.0522  C  0  0  0  0  0
   -7.2112    2.1241    4.3217  C  0  0  0  0  0
   -8.1044    1.6111    3.3690  C  0  0  0  0  0
   -8.2032    0.2375    3.1736  C  0  0  0  0  0
   -7.4802   -0.6738    3.8527  N  0  0  0  0  0
   -3.9236    0.1094    7.5465  C  0  0  0  0  0
   -3.4990    1.3509    8.0638  C  0  0  0  0  0
   -2.5080    1.3374    9.0763  C  0  0  0  0  0
   -1.9650    0.1403    9.5517  C  0  0  0  0  0
   -2.3949   -1.0745    9.0306  C  0  0  0  0  0
   -3.3683   -1.0969    8.0335  C  0  0  0  0  0
   -4.0888    2.5206    7.5388  C  0  0  0  0  0
   -5.0241    2.5311    6.5832  N  0  0  0  0  0
  1  5  1  0  0  0
  1 17  2  0  0  0
  1  2  1  0  0  0
  2  3  1  0  0  0
  2 10  2  0  0  0
  3  4  1  0  0  0
  4  9  2  0  0  0
  4  5  1  0  0  0
  5  6  2  0  0  0
  6  7  1  0  0  0
  7  8  2  0  0  0
  8  9  1  0  0  0
 10 15  1  0  0  0
 10 11  2  0  0  0
 11 12  1  0  0  0
 11 16  2  0  0  0
 12 13  2  0  0  0
 13 14  1  0  0  0
 14 15  2  0  0  0
 16 17  1  0  0  0
M  END
$$$$
[c]12[c]([c]3[c](cn1)cccc3)[s][c]4[c]2cccn4
  -ISIS-

 17 20  0  0  0  0  0  0  0  0  1
   -5.4352    1.3360    6.0830  C  0  0  0  0  0
   -4.9178    0.1195    6.5302  C  0  0  0  0  0
   -5.6542   -1.1903    5.6882  S  0  0  0  0  0
   -6.6286   -0.1562    4.7608  C  0  0  0  0  0
   -6.4340    1.1853    5.0522  C  0  0  0  0  0
   -7.2112    2.1241    4.3217  C  0  0  0  0  0
   -8.1044    1.6111    3.3690  C  0  0  0  0  0
   -8.2032    0.2375    3.1736  C  0  0  0  0  0
   -7.4802   -0.6738    3.8527  N  0  0  0  0  0
   -3.9236    0.1094    7.5465  C  0  0  0  0  0
   -3.4990    1.3509    8.0638  C  0  0  0  0  0
   -2.5080    1.3374    9.0763  C  0  0  0  0  0
   -1.9650    0.1403    9.5517  C  0  0  0  0  0
   -2.3949   -1.0745    9.0306  C  0  0  0  0  0
   -3.3683   -1.0969    8.0335  C  0  0  0  0  0
   -4.0888    2.5206    7.5388  C  0  0  0  0  0
   -5.0241    2.5311    6.5832  N  0  0  0  0  0
  1  5  1  0  0  0
  1 17  2  0  0  0
  1  2  1  0  0  0
  2  3  1  0  0  0
  2 10  2  0  0  0
  3  4  1  0  0  0
  4  9  2  0  0  0
  4  5  1  0  0  0
  5  6  2  0  0  0
  6  7  1  0  0  0
  7  8  2  0  0  0
  8  9  1  0  0  0
 10 15  1  0  0  0
 10 11  2  0  0  0
 11 12  1  0  0  0
 11 16  2  0  0  0
 12 13  2  0  0  0
 13 14  1  0  0  0
 14 15  2  0  0  0
 16 17  1  0  0  0
M  END
$$$$
[c]12[c]([c]3[c](cn1)cccc3)[s][c]4[c]2cccn4
  -ISIS-

 17 20  0  0  0  0  0  0  0  0  1
   -5.4352    1.3360    6.0830  C  0  0  0  0  0
   -4.9178    0.1195    6.5302  C  0  0  0  0  0
   -5.6542   -1.1903    5.6882  S  0  0  0  0  0
   -6.6286   -0.1562    4.7608  C  0  0  0  0  0
   -6.4340    1.1853    5.0522  C  0  0  0  0  0
   -7.2112    2.1241    4.3217  C  0  0  0  0  0
   -8.1044    1.6111    3.3690  C  0  0  0  0  0
   -8.2032    0.2375    3.1736  C  0  0  0  0  0
   -7.4802   -0.6738    3.8527  N  0  0  0  0  0
   -3.9236    0.1094    7.5465  C  0  0  0  0  0
   -3.4990    1.3509    8.0638  C  0  0  0  0  0
   -2.5080    1.3374    9.0763  C  0  0  0  0  0
   -1.9650    0.1403    9.5517  C  0  0  0  0  0
   -2.3949   -1.0745    9.0306  C  0  0  0  0  0
   -3.3683   -1.0969    8.0335  C  0  0  0  0  0
   -4.0888    2.5206    7.5388  C  0  0  0  0  0
   -5.0241    2.5311    6.5832  N  0  0  0  0  0
  1  5  1  0  0  0
  1 17  2  0  0  0
  1  2  1  0  0  0
  2  3  1  0  0  0
  2 10  2  0  0  0
  3  4  1  0  0  0
  4  9  2  0  0  0
  4  5  1  0  0  0
  5  6  2  0  0  0
  6  7  1  0  0  0
  7  8  2  0  0  0
  8  9  1  0  0  0
 10 15  1  0  0  0
 10 11  2  0  0  0
 11 12  1  0  0  0
 11 16  2  0  0  0
 12 13  2  0  0  0
 13 14  1  0  0  0
 14 15  2  0  0  0
 16 17  1  0  0  0
M  END
$$$$
[c]12[c]([c]3[c](cn1)cccc3)[s][c]4[c]2cccn4
  -ISIS-

 17 20  0  0  0  0  0  0  0  0  1
    1.9255    0.8028   -4.3673  C  0  0  0  0  0
    1.4983    0.2504   -3.1579  C  0  0  0  0  0
    0.9974    1.4923   -2.0750  S  0  0  0  0  0
    1.3378    2.7211   -3.1939  C  0  0  0  0  0
    1.8318    2.2432   -4.3984  C  0  0  0  0  0
    2.1427    3.2067   -5.3958  C  0  0  0  0  0
    1.9252    4.5548   -5.0728  C  0  0  0  0  0
    1.4242    4.9009   -3.8224  C  0  0  0  0  0
    1.1204    4.0090   -2.8603  N  0  0  0  0  0
    1.5229   -1.1604   -2.9791  C  0  0  0  0  0
    1.9878   -1.9475   -4.0514  C  0  0  0  0  0
    1.9930   -3.3528   -3.8897  C  0  0  0  0  0
    1.5667   -3.9503   -2.7008  C  0  0  0  0  0
    1.1218   -3.1609   -1.6459  C  0  0  0  0  0
    1.0952   -1.7732   -1.7784  C  0  0  0  0  0
    2.4127   -1.2854   -5.2174  C  0  0  0  0  0
    2.3834    0.0408   -5.3986  N  0  0  0  0  0
  1  5  1  0  0  0
  1 17  2  0  0  0
  1  2  1  0  0  0
  2  3  1  0  0  0
  2 10  2  0  0  0
  3  4  1  0  0  0
  4  9  2  0  0  0
  4  5  1  0  0  0
  5  6  2  0  0  0
  6  7  1  0  0  0
  7  8  2  0  0  0
  8  9  1  0  0  0
 10 15  1  0  0  0
 10 11  2  0  0  0
 11 12  1  0  0  0
 11 16  2  0  0  0
 12 13  2  0  0  0
 13 14  1  0  0  0
 14 15  2  0  0  0
 16 17  1  0  0  0
M  END
$$$$
[c]12[c]([c]3[c](cn1)cccc3)[s][c]4[c]2cccn4
  -ISIS-

 17 20  0  0  0  0  0  0  0  0  1
    1.9255    0.8028   -4.3673  C  0  0  0  0  0
    1.4983    0.2504   -3.1579  C  0  0  0  0  0
    0.9974    1.4923   -2.0750  S  0  0  0  0  0
    1.3378    2.7211   -3.1939  C  0  0  0  0  0
    1.8318    2.2432   -4.3984  C  0  0  0  0  0
    2.1427    3.2067   -5.3958  C  0  0  0  0  0
    1.9252    4.5548   -5.0728  C  0  0  0  0  0
    1.4242    4.9009   -3.8224  C  0  0  0  0  0
    1.1204    4.0090   -2.8603  N  0  0  0  0  0
    1.5229   -1.1604   -2.9791  C  0  0  0  0  0
    1.9878   -1.9475   -4.0514  C  0  0  0  0  0
    1.9930   -3.3528   -3.8897  C  0  0  0  0  0
    1.5667   -3.9503   -2.7008  C  0  0  0  0  0
    1.1218   -3.1609   -1.6459  C  0  0  0  0  0
    1.0952   -1.7732   -1.7784  C  0  0  0  0  0
    2.4127   -1.2854   -5.2174  C  0  0  0  0  0
    2.3834    0.0408   -5.3986  N  0  0  0  0  0
  1  5  1  0  0  0
  1 17  2  0  0  0
  1  2  1  0  0  0
  2  3  1  0  0  0
  2 10  2  0  0  0
  3  4  1  0  0  0
  4  9  2  0  0  0
  4  5  1  0  0  0
  5  6  2  0  0  0
  6  7  1  0  0  0
  7  8  2  0  0  0
  8  9  1  0  0  0
 10 15  1  0  0  0
 10 11  2  0  0  0
 11 12  1  0  0  0
 11 16  2  0  0  0
 12 13  2  0  0  0
 13 14  1  0  0  0
 14 15  2  0  0  0
 16 17  1  0  0  0
M  END
$$$$
[c]12[c]([c]3[c](cn1)cccc3)[s][c]4[c]2cccn4
  -ISIS-

 17 20  0  0  0  0  0  0  0  0  1
    1.9255    0.8028   -4.3673  C  0  0  0  0  0
    1.4983    0.2504   -3.1579  C  0  0  0  0  0
    0.9974    1.4923   -2.0750  S  0  0  0  0  0
    1.3378    2.7211   -3.1939  C  0  0  0  0  0
    1.8318    2.2432   -4.3984  C  0  0  0  0  0
    2.1427    3.2067   -5.3958  C  0  0  0  0  0
    1.9252    4.5548   -5.0728  C  0  0  0  0  0
    1.4242    4.9009   -3.8224  C  0  0  0  0  0
    1.1204    4.0090   -2.8603  N  0  0  0  0  0
    1.5229   -1.1604   -2.9791  C  0  0  0  0  0
    1.9878   -1.9475   -4.0514  C  0  0  0  0  0
    1.9930   -3.3528   -3.8897  C  0  0  0  0  0
    1.5667   -3.9503   -2.7008  C  0  0  0  0  0
    1.1218   -3.1609   -1.6459  C  0  0  0  0  0
    1.0952   -1.7732   -1.7784  C  0  0  0  0  0
    2.4127   -1.2854   -5.2174  C  0  0  0  0  0
    2.3834    0.0408   -5.3986  N  0  0  0  0  0
  1  5  1  0  0  0
  1 17  2  0  0  0
  1  2  1  0  0  0
  2  3  1  0  0  0
  2 10  2  0  0  0
  3  4  1  0  0  0
  4  9  2  0  0  0
  4  5  1  0  0  0
  5  6  2  0  0  0
  6  7  1  0  0  0
  7  8  2  0  0  0
  8  9  1  0  0  0
 10 15  1  0  0  0
 10 11  2  0  0  0
 11 12  1  0  0  0
 11 16  2  0  0  0
 12 13  2  0  0  0
 13 14  1  0  0  0
 14 15  2  0  0  0
 16 17  1  0  0  0
M  END
$$$$
