[c]12[c]3[c]([s][c]1cnnn2)cccc3
  -ISIS-

 13 15  0  0  0  0  0  0  0  0  1
    7.8985    1.6590   -0.8393  C  0  0  0  0  0
    8.8382    0.6870   -0.8170  N  0  0  0  0  0
    9.2751    0.1954    0.3178  N  0  0  0  0  0
    8.8647    0.5797    1.4465  N  0  0  0  0  0
    7.9226    1.5505    1.5149  C  0  0  0  0  0
    7.4094    2.1218    0.3661  C  0  0  0  0  0
    6.2426    3.3147    0.7275  S  0  0  0  0  0
    6.4070    3.0827    2.4248  C  0  0  0  0  0
    5.7117    3.7630    3.4439  C  0  0  0  0  0
    5.9771    3.4396    4.7765  C  0  0  0  0  0
    6.9114    2.4642    5.0940  C  0  0  0  0  0
    7.5989    1.7920    4.0798  C  0  0  0  0  0
    7.3521    2.0964    2.7167  C  0  0  0  0  0
  1  6  2  0  0  0
  1  2  1  0  0  0
  2  3  2  0  0  0
  3  4  1  0  0  0
  4  5  2  0  0  0
  5 13  1  0  0  0
  5  6  1  0  0  0
  6  7  1  0  0  0
  7  8  1  0  0  0
  8 13  2  0  0  0
  8  9  1  0  0  0
  9 10  2  0  0  0
 10 11  1  0  0  0
 11 12  2  0  0  0
 12 13  1  0  0  0
M  END
$$$$
[c]12[c]3[c]([s][c]1cnnn2)cccc3
  -ISIS-

 13 15  0  0  0  0  0  0  0  0  1
    0.9837    3.6880   -2.9619  C  0  0  0  0  0
    0.2876    3.5083   -1.8107  N  0  0  0  0  0
   -0.9725    3.8753   -1.6821  N  0  0  0  0  0
   -1.6326    4.4140   -2.6079  N  0  0  0  0  0
   -1.0349    4.6328   -3.8016  C  0  0  0  0  0
    0.2840    4.2784   -4.0111  C  0  0  0  0  0
    0.7866    4.6714   -5.6001  S  0  0  0  0  0
   -0.7520    5.3141   -6.0222  C  0  0  0  0  0
   -1.1278    5.8669   -7.2625  C  0  0  0  0  0
   -2.4305    6.3443   -7.4240  C  0  0  0  0  0
   -3.3418    6.2761   -6.3800  C  0  0  0  0  0
   -2.9644    5.7268   -5.1516  C  0  0  0  0  0
   -1.6492    5.2331   -4.9555  C  0  0  0  0  0
  1  6  2  0  0  0
  1  2  1  0  0  0
  2  3  2  0  0  0
  3  4  1  0  0  0
  4  5  2  0  0  0
  5 13  1  0  0  0
  5  6  1  0  0  0
  6  7  1  0  0  0
  7  8  1  0  0  0
  8 13  2  0  0  0
  8  9  1  0  0  0
  9 10  2  0  0  0
 10 11  1  0  0  0
 11 12  2  0  0  0
 12 13  1  0  0  0
M  END
$$$$
[c]12[c]3[c]([s][c]1cnnn2)cccc3
  -ISIS-

 13 15  0  0  0  0  0  0  0  0  1
    0.5474    0.9907   -4.0023  C  0  0  0  0  0
    1.1169    2.2230   -3.9534  N  0  0  0  0  0
    2.3744    2.4297   -4.2794  N  0  0  0  0  0
    3.1500    1.5127   -4.6476  N  0  0  0  0  0
    2.6913    0.2407   -4.7042  C  0  0  0  0  0
    1.3791   -0.0618   -4.3824  C  0  0  0  0  0
    1.0989   -1.7476   -4.5197  S  0  0  0  0  0
    2.7052   -2.0747   -5.0307  C  0  0  0  0  0
    3.2508   -3.3309   -5.3616  C  0  0  0  0  0
    4.5888   -3.4053   -5.7556  C  0  0  0  0  0
    5.3702   -2.2606   -5.8195  C  0  0  0  0  0
    4.8238   -1.0171   -5.4900  C  0  0  0  0  0
    3.4676   -0.9083   -5.0879  C  0  0  0  0  0
  1  6  2  0  0  0
  1  2  1  0  0  0
  2  3  2  0  0  0
  3  4  1  0  0  0
  4  5  2  0  0  0
  5 13  1  0  0  0
  5  6  1  0  0  0
  6  7  1  0  0  0
  7  8  1  0  0  0
  8 13  2  0  0  0
  8  9  1  0  0  0
  9 10  2  0  0  0
 10 11  1  0  0  0
 11 12  2  0  0  0
 12 13  1  0  0  0
M  END
$$$$
[c]12[c]3[c]([s][c]1cnnn2)cccc3
  -ISIS-

 13 15  0  0  0  0  0  0  0  0  1
   -5.3762    5.8676   -0.3649  C  0  0  0  0  0
   -4.8538    5.3005    0.7830  C  0  0  0  0  0
   -5.0359    3.8749    0.8484  C  0  0  0  0  0
   -4.6591    2.9388    1.8455  C  0  0  0  0  0
   -4.9445    1.5796    1.6890  C  0  0  0  0  0
   -5.6003    1.1305    0.5518  C  0  0  0  0  0
   -5.9828    2.0272   -0.4485  C  0  0  0  0  0
   -5.6934    3.3964   -0.2854  C  0  0  0  0  0
   -6.0641    4.6687   -1.3794  S  0  0  0  0  0
   -4.2430    6.0601    1.7212  N  0  0  0  0  0
   -4.1355    7.2978    1.5326  N  0  0  0  0  0
   -4.6031    7.9091    0.4625  N  0  0  0  0  0
   -5.2589    7.2497   -0.5316  C  0  0  0  0  0
  1  9  1  0  0  0
  1 13  2  0  0  0
  1  2  1  0  0  0
  2  3  1  0  0  0
  2 10  2  0  0  0
  3  8  2  0  0  0
  3  4  1  0  0  0
  4  5  2  0  0  0
  5  6  1  0  0  0
  6  7  2  0  0  0
  7  8  1  0  0  0
  8  9  1  0  0  0
 10 11  1  0  0  0
 11 12  2  0  0  0
 12 13  1  0  0  0
M  END
$$$$
