[c]12[c]3ncc[n]3cc[n]1cnn2
  -ISIS-

 12 14  0  0  0  0  0  0  0  0  1
    4.4359    4.4353   -0.2802  C  0  0  0  0  0
    5.7343    4.6051   -0.4507  N  0  0  0  0  0
    6.1626    3.7506   -1.4484  N  0  0  0  0  0
    5.1135    3.0821   -1.8600  C  0  0  0  0  0
    3.9867    3.4726   -1.1553  N  0  0  0  0  0
    2.7170    2.9198   -1.3868  C  0  0  0  0  0
    2.5749    1.9660   -2.3334  C  0  0  0  0  0
    3.6976    1.5493   -3.0636  N  0  0  0  0  0
    3.8165    0.6153   -4.0584  C  0  0  0  0  0
    5.1503    0.6226   -4.4079  C  0  0  0  0  0
    5.8589    1.5317   -3.6602  N  0  0  0  0  0
    4.9684    2.0746   -2.8618  C  0  0  0  0  0
  1  5  1  0  0  0
  1  2  2  0  0  0
  2  3  1  0  0  0
  3  4  2  0  0  0
  4 12  1  0  0  0
  4  5  2  0  0  0
  5  6  1  0  0  0
  6  7  2  0  0  0
  7  8  1  0  0  0
  8 12  2  0  0  0
  8  9  1  0  0  0
  9 10  2  0  0  0
 10 11  1  0  0  0
 11 12  2  0  0  0
M  END
$$$$
