[c]12c3c([s][c]1[n]4[c](nnc4)[n]5[c]2nnc5)CSCC3
  -ISIS-

 19 23  0  0  0  0  0  0  0  0  1
   -0.2642   -3.9009   -0.7056  C  0  0  0  0  0
   -0.3273   -4.8746    0.3044  C  0  0  0  0  0
    0.1135   -4.5847    1.5843  N  0  0  0  0  0
    0.6250   -3.3459    1.9076  C  0  0  0  0  0
    1.0859   -2.8975    3.0445  N  0  0  0  0  0
    1.4715   -1.5878    2.8074  N  0  0  0  0  0
    1.2274   -1.3016    1.5408  C  0  0  0  0  0
    0.6878   -2.3902    0.9196  N  0  0  0  0  0
    0.2485   -2.6659   -0.3699  C  0  0  0  0  0
    0.3025   -1.5674   -1.6251  S  0  0  0  0  0
   -0.4446   -2.7102   -2.6972  C  0  0  0  0  0
   -0.7346   -2.3168   -4.1396  C  0  0  0  0  0
   -1.6499   -3.6158   -5.0730  S  0  0  0  0  0
   -0.9118   -5.1132   -4.3135  C  0  0  0  0  0
   -1.1957   -5.1512   -2.8002  C  0  0  0  0  0
   -0.6409   -3.9497   -2.0807  C  0  0  0  0  0
   -0.0829   -5.7195    2.3059  C  0  0  0  0  0
   -0.6090   -6.6459    1.5295  N  0  0  0  0  0
   -0.7657   -6.1100    0.2603  N  0  0  0  0  0
  1  9  2  0  0  0
  1 16  1  0  0  0
  1  2  1  0  0  0
  2 19  2  0  0  0
  2  3  2  0  0  0
  3  4  1  0  0  0
  3 17  1  0  0  0
  4  8  2  0  0  0
  4  5  2  0  0  0
  5  6  1  0  0  0
  6  7  2  0  0  0
  7  8  1  0  0  0
  8  9  1  0  0  0
  9 10  1  0  0  0
 10 11  1  0  0  0
 11 16  2  0  0  0
 11 12  1  0  0  0
 12 13  1  0  0  0
 13 14  1  0  0  0
 14 15  1  0  0  0
 15 16  1  0  0  0
 17 18  2  0  0  0
 18 19  1  0  0  0
M  END
$$$$
[c]12c3c([s][c]1[n]4[c](nnc4)[n]5[c]2nnc5)CSCC3
  -ISIS-

 19 23  0  0  0  0  0  0  0  0  1
   -0.2642   -3.9009   -0.7056  C  0  0  0  0  0
   -0.3273   -4.8746    0.3044  C  0  0  0  0  0
    0.1135   -4.5847    1.5843  N  0  0  0  0  0
    0.6250   -3.3459    1.9076  C  0  0  0  0  0
    1.0859   -2.8975    3.0445  N  0  0  0  0  0
    1.4715   -1.5878    2.8074  N  0  0  0  0  0
    1.2274   -1.3016    1.5408  C  0  0  0  0  0
    0.6878   -2.3902    0.9196  N  0  0  0  0  0
    0.2485   -2.6659   -0.3699  C  0  0  0  0  0
    0.3025   -1.5674   -1.6251  S  0  0  0  0  0
   -0.4446   -2.7102   -2.6972  C  0  0  0  0  0
   -0.7346   -2.3168   -4.1396  C  0  0  0  0  0
   -1.6499   -3.6158   -5.0730  S  0  0  0  0  0
   -0.9118   -5.1132   -4.3135  C  0  0  0  0  0
   -1.1957   -5.1512   -2.8002  C  0  0  0  0  0
   -0.6409   -3.9497   -2.0807  C  0  0  0  0  0
   -0.0829   -5.7195    2.3059  C  0  0  0  0  0
   -0.6090   -6.6459    1.5295  N  0  0  0  0  0
   -0.7657   -6.1100    0.2603  N  0  0  0  0  0
  1  9  2  0  0  0
  1 16  1  0  0  0
  1  2  1  0  0  0
  2 19  2  0  0  0
  2  3  2  0  0  0
  3  4  1  0  0  0
  3 17  1  0  0  0
  4  8  2  0  0  0
  4  5  2  0  0  0
  5  6  1  0  0  0
  6  7  2  0  0  0
  7  8  1  0  0  0
  8  9  1  0  0  0
  9 10  1  0  0  0
 10 11  1  0  0  0
 11 16  2  0  0  0
 11 12  1  0  0  0
 12 13  1  0  0  0
 13 14  1  0  0  0
 14 15  1  0  0  0
 15 16  1  0  0  0
 17 18  2  0  0  0
 18 19  1  0  0  0
M  END
$$$$
[c]12c3c([s][c]1[n]4[c](nnc4)[n]5[c]2nnc5)CSCC3
  -ISIS-

 19 23  0  0  0  0  0  0  0  0  1
   -1.1783    3.1305   -3.6056  C  0  0  0  0  0
   -0.7339    1.8855   -3.1342  C  0  0  0  0  0
    0.2457    1.8165   -2.1582  N  0  0  0  0  0
    0.8108    2.9537   -1.6210  C  0  0  0  0  0
    1.7324    3.0812   -0.7042  N  0  0  0  0  0
    1.9224    4.4443   -0.5442  N  0  0  0  0  0
    1.1098    5.0806   -1.3690  C  0  0  0  0  0
    0.3766    4.1760   -2.0801  N  0  0  0  0  0
   -0.6057    4.2632   -3.0597  C  0  0  0  0  0
   -1.1886    5.7095   -3.6675  S  0  0  0  0  0
   -2.2573    4.8577   -4.7127  C  0  0  0  0  0
   -3.1821    5.5823   -5.6609  C  0  0  0  0  0
   -3.0957    4.7781   -7.3249  S  0  0  0  0  0
   -3.0227    2.9699   -6.8992  C  0  0  0  0  0
   -3.0162    2.5708   -5.4085  C  0  0  0  0  0
   -2.1516    3.4747   -4.5824  C  0  0  0  0  0
    0.4439    0.4915   -1.9303  C  0  0  0  0  0
   -0.3552   -0.2105   -2.7088  N  0  0  0  0  0
   -1.1024    0.6730   -3.4724  N  0  0  0  0  0
  1  9  2  0  0  0
  1 16  1  0  0  0
  1  2  1  0  0  0
  2 19  2  0  0  0
  2  3  2  0  0  0
  3  4  1  0  0  0
  3 17  1  0  0  0
  4  8  2  0  0  0
  4  5  2  0  0  0
  5  6  1  0  0  0
  6  7  2  0  0  0
  7  8  1  0  0  0
  8  9  1  0  0  0
  9 10  1  0  0  0
 10 11  1  0  0  0
 11 16  2  0  0  0
 11 12  1  0  0  0
 12 13  1  0  0  0
 13 14  1  0  0  0
 14 15  1  0  0  0
 15 16  1  0  0  0
 17 18  2  0  0  0
 18 19  1  0  0  0
M  END
$$$$
[c]12c3c([s][c]1[n]4[c](nnc4)[n]5[c]2nnc5)CSCC3
  -ISIS-

 19 23  0  0  0  0  0  0  0  0  1
   -1.1783    3.1305   -3.6056  C  0  0  0  0  0
   -0.7339    1.8855   -3.1342  C  0  0  0  0  0
    0.2457    1.8165   -2.1582  N  0  0  0  0  0
    0.8108    2.9537   -1.6210  C  0  0  0  0  0
    1.7324    3.0812   -0.7042  N  0  0  0  0  0
    1.9224    4.4443   -0.5442  N  0  0  0  0  0
    1.1098    5.0806   -1.3690  C  0  0  0  0  0
    0.3766    4.1760   -2.0801  N  0  0  0  0  0
   -0.6057    4.2632   -3.0597  C  0  0  0  0  0
   -1.1886    5.7095   -3.6675  S  0  0  0  0  0
   -2.2573    4.8577   -4.7127  C  0  0  0  0  0
   -3.1821    5.5823   -5.6609  C  0  0  0  0  0
   -3.0957    4.7781   -7.3249  S  0  0  0  0  0
   -3.0227    2.9699   -6.8992  C  0  0  0  0  0
   -3.0162    2.5708   -5.4085  C  0  0  0  0  0
   -2.1516    3.4747   -4.5824  C  0  0  0  0  0
    0.4439    0.4915   -1.9303  C  0  0  0  0  0
   -0.3552   -0.2105   -2.7088  N  0  0  0  0  0
   -1.1024    0.6730   -3.4724  N  0  0  0  0  0
  1  9  2  0  0  0
  1 16  1  0  0  0
  1  2  1  0  0  0
  2 19  2  0  0  0
  2  3  2  0  0  0
  3  4  1  0  0  0
  3 17  1  0  0  0
  4  8  2  0  0  0
  4  5  2  0  0  0
  5  6  1  0  0  0
  6  7  2  0  0  0
  7  8  1  0  0  0
  8  9  1  0  0  0
  9 10  1  0  0  0
 10 11  1  0  0  0
 11 16  2  0  0  0
 11 12  1  0  0  0
 12 13  1  0  0  0
 13 14  1  0  0  0
 14 15  1  0  0  0
 15 16  1  0  0  0
 17 18  2  0  0  0
 18 19  1  0  0  0
M  END
$$$$
