[c]12[c](nn[c]3[n]1ncc3)cccn2
  -ISIS-

 13 15  0  0  0  0  0  0  0  0  1
   -4.8696   -1.4727   -2.9811  C  0  0  0  0  0
   -4.7144   -1.6705   -1.6658  N  0  0  0  0  0
   -4.1652   -0.5149   -1.2270  N  0  0  0  0  0
   -3.9563    0.4038   -2.2239  C  0  0  0  0  0
   -4.4100   -0.1947   -3.3780  C  0  0  0  0  0
   -3.4038    1.6147   -1.9588  N  0  0  0  0  0
   -3.0611    1.9434   -0.7935  N  0  0  0  0  0
   -3.2560    1.0266    0.2745  C  0  0  0  0  0
   -2.8538    1.3750    1.5788  C  0  0  0  0  0
   -3.1142    0.4674    2.6293  C  0  0  0  0  0
   -3.6770   -0.7811    2.3371  C  0  0  0  0  0
   -4.0243   -1.1440    1.0921  N  0  0  0  0  0
   -3.8152   -0.2361    0.1024  C  0  0  0  0  0
  1  5  1  0  0  0
  1  2  2  0  0  0
  2  3  1  0  0  0
  3 13  1  0  0  0
  3  4  2  0  0  0
  4  5  2  0  0  0
  4  6  1  0  0  0
  6  7  2  0  0  0
  7  8  1  0  0  0
  8 13  2  0  0  0
  8  9  1  0  0  0
  9 10  2  0  0  0
 10 11  1  0  0  0
 11 12  2  0  0  0
 12 13  1  0  0  0
M  END
$$$$
