[c]12[c](cn[s]1)cccn2
  -ISIS-

  9 10  0  0  0  0  0  0  0  0  1
    0.0280   -2.9387   -2.0404  C  0  0  0  0  0
    0.0492   -3.5466   -3.2416  N  0  0  0  0  0
   -0.6753   -4.6768   -3.3061  C  0  0  0  0  0
   -1.3768   -5.2066   -2.2287  C  0  0  0  0  0
   -1.3633   -4.5664   -0.9717  C  0  0  0  0  0
   -0.6293   -3.3495   -0.8805  C  0  0  0  0  0
   -0.3631   -2.3580    0.1330  C  0  0  0  0  0
    0.4181   -1.3251   -0.1763  N  0  0  0  0  0
    0.8662   -1.4818   -1.7609  S  0  0  0  0  0
  1  9  1  0  0  0
  1  6  2  0  0  0
  1  2  1  0  0  0
  2  3  2  0  0  0
  3  4  1  0  0  0
  4  5  2  0  0  0
  5  6  1  0  0  0
  6  7  1  0  0  0
  7  8  2  0  0  0
  8  9  1  0  0  0
M  END
$$$$
