[c]12[c]([n]3[c]4[c]([s][c]3n1)cccc4)cccc2
  -ISIS-

 16 19  0  0  0  0  0  0  0  0  1
    2.2634   -0.3808    8.2511  C  0  0  0  0  0
    3.0801   -0.3422    9.2649  N  0  0  0  0  0
    4.0117    0.6036    8.8843  C  0  0  0  0  0
    3.7382    1.1379    7.6119  C  0  0  0  0  0
    2.5992    0.4731    7.2392  N  0  0  0  0  0
    1.7442    0.4577    6.1348  C  0  0  0  0  0
    0.7096   -0.4676    6.3442  C  0  0  0  0  0
    0.8302   -1.3017    7.9258  S  0  0  0  0  0
   -0.2662   -0.6590    5.3796  C  0  0  0  0  0
   -0.1977    0.0905    4.1920  C  0  0  0  0  0
    0.8497    1.0205    3.9914  C  0  0  0  0  0
    1.8366    1.2088    4.9761  C  0  0  0  0  0
    4.5522    2.1144    7.0233  C  0  0  0  0  0
    5.6653    2.5493    7.7536  C  0  0  0  0  0
    5.9543    2.0327    9.0165  C  0  0  0  0  0
    5.1343    1.0580    9.5940  C  0  0  0  0  0
  1  8  1  0  0  0
  1  5  1  0  0  0
  1  2  2  0  0  0
  2  3  1  0  0  0
  3 16  2  0  0  0
  3  4  1  0  0  0
  4  5  1  0  0  0
  4 13  2  0  0  0
  5  6  1  0  0  0
  6 12  2  0  0  0
  6  7  1  0  0  0
  7  8  1  0  0  0
  7  9  2  0  0  0
  9 10  1  0  0  0
 10 11  2  0  0  0
 11 12  1  0  0  0
 13 14  1  0  0  0
 14 15  2  0  0  0
 15 16  1  0  0  0
M  END
$$$$
