[c]12[c]3[c]4[c](cc1NCc2ccn3)cccc4
  -ISIS-

 16 19  0  0  0  0  0  0  0  0  1
    1.8222   -3.3916    7.1192  N  0  0  0  0  0
    0.7023   -4.1857    7.3368  C  0  0  0  0  0
   -0.4514   -3.3109    7.0580  C  0  0  0  0  0
   -1.8031   -3.5421    7.1007  C  0  0  0  0  0
   -2.5926   -2.4578    6.7507  C  0  0  0  0  0
   -2.1142   -1.2291    6.3769  N  0  0  0  0  0
   -0.7657   -1.0262    6.3377  C  0  0  0  0  0
    0.0440   -2.0901    6.6931  C  0  0  0  0  0
    1.4114   -2.1024    6.7289  C  0  0  0  0  0
    2.1006   -0.9502    6.4054  C  0  0  0  0  0
    1.3661    0.1883    5.9733  C  0  0  0  0  0
    1.9994    1.3734    5.5432  C  0  0  0  0  0
    1.2649    2.4887    5.1364  C  0  0  0  0  0
   -0.1234    2.4468    5.1439  C  0  0  0  0  0
   -0.7822    1.2858    5.5479  C  0  0  0  0  0
   -0.0702    0.1446    5.9583  C  0  0  0  0  0
  1  9  1  0  0  0
  1  2  1  0  0  0
  2  3  1  0  0  0
  3  8  2  0  0  0
  3  4  1  0  0  0
  4  5  2  0  0  0
  5  6  1  0  0  0
  6  7  2  0  0  0
  7 16  1  0  0  0
  7  8  2  0  0  0
  8  9  1  0  0  0
  9 10  2  0  0  0
 10 11  1  0  0  0
 11 16  2  0  0  0
 11 12  1  0  0  0
 12 13  2  0  0  0
 13 14  1  0  0  0
 14 15  2  0  0  0
 15 16  1  0  0  0
M  END
$$$$
