[c]12[c]3[c](cnnc3)cc[c]1cco2
  -ISIS-

 13 15  0  0  0  0  0  0  0  0  1
   -2.8244   -2.6921   -0.5894  C  0  0  0  0  0
   -3.2630   -1.4988   -1.2076  C  0  0  0  0  0
   -3.1575   -1.3505   -2.5935  C  0  0  0  0  0
   -2.6179   -2.3930   -3.3320  C  0  0  0  0  0
   -2.1594   -3.6144   -2.7776  C  0  0  0  0  0
   -2.2629   -3.7754   -1.3643  C  0  0  0  0  0
   -1.7806   -5.0269   -0.9005  C  0  0  0  0  0
   -1.2653   -5.9971   -1.6944  N  0  0  0  0  0
   -1.1833   -5.8069   -3.0329  N  0  0  0  0  0
   -1.6180   -4.6478   -3.5622  C  0  0  0  0  0
   -2.6082   -2.0410   -4.6528  O  0  0  0  0  0
   -3.1332   -0.7920   -4.7606  C  0  0  0  0  0
   -3.4873   -0.3231   -3.5171  C  0  0  0  0  0
  1  6  2  0  0  0
  1  2  1  0  0  0
  2  3  2  0  0  0
  3 13  1  0  0  0
  3  4  1  0  0  0
  4  5  2  0  0  0
  4 11  1  0  0  0
  5 10  1  0  0  0
  5  6  2  0  0  0
  6  7  1  0  0  0
  7  8  2  0  0  0
  8  9  1  0  0  0
  9 10  2  0  0  0
 11 12  1  0  0  0
 12 13  2  0  0  0
M  END
$$$$
