[c]12[c](n[c]3[c](n1)cccc3)[s][c]4n[c]5[c]([n]24)c[c]6[c](c5)cccc6
  -ISIS-

 24 29  0  0  0  0  0  0  0  0  1
   -0.2107    0.7502   -3.0657  N  0  0  0  0  0
    0.5574    1.0349   -4.1861  C  0  0  0  0  0
    0.9929    2.3540   -4.1279  C  0  0  0  0  0
    0.4316    3.2282   -2.6609  S  0  0  0  0  0
   -0.3752    1.7699   -2.1787  C  0  0  0  0  0
   -1.1057    1.4452   -1.1477  N  0  0  0  0  0
   -1.4321    0.1209   -1.3930  C  0  0  0  0  0
   -2.2062   -0.7568   -0.6200  C  0  0  0  0  0
   -2.4126   -2.0768   -1.0638  C  0  0  0  0  0
   -1.8414   -2.5173   -2.2844  C  0  0  0  0  0
   -1.0634   -1.6450   -3.0666  C  0  0  0  0  0
   -0.8809   -0.3415   -2.5940  C  0  0  0  0  0
   -2.0623   -3.8379   -2.7034  C  0  0  0  0  0
   -2.8324   -4.7143   -1.9372  C  0  0  0  0  0
   -3.3926   -4.2818   -0.7400  C  0  0  0  0  0
   -3.1840   -2.9720   -0.3064  C  0  0  0  0  0
    1.7563    2.8996   -5.0864  N  0  0  0  0  0
    2.0679    2.0705   -6.1087  C  0  0  0  0  0
    1.6130    0.7116   -6.1579  C  0  0  0  0  0
    0.8446    0.1779   -5.1838  N  0  0  0  0  0
    1.9741   -0.0784   -7.2405  C  0  0  0  0  0
    2.7662    0.4236   -8.2742  C  0  0  0  0  0
    3.2071    1.7402   -8.2272  C  0  0  0  0  0
    2.8545    2.5503   -7.1465  C  0  0  0  0  0
  1  5  1  0  0  0
  1 12  1  0  0  0
  1  2  1  0  0  0
  2 20  2  0  0  0
  2  3  1  0  0  0
  3  4  1  0  0  0
  3 17  2  0  0  0
  4  5  1  0  0  0
  5  6  2  0  0  0
  6  7  1  0  0  0
  7 12  2  0  0  0
  7  8  1  0  0  0
  8  9  2  0  0  0
  9 16  1  0  0  0
  9 10  2  0  0  0
 10 11  2  0  0  0
 10 13  1  0  0  0
 11 12  1  0  0  0
 13 14  2  0  0  0
 14 15  1  0  0  0
 15 16  2  0  0  0
 17 18  1  0  0  0
 18 24  1  0  0  0
 18 19  2  0  0  0
 19 20  1  0  0  0
 19 21  1  0  0  0
 21 22  2  0  0  0
 22 23  1  0  0  0
 23 24  2  0  0  0
M  END
$$$$
