[c]12[c]3[c]4c5ccc[c]4[s][s]3n[c]1cccc2C5
  -ISIS-

 17 21  0  0  0  0  0  0  0  0  1
   -1.1837    8.2331    3.3329  C  0  0  0  0  0
   -0.2920    7.4799    4.1427  C  0  0  0  0  0
   -0.2000    6.0947    3.9983  C  0  0  0  0  0
   -1.0118    5.4782    2.8615  C  0  0  0  0  0
   -1.4400    6.4026    1.7592  C  0  0  0  0  0
   -1.5760    6.0669    0.4219  C  0  0  0  0  0
   -1.6710    7.1059   -0.5355  C  0  0  0  0  0
   -1.5898    8.4744   -0.1688  C  0  0  0  0  0
   -1.4813    8.8098    1.1674  C  0  0  0  0  0
   -1.2559   10.0607    1.7820  N  0  0  0  0  0
   -1.3240    9.9830    3.5302  S  0  0  0  0  0
    0.5664   10.0447    4.3641  S  0  0  0  0  0
    0.6264    8.2879    4.8083  C  0  0  0  0  0
    1.5870    7.6591    5.5743  C  0  0  0  0  0
    1.6154    6.2487    5.5989  C  0  0  0  0  0
    0.7474    5.4451    4.8028  C  0  0  0  0  0
   -1.5111    7.7437    2.0565  C  0  0  0  0  0
  1 11  2  0  0  0
  1 17  1  0  0  0
  1  2  1  0  0  0
  2 13  2  0  0  0
  2  3  1  0  0  0
  3 16  2  0  0  0
  3  4  1  0  0  0
  4  5  1  0  0  0
  5 17  2  0  0  0
  5  6  1  0  0  0
  6  7  2  0  0  0
  7  8  1  0  0  0
  8  9  2  0  0  0
  9 10  1  0  0  0
  9 17  1  0  0  0
 10 11  1  0  0  0
 11 12  1  0  0  0
 12 13  1  0  0  0
 13 14  1  0  0  0
 14 15  2  0  0  0
 15 16  1  0  0  0
M  END
$$$$
[c]12[c]3[c]4c5ccc[c]4[s][s]3n[c]1cccc2C5
  -ISIS-

 17 21  0  0  0  0  0  0  0  0  1
   -1.1837    8.2331    3.3329  C  0  0  0  0  0
   -0.2920    7.4799    4.1427  C  0  0  0  0  0
   -0.2000    6.0947    3.9983  C  0  0  0  0  0
   -1.0118    5.4782    2.8615  C  0  0  0  0  0
   -1.4400    6.4026    1.7592  C  0  0  0  0  0
   -1.5760    6.0669    0.4219  C  0  0  0  0  0
   -1.6710    7.1059   -0.5355  C  0  0  0  0  0
   -1.5898    8.4744   -0.1688  C  0  0  0  0  0
   -1.4813    8.8098    1.1674  C  0  0  0  0  0
   -1.2559   10.0607    1.7820  N  0  0  0  0  0
   -1.3240    9.9830    3.5302  S  0  0  0  0  0
    0.5664   10.0447    4.3641  S  0  0  0  0  0
    0.6264    8.2879    4.8083  C  0  0  0  0  0
    1.5870    7.6591    5.5743  C  0  0  0  0  0
    1.6154    6.2487    5.5989  C  0  0  0  0  0
    0.7474    5.4451    4.8028  C  0  0  0  0  0
   -1.5111    7.7437    2.0565  C  0  0  0  0  0
  1 11  2  0  0  0
  1 17  1  0  0  0
  1  2  1  0  0  0
  2 13  2  0  0  0
  2  3  1  0  0  0
  3 16  2  0  0  0
  3  4  1  0  0  0
  4  5  1  0  0  0
  5 17  2  0  0  0
  5  6  1  0  0  0
  6  7  2  0  0  0
  7  8  1  0  0  0
  8  9  2  0  0  0
  9 10  1  0  0  0
  9 17  1  0  0  0
 10 11  1  0  0  0
 11 12  1  0  0  0
 12 13  1  0  0  0
 13 14  1  0  0  0
 14 15  2  0  0  0
 15 16  1  0  0  0
M  END
$$$$
[c]12[c]3[c]4c5ccc[c]4[s][s]3n[c]1cccc2C5
  -ISIS-

 17 21  0  0  0  0  0  0  0  0  1
   -1.1837    8.2331    3.3329  C  0  0  0  0  0
   -0.2920    7.4799    4.1427  C  0  0  0  0  0
   -0.2000    6.0947    3.9983  C  0  0  0  0  0
   -1.0118    5.4782    2.8615  C  0  0  0  0  0
   -1.4400    6.4026    1.7592  C  0  0  0  0  0
   -1.5760    6.0669    0.4219  C  0  0  0  0  0
   -1.6710    7.1059   -0.5355  C  0  0  0  0  0
   -1.5898    8.4744   -0.1688  C  0  0  0  0  0
   -1.4813    8.8098    1.1674  C  0  0  0  0  0
   -1.2559   10.0607    1.7820  N  0  0  0  0  0
   -1.3240    9.9830    3.5302  S  0  0  0  0  0
    0.5664   10.0447    4.3641  S  0  0  0  0  0
    0.6264    8.2879    4.8083  C  0  0  0  0  0
    1.5870    7.6591    5.5743  C  0  0  0  0  0
    1.6154    6.2487    5.5989  C  0  0  0  0  0
    0.7474    5.4451    4.8028  C  0  0  0  0  0
   -1.5111    7.7437    2.0565  C  0  0  0  0  0
  1 11  2  0  0  0
  1 17  1  0  0  0
  1  2  1  0  0  0
  2 13  2  0  0  0
  2  3  1  0  0  0
  3 16  2  0  0  0
  3  4  1  0  0  0
  4  5  1  0  0  0
  5 17  2  0  0  0
  5  6  1  0  0  0
  6  7  2  0  0  0
  7  8  1  0  0  0
  8  9  2  0  0  0
  9 10  1  0  0  0
  9 17  1  0  0  0
 10 11  1  0  0  0
 11 12  1  0  0  0
 12 13  1  0  0  0
 13 14  1  0  0  0
 14 15  2  0  0  0
 15 16  1  0  0  0
M  END
$$$$
