[c]12[c]3c4ccc[c]3nn[c]1cccc2NN4
  -ISIS-

 16 19  0  0  0  0  0  0  0  0  1
   -0.5425    5.3263   -5.8770  C  0  0  0  0  0
    0.4855    5.9416   -5.1536  C  0  0  0  0  0
    1.1724    5.2627   -4.1541  C  0  0  0  0  0
    2.1508    5.8480   -3.4501  N  0  0  0  0  0
    2.8261    5.1584   -2.4557  N  0  0  0  0  0
    2.5233    3.8845   -2.1710  C  0  0  0  0  0
    1.5105    3.2363   -2.8826  C  0  0  0  0  0
    0.8243    3.9359   -3.8878  C  0  0  0  0  0
   -0.1886    3.2877   -4.5994  C  0  0  0  0  0
   -0.8576    3.9926   -5.5931  C  0  0  0  0  0
   -0.4912    2.0138   -4.3149  N  0  0  0  0  0
    0.1842    1.3242   -3.3205  N  0  0  0  0  0
    1.1625    1.9095   -2.6165  C  0  0  0  0  0
    1.8494    1.2305   -1.6170  C  0  0  0  0  0
    2.8774    1.8459   -0.8935  C  0  0  0  0  0
    3.1924    3.1797   -1.1773  C  0  0  0  0  0
  1 10  2  0  0  0
  1  2  1  0  0  0
  2  3  2  0  0  0
  3  8  2  0  0  0
  3  4  1  0  0  0
  4  5  1  0  0  0
  5  6  1  0  0  0
  6 16  2  0  0  0
  6  7  2  0  0  0
  7 13  2  0  0  0
  7  8  1  0  0  0
  8  9  2  0  0  0
  9 10  1  0  0  0
  9 11  1  0  0  0
 11 12  2  0  0  0
 12 13  1  0  0  0
 13 14  1  0  0  0
 14 15  2  0  0  0
 15 16  1  0  0  0
M  END
$$$$
[c]12[c]3c4ccc[c]3nn[c]1cccc2NN4
  -ISIS-

 16 19  0  0  0  0  0  0  0  0  1
   -0.5425    5.3263   -5.8770  C  0  0  0  0  0
    0.4855    5.9416   -5.1536  C  0  0  0  0  0
    1.1724    5.2627   -4.1541  C  0  0  0  0  0
    2.1508    5.8480   -3.4501  N  0  0  0  0  0
    2.8261    5.1584   -2.4557  N  0  0  0  0  0
    2.5233    3.8845   -2.1710  C  0  0  0  0  0
    1.5105    3.2363   -2.8826  C  0  0  0  0  0
    0.8243    3.9359   -3.8878  C  0  0  0  0  0
   -0.1886    3.2877   -4.5994  C  0  0  0  0  0
   -0.8576    3.9926   -5.5931  C  0  0  0  0  0
   -0.4912    2.0138   -4.3149  N  0  0  0  0  0
    0.1842    1.3242   -3.3205  N  0  0  0  0  0
    1.1625    1.9095   -2.6165  C  0  0  0  0  0
    1.8494    1.2305   -1.6170  C  0  0  0  0  0
    2.8774    1.8459   -0.8935  C  0  0  0  0  0
    3.1924    3.1797   -1.1773  C  0  0  0  0  0
  1 10  2  0  0  0
  1  2  1  0  0  0
  2  3  2  0  0  0
  3  8  2  0  0  0
  3  4  1  0  0  0
  4  5  1  0  0  0
  5  6  1  0  0  0
  6 16  2  0  0  0
  6  7  2  0  0  0
  7 13  2  0  0  0
  7  8  1  0  0  0
  8  9  2  0  0  0
  9 10  1  0  0  0
  9 11  1  0  0  0
 11 12  2  0  0  0
 12 13  1  0  0  0
 13 14  1  0  0  0
 14 15  2  0  0  0
 15 16  1  0  0  0
M  END
$$$$
[c]12[c]3c4ccc[c]3nn[c]1cccc2NN4
  -ISIS-

 16 19  0  0  0  0  0  0  0  0  1
    3.7063    2.1697   -1.0129  C  0  0  0  0  0
    3.5224    3.4955   -0.6077  C  0  0  0  0  0
    3.1600    3.7604    0.7222  C  0  0  0  0  0
    2.9926    2.6920    1.6088  C  0  0  0  0  0
    3.1784    1.4359    1.1809  N  0  0  0  0  0
    3.5359    1.1742   -0.1324  N  0  0  0  0  0
    2.6343    2.9707    2.9218  C  0  0  0  0  0
    2.4449    4.2841    3.3501  C  0  0  0  0  0
    2.6180    5.3322    2.4469  C  0  0  0  0  0
    2.9759    5.0862    1.1272  C  0  0  0  0  0
    3.1465    6.0817    0.2467  N  0  0  0  0  0
    3.5043    5.8200   -1.0664  N  0  0  0  0  0
    3.6903    4.5639   -1.4942  C  0  0  0  0  0
    4.0491    4.2853   -2.8071  C  0  0  0  0  0
    4.2384    2.9719   -3.2354  C  0  0  0  0  0
    4.0650    1.9238   -2.3324  C  0  0  0  0  0
  1  6  1  0  0  0
  1 16  2  0  0  0
  1  2  1  0  0  0
  2 13  2  0  0  0
  2  3  1  0  0  0
  3 10  2  0  0  0
  3  4  1  0  0  0
  4  5  1  0  0  0
  4  7  2  0  0  0
  5  6  1  0  0  0
  7  8  1  0  0  0
  8  9  2  0  0  0
  9 10  1  0  0  0
 10 11  1  0  0  0
 11 12  2  0  0  0
 12 13  1  0  0  0
 13 14  1  0  0  0
 14 15  2  0  0  0
 15 16  1  0  0  0
M  END
$$$$
[c]12[c]3c4ccc[c]3nn[c]1cccc2NN4
  -ISIS-

 16 19  0  0  0  0  0  0  0  0  1
   -2.9622   -5.3421    4.0694  N  0  0  0  0  0
   -1.7280   -5.3380    4.7324  N  0  0  0  0  0
   -0.5801   -4.7668    4.1053  C  0  0  0  0  0
    0.6410   -4.6172    4.7781  C  0  0  0  0  0
    1.7421   -4.0615    4.1311  C  0  0  0  0  0
    1.6281   -3.6480    2.8048  C  0  0  0  0  0
    0.4301   -3.7666    2.1128  C  0  0  0  0  0
   -0.6803   -4.3150    2.7703  C  0  0  0  0  0
   -1.8883   -4.4261    2.0692  C  0  0  0  0  0
   -3.0429   -4.9371    2.7033  C  0  0  0  0  0
   -4.2266   -5.0502    1.9598  C  0  0  0  0  0
   -4.2694   -4.6377    0.6302  C  0  0  0  0  0
   -3.1251   -4.1117    0.0328  C  0  0  0  0  0
   -1.9319   -3.9992    0.7342  C  0  0  0  0  0
   -0.8430   -3.4878    0.1448  N  0  0  0  0  0
    0.3397   -3.3661    0.8376  N  0  0  0  0  0
  1 10  1  0  0  0
  1  2  1  0  0  0
  2  3  1  0  0  0
  3  8  2  0  0  0
  3  4  1  0  0  0
  4  5  2  0  0  0
  5  6  1  0  0  0
  6  7  2  0  0  0
  7 16  1  0  0  0
  7  8  2  0  0  0
  8  9  1  0  0  0
  9 14  2  0  0  0
  9 10  2  0  0  0
 10 11  2  0  0  0
 11 12  1  0  0  0
 12 13  2  0  0  0
 13 14  1  0  0  0
 14 15  1  0  0  0
 15 16  2  0  0  0
M  END
$$$$
[c]12[c]3c4ccc[c]3nn[c]1cccc2NN4
  -ISIS-

 16 19  0  0  0  0  0  0  0  0  1
   -2.9622   -5.3421    4.0694  N  0  0  0  0  0
   -1.7280   -5.3380    4.7324  N  0  0  0  0  0
   -0.5801   -4.7668    4.1053  C  0  0  0  0  0
    0.6410   -4.6172    4.7781  C  0  0  0  0  0
    1.7421   -4.0615    4.1311  C  0  0  0  0  0
    1.6281   -3.6480    2.8048  C  0  0  0  0  0
    0.4301   -3.7666    2.1128  C  0  0  0  0  0
   -0.6803   -4.3150    2.7703  C  0  0  0  0  0
   -1.8883   -4.4261    2.0692  C  0  0  0  0  0
   -3.0429   -4.9371    2.7033  C  0  0  0  0  0
   -4.2266   -5.0502    1.9598  C  0  0  0  0  0
   -4.2694   -4.6377    0.6302  C  0  0  0  0  0
   -3.1251   -4.1117    0.0328  C  0  0  0  0  0
   -1.9319   -3.9992    0.7342  C  0  0  0  0  0
   -0.8430   -3.4878    0.1448  N  0  0  0  0  0
    0.3397   -3.3661    0.8376  N  0  0  0  0  0
  1 10  1  0  0  0
  1  2  1  0  0  0
  2  3  1  0  0  0
  3  8  2  0  0  0
  3  4  1  0  0  0
  4  5  2  0  0  0
  5  6  1  0  0  0
  6  7  2  0  0  0
  7 16  1  0  0  0
  7  8  2  0  0  0
  8  9  1  0  0  0
  9 14  2  0  0  0
  9 10  2  0  0  0
 10 11  2  0  0  0
 11 12  1  0  0  0
 12 13  2  0  0  0
 13 14  1  0  0  0
 14 15  1  0  0  0
 15 16  2  0  0  0
M  END
$$$$
