[c]12[c]3nnn[n]3[c]4[c]([n]1nnn2)cccc4
  -ISIS-

 16 19  0  0  0  0  0  0  0  0  1
    0.2362    1.0090   -4.1459  C  0  0  0  0  0
   -1.1194    0.8322   -4.2869  N  0  0  0  0  0
   -1.7705    0.7214   -5.5361  C  0  0  0  0  0
   -3.1530    0.5425   -5.6287  C  0  0  0  0  0
   -3.7655    0.4371   -6.8918  C  0  0  0  0  0
   -2.9376    0.5187   -8.0398  C  0  0  0  0  0
   -1.5519    0.6978   -7.9549  C  0  0  0  0  0
   -0.9711    0.7990   -6.6992  C  0  0  0  0  0
    0.4187    0.9807   -6.5327  N  0  0  0  0  0
    1.0320    1.0855   -5.3078  C  0  0  0  0  0
    2.3196    1.2471   -5.4856  N  0  0  0  0  0
    2.4980    1.2406   -6.8571  N  0  0  0  0  0
    1.3427    1.0787   -7.4990  N  0  0  0  0  0
   -1.6864    0.7867   -3.0728  N  0  0  0  0  0
   -0.6792    0.9358   -2.2147  N  0  0  0  0  0
    0.5297    1.0762   -2.8711  N  0  0  0  0  0
  1 10  1  0  0  0
  1 16  2  0  0  0
  1  2  2  0  0  0
  2  3  1  0  0  0
  2 14  1  0  0  0
  3  8  2  0  0  0
  3  4  1  0  0  0
  4  5  2  0  0  0
  5  6  1  0  0  0
  6  7  2  0  0  0
  7  8  1  0  0  0
  8  9  1  0  0  0
  9 13  1  0  0  0
  9 10  2  0  0  0
 10 11  2  0  0  0
 11 12  1  0  0  0
 12 13  2  0  0  0
 14 15  2  0  0  0
 15 16  1  0  0  0
M  END
$$$$
