[c]12[c]3[c](o[c]1c[c]4[c](n2)cccc4)cccc3
  -ISIS-

 17 20  0  0  0  0  0  0  0  0  1
    5.9106    0.4626   -3.4156  C  0  0  0  0  0
    7.2548    0.2470   -3.3199  O  0  0  0  0  0
    7.6476    0.7042   -2.1006  C  0  0  0  0  0
    6.5638    1.2087   -1.3915  C  0  0  0  0  0
    5.4418    1.0457   -2.2471  C  0  0  0  0  0
    4.1405    1.3652   -2.0415  N  0  0  0  0  0
    3.3098    1.0761   -3.0540  C  0  0  0  0  0
    3.7015    0.4790   -4.2814  C  0  0  0  0  0
    5.0682    0.1584   -4.4780  C  0  0  0  0  0
    2.7135    0.2375   -5.2629  C  0  0  0  0  0
    1.3767    0.5682   -5.0488  C  0  0  0  0  0
    1.0031    1.1498   -3.8477  C  0  0  0  0  0
    1.9708    1.3949   -2.8703  C  0  0  0  0  0
    6.7855    1.7228   -0.0995  C  0  0  0  0  0
    8.0892    1.7065    0.4161  C  0  0  0  0  0
    9.1429    1.1910   -0.3367  C  0  0  0  0  0
    8.9553    0.6729   -1.6189  C  0  0  0  0  0
  1  9  2  0  0  0
  1  5  1  0  0  0
  1  2  1  0  0  0
  2  3  1  0  0  0
  3 17  2  0  0  0
  3  4  1  0  0  0
  4  5  1  0  0  0
  4 14  2  0  0  0
  5  6  2  0  0  0
  6  7  1  0  0  0
  7 13  1  0  0  0
  7  8  2  0  0  0
  8  9  1  0  0  0
  8 10  1  0  0  0
 10 11  2  0  0  0
 11 12  1  0  0  0
 12 13  2  0  0  0
 14 15  1  0  0  0
 15 16  2  0  0  0
 16 17  1  0  0  0
M  END
$$$$
[c]12[c]3[c](o[c]1c[c]4[c](n2)cccc4)cccc3
  -ISIS-

 17 20  0  0  0  0  0  0  0  0  1
    5.9106    0.4626   -3.4156  C  0  0  0  0  0
    7.2548    0.2470   -3.3199  O  0  0  0  0  0
    7.6476    0.7042   -2.1006  C  0  0  0  0  0
    6.5638    1.2087   -1.3915  C  0  0  0  0  0
    5.4418    1.0457   -2.2471  C  0  0  0  0  0
    4.1405    1.3652   -2.0415  N  0  0  0  0  0
    3.3098    1.0761   -3.0540  C  0  0  0  0  0
    3.7015    0.4790   -4.2814  C  0  0  0  0  0
    5.0682    0.1584   -4.4780  C  0  0  0  0  0
    2.7135    0.2375   -5.2629  C  0  0  0  0  0
    1.3767    0.5682   -5.0488  C  0  0  0  0  0
    1.0031    1.1498   -3.8477  C  0  0  0  0  0
    1.9708    1.3949   -2.8703  C  0  0  0  0  0
    6.7855    1.7228   -0.0995  C  0  0  0  0  0
    8.0892    1.7065    0.4161  C  0  0  0  0  0
    9.1429    1.1910   -0.3367  C  0  0  0  0  0
    8.9553    0.6729   -1.6189  C  0  0  0  0  0
  1  9  2  0  0  0
  1  5  1  0  0  0
  1  2  1  0  0  0
  2  3  1  0  0  0
  3 17  2  0  0  0
  3  4  1  0  0  0
  4  5  1  0  0  0
  4 14  2  0  0  0
  5  6  2  0  0  0
  6  7  1  0  0  0
  7 13  1  0  0  0
  7  8  2  0  0  0
  8  9  1  0  0  0
  8 10  1  0  0  0
 10 11  2  0  0  0
 11 12  1  0  0  0
 12 13  2  0  0  0
 14 15  1  0  0  0
 15 16  2  0  0  0
 16 17  1  0  0  0
M  END
$$$$
[c]12[c]3[c](o[c]1c[c]4[c](n2)cccc4)cccc3
  -ISIS-

 17 20  0  0  0  0  0  0  0  0  1
   -5.0595   -1.4690    1.4888  C  0  0  0  0  0
   -5.2470   -0.6452    0.3856  C  0  0  0  0  0
   -4.5599    0.5938    0.4281  C  0  0  0  0  0
   -3.7501    0.8873    1.5572  C  0  0  0  0  0
   -3.5795    0.0757    2.6112  N  0  0  0  0  0
   -4.2493   -1.1015    2.5536  C  0  0  0  0  0
   -4.2929   -2.1692    3.4894  C  0  0  0  0  0
   -5.1385   -3.1195    2.9290  C  0  0  0  0  0
   -5.4578   -4.3370    3.5280  C  0  0  0  0  0
   -4.8692   -4.5756    4.7706  C  0  0  0  0  0
   -4.0164   -3.6543    5.3762  C  0  0  0  0  0
   -3.7161   -2.4388    4.7452  C  0  0  0  0  0
   -5.6079   -2.6962    1.7247  O  0  0  0  0  0
   -3.0734    2.0996    1.5895  C  0  0  0  0  0
   -3.1620    3.0329    0.5537  C  0  0  0  0  0
   -3.9493    2.7542   -0.5521  C  0  0  0  0  0
   -4.6403    1.5456   -0.6138  C  0  0  0  0  0
  1  6  2  0  0  0
  1 13  1  0  0  0
  1  2  1  0  0  0
  2  3  2  0  0  0
  3 17  1  0  0  0
  3  4  2  0  0  0
  4  5  2  0  0  0
  4 14  1  0  0  0
  5  6  1  0  0  0
  6  7  1  0  0  0
  7 12  2  0  0  0
  7  8  1  0  0  0
  8  9  2  0  0  0
  8 13  1  0  0  0
  9 10  1  0  0  0
 10 11  2  0  0  0
 11 12  1  0  0  0
 14 15  2  0  0  0
 15 16  1  0  0  0
 16 17  2  0  0  0
M  END
$$$$
[c]12[c]3[c](o[c]1c[c]4[c](n2)cccc4)cccc3
  -ISIS-

 17 20  0  0  0  0  0  0  0  0  1
   -5.0595   -1.4690    1.4888  C  0  0  0  0  0
   -5.2470   -0.6452    0.3856  C  0  0  0  0  0
   -4.5599    0.5938    0.4281  C  0  0  0  0  0
   -3.7501    0.8873    1.5572  C  0  0  0  0  0
   -3.5795    0.0757    2.6112  N  0  0  0  0  0
   -4.2493   -1.1015    2.5536  C  0  0  0  0  0
   -4.2929   -2.1692    3.4894  C  0  0  0  0  0
   -5.1385   -3.1195    2.9290  C  0  0  0  0  0
   -5.4578   -4.3370    3.5280  C  0  0  0  0  0
   -4.8692   -4.5756    4.7706  C  0  0  0  0  0
   -4.0164   -3.6543    5.3762  C  0  0  0  0  0
   -3.7161   -2.4388    4.7452  C  0  0  0  0  0
   -5.6079   -2.6962    1.7247  O  0  0  0  0  0
   -3.0734    2.0996    1.5895  C  0  0  0  0  0
   -3.1620    3.0329    0.5537  C  0  0  0  0  0
   -3.9493    2.7542   -0.5521  C  0  0  0  0  0
   -4.6403    1.5456   -0.6138  C  0  0  0  0  0
  1  6  2  0  0  0
  1 13  1  0  0  0
  1  2  1  0  0  0
  2  3  2  0  0  0
  3 17  1  0  0  0
  3  4  2  0  0  0
  4  5  2  0  0  0
  4 14  1  0  0  0
  5  6  1  0  0  0
  6  7  1  0  0  0
  7 12  2  0  0  0
  7  8  1  0  0  0
  8  9  2  0  0  0
  8 13  1  0  0  0
  9 10  1  0  0  0
 10 11  2  0  0  0
 11 12  1  0  0  0
 14 15  2  0  0  0
 15 16  1  0  0  0
 16 17  2  0  0  0
M  END
$$$$
[c]12[c]3[c](o[c]1c[c]4[c](n2)cccc4)cccc3
  -ISIS-

 17 20  0  0  0  0  0  0  0  0  1
   -0.1138    2.0713    1.5286  C  0  0  0  0  0
   -0.0332    2.8928    2.6418  C  0  0  0  0  0
    0.3818    4.1805    2.5897  N  0  0  0  0  0
    0.7206    4.6452    1.3741  C  0  0  0  0  0
    1.1575    5.9749    1.2814  C  0  0  0  0  0
    1.5346    6.5350    0.0495  C  0  0  0  0  0
    1.4799    5.7755   -1.1081  C  0  0  0  0  0
    1.0494    4.4549   -1.0387  C  0  0  0  0  0
    0.6634    3.8656    0.1845  C  0  0  0  0  0
    0.2310    2.5173    0.2605  C  0  0  0  0  0
   -0.4587    2.1191    3.7543  C  0  0  0  0  0
   -0.7775    0.8692    3.2365  C  0  0  0  0  0
   -1.2412   -0.2016    3.9989  C  0  0  0  0  0
   -1.3802    0.0415    5.3661  C  0  0  0  0  0
   -1.0763    1.2776    5.9341  C  0  0  0  0  0
   -0.6116    2.3336    5.1374  C  0  0  0  0  0
   -0.5766    0.8399    1.8915  O  0  0  0  0  0
  1 10  2  0  0  0
  1 17  1  0  0  0
  1  2  1  0  0  0
  2  3  2  0  0  0
  2 11  1  0  0  0
  3  4  1  0  0  0
  4  9  2  0  0  0
  4  5  1  0  0  0
  5  6  2  0  0  0
  6  7  1  0  0  0
  7  8  2  0  0  0
  8  9  1  0  0  0
  9 10  1  0  0  0
 11 16  2  0  0  0
 11 12  1  0  0  0
 12 13  2  0  0  0
 12 17  1  0  0  0
 13 14  1  0  0  0
 14 15  2  0  0  0
 15 16  1  0  0  0
M  END
$$$$
[c]12[c]3[c](o[c]1c[c]4[c](n2)cccc4)cccc3
  -ISIS-

 17 20  0  0  0  0  0  0  0  0  1
   -0.1138    2.0713    1.5286  C  0  0  0  0  0
   -0.0332    2.8928    2.6418  C  0  0  0  0  0
    0.3818    4.1805    2.5897  N  0  0  0  0  0
    0.7206    4.6452    1.3741  C  0  0  0  0  0
    1.1575    5.9749    1.2814  C  0  0  0  0  0
    1.5346    6.5350    0.0495  C  0  0  0  0  0
    1.4799    5.7755   -1.1081  C  0  0  0  0  0
    1.0494    4.4549   -1.0387  C  0  0  0  0  0
    0.6634    3.8656    0.1845  C  0  0  0  0  0
    0.2310    2.5173    0.2605  C  0  0  0  0  0
   -0.4587    2.1191    3.7543  C  0  0  0  0  0
   -0.7775    0.8692    3.2365  C  0  0  0  0  0
   -1.2412   -0.2016    3.9989  C  0  0  0  0  0
   -1.3802    0.0415    5.3661  C  0  0  0  0  0
   -1.0763    1.2776    5.9341  C  0  0  0  0  0
   -0.6116    2.3336    5.1374  C  0  0  0  0  0
   -0.5766    0.8399    1.8915  O  0  0  0  0  0
  1 10  2  0  0  0
  1 17  1  0  0  0
  1  2  1  0  0  0
  2  3  2  0  0  0
  2 11  1  0  0  0
  3  4  1  0  0  0
  4  9  2  0  0  0
  4  5  1  0  0  0
  5  6  2  0  0  0
  6  7  1  0  0  0
  7  8  2  0  0  0
  8  9  1  0  0  0
  9 10  1  0  0  0
 11 16  2  0  0  0
 11 12  1  0  0  0
 12 13  2  0  0  0
 12 17  1  0  0  0
 13 14  1  0  0  0
 14 15  2  0  0  0
 15 16  1  0  0  0
M  END
$$$$
[c]12[c]3[c](o[c]1c[c]4[c](n2)cccc4)cccc3
  -ISIS-

 17 20  0  0  0  0  0  0  0  0  1
   -0.1138    2.0713    1.5286  C  0  0  0  0  0
   -0.0332    2.8928    2.6418  C  0  0  0  0  0
    0.3818    4.1805    2.5897  N  0  0  0  0  0
    0.7206    4.6452    1.3741  C  0  0  0  0  0
    1.1575    5.9749    1.2814  C  0  0  0  0  0
    1.5346    6.5350    0.0495  C  0  0  0  0  0
    1.4799    5.7755   -1.1081  C  0  0  0  0  0
    1.0494    4.4549   -1.0387  C  0  0  0  0  0
    0.6634    3.8656    0.1845  C  0  0  0  0  0
    0.2310    2.5173    0.2605  C  0  0  0  0  0
   -0.4587    2.1191    3.7543  C  0  0  0  0  0
   -0.7775    0.8692    3.2365  C  0  0  0  0  0
   -1.2412   -0.2016    3.9989  C  0  0  0  0  0
   -1.3802    0.0415    5.3661  C  0  0  0  0  0
   -1.0763    1.2776    5.9341  C  0  0  0  0  0
   -0.6116    2.3336    5.1374  C  0  0  0  0  0
   -0.5766    0.8399    1.8915  O  0  0  0  0  0
  1 10  2  0  0  0
  1 17  1  0  0  0
  1  2  1  0  0  0
  2  3  2  0  0  0
  2 11  1  0  0  0
  3  4  1  0  0  0
  4  9  2  0  0  0
  4  5  1  0  0  0
  5  6  2  0  0  0
  6  7  1  0  0  0
  7  8  2  0  0  0
  8  9  1  0  0  0
  9 10  1  0  0  0
 11 16  2  0  0  0
 11 12  1  0  0  0
 12 13  2  0  0  0
 12 17  1  0  0  0
 13 14  1  0  0  0
 14 15  2  0  0  0
 15 16  1  0  0  0
M  END
$$$$
[c]12[c]3[c](o[c]1c[c]4[c](n2)cccc4)cccc3
  -ISIS-

 17 20  0  0  0  0  0  0  0  0  1
   -2.4673    3.6811   -8.7327  C  0  0  0  0  0
   -3.2402    3.8202   -9.8791  C  0  0  0  0  0
   -3.8422    2.6284  -10.3549  C  0  0  0  0  0
   -3.6231    1.4205   -9.6410  C  0  0  0  0  0
   -2.8756    1.3085   -8.5332  N  0  0  0  0  0
   -2.3043    2.4582   -8.0978  C  0  0  0  0  0
   -1.4616    2.6871   -6.9775  C  0  0  0  0  0
   -1.1615    4.0439   -7.0099  C  0  0  0  0  0
   -0.3528    4.6917   -6.0775  C  0  0  0  0  0
    0.1692    3.8876   -5.0634  C  0  0  0  0  0
   -0.0996    2.5220   -4.9877  C  0  0  0  0  0
   -0.9180    1.9022   -5.9426  C  0  0  0  0  0
   -1.7618    4.6447   -8.0723  O  0  0  0  0  0
   -4.2218    0.2577  -10.1077  C  0  0  0  0  0
   -5.0283    0.2379  -11.2483  C  0  0  0  0  0
   -5.2483    1.4123  -11.9503  C  0  0  0  0  0
   -4.6613    2.5957  -11.5064  C  0  0  0  0  0
  1  6  2  0  0  0
  1 13  1  0  0  0
  1  2  1  0  0  0
  2  3  2  0  0  0
  3 17  1  0  0  0
  3  4  2  0  0  0
  4  5  2  0  0  0
  4 14  1  0  0  0
  5  6  1  0  0  0
  6  7  1  0  0  0
  7 12  2  0  0  0
  7  8  1  0  0  0
  8  9  2  0  0  0
  8 13  1  0  0  0
  9 10  1  0  0  0
 10 11  2  0  0  0
 11 12  1  0  0  0
 14 15  2  0  0  0
 15 16  1  0  0  0
 16 17  2  0  0  0
M  END
$$$$
[c]12[c]3[c](o[c]1c[c]4[c](n2)cccc4)cccc3
  -ISIS-

 17 20  0  0  0  0  0  0  0  0  1
   -2.4673    3.6811   -8.7327  C  0  0  0  0  0
   -3.2402    3.8202   -9.8791  C  0  0  0  0  0
   -3.8422    2.6284  -10.3549  C  0  0  0  0  0
   -3.6231    1.4205   -9.6410  C  0  0  0  0  0
   -2.8756    1.3085   -8.5332  N  0  0  0  0  0
   -2.3043    2.4582   -8.0978  C  0  0  0  0  0
   -1.4616    2.6871   -6.9775  C  0  0  0  0  0
   -1.1615    4.0439   -7.0099  C  0  0  0  0  0
   -0.3528    4.6917   -6.0775  C  0  0  0  0  0
    0.1692    3.8876   -5.0634  C  0  0  0  0  0
   -0.0996    2.5220   -4.9877  C  0  0  0  0  0
   -0.9180    1.9022   -5.9426  C  0  0  0  0  0
   -1.7618    4.6447   -8.0723  O  0  0  0  0  0
   -4.2218    0.2577  -10.1077  C  0  0  0  0  0
   -5.0283    0.2379  -11.2483  C  0  0  0  0  0
   -5.2483    1.4123  -11.9503  C  0  0  0  0  0
   -4.6613    2.5957  -11.5064  C  0  0  0  0  0
  1  6  2  0  0  0
  1 13  1  0  0  0
  1  2  1  0  0  0
  2  3  2  0  0  0
  3 17  1  0  0  0
  3  4  2  0  0  0
  4  5  2  0  0  0
  4 14  1  0  0  0
  5  6  1  0  0  0
  6  7  1  0  0  0
  7 12  2  0  0  0
  7  8  1  0  0  0
  8  9  2  0  0  0
  8 13  1  0  0  0
  9 10  1  0  0  0
 10 11  2  0  0  0
 11 12  1  0  0  0
 14 15  2  0  0  0
 15 16  1  0  0  0
 16 17  2  0  0  0
M  END
$$$$
