[c]12c3c([s][c]1nc[n]4[c]2nnc4)CCCC3
  -ISIS-

 16 19  0  0  0  0  0  0  0  0  1
    5.1632   -2.4159    0.9969  C  0  0  0  0  0
    4.5686   -1.5959    1.8284  N  0  0  0  0  0
    3.2785   -2.0658    2.0066  N  0  0  0  0  0
    3.1263   -3.1573    1.2774  C  0  0  0  0  0
    4.3018   -3.4115    0.6204  N  0  0  0  0  0
    4.6767   -4.4206   -0.2647  C  0  0  0  0  0
    5.8746   -4.4692   -0.7852  N  0  0  0  0  0
    6.7227   -3.4604   -0.3954  C  0  0  0  0  0
    8.3266   -3.3481   -0.9759  S  0  0  0  0  0
    8.6237   -1.9304   -0.0705  C  0  0  0  0  0
    7.5353   -1.5295    0.6851  C  0  0  0  0  0
    6.4502   -2.4170    0.4782  C  0  0  0  0  0
    7.5645   -0.3026    1.5448  C  0  0  0  0  0
    8.9995    0.2052    1.7643  C  0  0  0  0  0
    9.8616    0.1856    0.4823  C  0  0  0  0  0
    9.9565   -1.2434   -0.0999  C  0  0  0  0  0
  1  5  2  0  0  0
  1 12  1  0  0  0
  1  2  2  0  0  0
  2  3  1  0  0  0
  3  4  2  0  0  0
  4  5  1  0  0  0
  5  6  1  0  0  0
  6  7  2  0  0  0
  7  8  1  0  0  0
  8 12  2  0  0  0
  8  9  1  0  0  0
  9 10  1  0  0  0
 10 16  1  0  0  0
 10 11  2  0  0  0
 11 12  1  0  0  0
 11 13  1  0  0  0
 13 14  1  0  0  0
 14 15  1  0  0  0
 15 16  1  0  0  0
M  END
$$$$
