[c]12c3c([s][c]1nc[n]4[c]2nnc4)CCC3
  -ISIS-

 15 18  0  0  0  0  0  0  0  0  1
    1.6527   -4.7746   -2.9314  C  0  0  0  0  0
    1.8490   -4.1248   -4.0518  N  0  0  0  0  0
    2.7997   -4.8342   -4.7667  N  0  0  0  0  0
    3.1518   -5.8938   -4.0592  C  0  0  0  0  0
    2.4439   -5.8911   -2.8854  N  0  0  0  0  0
    2.4325   -6.7663   -1.7991  C  0  0  0  0  0
    1.6627   -6.5696   -0.7602  N  0  0  0  0  0
    0.8755   -5.4446   -0.8231  C  0  0  0  0  0
   -0.2114   -5.0105    0.4480  S  0  0  0  0  0
   -0.6992   -3.6474   -0.3990  C  0  0  0  0  0
   -0.0893   -3.4802   -1.6132  C  0  0  0  0  0
    0.8172   -4.5138   -1.8598  C  0  0  0  0  0
   -0.5729   -2.2609   -2.3011  C  0  0  0  0  0
   -1.3299   -1.5172   -1.1543  C  0  0  0  0  0
   -1.6794   -2.5859   -0.0709  C  0  0  0  0  0
  1  5  2  0  0  0
  1 12  1  0  0  0
  1  2  2  0  0  0
  2  3  1  0  0  0
  3  4  2  0  0  0
  4  5  1  0  0  0
  5  6  1  0  0  0
  6  7  2  0  0  0
  7  8  1  0  0  0
  8 12  2  0  0  0
  8  9  1  0  0  0
  9 10  1  0  0  0
 10 15  1  0  0  0
 10 11  2  0  0  0
 11 12  1  0  0  0
 11 13  1  0  0  0
 13 14  1  0  0  0
 14 15  1  0  0  0
M  END
$$$$
