[c]12c3c([s][c]1nc[n]4[c]2ncn4)CCCCCC3
  -ISIS-

 18 21  0  0  0  0  0  0  0  0  1
    5.1654    2.6761   -1.3108  C  0  0  0  0  0
    3.9729    3.0447   -0.9116  N  0  0  0  0  0
    3.7778    2.2805    0.2372  C  0  0  0  0  0
    4.8128    1.4640    0.5368  N  0  0  0  0  0
    5.6667    1.7364   -0.4593  N  0  0  0  0  0
    6.9150    1.1421   -0.6276  C  0  0  0  0  0
    7.6850    1.4624   -1.6362  N  0  0  0  0  0
    7.1659    2.4099   -2.4891  C  0  0  0  0  0
    5.9408    3.0596   -2.3997  C  0  0  0  0  0
    5.6905    4.0014   -3.4402  C  0  0  0  0  0
    6.7588    4.0069   -4.3281  C  0  0  0  0  0
    8.0182    2.9386   -3.8666  S  0  0  0  0  0
    6.8794    4.7984   -5.5961  C  0  0  0  0  0
    6.2602    4.0758   -6.7936  C  0  0  0  0  0
    4.8494    3.5038   -6.5975  C  0  0  0  0  0
    3.8066    4.4932   -6.0687  C  0  0  0  0  0
    3.4415    4.3116   -4.5872  C  0  0  0  0  0
    4.4640    4.8583   -3.5895  C  0  0  0  0  0
  1  9  1  0  0  0
  1  5  2  0  0  0
  1  2  2  0  0  0
  2  3  1  0  0  0
  3  4  2  0  0  0
  4  5  1  0  0  0
  5  6  1  0  0  0
  6  7  2  0  0  0
  7  8  1  0  0  0
  8 12  1  0  0  0
  8  9  2  0  0  0
  9 10  1  0  0  0
 10 18  1  0  0  0
 10 11  2  0  0  0
 11 12  1  0  0  0
 11 13  1  0  0  0
 13 14  1  0  0  0
 14 15  1  0  0  0
 15 16  1  0  0  0
 16 17  1  0  0  0
 17 18  1  0  0  0
M  END
$$$$
