[c]12[c]3[c](o[c]1c[c]4[c](c2)ccnc4)cccc3
  -ISIS-

 17 20  0  0  0  0  0  0  0  0  1
   -3.3457   -4.5520    0.6681  C  0  0  0  0  0
   -4.5206   -3.7263    0.7343  C  0  0  0  0  0
   -4.4130   -2.3393    1.0110  C  0  0  0  0  0
   -3.1495   -1.7279    1.2176  C  0  0  0  0  0
   -2.0379   -2.5702    1.1080  C  0  0  0  0  0
   -2.0760   -3.9335    0.8348  C  0  0  0  0  0
   -0.6966   -4.3515    0.7947  C  0  0  0  0  0
    0.0555   -3.2149    1.0677  C  0  0  0  0  0
   -0.7529   -2.1457    1.2577  O  0  0  0  0  0
    1.4477   -3.1770    1.1322  C  0  0  0  0  0
    2.1201   -4.3774    0.8971  C  0  0  0  0  0
    1.4153   -5.5453    0.6103  C  0  0  0  0  0
    0.0122   -5.5483    0.5538  C  0  0  0  0  0
   -5.6127   -1.6086    1.0676  C  0  0  0  0  0
   -6.8555   -2.1069    0.8773  N  0  0  0  0  0
   -6.9279   -3.4173    0.6097  C  0  0  0  0  0
   -5.8184   -4.2435    0.5296  C  0  0  0  0  0
  1  6  2  0  0  0
  1  2  1  0  0  0
  2 17  1  0  0  0
  2  3  2  0  0  0
  3  4  1  0  0  0
  3 14  1  0  0  0
  4  5  2  0  0  0
  5  9  1  0  0  0
  5  6  1  0  0  0
  6  7  1  0  0  0
  7 13  2  0  0  0
  7  8  1  0  0  0
  8  9  1  0  0  0
  8 10  2  0  0  0
 10 11  1  0  0  0
 11 12  2  0  0  0
 12 13  1  0  0  0
 14 15  2  0  0  0
 15 16  1  0  0  0
 16 17  2  0  0  0
M  END
$$$$
[c]12[c]3[c](o[c]1c[c]4[c](c2)ccnc4)cccc3
  -ISIS-

 17 20  0  0  0  0  0  0  0  0  1
   -3.3457   -4.5520    0.6681  C  0  0  0  0  0
   -4.5206   -3.7263    0.7343  C  0  0  0  0  0
   -4.4130   -2.3393    1.0110  C  0  0  0  0  0
   -3.1495   -1.7279    1.2176  C  0  0  0  0  0
   -2.0379   -2.5702    1.1080  C  0  0  0  0  0
   -2.0760   -3.9335    0.8348  C  0  0  0  0  0
   -0.6966   -4.3515    0.7947  C  0  0  0  0  0
    0.0555   -3.2149    1.0677  C  0  0  0  0  0
   -0.7529   -2.1457    1.2577  O  0  0  0  0  0
    1.4477   -3.1770    1.1322  C  0  0  0  0  0
    2.1201   -4.3774    0.8971  C  0  0  0  0  0
    1.4153   -5.5453    0.6103  C  0  0  0  0  0
    0.0122   -5.5483    0.5538  C  0  0  0  0  0
   -5.6127   -1.6086    1.0676  C  0  0  0  0  0
   -6.8555   -2.1069    0.8773  N  0  0  0  0  0
   -6.9279   -3.4173    0.6097  C  0  0  0  0  0
   -5.8184   -4.2435    0.5296  C  0  0  0  0  0
  1  6  2  0  0  0
  1  2  1  0  0  0
  2 17  1  0  0  0
  2  3  2  0  0  0
  3  4  1  0  0  0
  3 14  1  0  0  0
  4  5  2  0  0  0
  5  9  1  0  0  0
  5  6  1  0  0  0
  6  7  1  0  0  0
  7 13  2  0  0  0
  7  8  1  0  0  0
  8  9  1  0  0  0
  8 10  2  0  0  0
 10 11  1  0  0  0
 11 12  2  0  0  0
 12 13  1  0  0  0
 14 15  2  0  0  0
 15 16  1  0  0  0
 16 17  2  0  0  0
M  END
$$$$
