[c]12[c](con1)cccc2
  -ISIS-

  9 10  0  0  0  0  0  0  0  0  1
   -3.9148   -1.7127    3.1278  C  0  0  0  0  0
   -4.2727   -2.3959    1.9650  C  0  0  0  0  0
   -3.2052   -2.4739    1.0322  C  0  0  0  0  0
   -1.9077   -1.9070    1.3100  C  0  0  0  0  0
   -1.5758   -1.2102    2.4949  C  0  0  0  0  0
   -2.6323   -1.1202    3.4142  C  0  0  0  0  0
   -2.6798   -0.5295    4.6188  N  0  0  0  0  0
   -3.9601   -0.7285    5.1051  O  0  0  0  0  0
   -4.7079   -1.4503    4.2148  C  0  0  0  0  0
  1  6  2  0  0  0
  1  9  2  0  0  0
  1  2  1  0  0  0
  2  3  2  0  0  0
  3  4  1  0  0  0
  4  5  2  0  0  0
  5  6  1  0  0  0
  6  7  2  0  0  0
  7  8  1  0  0  0
  8  9  1  0  0  0
M  END
$$$$
[c]12[c](con1)cccc2
  -ISIS-

  9 10  0  0  0  0  0  0  0  0  1
   -3.9148   -1.7127    3.1278  C  0  0  0  0  0
   -4.2727   -2.3959    1.9650  C  0  0  0  0  0
   -3.2052   -2.4739    1.0322  C  0  0  0  0  0
   -1.9077   -1.9070    1.3100  C  0  0  0  0  0
   -1.5758   -1.2102    2.4949  C  0  0  0  0  0
   -2.6323   -1.1202    3.4142  C  0  0  0  0  0
   -2.6798   -0.5295    4.6188  N  0  0  0  0  0
   -3.9601   -0.7285    5.1051  O  0  0  0  0  0
   -4.7079   -1.4503    4.2148  C  0  0  0  0  0
  1  6  2  0  0  0
  1  9  2  0  0  0
  1  2  1  0  0  0
  2  3  2  0  0  0
  3  4  1  0  0  0
  4  5  2  0  0  0
  5  6  1  0  0  0
  6  7  2  0  0  0
  7  8  1  0  0  0
  8  9  1  0  0  0
M  END
$$$$
[c]12[c](con1)cccc2
  -ISIS-

  9 10  0  0  0  0  0  0  0  0  1
   -5.6879   -2.3309    4.4133  C  0  0  0  0  0
   -6.2559   -2.7056    5.6305  C  0  0  0  0  0
   -5.2844   -2.7490    6.6509  C  0  0  0  0  0
   -3.9011   -2.4425    6.4608  C  0  0  0  0  0
   -3.3583   -2.0542    5.2153  C  0  0  0  0  0
   -4.3022   -2.0003    4.1752  C  0  0  0  0  0
   -4.1472   -1.6634    2.8858  N  0  0  0  0  0
   -5.3954   -1.7673    2.2973  O  0  0  0  0  0
   -6.3277   -2.1783    3.2106  C  0  0  0  0  0
  1  6  2  0  0  0
  1  9  2  0  0  0
  1  2  1  0  0  0
  2  3  2  0  0  0
  3  4  1  0  0  0
  4  5  2  0  0  0
  5  6  1  0  0  0
  6  7  2  0  0  0
  7  8  1  0  0  0
  8  9  1  0  0  0
M  END
$$$$
[c]12[c](con1)cccc2
  -ISIS-

  9 10  0  0  0  0  0  0  0  0  1
   -5.6879   -2.3309    4.4133  C  0  0  0  0  0
   -6.2559   -2.7056    5.6305  C  0  0  0  0  0
   -5.2844   -2.7490    6.6509  C  0  0  0  0  0
   -3.9011   -2.4425    6.4608  C  0  0  0  0  0
   -3.3583   -2.0542    5.2153  C  0  0  0  0  0
   -4.3022   -2.0003    4.1752  C  0  0  0  0  0
   -4.1472   -1.6634    2.8858  N  0  0  0  0  0
   -5.3954   -1.7673    2.2973  O  0  0  0  0  0
   -6.3277   -2.1783    3.2106  C  0  0  0  0  0
  1  6  2  0  0  0
  1  9  2  0  0  0
  1  2  1  0  0  0
  2  3  2  0  0  0
  3  4  1  0  0  0
  4  5  2  0  0  0
  5  6  1  0  0  0
  6  7  2  0  0  0
  7  8  1  0  0  0
  8  9  1  0  0  0
M  END
$$$$
[c]12[c](con1)cccc2
  -ISIS-

  9 10  0  0  0  0  0  0  0  0  1
    1.4233    0.9910    3.4983  C  0  0  0  0  0
    0.0749    1.2717    3.2751  C  0  0  0  0  0
   -0.0881    2.5476    2.6910  C  0  0  0  0  0
    0.9967    3.4309    2.3766  C  0  0  0  0  0
    2.3520    3.1184    2.6262  C  0  0  0  0  0
    2.5451    1.8549    3.2100  C  0  0  0  0  0
    3.6769    1.2441    3.5916  N  0  0  0  0  0
    3.3081    0.0187    4.1179  O  0  0  0  0  0
    1.9515   -0.1442    4.0561  C  0  0  0  0  0
  1  6  2  0  0  0
  1  9  2  0  0  0
  1  2  1  0  0  0
  2  3  2  0  0  0
  3  4  1  0  0  0
  4  5  2  0  0  0
  5  6  1  0  0  0
  6  7  2  0  0  0
  7  8  1  0  0  0
  8  9  1  0  0  0
M  END
$$$$
[c]12[c](con1)cccc2
  -ISIS-

  9 10  0  0  0  0  0  0  0  0  1
    1.4233    0.9910    3.4983  C  0  0  0  0  0
    0.0749    1.2717    3.2751  C  0  0  0  0  0
   -0.0881    2.5476    2.6910  C  0  0  0  0  0
    0.9967    3.4309    2.3766  C  0  0  0  0  0
    2.3520    3.1184    2.6262  C  0  0  0  0  0
    2.5451    1.8549    3.2100  C  0  0  0  0  0
    3.6769    1.2441    3.5916  N  0  0  0  0  0
    3.3081    0.0187    4.1179  O  0  0  0  0  0
    1.9515   -0.1442    4.0561  C  0  0  0  0  0
  1  6  2  0  0  0
  1  9  2  0  0  0
  1  2  1  0  0  0
  2  3  2  0  0  0
  3  4  1  0  0  0
  4  5  2  0  0  0
  5  6  1  0  0  0
  6  7  2  0  0  0
  7  8  1  0  0  0
  8  9  1  0  0  0
M  END
$$$$
[c]12[c](con1)cccc2
  -ISIS-

  9 10  0  0  0  0  0  0  0  0  1
   -0.8024    5.6024   -1.3873  C  0  0  0  0  0
   -2.1231    5.5799   -0.9383  C  0  0  0  0  0
   -2.8220    4.4171   -1.3614  C  0  0  0  0  0
   -2.1848    3.3967   -2.1599  C  0  0  0  0  0
   -0.8451    3.4514   -2.6097  C  0  0  0  0  0
   -0.1560    4.6033   -2.2005  C  0  0  0  0  0
    1.1058    4.9878   -2.4495  N  0  0  0  0  0
    1.2780    6.2073   -1.8183  O  0  0  0  0  0
    0.1332    6.5799   -1.1676  C  0  0  0  0  0
  1  6  2  0  0  0
  1  9  2  0  0  0
  1  2  1  0  0  0
  2  3  2  0  0  0
  3  4  1  0  0  0
  4  5  2  0  0  0
  5  6  1  0  0  0
  6  7  2  0  0  0
  7  8  1  0  0  0
  8  9  1  0  0  0
M  END
$$$$
[c]12[c](con1)cccc2
  -ISIS-

  9 10  0  0  0  0  0  0  0  0  1
   -0.8024    5.6024   -1.3873  C  0  0  0  0  0
   -2.1231    5.5799   -0.9383  C  0  0  0  0  0
   -2.8220    4.4171   -1.3614  C  0  0  0  0  0
   -2.1848    3.3967   -2.1599  C  0  0  0  0  0
   -0.8451    3.4514   -2.6097  C  0  0  0  0  0
   -0.1560    4.6033   -2.2005  C  0  0  0  0  0
    1.1058    4.9878   -2.4495  N  0  0  0  0  0
    1.2780    6.2073   -1.8183  O  0  0  0  0  0
    0.1332    6.5799   -1.1676  C  0  0  0  0  0
  1  6  2  0  0  0
  1  9  2  0  0  0
  1  2  1  0  0  0
  2  3  2  0  0  0
  3  4  1  0  0  0
  4  5  2  0  0  0
  5  6  1  0  0  0
  6  7  2  0  0  0
  7  8  1  0  0  0
  8  9  1  0  0  0
M  END
$$$$
[c]12[c](con1)cccc2
  -ISIS-

  9 10  0  0  0  0  0  0  0  0  1
   -3.0846    1.9564    0.8258  C  0  0  0  0  0
   -3.4950    3.0040    1.6499  C  0  0  0  0  0
   -3.3858    2.6491    3.0107  C  0  0  0  0  0
   -2.9207    1.3807    3.4802  C  0  0  0  0  0
   -2.5221    0.3361    2.6161  C  0  0  0  0  0
   -2.6202    0.6568    1.2512  C  0  0  0  0  0
   -2.3447   -0.0859    0.1681  N  0  0  0  0  0
   -2.6236    0.7026   -0.9338  O  0  0  0  0  0
   -3.0613    1.9389   -0.5447  C  0  0  0  0  0
  1  6  2  0  0  0
  1  9  2  0  0  0
  1  2  1  0  0  0
  2  3  2  0  0  0
  3  4  1  0  0  0
  4  5  2  0  0  0
  5  6  1  0  0  0
  6  7  2  0  0  0
  7  8  1  0  0  0
  8  9  1  0  0  0
M  END
$$$$
[c]12[c](con1)cccc2
  -ISIS-

  9 10  0  0  0  0  0  0  0  0  1
   -3.0846    1.9564    0.8258  C  0  0  0  0  0
   -3.4950    3.0040    1.6499  C  0  0  0  0  0
   -3.3858    2.6491    3.0107  C  0  0  0  0  0
   -2.9207    1.3807    3.4802  C  0  0  0  0  0
   -2.5221    0.3361    2.6161  C  0  0  0  0  0
   -2.6202    0.6568    1.2512  C  0  0  0  0  0
   -2.3447   -0.0859    0.1681  N  0  0  0  0  0
   -2.6236    0.7026   -0.9338  O  0  0  0  0  0
   -3.0613    1.9389   -0.5447  C  0  0  0  0  0
  1  6  2  0  0  0
  1  9  2  0  0  0
  1  2  1  0  0  0
  2  3  2  0  0  0
  3  4  1  0  0  0
  4  5  2  0  0  0
  5  6  1  0  0  0
  6  7  2  0  0  0
  7  8  1  0  0  0
  8  9  1  0  0  0
M  END
$$$$
[c]12[c](con1)cccc2
  -ISIS-

  9 10  0  0  0  0  0  0  0  0  1
   -0.3972   -0.7045    8.0045  C  0  0  0  0  0
   -1.7244   -0.3222    7.8212  C  0  0  0  0  0
   -1.8953    1.0664    8.0199  C  0  0  0  0  0
   -0.8225    1.9572    8.3728  C  0  0  0  0  0
    0.5126    1.5324    8.5621  C  0  0  0  0  0
    0.7021    0.1552    8.3701  C  0  0  0  0  0
    1.8166   -0.5829    8.4789  N  0  0  0  0  0
    1.4570   -1.8885    8.1959  O  0  0  0  0  0
    0.1238   -1.9682    7.8997  C  0  0  0  0  0
  1  9  2  0  0  0
  1  6  2  0  0  0
  1  2  1  0  0  0
  2  3  2  0  0  0
  3  4  1  0  0  0
  4  5  2  0  0  0
  5  6  1  0  0  0
  6  7  2  0  0  0
  7  8  1  0  0  0
  8  9  1  0  0  0
M  END
$$$$
[c]12[c](con1)cccc2
  -ISIS-

  9 10  0  0  0  0  0  0  0  0  1
   -0.3972   -0.7045    8.0045  C  0  0  0  0  0
   -1.7244   -0.3222    7.8212  C  0  0  0  0  0
   -1.8953    1.0664    8.0199  C  0  0  0  0  0
   -0.8225    1.9572    8.3728  C  0  0  0  0  0
    0.5126    1.5324    8.5621  C  0  0  0  0  0
    0.7021    0.1552    8.3701  C  0  0  0  0  0
    1.8166   -0.5829    8.4789  N  0  0  0  0  0
    1.4570   -1.8885    8.1959  O  0  0  0  0  0
    0.1238   -1.9682    7.8997  C  0  0  0  0  0
  1  9  2  0  0  0
  1  6  2  0  0  0
  1  2  1  0  0  0
  2  3  2  0  0  0
  3  4  1  0  0  0
  4  5  2  0  0  0
  5  6  1  0  0  0
  6  7  2  0  0  0
  7  8  1  0  0  0
  8  9  1  0  0  0
M  END
$$$$
[c]12[c](con1)cccc2
  -ISIS-

  9 10  0  0  0  0  0  0  0  0  1
   -0.3972   -0.7045    8.0045  C  0  0  0  0  0
   -1.7244   -0.3222    7.8212  C  0  0  0  0  0
   -1.8953    1.0664    8.0199  C  0  0  0  0  0
   -0.8225    1.9572    8.3728  C  0  0  0  0  0
    0.5126    1.5324    8.5621  C  0  0  0  0  0
    0.7021    0.1552    8.3701  C  0  0  0  0  0
    1.8166   -0.5829    8.4789  N  0  0  0  0  0
    1.4570   -1.8885    8.1959  O  0  0  0  0  0
    0.1238   -1.9682    7.8997  C  0  0  0  0  0
  1  9  2  0  0  0
  1  6  2  0  0  0
  1  2  1  0  0  0
  2  3  2  0  0  0
  3  4  1  0  0  0
  4  5  2  0  0  0
  5  6  1  0  0  0
  6  7  2  0  0  0
  7  8  1  0  0  0
  8  9  1  0  0  0
M  END
$$$$
[c]12[c](con1)cccc2
  -ISIS-

  9 10  0  0  0  0  0  0  0  0  1
   -0.6150    2.7652    0.1027  C  0  0  0  0  0
   -1.7523    1.9581    0.0641  C  0  0  0  0  0
   -1.4700    0.6423   -0.3909  C  0  0  0  0  0
   -0.1431    0.2455   -0.7938  C  0  0  0  0  0
    0.9908    1.0901   -0.7568  C  0  0  0  0  0
    0.7185    2.3859   -0.2919  C  0  0  0  0  0
    1.5383    3.4381   -0.1397  N  0  0  0  0  0
    0.7601    4.4779    0.3382  O  0  0  0  0  0
   -0.5391    4.0769    0.4942  C  0  0  0  0  0
  1  9  2  0  0  0
  1  6  2  0  0  0
  1  2  1  0  0  0
  2  3  2  0  0  0
  3  4  1  0  0  0
  4  5  2  0  0  0
  5  6  1  0  0  0
  6  7  2  0  0  0
  7  8  1  0  0  0
  8  9  1  0  0  0
M  END
$$$$
[c]12[c](con1)cccc2
  -ISIS-

  9 10  0  0  0  0  0  0  0  0  1
   -0.6150    2.7652    0.1027  C  0  0  0  0  0
   -1.7523    1.9581    0.0641  C  0  0  0  0  0
   -1.4700    0.6423   -0.3909  C  0  0  0  0  0
   -0.1431    0.2455   -0.7938  C  0  0  0  0  0
    0.9908    1.0901   -0.7568  C  0  0  0  0  0
    0.7185    2.3859   -0.2919  C  0  0  0  0  0
    1.5383    3.4381   -0.1397  N  0  0  0  0  0
    0.7601    4.4779    0.3382  O  0  0  0  0  0
   -0.5391    4.0769    0.4942  C  0  0  0  0  0
  1  9  2  0  0  0
  1  6  2  0  0  0
  1  2  1  0  0  0
  2  3  2  0  0  0
  3  4  1  0  0  0
  4  5  2  0  0  0
  5  6  1  0  0  0
  6  7  2  0  0  0
  7  8  1  0  0  0
  8  9  1  0  0  0
M  END
$$$$
[c]12[c](con1)cccc2
  -ISIS-

  9 10  0  0  0  0  0  0  0  0  1
   -2.1492   -1.7494    8.1933  C  0  0  0  0  0
   -3.1639   -2.1494    9.1401  C  0  0  0  0  0
   -3.5276   -1.0835    9.8694  N  0  0  0  0  0
   -2.7709   -0.0174    9.4156  O  0  0  0  0  0
   -1.9440   -0.4097    8.3984  C  0  0  0  0  0
   -3.6132   -3.4800    9.1977  C  0  0  0  0  0
   -2.9784   -4.3384    8.2721  C  0  0  0  0  0
   -1.9683   -3.8985    7.3611  C  0  0  0  0  0
   -1.4970   -2.5729    7.2761  C  0  0  0  0  0
  1  5  2  0  0  0
  1  9  1  0  0  0
  1  2  2  0  0  0
  2  3  2  0  0  0
  2  6  1  0  0  0
  3  4  1  0  0  0
  4  5  1  0  0  0
  6  7  2  0  0  0
  7  8  1  0  0  0
  8  9  2  0  0  0
M  END
$$$$
[c]12[c](con1)cccc2
  -ISIS-

  9 10  0  0  0  0  0  0  0  0  1
   -2.1492   -1.7494    8.1933  C  0  0  0  0  0
   -3.1639   -2.1494    9.1401  C  0  0  0  0  0
   -3.5276   -1.0835    9.8694  N  0  0  0  0  0
   -2.7709   -0.0174    9.4156  O  0  0  0  0  0
   -1.9440   -0.4097    8.3984  C  0  0  0  0  0
   -3.6132   -3.4800    9.1977  C  0  0  0  0  0
   -2.9784   -4.3384    8.2721  C  0  0  0  0  0
   -1.9683   -3.8985    7.3611  C  0  0  0  0  0
   -1.4970   -2.5729    7.2761  C  0  0  0  0  0
  1  5  2  0  0  0
  1  9  1  0  0  0
  1  2  2  0  0  0
  2  3  2  0  0  0
  2  6  1  0  0  0
  3  4  1  0  0  0
  4  5  1  0  0  0
  6  7  2  0  0  0
  7  8  1  0  0  0
  8  9  2  0  0  0
M  END
$$$$
[c]12[c](con1)cccc2
  -ISIS-

  9 10  0  0  0  0  0  0  0  0  1
    0.0006    4.7796   -3.0772  C  0  0  0  0  0
    1.1086    5.1328   -2.2207  C  0  0  0  0  0
    0.6855    5.1695   -0.9485  N  0  0  0  0  0
   -0.6599    4.8469   -0.9705  O  0  0  0  0  0
   -1.0826    4.6183   -2.2522  C  0  0  0  0  0
    2.3877    5.3710   -2.7542  C  0  0  0  0  0
    2.4621    5.2248   -4.1583  C  0  0  0  0  0
    1.3378    4.8620   -4.9690  C  0  0  0  0  0
    0.0417    4.6156   -4.4611  C  0  0  0  0  0
  1  5  2  0  0  0
  1  9  1  0  0  0
  1  2  2  0  0  0
  2  3  2  0  0  0
  2  6  1  0  0  0
  3  4  1  0  0  0
  4  5  1  0  0  0
  6  7  2  0  0  0
  7  8  1  0  0  0
  8  9  2  0  0  0
M  END
$$$$
[c]12[c](con1)cccc2
  -ISIS-

  9 10  0  0  0  0  0  0  0  0  1
    0.0006    4.7796   -3.0772  C  0  0  0  0  0
    1.1086    5.1328   -2.2207  C  0  0  0  0  0
    0.6855    5.1695   -0.9485  N  0  0  0  0  0
   -0.6599    4.8469   -0.9705  O  0  0  0  0  0
   -1.0826    4.6183   -2.2522  C  0  0  0  0  0
    2.3877    5.3710   -2.7542  C  0  0  0  0  0
    2.4621    5.2248   -4.1583  C  0  0  0  0  0
    1.3378    4.8620   -4.9690  C  0  0  0  0  0
    0.0417    4.6156   -4.4611  C  0  0  0  0  0
  1  5  2  0  0  0
  1  9  1  0  0  0
  1  2  2  0  0  0
  2  3  2  0  0  0
  2  6  1  0  0  0
  3  4  1  0  0  0
  4  5  1  0  0  0
  6  7  2  0  0  0
  7  8  1  0  0  0
  8  9  2  0  0  0
M  END
$$$$
[c]12[c](con1)cccc2
  -ISIS-

  9 10  0  0  0  0  0  0  0  0  1
   -0.7606    9.1251   -0.6623  C  0  0  0  0  0
    0.2931    9.5451    0.2315  C  0  0  0  0  0
    0.4729    8.6037    1.1706  N  0  0  0  0  0
   -0.4385    7.5978    0.9013  O  0  0  0  0  0
   -1.1793    7.9013   -0.2083  C  0  0  0  0  0
    0.9489   10.7744    0.0471  C  0  0  0  0  0
    0.4734   11.5177   -1.0566  C  0  0  0  0  0
   -0.5830   11.0645   -1.9078  C  0  0  0  0  0
   -1.2611    9.8378   -1.7517  C  0  0  0  0  0
  1  5  2  0  0  0
  1  9  1  0  0  0
  1  2  2  0  0  0
  2  3  2  0  0  0
  2  6  1  0  0  0
  3  4  1  0  0  0
  4  5  1  0  0  0
  6  7  2  0  0  0
  7  8  1  0  0  0
  8  9  2  0  0  0
M  END
$$$$
[c]12[c](con1)cccc2
  -ISIS-

  9 10  0  0  0  0  0  0  0  0  1
   -0.7606    9.1251   -0.6623  C  0  0  0  0  0
    0.2931    9.5451    0.2315  C  0  0  0  0  0
    0.4729    8.6037    1.1706  N  0  0  0  0  0
   -0.4385    7.5978    0.9013  O  0  0  0  0  0
   -1.1793    7.9013   -0.2083  C  0  0  0  0  0
    0.9489   10.7744    0.0471  C  0  0  0  0  0
    0.4734   11.5177   -1.0566  C  0  0  0  0  0
   -0.5830   11.0645   -1.9078  C  0  0  0  0  0
   -1.2611    9.8378   -1.7517  C  0  0  0  0  0
  1  5  2  0  0  0
  1  9  1  0  0  0
  1  2  2  0  0  0
  2  3  2  0  0  0
  2  6  1  0  0  0
  3  4  1  0  0  0
  4  5  1  0  0  0
  6  7  2  0  0  0
  7  8  1  0  0  0
  8  9  2  0  0  0
M  END
$$$$
[c]12[c](con1)cccc2
  -ISIS-

  9 10  0  0  0  0  0  0  0  0  1
    1.5217   -2.6257    3.8848  C  0  0  0  0  0
    2.1625   -3.8088    4.2535  C  0  0  0  0  0
    1.2464   -4.8443    4.5794  C  0  0  0  0  0
   -0.1804   -4.6543    4.4861  C  0  0  0  0  0
   -0.8033   -3.4458    4.0961  C  0  0  0  0  0
    0.0989   -2.4156    3.7893  C  0  0  0  0  0
   -0.1334   -1.1592    3.3774  N  0  0  0  0  0
    1.1048   -0.5657    3.2050  O  0  0  0  0  0
    2.1082   -1.4425    3.5170  C  0  0  0  0  0
  1  9  2  0  0  0
  1  6  2  0  0  0
  1  2  1  0  0  0
  2  3  2  0  0  0
  3  4  1  0  0  0
  4  5  2  0  0  0
  5  6  1  0  0  0
  6  7  2  0  0  0
  7  8  1  0  0  0
  8  9  1  0  0  0
M  END
$$$$
[c]12[c](con1)cccc2
  -ISIS-

  9 10  0  0  0  0  0  0  0  0  1
    1.5217   -2.6257    3.8848  C  0  0  0  0  0
    2.1625   -3.8088    4.2535  C  0  0  0  0  0
    1.2464   -4.8443    4.5794  C  0  0  0  0  0
   -0.1804   -4.6543    4.4861  C  0  0  0  0  0
   -0.8033   -3.4458    4.0961  C  0  0  0  0  0
    0.0989   -2.4156    3.7893  C  0  0  0  0  0
   -0.1334   -1.1592    3.3774  N  0  0  0  0  0
    1.1048   -0.5657    3.2050  O  0  0  0  0  0
    2.1082   -1.4425    3.5170  C  0  0  0  0  0
  1  9  2  0  0  0
  1  6  2  0  0  0
  1  2  1  0  0  0
  2  3  2  0  0  0
  3  4  1  0  0  0
  4  5  2  0  0  0
  5  6  1  0  0  0
  6  7  2  0  0  0
  7  8  1  0  0  0
  8  9  1  0  0  0
M  END
$$$$
[c]12[c](con1)cccc2
  -ISIS-

  9 10  0  0  0  0  0  0  0  0  1
    1.8148    2.5860   -2.4657  C  0  0  0  0  0
    1.5571    3.4955   -1.3736  C  0  0  0  0  0
    2.2359    3.0849   -0.2916  N  0  0  0  0  0
    2.9159    1.9383   -0.6633  O  0  0  0  0  0
    2.6738    1.6368   -1.9757  C  0  0  0  0  0
    0.7032    4.5995   -1.5398  C  0  0  0  0  0
    0.1482    4.7032   -2.8351  C  0  0  0  0  0
    0.4238    3.7700   -3.8824  C  0  0  0  0  0
    1.2749    2.6543   -3.7495  C  0  0  0  0  0
  1  5  2  0  0  0
  1  9  1  0  0  0
  1  2  2  0  0  0
  2  3  2  0  0  0
  2  6  1  0  0  0
  3  4  1  0  0  0
  4  5  1  0  0  0
  6  7  2  0  0  0
  7  8  1  0  0  0
  8  9  2  0  0  0
M  END
$$$$
[c]12[c](con1)cccc2
  -ISIS-

  9 10  0  0  0  0  0  0  0  0  1
    1.8148    2.5860   -2.4657  C  0  0  0  0  0
    1.5571    3.4955   -1.3736  C  0  0  0  0  0
    2.2359    3.0849   -0.2916  N  0  0  0  0  0
    2.9159    1.9383   -0.6633  O  0  0  0  0  0
    2.6738    1.6368   -1.9757  C  0  0  0  0  0
    0.7032    4.5995   -1.5398  C  0  0  0  0  0
    0.1482    4.7032   -2.8351  C  0  0  0  0  0
    0.4238    3.7700   -3.8824  C  0  0  0  0  0
    1.2749    2.6543   -3.7495  C  0  0  0  0  0
  1  5  2  0  0  0
  1  9  1  0  0  0
  1  2  2  0  0  0
  2  3  2  0  0  0
  2  6  1  0  0  0
  3  4  1  0  0  0
  4  5  1  0  0  0
  6  7  2  0  0  0
  7  8  1  0  0  0
  8  9  2  0  0  0
M  END
$$$$
[c]12[c](con1)cccc2
  -ISIS-

  9 10  0  0  0  0  0  0  0  0  1
   -2.8763    2.4642   -2.8548  C  0  0  0  0  0
   -3.0131    1.5647   -3.9773  C  0  0  0  0  0
   -2.1593    1.9368   -4.9429  N  0  0  0  0  0
   -1.4813    3.0445   -4.4665  O  0  0  0  0  0
   -1.9148    3.3739   -3.2112  C  0  0  0  0  0
   -3.9284    0.4988   -3.9409  C  0  0  0  0  0
   -4.6557    0.4121   -2.7322  C  0  0  0  0  0
   -4.4781    1.3193   -1.6418  C  0  0  0  0  0
   -3.5706    2.3973   -1.6473  C  0  0  0  0  0
  1  5  2  0  0  0
  1  9  1  0  0  0
  1  2  2  0  0  0
  2  3  2  0  0  0
  2  6  1  0  0  0
  3  4  1  0  0  0
  4  5  1  0  0  0
  6  7  2  0  0  0
  7  8  1  0  0  0
  8  9  2  0  0  0
M  END
$$$$
[c]12[c](con1)cccc2
  -ISIS-

  9 10  0  0  0  0  0  0  0  0  1
   -2.8763    2.4642   -2.8548  C  0  0  0  0  0
   -3.0131    1.5647   -3.9773  C  0  0  0  0  0
   -2.1593    1.9368   -4.9429  N  0  0  0  0  0
   -1.4813    3.0445   -4.4665  O  0  0  0  0  0
   -1.9148    3.3739   -3.2112  C  0  0  0  0  0
   -3.9284    0.4988   -3.9409  C  0  0  0  0  0
   -4.6557    0.4121   -2.7322  C  0  0  0  0  0
   -4.4781    1.3193   -1.6418  C  0  0  0  0  0
   -3.5706    2.3973   -1.6473  C  0  0  0  0  0
  1  5  2  0  0  0
  1  9  1  0  0  0
  1  2  2  0  0  0
  2  3  2  0  0  0
  2  6  1  0  0  0
  3  4  1  0  0  0
  4  5  1  0  0  0
  6  7  2  0  0  0
  7  8  1  0  0  0
  8  9  2  0  0  0
M  END
$$$$
[c]12[c](con1)cccc2
  -ISIS-

  9 10  0  0  0  0  0  0  0  0  1
   -2.8250    3.3021   -0.9866  C  0  0  0  0  0
   -3.0670    1.8916   -1.1821  C  0  0  0  0  0
   -4.3907    1.6729   -1.2026  N  0  0  0  0  0
   -4.9977    2.9030   -1.0230  O  0  0  0  0  0
   -4.0598    3.8914   -0.9011  C  0  0  0  0  0
   -1.9993    0.9868   -1.3106  C  0  0  0  0  0
   -0.7240    1.5891   -1.2219  C  0  0  0  0  0
   -0.5343    2.9916   -1.0154  C  0  0  0  0  0
   -1.5822    3.9265   -0.8832  C  0  0  0  0  0
  1  5  2  0  0  0
  1  9  1  0  0  0
  1  2  2  0  0  0
  2  3  2  0  0  0
  2  6  1  0  0  0
  3  4  1  0  0  0
  4  5  1  0  0  0
  6  7  2  0  0  0
  7  8  1  0  0  0
  8  9  2  0  0  0
M  END
$$$$
[c]12[c](con1)cccc2
  -ISIS-

  9 10  0  0  0  0  0  0  0  0  1
   -2.8250    3.3021   -0.9866  C  0  0  0  0  0
   -3.0670    1.8916   -1.1821  C  0  0  0  0  0
   -4.3907    1.6729   -1.2026  N  0  0  0  0  0
   -4.9977    2.9030   -1.0230  O  0  0  0  0  0
   -4.0598    3.8914   -0.9011  C  0  0  0  0  0
   -1.9993    0.9868   -1.3106  C  0  0  0  0  0
   -0.7240    1.5891   -1.2219  C  0  0  0  0  0
   -0.5343    2.9916   -1.0154  C  0  0  0  0  0
   -1.5822    3.9265   -0.8832  C  0  0  0  0  0
  1  5  2  0  0  0
  1  9  1  0  0  0
  1  2  2  0  0  0
  2  3  2  0  0  0
  2  6  1  0  0  0
  3  4  1  0  0  0
  4  5  1  0  0  0
  6  7  2  0  0  0
  7  8  1  0  0  0
  8  9  2  0  0  0
M  END
$$$$
[c]12[c](con1)cccc2
  -ISIS-

  9 10  0  0  0  0  0  0  0  0  1
    3.2452    0.7400    1.0759  C  0  0  0  0  0
    3.7815   -0.2099    0.2069  C  0  0  0  0  0
    3.2725   -1.5067    0.4640  C  0  0  0  0  0
    2.3214   -1.7826    1.5063  C  0  0  0  0  0
    1.7872   -0.7927    2.3650  C  0  0  0  0  0
    2.2765    0.5008    2.1185  C  0  0  0  0  0
    1.9833    1.6634    2.7202  N  0  0  0  0  0
    2.7387    2.6361    2.0893  O  0  0  0  0  0
    3.5099    2.0849    1.1023  C  0  0  0  0  0
  1  9  2  0  0  0
  1  6  2  0  0  0
  1  2  1  0  0  0
  2  3  2  0  0  0
  3  4  1  0  0  0
  4  5  2  0  0  0
  5  6  1  0  0  0
  6  7  2  0  0  0
  7  8  1  0  0  0
  8  9  1  0  0  0
M  END
$$$$
[c]12[c](con1)cccc2
  -ISIS-

  9 10  0  0  0  0  0  0  0  0  1
    3.2452    0.7400    1.0759  C  0  0  0  0  0
    3.7815   -0.2099    0.2069  C  0  0  0  0  0
    3.2725   -1.5067    0.4640  C  0  0  0  0  0
    2.3214   -1.7826    1.5063  C  0  0  0  0  0
    1.7872   -0.7927    2.3650  C  0  0  0  0  0
    2.2765    0.5008    2.1185  C  0  0  0  0  0
    1.9833    1.6634    2.7202  N  0  0  0  0  0
    2.7387    2.6361    2.0893  O  0  0  0  0  0
    3.5099    2.0849    1.1023  C  0  0  0  0  0
  1  9  2  0  0  0
  1  6  2  0  0  0
  1  2  1  0  0  0
  2  3  2  0  0  0
  3  4  1  0  0  0
  4  5  2  0  0  0
  5  6  1  0  0  0
  6  7  2  0  0  0
  7  8  1  0  0  0
  8  9  1  0  0  0
M  END
$$$$
[c]12[c](con1)cccc2
  -ISIS-

  9 10  0  0  0  0  0  0  0  0  1
   -2.4207   -0.5207    3.1490  C  0  0  0  0  0
   -1.8441   -0.7465    4.4543  C  0  0  0  0  0
   -0.9185    0.1949    4.6929  N  0  0  0  0  0
   -0.8858    1.0100    3.5755  O  0  0  0  0  0
   -1.7951    0.5895    2.6439  C  0  0  0  0  0
   -2.2660   -1.8229    5.2534  C  0  0  0  0  0
   -3.2655   -2.6218    4.6532  C  0  0  0  0  0
   -3.7994   -2.3659    3.3521  C  0  0  0  0  0
   -3.3989   -1.2959    2.5272  C  0  0  0  0  0
  1  5  2  0  0  0
  1  9  1  0  0  0
  1  2  2  0  0  0
  2  3  2  0  0  0
  2  6  1  0  0  0
  3  4  1  0  0  0
  4  5  1  0  0  0
  6  7  2  0  0  0
  7  8  1  0  0  0
  8  9  2  0  0  0
M  END
$$$$
[c]12[c](con1)cccc2
  -ISIS-

  9 10  0  0  0  0  0  0  0  0  1
   -2.4207   -0.5207    3.1490  C  0  0  0  0  0
   -1.8441   -0.7465    4.4543  C  0  0  0  0  0
   -0.9185    0.1949    4.6929  N  0  0  0  0  0
   -0.8858    1.0100    3.5755  O  0  0  0  0  0
   -1.7951    0.5895    2.6439  C  0  0  0  0  0
   -2.2660   -1.8229    5.2534  C  0  0  0  0  0
   -3.2655   -2.6218    4.6532  C  0  0  0  0  0
   -3.7994   -2.3659    3.3521  C  0  0  0  0  0
   -3.3989   -1.2959    2.5272  C  0  0  0  0  0
  1  5  2  0  0  0
  1  9  1  0  0  0
  1  2  2  0  0  0
  2  3  2  0  0  0
  2  6  1  0  0  0
  3  4  1  0  0  0
  4  5  1  0  0  0
  6  7  2  0  0  0
  7  8  1  0  0  0
  8  9  2  0  0  0
M  END
$$$$
[c]12[c](con1)cccc2
  -ISIS-

  9 10  0  0  0  0  0  0  0  0  1
   -3.3306   -1.2445    5.3171  C  0  0  0  0  0
   -3.7170   -0.0793    6.0778  C  0  0  0  0  0
   -2.7892    0.8764    5.9163  N  0  0  0  0  0
   -1.8258    0.3544    5.0708  O  0  0  0  0  0
   -2.1414   -0.9276    4.7141  C  0  0  0  0  0
   -4.9061   -0.0685    6.8269  C  0  0  0  0  0
   -5.6443   -1.2707    6.7448  C  0  0  0  0  0
   -5.2257   -2.3956    5.9680  C  0  0  0  0  0
   -4.0406   -2.4393    5.2062  C  0  0  0  0  0
  1  5  2  0  0  0
  1  9  1  0  0  0
  1  2  2  0  0  0
  2  3  2  0  0  0
  2  6  1  0  0  0
  3  4  1  0  0  0
  4  5  1  0  0  0
  6  7  2  0  0  0
  7  8  1  0  0  0
  8  9  2  0  0  0
M  END
$$$$
[c]12[c](con1)cccc2
  -ISIS-

  9 10  0  0  0  0  0  0  0  0  1
   -3.3306   -1.2445    5.3171  C  0  0  0  0  0
   -3.7170   -0.0793    6.0778  C  0  0  0  0  0
   -2.7892    0.8764    5.9163  N  0  0  0  0  0
   -1.8258    0.3544    5.0708  O  0  0  0  0  0
   -2.1414   -0.9276    4.7141  C  0  0  0  0  0
   -4.9061   -0.0685    6.8269  C  0  0  0  0  0
   -5.6443   -1.2707    6.7448  C  0  0  0  0  0
   -5.2257   -2.3956    5.9680  C  0  0  0  0  0
   -4.0406   -2.4393    5.2062  C  0  0  0  0  0
  1  5  2  0  0  0
  1  9  1  0  0  0
  1  2  2  0  0  0
  2  3  2  0  0  0
  2  6  1  0  0  0
  3  4  1  0  0  0
  4  5  1  0  0  0
  6  7  2  0  0  0
  7  8  1  0  0  0
  8  9  2  0  0  0
M  END
$$$$
[c]12[c](con1)cccc2
  -ISIS-

  9 10  0  0  0  0  0  0  0  0  1
    5.0467    0.7506   -2.4656  C  0  0  0  0  0
    4.6789   -0.4635   -1.8882  C  0  0  0  0  0
    4.4046   -0.3475   -0.4995  C  0  0  0  0  0
    4.4945    0.9162    0.1886  C  0  0  0  0  0
    4.8544    2.1391   -0.4235  C  0  0  0  0  0
    5.1333    2.0244   -1.7944  C  0  0  0  0  0
    5.4954    2.9663   -2.6829  N  0  0  0  0  0
    5.6430    2.3220   -3.8987  O  0  0  0  0  0
    5.3821    0.9831   -3.7745  C  0  0  0  0  0
  1  9  2  0  0  0
  1  6  2  0  0  0
  1  2  1  0  0  0
  2  3  2  0  0  0
  3  4  1  0  0  0
  4  5  2  0  0  0
  5  6  1  0  0  0
  6  7  2  0  0  0
  7  8  1  0  0  0
  8  9  1  0  0  0
M  END
$$$$
[c]12[c](con1)cccc2
  -ISIS-

  9 10  0  0  0  0  0  0  0  0  1
    5.0467    0.7506   -2.4656  C  0  0  0  0  0
    4.6789   -0.4635   -1.8882  C  0  0  0  0  0
    4.4046   -0.3475   -0.4995  C  0  0  0  0  0
    4.4945    0.9162    0.1886  C  0  0  0  0  0
    4.8544    2.1391   -0.4235  C  0  0  0  0  0
    5.1333    2.0244   -1.7944  C  0  0  0  0  0
    5.4954    2.9663   -2.6829  N  0  0  0  0  0
    5.6430    2.3220   -3.8987  O  0  0  0  0  0
    5.3821    0.9831   -3.7745  C  0  0  0  0  0
  1  9  2  0  0  0
  1  6  2  0  0  0
  1  2  1  0  0  0
  2  3  2  0  0  0
  3  4  1  0  0  0
  4  5  2  0  0  0
  5  6  1  0  0  0
  6  7  2  0  0  0
  7  8  1  0  0  0
  8  9  1  0  0  0
M  END
$$$$
[c]12[c](con1)cccc2
  -ISIS-

  9 10  0  0  0  0  0  0  0  0  1
   -1.0072   -2.0640    4.5165  C  0  0  0  0  0
   -0.0873   -3.1649    4.3477  C  0  0  0  0  0
   -0.0877   -3.5429    3.0608  N  0  0  0  0  0
   -0.9833   -2.7163    2.4064  O  0  0  0  0  0
   -1.5366   -1.8161    3.2762  C  0  0  0  0  0
    0.6348   -3.6778    5.4399  C  0  0  0  0  0
    0.3645   -3.0270    6.6654  C  0  0  0  0  0
   -0.5650   -1.9439    6.7889  C  0  0  0  0  0
   -1.3055   -1.4084    5.7102  C  0  0  0  0  0
  1  5  2  0  0  0
  1  9  1  0  0  0
  1  2  2  0  0  0
  2  3  2  0  0  0
  2  6  1  0  0  0
  3  4  1  0  0  0
  4  5  1  0  0  0
  6  7  2  0  0  0
  7  8  1  0  0  0
  8  9  2  0  0  0
M  END
$$$$
[c]12[c](con1)cccc2
  -ISIS-

  9 10  0  0  0  0  0  0  0  0  1
   -1.0072   -2.0640    4.5165  C  0  0  0  0  0
   -0.0873   -3.1649    4.3477  C  0  0  0  0  0
   -0.0877   -3.5429    3.0608  N  0  0  0  0  0
   -0.9833   -2.7163    2.4064  O  0  0  0  0  0
   -1.5366   -1.8161    3.2762  C  0  0  0  0  0
    0.6348   -3.6778    5.4399  C  0  0  0  0  0
    0.3645   -3.0270    6.6654  C  0  0  0  0  0
   -0.5650   -1.9439    6.7889  C  0  0  0  0  0
   -1.3055   -1.4084    5.7102  C  0  0  0  0  0
  1  5  2  0  0  0
  1  9  1  0  0  0
  1  2  2  0  0  0
  2  3  2  0  0  0
  2  6  1  0  0  0
  3  4  1  0  0  0
  4  5  1  0  0  0
  6  7  2  0  0  0
  7  8  1  0  0  0
  8  9  2  0  0  0
M  END
$$$$
[c]12[c](con1)cccc2
  -ISIS-

  9 10  0  0  0  0  0  0  0  0  1
   -3.7971    0.7542    3.5747  C  0  0  0  0  0
   -5.0742    1.1815    4.0976  C  0  0  0  0  0
   -4.8776    2.1796    4.9719  N  0  0  0  0  0
   -3.5120    2.3971    5.0237  O  0  0  0  0  0
   -2.8547    1.5471    4.1766  C  0  0  0  0  0
   -6.2670    0.5648    3.6823  C  0  0  0  0  0
   -6.0756   -0.4759    2.7456  C  0  0  0  0  0
   -4.7893   -0.8725    2.2644  C  0  0  0  0  0
   -3.5760   -0.2749    2.6601  C  0  0  0  0  0
  1  5  2  0  0  0
  1  9  1  0  0  0
  1  2  2  0  0  0
  2  3  2  0  0  0
  2  6  1  0  0  0
  3  4  1  0  0  0
  4  5  1  0  0  0
  6  7  2  0  0  0
  7  8  1  0  0  0
  8  9  2  0  0  0
M  END
$$$$
[c]12[c](con1)cccc2
  -ISIS-

  9 10  0  0  0  0  0  0  0  0  1
   -3.7971    0.7542    3.5747  C  0  0  0  0  0
   -5.0742    1.1815    4.0976  C  0  0  0  0  0
   -4.8776    2.1796    4.9719  N  0  0  0  0  0
   -3.5120    2.3971    5.0237  O  0  0  0  0  0
   -2.8547    1.5471    4.1766  C  0  0  0  0  0
   -6.2670    0.5648    3.6823  C  0  0  0  0  0
   -6.0756   -0.4759    2.7456  C  0  0  0  0  0
   -4.7893   -0.8725    2.2644  C  0  0  0  0  0
   -3.5760   -0.2749    2.6601  C  0  0  0  0  0
  1  5  2  0  0  0
  1  9  1  0  0  0
  1  2  2  0  0  0
  2  3  2  0  0  0
  2  6  1  0  0  0
  3  4  1  0  0  0
  4  5  1  0  0  0
  6  7  2  0  0  0
  7  8  1  0  0  0
  8  9  2  0  0  0
M  END
$$$$
[c]12[c](con1)cccc2
  -ISIS-

  9 10  0  0  0  0  0  0  0  0  1
    5.2082   -1.8215    3.7604  C  0  0  0  0  0
    5.9741   -0.9599    2.9716  C  0  0  0  0  0
    5.8147    0.3901    3.3639  C  0  0  0  0  0
    4.9605    0.7901    4.4508  C  0  0  0  0  0
    4.2045   -0.1089    5.2391  C  0  0  0  0  0
    4.3547   -1.4528    4.8638  C  0  0  0  0  0
    3.8110   -2.5621    5.3873  N  0  0  0  0  0
    4.2975   -3.6274    4.6502  O  0  0  0  0  0
    5.1328   -3.1866    3.6612  C  0  0  0  0  0
  1  9  2  0  0  0
  1  6  2  0  0  0
  1  2  1  0  0  0
  2  3  2  0  0  0
  3  4  1  0  0  0
  4  5  2  0  0  0
  5  6  1  0  0  0
  6  7  2  0  0  0
  7  8  1  0  0  0
  8  9  1  0  0  0
M  END
$$$$
[c]12[c](con1)cccc2
  -ISIS-

  9 10  0  0  0  0  0  0  0  0  1
    5.2082   -1.8215    3.7604  C  0  0  0  0  0
    5.9741   -0.9599    2.9716  C  0  0  0  0  0
    5.8147    0.3901    3.3639  C  0  0  0  0  0
    4.9605    0.7901    4.4508  C  0  0  0  0  0
    4.2045   -0.1089    5.2391  C  0  0  0  0  0
    4.3547   -1.4528    4.8638  C  0  0  0  0  0
    3.8110   -2.5621    5.3873  N  0  0  0  0  0
    4.2975   -3.6274    4.6502  O  0  0  0  0  0
    5.1328   -3.1866    3.6612  C  0  0  0  0  0
  1  9  2  0  0  0
  1  6  2  0  0  0
  1  2  1  0  0  0
  2  3  2  0  0  0
  3  4  1  0  0  0
  4  5  2  0  0  0
  5  6  1  0  0  0
  6  7  2  0  0  0
  7  8  1  0  0  0
  8  9  1  0  0  0
M  END
$$$$
[c]12[c](con1)cccc2
  -ISIS-

  9 10  0  0  0  0  0  0  0  0  1
   -6.9672   -3.8739   -0.1447  C  0  0  0  0  0
   -8.1855   -4.2068    0.5565  C  0  0  0  0  0
   -9.2293   -3.6895   -0.1088  N  0  0  0  0  0
   -8.7100   -3.0345   -1.2117  O  0  0  0  0  0
   -7.3469   -3.1494   -1.2447  C  0  0  0  0  0
   -8.1524   -4.9560    1.7454  C  0  0  0  0  0
   -6.8494   -5.3186    2.1553  C  0  0  0  0  0
   -5.6697   -4.9560    1.4341  C  0  0  0  0  0
   -5.6691   -4.2071    0.2405  C  0  0  0  0  0
  1  5  2  0  0  0
  1  9  1  0  0  0
  1  2  2  0  0  0
  2  3  2  0  0  0
  2  6  1  0  0  0
  3  4  1  0  0  0
  4  5  1  0  0  0
  6  7  2  0  0  0
  7  8  1  0  0  0
  8  9  2  0  0  0
M  END
$$$$
[c]12[c](con1)cccc2
  -ISIS-

  9 10  0  0  0  0  0  0  0  0  1
   -6.9672   -3.8739   -0.1447  C  0  0  0  0  0
   -8.1855   -4.2068    0.5565  C  0  0  0  0  0
   -9.2293   -3.6895   -0.1088  N  0  0  0  0  0
   -8.7100   -3.0345   -1.2117  O  0  0  0  0  0
   -7.3469   -3.1494   -1.2447  C  0  0  0  0  0
   -8.1524   -4.9560    1.7454  C  0  0  0  0  0
   -6.8494   -5.3186    2.1553  C  0  0  0  0  0
   -5.6697   -4.9560    1.4341  C  0  0  0  0  0
   -5.6691   -4.2071    0.2405  C  0  0  0  0  0
  1  5  2  0  0  0
  1  9  1  0  0  0
  1  2  2  0  0  0
  2  3  2  0  0  0
  2  6  1  0  0  0
  3  4  1  0  0  0
  4  5  1  0  0  0
  6  7  2  0  0  0
  7  8  1  0  0  0
  8  9  2  0  0  0
M  END
$$$$
[c]12[c](con1)cccc2
  -ISIS-

  9 10  0  0  0  0  0  0  0  0  1
    3.7299    1.2778    4.3347  C  0  0  0  0  0
    4.1351    0.3278    5.3451  C  0  0  0  0  0
    3.0515   -0.0785    6.0234  N  0  0  0  0  0
    1.9684    0.5825    5.4721  O  0  0  0  0  0
    2.3710    1.4090    4.4588  C  0  0  0  0  0
    5.4840   -0.0389    5.4920  C  0  0  0  0  0
    6.3509    0.5950    4.5734  C  0  0  0  0  0
    5.9026    1.5214    3.5813  C  0  0  0  0  0
    4.5590    1.9099    3.4088  C  0  0  0  0  0
  1  5  2  0  0  0
  1  9  1  0  0  0
  1  2  2  0  0  0
  2  3  2  0  0  0
  2  6  1  0  0  0
  3  4  1  0  0  0
  4  5  1  0  0  0
  6  7  2  0  0  0
  7  8  1  0  0  0
  8  9  2  0  0  0
M  END
$$$$
[c]12[c](con1)cccc2
  -ISIS-

  9 10  0  0  0  0  0  0  0  0  1
    3.7299    1.2778    4.3347  C  0  0  0  0  0
    4.1351    0.3278    5.3451  C  0  0  0  0  0
    3.0515   -0.0785    6.0234  N  0  0  0  0  0
    1.9684    0.5825    5.4721  O  0  0  0  0  0
    2.3710    1.4090    4.4588  C  0  0  0  0  0
    5.4840   -0.0389    5.4920  C  0  0  0  0  0
    6.3509    0.5950    4.5734  C  0  0  0  0  0
    5.9026    1.5214    3.5813  C  0  0  0  0  0
    4.5590    1.9099    3.4088  C  0  0  0  0  0
  1  5  2  0  0  0
  1  9  1  0  0  0
  1  2  2  0  0  0
  2  3  2  0  0  0
  2  6  1  0  0  0
  3  4  1  0  0  0
  4  5  1  0  0  0
  6  7  2  0  0  0
  7  8  1  0  0  0
  8  9  2  0  0  0
M  END
$$$$
[c]12[c](con1)cccc2
  -ISIS-

  9 10  0  0  0  0  0  0  0  0  1
    2.2252    1.8433    2.3968  C  0  0  0  0  0
    1.7106    1.7189    3.7407  C  0  0  0  0  0
    0.4850    2.2622    3.7924  N  0  0  0  0  0
    0.2025    2.7234    2.5184  O  0  0  0  0  0
    1.2519    2.4830    1.6744  C  0  0  0  0  0
    2.4690    1.1000    4.7493  C  0  0  0  0  0
    3.7278    0.6310    4.3100  C  0  0  0  0  0
    4.1909    0.7670    2.9643  C  0  0  0  0  0
    3.4559    1.3824    1.9314  C  0  0  0  0  0
  1  5  2  0  0  0
  1  9  1  0  0  0
  1  2  2  0  0  0
  2  3  2  0  0  0
  2  6  1  0  0  0
  3  4  1  0  0  0
  4  5  1  0  0  0
  6  7  2  0  0  0
  7  8  1  0  0  0
  8  9  2  0  0  0
M  END
$$$$
[c]12[c](con1)cccc2
  -ISIS-

  9 10  0  0  0  0  0  0  0  0  1
    2.2252    1.8433    2.3968  C  0  0  0  0  0
    1.7106    1.7189    3.7407  C  0  0  0  0  0
    0.4850    2.2622    3.7924  N  0  0  0  0  0
    0.2025    2.7234    2.5184  O  0  0  0  0  0
    1.2519    2.4830    1.6744  C  0  0  0  0  0
    2.4690    1.1000    4.7493  C  0  0  0  0  0
    3.7278    0.6310    4.3100  C  0  0  0  0  0
    4.1909    0.7670    2.9643  C  0  0  0  0  0
    3.4559    1.3824    1.9314  C  0  0  0  0  0
  1  5  2  0  0  0
  1  9  1  0  0  0
  1  2  2  0  0  0
  2  3  2  0  0  0
  2  6  1  0  0  0
  3  4  1  0  0  0
  4  5  1  0  0  0
  6  7  2  0  0  0
  7  8  1  0  0  0
  8  9  2  0  0  0
M  END
$$$$
[c]12[c](con1)cccc2
  -ISIS-

  9 10  0  0  0  0  0  0  0  0  1
    2.0259    4.6828    1.3745  C  0  0  0  0  0
    2.2196    5.6236    0.2956  C  0  0  0  0  0
    1.8142    5.0625   -0.8531  N  0  0  0  0  0
    1.3705    3.7910   -0.5370  O  0  0  0  0  0
    1.4877    3.5569    0.8064  C  0  0  0  0  0
    2.7638    6.8978    0.5361  C  0  0  0  0  0
    3.0906    7.1379    1.8904  C  0  0  0  0  0
    2.8907    6.1704    2.9280  C  0  0  0  0  0
    2.3473    4.8824    2.7163  C  0  0  0  0  0
  1  5  2  0  0  0
  1  9  1  0  0  0
  1  2  2  0  0  0
  2  3  2  0  0  0
  2  6  1  0  0  0
  3  4  1  0  0  0
  4  5  1  0  0  0
  6  7  2  0  0  0
  7  8  1  0  0  0
  8  9  2  0  0  0
M  END
$$$$
[c]12[c](con1)cccc2
  -ISIS-

  9 10  0  0  0  0  0  0  0  0  1
    2.0259    4.6828    1.3745  C  0  0  0  0  0
    2.2196    5.6236    0.2956  C  0  0  0  0  0
    1.8142    5.0625   -0.8531  N  0  0  0  0  0
    1.3705    3.7910   -0.5370  O  0  0  0  0  0
    1.4877    3.5569    0.8064  C  0  0  0  0  0
    2.7638    6.8978    0.5361  C  0  0  0  0  0
    3.0906    7.1379    1.8904  C  0  0  0  0  0
    2.8907    6.1704    2.9280  C  0  0  0  0  0
    2.3473    4.8824    2.7163  C  0  0  0  0  0
  1  5  2  0  0  0
  1  9  1  0  0  0
  1  2  2  0  0  0
  2  3  2  0  0  0
  2  6  1  0  0  0
  3  4  1  0  0  0
  4  5  1  0  0  0
  6  7  2  0  0  0
  7  8  1  0  0  0
  8  9  2  0  0  0
M  END
$$$$
[c]12[c](con1)cccc2
  -ISIS-

  9 10  0  0  0  0  0  0  0  0  1
    6.4229    1.8156    1.0120  C  0  0  0  0  0
    6.9246    0.5292    0.5880  C  0  0  0  0  0
    8.1729    0.3705    1.0541  N  0  0  0  0  0
    8.4784    1.5174    1.7650  O  0  0  0  0  0
    7.4312    2.3971    1.7361  C  0  0  0  0  0
    6.1313   -0.3366   -0.1841  C  0  0  0  0  0
    4.8451    0.1713   -0.4750  C  0  0  0  0  0
    4.3881    1.4487   -0.0222  C  0  0  0  0  0
    5.1576    2.3417    0.7524  C  0  0  0  0  0
  1  5  2  0  0  0
  1  9  1  0  0  0
  1  2  2  0  0  0
  2  3  2  0  0  0
  2  6  1  0  0  0
  3  4  1  0  0  0
  4  5  1  0  0  0
  6  7  2  0  0  0
  7  8  1  0  0  0
  8  9  2  0  0  0
M  END
$$$$
[c]12[c](con1)cccc2
  -ISIS-

  9 10  0  0  0  0  0  0  0  0  1
    6.4229    1.8156    1.0120  C  0  0  0  0  0
    6.9246    0.5292    0.5880  C  0  0  0  0  0
    8.1729    0.3705    1.0541  N  0  0  0  0  0
    8.4784    1.5174    1.7650  O  0  0  0  0  0
    7.4312    2.3971    1.7361  C  0  0  0  0  0
    6.1313   -0.3366   -0.1841  C  0  0  0  0  0
    4.8451    0.1713   -0.4750  C  0  0  0  0  0
    4.3881    1.4487   -0.0222  C  0  0  0  0  0
    5.1576    2.3417    0.7524  C  0  0  0  0  0
  1  5  2  0  0  0
  1  9  1  0  0  0
  1  2  2  0  0  0
  2  3  2  0  0  0
  2  6  1  0  0  0
  3  4  1  0  0  0
  4  5  1  0  0  0
  6  7  2  0  0  0
  7  8  1  0  0  0
  8  9  2  0  0  0
M  END
$$$$
[c]12[c](con1)cccc2
  -ISIS-

  9 10  0  0  0  0  0  0  0  0  1
    4.8442    1.7612   -5.2593  C  0  0  0  0  0
    4.7713    0.4139   -5.7749  C  0  0  0  0  0
    5.2242   -0.4374   -4.8420  N  0  0  0  0  0
    5.5788    0.3290   -3.7459  O  0  0  0  0  0
    5.3607    1.6566   -3.9937  C  0  0  0  0  0
    4.2782    0.1609   -7.0665  C  0  0  0  0  0
    3.8748    1.3227   -7.7622  C  0  0  0  0  0
    3.9555    2.6368   -7.2054  C  0  0  0  0  0
    4.4451    2.9252   -5.9155  C  0  0  0  0  0
  1  5  2  0  0  0
  1  9  1  0  0  0
  1  2  2  0  0  0
  2  3  2  0  0  0
  2  6  1  0  0  0
  3  4  1  0  0  0
  4  5  1  0  0  0
  6  7  2  0  0  0
  7  8  1  0  0  0
  8  9  2  0  0  0
M  END
$$$$
[c]12[c](con1)cccc2
  -ISIS-

  9 10  0  0  0  0  0  0  0  0  1
    4.8442    1.7612   -5.2593  C  0  0  0  0  0
    4.7713    0.4139   -5.7749  C  0  0  0  0  0
    5.2242   -0.4374   -4.8420  N  0  0  0  0  0
    5.5788    0.3290   -3.7459  O  0  0  0  0  0
    5.3607    1.6566   -3.9937  C  0  0  0  0  0
    4.2782    0.1609   -7.0665  C  0  0  0  0  0
    3.8748    1.3227   -7.7622  C  0  0  0  0  0
    3.9555    2.6368   -7.2054  C  0  0  0  0  0
    4.4451    2.9252   -5.9155  C  0  0  0  0  0
  1  5  2  0  0  0
  1  9  1  0  0  0
  1  2  2  0  0  0
  2  3  2  0  0  0
  2  6  1  0  0  0
  3  4  1  0  0  0
  4  5  1  0  0  0
  6  7  2  0  0  0
  7  8  1  0  0  0
  8  9  2  0  0  0
M  END
$$$$
[c]12[c](con1)cccc2
  -ISIS-

  9 10  0  0  0  0  0  0  0  0  1
   -2.0750   -2.3546    7.2822  C  0  0  0  0  0
   -2.4359   -3.7389    7.0802  C  0  0  0  0  0
   -1.3186   -4.4796    7.0300  N  0  0  0  0  0
   -0.2577   -3.6078    7.1982  O  0  0  0  0  0
   -0.7059   -2.3233    7.3419  C  0  0  0  0  0
   -3.7829   -4.1258    6.9747  C  0  0  0  0  0
   -4.6956   -3.0532    7.0922  C  0  0  0  0  0
   -4.2920   -1.6981    7.3035  C  0  0  0  0  0
   -2.9513   -1.2780    7.4129  C  0  0  0  0  0
  1  5  2  0  0  0
  1  9  1  0  0  0
  1  2  2  0  0  0
  2  3  2  0  0  0
  2  6  1  0  0  0
  3  4  1  0  0  0
  4  5  1  0  0  0
  6  7  2  0  0  0
  7  8  1  0  0  0
  8  9  2  0  0  0
M  END
$$$$
[c]12[c](con1)cccc2
  -ISIS-

  9 10  0  0  0  0  0  0  0  0  1
   -2.0750   -2.3546    7.2822  C  0  0  0  0  0
   -2.4359   -3.7389    7.0802  C  0  0  0  0  0
   -1.3186   -4.4796    7.0300  N  0  0  0  0  0
   -0.2577   -3.6078    7.1982  O  0  0  0  0  0
   -0.7059   -2.3233    7.3419  C  0  0  0  0  0
   -3.7829   -4.1258    6.9747  C  0  0  0  0  0
   -4.6956   -3.0532    7.0922  C  0  0  0  0  0
   -4.2920   -1.6981    7.3035  C  0  0  0  0  0
   -2.9513   -1.2780    7.4129  C  0  0  0  0  0
  1  5  2  0  0  0
  1  9  1  0  0  0
  1  2  2  0  0  0
  2  3  2  0  0  0
  2  6  1  0  0  0
  3  4  1  0  0  0
  4  5  1  0  0  0
  6  7  2  0  0  0
  7  8  1  0  0  0
  8  9  2  0  0  0
M  END
$$$$
[c]12[c](con1)cccc2
  -ISIS-

  9 10  0  0  0  0  0  0  0  0  1
    3.9433    2.7355   -5.8194  C  0  0  0  0  0
    4.0622    3.9533   -6.5873  C  0  0  0  0  0
    3.3009    4.9030   -6.0226  N  0  0  0  0  0
    2.6992    4.3242   -4.9197  O  0  0  0  0  0
    3.0893    3.0197   -4.7854  C  0  0  0  0  0
    4.8750    4.0083   -7.7325  C  0  0  0  0  0
    5.5230    2.7891   -8.0328  C  0  0  0  0  0
    5.3651    1.6043   -7.2487  C  0  0  0  0  0
    4.5592    1.5153   -6.0955  C  0  0  0  0  0
  1  5  2  0  0  0
  1  9  1  0  0  0
  1  2  2  0  0  0
  2  3  2  0  0  0
  2  6  1  0  0  0
  3  4  1  0  0  0
  4  5  1  0  0  0
  6  7  2  0  0  0
  7  8  1  0  0  0
  8  9  2  0  0  0
M  END
$$$$
[c]12[c](con1)cccc2
  -ISIS-

  9 10  0  0  0  0  0  0  0  0  1
    3.9433    2.7355   -5.8194  C  0  0  0  0  0
    4.0622    3.9533   -6.5873  C  0  0  0  0  0
    3.3009    4.9030   -6.0226  N  0  0  0  0  0
    2.6992    4.3242   -4.9197  O  0  0  0  0  0
    3.0893    3.0197   -4.7854  C  0  0  0  0  0
    4.8750    4.0083   -7.7325  C  0  0  0  0  0
    5.5230    2.7891   -8.0328  C  0  0  0  0  0
    5.3651    1.6043   -7.2487  C  0  0  0  0  0
    4.5592    1.5153   -6.0955  C  0  0  0  0  0
  1  5  2  0  0  0
  1  9  1  0  0  0
  1  2  2  0  0  0
  2  3  2  0  0  0
  2  6  1  0  0  0
  3  4  1  0  0  0
  4  5  1  0  0  0
  6  7  2  0  0  0
  7  8  1  0  0  0
  8  9  2  0  0  0
M  END
$$$$
[c]12[c](con1)cccc2
  -ISIS-

  9 10  0  0  0  0  0  0  0  0  1
   -1.9670    3.9932   -8.1743  C  0  0  0  0  0
   -2.2507    5.2179   -7.4631  C  0  0  0  0  0
   -3.3932    5.7424   -7.9321  N  0  0  0  0  0
   -3.8425    4.8884   -8.9241  O  0  0  0  0  0
   -2.9920    3.8266   -9.0692  C  0  0  0  0  0
   -1.3848    5.6877   -6.4606  C  0  0  0  0  0
   -0.2561    4.8644   -6.2480  C  0  0  0  0  0
   -0.0113    3.6650   -6.9863  C  0  0  0  0  0
   -0.8585    3.1661   -7.9964  C  0  0  0  0  0
  1  5  2  0  0  0
  1  9  1  0  0  0
  1  2  2  0  0  0
  2  3  2  0  0  0
  2  6  1  0  0  0
  3  4  1  0  0  0
  4  5  1  0  0  0
  6  7  2  0  0  0
  7  8  1  0  0  0
  8  9  2  0  0  0
M  END
$$$$
[c]12[c](con1)cccc2
  -ISIS-

  9 10  0  0  0  0  0  0  0  0  1
   -1.9670    3.9932   -8.1743  C  0  0  0  0  0
   -2.2507    5.2179   -7.4631  C  0  0  0  0  0
   -3.3932    5.7424   -7.9321  N  0  0  0  0  0
   -3.8425    4.8884   -8.9241  O  0  0  0  0  0
   -2.9920    3.8266   -9.0692  C  0  0  0  0  0
   -1.3848    5.6877   -6.4606  C  0  0  0  0  0
   -0.2561    4.8644   -6.2480  C  0  0  0  0  0
   -0.0113    3.6650   -6.9863  C  0  0  0  0  0
   -0.8585    3.1661   -7.9964  C  0  0  0  0  0
  1  5  2  0  0  0
  1  9  1  0  0  0
  1  2  2  0  0  0
  2  3  2  0  0  0
  2  6  1  0  0  0
  3  4  1  0  0  0
  4  5  1  0  0  0
  6  7  2  0  0  0
  7  8  1  0  0  0
  8  9  2  0  0  0
M  END
$$$$
[c]12[c](con1)cccc2
  -ISIS-

  9 10  0  0  0  0  0  0  0  0  1
   -6.8022   -0.0789   -1.2293  C  0  0  0  0  0
   -6.1450   -0.7906   -0.2592  C  0  0  0  0  0
   -5.5547   -1.8645   -0.8667  O  0  0  0  0  0
   -5.8309   -1.8708   -2.2218  N  0  0  0  0  0
   -6.5879   -0.7910   -2.4658  C  0  0  0  0  0
   -7.1306   -0.3266   -3.6737  C  0  0  0  0  0
   -7.8707    0.8709   -3.5444  C  0  0  0  0  0
   -8.0525    1.5591   -2.2946  C  0  0  0  0  0
   -7.5151    1.1073   -1.0681  C  0  0  0  0  0
  1  5  2  0  0  0
  1  9  1  0  0  0
  1  2  2  0  0  0
  2  3  1  0  0  0
  3  4  1  0  0  0
  4  5  2  0  0  0
  5  6  1  0  0  0
  6  7  2  0  0  0
  7  8  1  0  0  0
  8  9  2  0  0  0
M  END
$$$$
[c]12[c](con1)cccc2
  -ISIS-

  9 10  0  0  0  0  0  0  0  0  1
   -6.8022   -0.0789   -1.2293  C  0  0  0  0  0
   -6.1450   -0.7906   -0.2592  C  0  0  0  0  0
   -5.5547   -1.8645   -0.8667  O  0  0  0  0  0
   -5.8309   -1.8708   -2.2218  N  0  0  0  0  0
   -6.5879   -0.7910   -2.4658  C  0  0  0  0  0
   -7.1306   -0.3266   -3.6737  C  0  0  0  0  0
   -7.8707    0.8709   -3.5444  C  0  0  0  0  0
   -8.0525    1.5591   -2.2946  C  0  0  0  0  0
   -7.5151    1.1073   -1.0681  C  0  0  0  0  0
  1  5  2  0  0  0
  1  9  1  0  0  0
  1  2  2  0  0  0
  2  3  1  0  0  0
  3  4  1  0  0  0
  4  5  2  0  0  0
  5  6  1  0  0  0
  6  7  2  0  0  0
  7  8  1  0  0  0
  8  9  2  0  0  0
M  END
$$$$
[c]12[c](con1)cccc2
  -ISIS-

  9 10  0  0  0  0  0  0  0  0  1
   -6.8022   -0.0789   -1.2293  C  0  0  0  0  0
   -6.1450   -0.7906   -0.2592  C  0  0  0  0  0
   -5.5547   -1.8645   -0.8667  O  0  0  0  0  0
   -5.8309   -1.8708   -2.2218  N  0  0  0  0  0
   -6.5879   -0.7910   -2.4658  C  0  0  0  0  0
   -7.1306   -0.3266   -3.6737  C  0  0  0  0  0
   -7.8707    0.8709   -3.5444  C  0  0  0  0  0
   -8.0525    1.5591   -2.2946  C  0  0  0  0  0
   -7.5151    1.1073   -1.0681  C  0  0  0  0  0
  1  5  2  0  0  0
  1  9  1  0  0  0
  1  2  2  0  0  0
  2  3  1  0  0  0
  3  4  1  0  0  0
  4  5  2  0  0  0
  5  6  1  0  0  0
  6  7  2  0  0  0
  7  8  1  0  0  0
  8  9  2  0  0  0
M  END
$$$$
[c]12[c](con1)cccc2
  -ISIS-

  9 10  0  0  0  0  0  0  0  0  1
   -4.8495    2.7782   -1.2438  C  0  0  0  0  0
   -5.2708    4.1237   -0.9313  C  0  0  0  0  0
   -6.6035    4.1410   -0.7761  N  0  0  0  0  0
   -7.0417    2.8438   -0.9770  O  0  0  0  0  0
   -5.9904    2.0187   -1.2693  C  0  0  0  0  0
   -4.3350    5.1671   -0.8264  C  0  0  0  0  0
   -2.9986    4.7624   -1.0436  C  0  0  0  0  0
   -2.6287    3.4126   -1.3392  C  0  0  0  0  0
   -3.5411    2.3431   -1.4527  C  0  0  0  0  0
  1  5  2  0  0  0
  1  9  1  0  0  0
  1  2  2  0  0  0
  2  3  2  0  0  0
  2  6  1  0  0  0
  3  4  1  0  0  0
  4  5  1  0  0  0
  6  7  2  0  0  0
  7  8  1  0  0  0
  8  9  2  0  0  0
M  END
$$$$
[c]12[c](con1)cccc2
  -ISIS-

  9 10  0  0  0  0  0  0  0  0  1
   -4.8495    2.7782   -1.2438  C  0  0  0  0  0
   -5.2708    4.1237   -0.9313  C  0  0  0  0  0
   -6.6035    4.1410   -0.7761  N  0  0  0  0  0
   -7.0417    2.8438   -0.9770  O  0  0  0  0  0
   -5.9904    2.0187   -1.2693  C  0  0  0  0  0
   -4.3350    5.1671   -0.8264  C  0  0  0  0  0
   -2.9986    4.7624   -1.0436  C  0  0  0  0  0
   -2.6287    3.4126   -1.3392  C  0  0  0  0  0
   -3.5411    2.3431   -1.4527  C  0  0  0  0  0
  1  5  2  0  0  0
  1  9  1  0  0  0
  1  2  2  0  0  0
  2  3  2  0  0  0
  2  6  1  0  0  0
  3  4  1  0  0  0
  4  5  1  0  0  0
  6  7  2  0  0  0
  7  8  1  0  0  0
  8  9  2  0  0  0
M  END
$$$$
[c]12[c](con1)cccc2
  -ISIS-

  9 10  0  0  0  0  0  0  0  0  1
    3.2729   -2.1595   -0.8469  C  0  0  0  0  0
    4.1393   -2.4817    0.2632  C  0  0  0  0  0
    3.5441   -2.1089    1.4062  N  0  0  0  0  0
    2.3225   -1.5613    1.0555  O  0  0  0  0  0
    2.1560   -1.5805   -0.3025  C  0  0  0  0  0
    5.3857   -3.0960    0.0513  C  0  0  0  0  0
    5.6706   -3.3550   -1.3085  C  0  0  0  0  0
    4.7758   -3.0286   -2.3744  C  0  0  0  0  0
    3.5211   -2.4126   -2.1955  C  0  0  0  0  0
  1  5  2  0  0  0
  1  9  1  0  0  0
  1  2  2  0  0  0
  2  3  2  0  0  0
  2  6  1  0  0  0
  3  4  1  0  0  0
  4  5  1  0  0  0
  6  7  2  0  0  0
  7  8  1  0  0  0
  8  9  2  0  0  0
M  END
$$$$
[c]12[c](con1)cccc2
  -ISIS-

  9 10  0  0  0  0  0  0  0  0  1
    3.2729   -2.1595   -0.8469  C  0  0  0  0  0
    4.1393   -2.4817    0.2632  C  0  0  0  0  0
    3.5441   -2.1089    1.4062  N  0  0  0  0  0
    2.3225   -1.5613    1.0555  O  0  0  0  0  0
    2.1560   -1.5805   -0.3025  C  0  0  0  0  0
    5.3857   -3.0960    0.0513  C  0  0  0  0  0
    5.6706   -3.3550   -1.3085  C  0  0  0  0  0
    4.7758   -3.0286   -2.3744  C  0  0  0  0  0
    3.5211   -2.4126   -2.1955  C  0  0  0  0  0
  1  5  2  0  0  0
  1  9  1  0  0  0
  1  2  2  0  0  0
  2  3  2  0  0  0
  2  6  1  0  0  0
  3  4  1  0  0  0
  4  5  1  0  0  0
  6  7  2  0  0  0
  7  8  1  0  0  0
  8  9  2  0  0  0
M  END
$$$$
[c]12[c](con1)cccc2
  -ISIS-

  9 10  0  0  0  0  0  0  0  0  1
    1.8212   -9.8667   -5.5066  C  0  0  0  0  0
    2.1716   -9.8212   -6.9068  C  0  0  0  0  0
    3.4924   -9.6102   -7.0203  N  0  0  0  0  0
    3.9906   -9.5170   -5.7328  O  0  0  0  0  0
    2.9896   -9.6798   -4.8146  C  0  0  0  0  0
    1.1963   -9.9789   -7.9055  C  0  0  0  0  0
   -0.1033  -10.1677   -7.3904  C  0  0  0  0  0
   -0.4185  -10.1957   -5.9950  C  0  0  0  0  0
    0.5445  -10.0414   -4.9756  C  0  0  0  0  0
  1  5  2  0  0  0
  1  9  1  0  0  0
  1  2  2  0  0  0
  2  3  2  0  0  0
  2  6  1  0  0  0
  3  4  1  0  0  0
  4  5  1  0  0  0
  6  7  2  0  0  0
  7  8  1  0  0  0
  8  9  2  0  0  0
M  END
$$$$
[c]12[c](con1)cccc2
  -ISIS-

  9 10  0  0  0  0  0  0  0  0  1
    1.8212   -9.8667   -5.5066  C  0  0  0  0  0
    2.1716   -9.8212   -6.9068  C  0  0  0  0  0
    3.4924   -9.6102   -7.0203  N  0  0  0  0  0
    3.9906   -9.5170   -5.7328  O  0  0  0  0  0
    2.9896   -9.6798   -4.8146  C  0  0  0  0  0
    1.1963   -9.9789   -7.9055  C  0  0  0  0  0
   -0.1033  -10.1677   -7.3904  C  0  0  0  0  0
   -0.4185  -10.1957   -5.9950  C  0  0  0  0  0
    0.5445  -10.0414   -4.9756  C  0  0  0  0  0
  1  5  2  0  0  0
  1  9  1  0  0  0
  1  2  2  0  0  0
  2  3  2  0  0  0
  2  6  1  0  0  0
  3  4  1  0  0  0
  4  5  1  0  0  0
  6  7  2  0  0  0
  7  8  1  0  0  0
  8  9  2  0  0  0
M  END
$$$$
[c]12[c](con1)cccc2
  -ISIS-

  9 10  0  0  0  0  0  0  0  0  1
   -5.0982   -5.0823    4.0355  C  0  0  0  0  0
   -4.5615   -6.4227    3.9881  C  0  0  0  0  0
   -3.7103   -6.5904    5.0113  N  0  0  0  0  0
   -3.6922   -5.3961    5.7102  O  0  0  0  0  0
   -4.5201   -4.4790    5.1222  C  0  0  0  0  0
   -4.9529   -7.3217    2.9809  C  0  0  0  0  0
   -5.8931   -6.7863    2.0718  C  0  0  0  0  0
   -6.4060   -5.4553    2.1652  C  0  0  0  0  0
   -6.0338   -4.5305    3.1611  C  0  0  0  0  0
  1  5  2  0  0  0
  1  9  1  0  0  0
  1  2  2  0  0  0
  2  3  2  0  0  0
  2  6  1  0  0  0
  3  4  1  0  0  0
  4  5  1  0  0  0
  6  7  2  0  0  0
  7  8  1  0  0  0
  8  9  2  0  0  0
M  END
$$$$
[c]12[c](con1)cccc2
  -ISIS-

  9 10  0  0  0  0  0  0  0  0  1
   -5.0982   -5.0823    4.0355  C  0  0  0  0  0
   -4.5615   -6.4227    3.9881  C  0  0  0  0  0
   -3.7103   -6.5904    5.0113  N  0  0  0  0  0
   -3.6922   -5.3961    5.7102  O  0  0  0  0  0
   -4.5201   -4.4790    5.1222  C  0  0  0  0  0
   -4.9529   -7.3217    2.9809  C  0  0  0  0  0
   -5.8931   -6.7863    2.0718  C  0  0  0  0  0
   -6.4060   -5.4553    2.1652  C  0  0  0  0  0
   -6.0338   -4.5305    3.1611  C  0  0  0  0  0
  1  5  2  0  0  0
  1  9  1  0  0  0
  1  2  2  0  0  0
  2  3  2  0  0  0
  2  6  1  0  0  0
  3  4  1  0  0  0
  4  5  1  0  0  0
  6  7  2  0  0  0
  7  8  1  0  0  0
  8  9  2  0  0  0
M  END
$$$$
[c]12[c](con1)cccc2
  -ISIS-

  9 10  0  0  0  0  0  0  0  0  1
   -3.7987    2.6833   -6.5090  C  0  0  0  0  0
   -2.9539    3.8269   -6.7665  C  0  0  0  0  0
   -1.8458    3.4180   -7.4028  N  0  0  0  0  0
   -1.9593    2.0477   -7.5545  O  0  0  0  0  0
   -3.1385    1.5987   -7.0256  C  0  0  0  0  0
   -3.3392    5.1154   -6.3584  C  0  0  0  0  0
   -4.5851    5.1544   -5.6924  C  0  0  0  0  0
   -5.3824    3.9932   -5.4490  C  0  0  0  0  0
   -5.0253    2.6890   -5.8457  C  0  0  0  0  0
  1  5  2  0  0  0
  1  9  1  0  0  0
  1  2  2  0  0  0
  2  3  2  0  0  0
  2  6  1  0  0  0
  3  4  1  0  0  0
  4  5  1  0  0  0
  6  7  2  0  0  0
  7  8  1  0  0  0
  8  9  2  0  0  0
M  END
$$$$
[c]12[c](con1)cccc2
  -ISIS-

  9 10  0  0  0  0  0  0  0  0  1
   -3.7987    2.6833   -6.5090  C  0  0  0  0  0
   -2.9539    3.8269   -6.7665  C  0  0  0  0  0
   -1.8458    3.4180   -7.4028  N  0  0  0  0  0
   -1.9593    2.0477   -7.5545  O  0  0  0  0  0
   -3.1385    1.5987   -7.0256  C  0  0  0  0  0
   -3.3392    5.1154   -6.3584  C  0  0  0  0  0
   -4.5851    5.1544   -5.6924  C  0  0  0  0  0
   -5.3824    3.9932   -5.4490  C  0  0  0  0  0
   -5.0253    2.6890   -5.8457  C  0  0  0  0  0
  1  5  2  0  0  0
  1  9  1  0  0  0
  1  2  2  0  0  0
  2  3  2  0  0  0
  2  6  1  0  0  0
  3  4  1  0  0  0
  4  5  1  0  0  0
  6  7  2  0  0  0
  7  8  1  0  0  0
  8  9  2  0  0  0
M  END
$$$$
[c]12[c](con1)cccc2
  -ISIS-

  9 10  0  0  0  0  0  0  0  0  1
    4.7380   -0.0048   -3.0351  C  0  0  0  0  0
    5.5839    1.1620   -2.9373  C  0  0  0  0  0
    4.8186    2.2627   -2.9849  N  0  0  0  0  0
    3.5105    1.8302   -3.1146  O  0  0  0  0  0
    3.4540    0.4637   -3.1361  C  0  0  0  0  0
    6.9787    1.0340   -2.8210  C  0  0  0  0  0
    7.4307   -0.3051   -2.8193  C  0  0  0  0  0
    6.5555   -1.4299   -2.9300  C  0  0  0  0  0
    5.1544   -1.3354   -3.0476  C  0  0  0  0  0
  1  5  2  0  0  0
  1  9  1  0  0  0
  1  2  2  0  0  0
  2  3  2  0  0  0
  2  6  1  0  0  0
  3  4  1  0  0  0
  4  5  1  0  0  0
  6  7  2  0  0  0
  7  8  1  0  0  0
  8  9  2  0  0  0
M  END
$$$$
[c]12[c](con1)cccc2
  -ISIS-

  9 10  0  0  0  0  0  0  0  0  1
    4.7380   -0.0048   -3.0351  C  0  0  0  0  0
    5.5839    1.1620   -2.9373  C  0  0  0  0  0
    4.8186    2.2627   -2.9849  N  0  0  0  0  0
    3.5105    1.8302   -3.1146  O  0  0  0  0  0
    3.4540    0.4637   -3.1361  C  0  0  0  0  0
    6.9787    1.0340   -2.8210  C  0  0  0  0  0
    7.4307   -0.3051   -2.8193  C  0  0  0  0  0
    6.5555   -1.4299   -2.9300  C  0  0  0  0  0
    5.1544   -1.3354   -3.0476  C  0  0  0  0  0
  1  5  2  0  0  0
  1  9  1  0  0  0
  1  2  2  0  0  0
  2  3  2  0  0  0
  2  6  1  0  0  0
  3  4  1  0  0  0
  4  5  1  0  0  0
  6  7  2  0  0  0
  7  8  1  0  0  0
  8  9  2  0  0  0
M  END
$$$$
[c]12[c](con1)cccc2
  -ISIS-

  9 10  0  0  0  0  0  0  0  0  1
   -2.5710    4.2979   -3.3038  C  0  0  0  0  0
   -3.7946    3.6604   -2.8738  C  0  0  0  0  0
   -4.2677    2.9028   -3.8748  N  0  0  0  0  0
   -3.3800    3.0358   -4.9270  O  0  0  0  0  0
   -2.3598    3.8830   -4.5932  C  0  0  0  0  0
   -4.3048    3.8734   -1.5821  C  0  0  0  0  0
   -3.5122    4.7348   -0.7903  C  0  0  0  0  0
   -2.2961    5.3369   -1.2531  C  0  0  0  0  0
   -1.7601    5.1437   -2.5460  C  0  0  0  0  0
  1  5  2  0  0  0
  1  9  1  0  0  0
  1  2  2  0  0  0
  2  3  2  0  0  0
  2  6  1  0  0  0
  3  4  1  0  0  0
  4  5  1  0  0  0
  6  7  2  0  0  0
  7  8  1  0  0  0
  8  9  2  0  0  0
M  END
$$$$
[c]12[c](con1)cccc2
  -ISIS-

  9 10  0  0  0  0  0  0  0  0  1
   -2.5710    4.2979   -3.3038  C  0  0  0  0  0
   -3.7946    3.6604   -2.8738  C  0  0  0  0  0
   -4.2677    2.9028   -3.8748  N  0  0  0  0  0
   -3.3800    3.0358   -4.9270  O  0  0  0  0  0
   -2.3598    3.8830   -4.5932  C  0  0  0  0  0
   -4.3048    3.8734   -1.5821  C  0  0  0  0  0
   -3.5122    4.7348   -0.7903  C  0  0  0  0  0
   -2.2961    5.3369   -1.2531  C  0  0  0  0  0
   -1.7601    5.1437   -2.5460  C  0  0  0  0  0
  1  5  2  0  0  0
  1  9  1  0  0  0
  1  2  2  0  0  0
  2  3  2  0  0  0
  2  6  1  0  0  0
  3  4  1  0  0  0
  4  5  1  0  0  0
  6  7  2  0  0  0
  7  8  1  0  0  0
  8  9  2  0  0  0
M  END
$$$$
[c]12[c](con1)cccc2
  -ISIS-

  9 10  0  0  0  0  0  0  0  0  1
    7.1732   -3.2262    3.4570  C  0  0  0  0  0
    8.1671   -2.9788    4.4754  C  0  0  0  0  0
    8.1788   -1.6693    4.7674  N  0  0  0  0  0
    7.2236   -1.0758    3.9609  O  0  0  0  0  0
    6.6069   -2.0103    3.1746  C  0  0  0  0  0
    8.9434   -4.0282    4.9964  C  0  0  0  0  0
    8.6556   -5.2893    4.4279  C  0  0  0  0  0
    7.6687   -5.4836    3.4119  C  0  0  0  0  0
    6.8737   -4.4543    2.8684  C  0  0  0  0  0
  1  5  2  0  0  0
  1  9  1  0  0  0
  1  2  2  0  0  0
  2  3  2  0  0  0
  2  6  1  0  0  0
  3  4  1  0  0  0
  4  5  1  0  0  0
  6  7  2  0  0  0
  7  8  1  0  0  0
  8  9  2  0  0  0
M  END
$$$$
[c]12[c](con1)cccc2
  -ISIS-

  9 10  0  0  0  0  0  0  0  0  1
    7.1732   -3.2262    3.4570  C  0  0  0  0  0
    8.1671   -2.9788    4.4754  C  0  0  0  0  0
    8.1788   -1.6693    4.7674  N  0  0  0  0  0
    7.2236   -1.0758    3.9609  O  0  0  0  0  0
    6.6069   -2.0103    3.1746  C  0  0  0  0  0
    8.9434   -4.0282    4.9964  C  0  0  0  0  0
    8.6556   -5.2893    4.4279  C  0  0  0  0  0
    7.6687   -5.4836    3.4119  C  0  0  0  0  0
    6.8737   -4.4543    2.8684  C  0  0  0  0  0
  1  5  2  0  0  0
  1  9  1  0  0  0
  1  2  2  0  0  0
  2  3  2  0  0  0
  2  6  1  0  0  0
  3  4  1  0  0  0
  4  5  1  0  0  0
  6  7  2  0  0  0
  7  8  1  0  0  0
  8  9  2  0  0  0
M  END
$$$$
[c]12[c](con1)cccc2
  -ISIS-

  9 10  0  0  0  0  0  0  0  0  1
   -4.6148    3.5892   -6.5390  C  0  0  0  0  0
   -4.8430    4.9074   -7.0833  C  0  0  0  0  0
   -4.4398    4.9293   -8.3629  N  0  0  0  0  0
   -3.9588    3.6634   -8.6475  O  0  0  0  0  0
   -4.0697    2.8475   -7.5548  C  0  0  0  0  0
   -5.4002    5.9279   -6.2938  C  0  0  0  0  0
   -5.6883    5.5337   -4.9678  C  0  0  0  0  0
   -5.4329    4.2173   -4.4703  C  0  0  0  0  0
   -4.8765    3.1707   -5.2346  C  0  0  0  0  0
  1  5  2  0  0  0
  1  9  1  0  0  0
  1  2  2  0  0  0
  2  3  2  0  0  0
  2  6  1  0  0  0
  3  4  1  0  0  0
  4  5  1  0  0  0
  6  7  2  0  0  0
  7  8  1  0  0  0
  8  9  2  0  0  0
M  END
$$$$
[c]12[c](con1)cccc2
  -ISIS-

  9 10  0  0  0  0  0  0  0  0  1
   -4.6148    3.5892   -6.5390  C  0  0  0  0  0
   -4.8430    4.9074   -7.0833  C  0  0  0  0  0
   -4.4398    4.9293   -8.3629  N  0  0  0  0  0
   -3.9588    3.6634   -8.6475  O  0  0  0  0  0
   -4.0697    2.8475   -7.5548  C  0  0  0  0  0
   -5.4002    5.9279   -6.2938  C  0  0  0  0  0
   -5.6883    5.5337   -4.9678  C  0  0  0  0  0
   -5.4329    4.2173   -4.4703  C  0  0  0  0  0
   -4.8765    3.1707   -5.2346  C  0  0  0  0  0
  1  5  2  0  0  0
  1  9  1  0  0  0
  1  2  2  0  0  0
  2  3  2  0  0  0
  2  6  1  0  0  0
  3  4  1  0  0  0
  4  5  1  0  0  0
  6  7  2  0  0  0
  7  8  1  0  0  0
  8  9  2  0  0  0
M  END
$$$$
[c]12[c](con1)cccc2
  -ISIS-

  9 10  0  0  0  0  0  0  0  0  1
   -0.0998   -4.7813    3.3489  C  0  0  0  0  0
   -0.8895   -4.3972    4.4958  C  0  0  0  0  0
   -2.1365   -4.8690    4.3470  N  0  0  0  0  0
   -2.1637   -5.5397    3.1368  O  0  0  0  0  0
   -0.9363   -5.4986    2.5335  C  0  0  0  0  0
   -0.3274   -3.6405    5.5385  C  0  0  0  0  0
    1.0317   -3.3106    5.3357  C  0  0  0  0  0
    1.7710   -3.7036    4.1770  C  0  0  0  0  0
    1.2374   -4.4618    3.1159  C  0  0  0  0  0
  1  5  2  0  0  0
  1  9  1  0  0  0
  1  2  2  0  0  0
  2  3  2  0  0  0
  2  6  1  0  0  0
  3  4  1  0  0  0
  4  5  1  0  0  0
  6  7  2  0  0  0
  7  8  1  0  0  0
  8  9  2  0  0  0
M  END
$$$$
[c]12[c](con1)cccc2
  -ISIS-

  9 10  0  0  0  0  0  0  0  0  1
   -0.0998   -4.7813    3.3489  C  0  0  0  0  0
   -0.8895   -4.3972    4.4958  C  0  0  0  0  0
   -2.1365   -4.8690    4.3470  N  0  0  0  0  0
   -2.1637   -5.5397    3.1368  O  0  0  0  0  0
   -0.9363   -5.4986    2.5335  C  0  0  0  0  0
   -0.3274   -3.6405    5.5385  C  0  0  0  0  0
    1.0317   -3.3106    5.3357  C  0  0  0  0  0
    1.7710   -3.7036    4.1770  C  0  0  0  0  0
    1.2374   -4.4618    3.1159  C  0  0  0  0  0
  1  5  2  0  0  0
  1  9  1  0  0  0
  1  2  2  0  0  0
  2  3  2  0  0  0
  2  6  1  0  0  0
  3  4  1  0  0  0
  4  5  1  0  0  0
  6  7  2  0  0  0
  7  8  1  0  0  0
  8  9  2  0  0  0
M  END
$$$$
[c]12[c](con1)cccc2
  -ISIS-

  9 10  0  0  0  0  0  0  0  0  1
    1.5441   -5.2404    0.2983  C  0  0  0  0  0
    1.7585   -3.9188    0.0185  O  0  0  0  0  0
    3.0846   -3.5834    0.2144  N  0  0  0  0  0
    3.7015   -4.6935    0.6494  C  0  0  0  0  0
    2.7397   -5.7659    0.7173  C  0  0  0  0  0
    2.9839   -7.0769    1.1216  C  0  0  0  0  0
    4.3360   -7.2599    1.4772  C  0  0  0  0  0
    5.3212   -6.2251    1.4240  C  0  0  0  0  0
    5.0435   -4.9041    1.0085  C  0  0  0  0  0
  1  5  2  0  0  0
  1  2  1  0  0  0
  2  3  1  0  0  0
  3  4  2  0  0  0
  4  9  1  0  0  0
  4  5  2  0  0  0
  5  6  1  0  0  0
  6  7  2  0  0  0
  7  8  1  0  0  0
  8  9  2  0  0  0
M  END
$$$$
[c]12[c](con1)cccc2
  -ISIS-

  9 10  0  0  0  0  0  0  0  0  1
   -0.6569    6.5530    0.8582  C  0  0  0  0  0
   -0.6637    7.2162   -0.3380  O  0  0  0  0  0
   -1.4311    8.3636   -0.2570  N  0  0  0  0  0
   -1.8633    8.4483    1.0099  C  0  0  0  0  0
   -1.3786    7.3063    1.7505  C  0  0  0  0  0
   -1.5888    7.0531    3.1066  C  0  0  0  0  0
   -2.3804    8.0570    3.7026  C  0  0  0  0  0
   -2.8916    9.1913    3.0004  C  0  0  0  0  0
   -2.6517    9.4318    1.6306  C  0  0  0  0  0
  1  5  2  0  0  0
  1  2  1  0  0  0
  2  3  1  0  0  0
  3  4  2  0  0  0
  4  9  1  0  0  0
  4  5  2  0  0  0
  5  6  1  0  0  0
  6  7  2  0  0  0
  7  8  1  0  0  0
  8  9  2  0  0  0
M  END
$$$$
[c]12[c](con1)cccc2
  -ISIS-

  9 10  0  0  0  0  0  0  0  0  1
    2.9621    2.5747   -1.7770  C  0  0  0  0  0
    3.2871    1.5457   -0.9312  O  0  0  0  0  0
    4.6044    1.6528   -0.5071  N  0  0  0  0  0
    5.0992    2.7539   -1.0934  C  0  0  0  0  0
    4.0771    3.3636   -1.9088  C  0  0  0  0  0
    4.2201    4.5243   -2.6703  C  0  0  0  0  0
    5.5166    5.0683   -2.5615  C  0  0  0  0  0
    6.5538    4.4947   -1.7655  C  0  0  0  0  0
    6.3853    3.3185   -1.0030  C  0  0  0  0  0
  1  5  2  0  0  0
  1  2  1  0  0  0
  2  3  1  0  0  0
  3  4  2  0  0  0
  4  9  1  0  0  0
  4  5  2  0  0  0
  5  6  1  0  0  0
  6  7  2  0  0  0
  7  8  1  0  0  0
  8  9  2  0  0  0
M  END
$$$$
[c]12[c](con1)cccc2
  -ISIS-

  9 10  0  0  0  0  0  0  0  0  1
   -1.7391    2.5940    0.8375  C  0  0  0  0  0
   -0.3618    2.2215    1.0219  C  0  0  0  0  0
    0.7270    3.0648    0.7128  C  0  0  0  0  0
    0.2813    4.2817    0.2145  C  0  0  0  0  0
   -1.0812    4.7021    0.0112  C  0  0  0  0  0
   -2.1515    3.8500    0.3245  C  0  0  0  0  0
   -1.0781    5.9501   -0.4878  N  0  0  0  0  0
    0.2508    6.3287   -0.6047  O  0  0  0  0  0
    1.0624    5.3244   -0.1823  C  0  0  0  0  0
  1  6  2  0  0  0
  1  2  1  0  0  0
  2  3  2  0  0  0
  3  4  1  0  0  0
  4  9  2  0  0  0
  4  5  2  0  0  0
  5  6  1  0  0  0
  5  7  2  0  0  0
  7  8  1  0  0  0
  8  9  1  0  0  0
M  END
$$$$
[c]12[c](con1)cccc2
  -ISIS-

  9 10  0  0  0  0  0  0  0  0  1
   -3.3043    4.9905   -2.2031  C  0  0  0  0  0
   -2.6940    4.0621   -3.1067  C  0  0  0  0  0
   -2.9287    2.6712   -3.0852  C  0  0  0  0  0
   -3.8235    2.3392   -2.0761  C  0  0  0  0  0
   -4.4633    3.2311   -1.1438  C  0  0  0  0  0
   -4.2120    4.6125   -1.1874  C  0  0  0  0  0
   -5.2551    2.5117   -0.3293  N  0  0  0  0  0
   -5.1308    1.1874   -0.7237  O  0  0  0  0  0
   -4.2710    1.0896   -1.7715  C  0  0  0  0  0
  1  6  2  0  0  0
  1  2  1  0  0  0
  2  3  2  0  0  0
  3  4  1  0  0  0
  4  9  2  0  0  0
  4  5  2  0  0  0
  5  6  1  0  0  0
  5  7  2  0  0  0
  7  8  1  0  0  0
  8  9  1  0  0  0
M  END
$$$$
[c]12[c](con1)cccc2
  -ISIS-

  9 10  0  0  0  0  0  0  0  0  1
   -0.8413    1.9371   -2.3071  C  0  0  0  0  0
   -0.4483    0.6311   -2.3081  O  0  0  0  0  0
   -1.5131   -0.1916   -2.6384  N  0  0  0  0  0
   -2.5710    0.6111   -2.8444  C  0  0  0  0  0
   -2.1661    1.9790   -2.6390  C  0  0  0  0  0
   -2.9586    3.1161   -2.7541  C  0  0  0  0  0
   -4.2795    2.7758   -3.1134  C  0  0  0  0  0
   -4.7287    1.4338   -3.3277  C  0  0  0  0  0
   -3.8937    0.3007   -3.2020  C  0  0  0  0  0
  1  5  2  0  0  0
  1  2  1  0  0  0
  2  3  1  0  0  0
  3  4  2  0  0  0
  4  9  1  0  0  0
  4  5  2  0  0  0
  5  6  1  0  0  0
  6  7  2  0  0  0
  7  8  1  0  0  0
  8  9  2  0  0  0
M  END
$$$$
[c]12[c](con1)cccc2
  -ISIS-

  9 10  0  0  0  0  0  0  0  0  1
    0.7496   -1.7330    5.1487  C  0  0  0  0  0
    1.1759   -1.4940    6.4269  O  0  0  0  0  0
    0.4171   -0.4985    7.0172  N  0  0  0  0  0
   -0.4878   -0.1126    6.1039  C  0  0  0  0  0
   -0.2985   -0.8850    4.9008  C  0  0  0  0  0
   -1.0370   -0.7848    3.7232  C  0  0  0  0  0
   -2.0409    0.1996    3.8311  C  0  0  0  0  0
   -2.2626    0.9872    5.0036  C  0  0  0  0  0
   -1.4966    0.8623    6.1836  C  0  0  0  0  0
  1  5  2  0  0  0
  1  2  1  0  0  0
  2  3  1  0  0  0
  3  4  2  0  0  0
  4  9  1  0  0  0
  4  5  2  0  0  0
  5  6  1  0  0  0
  6  7  2  0  0  0
  7  8  1  0  0  0
  8  9  2  0  0  0
M  END
$$$$
[c]12[c](con1)cccc2
  -ISIS-

  9 10  0  0  0  0  0  0  0  0  1
    1.8061   -0.1807    2.2812  C  0  0  0  0  0
    2.5862   -0.7657    3.2442  O  0  0  0  0  0
    3.9291   -0.5023    3.0158  N  0  0  0  0  0
    3.9811    0.2479    1.9049  C  0  0  0  0  0
    2.6465    0.4699    1.4130  C  0  0  0  0  0
    2.3015    1.2056    0.2820  C  0  0  0  0  0
    3.4413    1.7345   -0.3636  C  0  0  0  0  0
    4.8048    1.5408    0.0747  C  0  0  0  0  0
    5.0993    0.7859    1.2436  C  0  0  0  0  0
  1  5  2  0  0  0
  1  2  1  0  0  0
  2  3  1  0  0  0
  3  4  2  0  0  0
  4  9  1  0  0  0
  4  5  2  0  0  0
  5  6  1  0  0  0
  6  7  2  0  0  0
  7  8  1  0  0  0
  8  9  2  0  0  0
M  END
$$$$
[c]12[c](con1)cccc2
  -ISIS-

  9 10  0  0  0  0  0  0  0  0  1
    1.8061   -0.1807    2.2812  C  0  0  0  0  0
    2.5862   -0.7657    3.2442  O  0  0  0  0  0
    3.9291   -0.5023    3.0158  N  0  0  0  0  0
    3.9811    0.2479    1.9049  C  0  0  0  0  0
    2.6465    0.4699    1.4130  C  0  0  0  0  0
    2.3015    1.2056    0.2820  C  0  0  0  0  0
    3.4413    1.7345   -0.3636  C  0  0  0  0  0
    4.8048    1.5408    0.0747  C  0  0  0  0  0
    5.0993    0.7859    1.2436  C  0  0  0  0  0
  1  5  2  0  0  0
  1  2  1  0  0  0
  2  3  1  0  0  0
  3  4  2  0  0  0
  4  9  1  0  0  0
  4  5  2  0  0  0
  5  6  1  0  0  0
  6  7  2  0  0  0
  7  8  1  0  0  0
  8  9  2  0  0  0
M  END
$$$$
[c]12[c](con1)cccc2
  -ISIS-

  9 10  0  0  0  0  0  0  0  0  1
    5.1915   -2.7431   -1.5177  C  0  0  0  0  0
    6.2848   -2.9541   -2.4005  C  0  0  0  0  0
    6.4920   -2.2211   -3.6095  C  0  0  0  0  0
    5.6316   -1.2045   -4.0610  C  0  0  0  0  0
    4.5620   -1.0028   -3.1902  C  0  0  0  0  0
    4.3088   -1.7188   -1.9540  C  0  0  0  0  0
    3.1810   -1.2281   -1.4074  N  0  0  0  0  0
    2.7191   -0.2361   -2.2503  O  0  0  0  0  0
    3.5448   -0.0921   -3.3303  C  0  0  0  0  0
  1  6  1  0  0  0
  1  2  2  0  0  0
  2  3  1  0  0  0
  3  4  2  0  0  0
  4  5  1  0  0  0
  5  9  2  0  0  0
  5  6  1  0  0  0
  6  7  2  0  0  0
  7  8  1  0  0  0
  8  9  1  0  0  0
M  END
$$$$
[c]12[c](con1)cccc2
  -ISIS-

  9 10  0  0  0  0  0  0  0  0  1
    5.1915   -2.7431   -1.5177  C  0  0  0  0  0
    6.2848   -2.9541   -2.4005  C  0  0  0  0  0
    6.4920   -2.2211   -3.6095  C  0  0  0  0  0
    5.6316   -1.2045   -4.0610  C  0  0  0  0  0
    4.5620   -1.0028   -3.1902  C  0  0  0  0  0
    4.3088   -1.7188   -1.9540  C  0  0  0  0  0
    3.1810   -1.2281   -1.4074  N  0  0  0  0  0
    2.7191   -0.2361   -2.2503  O  0  0  0  0  0
    3.5448   -0.0921   -3.3303  C  0  0  0  0  0
  1  6  1  0  0  0
  1  2  2  0  0  0
  2  3  1  0  0  0
  3  4  2  0  0  0
  4  5  1  0  0  0
  5  9  2  0  0  0
  5  6  1  0  0  0
  6  7  2  0  0  0
  7  8  1  0  0  0
  8  9  1  0  0  0
M  END
$$$$
[c]12[c](con1)cccc2
  -ISIS-

  9 10  0  0  0  0  0  0  0  0  1
    5.1915   -2.7431   -1.5177  C  0  0  0  0  0
    6.2848   -2.9541   -2.4005  C  0  0  0  0  0
    6.4920   -2.2211   -3.6095  C  0  0  0  0  0
    5.6316   -1.2045   -4.0610  C  0  0  0  0  0
    4.5620   -1.0028   -3.1902  C  0  0  0  0  0
    4.3088   -1.7188   -1.9540  C  0  0  0  0  0
    3.1810   -1.2281   -1.4074  N  0  0  0  0  0
    2.7191   -0.2361   -2.2503  O  0  0  0  0  0
    3.5448   -0.0921   -3.3303  C  0  0  0  0  0
  1  6  1  0  0  0
  1  2  2  0  0  0
  2  3  1  0  0  0
  3  4  2  0  0  0
  4  5  1  0  0  0
  5  9  2  0  0  0
  5  6  1  0  0  0
  6  7  2  0  0  0
  7  8  1  0  0  0
  8  9  1  0  0  0
M  END
$$$$
[c]12[c](con1)cccc2
  -ISIS-

  9 10  0  0  0  0  0  0  0  0  1
    7.9297   -1.7963    2.5148  C  0  0  0  0  0
    8.2609   -2.6854    1.4154  C  0  0  0  0  0
    7.3022   -3.4911    0.7561  C  0  0  0  0  0
    5.9985   -3.3549    1.2606  C  0  0  0  0  0
    4.8614   -3.9614    0.8811  N  0  0  0  0  0
    3.8582   -3.4606    1.6918  O  0  0  0  0  0
    4.3711   -2.5817    2.6041  C  0  0  0  0  0
    5.7133   -2.4645    2.3526  C  0  0  0  0  0
    6.6223   -1.6565    3.0323  C  0  0  0  0  0
  1  9  2  0  0  0
  1  2  1  0  0  0
  2  3  2  0  0  0
  3  4  1  0  0  0
  4  8  2  0  0  0
  4  5  2  0  0  0
  5  6  1  0  0  0
  6  7  1  0  0  0
  7  8  2  0  0  0
  8  9  1  0  0  0
M  END
$$$$
[c]12[c](con1)cccc2
  -ISIS-

  9 10  0  0  0  0  0  0  0  0  1
    7.9297   -1.7963    2.5148  C  0  0  0  0  0
    8.2609   -2.6854    1.4154  C  0  0  0  0  0
    7.3022   -3.4911    0.7561  C  0  0  0  0  0
    5.9985   -3.3549    1.2606  C  0  0  0  0  0
    4.8614   -3.9614    0.8811  N  0  0  0  0  0
    3.8582   -3.4606    1.6918  O  0  0  0  0  0
    4.3711   -2.5817    2.6041  C  0  0  0  0  0
    5.7133   -2.4645    2.3526  C  0  0  0  0  0
    6.6223   -1.6565    3.0323  C  0  0  0  0  0
  1  9  2  0  0  0
  1  2  1  0  0  0
  2  3  2  0  0  0
  3  4  1  0  0  0
  4  8  2  0  0  0
  4  5  2  0  0  0
  5  6  1  0  0  0
  6  7  1  0  0  0
  7  8  2  0  0  0
  8  9  1  0  0  0
M  END
$$$$
[c]12[c](con1)cccc2
  -ISIS-

  9 10  0  0  0  0  0  0  0  0  1
    7.9297   -1.7963    2.5148  C  0  0  0  0  0
    8.2609   -2.6854    1.4154  C  0  0  0  0  0
    7.3022   -3.4911    0.7561  C  0  0  0  0  0
    5.9985   -3.3549    1.2606  C  0  0  0  0  0
    4.8614   -3.9614    0.8811  N  0  0  0  0  0
    3.8582   -3.4606    1.6918  O  0  0  0  0  0
    4.3711   -2.5817    2.6041  C  0  0  0  0  0
    5.7133   -2.4645    2.3526  C  0  0  0  0  0
    6.6223   -1.6565    3.0323  C  0  0  0  0  0
  1  9  2  0  0  0
  1  2  1  0  0  0
  2  3  2  0  0  0
  3  4  1  0  0  0
  4  8  2  0  0  0
  4  5  2  0  0  0
  5  6  1  0  0  0
  6  7  1  0  0  0
  7  8  2  0  0  0
  8  9  1  0  0  0
M  END
$$$$
[c]12[c](con1)cccc2
  -ISIS-

  9 10  0  0  0  0  0  0  0  0  1
   -4.0117    2.1200   -3.7122  C  0  0  0  0  0
   -3.7397    3.2483   -4.5629  C  0  0  0  0  0
   -2.4480    3.7951   -4.7473  C  0  0  0  0  0
   -1.4461    3.1327   -4.0192  C  0  0  0  0  0
   -1.7694    2.0071   -3.1802  C  0  0  0  0  0
   -3.0192    1.4370   -2.9692  C  0  0  0  0  0
   -0.5945    1.6021   -2.6226  C  0  0  0  0  0
    0.3961    2.4130   -3.0779  O  0  0  0  0  0
   -0.1244    3.3634   -3.9436  N  0  0  0  0  0
  1  6  2  0  0  0
  1  2  1  0  0  0
  2  3  2  0  0  0
  3  4  1  0  0  0
  4  9  2  0  0  0
  4  5  1  0  0  0
  5  6  1  0  0  0
  5  7  2  0  0  0
  7  8  1  0  0  0
  8  9  1  0  0  0
M  END
$$$$
[c]12[c](con1)cccc2
  -ISIS-

  9 10  0  0  0  0  0  0  0  0  1
   -0.9775    2.4508   -0.9713  C  0  0  0  0  0
   -0.3225    1.4902   -1.7751  C  0  0  0  0  0
   -0.2121    0.1132   -1.4188  C  0  0  0  0  0
   -0.7437   -0.4374   -0.2292  C  0  0  0  0  0
   -1.4082    0.5009    0.6025  C  0  0  0  0  0
   -1.4983    1.8967    0.2020  C  0  0  0  0  0
   -2.1849    2.5218    1.2021  C  0  0  0  0  0
   -2.5016    1.6076    2.1508  O  0  0  0  0  0
   -2.0286    0.3638    1.7903  N  0  0  0  0  0
  1  6  1  0  0  0
  1  2  2  0  0  0
  2  3  1  0  0  0
  3  4  2  0  0  0
  4  5  1  0  0  0
  5  9  2  0  0  0
  5  6  2  0  0  0
  6  7  2  0  0  0
  7  8  1  0  0  0
  8  9  1  0  0  0
M  END
$$$$
[c]12[c](con1)cccc2
  -ISIS-

  9 10  0  0  0  0  0  0  0  0  1
   -0.9775    2.4508   -0.9713  C  0  0  0  0  0
   -0.3225    1.4902   -1.7751  C  0  0  0  0  0
   -0.2121    0.1132   -1.4188  C  0  0  0  0  0
   -0.7437   -0.4374   -0.2292  C  0  0  0  0  0
   -1.4082    0.5009    0.6025  C  0  0  0  0  0
   -1.4983    1.8967    0.2020  C  0  0  0  0  0
   -2.1849    2.5218    1.2021  C  0  0  0  0  0
   -2.5016    1.6076    2.1508  O  0  0  0  0  0
   -2.0286    0.3638    1.7903  N  0  0  0  0  0
  1  6  1  0  0  0
  1  2  2  0  0  0
  2  3  1  0  0  0
  3  4  2  0  0  0
  4  5  1  0  0  0
  5  9  2  0  0  0
  5  6  2  0  0  0
  6  7  2  0  0  0
  7  8  1  0  0  0
  8  9  1  0  0  0
M  END
$$$$
[c]12[c](con1)cccc2
  -ISIS-

  9 10  0  0  0  0  0  0  0  0  1
    2.1400   -0.7614    1.9804  C  0  0  0  0  0
    2.0857   -0.6843    3.3451  O  0  0  0  0  0
    1.9595    0.6280    3.7581  N  0  0  0  0  0
    1.9003    1.3763    2.6471  C  0  0  0  0  0
    2.0017    0.5135    1.4911  C  0  0  0  0  0
    1.9405    0.9128    0.1547  C  0  0  0  0  0
    1.7921    2.3097    0.0436  C  0  0  0  0  0
    1.7059    3.1994    1.1581  C  0  0  0  0  0
    1.7532    2.7665    2.5021  C  0  0  0  0  0
  1  5  2  0  0  0
  1  2  1  0  0  0
  2  3  1  0  0  0
  3  4  2  0  0  0
  4  9  1  0  0  0
  4  5  2  0  0  0
  5  6  1  0  0  0
  6  7  2  0  0  0
  7  8  1  0  0  0
  8  9  2  0  0  0
M  END
$$$$
[c]12[c](con1)cccc2
  -ISIS-

  9 10  0  0  0  0  0  0  0  0  1
    2.1400   -0.7614    1.9804  C  0  0  0  0  0
    2.0857   -0.6843    3.3451  O  0  0  0  0  0
    1.9595    0.6280    3.7581  N  0  0  0  0  0
    1.9003    1.3763    2.6471  C  0  0  0  0  0
    2.0017    0.5135    1.4911  C  0  0  0  0  0
    1.9405    0.9128    0.1547  C  0  0  0  0  0
    1.7921    2.3097    0.0436  C  0  0  0  0  0
    1.7059    3.1994    1.1581  C  0  0  0  0  0
    1.7532    2.7665    2.5021  C  0  0  0  0  0
  1  5  2  0  0  0
  1  2  1  0  0  0
  2  3  1  0  0  0
  3  4  2  0  0  0
  4  9  1  0  0  0
  4  5  2  0  0  0
  5  6  1  0  0  0
  6  7  2  0  0  0
  7  8  1  0  0  0
  8  9  2  0  0  0
M  END
$$$$
[c]12[c](con1)cccc2
  -ISIS-

  9 10  0  0  0  0  0  0  0  0  1
   -0.5553   -1.4658    4.7037  C  0  0  0  0  0
   -1.3418   -0.3508    4.6115  O  0  0  0  0  0
   -2.1672   -0.2403    5.7150  N  0  0  0  0  0
   -1.9190   -1.3081    6.4879  C  0  0  0  0  0
   -0.8986   -2.1173    5.8615  C  0  0  0  0  0
   -0.3936   -3.3281    6.3386  C  0  0  0  0  0
   -0.9912   -3.6843    7.5635  C  0  0  0  0  0
   -1.9914   -2.9072    8.2249  C  0  0  0  0  0
   -2.4952   -1.6909    7.7114  C  0  0  0  0  0
  1  5  2  0  0  0
  1  2  1  0  0  0
  2  3  1  0  0  0
  3  4  2  0  0  0
  4  9  1  0  0  0
  4  5  2  0  0  0
  5  6  1  0  0  0
  6  7  2  0  0  0
  7  8  1  0  0  0
  8  9  2  0  0  0
M  END
$$$$
[c]12[c](con1)cccc2
  -ISIS-

  9 10  0  0  0  0  0  0  0  0  1
   -0.5553   -1.4658    4.7037  C  0  0  0  0  0
   -1.3418   -0.3508    4.6115  O  0  0  0  0  0
   -2.1672   -0.2403    5.7150  N  0  0  0  0  0
   -1.9190   -1.3081    6.4879  C  0  0  0  0  0
   -0.8986   -2.1173    5.8615  C  0  0  0  0  0
   -0.3936   -3.3281    6.3386  C  0  0  0  0  0
   -0.9912   -3.6843    7.5635  C  0  0  0  0  0
   -1.9914   -2.9072    8.2249  C  0  0  0  0  0
   -2.4952   -1.6909    7.7114  C  0  0  0  0  0
  1  5  2  0  0  0
  1  2  1  0  0  0
  2  3  1  0  0  0
  3  4  2  0  0  0
  4  9  1  0  0  0
  4  5  2  0  0  0
  5  6  1  0  0  0
  6  7  2  0  0  0
  7  8  1  0  0  0
  8  9  2  0  0  0
M  END
$$$$
[c]12[c](con1)cccc2
  -ISIS-

  9 10  0  0  0  0  0  0  0  0  1
    1.5448    1.4251   -4.5032  C  0  0  0  0  0
    1.1462    0.1305   -4.3096  O  0  0  0  0  0
    0.1853    0.0582   -3.3167  N  0  0  0  0  0
   -0.0191    1.3120   -2.8864  C  0  0  0  0  0
    0.8368    2.2073   -3.6272  C  0  0  0  0  0
    0.9231    3.5909   -3.4781  C  0  0  0  0  0
    0.0430    4.0490   -2.4774  C  0  0  0  0  0
   -0.8223    3.2003   -1.7187  C  0  0  0  0  0
   -0.8867    1.7992   -1.8941  C  0  0  0  0  0
  1  5  2  0  0  0
  1  2  1  0  0  0
  2  3  1  0  0  0
  3  4  2  0  0  0
  4  9  1  0  0  0
  4  5  2  0  0  0
  5  6  1  0  0  0
  6  7  2  0  0  0
  7  8  1  0  0  0
  8  9  2  0  0  0
M  END
$$$$
[c]12[c](con1)cccc2
  -ISIS-

  9 10  0  0  0  0  0  0  0  0  1
    1.5448    1.4251   -4.5032  C  0  0  0  0  0
    1.1462    0.1305   -4.3096  O  0  0  0  0  0
    0.1853    0.0582   -3.3167  N  0  0  0  0  0
   -0.0191    1.3120   -2.8864  C  0  0  0  0  0
    0.8368    2.2073   -3.6272  C  0  0  0  0  0
    0.9231    3.5909   -3.4781  C  0  0  0  0  0
    0.0430    4.0490   -2.4774  C  0  0  0  0  0
   -0.8223    3.2003   -1.7187  C  0  0  0  0  0
   -0.8867    1.7992   -1.8941  C  0  0  0  0  0
  1  5  2  0  0  0
  1  2  1  0  0  0
  2  3  1  0  0  0
  3  4  2  0  0  0
  4  9  1  0  0  0
  4  5  2  0  0  0
  5  6  1  0  0  0
  6  7  2  0  0  0
  7  8  1  0  0  0
  8  9  2  0  0  0
M  END
$$$$
[c]12[c](con1)cccc2
  -ISIS-

  9 10  0  0  0  0  0  0  0  0  1
   -1.4517    3.9053   -0.9987  C  0  0  0  0  0
   -1.7797    2.8595   -1.9164  C  0  0  0  0  0
   -1.1889    1.5766   -1.8717  C  0  0  0  0  0
   -0.2433    1.4213   -0.8435  C  0  0  0  0  0
    0.4920    0.3523   -0.5015  N  0  0  0  0  0
    1.2555    0.7303    0.5891  O  0  0  0  0  0
    1.0087    2.0341    0.9232  C  0  0  0  0  0
    0.0636    2.5117    0.0527  C  0  0  0  0  0
   -0.5090    3.7832    0.0420  C  0  0  0  0  0
  1  9  2  0  0  0
  1  2  1  0  0  0
  2  3  2  0  0  0
  3  4  1  0  0  0
  4  8  1  0  0  0
  4  5  2  0  0  0
  5  6  1  0  0  0
  6  7  1  0  0  0
  7  8  2  0  0  0
  8  9  1  0  0  0
M  END
$$$$
[c]12[c](con1)cccc2
  -ISIS-

  9 10  0  0  0  0  0  0  0  0  1
   -1.4517    3.9053   -0.9987  C  0  0  0  0  0
   -1.7797    2.8595   -1.9164  C  0  0  0  0  0
   -1.1889    1.5766   -1.8717  C  0  0  0  0  0
   -0.2433    1.4213   -0.8435  C  0  0  0  0  0
    0.4920    0.3523   -0.5015  N  0  0  0  0  0
    1.2555    0.7303    0.5891  O  0  0  0  0  0
    1.0087    2.0341    0.9232  C  0  0  0  0  0
    0.0636    2.5117    0.0527  C  0  0  0  0  0
   -0.5090    3.7832    0.0420  C  0  0  0  0  0
  1  9  2  0  0  0
  1  2  1  0  0  0
  2  3  2  0  0  0
  3  4  1  0  0  0
  4  8  1  0  0  0
  4  5  2  0  0  0
  5  6  1  0  0  0
  6  7  1  0  0  0
  7  8  2  0  0  0
  8  9  1  0  0  0
M  END
$$$$
[c]12[c](con1)cccc2
  -ISIS-

  9 10  0  0  0  0  0  0  0  0  1
   -0.4740    4.0807   -3.8603  C  0  0  0  0  0
    0.8418    4.6316   -3.7675  C  0  0  0  0  0
    1.2939    5.3794   -2.6568  C  0  0  0  0  0
    0.3309    5.5303   -1.6440  C  0  0  0  0  0
    0.4051    6.1792   -0.4722  N  0  0  0  0  0
   -0.8250    6.0266    0.1430  O  0  0  0  0  0
   -1.6644    5.2757   -0.6341  C  0  0  0  0  0
   -0.9832    4.9450   -1.7768  C  0  0  0  0  0
   -1.4610    4.2132   -2.8633  C  0  0  0  0  0
  1  9  2  0  0  0
  1  2  1  0  0  0
  2  3  2  0  0  0
  3  4  1  0  0  0
  4  8  2  0  0  0
  4  5  2  0  0  0
  5  6  1  0  0  0
  6  7  1  0  0  0
  7  8  2  0  0  0
  8  9  1  0  0  0
M  END
$$$$
[c]12[c](con1)cccc2
  -ISIS-

  9 10  0  0  0  0  0  0  0  0  1
   -0.4740    4.0807   -3.8603  C  0  0  0  0  0
    0.8418    4.6316   -3.7675  C  0  0  0  0  0
    1.2939    5.3794   -2.6568  C  0  0  0  0  0
    0.3309    5.5303   -1.6440  C  0  0  0  0  0
    0.4051    6.1792   -0.4722  N  0  0  0  0  0
   -0.8250    6.0266    0.1430  O  0  0  0  0  0
   -1.6644    5.2757   -0.6341  C  0  0  0  0  0
   -0.9832    4.9450   -1.7768  C  0  0  0  0  0
   -1.4610    4.2132   -2.8633  C  0  0  0  0  0
  1  9  2  0  0  0
  1  2  1  0  0  0
  2  3  2  0  0  0
  3  4  1  0  0  0
  4  8  2  0  0  0
  4  5  2  0  0  0
  5  6  1  0  0  0
  6  7  1  0  0  0
  7  8  2  0  0  0
  8  9  1  0  0  0
M  END
$$$$
[c]12[c](con1)cccc2
  -ISIS-

  9 10  0  0  0  0  0  0  0  0  1
    1.0625    3.2559   -1.3759  C  0  0  0  0  0
    1.5863    3.1653   -0.0489  C  0  0  0  0  0
    1.2681    4.0848    0.9760  C  0  0  0  0  0
    0.3825    5.0992    0.5735  C  0  0  0  0  0
   -0.1177    6.1331    1.2667  N  0  0  0  0  0
   -0.9330    6.8351    0.3967  O  0  0  0  0  0
   -0.9533    6.2389   -0.8348  C  0  0  0  0  0
   -0.1313    5.1434   -0.7762  C  0  0  0  0  0
    0.1729    4.2588   -1.8102  C  0  0  0  0  0
  1  9  2  0  0  0
  1  2  1  0  0  0
  2  3  2  0  0  0
  3  4  1  0  0  0
  4  8  1  0  0  0
  4  5  2  0  0  0
  5  6  1  0  0  0
  6  7  1  0  0  0
  7  8  2  0  0  0
  8  9  1  0  0  0
M  END
$$$$
[c]12[c](con1)cccc2
  -ISIS-

  9 10  0  0  0  0  0  0  0  0  1
    1.0625    3.2559   -1.3759  C  0  0  0  0  0
    1.5863    3.1653   -0.0489  C  0  0  0  0  0
    1.2681    4.0848    0.9760  C  0  0  0  0  0
    0.3825    5.0992    0.5735  C  0  0  0  0  0
   -0.1177    6.1331    1.2667  N  0  0  0  0  0
   -0.9330    6.8351    0.3967  O  0  0  0  0  0
   -0.9533    6.2389   -0.8348  C  0  0  0  0  0
   -0.1313    5.1434   -0.7762  C  0  0  0  0  0
    0.1729    4.2588   -1.8102  C  0  0  0  0  0
  1  9  2  0  0  0
  1  2  1  0  0  0
  2  3  2  0  0  0
  3  4  1  0  0  0
  4  8  1  0  0  0
  4  5  2  0  0  0
  5  6  1  0  0  0
  6  7  1  0  0  0
  7  8  2  0  0  0
  8  9  1  0  0  0
M  END
$$$$
[c]12[c](con1)cccc2
  -ISIS-

  9 10  0  0  0  0  0  0  0  0  1
   -0.7417   -0.7947   -0.6026  C  0  0  0  0  0
   -1.4850   -2.0143   -0.5426  C  0  0  0  0  0
   -1.4528   -2.8867    0.5686  C  0  0  0  0  0
   -0.6185   -2.4488    1.6114  C  0  0  0  0  0
   -0.3602   -3.0086    2.8030  N  0  0  0  0  0
    0.5211   -2.1641    3.4541  O  0  0  0  0  0
    0.8240   -1.0843    2.6706  C  0  0  0  0  0
    0.1229   -1.2140    1.4999  C  0  0  0  0  0
    0.1040   -0.3274    0.4237  C  0  0  0  0  0
  1  9  2  0  0  0
  1  2  1  0  0  0
  2  3  2  0  0  0
  3  4  1  0  0  0
  4  8  2  0  0  0
  4  5  2  0  0  0
  5  6  1  0  0  0
  6  7  1  0  0  0
  7  8  2  0  0  0
  8  9  1  0  0  0
M  END
$$$$
[c]12[c](con1)cccc2
  -ISIS-

  9 10  0  0  0  0  0  0  0  0  1
   -0.7417   -0.7947   -0.6026  C  0  0  0  0  0
   -1.4850   -2.0143   -0.5426  C  0  0  0  0  0
   -1.4528   -2.8867    0.5686  C  0  0  0  0  0
   -0.6185   -2.4488    1.6114  C  0  0  0  0  0
   -0.3602   -3.0086    2.8030  N  0  0  0  0  0
    0.5211   -2.1641    3.4541  O  0  0  0  0  0
    0.8240   -1.0843    2.6706  C  0  0  0  0  0
    0.1229   -1.2140    1.4999  C  0  0  0  0  0
    0.1040   -0.3274    0.4237  C  0  0  0  0  0
  1  9  2  0  0  0
  1  2  1  0  0  0
  2  3  2  0  0  0
  3  4  1  0  0  0
  4  8  2  0  0  0
  4  5  2  0  0  0
  5  6  1  0  0  0
  6  7  1  0  0  0
  7  8  2  0  0  0
  8  9  1  0  0  0
M  END
$$$$
[c]12[c](con1)cccc2
  -ISIS-

  9 10  0  0  0  0  0  0  0  0  1
   -3.0058   -3.7066    0.1557  C  0  0  0  0  0
   -2.6223   -3.1792   -1.1165  C  0  0  0  0  0
   -2.2600   -1.8284   -1.3173  C  0  0  0  0  0
   -2.3063   -1.0476   -0.1495  C  0  0  0  0  0
   -2.0447    0.2564    0.0276  N  0  0  0  0  0
   -2.2518    0.5225    1.3695  O  0  0  0  0  0
   -2.6314   -0.6116    2.0343  C  0  0  0  0  0
   -2.6885   -1.6283    1.1167  C  0  0  0  0  0
   -3.0616   -2.9523    1.3451  C  0  0  0  0  0
  1  9  2  0  0  0
  1  2  1  0  0  0
  2  3  2  0  0  0
  3  4  1  0  0  0
  4  8  2  0  0  0
  4  5  2  0  0  0
  5  6  1  0  0  0
  6  7  1  0  0  0
  7  8  2  0  0  0
  8  9  1  0  0  0
M  END
$$$$
[c]12[c](con1)cccc2
  -ISIS-

  9 10  0  0  0  0  0  0  0  0  1
   -3.0058   -3.7066    0.1557  C  0  0  0  0  0
   -2.6223   -3.1792   -1.1165  C  0  0  0  0  0
   -2.2600   -1.8284   -1.3173  C  0  0  0  0  0
   -2.3063   -1.0476   -0.1495  C  0  0  0  0  0
   -2.0447    0.2564    0.0276  N  0  0  0  0  0
   -2.2518    0.5225    1.3695  O  0  0  0  0  0
   -2.6314   -0.6116    2.0343  C  0  0  0  0  0
   -2.6885   -1.6283    1.1167  C  0  0  0  0  0
   -3.0616   -2.9523    1.3451  C  0  0  0  0  0
  1  9  2  0  0  0
  1  2  1  0  0  0
  2  3  2  0  0  0
  3  4  1  0  0  0
  4  8  2  0  0  0
  4  5  2  0  0  0
  5  6  1  0  0  0
  6  7  1  0  0  0
  7  8  2  0  0  0
  8  9  1  0  0  0
M  END
$$$$
[c]12[c](con1)cccc2
  -ISIS-

  9 10  0  0  0  0  0  0  0  0  1
   -3.1143    6.8712   -8.6279  C  0  0  0  0  0
   -2.4394    7.1865   -7.4787  C  0  0  0  0  0
   -1.3806    6.4855   -6.9061  C  0  0  0  0  0
   -0.9314    7.0872   -5.7094  C  0  0  0  0  0
   -1.5167    8.2776   -5.1691  C  0  0  0  0  0
   -2.5955    8.9682   -5.7752  C  0  0  0  0  0
   -3.0528    8.3830   -6.9668  C  0  0  0  0  0
   -4.0428    8.7578   -7.7928  N  0  0  0  0  0
   -4.0624    7.8359   -8.8268  O  0  0  0  0  0
  1  9  1  0  0  0
  1  2  2  0  0  0
  2  7  2  0  0  0
  2  3  1  0  0  0
  3  4  2  0  0  0
  4  5  1  0  0  0
  5  6  2  0  0  0
  6  7  1  0  0  0
  7  8  2  0  0  0
  8  9  1  0  0  0
M  END
$$$$
[c]12[c](con1)cccc2
  -ISIS-

  9 10  0  0  0  0  0  0  0  0  1
   -3.1143    6.8712   -8.6279  C  0  0  0  0  0
   -2.4394    7.1865   -7.4787  C  0  0  0  0  0
   -1.3806    6.4855   -6.9061  C  0  0  0  0  0
   -0.9314    7.0872   -5.7094  C  0  0  0  0  0
   -1.5167    8.2776   -5.1691  C  0  0  0  0  0
   -2.5955    8.9682   -5.7752  C  0  0  0  0  0
   -3.0528    8.3830   -6.9668  C  0  0  0  0  0
   -4.0428    8.7578   -7.7928  N  0  0  0  0  0
   -4.0624    7.8359   -8.8268  O  0  0  0  0  0
  1  9  1  0  0  0
  1  2  2  0  0  0
  2  7  2  0  0  0
  2  3  1  0  0  0
  3  4  2  0  0  0
  4  5  1  0  0  0
  5  6  2  0  0  0
  6  7  1  0  0  0
  7  8  2  0  0  0
  8  9  1  0  0  0
M  END
$$$$
[c]12[c](con1)cccc2
  -ISIS-

  9 10  0  0  0  0  0  0  0  0  1
    4.4745   -2.3196    4.1379  C  0  0  0  0  0
    5.7386   -2.4290    4.8249  C  0  0  0  0  0
    6.9446   -1.8347    4.3916  C  0  0  0  0  0
    6.7959   -1.0668    3.2291  C  0  0  0  0  0
    7.7080   -0.3654    2.5372  N  0  0  0  0  0
    7.0420    0.2019    1.4656  O  0  0  0  0  0
    5.7162   -0.1328    1.4906  C  0  0  0  0  0
    5.5135   -0.9399    2.5800  C  0  0  0  0  0
    4.3153   -1.5431    2.9696  C  0  0  0  0  0
  1  9  2  0  0  0
  1  2  1  0  0  0
  2  3  2  0  0  0
  3  4  1  0  0  0
  4  8  1  0  0  0
  4  5  2  0  0  0
  5  6  1  0  0  0
  6  7  1  0  0  0
  7  8  2  0  0  0
  8  9  1  0  0  0
M  END
$$$$
[c]12[c](con1)cccc2
  -ISIS-

  9 10  0  0  0  0  0  0  0  0  1
    4.4745   -2.3196    4.1379  C  0  0  0  0  0
    5.7386   -2.4290    4.8249  C  0  0  0  0  0
    6.9446   -1.8347    4.3916  C  0  0  0  0  0
    6.7959   -1.0668    3.2291  C  0  0  0  0  0
    7.7080   -0.3654    2.5372  N  0  0  0  0  0
    7.0420    0.2019    1.4656  O  0  0  0  0  0
    5.7162   -0.1328    1.4906  C  0  0  0  0  0
    5.5135   -0.9399    2.5800  C  0  0  0  0  0
    4.3153   -1.5431    2.9696  C  0  0  0  0  0
  1  9  2  0  0  0
  1  2  1  0  0  0
  2  3  2  0  0  0
  3  4  1  0  0  0
  4  8  1  0  0  0
  4  5  2  0  0  0
  5  6  1  0  0  0
  6  7  1  0  0  0
  7  8  2  0  0  0
  8  9  1  0  0  0
M  END
$$$$
[c]12[c](con1)cccc2
  -ISIS-

  9 10  0  0  0  0  0  0  0  0  1
    4.4745   -2.3196    4.1379  C  0  0  0  0  0
    5.7386   -2.4290    4.8249  C  0  0  0  0  0
    6.9446   -1.8347    4.3916  C  0  0  0  0  0
    6.7959   -1.0668    3.2291  C  0  0  0  0  0
    7.7080   -0.3654    2.5372  N  0  0  0  0  0
    7.0420    0.2019    1.4656  O  0  0  0  0  0
    5.7162   -0.1328    1.4906  C  0  0  0  0  0
    5.5135   -0.9399    2.5800  C  0  0  0  0  0
    4.3153   -1.5431    2.9696  C  0  0  0  0  0
  1  9  2  0  0  0
  1  2  1  0  0  0
  2  3  2  0  0  0
  3  4  1  0  0  0
  4  8  1  0  0  0
  4  5  2  0  0  0
  5  6  1  0  0  0
  6  7  1  0  0  0
  7  8  2  0  0  0
  8  9  1  0  0  0
M  END
$$$$
[c]12[c](con1)cccc2
  -ISIS-

  9 10  0  0  0  0  0  0  0  0  1
   -0.1269   -5.6860    0.4594  C  0  0  0  0  0
   -0.9676   -5.2244    1.4728  C  0  0  0  0  0
   -2.2830   -4.9614    1.0077  C  0  0  0  0  0
   -2.6549   -5.1511   -0.3734  C  0  0  0  0  0
   -1.7834   -5.6306   -1.3785  C  0  0  0  0  0
   -0.4855   -5.9036   -0.9199  C  0  0  0  0  0
    0.5818   -6.3759   -1.5828  N  0  0  0  0  0
    1.6098   -6.4662   -0.6609  O  0  0  0  0  0
    1.1921   -6.0427    0.5716  C  0  0  0  0  0
  1  9  2  0  0  0
  1  6  2  0  0  0
  1  2  1  0  0  0
  2  3  2  0  0  0
  3  4  1  0  0  0
  4  5  2  0  0  0
  5  6  1  0  0  0
  6  7  2  0  0  0
  7  8  1  0  0  0
  8  9  1  0  0  0
M  END
$$$$
[c]12[c](con1)cccc2
  -ISIS-

  9 10  0  0  0  0  0  0  0  0  1
   -0.1269   -5.6860    0.4594  C  0  0  0  0  0
   -0.9676   -5.2244    1.4728  C  0  0  0  0  0
   -2.2830   -4.9614    1.0077  C  0  0  0  0  0
   -2.6549   -5.1511   -0.3734  C  0  0  0  0  0
   -1.7834   -5.6306   -1.3785  C  0  0  0  0  0
   -0.4855   -5.9036   -0.9199  C  0  0  0  0  0
    0.5818   -6.3759   -1.5828  N  0  0  0  0  0
    1.6098   -6.4662   -0.6609  O  0  0  0  0  0
    1.1921   -6.0427    0.5716  C  0  0  0  0  0
  1  9  2  0  0  0
  1  6  2  0  0  0
  1  2  1  0  0  0
  2  3  2  0  0  0
  3  4  1  0  0  0
  4  5  2  0  0  0
  5  6  1  0  0  0
  6  7  2  0  0  0
  7  8  1  0  0  0
  8  9  1  0  0  0
M  END
$$$$
[c]12[c](con1)cccc2
  -ISIS-

  9 10  0  0  0  0  0  0  0  0  1
    5.8170   -6.8440   -1.4540  C  0  0  0  0  0
    6.7709   -7.9074   -1.2416  C  0  0  0  0  0
    7.5761   -7.5764   -0.2206  N  0  0  0  0  0
    7.1599   -6.3345    0.2248  O  0  0  0  0  0
    6.1052   -5.8828   -0.5202  C  0  0  0  0  0
    6.7536   -9.0633   -2.0408  C  0  0  0  0  0
    5.7374   -9.0658   -3.0227  C  0  0  0  0  0
    4.8067   -7.9924   -3.1875  C  0  0  0  0  0
    4.7965   -6.8193   -2.4044  C  0  0  0  0  0
  1  5  2  0  0  0
  1  9  1  0  0  0
  1  2  2  0  0  0
  2  3  2  0  0  0
  2  6  1  0  0  0
  3  4  1  0  0  0
  4  5  1  0  0  0
  6  7  2  0  0  0
  7  8  1  0  0  0
  8  9  2  0  0  0
M  END
$$$$
[c]12[c](con1)cccc2
  -ISIS-

  9 10  0  0  0  0  0  0  0  0  1
    5.8170   -6.8440   -1.4540  C  0  0  0  0  0
    6.7709   -7.9074   -1.2416  C  0  0  0  0  0
    7.5761   -7.5764   -0.2206  N  0  0  0  0  0
    7.1599   -6.3345    0.2248  O  0  0  0  0  0
    6.1052   -5.8828   -0.5202  C  0  0  0  0  0
    6.7536   -9.0633   -2.0408  C  0  0  0  0  0
    5.7374   -9.0658   -3.0227  C  0  0  0  0  0
    4.8067   -7.9924   -3.1875  C  0  0  0  0  0
    4.7965   -6.8193   -2.4044  C  0  0  0  0  0
  1  5  2  0  0  0
  1  9  1  0  0  0
  1  2  2  0  0  0
  2  3  2  0  0  0
  2  6  1  0  0  0
  3  4  1  0  0  0
  4  5  1  0  0  0
  6  7  2  0  0  0
  7  8  1  0  0  0
  8  9  2  0  0  0
M  END
$$$$
[c]12[c](con1)cccc2
  -ISIS-

  9 10  0  0  0  0  0  0  0  0  1
   -1.6103    1.6126   -4.6586  C  0  0  0  0  0
   -1.3193    2.9739   -4.5663  C  0  0  0  0  0
   -0.8071    3.5045   -5.7812  C  0  0  0  0  0
   -0.6196    2.6789   -6.9508  C  0  0  0  0  0
   -0.9337    1.3017   -7.0184  C  0  0  0  0  0
   -1.4480    0.7780   -5.8224  C  0  0  0  0  0
   -1.8587   -0.4666   -5.5320  N  0  0  0  0  0
   -2.2808   -0.4448   -4.2143  O  0  0  0  0  0
   -2.1251    0.8045   -3.6780  C  0  0  0  0  0
  1  9  2  0  0  0
  1  6  2  0  0  0
  1  2  1  0  0  0
  2  3  2  0  0  0
  3  4  1  0  0  0
  4  5  2  0  0  0
  5  6  1  0  0  0
  6  7  2  0  0  0
  7  8  1  0  0  0
  8  9  1  0  0  0
M  END
$$$$
[c]12[c](con1)cccc2
  -ISIS-

  9 10  0  0  0  0  0  0  0  0  1
   -1.6103    1.6126   -4.6586  C  0  0  0  0  0
   -1.3193    2.9739   -4.5663  C  0  0  0  0  0
   -0.8071    3.5045   -5.7812  C  0  0  0  0  0
   -0.6196    2.6789   -6.9508  C  0  0  0  0  0
   -0.9337    1.3017   -7.0184  C  0  0  0  0  0
   -1.4480    0.7780   -5.8224  C  0  0  0  0  0
   -1.8587   -0.4666   -5.5320  N  0  0  0  0  0
   -2.2808   -0.4448   -4.2143  O  0  0  0  0  0
   -2.1251    0.8045   -3.6780  C  0  0  0  0  0
  1  9  2  0  0  0
  1  6  2  0  0  0
  1  2  1  0  0  0
  2  3  2  0  0  0
  3  4  1  0  0  0
  4  5  2  0  0  0
  5  6  1  0  0  0
  6  7  2  0  0  0
  7  8  1  0  0  0
  8  9  1  0  0  0
M  END
$$$$
[c]12[c](con1)cccc2
  -ISIS-

  9 10  0  0  0  0  0  0  0  0  1
   -6.4823    1.7242   -9.6455  C  0  0  0  0  0
   -7.3557    1.2705   -8.5862  C  0  0  0  0  0
   -7.8723   -0.0029   -8.3919  C  0  0  0  0  0
   -7.4299   -0.8745   -9.4027  C  0  0  0  0  0
   -6.5663   -0.4897  -10.4763  C  0  0  0  0  0
   -6.0482    0.8261  -10.6542  C  0  0  0  0  0
   -7.5859    2.3495   -7.7874  C  0  0  0  0  0
   -6.9093    3.4081   -8.2984  O  0  0  0  0  0
   -6.2254    3.0314   -9.4399  N  0  0  0  0  0
  1  6  1  0  0  0
  1  9  2  0  0  0
  1  2  2  0  0  0
  2  3  1  0  0  0
  2  7  2  0  0  0
  3  4  2  0  0  0
  4  5  1  0  0  0
  5  6  2  0  0  0
  7  8  1  0  0  0
  8  9  1  0  0  0
M  END
$$$$
[c]12[c](con1)cccc2
  -ISIS-

  9 10  0  0  0  0  0  0  0  0  1
   -6.4823    1.7242   -9.6455  C  0  0  0  0  0
   -7.3557    1.2705   -8.5862  C  0  0  0  0  0
   -7.8723   -0.0029   -8.3919  C  0  0  0  0  0
   -7.4299   -0.8745   -9.4027  C  0  0  0  0  0
   -6.5663   -0.4897  -10.4763  C  0  0  0  0  0
   -6.0482    0.8261  -10.6542  C  0  0  0  0  0
   -7.5859    2.3495   -7.7874  C  0  0  0  0  0
   -6.9093    3.4081   -8.2984  O  0  0  0  0  0
   -6.2254    3.0314   -9.4399  N  0  0  0  0  0
  1  6  1  0  0  0
  1  9  2  0  0  0
  1  2  2  0  0  0
  2  3  1  0  0  0
  2  7  2  0  0  0
  3  4  2  0  0  0
  4  5  1  0  0  0
  5  6  2  0  0  0
  7  8  1  0  0  0
  8  9  1  0  0  0
M  END
$$$$
