[c]12[c]3[c](nc[s]3)cc[c]1nc[s]2
  -ISIS-

 12 14  0  0  0  0  0  0  0  0  1
   -0.4550   -1.5222    1.4684  C  0  0  0  0  0
   -0.2430   -1.1116    2.7171  N  0  0  0  0  0
   -0.2297   -2.2061    3.6000  C  0  0  0  0  0
   -0.4548   -3.3824    2.8047  C  0  0  0  0  0
   -0.6745   -3.2408    1.0966  S  0  0  0  0  0
   -0.4806   -4.5850    3.4911  C  0  0  0  0  0
   -0.2785   -4.5039    4.9120  C  0  0  0  0  0
   -0.0578   -3.3479    5.6839  C  0  0  0  0  0
   -0.0321   -2.1337    4.9909  C  0  0  0  0  0
   -0.3424   -5.8198    5.4102  N  0  0  0  0  0
   -0.5662   -6.6950    4.4176  C  0  0  0  0  0
   -0.7369   -6.1155    2.7341  S  0  0  0  0  0
  1  5  1  0  0  0
  1  2  2  0  0  0
  2  3  1  0  0  0
  3  9  2  0  0  0
  3  4  1  0  0  0
  4  5  1  0  0  0
  4  6  2  0  0  0
  6 12  1  0  0  0
  6  7  1  0  0  0
  7  8  2  0  0  0
  7 10  1  0  0  0
  8  9  1  0  0  0
 10 11  2  0  0  0
 11 12  1  0  0  0
M  END
$$$$
