[c]12[c](cnn1)cc[s]2
  -ISIS-

  8  9  0  0  0  0  0  0  0  0  1
    0.1628   -1.4517   -2.8185  C  0  0  0  0  0
    0.5991   -0.4692   -3.6732  N  0  0  0  0  0
    1.3518   -1.0391   -4.6884  N  0  0  0  0  0
    1.3623   -2.3616   -4.4380  C  0  0  0  0  0
    0.6340   -2.6122   -3.2905  C  0  0  0  0  0
    0.3108   -3.7544   -2.5690  C  0  0  0  0  0
   -0.4684   -3.3861   -1.4718  C  0  0  0  0  0
   -0.7333   -1.6609   -1.4282  S  0  0  0  0  0
  1  8  1  0  0  0
  1  5  2  0  0  0
  1  2  1  0  0  0
  2  3  1  0  0  0
  3  4  2  0  0  0
  4  5  1  0  0  0
  5  6  1  0  0  0
  6  7  2  0  0  0
  7  8  1  0  0  0
M  END
$$$$
