[c]12[c](nc[s]1)cccn2
  -ISIS-

  9 10  0  0  0  0  0  0  0  0  1
    5.2932   -0.3237   -1.1560  C  0  0  0  0  0
    6.2122    1.1324   -1.3746  S  0  0  0  0  0
    5.1841    1.6026   -2.6395  C  0  0  0  0  0
    5.3513    2.7508   -3.3262  N  0  0  0  0  0
    4.4198    2.9366   -4.2881  C  0  0  0  0  0
    3.3792    2.0659   -4.5818  C  0  0  0  0  0
    3.2540    0.8892   -3.8418  C  0  0  0  0  0
    4.1957    0.6465   -2.8282  C  0  0  0  0  0
    4.2693   -0.4423   -1.9770  N  0  0  0  0  0
  1  9  2  0  0  0
  1  2  1  0  0  0
  2  3  1  0  0  0
  3  8  2  0  0  0
  3  4  1  0  0  0
  4  5  2  0  0  0
  5  6  1  0  0  0
  6  7  2  0  0  0
  7  8  1  0  0  0
  8  9  1  0  0  0
M  END
$$$$
