[c]12[c]3[c]([s][c]1[s]cn2)cccc3
  -ISIS-

 12 14  0  0  0  0  0  0  0  0  1
    3.0022    3.0649    4.7677  C  0  0  0  0  0
    3.1945    4.3674    3.7363  S  0  0  0  0  0
    4.0644    3.3103    2.6592  C  0  0  0  0  0
    4.1936    2.0562    3.0648  N  0  0  0  0  0
    3.5718    1.9491    4.2806  C  0  0  0  0  0
    3.4310    0.8202    5.1248  C  0  0  0  0  0
    2.7118    1.1865    6.2779  C  0  0  0  0  0
    2.4272    0.2507    7.2907  C  0  0  0  0  0
    2.8732   -1.0649    7.1362  C  0  0  0  0  0
    3.5848   -1.4473    6.0054  C  0  0  0  0  0
    3.8677   -0.5186    4.9995  C  0  0  0  0  0
    2.2627    2.8742    6.2459  S  0  0  0  0  0
  1  5  2  0  0  0
  1 12  1  0  0  0
  1  2  1  0  0  0
  2  3  1  0  0  0
  3  4  2  0  0  0
  4  5  1  0  0  0
  5  6  1  0  0  0
  6 11  2  0  0  0
  6  7  1  0  0  0
  7  8  2  0  0  0
  7 12  1  0  0  0
  8  9  1  0  0  0
  9 10  2  0  0  0
 10 11  1  0  0  0
M  END
$$$$
[c]12[c]3[c]([s][c]1[s]cn2)cccc3
  -ISIS-

 12 14  0  0  0  0  0  0  0  0  1
    3.1130   -2.4470    4.5170  C  0  0  0  0  0
    2.6027   -2.6543    6.0969  S  0  0  0  0  0
    3.1897   -1.0564    6.4272  C  0  0  0  0  0
    3.7347   -0.4104    5.4122  N  0  0  0  0  0
    3.6747   -1.2404    4.3252  C  0  0  0  0  0
    4.1222   -1.0228    2.9989  C  0  0  0  0  0
    3.8482   -2.1634    2.2210  C  0  0  0  0  0
    4.1910   -2.2178    0.8566  C  0  0  0  0  0
    4.8152   -1.1105    0.2749  C  0  0  0  0  0
    5.0946    0.0252    1.0254  C  0  0  0  0  0
    4.7545    0.0798    2.3802  C  0  0  0  0  0
    3.0680   -3.4113    3.1623  S  0  0  0  0  0
  1  5  2  0  0  0
  1 12  1  0  0  0
  1  2  1  0  0  0
  2  3  1  0  0  0
  3  4  2  0  0  0
  4  5  1  0  0  0
  5  6  1  0  0  0
  6 11  2  0  0  0
  6  7  1  0  0  0
  7  8  2  0  0  0
  7 12  1  0  0  0
  8  9  1  0  0  0
  9 10  2  0  0  0
 10 11  1  0  0  0
M  END
$$$$
