[c]12nnc[n]1cccn2
  -ISIS-

  9 10  0  0  0  0  0  0  0  0  1
    3.7075   -0.2121    8.6201  C  0  0  0  0  0
    3.3528    0.7032    9.5669  N  0  0  0  0  0
    2.2078    1.2932    9.4105  C  0  0  0  0  0
    1.2646    1.0426    8.2796  C  0  0  0  0  0
    1.6391    0.1340    7.3582  C  0  0  0  0  0
    2.8827   -0.5079    7.5271  N  0  0  0  0  0
    3.5962   -1.4628    6.8252  C  0  0  0  0  0
    4.7337   -1.7214    7.4272  N  0  0  0  0  0
    4.8032   -0.9403    8.5479  N  0  0  0  0  0
  1  9  2  0  0  0
  1  6  2  0  0  0
  1  2  1  0  0  0
  2  3  2  0  0  0
  3  4  1  0  0  0
  4  5  2  0  0  0
  5  6  1  0  0  0
  6  7  1  0  0  0
  7  8  2  0  0  0
  8  9  1  0  0  0
M  END
$$$$
