[c]12c3c(cn[c]1[s][c]4[c]2nc[n]5[c]4ncn5)CCC3
  -ISIS-

 19 23  0  0  0  0  0  0  0  0  1
   -1.7493    3.0426    7.1615  C  0  0  0  0  0
   -1.9257    3.7442    8.3748  C  0  0  0  0  0
   -2.3398    2.9972    9.4350  N  0  0  0  0  0
   -2.5832    1.6278    9.3644  C  0  0  0  0  0
   -2.4324    0.9363    8.2611  N  0  0  0  0  0
   -1.9985    1.6863    7.1267  C  0  0  0  0  0
   -1.7751    1.1209    5.8404  C  0  0  0  0  0
   -1.3677    2.1125    4.9458  C  0  0  0  0  0
   -1.0798    1.9572    3.6354  N  0  0  0  0  0
   -1.1966    0.7086    3.1443  C  0  0  0  0  0
   -1.5890   -0.3551    3.9460  C  0  0  0  0  0
   -1.8864   -0.1652    5.3025  C  0  0  0  0  0
   -2.3467   -1.4496    5.9336  C  0  0  0  0  0
   -1.8464   -2.4786    4.9147  C  0  0  0  0  0
   -1.8530   -1.7772    3.5503  C  0  0  0  0  0
   -1.2543    3.6608    5.6736  S  0  0  0  0  0
   -2.4774    3.7543   10.5394  N  0  0  0  0  0
   -2.1249    4.9566   10.0580  C  0  0  0  0  0
   -1.7771    4.9960    8.7289  N  0  0  0  0  0
  1  6  2  0  0  0
  1 16  1  0  0  0
  1  2  1  0  0  0
  2 19  2  0  0  0
  2  3  2  0  0  0
  3  4  1  0  0  0
  3 17  1  0  0  0
  4  5  2  0  0  0
  5  6  1  0  0  0
  6  7  1  0  0  0
  7 12  2  0  0  0
  7  8  1  0  0  0
  8  9  2  0  0  0
  8 16  1  0  0  0
  9 10  1  0  0  0
 10 11  2  0  0  0
 11 15  1  0  0  0
 11 12  1  0  0  0
 12 13  1  0  0  0
 13 14  1  0  0  0
 14 15  1  0  0  0
 17 18  2  0  0  0
 18 19  1  0  0  0
M  END
$$$$
