[c]12[c]([c]3[c](cn1)cccc3)[s][c]4[c]2cc5c(n4)CCC5
  -ISIS-

 20 24  0  0  0  0  0  0  0  0  1
   -0.2588   -0.2884    4.7802  C  0  0  0  0  0
   -0.5931   -1.1626    5.8107  C  0  0  0  0  0
   -2.2616   -1.4593    5.9065  S  0  0  0  0  0
   -2.6099   -0.4279    4.5690  C  0  0  0  0  0
   -1.4345    0.1353    4.0689  C  0  0  0  0  0
   -1.4181    0.9981    3.0164  N  0  0  0  0  0
   -2.5973    1.2992    2.4568  C  0  0  0  0  0
   -3.8390    0.7762    2.8638  C  0  0  0  0  0
   -5.0713    1.0789    2.2386  C  0  0  0  0  0
   -6.2735    0.5339    2.6967  C  0  0  0  0  0
   -6.2756   -0.3289    3.7874  C  0  0  0  0  0
   -5.0763   -0.6549    4.4190  C  0  0  0  0  0
   -3.8548   -0.1094    3.9604  C  0  0  0  0  0
    0.2552   -1.7517    6.6870  N  0  0  0  0  0
    1.5368   -1.4197    6.4689  C  0  0  0  0  0
    2.0057   -0.5671    5.4799  C  0  0  0  0  0
    3.4870   -0.4007    5.5613  C  0  0  0  0  0
    3.8747   -1.6150    6.4178  C  0  0  0  0  0
    2.6734   -1.9086    7.3260  C  0  0  0  0  0
    1.1111    0.0298    4.6111  C  0  0  0  0  0
  1  5  1  0  0  0
  1 20  2  0  0  0
  1  2  1  0  0  0
  2  3  1  0  0  0
  2 14  2  0  0  0
  3  4  1  0  0  0
  4 13  2  0  0  0
  4  5  1  0  0  0
  5  6  2  0  0  0
  6  7  1  0  0  0
  7  8  2  0  0  0
  8 13  2  0  0  0
  8  9  1  0  0  0
  9 10  2  0  0  0
 10 11  1  0  0  0
 11 12  2  0  0  0
 12 13  1  0  0  0
 14 15  1  0  0  0
 15 19  1  0  0  0
 15 16  2  0  0  0
 16 17  1  0  0  0
 16 20  1  0  0  0
 17 18  1  0  0  0
 18 19  1  0  0  0
M  END
$$$$
[c]12[c]([c]3[c](cn1)cccc3)[s][c]4[c]2cc5c(n4)CCC5
  -ISIS-

 20 24  0  0  0  0  0  0  0  0  1
    3.1008   -6.7980   -5.6415  C  0  0  0  0  0
    4.0098   -7.6960   -6.1942  C  0  0  0  0  0
    3.5756   -9.3160   -5.9333  S  0  0  0  0  0
    2.1466   -8.8847   -5.0697  C  0  0  0  0  0
    2.0252   -7.4962   -4.9908  C  0  0  0  0  0
    0.9909   -6.8795   -4.3564  N  0  0  0  0  0
    0.0650   -7.6670   -3.7935  C  0  0  0  0  0
    0.0750   -9.0740   -3.8281  C  0  0  0  0  0
   -0.9302   -9.8894   -3.2576  C  0  0  0  0  0
   -0.8579  -11.2835   -3.3171  C  0  0  0  0  0
    0.2170  -11.8983   -3.9501  C  0  0  0  0  0
    1.2188  -11.1222   -4.5314  C  0  0  0  0  0
    1.1522   -9.7106   -4.4774  C  0  0  0  0  0
    5.1376   -7.3950   -6.8813  N  0  0  0  0  0
    5.3381   -6.0730   -6.9924  C  0  0  0  0  0
    4.5172   -5.0743   -6.4887  C  0  0  0  0  0
    5.0330   -3.7176   -6.8375  C  0  0  0  0  0
    6.4900   -4.0396   -7.2008  C  0  0  0  0  0
    6.4959   -5.4741   -7.7449  C  0  0  0  0  0
    3.3664   -5.4160   -5.8029  C  0  0  0  0  0
  1  5  1  0  0  0
  1 20  2  0  0  0
  1  2  1  0  0  0
  2  3  1  0  0  0
  2 14  2  0  0  0
  3  4  1  0  0  0
  4 13  2  0  0  0
  4  5  1  0  0  0
  5  6  2  0  0  0
  6  7  1  0  0  0
  7  8  2  0  0  0
  8 13  2  0  0  0
  8  9  1  0  0  0
  9 10  2  0  0  0
 10 11  1  0  0  0
 11 12  2  0  0  0
 12 13  1  0  0  0
 14 15  1  0  0  0
 15 19  1  0  0  0
 15 16  2  0  0  0
 16 17  1  0  0  0
 16 20  1  0  0  0
 17 18  1  0  0  0
 18 19  1  0  0  0
M  END
$$$$
