[N]12(CC[N]3(CCC1)CCCCCC3)CCOCC2
  -ISIS-

 18 20  0  0  0  0  0  0  0  0  1
    3.3331   -1.7252   -2.5263  N  0  0  0  0  0
    4.4284   -1.8025   -1.4364  C  0  0  0  0  0
    4.3570   -0.6643   -0.4266  C  0  0  0  0  0
    5.2839    0.4872   -0.7994  C  0  0  0  0  0
    4.7307    1.4128   -1.8961  N  0  0  0  0  0
    4.2859    0.6490   -3.1723  C  0  0  0  0  0
    3.0427   -0.2692   -3.0090  C  0  0  0  0  0
    3.6338    2.3611   -1.2854  C  0  0  0  0  0
    3.2939    3.5208   -2.2284  C  0  0  0  0  0
    4.4499    4.3089   -2.4989  O  0  0  0  0  0
    5.4818    3.5667   -3.1445  C  0  0  0  0  0
    5.9410    2.3819   -2.2835  C  0  0  0  0  0
    2.0106   -2.3079   -1.9175  C  0  0  0  0  0
    0.9917   -2.7423   -2.9659  C  0  0  0  0  0
    1.1191   -4.2256   -3.3129  C  0  0  0  0  0
    2.3580   -4.6050   -4.1152  C  0  0  0  0  0
    3.6817   -4.0711   -3.5680  C  0  0  0  0  0
    3.8147   -2.5637   -3.7569  C  0  0  0  0  0
  1  7  1  0  0  0
  1 18  1  0  0  0
  1  2  1  0  0  0
  1 13  1  0  0  0
  2  3  1  0  0  0
  3  4  1  0  0  0
  4  5  1  0  0  0
  5 12  1  0  0  0
  5  6  1  0  0  0
  5  8  1  0  0  0
  6  7  1  0  0  0
  8  9  1  0  0  0
  9 10  1  0  0  0
 10 11  1  0  0  0
 11 12  1  0  0  0
 13 14  1  0  0  0
 14 15  1  0  0  0
 15 16  1  0  0  0
 16 17  1  0  0  0
 17 18  1  0  0  0
M  END
$$$$
[N]12(CC[N]3(CCC1)CCCCCC3)CCOCC2
  -ISIS-

 18 20  0  0  0  0  0  0  0  0  1
    7.2644    0.6324    2.2967  N  0  0  0  0  0
    6.6634    0.6454    0.8727  C  0  0  0  0  0
    7.2520   -0.4114   -0.0549  C  0  0  0  0  0
    6.4247   -1.6921   -0.0822  C  0  0  0  0  0
    6.6443   -2.6076    1.1248  N  0  0  0  0  0
    6.4638   -1.8771    2.4888  C  0  0  0  0  0
    7.5396   -0.8082    2.8284  C  0  0  0  0  0
    8.0176   -3.3724    1.0685  C  0  0  0  0  0
    8.0712   -4.4138   -0.0591  C  0  0  0  0  0
    7.0090   -5.3560    0.0571  O  0  0  0  0  0
    5.7296   -4.7353   -0.0481  C  0  0  0  0  0
    5.5212   -3.7447    1.1017  C  0  0  0  0  0
    6.2340    1.3467    3.2297  C  0  0  0  0  0
    6.8171    1.8527    4.5468  C  0  0  0  0  0
    7.2818    3.3047    4.4612  C  0  0  0  0  0
    8.5504    3.5216    3.6484  C  0  0  0  0  0
    8.5289    2.9052    2.2515  C  0  0  0  0  0
    8.6382    1.3825    2.2814  C  0  0  0  0  0
  1  7  1  0  0  0
  1 18  1  0  0  0
  1  2  1  0  0  0
  1 13  1  0  0  0
  2  3  1  0  0  0
  3  4  1  0  0  0
  4  5  1  0  0  0
  5 12  1  0  0  0
  5  6  1  0  0  0
  5  8  1  0  0  0
  6  7  1  0  0  0
  8  9  1  0  0  0
  9 10  1  0  0  0
 10 11  1  0  0  0
 11 12  1  0  0  0
 13 14  1  0  0  0
 14 15  1  0  0  0
 15 16  1  0  0  0
 16 17  1  0  0  0
 17 18  1  0  0  0
M  END
$$$$
