C1#CCOSOCC#CCOSOC1
  -ISIS-

 14 14  0  0  0  0  0  0  0  0  1
    0.6775   -3.7018   -1.6060  S  0  0  0  0  0
    1.6792   -3.4728   -2.8438  O  0  0  0  0  0
    2.7342   -2.5388   -2.6340  C  0  0  0  0  0
    2.3897   -1.2399   -3.2264  C  0  0  0  0  0
    2.0511   -0.1861   -3.6947  C  0  0  0  0  0
    1.5509    1.0844   -4.2401  C  0  0  0  0  0
    0.1991    0.9533   -4.6683  O  0  0  0  0  0
   -0.8788    0.9751   -3.4734  S  0  0  0  0  0
   -2.1095    0.3355   -4.2898  O  0  0  0  0  0
   -3.1560   -0.1731   -3.4686  C  0  0  0  0  0
   -2.7856   -1.4773   -2.8994  C  0  0  0  0  0
   -2.4112   -2.5204   -2.4348  C  0  0  0  0  0
   -1.8848   -3.7696   -1.8697  C  0  0  0  0  0
   -0.6289   -4.0886   -2.4615  O  0  0  0  0  0
  1 14  1  0  0  0
  1  2  1  0  0  0
  2  3  1  0  0  0
  3  4  1  0  0  0
  4  5  3  0  0  0
  5  6  1  0  0  0
  6  7  1  0  0  0
  7  8  1  0  0  0
  8  9  1  0  0  0
  9 10  1  0  0  0
 10 11  1  0  0  0
 11 12  3  0  0  0
 12 13  1  0  0  0
 13 14  1  0  0  0
M  END
$$$$
C1#CCOSOCC#CCOSOC1
  -ISIS-

 14 14  0  0  0  0  0  0  0  0  1
    0.6775   -3.7018   -1.6060  S  0  0  0  0  0
    1.6792   -3.4728   -2.8438  O  0  0  0  0  0
    2.7342   -2.5388   -2.6340  C  0  0  0  0  0
    2.3897   -1.2399   -3.2264  C  0  0  0  0  0
    2.0511   -0.1861   -3.6947  C  0  0  0  0  0
    1.5509    1.0844   -4.2401  C  0  0  0  0  0
    0.1991    0.9533   -4.6683  O  0  0  0  0  0
   -0.8788    0.9751   -3.4734  S  0  0  0  0  0
   -2.1095    0.3355   -4.2898  O  0  0  0  0  0
   -3.1560   -0.1731   -3.4686  C  0  0  0  0  0
   -2.7856   -1.4773   -2.8994  C  0  0  0  0  0
   -2.4112   -2.5204   -2.4348  C  0  0  0  0  0
   -1.8848   -3.7696   -1.8697  C  0  0  0  0  0
   -0.6289   -4.0886   -2.4615  O  0  0  0  0  0
  1 14  1  0  0  0
  1  2  1  0  0  0
  2  3  1  0  0  0
  3  4  1  0  0  0
  4  5  3  0  0  0
  5  6  1  0  0  0
  6  7  1  0  0  0
  7  8  1  0  0  0
  8  9  1  0  0  0
  9 10  1  0  0  0
 10 11  1  0  0  0
 11 12  3  0  0  0
 12 13  1  0  0  0
 13 14  1  0  0  0
M  END
$$$$
