C12(c3c(cccc3)CCNC1)OCCO2
  -ISIS-

 15 17  0  0  0  0  0  0  0  0  1
    1.3550   -8.0564   -2.9778  N  0  0  0  0  0
    0.2620   -8.9470   -3.4408  C  0  0  0  0  0
   -0.9996   -8.1316   -3.7343  C  0  0  0  0  0
   -1.0034   -7.4754   -5.1002  C  0  0  0  0  0
   -2.0238   -7.8383   -6.0018  C  0  0  0  0  0
   -2.1027   -7.2679   -7.2699  C  0  0  0  0  0
   -1.1667   -6.3204   -7.6574  C  0  0  0  0  0
   -0.1529   -5.9444   -6.7755  C  0  0  0  0  0
   -0.0450   -6.5085   -5.4858  C  0  0  0  0  0
    1.0848   -6.0664   -4.5520  C  0  0  0  0  0
    1.9649   -7.2669   -4.0990  C  0  0  0  0  0
    0.5149   -5.3998   -3.4015  O  0  0  0  0  0
    0.7924   -4.0178   -3.5927  C  0  0  0  0  0
    2.1028   -4.0326   -4.3228  C  0  0  0  0  0
    1.9665   -5.1294   -5.2249  O  0  0  0  0  0
  1 11  1  0  0  0
  1  2  1  0  0  0
  2  3  1  0  0  0
  3  4  1  0  0  0
  4  9  2  0  0  0
  4  5  1  0  0  0
  5  6  2  0  0  0
  6  7  1  0  0  0
  7  8  2  0  0  0
  8  9  1  0  0  0
  9 10  1  0  0  0
 10 15  1  0  0  0
 10 11  1  0  0  0
 10 12  1  0  0  0
 12 13  1  0  0  0
 13 14  1  0  0  0
 14 15  1  0  0  0
M  END
$$$$
