C12(C3CN4CC1CN(C3)CC4)NCNC2
  -ISIS-

 15 18  0  0  0  0  0  0  0  0  1
    4.9535   -9.6244   -1.4463  C  0  0  0  0  0
    4.9700   -9.2518    0.0695  C  0  0  0  0  0
    6.0071   -8.2092    0.4378  N  0  0  0  0  0
    5.5238   -6.7752    0.3914  C  0  0  0  0  0
    5.2376   -6.2288   -1.0205  C  0  0  0  0  0
    5.4756   -7.2055   -2.1597  N  0  0  0  0  0
    6.9216   -7.5680   -2.4167  C  0  0  0  0  0
    7.3480   -8.7851   -1.5991  C  0  0  0  0  0
    6.4065   -9.9697   -1.8917  C  0  0  0  0  0
    6.5527  -10.4060   -3.2737  N  0  0  0  0  0
    7.0478  -11.6892   -3.3839  C  0  0  0  0  0
    7.2904  -12.1639   -2.1462  N  0  0  0  0  0
    6.9274  -11.2588   -1.2096  C  0  0  0  0  0
    7.3914   -8.4456   -0.1103  C  0  0  0  0  0
    4.4953   -8.3651   -2.2359  C  0  0  0  0  0
  1  9  1  0  0  0
  1 15  1  0  0  0
  1  2  1  0  0  0
  2  3  1  0  0  0
  3 14  1  0  0  0
  3  4  1  0  0  0
  4  5  1  0  0  0
  5  6  1  0  0  0
  6  7  1  0  0  0
  6 15  1  0  0  0
  7  8  1  0  0  0
  8  9  1  0  0  0
  8 14  1  0  0  0
  9 13  1  0  0  0
  9 10  1  0  0  0
 10 11  1  0  0  0
 11 12  1  0  0  0
 12 13  1  0  0  0
M  END
$$$$
