C12(OCC3(CC4(COC5(OC4)CCCC5)CC3)CO1)CCCC2
  -ISIS-

 23 27  0  0  0  0  0  0  0  0  1
   -1.8629   -2.4240    0.4965  C  0  0  0  0  0
   -0.9711   -2.8541    1.6492  C  0  0  0  0  0
   -0.2213   -4.0063    1.2770  O  0  0  0  0  0
    0.5779   -3.7863    0.1210  C  0  0  0  0  0
   -0.1936   -3.3513   -1.0005  O  0  0  0  0  0
   -0.9866   -2.1991   -0.7302  C  0  0  0  0  0
    1.2423   -5.1097   -0.2668  C  0  0  0  0  0
    2.4354   -4.7079   -1.1301  C  0  0  0  0  0
    2.7766   -3.2719   -0.7335  C  0  0  0  0  0
    1.8041   -2.9057    0.3834  C  0  0  0  0  0
   -2.6375   -1.1655    0.8151  C  0  0  0  0  0
   -4.1080   -1.2942    0.4888  C  0  0  0  0  0
   -4.9199   -1.3905    1.7751  C  0  0  0  0  0
   -6.3144   -1.4376    1.4879  O  0  0  0  0  0
   -6.7622   -0.3576    0.6660  C  0  0  0  0  0
   -6.0201   -0.2517   -0.5428  O  0  0  0  0  0
   -4.6216   -0.1106   -0.3138  C  0  0  0  0  0
   -8.2267   -0.6290    0.3127  C  0  0  0  0  0
   -9.0102   -0.2145    1.5555  C  0  0  0  0  0
   -8.1267    0.7907    2.2934  C  0  0  0  0  0
   -6.8826    0.9662    1.4281  C  0  0  0  0  0
   -4.1431   -2.6016   -0.3250  C  0  0  0  0  0
   -2.9921   -3.4377    0.2317  C  0  0  0  0  0
  1 23  1  0  0  0
  1  6  1  0  0  0
  1  2  1  0  0  0
  1 11  1  0  0  0
  2  3  1  0  0  0
  3  4  1  0  0  0
  4 10  1  0  0  0
  4  5  1  0  0  0
  4  7  1  0  0  0
  5  6  1  0  0  0
  7  8  1  0  0  0
  8  9  1  0  0  0
  9 10  1  0  0  0
 11 12  1  0  0  0
 12 17  1  0  0  0
 12 13  1  0  0  0
 12 22  1  0  0  0
 13 14  1  0  0  0
 14 15  1  0  0  0
 15 21  1  0  0  0
 15 16  1  0  0  0
 15 18  1  0  0  0
 16 17  1  0  0  0
 18 19  1  0  0  0
 19 20  1  0  0  0
 20 21  1  0  0  0
 22 23  1  0  0  0
M  END
$$$$
C12(OCC3(CC4(COC5(OC4)CCCC5)CC3)CO1)CCCC2
  -ISIS-

 23 27  0  0  0  0  0  0  0  0  1
    2.0182   -4.5045    3.4737  C  0  0  0  0  0
    3.3705   -3.8115    3.4667  C  0  0  0  0  0
    3.9679   -3.9297    2.1793  O  0  0  0  0  0
    4.1319   -5.2842    1.7771  C  0  0  0  0  0
    2.9000   -6.0086    1.7861  O  0  0  0  0  0
    2.2176   -5.9506    3.0353  C  0  0  0  0  0
    5.2600   -6.0099    2.5176  C  0  0  0  0  0
    5.6492   -7.1529    1.5849  C  0  0  0  0  0
    5.2907   -6.6828    0.1756  C  0  0  0  0  0
    4.6621   -5.3017    0.3413  C  0  0  0  0  0
    1.3650   -4.4637    4.8365  C  0  0  0  0  0
   -0.0752   -4.0082    4.7734  C  0  0  0  0  0
   -1.0014   -4.9252    5.5552  C  0  0  0  0  0
   -2.3301   -4.4118    5.5511  O  0  0  0  0  0
   -2.4181   -3.0690    6.0322  C  0  0  0  0  0
   -1.5601   -2.1818    5.3252  O  0  0  0  0  0
   -0.1991   -2.6008    5.3448  C  0  0  0  0  0
   -2.2827   -2.9636    7.5548  C  0  0  0  0  0
   -3.6084   -3.4974    8.0882  C  0  0  0  0  0
   -4.6367   -3.2353    6.9884  C  0  0  0  0  0
   -3.8635   -2.6061    5.8323  C  0  0  0  0  0
   -0.3605   -4.0550    3.2603  C  0  0  0  0  0
    0.9868   -3.7646    2.6011  C  0  0  0  0  0
  1 23  1  0  0  0
  1  6  1  0  0  0
  1  2  1  0  0  0
  1 11  1  0  0  0
  2  3  1  0  0  0
  3  4  1  0  0  0
  4 10  1  0  0  0
  4  5  1  0  0  0
  4  7  1  0  0  0
  5  6  1  0  0  0
  7  8  1  0  0  0
  8  9  1  0  0  0
  9 10  1  0  0  0
 11 12  1  0  0  0
 12 17  1  0  0  0
 12 13  1  0  0  0
 12 22  1  0  0  0
 13 14  1  0  0  0
 14 15  1  0  0  0
 15 21  1  0  0  0
 15 16  1  0  0  0
 15 18  1  0  0  0
 16 17  1  0  0  0
 18 19  1  0  0  0
 19 20  1  0  0  0
 20 21  1  0  0  0
 22 23  1  0  0  0
M  END
$$$$
