C12(c3c(C4C(C1)CCCC4)cccc3)OCCS2
  -ISIS-

 18 21  0  0  0  0  0  0  0  0  1
    0.8954    0.1364    5.4136  C  0  0  0  0  0
    1.1197    1.1910    4.2576  C  0  0  0  0  0
    0.6859    0.6288    2.8880  C  0  0  0  0  0
    1.4186   -0.6735    2.5476  C  0  0  0  0  0
    1.1048   -1.7207    3.6001  C  0  0  0  0  0
    0.8227   -1.3384    4.9312  C  0  0  0  0  0
    0.5429   -2.3618    5.8708  C  0  0  0  0  0
    0.5494   -3.7177    5.5346  C  0  0  0  0  0
    0.8631   -4.0835    4.2362  C  0  0  0  0  0
    1.1491   -3.0978    3.2883  C  0  0  0  0  0
    0.9136   -1.1148    0.8396  S  0  0  0  0  0
    2.6004   -0.9767    0.2298  C  0  0  0  0  0
    3.2632   -0.0688    1.2474  C  0  0  0  0  0
    2.8431   -0.4755    2.5532  O  0  0  0  0  0
    0.5080    2.6409    4.4970  C  0  0  0  0  0
    0.3969    2.9378    6.0047  C  0  0  0  0  0
   -0.4073    1.9034    6.7815  C  0  0  0  0  0
   -0.3987    0.5008    6.1798  C  0  0  0  0  0
  1  6  1  0  0  0
  1 18  1  0  0  0
  1  2  1  0  0  0
  2  3  1  0  0  0
  2 15  1  0  0  0
  3  4  1  0  0  0
  4 14  1  0  0  0
  4  5  1  0  0  0
  4 11  1  0  0  0
  5 10  2  0  0  0
  5  6  2  0  0  0
  6  7  2  0  0  0
  7  8  1  0  0  0
  8  9  2  0  0  0
  9 10  1  0  0  0
 11 12  1  0  0  0
 12 13  1  0  0  0
 13 14  1  0  0  0
 15 16  1  0  0  0
 16 17  1  0  0  0
 17 18  1  0  0  0
M  END
$$$$
