C12(CC3(COC1)CCCCC3)CCCC2
  -ISIS-

 15 17  0  0  0  0  0  0  0  0  1
   -2.8262    0.8046    4.1495  C  0  0  0  0  0
   -2.9436    0.6141    2.6338  C  0  0  0  0  0
   -2.1528   -0.5206    1.9797  C  0  0  0  0  0
   -0.7644   -0.3440    2.6024  C  0  0  0  0  0
   -0.8329   -0.6448    4.0088  O  0  0  0  0  0
   -1.8061   -0.1318    4.7912  C  0  0  0  0  0
   -2.1944   -0.4158    0.4449  C  0  0  0  0  0
   -3.5213   -1.0561    0.0263  C  0  0  0  0  0
   -3.9998   -1.8793    1.2196  C  0  0  0  0  0
   -2.8510   -1.8646    2.2245  C  0  0  0  0  0
   -2.3357    2.2393    4.4648  C  0  0  0  0  0
   -3.3982    3.3296    4.3299  C  0  0  0  0  0
   -4.6741    2.9800    5.0808  C  0  0  0  0  0
   -5.2344    1.6412    4.6248  C  0  0  0  0  0
   -4.2122    0.5160    4.7847  C  0  0  0  0  0
  1  6  1  0  0  0
  1 15  1  0  0  0
  1  2  1  0  0  0
  1 11  1  0  0  0
  2  3  1  0  0  0
  3 10  1  0  0  0
  3  4  1  0  0  0
  3  7  1  0  0  0
  4  5  1  0  0  0
  5  6  1  0  0  0
  7  8  1  0  0  0
  8  9  1  0  0  0
  9 10  1  0  0  0
 11 12  1  0  0  0
 12 13  1  0  0  0
 13 14  1  0  0  0
 14 15  1  0  0  0
M  END
$$$$
C12(CC3(COC1)CCCCC3)CCCC2
  -ISIS-

 15 17  0  0  0  0  0  0  0  0  1
   -2.8262    0.8046    4.1495  C  0  0  0  0  0
   -2.9436    0.6141    2.6338  C  0  0  0  0  0
   -2.1528   -0.5206    1.9797  C  0  0  0  0  0
   -0.7644   -0.3440    2.6024  C  0  0  0  0  0
   -0.8329   -0.6448    4.0088  O  0  0  0  0  0
   -1.8061   -0.1318    4.7912  C  0  0  0  0  0
   -2.1944   -0.4158    0.4449  C  0  0  0  0  0
   -3.5213   -1.0561    0.0263  C  0  0  0  0  0
   -3.9998   -1.8793    1.2196  C  0  0  0  0  0
   -2.8510   -1.8646    2.2245  C  0  0  0  0  0
   -2.3357    2.2393    4.4648  C  0  0  0  0  0
   -3.3982    3.3296    4.3299  C  0  0  0  0  0
   -4.6741    2.9800    5.0808  C  0  0  0  0  0
   -5.2344    1.6412    4.6248  C  0  0  0  0  0
   -4.2122    0.5160    4.7847  C  0  0  0  0  0
  1  6  1  0  0  0
  1 15  1  0  0  0
  1  2  1  0  0  0
  1 11  1  0  0  0
  2  3  1  0  0  0
  3 10  1  0  0  0
  3  4  1  0  0  0
  3  7  1  0  0  0
  4  5  1  0  0  0
  5  6  1  0  0  0
  7  8  1  0  0  0
  8  9  1  0  0  0
  9 10  1  0  0  0
 11 12  1  0  0  0
 12 13  1  0  0  0
 13 14  1  0  0  0
 14 15  1  0  0  0
M  END
$$$$
C12(CC3(COC1)CCCCC3)CCCC2
  -ISIS-

 15 17  0  0  0  0  0  0  0  0  1
   -2.8262    0.8046    4.1495  C  0  0  0  0  0
   -2.9436    0.6141    2.6338  C  0  0  0  0  0
   -2.1528   -0.5206    1.9797  C  0  0  0  0  0
   -0.7644   -0.3440    2.6024  C  0  0  0  0  0
   -0.8329   -0.6448    4.0088  O  0  0  0  0  0
   -1.8061   -0.1318    4.7912  C  0  0  0  0  0
   -2.1944   -0.4158    0.4449  C  0  0  0  0  0
   -3.5213   -1.0561    0.0263  C  0  0  0  0  0
   -3.9998   -1.8793    1.2196  C  0  0  0  0  0
   -2.8510   -1.8646    2.2245  C  0  0  0  0  0
   -2.3357    2.2393    4.4648  C  0  0  0  0  0
   -3.3982    3.3296    4.3299  C  0  0  0  0  0
   -4.6741    2.9800    5.0808  C  0  0  0  0  0
   -5.2344    1.6412    4.6248  C  0  0  0  0  0
   -4.2122    0.5160    4.7847  C  0  0  0  0  0
  1  6  1  0  0  0
  1 15  1  0  0  0
  1  2  1  0  0  0
  1 11  1  0  0  0
  2  3  1  0  0  0
  3 10  1  0  0  0
  3  4  1  0  0  0
  3  7  1  0  0  0
  4  5  1  0  0  0
  5  6  1  0  0  0
  7  8  1  0  0  0
  8  9  1  0  0  0
  9 10  1  0  0  0
 11 12  1  0  0  0
 12 13  1  0  0  0
 13 14  1  0  0  0
 14 15  1  0  0  0
M  END
$$$$
C12(CC3(COC1)CCCCC3)CCCC2
  -ISIS-

 15 17  0  0  0  0  0  0  0  0  1
    2.8848   -3.6235    0.0339  C  0  0  0  0  0
    3.5648   -4.3871   -1.0951  C  0  0  0  0  0
    3.4239   -3.8567   -2.5134  C  0  0  0  0  0
    3.6325   -2.3339   -2.3922  C  0  0  0  0  0
    2.5921   -1.7703   -1.5636  O  0  0  0  0  0
    2.3015   -2.2756   -0.3461  C  0  0  0  0  0
    4.4243   -4.5332   -3.4859  C  0  0  0  0  0
    4.1823   -4.1695   -4.9510  C  0  0  0  0  0
    2.7588   -4.5004   -5.3817  C  0  0  0  0  0
    1.7246   -3.8750   -4.4544  C  0  0  0  0  0
    1.9886   -4.2259   -2.9901  C  0  0  0  0  0
    3.8699   -3.4077    1.2095  C  0  0  0  0  0
    3.1316   -3.8878    2.4532  C  0  0  0  0  0
    2.2892   -5.0395    1.9428  C  0  0  0  0  0
    1.7644   -4.5352    0.6035  C  0  0  0  0  0
  1  6  1  0  0  0
  1 15  1  0  0  0
  1  2  1  0  0  0
  1 12  1  0  0  0
  2  3  1  0  0  0
  3 11  1  0  0  0
  3  4  1  0  0  0
  3  7  1  0  0  0
  4  5  1  0  0  0
  5  6  1  0  0  0
  7  8  1  0  0  0
  8  9  1  0  0  0
  9 10  1  0  0  0
 10 11  1  0  0  0
 12 13  1  0  0  0
 13 14  1  0  0  0
 14 15  1  0  0  0
M  END
$$$$
C12(CC3(COC1)CCCCC3)CCCC2
  -ISIS-

 15 17  0  0  0  0  0  0  0  0  1
    2.8848   -3.6235    0.0339  C  0  0  0  0  0
    3.5648   -4.3871   -1.0951  C  0  0  0  0  0
    3.4239   -3.8567   -2.5134  C  0  0  0  0  0
    3.6325   -2.3339   -2.3922  C  0  0  0  0  0
    2.5921   -1.7703   -1.5636  O  0  0  0  0  0
    2.3015   -2.2756   -0.3461  C  0  0  0  0  0
    4.4243   -4.5332   -3.4859  C  0  0  0  0  0
    4.1823   -4.1695   -4.9510  C  0  0  0  0  0
    2.7588   -4.5004   -5.3817  C  0  0  0  0  0
    1.7246   -3.8750   -4.4544  C  0  0  0  0  0
    1.9886   -4.2259   -2.9901  C  0  0  0  0  0
    3.8699   -3.4077    1.2095  C  0  0  0  0  0
    3.1316   -3.8878    2.4532  C  0  0  0  0  0
    2.2892   -5.0395    1.9428  C  0  0  0  0  0
    1.7644   -4.5352    0.6035  C  0  0  0  0  0
  1  6  1  0  0  0
  1 15  1  0  0  0
  1  2  1  0  0  0
  1 12  1  0  0  0
  2  3  1  0  0  0
  3 11  1  0  0  0
  3  4  1  0  0  0
  3  7  1  0  0  0
  4  5  1  0  0  0
  5  6  1  0  0  0
  7  8  1  0  0  0
  8  9  1  0  0  0
  9 10  1  0  0  0
 10 11  1  0  0  0
 12 13  1  0  0  0
 13 14  1  0  0  0
 14 15  1  0  0  0
M  END
$$$$
C12(CC3(COC1)CCCCC3)CCCC2
  -ISIS-

 15 17  0  0  0  0  0  0  0  0  1
    2.8848   -3.6235    0.0339  C  0  0  0  0  0
    3.5648   -4.3871   -1.0951  C  0  0  0  0  0
    3.4239   -3.8567   -2.5134  C  0  0  0  0  0
    3.6325   -2.3339   -2.3922  C  0  0  0  0  0
    2.5921   -1.7703   -1.5636  O  0  0  0  0  0
    2.3015   -2.2756   -0.3461  C  0  0  0  0  0
    4.4243   -4.5332   -3.4859  C  0  0  0  0  0
    4.1823   -4.1695   -4.9510  C  0  0  0  0  0
    2.7588   -4.5004   -5.3817  C  0  0  0  0  0
    1.7246   -3.8750   -4.4544  C  0  0  0  0  0
    1.9886   -4.2259   -2.9901  C  0  0  0  0  0
    3.8699   -3.4077    1.2095  C  0  0  0  0  0
    3.1316   -3.8878    2.4532  C  0  0  0  0  0
    2.2892   -5.0395    1.9428  C  0  0  0  0  0
    1.7644   -4.5352    0.6035  C  0  0  0  0  0
  1  6  1  0  0  0
  1 15  1  0  0  0
  1  2  1  0  0  0
  1 12  1  0  0  0
  2  3  1  0  0  0
  3 11  1  0  0  0
  3  4  1  0  0  0
  3  7  1  0  0  0
  4  5  1  0  0  0
  5  6  1  0  0  0
  7  8  1  0  0  0
  8  9  1  0  0  0
  9 10  1  0  0  0
 10 11  1  0  0  0
 12 13  1  0  0  0
 13 14  1  0  0  0
 14 15  1  0  0  0
M  END
$$$$
C12(CC3(COC1)CCCCC3)CCCC2
  -ISIS-

 15 17  0  0  0  0  0  0  0  0  1
    2.1822   -5.5638   -1.9354  C  0  0  0  0  0
    2.5513   -6.9217   -2.5475  C  0  0  0  0  0
    4.0328   -7.2984   -2.6541  C  0  0  0  0  0
    4.6738   -5.9991   -3.1602  C  0  0  0  0  0
    4.5706   -4.9870   -2.1430  O  0  0  0  0  0
    3.4054   -4.7613   -1.4995  C  0  0  0  0  0
    4.2141   -8.5043   -3.6062  C  0  0  0  0  0
    4.1583   -9.7210   -2.6917  C  0  0  0  0  0
    4.9418   -9.2583   -1.4781  C  0  0  0  0  0
    4.5049   -7.8094   -1.2708  C  0  0  0  0  0
    1.4505   -4.6910   -2.9842  C  0  0  0  0  0
   -0.0056   -5.0781   -3.2386  C  0  0  0  0  0
   -0.8002   -5.1870   -1.9461  C  0  0  0  0  0
   -0.1573   -6.1742   -0.9837  C  0  0  0  0  0
    1.2965   -5.8084   -0.6828  C  0  0  0  0  0
  1  6  1  0  0  0
  1 15  1  0  0  0
  1  2  1  0  0  0
  1 11  1  0  0  0
  2  3  1  0  0  0
  3 10  1  0  0  0
  3  4  1  0  0  0
  3  7  1  0  0  0
  4  5  1  0  0  0
  5  6  1  0  0  0
  7  8  1  0  0  0
  8  9  1  0  0  0
  9 10  1  0  0  0
 11 12  1  0  0  0
 12 13  1  0  0  0
 13 14  1  0  0  0
 14 15  1  0  0  0
M  END
$$$$
C12(CC3(COC1)CCCCC3)CCCC2
  -ISIS-

 15 17  0  0  0  0  0  0  0  0  1
    2.1822   -5.5638   -1.9354  C  0  0  0  0  0
    2.5513   -6.9217   -2.5475  C  0  0  0  0  0
    4.0328   -7.2984   -2.6541  C  0  0  0  0  0
    4.6738   -5.9991   -3.1602  C  0  0  0  0  0
    4.5706   -4.9870   -2.1430  O  0  0  0  0  0
    3.4054   -4.7613   -1.4995  C  0  0  0  0  0
    4.2141   -8.5043   -3.6062  C  0  0  0  0  0
    4.1583   -9.7210   -2.6917  C  0  0  0  0  0
    4.9418   -9.2583   -1.4781  C  0  0  0  0  0
    4.5049   -7.8094   -1.2708  C  0  0  0  0  0
    1.4505   -4.6910   -2.9842  C  0  0  0  0  0
   -0.0056   -5.0781   -3.2386  C  0  0  0  0  0
   -0.8002   -5.1870   -1.9461  C  0  0  0  0  0
   -0.1573   -6.1742   -0.9837  C  0  0  0  0  0
    1.2965   -5.8084   -0.6828  C  0  0  0  0  0
  1  6  1  0  0  0
  1 15  1  0  0  0
  1  2  1  0  0  0
  1 11  1  0  0  0
  2  3  1  0  0  0
  3 10  1  0  0  0
  3  4  1  0  0  0
  3  7  1  0  0  0
  4  5  1  0  0  0
  5  6  1  0  0  0
  7  8  1  0  0  0
  8  9  1  0  0  0
  9 10  1  0  0  0
 11 12  1  0  0  0
 12 13  1  0  0  0
 13 14  1  0  0  0
 14 15  1  0  0  0
M  END
$$$$
C12(CC3(COC1)CCCCC3)CCCC2
  -ISIS-

 15 17  0  0  0  0  0  0  0  0  1
    2.1822   -5.5638   -1.9354  C  0  0  0  0  0
    2.5513   -6.9217   -2.5475  C  0  0  0  0  0
    4.0328   -7.2984   -2.6541  C  0  0  0  0  0
    4.6738   -5.9991   -3.1602  C  0  0  0  0  0
    4.5706   -4.9870   -2.1430  O  0  0  0  0  0
    3.4054   -4.7613   -1.4995  C  0  0  0  0  0
    4.2141   -8.5043   -3.6062  C  0  0  0  0  0
    4.1583   -9.7210   -2.6917  C  0  0  0  0  0
    4.9418   -9.2583   -1.4781  C  0  0  0  0  0
    4.5049   -7.8094   -1.2708  C  0  0  0  0  0
    1.4505   -4.6910   -2.9842  C  0  0  0  0  0
   -0.0056   -5.0781   -3.2386  C  0  0  0  0  0
   -0.8002   -5.1870   -1.9461  C  0  0  0  0  0
   -0.1573   -6.1742   -0.9837  C  0  0  0  0  0
    1.2965   -5.8084   -0.6828  C  0  0  0  0  0
  1  6  1  0  0  0
  1 15  1  0  0  0
  1  2  1  0  0  0
  1 11  1  0  0  0
  2  3  1  0  0  0
  3 10  1  0  0  0
  3  4  1  0  0  0
  3  7  1  0  0  0
  4  5  1  0  0  0
  5  6  1  0  0  0
  7  8  1  0  0  0
  8  9  1  0  0  0
  9 10  1  0  0  0
 11 12  1  0  0  0
 12 13  1  0  0  0
 13 14  1  0  0  0
 14 15  1  0  0  0
M  END
$$$$
C12(CC3(COC1)CCCCC3)CCCC2
  -ISIS-

 15 17  0  0  0  0  0  0  0  0  1
   -0.4325   -1.9321    0.8345  C  0  0  0  0  0
   -1.8435   -1.4821    0.5065  C  0  0  0  0  0
   -2.1644   -1.2718   -0.7875  O  0  0  0  0  0
   -1.2944   -1.6887   -1.8617  C  0  0  0  0  0
    0.1381   -1.1679   -1.6036  C  0  0  0  0  0
    0.5642   -1.8601   -0.3165  C  0  0  0  0  0
    1.0601   -1.4796   -2.8120  C  0  0  0  0  0
    2.4228   -0.7824   -2.7822  C  0  0  0  0  0
    2.3000    0.7146   -2.5514  C  0  0  0  0  0
    1.4965    1.0064   -1.2948  C  0  0  0  0  0
    0.1100    0.3690   -1.3616  C  0  0  0  0  0
    0.1348   -1.0756    1.9987  C  0  0  0  0  0
    0.6254   -2.0737    3.0411  C  0  0  0  0  0
   -0.3339   -3.2380    2.9009  C  0  0  0  0  0
   -0.5091   -3.3751    1.3935  C  0  0  0  0  0
  1  6  1  0  0  0
  1 15  1  0  0  0
  1  2  1  0  0  0
  1 12  1  0  0  0
  2  3  1  0  0  0
  3  4  1  0  0  0
  4  5  1  0  0  0
  5 11  1  0  0  0
  5  6  1  0  0  0
  5  7  1  0  0  0
  7  8  1  0  0  0
  8  9  1  0  0  0
  9 10  1  0  0  0
 10 11  1  0  0  0
 12 13  1  0  0  0
 13 14  1  0  0  0
 14 15  1  0  0  0
M  END
$$$$
C12(CC3(COC1)CCCCC3)CCCC2
  -ISIS-

 15 17  0  0  0  0  0  0  0  0  1
   -0.4325   -1.9321    0.8345  C  0  0  0  0  0
   -1.8435   -1.4821    0.5065  C  0  0  0  0  0
   -2.1644   -1.2718   -0.7875  O  0  0  0  0  0
   -1.2944   -1.6887   -1.8617  C  0  0  0  0  0
    0.1381   -1.1679   -1.6036  C  0  0  0  0  0
    0.5642   -1.8601   -0.3165  C  0  0  0  0  0
    1.0601   -1.4796   -2.8120  C  0  0  0  0  0
    2.4228   -0.7824   -2.7822  C  0  0  0  0  0
    2.3000    0.7146   -2.5514  C  0  0  0  0  0
    1.4965    1.0064   -1.2948  C  0  0  0  0  0
    0.1100    0.3690   -1.3616  C  0  0  0  0  0
    0.1348   -1.0756    1.9987  C  0  0  0  0  0
    0.6254   -2.0737    3.0411  C  0  0  0  0  0
   -0.3339   -3.2380    2.9009  C  0  0  0  0  0
   -0.5091   -3.3751    1.3935  C  0  0  0  0  0
  1  6  1  0  0  0
  1 15  1  0  0  0
  1  2  1  0  0  0
  1 12  1  0  0  0
  2  3  1  0  0  0
  3  4  1  0  0  0
  4  5  1  0  0  0
  5 11  1  0  0  0
  5  6  1  0  0  0
  5  7  1  0  0  0
  7  8  1  0  0  0
  8  9  1  0  0  0
  9 10  1  0  0  0
 10 11  1  0  0  0
 12 13  1  0  0  0
 13 14  1  0  0  0
 14 15  1  0  0  0
M  END
$$$$
C12(CC3(COC1)CCCCC3)CCCC2
  -ISIS-

 15 17  0  0  0  0  0  0  0  0  1
   -0.4325   -1.9321    0.8345  C  0  0  0  0  0
   -1.8435   -1.4821    0.5065  C  0  0  0  0  0
   -2.1644   -1.2718   -0.7875  O  0  0  0  0  0
   -1.2944   -1.6887   -1.8617  C  0  0  0  0  0
    0.1381   -1.1679   -1.6036  C  0  0  0  0  0
    0.5642   -1.8601   -0.3165  C  0  0  0  0  0
    1.0601   -1.4796   -2.8120  C  0  0  0  0  0
    2.4228   -0.7824   -2.7822  C  0  0  0  0  0
    2.3000    0.7146   -2.5514  C  0  0  0  0  0
    1.4965    1.0064   -1.2948  C  0  0  0  0  0
    0.1100    0.3690   -1.3616  C  0  0  0  0  0
    0.1348   -1.0756    1.9987  C  0  0  0  0  0
    0.6254   -2.0737    3.0411  C  0  0  0  0  0
   -0.3339   -3.2380    2.9009  C  0  0  0  0  0
   -0.5091   -3.3751    1.3935  C  0  0  0  0  0
  1  6  1  0  0  0
  1 15  1  0  0  0
  1  2  1  0  0  0
  1 12  1  0  0  0
  2  3  1  0  0  0
  3  4  1  0  0  0
  4  5  1  0  0  0
  5 11  1  0  0  0
  5  6  1  0  0  0
  5  7  1  0  0  0
  7  8  1  0  0  0
  8  9  1  0  0  0
  9 10  1  0  0  0
 10 11  1  0  0  0
 12 13  1  0  0  0
 13 14  1  0  0  0
 14 15  1  0  0  0
M  END
$$$$
C12(CC3(COC1)CCCCC3)CCCC2
  -ISIS-

 15 17  0  0  0  0  0  0  0  0  1
   -6.4608   -0.8455    0.2723  C  0  0  0  0  0
   -7.9088   -0.8831   -0.2127  C  0  0  0  0  0
   -8.1879   -1.4608   -1.4004  O  0  0  0  0  0
   -7.1934   -2.1524   -2.1869  C  0  0  0  0  0
   -5.9390   -1.2807   -2.2657  C  0  0  0  0  0
   -5.4431   -1.1596   -0.8294  C  0  0  0  0  0
   -6.2411    0.1199   -2.8388  C  0  0  0  0  0
   -4.8834    0.6310   -3.2907  C  0  0  0  0  0
   -4.2179   -0.5894   -3.9030  C  0  0  0  0  0
   -4.8699   -1.8116   -3.2467  C  0  0  0  0  0
   -6.1764    0.5898    0.7973  C  0  0  0  0  0
   -4.9652    0.7038    1.7230  C  0  0  0  0  0
   -5.0320   -0.2978    2.8655  C  0  0  0  0  0
   -5.1617   -1.7208    2.3449  C  0  0  0  0  0
   -6.3665   -1.8837    1.4190  C  0  0  0  0  0
  1  6  1  0  0  0
  1 15  1  0  0  0
  1  2  1  0  0  0
  1 11  1  0  0  0
  2  3  1  0  0  0
  3  4  1  0  0  0
  4  5  1  0  0  0
  5 10  1  0  0  0
  5  6  1  0  0  0
  5  7  1  0  0  0
  7  8  1  0  0  0
  8  9  1  0  0  0
  9 10  1  0  0  0
 11 12  1  0  0  0
 12 13  1  0  0  0
 13 14  1  0  0  0
 14 15  1  0  0  0
M  END
$$$$
C12(CC3(COC1)CCCCC3)CCCC2
  -ISIS-

 15 17  0  0  0  0  0  0  0  0  1
   -6.4608   -0.8455    0.2723  C  0  0  0  0  0
   -7.9088   -0.8831   -0.2127  C  0  0  0  0  0
   -8.1879   -1.4608   -1.4004  O  0  0  0  0  0
   -7.1934   -2.1524   -2.1869  C  0  0  0  0  0
   -5.9390   -1.2807   -2.2657  C  0  0  0  0  0
   -5.4431   -1.1596   -0.8294  C  0  0  0  0  0
   -6.2411    0.1199   -2.8388  C  0  0  0  0  0
   -4.8834    0.6310   -3.2907  C  0  0  0  0  0
   -4.2179   -0.5894   -3.9030  C  0  0  0  0  0
   -4.8699   -1.8116   -3.2467  C  0  0  0  0  0
   -6.1764    0.5898    0.7973  C  0  0  0  0  0
   -4.9652    0.7038    1.7230  C  0  0  0  0  0
   -5.0320   -0.2978    2.8655  C  0  0  0  0  0
   -5.1617   -1.7208    2.3449  C  0  0  0  0  0
   -6.3665   -1.8837    1.4190  C  0  0  0  0  0
  1  6  1  0  0  0
  1 15  1  0  0  0
  1  2  1  0  0  0
  1 11  1  0  0  0
  2  3  1  0  0  0
  3  4  1  0  0  0
  4  5  1  0  0  0
  5 10  1  0  0  0
  5  6  1  0  0  0
  5  7  1  0  0  0
  7  8  1  0  0  0
  8  9  1  0  0  0
  9 10  1  0  0  0
 11 12  1  0  0  0
 12 13  1  0  0  0
 13 14  1  0  0  0
 14 15  1  0  0  0
M  END
$$$$
C12(CC3(COC1)CCCCC3)CCCC2
  -ISIS-

 15 17  0  0  0  0  0  0  0  0  1
   -6.4608   -0.8455    0.2723  C  0  0  0  0  0
   -7.9088   -0.8831   -0.2127  C  0  0  0  0  0
   -8.1879   -1.4608   -1.4004  O  0  0  0  0  0
   -7.1934   -2.1524   -2.1869  C  0  0  0  0  0
   -5.9390   -1.2807   -2.2657  C  0  0  0  0  0
   -5.4431   -1.1596   -0.8294  C  0  0  0  0  0
   -6.2411    0.1199   -2.8388  C  0  0  0  0  0
   -4.8834    0.6310   -3.2907  C  0  0  0  0  0
   -4.2179   -0.5894   -3.9030  C  0  0  0  0  0
   -4.8699   -1.8116   -3.2467  C  0  0  0  0  0
   -6.1764    0.5898    0.7973  C  0  0  0  0  0
   -4.9652    0.7038    1.7230  C  0  0  0  0  0
   -5.0320   -0.2978    2.8655  C  0  0  0  0  0
   -5.1617   -1.7208    2.3449  C  0  0  0  0  0
   -6.3665   -1.8837    1.4190  C  0  0  0  0  0
  1  6  1  0  0  0
  1 15  1  0  0  0
  1  2  1  0  0  0
  1 11  1  0  0  0
  2  3  1  0  0  0
  3  4  1  0  0  0
  4  5  1  0  0  0
  5 10  1  0  0  0
  5  6  1  0  0  0
  5  7  1  0  0  0
  7  8  1  0  0  0
  8  9  1  0  0  0
  9 10  1  0  0  0
 11 12  1  0  0  0
 12 13  1  0  0  0
 13 14  1  0  0  0
 14 15  1  0  0  0
M  END
$$$$
C12(CC3(COC1)CCCCC3)CCCC2
  -ISIS-

 15 17  0  0  0  0  0  0  0  0  1
   -3.3429    3.6844    1.1284  C  0  0  0  0  0
   -3.2798    2.8795    2.4214  C  0  0  0  0  0
   -3.5228    1.5517    2.3722  O  0  0  0  0  0
   -3.7721    0.8468    1.1364  C  0  0  0  0  0
   -4.7831    1.6427    0.3082  C  0  0  0  0  0
   -4.0974    2.9679    0.0015  C  0  0  0  0  0
   -5.2773    0.8932   -0.9524  C  0  0  0  0  0
   -6.7852    1.1392   -1.0607  C  0  0  0  0  0
   -7.1154    2.1798   -0.0075  C  0  0  0  0  0
   -6.0907    1.9150    1.0831  C  0  0  0  0  0
   -4.1170    5.0104    1.3766  C  0  0  0  0  0
   -3.3271    6.1073    2.0915  C  0  0  0  0  0
   -1.9649    6.3370    1.4573  C  0  0  0  0  0
   -1.1612    5.0474    1.4141  C  0  0  0  0  0
   -1.8954    3.9503    0.6453  C  0  0  0  0  0
  1  6  1  0  0  0
  1 15  1  0  0  0
  1  2  1  0  0  0
  1 11  1  0  0  0
  2  3  1  0  0  0
  3  4  1  0  0  0
  4  5  1  0  0  0
  5 10  1  0  0  0
  5  6  1  0  0  0
  5  7  1  0  0  0
  7  8  1  0  0  0
  8  9  1  0  0  0
  9 10  1  0  0  0
 11 12  1  0  0  0
 12 13  1  0  0  0
 13 14  1  0  0  0
 14 15  1  0  0  0
M  END
$$$$
C12(CC3(COC1)CCCCC3)CCCC2
  -ISIS-

 15 17  0  0  0  0  0  0  0  0  1
   -3.3429    3.6844    1.1284  C  0  0  0  0  0
   -3.2798    2.8795    2.4214  C  0  0  0  0  0
   -3.5228    1.5517    2.3722  O  0  0  0  0  0
   -3.7721    0.8468    1.1364  C  0  0  0  0  0
   -4.7831    1.6427    0.3082  C  0  0  0  0  0
   -4.0974    2.9679    0.0015  C  0  0  0  0  0
   -5.2773    0.8932   -0.9524  C  0  0  0  0  0
   -6.7852    1.1392   -1.0607  C  0  0  0  0  0
   -7.1154    2.1798   -0.0075  C  0  0  0  0  0
   -6.0907    1.9150    1.0831  C  0  0  0  0  0
   -4.1170    5.0104    1.3766  C  0  0  0  0  0
   -3.3271    6.1073    2.0915  C  0  0  0  0  0
   -1.9649    6.3370    1.4573  C  0  0  0  0  0
   -1.1612    5.0474    1.4141  C  0  0  0  0  0
   -1.8954    3.9503    0.6453  C  0  0  0  0  0
  1  6  1  0  0  0
  1 15  1  0  0  0
  1  2  1  0  0  0
  1 11  1  0  0  0
  2  3  1  0  0  0
  3  4  1  0  0  0
  4  5  1  0  0  0
  5 10  1  0  0  0
  5  6  1  0  0  0
  5  7  1  0  0  0
  7  8  1  0  0  0
  8  9  1  0  0  0
  9 10  1  0  0  0
 11 12  1  0  0  0
 12 13  1  0  0  0
 13 14  1  0  0  0
 14 15  1  0  0  0
M  END
$$$$
C12(CC3(COC1)CCCCC3)CCCC2
  -ISIS-

 15 17  0  0  0  0  0  0  0  0  1
   -3.3429    3.6844    1.1284  C  0  0  0  0  0
   -3.2798    2.8795    2.4214  C  0  0  0  0  0
   -3.5228    1.5517    2.3722  O  0  0  0  0  0
   -3.7721    0.8468    1.1364  C  0  0  0  0  0
   -4.7831    1.6427    0.3082  C  0  0  0  0  0
   -4.0974    2.9679    0.0015  C  0  0  0  0  0
   -5.2773    0.8932   -0.9524  C  0  0  0  0  0
   -6.7852    1.1392   -1.0607  C  0  0  0  0  0
   -7.1154    2.1798   -0.0075  C  0  0  0  0  0
   -6.0907    1.9150    1.0831  C  0  0  0  0  0
   -4.1170    5.0104    1.3766  C  0  0  0  0  0
   -3.3271    6.1073    2.0915  C  0  0  0  0  0
   -1.9649    6.3370    1.4573  C  0  0  0  0  0
   -1.1612    5.0474    1.4141  C  0  0  0  0  0
   -1.8954    3.9503    0.6453  C  0  0  0  0  0
  1  6  1  0  0  0
  1 15  1  0  0  0
  1  2  1  0  0  0
  1 11  1  0  0  0
  2  3  1  0  0  0
  3  4  1  0  0  0
  4  5  1  0  0  0
  5 10  1  0  0  0
  5  6  1  0  0  0
  5  7  1  0  0  0
  7  8  1  0  0  0
  8  9  1  0  0  0
  9 10  1  0  0  0
 11 12  1  0  0  0
 12 13  1  0  0  0
 13 14  1  0  0  0
 14 15  1  0  0  0
M  END
$$$$
