C12(C3CC(C1)CC3)CC2
  -ISIS-

  9 11  0  0  0  0  0  0  0  0  1
    4.7241    2.0841   -3.2824  C  0  0  0  0  0
    5.7895    1.9131   -2.2308  C  0  0  0  0  0
    4.5844    2.7844   -1.9298  C  0  0  0  0  0
    3.6163    2.4395   -0.7664  C  0  0  0  0  0
    3.3937    3.8866   -0.1629  C  0  0  0  0  0
    4.7736    4.5382   -0.3326  C  0  0  0  0  0
    4.8005    4.2990   -1.8450  C  0  0  0  0  0
    3.5070    4.9961   -2.3029  C  0  0  0  0  0
    2.5647    4.7836   -1.1070  C  0  0  0  0  0
  1  3  1  0  0  0
  1  2  1  0  0  0
  2  3  1  0  0  0
  3  7  1  0  0  0
  3  4  1  0  0  0
  4  5  1  0  0  0
  5  9  1  0  0  0
  5  6  1  0  0  0
  6  7  1  0  0  0
  7  8  1  0  0  0
  8  9  1  0  0  0
M  END
$$$$
