C12(OCCC1)CCOCC2
  -ISIS-

 10 11  0  0  0  0  0  0  0  0  1
    2.2366   -6.2678   -5.4021  C  0  0  0  0  0
    0.7678   -5.9181   -5.2747  C  0  0  0  0  0
    0.2978   -6.9351   -4.2845  C  0  0  0  0  0
    1.3596   -7.5152   -3.6571  O  0  0  0  0  0
    2.5919   -6.8693   -4.0385  C  0  0  0  0  0
    2.9726   -5.8604   -2.9383  C  0  0  0  0  0
    3.4403   -6.5182   -1.6204  C  0  0  0  0  0
    4.4340   -7.5136   -1.8919  O  0  0  0  0  0
    4.0399   -8.5287   -2.8092  C  0  0  0  0  0
    3.6863   -7.9343   -4.1641  C  0  0  0  0  0
  1  5  1  0  0  0
  1  2  1  0  0  0
  2  3  1  0  0  0
  3  4  1  0  0  0
  4  5  1  0  0  0
  5 10  1  0  0  0
  5  6  1  0  0  0
  6  7  1  0  0  0
  7  8  1  0  0  0
  8  9  1  0  0  0
  9 10  1  0  0  0
M  END
$$$$
