C12(OCCO1)CNCC3(OCCO3)CNC2
  -ISIS-

 16 18  0  0  0  0  0  0  0  0  1
    6.0208    5.9625   -3.1090  C  0  0  0  0  0
    5.1058    4.8965   -2.4344  C  0  0  0  0  0
    4.0336    5.4727   -1.4692  C  0  0  0  0  0
    4.2706    6.8316   -0.9570  N  0  0  0  0  0
    3.4383    7.9117   -1.5121  C  0  0  0  0  0
    3.4263    8.0984   -3.0549  C  0  0  0  0  0
    4.8506    8.1216   -3.6697  C  0  0  0  0  0
    5.4022    6.8290   -4.1157  N  0  0  0  0  0
    2.6142    7.0893   -3.6892  O  0  0  0  0  0
    1.3681    7.7231   -3.9640  C  0  0  0  0  0
    1.7645    9.1436   -4.2440  C  0  0  0  0  0
    2.8102    9.3916   -3.3060  O  0  0  0  0  0
    5.9645    4.0086   -1.6685  O  0  0  0  0  0
    6.1351    2.8659   -2.5081  C  0  0  0  0  0
    4.8073    2.7560   -3.1999  C  0  0  0  0  0
    4.4260    4.1077   -3.4347  O  0  0  0  0  0
  1  8  1  0  0  0
  1  2  1  0  0  0
  2 16  1  0  0  0
  2  3  1  0  0  0
  2 13  1  0  0  0
  3  4  1  0  0  0
  4  5  1  0  0  0
  5  6  1  0  0  0
  6 12  1  0  0  0
  6  7  1  0  0  0
  6  9  1  0  0  0
  7  8  1  0  0  0
  9 10  1  0  0  0
 10 11  1  0  0  0
 11 12  1  0  0  0
 13 14  1  0  0  0
 14 15  1  0  0  0
 15 16  1  0  0  0
M  END
$$$$
C12(OCCO1)CNCC3(OCCO3)CNC2
  -ISIS-

 16 18  0  0  0  0  0  0  0  0  1
    6.0208    5.9625   -3.1090  C  0  0  0  0  0
    5.1058    4.8965   -2.4344  C  0  0  0  0  0
    4.0336    5.4727   -1.4692  C  0  0  0  0  0
    4.2706    6.8316   -0.9570  N  0  0  0  0  0
    3.4383    7.9117   -1.5121  C  0  0  0  0  0
    3.4263    8.0984   -3.0549  C  0  0  0  0  0
    4.8506    8.1216   -3.6697  C  0  0  0  0  0
    5.4022    6.8290   -4.1157  N  0  0  0  0  0
    2.6142    7.0893   -3.6892  O  0  0  0  0  0
    1.3681    7.7231   -3.9640  C  0  0  0  0  0
    1.7645    9.1436   -4.2440  C  0  0  0  0  0
    2.8102    9.3916   -3.3060  O  0  0  0  0  0
    5.9645    4.0086   -1.6685  O  0  0  0  0  0
    6.1351    2.8659   -2.5081  C  0  0  0  0  0
    4.8073    2.7560   -3.1999  C  0  0  0  0  0
    4.4260    4.1077   -3.4347  O  0  0  0  0  0
  1  8  1  0  0  0
  1  2  1  0  0  0
  2 16  1  0  0  0
  2  3  1  0  0  0
  2 13  1  0  0  0
  3  4  1  0  0  0
  4  5  1  0  0  0
  5  6  1  0  0  0
  6 12  1  0  0  0
  6  7  1  0  0  0
  6  9  1  0  0  0
  7  8  1  0  0  0
  9 10  1  0  0  0
 10 11  1  0  0  0
 11 12  1  0  0  0
 13 14  1  0  0  0
 14 15  1  0  0  0
 15 16  1  0  0  0
M  END
$$$$
C12(OCCO1)CNCC3(OCCO3)CNC2
  -ISIS-

 16 18  0  0  0  0  0  0  0  0  1
   -0.1100    2.4513   -7.4686  C  0  0  0  0  0
   -1.5597    2.1122   -7.0207  C  0  0  0  0  0
   -2.1783    3.2014   -6.1083  C  0  0  0  0  0
   -1.5053    3.3250   -4.7874  N  0  0  0  0  0
   -0.3692    4.2834   -4.7371  C  0  0  0  0  0
    0.9920    3.5818   -4.4828  C  0  0  0  0  0
    1.6616    3.1167   -5.7990  C  0  0  0  0  0
    0.9293    2.0293   -6.4960  N  0  0  0  0  0
    1.8852    4.5576   -3.8806  O  0  0  0  0  0
    1.9245    4.1918   -2.4982  C  0  0  0  0  0
    1.7925    2.6957   -2.5360  C  0  0  0  0  0
    0.8480    2.4717   -3.5760  O  0  0  0  0  0
   -2.3779    2.0529   -8.2221  O  0  0  0  0  0
   -2.5807    0.6544   -8.4449  C  0  0  0  0  0
   -2.6173    0.0869   -7.0554  C  0  0  0  0  0
   -1.6193    0.8320   -6.3689  O  0  0  0  0  0
  1  8  1  0  0  0
  1  2  1  0  0  0
  2 16  1  0  0  0
  2  3  1  0  0  0
  2 13  1  0  0  0
  3  4  1  0  0  0
  4  5  1  0  0  0
  5  6  1  0  0  0
  6 12  1  0  0  0
  6  7  1  0  0  0
  6  9  1  0  0  0
  7  8  1  0  0  0
  9 10  1  0  0  0
 10 11  1  0  0  0
 11 12  1  0  0  0
 13 14  1  0  0  0
 14 15  1  0  0  0
 15 16  1  0  0  0
M  END
$$$$
C12(OCCO1)CNCC3(OCCO3)CNC2
  -ISIS-

 16 18  0  0  0  0  0  0  0  0  1
   -0.1100    2.4513   -7.4686  C  0  0  0  0  0
   -1.5597    2.1122   -7.0207  C  0  0  0  0  0
   -2.1783    3.2014   -6.1083  C  0  0  0  0  0
   -1.5053    3.3250   -4.7874  N  0  0  0  0  0
   -0.3692    4.2834   -4.7371  C  0  0  0  0  0
    0.9920    3.5818   -4.4828  C  0  0  0  0  0
    1.6616    3.1167   -5.7990  C  0  0  0  0  0
    0.9293    2.0293   -6.4960  N  0  0  0  0  0
    1.8852    4.5576   -3.8806  O  0  0  0  0  0
    1.9245    4.1918   -2.4982  C  0  0  0  0  0
    1.7925    2.6957   -2.5360  C  0  0  0  0  0
    0.8480    2.4717   -3.5760  O  0  0  0  0  0
   -2.3779    2.0529   -8.2221  O  0  0  0  0  0
   -2.5807    0.6544   -8.4449  C  0  0  0  0  0
   -2.6173    0.0869   -7.0554  C  0  0  0  0  0
   -1.6193    0.8320   -6.3689  O  0  0  0  0  0
  1  8  1  0  0  0
  1  2  1  0  0  0
  2 16  1  0  0  0
  2  3  1  0  0  0
  2 13  1  0  0  0
  3  4  1  0  0  0
  4  5  1  0  0  0
  5  6  1  0  0  0
  6 12  1  0  0  0
  6  7  1  0  0  0
  6  9  1  0  0  0
  7  8  1  0  0  0
  9 10  1  0  0  0
 10 11  1  0  0  0
 11 12  1  0  0  0
 13 14  1  0  0  0
 14 15  1  0  0  0
 15 16  1  0  0  0
M  END
$$$$
C12(OCCO1)CNCC3(OCCO3)CNC2
  -ISIS-

 16 18  0  0  0  0  0  0  0  0  1
    1.0242   -4.0478   -3.2208  C  0  0  0  0  0
    1.6390   -3.3731   -2.0236  N  0  0  0  0  0
    2.4274   -2.1119   -2.2860  C  0  0  0  0  0
    1.5698   -0.8447   -2.5729  C  0  0  0  0  0
    0.8026   -0.9178   -3.9289  C  0  0  0  0  0
   -0.6456   -1.3238   -3.8445  N  0  0  0  0  0
   -1.0932   -2.4809   -3.0016  C  0  0  0  0  0
   -0.5111   -3.8615   -3.3859  C  0  0  0  0  0
   -0.8442   -4.1046   -4.7638  O  0  0  0  0  0
   -1.8976   -5.0833   -4.7319  C  0  0  0  0  0
   -1.6437   -5.8437   -3.4560  C  0  0  0  0  0
   -1.1602   -4.8358   -2.5537  O  0  0  0  0  0
    0.6550   -0.6501   -1.4774  O  0  0  0  0  0
    0.8574    0.7074   -1.0449  C  0  0  0  0  0
    2.2917    0.9854   -1.4023  C  0  0  0  0  0
    2.4559    0.2817   -2.6394  O  0  0  0  0  0
  1  8  1  0  0  0
  1  2  1  0  0  0
  2  3  1  0  0  0
  3  4  1  0  0  0
  4 16  1  0  0  0
  4  5  1  0  0  0
  4 13  1  0  0  0
  5  6  1  0  0  0
  6  7  1  0  0  0
  7  8  1  0  0  0
  8 12  1  0  0  0
  8  9  1  0  0  0
  9 10  1  0  0  0
 10 11  1  0  0  0
 11 12  1  0  0  0
 13 14  1  0  0  0
 14 15  1  0  0  0
 15 16  1  0  0  0
M  END
$$$$
