C12(OCCCO1)OCCCO2
  -ISIS-

 11 12  0  0  0  0  0  0  0  0  1
    0.9864   -5.0378    2.9752  C  0  0  0  0  0
    1.5213   -5.0260    4.3919  C  0  0  0  0  0
    1.0620   -3.8702    5.0722  O  0  0  0  0  0
    1.4437   -2.6597    4.4150  C  0  0  0  0  0
    0.9180   -2.6274    3.0860  O  0  0  0  0  0
    1.3572   -3.7305    2.3058  C  0  0  0  0  0
    0.8424   -1.6162    5.1848  O  0  0  0  0  0
    1.1803   -0.3249    4.7075  C  0  0  0  0  0
    2.6844   -0.1483    4.7171  C  0  0  0  0  0
    3.3114   -1.2860    3.9381  C  0  0  0  0  0
    2.8680   -2.5392    4.4395  O  0  0  0  0  0
  1  6  1  0  0  0
  1  2  1  0  0  0
  2  3  1  0  0  0
  3  4  1  0  0  0
  4 11  1  0  0  0
  4  5  1  0  0  0
  4  7  1  0  0  0
  5  6  1  0  0  0
  7  8  1  0  0  0
  8  9  1  0  0  0
  9 10  1  0  0  0
 10 11  1  0  0  0
M  END
$$$$
