C12(C=CNC=C1)CC2
  -ISIS-

  8  9  0  0  0  0  0  0  0  0  1
    7.9910    4.0804   -0.4867  C  0  0  0  0  0
    8.0053    2.5774   -0.3060  C  0  0  0  0  0
    6.7948    3.2274   -0.9300  C  0  0  0  0  0
    6.5335    2.9962   -2.3641  C  0  0  0  0  0
    5.2938    2.9180   -2.8782  C  0  0  0  0  0
    4.1363    3.0184   -2.1097  N  0  0  0  0  0
    4.3223    3.1647   -0.7371  C  0  0  0  0  0
    5.5346    3.2504   -0.1611  C  0  0  0  0  0
  1  3  1  0  0  0
  1  2  1  0  0  0
  2  3  1  0  0  0
  3  8  1  0  0  0
  3  4  1  0  0  0
  4  5  2  0  0  0
  5  6  1  0  0  0
  6  7  1  0  0  0
  7  8  2  0  0  0
M  END
$$$$
