C12(OCCO1)C=CC2
  -ISIS-

  8  9  0  0  0  0  0  0  0  0  1
    5.3562  -10.9088   -0.5792  C  0  0  0  0  0
    4.2498  -11.6248    0.1398  C  0  0  0  0  0
    4.9921  -12.9361   -0.3118  C  0  0  0  0  0
    6.1059  -12.0094   -0.7898  C  0  0  0  0  0
    2.9185  -11.4269   -0.4095  O  0  0  0  0  0
    2.1349  -10.8016    0.6158  C  0  0  0  0  0
    2.7879  -11.2734    1.9027  C  0  0  0  0  0
    4.1749  -11.3456    1.5617  O  0  0  0  0  0
  1  4  2  0  0  0
  1  2  1  0  0  0
  2  8  1  0  0  0
  2  3  1  0  0  0
  2  5  1  0  0  0
  3  4  1  0  0  0
  5  6  1  0  0  0
  6  7  1  0  0  0
  7  8  1  0  0  0
M  END
$$$$
C12(OCCO1)C=CC2
  -ISIS-

  8  9  0  0  0  0  0  0  0  0  1
    5.3562  -10.9088   -0.5792  C  0  0  0  0  0
    4.2498  -11.6248    0.1398  C  0  0  0  0  0
    4.9921  -12.9361   -0.3118  C  0  0  0  0  0
    6.1059  -12.0094   -0.7898  C  0  0  0  0  0
    2.9185  -11.4269   -0.4095  O  0  0  0  0  0
    2.1349  -10.8016    0.6158  C  0  0  0  0  0
    2.7879  -11.2734    1.9027  C  0  0  0  0  0
    4.1749  -11.3456    1.5617  O  0  0  0  0  0
  1  4  2  0  0  0
  1  2  1  0  0  0
  2  8  1  0  0  0
  2  3  1  0  0  0
  2  5  1  0  0  0
  3  4  1  0  0  0
  5  6  1  0  0  0
  6  7  1  0  0  0
  7  8  1  0  0  0
M  END
$$$$
C12(OCCO1)C=CC2
  -ISIS-

  8  9  0  0  0  0  0  0  0  0  1
    5.3562  -10.9088   -0.5792  C  0  0  0  0  0
    4.2498  -11.6248    0.1398  C  0  0  0  0  0
    4.9921  -12.9361   -0.3118  C  0  0  0  0  0
    6.1059  -12.0094   -0.7898  C  0  0  0  0  0
    2.9185  -11.4269   -0.4095  O  0  0  0  0  0
    2.1349  -10.8016    0.6158  C  0  0  0  0  0
    2.7879  -11.2734    1.9027  C  0  0  0  0  0
    4.1749  -11.3456    1.5617  O  0  0  0  0  0
  1  4  2  0  0  0
  1  2  1  0  0  0
  2  8  1  0  0  0
  2  3  1  0  0  0
  2  5  1  0  0  0
  3  4  1  0  0  0
  5  6  1  0  0  0
  6  7  1  0  0  0
  7  8  1  0  0  0
M  END
$$$$
C12(OCCO1)C=CC2
  -ISIS-

  8  9  0  0  0  0  0  0  0  0  1
    2.6423   -3.5704   -1.1301  C  0  0  0  0  0
    2.9745   -2.0677   -0.8611  C  0  0  0  0  0
    3.5456   -2.1268   -2.2480  C  0  0  0  0  0
    3.3314   -3.4521   -2.4331  C  0  0  0  0  0
    3.9059   -1.8126    0.2160  O  0  0  0  0  0
    3.4745   -0.6023    0.8484  C  0  0  0  0  0
    1.9741   -0.5835    0.5953  C  0  0  0  0  0
    1.8401   -1.1798   -0.7022  O  0  0  0  0  0
  1  4  1  0  0  0
  1  2  1  0  0  0
  2  8  1  0  0  0
  2  3  1  0  0  0
  2  5  1  0  0  0
  3  4  2  0  0  0
  5  6  1  0  0  0
  6  7  1  0  0  0
  7  8  1  0  0  0
M  END
$$$$
C12(OCCO1)C=CC2
  -ISIS-

  8  9  0  0  0  0  0  0  0  0  1
    2.6423   -3.5704   -1.1301  C  0  0  0  0  0
    2.9745   -2.0677   -0.8611  C  0  0  0  0  0
    3.5456   -2.1268   -2.2480  C  0  0  0  0  0
    3.3314   -3.4521   -2.4331  C  0  0  0  0  0
    3.9059   -1.8126    0.2160  O  0  0  0  0  0
    3.4745   -0.6023    0.8484  C  0  0  0  0  0
    1.9741   -0.5835    0.5953  C  0  0  0  0  0
    1.8401   -1.1798   -0.7022  O  0  0  0  0  0
  1  4  1  0  0  0
  1  2  1  0  0  0
  2  8  1  0  0  0
  2  3  1  0  0  0
  2  5  1  0  0  0
  3  4  2  0  0  0
  5  6  1  0  0  0
  6  7  1  0  0  0
  7  8  1  0  0  0
M  END
$$$$
C12(OCCO1)C=CC2
  -ISIS-

  8  9  0  0  0  0  0  0  0  0  1
    2.6423   -3.5704   -1.1301  C  0  0  0  0  0
    2.9745   -2.0677   -0.8611  C  0  0  0  0  0
    3.5456   -2.1268   -2.2480  C  0  0  0  0  0
    3.3314   -3.4521   -2.4331  C  0  0  0  0  0
    3.9059   -1.8126    0.2160  O  0  0  0  0  0
    3.4745   -0.6023    0.8484  C  0  0  0  0  0
    1.9741   -0.5835    0.5953  C  0  0  0  0  0
    1.8401   -1.1798   -0.7022  O  0  0  0  0  0
  1  4  1  0  0  0
  1  2  1  0  0  0
  2  8  1  0  0  0
  2  3  1  0  0  0
  2  5  1  0  0  0
  3  4  2  0  0  0
  5  6  1  0  0  0
  6  7  1  0  0  0
  7  8  1  0  0  0
M  END
$$$$
C12(OCCO1)C=CC2
  -ISIS-

  8  9  0  0  0  0  0  0  0  0  1
    0.2220    2.4554    6.7763  C  0  0  0  0  0
    0.3246    3.8011    6.5591  C  0  0  0  0  0
   -0.0171    3.6952    5.1317  C  0  0  0  0  0
   -0.1338    2.1661    5.2943  C  0  0  0  0  0
   -1.4446    1.6165    5.0545  O  0  0  0  0  0
   -1.3589    0.9661    3.7746  C  0  0  0  0  0
    0.1257    0.4578    3.6763  C  0  0  0  0  0
    0.8321    1.3923    4.5487  O  0  0  0  0  0
  1  4  1  0  0  0
  1  2  2  0  0  0
  2  3  1  0  0  0
  3  4  1  0  0  0
  4  8  1  0  0  0
  4  5  1  0  0  0
  5  6  1  0  0  0
  6  7  1  0  0  0
  7  8  1  0  0  0
M  END
$$$$
C12(OCCO1)C=CC2
  -ISIS-

  8  9  0  0  0  0  0  0  0  0  1
    0.2220    2.4554    6.7763  C  0  0  0  0  0
    0.3246    3.8011    6.5591  C  0  0  0  0  0
   -0.0171    3.6952    5.1317  C  0  0  0  0  0
   -0.1338    2.1661    5.2943  C  0  0  0  0  0
   -1.4446    1.6165    5.0545  O  0  0  0  0  0
   -1.3589    0.9661    3.7746  C  0  0  0  0  0
    0.1257    0.4578    3.6763  C  0  0  0  0  0
    0.8321    1.3923    4.5487  O  0  0  0  0  0
  1  4  1  0  0  0
  1  2  2  0  0  0
  2  3  1  0  0  0
  3  4  1  0  0  0
  4  8  1  0  0  0
  4  5  1  0  0  0
  5  6  1  0  0  0
  6  7  1  0  0  0
  7  8  1  0  0  0
M  END
$$$$
C12(OCCO1)C=CC2
  -ISIS-

  8  9  0  0  0  0  0  0  0  0  1
    0.2220    2.4554    6.7763  C  0  0  0  0  0
    0.3246    3.8011    6.5591  C  0  0  0  0  0
   -0.0171    3.6952    5.1317  C  0  0  0  0  0
   -0.1338    2.1661    5.2943  C  0  0  0  0  0
   -1.4446    1.6165    5.0545  O  0  0  0  0  0
   -1.3589    0.9661    3.7746  C  0  0  0  0  0
    0.1257    0.4578    3.6763  C  0  0  0  0  0
    0.8321    1.3923    4.5487  O  0  0  0  0  0
  1  4  1  0  0  0
  1  2  2  0  0  0
  2  3  1  0  0  0
  3  4  1  0  0  0
  4  8  1  0  0  0
  4  5  1  0  0  0
  5  6  1  0  0  0
  6  7  1  0  0  0
  7  8  1  0  0  0
M  END
$$$$
C12(OCCO1)C=CC2
  -ISIS-

  8  9  0  0  0  0  0  0  0  0  1
    0.2220    2.4554    6.7763  C  0  0  0  0  0
    0.3246    3.8011    6.5591  C  0  0  0  0  0
   -0.0171    3.6952    5.1317  C  0  0  0  0  0
   -0.1338    2.1661    5.2943  C  0  0  0  0  0
   -1.4446    1.6165    5.0545  O  0  0  0  0  0
   -1.3589    0.9661    3.7746  C  0  0  0  0  0
    0.1257    0.4578    3.6763  C  0  0  0  0  0
    0.8321    1.3923    4.5487  O  0  0  0  0  0
  1  4  1  0  0  0
  1  2  2  0  0  0
  2  3  1  0  0  0
  3  4  1  0  0  0
  4  8  1  0  0  0
  4  5  1  0  0  0
  5  6  1  0  0  0
  6  7  1  0  0  0
  7  8  1  0  0  0
M  END
$$$$
C12(OCCO1)C=CC2
  -ISIS-

  8  9  0  0  0  0  0  0  0  0  1
    0.2220    2.4554    6.7763  C  0  0  0  0  0
    0.3246    3.8011    6.5591  C  0  0  0  0  0
   -0.0171    3.6952    5.1317  C  0  0  0  0  0
   -0.1338    2.1661    5.2943  C  0  0  0  0  0
   -1.4446    1.6165    5.0545  O  0  0  0  0  0
   -1.3589    0.9661    3.7746  C  0  0  0  0  0
    0.1257    0.4578    3.6763  C  0  0  0  0  0
    0.8321    1.3923    4.5487  O  0  0  0  0  0
  1  4  1  0  0  0
  1  2  2  0  0  0
  2  3  1  0  0  0
  3  4  1  0  0  0
  4  8  1  0  0  0
  4  5  1  0  0  0
  5  6  1  0  0  0
  6  7  1  0  0  0
  7  8  1  0  0  0
M  END
$$$$
C12(OCCO1)C=CC2
  -ISIS-

  8  9  0  0  0  0  0  0  0  0  1
   -3.1088    0.0175    3.1929  O  0  0  0  0  0
   -3.7215   -1.2750    2.9110  C  0  0  0  0  0
   -2.7486   -1.8386    1.8207  C  0  0  0  0  0
   -2.3574   -0.6740    1.0723  O  0  0  0  0  0
   -2.3125    0.3956    2.0459  C  0  0  0  0  0
   -0.8949    0.9438    2.3767  C  0  0  0  0  0
   -1.3021    2.2410    1.8068  C  0  0  0  0  0
   -2.5525    1.7988    1.5047  C  0  0  0  0  0
  1  5  1  0  0  0
  1  2  1  0  0  0
  2  3  1  0  0  0
  3  4  1  0  0  0
  4  5  1  0  0  0
  5  8  1  0  0  0
  5  6  1  0  0  0
  6  7  1  0  0  0
  7  8  2  0  0  0
M  END
$$$$
C12(OCCO1)C=CC2
  -ISIS-

  8  9  0  0  0  0  0  0  0  0  1
   -3.1088    0.0175    3.1929  O  0  0  0  0  0
   -3.7215   -1.2750    2.9110  C  0  0  0  0  0
   -2.7486   -1.8386    1.8207  C  0  0  0  0  0
   -2.3574   -0.6740    1.0723  O  0  0  0  0  0
   -2.3125    0.3956    2.0459  C  0  0  0  0  0
   -0.8949    0.9438    2.3767  C  0  0  0  0  0
   -1.3021    2.2410    1.8068  C  0  0  0  0  0
   -2.5525    1.7988    1.5047  C  0  0  0  0  0
  1  5  1  0  0  0
  1  2  1  0  0  0
  2  3  1  0  0  0
  3  4  1  0  0  0
  4  5  1  0  0  0
  5  8  1  0  0  0
  5  6  1  0  0  0
  6  7  1  0  0  0
  7  8  2  0  0  0
M  END
$$$$
C12(OCCO1)C=CC2
  -ISIS-

  8  9  0  0  0  0  0  0  0  0  1
   -3.1088    0.0175    3.1929  O  0  0  0  0  0
   -3.7215   -1.2750    2.9110  C  0  0  0  0  0
   -2.7486   -1.8386    1.8207  C  0  0  0  0  0
   -2.3574   -0.6740    1.0723  O  0  0  0  0  0
   -2.3125    0.3956    2.0459  C  0  0  0  0  0
   -0.8949    0.9438    2.3767  C  0  0  0  0  0
   -1.3021    2.2410    1.8068  C  0  0  0  0  0
   -2.5525    1.7988    1.5047  C  0  0  0  0  0
  1  5  1  0  0  0
  1  2  1  0  0  0
  2  3  1  0  0  0
  3  4  1  0  0  0
  4  5  1  0  0  0
  5  8  1  0  0  0
  5  6  1  0  0  0
  6  7  1  0  0  0
  7  8  2  0  0  0
M  END
$$$$
C12(OCCO1)C=CC2
  -ISIS-

  8  9  0  0  0  0  0  0  0  0  1
   -3.1088    0.0175    3.1929  O  0  0  0  0  0
   -3.7215   -1.2750    2.9110  C  0  0  0  0  0
   -2.7486   -1.8386    1.8207  C  0  0  0  0  0
   -2.3574   -0.6740    1.0723  O  0  0  0  0  0
   -2.3125    0.3956    2.0459  C  0  0  0  0  0
   -0.8949    0.9438    2.3767  C  0  0  0  0  0
   -1.3021    2.2410    1.8068  C  0  0  0  0  0
   -2.5525    1.7988    1.5047  C  0  0  0  0  0
  1  5  1  0  0  0
  1  2  1  0  0  0
  2  3  1  0  0  0
  3  4  1  0  0  0
  4  5  1  0  0  0
  5  8  1  0  0  0
  5  6  1  0  0  0
  6  7  1  0  0  0
  7  8  2  0  0  0
M  END
$$$$
C12(OCCO1)C=CC2
  -ISIS-

  8  9  0  0  0  0  0  0  0  0  1
   -3.1088    0.0175    3.1929  O  0  0  0  0  0
   -3.7215   -1.2750    2.9110  C  0  0  0  0  0
   -2.7486   -1.8386    1.8207  C  0  0  0  0  0
   -2.3574   -0.6740    1.0723  O  0  0  0  0  0
   -2.3125    0.3956    2.0459  C  0  0  0  0  0
   -0.8949    0.9438    2.3767  C  0  0  0  0  0
   -1.3021    2.2410    1.8068  C  0  0  0  0  0
   -2.5525    1.7988    1.5047  C  0  0  0  0  0
  1  5  1  0  0  0
  1  2  1  0  0  0
  2  3  1  0  0  0
  3  4  1  0  0  0
  4  5  1  0  0  0
  5  8  1  0  0  0
  5  6  1  0  0  0
  6  7  1  0  0  0
  7  8  2  0  0  0
M  END
$$$$
