C12(C3C4(CC(OCC4)C1)CCC3)COC2
  -ISIS-

 15 18  0  0  0  0  0  0  0  0  1
    4.7753   -6.6400   -0.0920  C  0  0  0  0  0
    3.8940   -7.6276   -0.3685  O  0  0  0  0  0
    3.6395   -7.1231   -1.7021  C  0  0  0  0  0
    4.6535   -5.9684   -1.4781  C  0  0  0  0  0
    5.8866   -6.0280   -2.4243  C  0  0  0  0  0
    6.7980   -4.7877   -2.2531  C  0  0  0  0  0
    6.0778   -3.4398   -2.3585  C  0  0  0  0  0
    5.0261   -3.4105   -1.2512  C  0  0  0  0  0
    4.0093   -4.5786   -1.5168  C  0  0  0  0  0
    2.8612   -4.2903   -0.5546  C  0  0  0  0  0
    2.8036   -2.7787   -0.6446  C  0  0  0  0  0
    4.0735   -2.1644   -1.2251  C  0  0  0  0  0
    5.8026   -3.5110    0.1062  C  0  0  0  0  0
    7.1546   -4.2331    0.0941  C  0  0  0  0  0
    7.5178   -4.9022   -1.0155  O  0  0  0  0  0
  1  4  1  0  0  0
  1  2  1  0  0  0
  2  3  1  0  0  0
  3  4  1  0  0  0
  4  9  1  0  0  0
  4  5  1  0  0  0
  5  6  1  0  0  0
  6 15  1  0  0  0
  6  7  1  0  0  0
  7  8  1  0  0  0
  8 12  1  0  0  0
  8  9  1  0  0  0
  8 13  1  0  0  0
  9 10  1  0  0  0
 10 11  1  0  0  0
 11 12  1  0  0  0
 13 14  1  0  0  0
 14 15  1  0  0  0
M  END
$$$$
