C12(OC=CN1)CCCCC2
  -ISIS-

 10 11  0  0  0  0  0  0  0  0  1
   -3.8105    1.1303   -4.8804  C  0  0  0  0  0
   -4.6228    0.4709   -5.7026  C  0  0  0  0  0
   -3.9880   -0.4388   -6.5420  O  0  0  0  0  0
   -2.5858   -0.3357   -6.1504  C  0  0  0  0  0
   -2.5156    0.7348   -5.1462  N  0  0  0  0  0
   -1.7506    0.0477   -7.3763  C  0  0  0  0  0
   -1.7187   -1.0701   -8.4197  C  0  0  0  0  0
   -1.2436   -2.3976   -7.8146  C  0  0  0  0  0
   -2.1013   -2.7863   -6.6033  C  0  0  0  0  0
   -2.1326   -1.6743   -5.5537  C  0  0  0  0  0
  1  5  1  0  0  0
  1  2  2  0  0  0
  2  3  1  0  0  0
  3  4  1  0  0  0
  4 10  1  0  0  0
  4  5  1  0  0  0
  4  6  1  0  0  0
  6  7  1  0  0  0
  7  8  1  0  0  0
  8  9  1  0  0  0
  9 10  1  0  0  0
M  END
$$$$
C12(OC=CN1)CCCCC2
  -ISIS-

 10 11  0  0  0  0  0  0  0  0  1
   -3.8105    1.1303   -4.8804  C  0  0  0  0  0
   -4.6228    0.4709   -5.7026  C  0  0  0  0  0
   -3.9880   -0.4388   -6.5420  O  0  0  0  0  0
   -2.5858   -0.3357   -6.1504  C  0  0  0  0  0
   -2.5156    0.7348   -5.1462  N  0  0  0  0  0
   -1.7506    0.0477   -7.3763  C  0  0  0  0  0
   -1.7187   -1.0701   -8.4197  C  0  0  0  0  0
   -1.2436   -2.3976   -7.8146  C  0  0  0  0  0
   -2.1013   -2.7863   -6.6033  C  0  0  0  0  0
   -2.1326   -1.6743   -5.5537  C  0  0  0  0  0
  1  5  1  0  0  0
  1  2  2  0  0  0
  2  3  1  0  0  0
  3  4  1  0  0  0
  4 10  1  0  0  0
  4  5  1  0  0  0
  4  6  1  0  0  0
  6  7  1  0  0  0
  7  8  1  0  0  0
  8  9  1  0  0  0
  9 10  1  0  0  0
M  END
$$$$
C12(OC=CN1)CCCCC2
  -ISIS-

 10 11  0  0  0  0  0  0  0  0  1
    0.5255    0.1682   -0.0122  C  0  0  0  0  0
   -0.3316    0.9796    0.9679  C  0  0  0  0  0
   -1.7415    1.2108    0.4302  C  0  0  0  0  0
   -2.4302   -0.1049    0.0788  C  0  0  0  0  0
   -1.5999   -0.9611   -0.8826  C  0  0  0  0  0
   -0.1630   -1.1558   -0.3775  C  0  0  0  0  0
   -2.2324   -2.2736   -0.9978  O  0  0  0  0  0
   -2.4856   -2.3900   -2.3606  C  0  0  0  0  0
   -2.1218   -1.3340   -3.0767  C  0  0  0  0  0
   -1.6222   -0.3775   -2.2359  N  0  0  0  0  0
  1  6  1  0  0  0
  1  2  1  0  0  0
  2  3  1  0  0  0
  3  4  1  0  0  0
  4  5  1  0  0  0
  5 10  1  0  0  0
  5  6  1  0  0  0
  5  7  1  0  0  0
  7  8  1  0  0  0
  8  9  2  0  0  0
  9 10  1  0  0  0
M  END
$$$$
