C12(SCCS1)C3CC(CC2)CCC3
  -ISIS-

 13 15  0  0  0  0  0  0  0  0  1
    3.9860   -2.2748   -2.0313  C  0  0  0  0  0
    4.3267   -0.9194   -2.6183  C  0  0  0  0  0
    3.8512    0.5066   -2.6281  C  0  0  0  0  0
    5.2060    1.3415   -2.7669  C  0  0  0  0  0
    6.5399    0.5080   -3.0444  C  0  0  0  0  0
    6.4436   -0.9788   -3.5424  C  0  0  0  0  0
    6.6923   -2.0897   -2.4470  C  0  0  0  0  0
    5.4149   -3.0177   -2.0295  C  0  0  0  0  0
    5.0239   -1.1280   -3.9773  C  0  0  0  0  0
    3.3892   -2.0745   -0.2932  S  0  0  0  0  0
    2.2292   -3.4562   -0.3303  C  0  0  0  0  0
    1.4439   -3.3093   -1.6140  C  0  0  0  0  0
    2.6016   -3.0354   -2.9846  S  0  0  0  0  0
  1  8  1  0  0  0
  1 13  1  0  0  0
  1  2  1  0  0  0
  1 10  1  0  0  0
  2  9  1  0  0  0
  2  3  1  0  0  0
  3  4  1  0  0  0
  4  5  1  0  0  0
  5  6  1  0  0  0
  6  7  1  0  0  0
  6  9  1  0  0  0
  7  8  1  0  0  0
 10 11  1  0  0  0
 11 12  1  0  0  0
 12 13  1  0  0  0
M  END
$$$$
