C12(OCCCO1)C=CCC2
  -ISIS-

 10 11  0  0  0  0  0  0  0  0  1
   -3.9154    2.8976   -9.3241  C  0  0  0  0  0
   -5.1161    3.7485   -8.8888  C  0  0  0  0  0
   -6.0961    3.4985   -9.9890  C  0  0  0  0  0
   -5.7672    2.3899  -10.6631  C  0  0  0  0  0
   -4.5170    1.7083  -10.1222  C  0  0  0  0  0
   -3.5506    1.3496  -11.1050  O  0  0  0  0  0
   -3.8731    0.1625  -11.8173  C  0  0  0  0  0
   -4.1634   -1.0061  -10.8698  C  0  0  0  0  0
   -5.2367   -0.5409   -9.8810  C  0  0  0  0  0
   -4.8413    0.6536   -9.2185  O  0  0  0  0  0
  1  5  1  0  0  0
  1  2  1  0  0  0
  2  3  1  0  0  0
  3  4  2  0  0  0
  4  5  1  0  0  0
  5 10  1  0  0  0
  5  6  1  0  0  0
  6  7  1  0  0  0
  7  8  1  0  0  0
  8  9  1  0  0  0
  9 10  1  0  0  0
M  END
$$$$
C12(OCCCO1)C=CCC2
  -ISIS-

 10 11  0  0  0  0  0  0  0  0  1
   -3.9154    2.8976   -9.3241  C  0  0  0  0  0
   -5.1161    3.7485   -8.8888  C  0  0  0  0  0
   -6.0961    3.4985   -9.9890  C  0  0  0  0  0
   -5.7672    2.3899  -10.6631  C  0  0  0  0  0
   -4.5170    1.7083  -10.1222  C  0  0  0  0  0
   -3.5506    1.3496  -11.1050  O  0  0  0  0  0
   -3.8731    0.1625  -11.8173  C  0  0  0  0  0
   -4.1634   -1.0061  -10.8698  C  0  0  0  0  0
   -5.2367   -0.5409   -9.8810  C  0  0  0  0  0
   -4.8413    0.6536   -9.2185  O  0  0  0  0  0
  1  5  1  0  0  0
  1  2  1  0  0  0
  2  3  1  0  0  0
  3  4  2  0  0  0
  4  5  1  0  0  0
  5 10  1  0  0  0
  5  6  1  0  0  0
  6  7  1  0  0  0
  7  8  1  0  0  0
  8  9  1  0  0  0
  9 10  1  0  0  0
M  END
$$$$
C12(OCCCO1)C=CCC2
  -ISIS-

 10 11  0  0  0  0  0  0  0  0  1
   -3.9154    2.8976   -9.3241  C  0  0  0  0  0
   -5.1161    3.7485   -8.8888  C  0  0  0  0  0
   -6.0961    3.4985   -9.9890  C  0  0  0  0  0
   -5.7672    2.3899  -10.6631  C  0  0  0  0  0
   -4.5170    1.7083  -10.1222  C  0  0  0  0  0
   -3.5506    1.3496  -11.1050  O  0  0  0  0  0
   -3.8731    0.1625  -11.8173  C  0  0  0  0  0
   -4.1634   -1.0061  -10.8698  C  0  0  0  0  0
   -5.2367   -0.5409   -9.8810  C  0  0  0  0  0
   -4.8413    0.6536   -9.2185  O  0  0  0  0  0
  1  5  1  0  0  0
  1  2  1  0  0  0
  2  3  1  0  0  0
  3  4  2  0  0  0
  4  5  1  0  0  0
  5 10  1  0  0  0
  5  6  1  0  0  0
  6  7  1  0  0  0
  7  8  1  0  0  0
  8  9  1  0  0  0
  9 10  1  0  0  0
M  END
$$$$
C12(OCCCO1)C=CCC2
  -ISIS-

 10 11  0  0  0  0  0  0  0  0  1
   -2.3552   -4.2955    1.8221  C  0  0  0  0  0
   -3.4678   -3.2852    1.3953  C  0  0  0  0  0
   -2.6678   -2.0367    1.0950  C  0  0  0  0  0
   -1.3618   -2.3052    0.9632  C  0  0  0  0  0
   -1.0636   -3.7816    1.0972  C  0  0  0  0  0
   -0.9642   -4.3565   -0.2106  O  0  0  0  0  0
    0.2425   -4.0610   -0.9017  C  0  0  0  0  0
    1.4392   -4.4435   -0.0588  C  0  0  0  0  0
    1.3304   -3.7391    1.2760  C  0  0  0  0  0
    0.0879   -4.0414    1.8957  O  0  0  0  0  0
  1  5  1  0  0  0
  1  2  1  0  0  0
  2  3  1  0  0  0
  3  4  2  0  0  0
  4  5  1  0  0  0
  5 10  1  0  0  0
  5  6  1  0  0  0
  6  7  1  0  0  0
  7  8  1  0  0  0
  8  9  1  0  0  0
  9 10  1  0  0  0
M  END
$$$$
C12(OCCCO1)C=CCC2
  -ISIS-

 10 11  0  0  0  0  0  0  0  0  1
   -2.3552   -4.2955    1.8221  C  0  0  0  0  0
   -3.4678   -3.2852    1.3953  C  0  0  0  0  0
   -2.6678   -2.0367    1.0950  C  0  0  0  0  0
   -1.3618   -2.3052    0.9632  C  0  0  0  0  0
   -1.0636   -3.7816    1.0972  C  0  0  0  0  0
   -0.9642   -4.3565   -0.2106  O  0  0  0  0  0
    0.2425   -4.0610   -0.9017  C  0  0  0  0  0
    1.4392   -4.4435   -0.0588  C  0  0  0  0  0
    1.3304   -3.7391    1.2760  C  0  0  0  0  0
    0.0879   -4.0414    1.8957  O  0  0  0  0  0
  1  5  1  0  0  0
  1  2  1  0  0  0
  2  3  1  0  0  0
  3  4  2  0  0  0
  4  5  1  0  0  0
  5 10  1  0  0  0
  5  6  1  0  0  0
  6  7  1  0  0  0
  7  8  1  0  0  0
  8  9  1  0  0  0
  9 10  1  0  0  0
M  END
$$$$
