C12(OCCO1)CC3C(C=CC3)CC2
  -ISIS-

 13 15  0  0  0  0  0  0  0  0  1
   -3.8099   -3.6408    3.0170  C  0  0  0  0  0
   -5.0324   -2.8948    3.6231  C  0  0  0  0  0
   -4.8206   -1.3830    3.8275  C  0  0  0  0  0
   -4.1805   -0.6629    2.6258  C  0  0  0  0  0
   -2.8926   -1.3915    2.2100  C  0  0  0  0  0
   -3.1480   -2.8549    1.8644  C  0  0  0  0  0
   -5.0695   -0.6140    1.5000  O  0  0  0  0  0
   -4.9186    0.7016    0.9667  C  0  0  0  0  0
   -4.6021    1.5364    2.1771  C  0  0  0  0  0
   -3.7943    0.6783    2.9865  O  0  0  0  0  0
   -6.2264   -3.3189    2.7491  C  0  0  0  0  0
   -5.8077   -4.6860    2.3125  C  0  0  0  0  0
   -4.4887   -4.8794    2.4609  C  0  0  0  0  0
  1  6  1  0  0  0
  1 13  1  0  0  0
  1  2  1  0  0  0
  2  3  1  0  0  0
  2 11  1  0  0  0
  3  4  1  0  0  0
  4 10  1  0  0  0
  4  5  1  0  0  0
  4  7  1  0  0  0
  5  6  1  0  0  0
  7  8  1  0  0  0
  8  9  1  0  0  0
  9 10  1  0  0  0
 11 12  1  0  0  0
 12 13  2  0  0  0
M  END
$$$$
C12(OCCO1)CC3C(C=CC3)CC2
  -ISIS-

 13 15  0  0  0  0  0  0  0  0  1
   -3.8099   -3.6408    3.0170  C  0  0  0  0  0
   -5.0324   -2.8948    3.6231  C  0  0  0  0  0
   -4.8206   -1.3830    3.8275  C  0  0  0  0  0
   -4.1805   -0.6629    2.6258  C  0  0  0  0  0
   -2.8926   -1.3915    2.2100  C  0  0  0  0  0
   -3.1480   -2.8549    1.8644  C  0  0  0  0  0
   -5.0695   -0.6140    1.5000  O  0  0  0  0  0
   -4.9186    0.7016    0.9667  C  0  0  0  0  0
   -4.6021    1.5364    2.1771  C  0  0  0  0  0
   -3.7943    0.6783    2.9865  O  0  0  0  0  0
   -6.2264   -3.3189    2.7491  C  0  0  0  0  0
   -5.8077   -4.6860    2.3125  C  0  0  0  0  0
   -4.4887   -4.8794    2.4609  C  0  0  0  0  0
  1  6  1  0  0  0
  1 13  1  0  0  0
  1  2  1  0  0  0
  2  3  1  0  0  0
  2 11  1  0  0  0
  3  4  1  0  0  0
  4 10  1  0  0  0
  4  5  1  0  0  0
  4  7  1  0  0  0
  5  6  1  0  0  0
  7  8  1  0  0  0
  8  9  1  0  0  0
  9 10  1  0  0  0
 11 12  1  0  0  0
 12 13  2  0  0  0
M  END
$$$$
C12(OCCO1)CC3C(C=CC3)CC2
  -ISIS-

 13 15  0  0  0  0  0  0  0  0  1
   -3.8099   -3.6408    3.0170  C  0  0  0  0  0
   -5.0324   -2.8948    3.6231  C  0  0  0  0  0
   -4.8206   -1.3830    3.8275  C  0  0  0  0  0
   -4.1805   -0.6629    2.6258  C  0  0  0  0  0
   -2.8926   -1.3915    2.2100  C  0  0  0  0  0
   -3.1480   -2.8549    1.8644  C  0  0  0  0  0
   -5.0695   -0.6140    1.5000  O  0  0  0  0  0
   -4.9186    0.7016    0.9667  C  0  0  0  0  0
   -4.6021    1.5364    2.1771  C  0  0  0  0  0
   -3.7943    0.6783    2.9865  O  0  0  0  0  0
   -6.2264   -3.3189    2.7491  C  0  0  0  0  0
   -5.8077   -4.6860    2.3125  C  0  0  0  0  0
   -4.4887   -4.8794    2.4609  C  0  0  0  0  0
  1  6  1  0  0  0
  1 13  1  0  0  0
  1  2  1  0  0  0
  2  3  1  0  0  0
  2 11  1  0  0  0
  3  4  1  0  0  0
  4 10  1  0  0  0
  4  5  1  0  0  0
  4  7  1  0  0  0
  5  6  1  0  0  0
  7  8  1  0  0  0
  8  9  1  0  0  0
  9 10  1  0  0  0
 11 12  1  0  0  0
 12 13  2  0  0  0
M  END
$$$$
