C12(OCCC1)C3CC4C(C(C3)C4)C2
  -ISIS-

 13 16  0  0  0  0  0  0  0  0  1
   -0.3151   -8.8350   -3.8091  C  0  0  0  0  0
   -0.3634   -9.2388   -2.3871  C  0  0  0  0  0
    0.8370   -9.8123   -2.0923  O  0  0  0  0  0
    1.7887   -9.5689   -3.1539  C  0  0  0  0  0
    0.9133   -9.4164   -4.3990  C  0  0  0  0  0
    2.5766   -8.2750   -2.8168  C  0  0  0  0  0
    4.0672   -8.5680   -2.6726  C  0  0  0  0  0
    4.7344   -9.4046   -3.8237  C  0  0  0  0  0
    5.6910   -9.9262   -2.7133  C  0  0  0  0  0
    4.4701   -9.7796   -1.7604  C  0  0  0  0  0
    3.4903  -10.9517   -1.8993  C  0  0  0  0  0
    2.7544  -10.7815   -3.2504  C  0  0  0  0  0
    3.8059  -10.5100   -4.3470  C  0  0  0  0  0
  1  5  1  0  0  0
  1  2  1  0  0  0
  2  3  1  0  0  0
  3  4  1  0  0  0
  4 12  1  0  0  0
  4  5  1  0  0  0
  4  6  1  0  0  0
  6  7  1  0  0  0
  7 10  1  0  0  0
  7  8  1  0  0  0
  8 13  1  0  0  0
  8  9  1  0  0  0
  9 10  1  0  0  0
 10 11  1  0  0  0
 11 12  1  0  0  0
 12 13  1  0  0  0
M  END
$$$$
