C12(c3c(OCC1)cccc3)c4c(OCC2)cccc4
  -ISIS-

 19 22  0  0  0  0  0  0  0  0  1
    3.1049    0.5097   -4.1398  C  0  0  0  0  0
    2.8158    1.6557   -5.1344  C  0  0  0  0  0
    4.0640    2.1157   -5.8333  C  0  0  0  0  0
    4.8612    1.1025   -6.3383  O  0  0  0  0  0
    4.6100   -0.2452   -6.0133  C  0  0  0  0  0
    3.7712   -0.5997   -4.9473  C  0  0  0  0  0
    3.6185   -1.9675   -4.6719  C  0  0  0  0  0
    4.2757   -2.9292   -5.4464  C  0  0  0  0  0
    5.0991   -2.5372   -6.4947  C  0  0  0  0  0
    5.2793   -1.1937   -6.7874  C  0  0  0  0  0
    4.0674    1.0439   -3.0587  C  0  0  0  0  0
    4.2545    0.0821   -1.9222  C  0  0  0  0  0
    3.0864   -0.4414   -1.3998  O  0  0  0  0  0
    1.8700   -0.3353   -2.0983  C  0  0  0  0  0
    1.8184    0.0757   -3.4370  C  0  0  0  0  0
    0.5679    0.0253   -4.0759  C  0  0  0  0  0
   -0.5777   -0.3774   -3.3809  C  0  0  0  0  0
   -0.4873   -0.7525   -2.0471  C  0  0  0  0  0
    0.7355   -0.7446   -1.3944  C  0  0  0  0  0
  1  6  1  0  0  0
  1 15  1  0  0  0
  1  2  1  0  0  0
  1 11  1  0  0  0
  2  3  1  0  0  0
  3  4  1  0  0  0
  4  5  1  0  0  0
  5 10  2  0  0  0
  5  6  2  0  0  0
  6  7  2  0  0  0
  7  8  1  0  0  0
  8  9  2  0  0  0
  9 10  1  0  0  0
 11 12  1  0  0  0
 12 13  1  0  0  0
 13 14  1  0  0  0
 14 19  2  0  0  0
 14 15  1  0  0  0
 15 16  2  0  0  0
 16 17  1  0  0  0
 17 18  2  0  0  0
 18 19  1  0  0  0
M  END
$$$$
C12(c3c(OCC1)cccc3)c4c(OCC2)cccc4
  -ISIS-

 19 22  0  0  0  0  0  0  0  0  1
    3.1049    0.5097   -4.1398  C  0  0  0  0  0
    2.8158    1.6557   -5.1344  C  0  0  0  0  0
    4.0640    2.1157   -5.8333  C  0  0  0  0  0
    4.8612    1.1025   -6.3383  O  0  0  0  0  0
    4.6100   -0.2452   -6.0133  C  0  0  0  0  0
    3.7712   -0.5997   -4.9473  C  0  0  0  0  0
    3.6185   -1.9675   -4.6719  C  0  0  0  0  0
    4.2757   -2.9292   -5.4464  C  0  0  0  0  0
    5.0991   -2.5372   -6.4947  C  0  0  0  0  0
    5.2793   -1.1937   -6.7874  C  0  0  0  0  0
    4.0674    1.0439   -3.0587  C  0  0  0  0  0
    4.2545    0.0821   -1.9222  C  0  0  0  0  0
    3.0864   -0.4414   -1.3998  O  0  0  0  0  0
    1.8700   -0.3353   -2.0983  C  0  0  0  0  0
    1.8184    0.0757   -3.4370  C  0  0  0  0  0
    0.5679    0.0253   -4.0759  C  0  0  0  0  0
   -0.5777   -0.3774   -3.3809  C  0  0  0  0  0
   -0.4873   -0.7525   -2.0471  C  0  0  0  0  0
    0.7355   -0.7446   -1.3944  C  0  0  0  0  0
  1  6  1  0  0  0
  1 15  1  0  0  0
  1  2  1  0  0  0
  1 11  1  0  0  0
  2  3  1  0  0  0
  3  4  1  0  0  0
  4  5  1  0  0  0
  5 10  2  0  0  0
  5  6  2  0  0  0
  6  7  2  0  0  0
  7  8  1  0  0  0
  8  9  2  0  0  0
  9 10  1  0  0  0
 11 12  1  0  0  0
 12 13  1  0  0  0
 13 14  1  0  0  0
 14 19  2  0  0  0
 14 15  1  0  0  0
 15 16  2  0  0  0
 16 17  1  0  0  0
 17 18  2  0  0  0
 18 19  1  0  0  0
M  END
$$$$
C12(c3c(OCC1)cccc3)c4c(OCC2)cccc4
  -ISIS-

 19 22  0  0  0  0  0  0  0  0  1
    3.1049    0.5097   -4.1398  C  0  0  0  0  0
    2.8158    1.6557   -5.1344  C  0  0  0  0  0
    4.0640    2.1157   -5.8333  C  0  0  0  0  0
    4.8612    1.1025   -6.3383  O  0  0  0  0  0
    4.6100   -0.2452   -6.0133  C  0  0  0  0  0
    3.7712   -0.5997   -4.9473  C  0  0  0  0  0
    3.6185   -1.9675   -4.6719  C  0  0  0  0  0
    4.2757   -2.9292   -5.4464  C  0  0  0  0  0
    5.0991   -2.5372   -6.4947  C  0  0  0  0  0
    5.2793   -1.1937   -6.7874  C  0  0  0  0  0
    4.0674    1.0439   -3.0587  C  0  0  0  0  0
    4.2545    0.0821   -1.9222  C  0  0  0  0  0
    3.0864   -0.4414   -1.3998  O  0  0  0  0  0
    1.8700   -0.3353   -2.0983  C  0  0  0  0  0
    1.8184    0.0757   -3.4370  C  0  0  0  0  0
    0.5679    0.0253   -4.0759  C  0  0  0  0  0
   -0.5777   -0.3774   -3.3809  C  0  0  0  0  0
   -0.4873   -0.7525   -2.0471  C  0  0  0  0  0
    0.7355   -0.7446   -1.3944  C  0  0  0  0  0
  1  6  1  0  0  0
  1 15  1  0  0  0
  1  2  1  0  0  0
  1 11  1  0  0  0
  2  3  1  0  0  0
  3  4  1  0  0  0
  4  5  1  0  0  0
  5 10  2  0  0  0
  5  6  2  0  0  0
  6  7  2  0  0  0
  7  8  1  0  0  0
  8  9  2  0  0  0
  9 10  1  0  0  0
 11 12  1  0  0  0
 12 13  1  0  0  0
 13 14  1  0  0  0
 14 19  2  0  0  0
 14 15  1  0  0  0
 15 16  2  0  0  0
 16 17  1  0  0  0
 17 18  2  0  0  0
 18 19  1  0  0  0
M  END
$$$$
C12(c3c(OCC1)cccc3)c4c(OCC2)cccc4
  -ISIS-

 19 22  0  0  0  0  0  0  0  0  1
    3.1049    0.5097   -4.1398  C  0  0  0  0  0
    2.8158    1.6557   -5.1344  C  0  0  0  0  0
    4.0640    2.1157   -5.8333  C  0  0  0  0  0
    4.8612    1.1025   -6.3383  O  0  0  0  0  0
    4.6100   -0.2452   -6.0133  C  0  0  0  0  0
    3.7712   -0.5997   -4.9473  C  0  0  0  0  0
    3.6185   -1.9675   -4.6719  C  0  0  0  0  0
    4.2757   -2.9292   -5.4464  C  0  0  0  0  0
    5.0991   -2.5372   -6.4947  C  0  0  0  0  0
    5.2793   -1.1937   -6.7874  C  0  0  0  0  0
    4.0674    1.0439   -3.0587  C  0  0  0  0  0
    4.2545    0.0821   -1.9222  C  0  0  0  0  0
    3.0864   -0.4414   -1.3998  O  0  0  0  0  0
    1.8700   -0.3353   -2.0983  C  0  0  0  0  0
    1.8184    0.0757   -3.4370  C  0  0  0  0  0
    0.5679    0.0253   -4.0759  C  0  0  0  0  0
   -0.5777   -0.3774   -3.3809  C  0  0  0  0  0
   -0.4873   -0.7525   -2.0471  C  0  0  0  0  0
    0.7355   -0.7446   -1.3944  C  0  0  0  0  0
  1  6  1  0  0  0
  1 15  1  0  0  0
  1  2  1  0  0  0
  1 11  1  0  0  0
  2  3  1  0  0  0
  3  4  1  0  0  0
  4  5  1  0  0  0
  5 10  2  0  0  0
  5  6  2  0  0  0
  6  7  2  0  0  0
  7  8  1  0  0  0
  8  9  2  0  0  0
  9 10  1  0  0  0
 11 12  1  0  0  0
 12 13  1  0  0  0
 13 14  1  0  0  0
 14 19  2  0  0  0
 14 15  1  0  0  0
 15 16  2  0  0  0
 16 17  1  0  0  0
 17 18  2  0  0  0
 18 19  1  0  0  0
M  END
$$$$
C12(c3c(OCC1)cccc3)c4c(OCC2)cccc4
  -ISIS-

 19 22  0  0  0  0  0  0  0  0  1
   -4.6273   -0.9134   -1.5508  C  0  0  0  0  0
   -5.3574    0.2415   -0.8441  C  0  0  0  0  0
   -6.2214   -0.2178    0.2928  C  0  0  0  0  0
   -7.0314   -1.3041    0.0169  O  0  0  0  0  0
   -6.8035   -2.1197   -1.1071  C  0  0  0  0  0
   -5.6473   -2.0003   -1.8808  C  0  0  0  0  0
   -5.4490   -2.9503   -2.8943  C  0  0  0  0  0
   -6.4092   -3.9358   -3.1463  C  0  0  0  0  0
   -7.5744   -4.0150   -2.3811  C  0  0  0  0  0
   -7.7667   -3.1048   -1.3464  C  0  0  0  0  0
   -3.9300   -0.3015   -2.7632  C  0  0  0  0  0
   -4.5928   -0.0359   -3.9712  C  0  0  0  0  0
   -3.9104    0.5401   -5.0478  C  0  0  0  0  0
   -2.5627    0.8887   -4.9397  C  0  0  0  0  0
   -1.9022    0.6687   -3.7350  C  0  0  0  0  0
   -2.5920    0.0861   -2.6671  C  0  0  0  0  0
   -1.8765   -0.0113   -1.4592  O  0  0  0  0  0
   -2.3991   -0.6769   -0.3656  C  0  0  0  0  0
   -3.5629   -1.5766   -0.6599  C  0  0  0  0  0
  1 19  1  0  0  0
  1  6  1  0  0  0
  1  2  1  0  0  0
  1 11  1  0  0  0
  2  3  1  0  0  0
  3  4  1  0  0  0
  4  5  1  0  0  0
  5 10  2  0  0  0
  5  6  1  0  0  0
  6  7  2  0  0  0
  7  8  1  0  0  0
  8  9  2  0  0  0
  9 10  1  0  0  0
 11 16  2  0  0  0
 11 12  1  0  0  0
 12 13  2  0  0  0
 13 14  1  0  0  0
 14 15  2  0  0  0
 15 16  1  0  0  0
 16 17  1  0  0  0
 17 18  1  0  0  0
 18 19  1  0  0  0
M  END
$$$$
C12(c3c(OCC1)cccc3)c4c(OCC2)cccc4
  -ISIS-

 19 22  0  0  0  0  0  0  0  0  1
   -4.6273   -0.9134   -1.5508  C  0  0  0  0  0
   -5.3574    0.2415   -0.8441  C  0  0  0  0  0
   -6.2214   -0.2178    0.2928  C  0  0  0  0  0
   -7.0314   -1.3041    0.0169  O  0  0  0  0  0
   -6.8035   -2.1197   -1.1071  C  0  0  0  0  0
   -5.6473   -2.0003   -1.8808  C  0  0  0  0  0
   -5.4490   -2.9503   -2.8943  C  0  0  0  0  0
   -6.4092   -3.9358   -3.1463  C  0  0  0  0  0
   -7.5744   -4.0150   -2.3811  C  0  0  0  0  0
   -7.7667   -3.1048   -1.3464  C  0  0  0  0  0
   -3.9300   -0.3015   -2.7632  C  0  0  0  0  0
   -4.5928   -0.0359   -3.9712  C  0  0  0  0  0
   -3.9104    0.5401   -5.0478  C  0  0  0  0  0
   -2.5627    0.8887   -4.9397  C  0  0  0  0  0
   -1.9022    0.6687   -3.7350  C  0  0  0  0  0
   -2.5920    0.0861   -2.6671  C  0  0  0  0  0
   -1.8765   -0.0113   -1.4592  O  0  0  0  0  0
   -2.3991   -0.6769   -0.3656  C  0  0  0  0  0
   -3.5629   -1.5766   -0.6599  C  0  0  0  0  0
  1 19  1  0  0  0
  1  6  1  0  0  0
  1  2  1  0  0  0
  1 11  1  0  0  0
  2  3  1  0  0  0
  3  4  1  0  0  0
  4  5  1  0  0  0
  5 10  2  0  0  0
  5  6  1  0  0  0
  6  7  2  0  0  0
  7  8  1  0  0  0
  8  9  2  0  0  0
  9 10  1  0  0  0
 11 16  2  0  0  0
 11 12  1  0  0  0
 12 13  2  0  0  0
 13 14  1  0  0  0
 14 15  2  0  0  0
 15 16  1  0  0  0
 16 17  1  0  0  0
 17 18  1  0  0  0
 18 19  1  0  0  0
M  END
$$$$
C12(c3c(OCC1)cccc3)c4c(OCC2)cccc4
  -ISIS-

 19 22  0  0  0  0  0  0  0  0  1
   -4.6273   -0.9134   -1.5508  C  0  0  0  0  0
   -5.3574    0.2415   -0.8441  C  0  0  0  0  0
   -6.2214   -0.2178    0.2928  C  0  0  0  0  0
   -7.0314   -1.3041    0.0169  O  0  0  0  0  0
   -6.8035   -2.1197   -1.1071  C  0  0  0  0  0
   -5.6473   -2.0003   -1.8808  C  0  0  0  0  0
   -5.4490   -2.9503   -2.8943  C  0  0  0  0  0
   -6.4092   -3.9358   -3.1463  C  0  0  0  0  0
   -7.5744   -4.0150   -2.3811  C  0  0  0  0  0
   -7.7667   -3.1048   -1.3464  C  0  0  0  0  0
   -3.9300   -0.3015   -2.7632  C  0  0  0  0  0
   -4.5928   -0.0359   -3.9712  C  0  0  0  0  0
   -3.9104    0.5401   -5.0478  C  0  0  0  0  0
   -2.5627    0.8887   -4.9397  C  0  0  0  0  0
   -1.9022    0.6687   -3.7350  C  0  0  0  0  0
   -2.5920    0.0861   -2.6671  C  0  0  0  0  0
   -1.8765   -0.0113   -1.4592  O  0  0  0  0  0
   -2.3991   -0.6769   -0.3656  C  0  0  0  0  0
   -3.5629   -1.5766   -0.6599  C  0  0  0  0  0
  1 19  1  0  0  0
  1  6  1  0  0  0
  1  2  1  0  0  0
  1 11  1  0  0  0
  2  3  1  0  0  0
  3  4  1  0  0  0
  4  5  1  0  0  0
  5 10  2  0  0  0
  5  6  1  0  0  0
  6  7  2  0  0  0
  7  8  1  0  0  0
  8  9  2  0  0  0
  9 10  1  0  0  0
 11 16  2  0  0  0
 11 12  1  0  0  0
 12 13  2  0  0  0
 13 14  1  0  0  0
 14 15  2  0  0  0
 15 16  1  0  0  0
 16 17  1  0  0  0
 17 18  1  0  0  0
 18 19  1  0  0  0
M  END
$$$$
C12(c3c(OCC1)cccc3)c4c(OCC2)cccc4
  -ISIS-

 19 22  0  0  0  0  0  0  0  0  1
   -4.6273   -0.9134   -1.5508  C  0  0  0  0  0
   -5.3574    0.2415   -0.8441  C  0  0  0  0  0
   -6.2214   -0.2178    0.2928  C  0  0  0  0  0
   -7.0314   -1.3041    0.0169  O  0  0  0  0  0
   -6.8035   -2.1197   -1.1071  C  0  0  0  0  0
   -5.6473   -2.0003   -1.8808  C  0  0  0  0  0
   -5.4490   -2.9503   -2.8943  C  0  0  0  0  0
   -6.4092   -3.9358   -3.1463  C  0  0  0  0  0
   -7.5744   -4.0150   -2.3811  C  0  0  0  0  0
   -7.7667   -3.1048   -1.3464  C  0  0  0  0  0
   -3.9300   -0.3015   -2.7632  C  0  0  0  0  0
   -4.5928   -0.0359   -3.9712  C  0  0  0  0  0
   -3.9104    0.5401   -5.0478  C  0  0  0  0  0
   -2.5627    0.8887   -4.9397  C  0  0  0  0  0
   -1.9022    0.6687   -3.7350  C  0  0  0  0  0
   -2.5920    0.0861   -2.6671  C  0  0  0  0  0
   -1.8765   -0.0113   -1.4592  O  0  0  0  0  0
   -2.3991   -0.6769   -0.3656  C  0  0  0  0  0
   -3.5629   -1.5766   -0.6599  C  0  0  0  0  0
  1 19  1  0  0  0
  1  6  1  0  0  0
  1  2  1  0  0  0
  1 11  1  0  0  0
  2  3  1  0  0  0
  3  4  1  0  0  0
  4  5  1  0  0  0
  5 10  2  0  0  0
  5  6  1  0  0  0
  6  7  2  0  0  0
  7  8  1  0  0  0
  8  9  2  0  0  0
  9 10  1  0  0  0
 11 16  2  0  0  0
 11 12  1  0  0  0
 12 13  2  0  0  0
 13 14  1  0  0  0
 14 15  2  0  0  0
 15 16  1  0  0  0
 16 17  1  0  0  0
 17 18  1  0  0  0
 18 19  1  0  0  0
M  END
$$$$
C12(c3c(OCC1)cccc3)c4c(OCC2)cccc4
  -ISIS-

 19 22  0  0  0  0  0  0  0  0  1
    4.0889   -7.6827   -4.1088  C  0  0  0  0  0
    4.4083   -9.1362   -3.6802  C  0  0  0  0  0
    4.7266   -9.3212   -2.2286  C  0  0  0  0  0
    5.5327   -8.3566   -1.6650  O  0  0  0  0  0
    5.8150   -7.1541   -2.3350  C  0  0  0  0  0
    5.1408   -6.7625   -3.4944  C  0  0  0  0  0
    5.4617   -5.4960   -4.0100  C  0  0  0  0  0
    6.4372   -4.6844   -3.4092  C  0  0  0  0  0
    7.1069   -5.1118   -2.2666  C  0  0  0  0  0
    6.7841   -6.3523   -1.7260  C  0  0  0  0  0
    2.6777   -7.2438   -3.7254  C  0  0  0  0  0
    2.0936   -7.5104   -2.4763  C  0  0  0  0  0
    0.7913   -7.0852   -2.1689  C  0  0  0  0  0
    0.0439   -6.3677   -3.0980  C  0  0  0  0  0
    0.6152   -6.0711   -4.3313  C  0  0  0  0  0
    1.9105   -6.5034   -4.6284  C  0  0  0  0  0
    2.4012   -6.0922   -5.8793  O  0  0  0  0  0
    3.5908   -6.5752   -6.3786  C  0  0  0  0  0
    4.1713   -7.7502   -5.6538  C  0  0  0  0  0
  1 19  1  0  0  0
  1  6  1  0  0  0
  1  2  1  0  0  0
  1 11  1  0  0  0
  2  3  1  0  0  0
  3  4  1  0  0  0
  4  5  1  0  0  0
  5 10  2  0  0  0
  5  6  1  0  0  0
  6  7  2  0  0  0
  7  8  1  0  0  0
  8  9  2  0  0  0
  9 10  1  0  0  0
 11 16  2  0  0  0
 11 12  1  0  0  0
 12 13  2  0  0  0
 13 14  1  0  0  0
 14 15  2  0  0  0
 15 16  1  0  0  0
 16 17  1  0  0  0
 17 18  1  0  0  0
 18 19  1  0  0  0
M  END
$$$$
C12(c3c(OCC1)cccc3)c4c(OCC2)cccc4
  -ISIS-

 19 22  0  0  0  0  0  0  0  0  1
    4.0889   -7.6827   -4.1088  C  0  0  0  0  0
    4.4083   -9.1362   -3.6802  C  0  0  0  0  0
    4.7266   -9.3212   -2.2286  C  0  0  0  0  0
    5.5327   -8.3566   -1.6650  O  0  0  0  0  0
    5.8150   -7.1541   -2.3350  C  0  0  0  0  0
    5.1408   -6.7625   -3.4944  C  0  0  0  0  0
    5.4617   -5.4960   -4.0100  C  0  0  0  0  0
    6.4372   -4.6844   -3.4092  C  0  0  0  0  0
    7.1069   -5.1118   -2.2666  C  0  0  0  0  0
    6.7841   -6.3523   -1.7260  C  0  0  0  0  0
    2.6777   -7.2438   -3.7254  C  0  0  0  0  0
    2.0936   -7.5104   -2.4763  C  0  0  0  0  0
    0.7913   -7.0852   -2.1689  C  0  0  0  0  0
    0.0439   -6.3677   -3.0980  C  0  0  0  0  0
    0.6152   -6.0711   -4.3313  C  0  0  0  0  0
    1.9105   -6.5034   -4.6284  C  0  0  0  0  0
    2.4012   -6.0922   -5.8793  O  0  0  0  0  0
    3.5908   -6.5752   -6.3786  C  0  0  0  0  0
    4.1713   -7.7502   -5.6538  C  0  0  0  0  0
  1 19  1  0  0  0
  1  6  1  0  0  0
  1  2  1  0  0  0
  1 11  1  0  0  0
  2  3  1  0  0  0
  3  4  1  0  0  0
  4  5  1  0  0  0
  5 10  2  0  0  0
  5  6  1  0  0  0
  6  7  2  0  0  0
  7  8  1  0  0  0
  8  9  2  0  0  0
  9 10  1  0  0  0
 11 16  2  0  0  0
 11 12  1  0  0  0
 12 13  2  0  0  0
 13 14  1  0  0  0
 14 15  2  0  0  0
 15 16  1  0  0  0
 16 17  1  0  0  0
 17 18  1  0  0  0
 18 19  1  0  0  0
M  END
$$$$
C12(c3c(OCC1)cccc3)c4c(OCC2)cccc4
  -ISIS-

 19 22  0  0  0  0  0  0  0  0  1
    4.0889   -7.6827   -4.1088  C  0  0  0  0  0
    4.4083   -9.1362   -3.6802  C  0  0  0  0  0
    4.7266   -9.3212   -2.2286  C  0  0  0  0  0
    5.5327   -8.3566   -1.6650  O  0  0  0  0  0
    5.8150   -7.1541   -2.3350  C  0  0  0  0  0
    5.1408   -6.7625   -3.4944  C  0  0  0  0  0
    5.4617   -5.4960   -4.0100  C  0  0  0  0  0
    6.4372   -4.6844   -3.4092  C  0  0  0  0  0
    7.1069   -5.1118   -2.2666  C  0  0  0  0  0
    6.7841   -6.3523   -1.7260  C  0  0  0  0  0
    2.6777   -7.2438   -3.7254  C  0  0  0  0  0
    2.0936   -7.5104   -2.4763  C  0  0  0  0  0
    0.7913   -7.0852   -2.1689  C  0  0  0  0  0
    0.0439   -6.3677   -3.0980  C  0  0  0  0  0
    0.6152   -6.0711   -4.3313  C  0  0  0  0  0
    1.9105   -6.5034   -4.6284  C  0  0  0  0  0
    2.4012   -6.0922   -5.8793  O  0  0  0  0  0
    3.5908   -6.5752   -6.3786  C  0  0  0  0  0
    4.1713   -7.7502   -5.6538  C  0  0  0  0  0
  1 19  1  0  0  0
  1  6  1  0  0  0
  1  2  1  0  0  0
  1 11  1  0  0  0
  2  3  1  0  0  0
  3  4  1  0  0  0
  4  5  1  0  0  0
  5 10  2  0  0  0
  5  6  1  0  0  0
  6  7  2  0  0  0
  7  8  1  0  0  0
  8  9  2  0  0  0
  9 10  1  0  0  0
 11 16  2  0  0  0
 11 12  1  0  0  0
 12 13  2  0  0  0
 13 14  1  0  0  0
 14 15  2  0  0  0
 15 16  1  0  0  0
 16 17  1  0  0  0
 17 18  1  0  0  0
 18 19  1  0  0  0
M  END
$$$$
C12(c3c(OCC1)cccc3)c4c(OCC2)cccc4
  -ISIS-

 19 22  0  0  0  0  0  0  0  0  1
    4.0889   -7.6827   -4.1088  C  0  0  0  0  0
    4.4083   -9.1362   -3.6802  C  0  0  0  0  0
    4.7266   -9.3212   -2.2286  C  0  0  0  0  0
    5.5327   -8.3566   -1.6650  O  0  0  0  0  0
    5.8150   -7.1541   -2.3350  C  0  0  0  0  0
    5.1408   -6.7625   -3.4944  C  0  0  0  0  0
    5.4617   -5.4960   -4.0100  C  0  0  0  0  0
    6.4372   -4.6844   -3.4092  C  0  0  0  0  0
    7.1069   -5.1118   -2.2666  C  0  0  0  0  0
    6.7841   -6.3523   -1.7260  C  0  0  0  0  0
    2.6777   -7.2438   -3.7254  C  0  0  0  0  0
    2.0936   -7.5104   -2.4763  C  0  0  0  0  0
    0.7913   -7.0852   -2.1689  C  0  0  0  0  0
    0.0439   -6.3677   -3.0980  C  0  0  0  0  0
    0.6152   -6.0711   -4.3313  C  0  0  0  0  0
    1.9105   -6.5034   -4.6284  C  0  0  0  0  0
    2.4012   -6.0922   -5.8793  O  0  0  0  0  0
    3.5908   -6.5752   -6.3786  C  0  0  0  0  0
    4.1713   -7.7502   -5.6538  C  0  0  0  0  0
  1 19  1  0  0  0
  1  6  1  0  0  0
  1  2  1  0  0  0
  1 11  1  0  0  0
  2  3  1  0  0  0
  3  4  1  0  0  0
  4  5  1  0  0  0
  5 10  2  0  0  0
  5  6  1  0  0  0
  6  7  2  0  0  0
  7  8  1  0  0  0
  8  9  2  0  0  0
  9 10  1  0  0  0
 11 16  2  0  0  0
 11 12  1  0  0  0
 12 13  2  0  0  0
 13 14  1  0  0  0
 14 15  2  0  0  0
 15 16  1  0  0  0
 16 17  1  0  0  0
 17 18  1  0  0  0
 18 19  1  0  0  0
M  END
$$$$
C12(c3c(OCC1)cccc3)c4c(OCC2)cccc4
  -ISIS-

 19 22  0  0  0  0  0  0  0  0  1
   -3.8764   -1.5887   -0.7188  C  0  0  0  0  0
   -5.1925   -2.2750   -0.3148  C  0  0  0  0  0
   -5.0064   -3.3333    0.7323  C  0  0  0  0  0
   -3.9680   -4.2162    0.4998  O  0  0  0  0  0
   -2.9592   -3.9247   -0.4348  C  0  0  0  0  0
   -2.8416   -2.6678   -1.0278  C  0  0  0  0  0
   -1.7170   -2.4378   -1.8380  C  0  0  0  0  0
   -0.7840   -3.4538   -2.0862  C  0  0  0  0  0
   -0.9439   -4.7133   -1.5099  C  0  0  0  0  0
   -2.0344   -4.9419   -0.6725  C  0  0  0  0  0
   -4.2122   -0.6751   -1.8948  C  0  0  0  0  0
   -4.3331   -1.1419   -3.2144  C  0  0  0  0  0
   -4.6568   -0.2705   -4.2634  C  0  0  0  0  0
   -4.8901    1.0806   -4.0104  C  0  0  0  0  0
   -4.8114    1.5481   -2.6998  C  0  0  0  0  0
   -4.4846    0.6731   -1.6634  C  0  0  0  0  0
   -4.5267    1.2126   -0.3659  O  0  0  0  0  0
   -4.1110    0.4787    0.7297  C  0  0  0  0  0
   -3.2830   -0.7315    0.4124  C  0  0  0  0  0
  1 19  1  0  0  0
  1  6  1  0  0  0
  1  2  1  0  0  0
  1 11  1  0  0  0
  2  3  1  0  0  0
  3  4  1  0  0  0
  4  5  1  0  0  0
  5 10  2  0  0  0
  5  6  2  0  0  0
  6  7  2  0  0  0
  7  8  1  0  0  0
  8  9  2  0  0  0
  9 10  1  0  0  0
 11 16  2  0  0  0
 11 12  1  0  0  0
 12 13  2  0  0  0
 13 14  1  0  0  0
 14 15  2  0  0  0
 15 16  1  0  0  0
 16 17  1  0  0  0
 17 18  1  0  0  0
 18 19  1  0  0  0
M  END
$$$$
C12(c3c(OCC1)cccc3)c4c(OCC2)cccc4
  -ISIS-

 19 22  0  0  0  0  0  0  0  0  1
   -3.8764   -1.5887   -0.7188  C  0  0  0  0  0
   -5.1925   -2.2750   -0.3148  C  0  0  0  0  0
   -5.0064   -3.3333    0.7323  C  0  0  0  0  0
   -3.9680   -4.2162    0.4998  O  0  0  0  0  0
   -2.9592   -3.9247   -0.4348  C  0  0  0  0  0
   -2.8416   -2.6678   -1.0278  C  0  0  0  0  0
   -1.7170   -2.4378   -1.8380  C  0  0  0  0  0
   -0.7840   -3.4538   -2.0862  C  0  0  0  0  0
   -0.9439   -4.7133   -1.5099  C  0  0  0  0  0
   -2.0344   -4.9419   -0.6725  C  0  0  0  0  0
   -4.2122   -0.6751   -1.8948  C  0  0  0  0  0
   -4.3331   -1.1419   -3.2144  C  0  0  0  0  0
   -4.6568   -0.2705   -4.2634  C  0  0  0  0  0
   -4.8901    1.0806   -4.0104  C  0  0  0  0  0
   -4.8114    1.5481   -2.6998  C  0  0  0  0  0
   -4.4846    0.6731   -1.6634  C  0  0  0  0  0
   -4.5267    1.2126   -0.3659  O  0  0  0  0  0
   -4.1110    0.4787    0.7297  C  0  0  0  0  0
   -3.2830   -0.7315    0.4124  C  0  0  0  0  0
  1 19  1  0  0  0
  1  6  1  0  0  0
  1  2  1  0  0  0
  1 11  1  0  0  0
  2  3  1  0  0  0
  3  4  1  0  0  0
  4  5  1  0  0  0
  5 10  2  0  0  0
  5  6  2  0  0  0
  6  7  2  0  0  0
  7  8  1  0  0  0
  8  9  2  0  0  0
  9 10  1  0  0  0
 11 16  2  0  0  0
 11 12  1  0  0  0
 12 13  2  0  0  0
 13 14  1  0  0  0
 14 15  2  0  0  0
 15 16  1  0  0  0
 16 17  1  0  0  0
 17 18  1  0  0  0
 18 19  1  0  0  0
M  END
$$$$
C12(c3c(OCC1)cccc3)c4c(OCC2)cccc4
  -ISIS-

 19 22  0  0  0  0  0  0  0  0  1
   -3.8764   -1.5887   -0.7188  C  0  0  0  0  0
   -5.1925   -2.2750   -0.3148  C  0  0  0  0  0
   -5.0064   -3.3333    0.7323  C  0  0  0  0  0
   -3.9680   -4.2162    0.4998  O  0  0  0  0  0
   -2.9592   -3.9247   -0.4348  C  0  0  0  0  0
   -2.8416   -2.6678   -1.0278  C  0  0  0  0  0
   -1.7170   -2.4378   -1.8380  C  0  0  0  0  0
   -0.7840   -3.4538   -2.0862  C  0  0  0  0  0
   -0.9439   -4.7133   -1.5099  C  0  0  0  0  0
   -2.0344   -4.9419   -0.6725  C  0  0  0  0  0
   -4.2122   -0.6751   -1.8948  C  0  0  0  0  0
   -4.3331   -1.1419   -3.2144  C  0  0  0  0  0
   -4.6568   -0.2705   -4.2634  C  0  0  0  0  0
   -4.8901    1.0806   -4.0104  C  0  0  0  0  0
   -4.8114    1.5481   -2.6998  C  0  0  0  0  0
   -4.4846    0.6731   -1.6634  C  0  0  0  0  0
   -4.5267    1.2126   -0.3659  O  0  0  0  0  0
   -4.1110    0.4787    0.7297  C  0  0  0  0  0
   -3.2830   -0.7315    0.4124  C  0  0  0  0  0
  1 19  1  0  0  0
  1  6  1  0  0  0
  1  2  1  0  0  0
  1 11  1  0  0  0
  2  3  1  0  0  0
  3  4  1  0  0  0
  4  5  1  0  0  0
  5 10  2  0  0  0
  5  6  2  0  0  0
  6  7  2  0  0  0
  7  8  1  0  0  0
  8  9  2  0  0  0
  9 10  1  0  0  0
 11 16  2  0  0  0
 11 12  1  0  0  0
 12 13  2  0  0  0
 13 14  1  0  0  0
 14 15  2  0  0  0
 15 16  1  0  0  0
 16 17  1  0  0  0
 17 18  1  0  0  0
 18 19  1  0  0  0
M  END
$$$$
C12(c3c(OCC1)cccc3)c4c(OCC2)cccc4
  -ISIS-

 19 22  0  0  0  0  0  0  0  0  1
   -3.8764   -1.5887   -0.7188  C  0  0  0  0  0
   -5.1925   -2.2750   -0.3148  C  0  0  0  0  0
   -5.0064   -3.3333    0.7323  C  0  0  0  0  0
   -3.9680   -4.2162    0.4998  O  0  0  0  0  0
   -2.9592   -3.9247   -0.4348  C  0  0  0  0  0
   -2.8416   -2.6678   -1.0278  C  0  0  0  0  0
   -1.7170   -2.4378   -1.8380  C  0  0  0  0  0
   -0.7840   -3.4538   -2.0862  C  0  0  0  0  0
   -0.9439   -4.7133   -1.5099  C  0  0  0  0  0
   -2.0344   -4.9419   -0.6725  C  0  0  0  0  0
   -4.2122   -0.6751   -1.8948  C  0  0  0  0  0
   -4.3331   -1.1419   -3.2144  C  0  0  0  0  0
   -4.6568   -0.2705   -4.2634  C  0  0  0  0  0
   -4.8901    1.0806   -4.0104  C  0  0  0  0  0
   -4.8114    1.5481   -2.6998  C  0  0  0  0  0
   -4.4846    0.6731   -1.6634  C  0  0  0  0  0
   -4.5267    1.2126   -0.3659  O  0  0  0  0  0
   -4.1110    0.4787    0.7297  C  0  0  0  0  0
   -3.2830   -0.7315    0.4124  C  0  0  0  0  0
  1 19  1  0  0  0
  1  6  1  0  0  0
  1  2  1  0  0  0
  1 11  1  0  0  0
  2  3  1  0  0  0
  3  4  1  0  0  0
  4  5  1  0  0  0
  5 10  2  0  0  0
  5  6  2  0  0  0
  6  7  2  0  0  0
  7  8  1  0  0  0
  8  9  2  0  0  0
  9 10  1  0  0  0
 11 16  2  0  0  0
 11 12  1  0  0  0
 12 13  2  0  0  0
 13 14  1  0  0  0
 14 15  2  0  0  0
 15 16  1  0  0  0
 16 17  1  0  0  0
 17 18  1  0  0  0
 18 19  1  0  0  0
M  END
$$$$
C12(c3c(OCC1)cccc3)c4c(OCC2)cccc4
  -ISIS-

 19 22  0  0  0  0  0  0  0  0  1
    2.9860   -2.7276    0.3592  C  0  0  0  0  0
    1.5930   -2.6264    0.6727  O  0  0  0  0  0
    0.8232   -1.9729   -0.2475  C  0  0  0  0  0
   -0.5441   -2.2608   -0.1715  C  0  0  0  0  0
   -1.4283   -1.6561   -1.0553  C  0  0  0  0  0
   -0.9695   -0.7600   -2.0072  C  0  0  0  0  0
    0.3922   -0.4605   -2.0706  C  0  0  0  0  0
    1.3177   -1.0612   -1.1885  C  0  0  0  0  0
    2.8072   -0.6716   -1.2414  C  0  0  0  0  0
    3.5559   -1.3627   -0.0644  C  0  0  0  0  0
    3.3987   -1.1192   -2.6100  C  0  0  0  0  0
    4.5796   -0.2733   -3.1178  C  0  0  0  0  0
    4.2299    1.1127   -3.1764  O  0  0  0  0  0
    3.6269    1.6232   -2.0625  C  0  0  0  0  0
    2.9589    0.8549   -1.1013  C  0  0  0  0  0
    2.3755    1.5323   -0.0065  C  0  0  0  0  0
    2.4541    2.9214    0.1170  C  0  0  0  0  0
    3.1127    3.6526   -0.8604  C  0  0  0  0  0
    3.6933    3.0148   -1.9475  C  0  0  0  0  0
  1 10  1  0  0  0
  1  2  1  0  0  0
  2  3  1  0  0  0
  3  8  2  0  0  0
  3  4  1  0  0  0
  4  5  2  0  0  0
  5  6  1  0  0  0
  6  7  2  0  0  0
  7  8  1  0  0  0
  8  9  1  0  0  0
  9 15  1  0  0  0
  9 10  1  0  0  0
  9 11  1  0  0  0
 11 12  1  0  0  0
 12 13  1  0  0  0
 13 14  1  0  0  0
 14 19  2  0  0  0
 14 15  2  0  0  0
 15 16  2  0  0  0
 16 17  1  0  0  0
 17 18  2  0  0  0
 18 19  1  0  0  0
M  END
$$$$
C12(c3c(OCC1)cccc3)c4c(OCC2)cccc4
  -ISIS-

 19 22  0  0  0  0  0  0  0  0  1
    2.9860   -2.7276    0.3592  C  0  0  0  0  0
    1.5930   -2.6264    0.6727  O  0  0  0  0  0
    0.8232   -1.9729   -0.2475  C  0  0  0  0  0
   -0.5441   -2.2608   -0.1715  C  0  0  0  0  0
   -1.4283   -1.6561   -1.0553  C  0  0  0  0  0
   -0.9695   -0.7600   -2.0072  C  0  0  0  0  0
    0.3922   -0.4605   -2.0706  C  0  0  0  0  0
    1.3177   -1.0612   -1.1885  C  0  0  0  0  0
    2.8072   -0.6716   -1.2414  C  0  0  0  0  0
    3.5559   -1.3627   -0.0644  C  0  0  0  0  0
    3.3987   -1.1192   -2.6100  C  0  0  0  0  0
    4.5796   -0.2733   -3.1178  C  0  0  0  0  0
    4.2299    1.1127   -3.1764  O  0  0  0  0  0
    3.6269    1.6232   -2.0625  C  0  0  0  0  0
    2.9589    0.8549   -1.1013  C  0  0  0  0  0
    2.3755    1.5323   -0.0065  C  0  0  0  0  0
    2.4541    2.9214    0.1170  C  0  0  0  0  0
    3.1127    3.6526   -0.8604  C  0  0  0  0  0
    3.6933    3.0148   -1.9475  C  0  0  0  0  0
  1 10  1  0  0  0
  1  2  1  0  0  0
  2  3  1  0  0  0
  3  8  2  0  0  0
  3  4  1  0  0  0
  4  5  2  0  0  0
  5  6  1  0  0  0
  6  7  2  0  0  0
  7  8  1  0  0  0
  8  9  1  0  0  0
  9 15  1  0  0  0
  9 10  1  0  0  0
  9 11  1  0  0  0
 11 12  1  0  0  0
 12 13  1  0  0  0
 13 14  1  0  0  0
 14 19  2  0  0  0
 14 15  2  0  0  0
 15 16  2  0  0  0
 16 17  1  0  0  0
 17 18  2  0  0  0
 18 19  1  0  0  0
M  END
$$$$
C12(c3c(OCC1)cccc3)c4c(OCC2)cccc4
  -ISIS-

 19 22  0  0  0  0  0  0  0  0  1
    2.9860   -2.7276    0.3592  C  0  0  0  0  0
    1.5930   -2.6264    0.6727  O  0  0  0  0  0
    0.8232   -1.9729   -0.2475  C  0  0  0  0  0
   -0.5441   -2.2608   -0.1715  C  0  0  0  0  0
   -1.4283   -1.6561   -1.0553  C  0  0  0  0  0
   -0.9695   -0.7600   -2.0072  C  0  0  0  0  0
    0.3922   -0.4605   -2.0706  C  0  0  0  0  0
    1.3177   -1.0612   -1.1885  C  0  0  0  0  0
    2.8072   -0.6716   -1.2414  C  0  0  0  0  0
    3.5559   -1.3627   -0.0644  C  0  0  0  0  0
    3.3987   -1.1192   -2.6100  C  0  0  0  0  0
    4.5796   -0.2733   -3.1178  C  0  0  0  0  0
    4.2299    1.1127   -3.1764  O  0  0  0  0  0
    3.6269    1.6232   -2.0625  C  0  0  0  0  0
    2.9589    0.8549   -1.1013  C  0  0  0  0  0
    2.3755    1.5323   -0.0065  C  0  0  0  0  0
    2.4541    2.9214    0.1170  C  0  0  0  0  0
    3.1127    3.6526   -0.8604  C  0  0  0  0  0
    3.6933    3.0148   -1.9475  C  0  0  0  0  0
  1 10  1  0  0  0
  1  2  1  0  0  0
  2  3  1  0  0  0
  3  8  2  0  0  0
  3  4  1  0  0  0
  4  5  2  0  0  0
  5  6  1  0  0  0
  6  7  2  0  0  0
  7  8  1  0  0  0
  8  9  1  0  0  0
  9 15  1  0  0  0
  9 10  1  0  0  0
  9 11  1  0  0  0
 11 12  1  0  0  0
 12 13  1  0  0  0
 13 14  1  0  0  0
 14 19  2  0  0  0
 14 15  2  0  0  0
 15 16  2  0  0  0
 16 17  1  0  0  0
 17 18  2  0  0  0
 18 19  1  0  0  0
M  END
$$$$
C12(c3c(OCC1)cccc3)c4c(OCC2)cccc4
  -ISIS-

 19 22  0  0  0  0  0  0  0  0  1
    2.9860   -2.7276    0.3592  C  0  0  0  0  0
    1.5930   -2.6264    0.6727  O  0  0  0  0  0
    0.8232   -1.9729   -0.2475  C  0  0  0  0  0
   -0.5441   -2.2608   -0.1715  C  0  0  0  0  0
   -1.4283   -1.6561   -1.0553  C  0  0  0  0  0
   -0.9695   -0.7600   -2.0072  C  0  0  0  0  0
    0.3922   -0.4605   -2.0706  C  0  0  0  0  0
    1.3177   -1.0612   -1.1885  C  0  0  0  0  0
    2.8072   -0.6716   -1.2414  C  0  0  0  0  0
    3.5559   -1.3627   -0.0644  C  0  0  0  0  0
    3.3987   -1.1192   -2.6100  C  0  0  0  0  0
    4.5796   -0.2733   -3.1178  C  0  0  0  0  0
    4.2299    1.1127   -3.1764  O  0  0  0  0  0
    3.6269    1.6232   -2.0625  C  0  0  0  0  0
    2.9589    0.8549   -1.1013  C  0  0  0  0  0
    2.3755    1.5323   -0.0065  C  0  0  0  0  0
    2.4541    2.9214    0.1170  C  0  0  0  0  0
    3.1127    3.6526   -0.8604  C  0  0  0  0  0
    3.6933    3.0148   -1.9475  C  0  0  0  0  0
  1 10  1  0  0  0
  1  2  1  0  0  0
  2  3  1  0  0  0
  3  8  2  0  0  0
  3  4  1  0  0  0
  4  5  2  0  0  0
  5  6  1  0  0  0
  6  7  2  0  0  0
  7  8  1  0  0  0
  8  9  1  0  0  0
  9 15  1  0  0  0
  9 10  1  0  0  0
  9 11  1  0  0  0
 11 12  1  0  0  0
 12 13  1  0  0  0
 13 14  1  0  0  0
 14 19  2  0  0  0
 14 15  2  0  0  0
 15 16  2  0  0  0
 16 17  1  0  0  0
 17 18  2  0  0  0
 18 19  1  0  0  0
M  END
$$$$
