C12(SCCC1)CCC2
  -ISIS-

  8  9  0  0  0  0  0  0  0  0  1
    6.3065   -1.4918    0.9321  C  0  0  0  0  0
    5.9029    0.0030    1.4405  C  0  0  0  0  0
    5.5485   -0.6565    2.8127  C  0  0  0  0  0
    5.5667   -2.1239    2.2594  C  0  0  0  0  0
    6.1294   -1.9873   -0.5353  C  0  0  0  0  0
    7.0772   -3.2274   -0.6498  C  0  0  0  0  0
    8.4811   -2.8027   -0.2102  C  0  0  0  0  0
    8.2734   -1.7323    1.2371  S  0  0  0  0  0
  1  8  1  0  0  0
  1  4  1  0  0  0
  1  2  1  0  0  0
  1  5  1  0  0  0
  2  3  1  0  0  0
  3  4  1  0  0  0
  5  6  1  0  0  0
  6  7  1  0  0  0
  7  8  1  0  0  0
M  END
$$$$
