C12(OC3C(C4C(C5C(C6C(CC5)CCCC6)CC4)C3)C1)OCCCC2
  -ISIS-

 25 30  0  0  0  0  0  0  0  0  1
    2.9236   -6.1804   -2.6665  O  0  0  0  0  0
    3.5460   -4.9010   -3.0572  C  0  0  0  0  0
    5.0733   -5.0193   -2.6540  C  0  0  0  0  0
    5.1762   -6.5176   -2.5367  C  0  0  0  0  0
    3.8703   -6.7700   -1.8048  C  0  0  0  0  0
    3.9484   -8.2597   -1.4964  C  0  0  0  0  0
    5.3339   -8.2131   -0.8297  C  0  0  0  0  0
    6.2232   -7.3858   -1.8146  C  0  0  0  0  0
    7.3046   -6.7295   -0.9572  C  0  0  0  0  0
    8.1241   -7.7960   -0.1848  C  0  0  0  0  0
    7.2813   -8.8829    0.5569  C  0  0  0  0  0
    8.1236  -10.0546    1.1826  C  0  0  0  0  0
    7.1422  -10.9340    2.0338  C  0  0  0  0  0
    5.9251  -11.4590    1.2522  C  0  0  0  0  0
    5.1604  -10.3158    0.5786  C  0  0  0  0  0
    6.0697   -9.4296   -0.2830  C  0  0  0  0  0
    7.8699  -12.0640    2.7873  C  0  0  0  0  0
    8.9735  -11.5152    3.6930  C  0  0  0  0  0
    9.9289  -10.5827    2.9532  C  0  0  0  0  0
    9.1995   -9.4929    2.1571  C  0  0  0  0  0
    3.2826   -4.6920   -4.5552  C  0  0  0  0  0
    1.7955   -4.4651   -4.8302  C  0  0  0  0  0
    1.2091   -3.3845   -3.9155  C  0  0  0  0  0
    1.5886   -3.6754   -2.4617  C  0  0  0  0  0
    2.9988   -3.8180   -2.2976  O  0  0  0  0  0
  1  5  1  0  0  0
  1  2  1  0  0  0
  2 25  1  0  0  0
  2  3  1  0  0  0
  2 21  1  0  0  0
  3  4  1  0  0  0
  4  8  1  0  0  0
  4  5  1  0  0  0
  5  6  1  0  0  0
  6  7  1  0  0  0
  7 16  1  0  0  0
  7  8  1  0  0  0
  8  9  1  0  0  0
  9 10  1  0  0  0
 10 11  1  0  0  0
 11 16  1  0  0  0
 11 12  1  0  0  0
 12 20  1  0  0  0
 12 13  1  0  0  0
 13 14  1  0  0  0
 13 17  1  0  0  0
 14 15  1  0  0  0
 15 16  1  0  0  0
 17 18  1  0  0  0
 18 19  1  0  0  0
 19 20  1  0  0  0
 21 22  1  0  0  0
 22 23  1  0  0  0
 23 24  1  0  0  0
 24 25  1  0  0  0
M  END
$$$$
