C12(OC=CC1)CNCC2
  -ISIS-

  9 10  0  0  0  0  0  0  0  0  1
   -2.0142   -2.5640    3.1027  C  0  0  0  0  0
   -1.5608   -3.2953    4.1864  N  0  0  0  0  0
   -2.1937   -2.8766    5.4112  C  0  0  0  0  0
   -3.5469   -2.2932    4.8962  C  0  0  0  0  0
   -3.1112   -1.6345    3.5745  C  0  0  0  0  0
   -4.2273   -1.3881    2.6162  C  0  0  0  0  0
   -4.2722    0.0215    2.2371  C  0  0  0  0  0
   -3.3025    0.5514    2.9853  C  0  0  0  0  0
   -2.5574   -0.3219    3.7830  O  0  0  0  0  0
  1  5  1  0  0  0
  1  2  1  0  0  0
  2  3  1  0  0  0
  3  4  1  0  0  0
  4  5  1  0  0  0
  5  9  1  0  0  0
  5  6  1  0  0  0
  6  7  1  0  0  0
  7  8  2  0  0  0
  8  9  1  0  0  0
M  END
$$$$
