C12(NCNCC1)NCNCC2
  -ISIS-

 11 12  0  0  0  0  0  0  0  0  1
    0.6507   -2.2846   -6.2820  C  0  0  0  0  0
   -0.0898   -2.5142   -5.0674  N  0  0  0  0  0
    0.1249   -3.6082   -4.3001  C  0  0  0  0  0
    0.7499   -4.6469   -4.9048  N  0  0  0  0  0
    0.8425   -4.8510   -6.3483  C  0  0  0  0  0
    0.5435   -3.5563   -7.1407  C  0  0  0  0  0
   -0.0046   -1.1834   -6.9410  N  0  0  0  0  0
    0.5459   -0.5670   -8.0129  C  0  0  0  0  0
    1.8769   -0.7501   -8.1871  N  0  0  0  0  0
    2.8107   -1.1868   -7.1521  C  0  0  0  0  0
    2.0867   -1.8426   -5.9524  C  0  0  0  0  0
  1  6  1  0  0  0
  1 11  1  0  0  0
  1  2  1  0  0  0
  1  7  1  0  0  0
  2  3  1  0  0  0
  3  4  1  0  0  0
  4  5  1  0  0  0
  5  6  1  0  0  0
  7  8  1  0  0  0
  8  9  1  0  0  0
  9 10  1  0  0  0
 10 11  1  0  0  0
M  END
$$$$
