C12(OCCO1)C3C(C3)CCC2
  -ISIS-

 11 13  0  0  0  0  0  0  0  0  1
    1.5545    3.6636    2.8339  C  0  0  0  0  0
    1.0549    3.3043    1.4445  C  0  0  0  0  0
   -0.3290    3.6900    1.4746  O  0  0  0  0  0
   -0.4434    4.6629    2.5202  C  0  0  0  0  0
    0.8329    4.8626    3.1367  O  0  0  0  0  0
   -0.9829    6.0000    1.9333  C  0  0  0  0  0
   -1.4932    7.0091    3.0024  C  0  0  0  0  0
   -2.3082    6.3521    4.1523  C  0  0  0  0  0
   -1.4787    5.2223    4.6493  C  0  0  0  0  0
   -1.4744    4.2062    3.5017  C  0  0  0  0  0
   -1.5908    3.7549    4.9236  C  0  0  0  0  0
  1  5  1  0  0  0
  1  2  1  0  0  0
  2  3  1  0  0  0
  3  4  1  0  0  0
  4 10  1  0  0  0
  4  5  1  0  0  0
  4  6  1  0  0  0
  6  7  1  0  0  0
  7  8  1  0  0  0
  8  9  1  0  0  0
  9 11  1  0  0  0
  9 10  1  0  0  0
 10 11  1  0  0  0
M  END
$$$$
