C12(C=CNC=C1)CCNCC2
  -ISIS-

 11 12  0  0  0  0  0  0  0  0  1
    6.1154    4.3607    0.5679  C  0  0  0  0  0
    5.8570    2.8163    0.5160  C  0  0  0  0  0
    6.8930    2.0925   -0.4093  C  0  0  0  0  0
    7.8564    2.7683   -1.0765  C  0  0  0  0  0
    7.9146    4.1250   -0.9393  N  0  0  0  0  0
    7.1229    4.9206   -0.1458  C  0  0  0  0  0
    6.0048    2.2016    1.9453  C  0  0  0  0  0
    4.7893    2.3080    2.8596  C  0  0  0  0  0
    3.5576    1.8187    2.1435  N  0  0  0  0  0
    3.2729    2.6327    0.9068  C  0  0  0  0  0
    4.4382    2.5286   -0.0693  C  0  0  0  0  0
  1  6  2  0  0  0
  1  2  1  0  0  0
  2 11  1  0  0  0
  2  3  1  0  0  0
  2  7  1  0  0  0
  3  4  2  0  0  0
  4  5  1  0  0  0
  5  6  1  0  0  0
  7  8  1  0  0  0
  8  9  1  0  0  0
  9 10  1  0  0  0
 10 11  1  0  0  0
M  END
$$$$
