C12(OCCO1)C=CC3C2C4C5(OCCO5)C3C=C4
  -ISIS-

 18 22  0  0  0  0  0  0  0  0  1
    0.4769   -7.5621   -2.5063  C  0  0  0  0  0
    0.6472   -6.2084   -1.8069  C  0  0  0  0  0
    1.7584   -6.1705   -1.0293  C  0  0  0  0  0
    2.2786   -7.5653   -0.9585  C  0  0  0  0  0
    3.6127   -8.3380   -0.7549  C  0  0  0  0  0
    4.1180   -8.6854   -2.1748  C  0  0  0  0  0
    2.7116   -9.2569   -2.6161  C  0  0  0  0  0
    1.9260   -7.9596   -2.4229  C  0  0  0  0  0
    2.5028  -10.2486   -1.4849  C  0  0  0  0  0
    3.0989   -9.7415   -0.3875  C  0  0  0  0  0
    5.1712   -9.6660   -2.1915  O  0  0  0  0  0
    6.0843   -9.2053   -3.1810  C  0  0  0  0  0
    5.9588   -7.7134   -3.0802  C  0  0  0  0  0
    4.5606   -7.5220   -2.8874  O  0  0  0  0  0
   -0.4196   -8.3993   -1.7898  O  0  0  0  0  0
   -1.2804   -8.9351   -2.7922  C  0  0  0  0  0
   -1.2926   -7.8695   -3.8553  C  0  0  0  0  0
    0.0517   -7.3924   -3.8555  O  0  0  0  0  0
  1  8  1  0  0  0
  1 18  1  0  0  0
  1  2  1  0  0  0
  1 15  1  0  0  0
  2  3  2  0  0  0
  3  4  1  0  0  0
  4  8  1  0  0  0
  4  5  1  0  0  0
  5 10  1  0  0  0
  5  6  1  0  0  0
  6 14  1  0  0  0
  6  7  1  0  0  0
  6 11  1  0  0  0
  7  8  1  0  0  0
  7  9  1  0  0  0
  9 10  2  0  0  0
 11 12  1  0  0  0
 12 13  1  0  0  0
 13 14  1  0  0  0
 15 16  1  0  0  0
 16 17  1  0  0  0
 17 18  1  0  0  0
M  END
$$$$
