C12(OC3OC4C(C3O1)NCC4)CCCCC2
  -ISIS-

 16 19  0  0  0  0  0  0  0  0  1
   -2.5473   -3.4261    9.2482  O  0  0  0  0  0
   -3.1683   -2.4629    8.3989  C  0  0  0  0  0
   -2.5561   -2.6281    6.9933  C  0  0  0  0  0
   -2.6980   -4.1177    6.9668  C  0  0  0  0  0
   -1.9985   -4.3554    8.3039  C  0  0  0  0  0
   -2.1490   -5.7566    8.4261  O  0  0  0  0  0
   -1.8825   -6.1864    7.0537  C  0  0  0  0  0
   -1.9738   -5.0248    6.1639  O  0  0  0  0  0
   -2.9297   -7.2341    6.6567  C  0  0  0  0  0
   -2.6446   -7.8365    5.2828  C  0  0  0  0  0
   -1.2316   -8.4078    5.2046  C  0  0  0  0  0
   -0.1794   -7.3720    5.5909  C  0  0  0  0  0
   -0.4651   -6.7641    6.9628  C  0  0  0  0  0
   -3.3071   -1.6413    6.2686  N  0  0  0  0  0
   -3.6857   -0.5354    7.1749  C  0  0  0  0  0
   -3.1254   -0.9520    8.5711  C  0  0  0  0  0
  1  5  1  0  0  0
  1  2  1  0  0  0
  2 16  1  0  0  0
  2  3  1  0  0  0
  3  4  1  0  0  0
  3 14  1  0  0  0
  4  8  1  0  0  0
  4  5  1  0  0  0
  5  6  1  0  0  0
  6  7  1  0  0  0
  7 13  1  0  0  0
  7  8  1  0  0  0
  7  9  1  0  0  0
  9 10  1  0  0  0
 10 11  1  0  0  0
 11 12  1  0  0  0
 12 13  1  0  0  0
 14 15  1  0  0  0
 15 16  1  0  0  0
M  END
$$$$
