C12(C3CCN(C1)CC3)CNCC2
  -ISIS-

 12 14  0  0  0  0  0  0  0  0  1
    5.0573    4.0488    1.2296  C  0  0  0  0  0
    5.4012    4.8452    2.2770  N  0  0  0  0  0
    4.4466    4.8398    3.2505  C  0  0  0  0  0
    3.3459    3.9044    2.8343  C  0  0  0  0  0
    3.9457    3.1123    1.6630  C  0  0  0  0  0
    4.5293    1.7330    2.1026  C  0  0  0  0  0
    5.2844    1.0788    0.9213  C  0  0  0  0  0
    4.3867    1.0156   -0.3163  C  0  0  0  0  0
    2.9852    1.4308    0.1012  N  0  0  0  0  0
    2.9565    2.9021    0.5064  C  0  0  0  0  0
    2.4739    0.5504    1.2212  C  0  0  0  0  0
    3.3673    0.7711    2.4450  C  0  0  0  0  0
  1  5  1  0  0  0
  1  2  1  0  0  0
  2  3  1  0  0  0
  3  4  1  0  0  0
  4  5  1  0  0  0
  5 10  1  0  0  0
  5  6  1  0  0  0
  6 12  1  0  0  0
  6  7  1  0  0  0
  7  8  1  0  0  0
  8  9  1  0  0  0
  9 10  1  0  0  0
  9 11  1  0  0  0
 11 12  1  0  0  0
M  END
$$$$
