C12(OCC3(CO1)CC=CCC3)CCCC2
  -ISIS-

 15 17  0  0  0  0  0  0  0  0  1
    2.6452    0.6876   -0.4741  C  0  0  0  0  0
    1.8665    1.1111    0.8281  C  0  0  0  0  0
    0.6545    0.1884    1.0850  C  0  0  0  0  0
    0.9344   -1.2764    0.8584  C  0  0  0  0  0
    2.0165   -1.7123    0.1903  C  0  0  0  0  0
    3.0654   -0.8215   -0.4364  C  0  0  0  0  0
    1.7143    0.9023   -1.7020  C  0  0  0  0  0
    1.3640    2.2744   -1.8595  O  0  0  0  0  0
    2.4951    3.1365   -1.9651  C  0  0  0  0  0
    3.4150    2.9680   -0.8968  O  0  0  0  0  0
    3.8425    1.6182   -0.7481  C  0  0  0  0  0
    1.9768    4.5768   -1.9331  C  0  0  0  0  0
    1.4524    4.8351   -3.3433  C  0  0  0  0  0
    2.1851    3.8483   -4.2513  C  0  0  0  0  0
    3.1543    3.0922   -3.3479  C  0  0  0  0  0
  1  6  1  0  0  0
  1 11  1  0  0  0
  1  2  1  0  0  0
  1  7  1  0  0  0
  2  3  1  0  0  0
  3  4  1  0  0  0
  4  5  2  0  0  0
  5  6  1  0  0  0
  7  8  1  0  0  0
  8  9  1  0  0  0
  9 15  1  0  0  0
  9 10  1  0  0  0
  9 12  1  0  0  0
 10 11  1  0  0  0
 12 13  1  0  0  0
 13 14  1  0  0  0
 14 15  1  0  0  0
M  END
$$$$
C12(OCC3(CO1)CC=CCC3)CCCC2
  -ISIS-

 15 17  0  0  0  0  0  0  0  0  1
    2.6452    0.6876   -0.4741  C  0  0  0  0  0
    1.8665    1.1111    0.8281  C  0  0  0  0  0
    0.6545    0.1884    1.0850  C  0  0  0  0  0
    0.9344   -1.2764    0.8584  C  0  0  0  0  0
    2.0165   -1.7123    0.1903  C  0  0  0  0  0
    3.0654   -0.8215   -0.4364  C  0  0  0  0  0
    1.7143    0.9023   -1.7020  C  0  0  0  0  0
    1.3640    2.2744   -1.8595  O  0  0  0  0  0
    2.4951    3.1365   -1.9651  C  0  0  0  0  0
    3.4150    2.9680   -0.8968  O  0  0  0  0  0
    3.8425    1.6182   -0.7481  C  0  0  0  0  0
    1.9768    4.5768   -1.9331  C  0  0  0  0  0
    1.4524    4.8351   -3.3433  C  0  0  0  0  0
    2.1851    3.8483   -4.2513  C  0  0  0  0  0
    3.1543    3.0922   -3.3479  C  0  0  0  0  0
  1  6  1  0  0  0
  1 11  1  0  0  0
  1  2  1  0  0  0
  1  7  1  0  0  0
  2  3  1  0  0  0
  3  4  1  0  0  0
  4  5  2  0  0  0
  5  6  1  0  0  0
  7  8  1  0  0  0
  8  9  1  0  0  0
  9 15  1  0  0  0
  9 10  1  0  0  0
  9 12  1  0  0  0
 10 11  1  0  0  0
 12 13  1  0  0  0
 13 14  1  0  0  0
 14 15  1  0  0  0
M  END
$$$$
C12(OCC3(CO1)CC=CCC3)CCCC2
  -ISIS-

 15 17  0  0  0  0  0  0  0  0  1
    2.6452    0.6876   -0.4741  C  0  0  0  0  0
    1.8665    1.1111    0.8281  C  0  0  0  0  0
    0.6545    0.1884    1.0850  C  0  0  0  0  0
    0.9344   -1.2764    0.8584  C  0  0  0  0  0
    2.0165   -1.7123    0.1903  C  0  0  0  0  0
    3.0654   -0.8215   -0.4364  C  0  0  0  0  0
    1.7143    0.9023   -1.7020  C  0  0  0  0  0
    1.3640    2.2744   -1.8595  O  0  0  0  0  0
    2.4951    3.1365   -1.9651  C  0  0  0  0  0
    3.4150    2.9680   -0.8968  O  0  0  0  0  0
    3.8425    1.6182   -0.7481  C  0  0  0  0  0
    1.9768    4.5768   -1.9331  C  0  0  0  0  0
    1.4524    4.8351   -3.3433  C  0  0  0  0  0
    2.1851    3.8483   -4.2513  C  0  0  0  0  0
    3.1543    3.0922   -3.3479  C  0  0  0  0  0
  1  6  1  0  0  0
  1 11  1  0  0  0
  1  2  1  0  0  0
  1  7  1  0  0  0
  2  3  1  0  0  0
  3  4  1  0  0  0
  4  5  2  0  0  0
  5  6  1  0  0  0
  7  8  1  0  0  0
  8  9  1  0  0  0
  9 15  1  0  0  0
  9 10  1  0  0  0
  9 12  1  0  0  0
 10 11  1  0  0  0
 12 13  1  0  0  0
 13 14  1  0  0  0
 14 15  1  0  0  0
M  END
$$$$
