C12(Oc3c(O1)cccc3)CCCC2
  -ISIS-

 13 15  0  0  0  0  0  0  0  0  1
    6.1155    0.0926    3.8399  C  0  0  0  0  0
    4.7312    0.5112    3.7916  O  0  0  0  0  0
    4.2992   -0.1605    2.6895  C  0  0  0  0  0
    5.2937   -0.9137    2.1139  C  0  0  0  0  0
    6.4765   -0.8076    2.7763  O  0  0  0  0  0
    5.0581   -1.6899    1.0025  C  0  0  0  0  0
    3.7656   -1.6773    0.4652  C  0  0  0  0  0
    2.7524   -0.8658    1.0157  C  0  0  0  0  0
    3.0180   -0.1327    2.1781  C  0  0  0  0  0
    6.4156   -0.5317    5.2019  C  0  0  0  0  0
    6.5430    0.6624    6.1434  C  0  0  0  0  0
    6.9433    1.8520    5.2689  C  0  0  0  0  0
    7.0236    1.3215    3.8399  C  0  0  0  0  0
  1  5  1  0  0  0
  1 13  1  0  0  0
  1  2  1  0  0  0
  1 10  1  0  0  0
  2  3  1  0  0  0
  3  9  2  0  0  0
  3  4  1  0  0  0
  4  5  1  0  0  0
  4  6  2  0  0  0
  6  7  1  0  0  0
  7  8  2  0  0  0
  8  9  1  0  0  0
 10 11  1  0  0  0
 11 12  1  0  0  0
 12 13  1  0  0  0
M  END
$$$$
C12(Oc3c(O1)cccc3)CCCC2
  -ISIS-

 13 15  0  0  0  0  0  0  0  0  1
   -3.2699    2.4706   -0.8090  C  0  0  0  0  0
   -3.0938    2.8934    0.5547  O  0  0  0  0  0
   -1.9266    3.5886    0.4653  C  0  0  0  0  0
   -1.4262    3.6036   -0.8142  C  0  0  0  0  0
   -2.2124    2.9211   -1.6887  O  0  0  0  0  0
   -0.2549    4.2547   -1.1227  C  0  0  0  0  0
    0.4167    4.9068   -0.0822  C  0  0  0  0  0
   -0.0886    4.8945    1.2385  C  0  0  0  0  0
   -1.2849    4.2231    1.5110  C  0  0  0  0  0
   -4.6207    2.9369   -1.3500  C  0  0  0  0  0
   -4.9154    1.9820   -2.5035  C  0  0  0  0  0
   -4.1274    0.7040   -2.2096  C  0  0  0  0  0
   -3.3950    0.9501   -0.8933  C  0  0  0  0  0
  1  5  1  0  0  0
  1 13  1  0  0  0
  1  2  1  0  0  0
  1 10  1  0  0  0
  2  3  1  0  0  0
  3  9  2  0  0  0
  3  4  1  0  0  0
  4  5  1  0  0  0
  4  6  2  0  0  0
  6  7  1  0  0  0
  7  8  2  0  0  0
  8  9  1  0  0  0
 10 11  1  0  0  0
 11 12  1  0  0  0
 12 13  1  0  0  0
M  END
$$$$
C12(Oc3c(O1)cccc3)CCCC2
  -ISIS-

 13 15  0  0  0  0  0  0  0  0  1
    2.6195   -4.1454   -0.3246  C  0  0  0  0  0
    3.6671   -3.4241    0.5190  C  0  0  0  0  0
    3.2792   -1.9493    0.4227  C  0  0  0  0  0
    1.7540   -2.0107    0.4900  C  0  0  0  0  0
    1.3886   -3.2367   -0.3424  C  0  0  0  0  0
    3.8095   -1.2083    1.5374  O  0  0  0  0  0
    4.5312   -0.2505    0.8944  C  0  0  0  0  0
    4.4612   -0.3718   -0.4722  C  0  0  0  0  0
    3.6886   -1.4209   -0.8607  O  0  0  0  0  0
    5.1160    0.5008   -1.3097  C  0  0  0  0  0
    5.8656    1.5257   -0.7193  C  0  0  0  0  0
    5.9605    1.6660    0.6925  C  0  0  0  0  0
    5.2621    0.7494    1.5031  C  0  0  0  0  0
  1  5  1  0  0  0
  1  2  1  0  0  0
  2  3  1  0  0  0
  3  9  1  0  0  0
  3  4  1  0  0  0
  3  6  1  0  0  0
  4  5  1  0  0  0
  6  7  1  0  0  0
  7 13  2  0  0  0
  7  8  1  0  0  0
  8  9  1  0  0  0
  8 10  2  0  0  0
 10 11  1  0  0  0
 11 12  2  0  0  0
 12 13  1  0  0  0
M  END
$$$$
C12(Oc3c(O1)cccc3)CCCC2
  -ISIS-

 13 15  0  0  0  0  0  0  0  0  1
    1.3845    4.2760   -2.1541  C  0  0  0  0  0
    2.1440    4.3147   -0.9230  O  0  0  0  0  0
    1.3804    3.5181   -0.1262  C  0  0  0  0  0
    0.2707    3.0375   -0.7783  C  0  0  0  0  0
    0.1981    3.4655   -2.0669  O  0  0  0  0  0
   -0.6467    2.2329   -0.1423  C  0  0  0  0  0
   -0.4039    1.9063    1.1968  C  0  0  0  0  0
    0.7599    2.3490    1.8585  C  0  0  0  0  0
    1.6402    3.2102    1.1934  C  0  0  0  0  0
    2.2817    3.8007   -3.2959  C  0  0  0  0  0
    3.1353    5.0191   -3.6366  C  0  0  0  0  0
    2.3326    6.2405   -3.1847  C  0  0  0  0  0
    1.0364    5.6994   -2.5872  C  0  0  0  0  0
  1  5  1  0  0  0
  1 13  1  0  0  0
  1  2  1  0  0  0
  1 10  1  0  0  0
  2  3  1  0  0  0
  3  9  2  0  0  0
  3  4  1  0  0  0
  4  5  1  0  0  0
  4  6  2  0  0  0
  6  7  1  0  0  0
  7  8  2  0  0  0
  8  9  1  0  0  0
 10 11  1  0  0  0
 11 12  1  0  0  0
 12 13  1  0  0  0
M  END
$$$$
C12(Oc3c(O1)cccc3)CCCC2
  -ISIS-

 13 15  0  0  0  0  0  0  0  0  1
   -5.1926   -3.0729    5.4801  C  0  0  0  0  0
   -4.2797   -3.4451    6.4701  C  0  0  0  0  0
   -3.3527   -4.4125    6.1472  C  0  0  0  0  0
   -3.3169   -5.0020    4.9052  C  0  0  0  0  0
   -4.2106   -4.6597    3.9146  C  0  0  0  0  0
   -5.1608   -3.6775    4.2102  C  0  0  0  0  0
   -2.3210   -5.9212    4.7961  O  0  0  0  0  0
   -1.7184   -5.8329    6.1005  C  0  0  0  0  0
   -2.3824   -4.8884    6.9737  O  0  0  0  0  0
   -0.2370   -5.4743    5.9892  C  0  0  0  0  0
    0.3692   -5.9685    7.2997  C  0  0  0  0  0
   -0.5497   -7.0854    7.7986  C  0  0  0  0  0
   -1.6710   -7.2051    6.7697  C  0  0  0  0  0
  1  6  2  0  0  0
  1  2  1  0  0  0
  2  3  2  0  0  0
  3  9  1  0  0  0
  3  4  1  0  0  0
  4  5  2  0  0  0
  4  7  1  0  0  0
  5  6  1  0  0  0
  7  8  1  0  0  0
  8 13  1  0  0  0
  8  9  1  0  0  0
  8 10  1  0  0  0
 10 11  1  0  0  0
 11 12  1  0  0  0
 12 13  1  0  0  0
M  END
$$$$
C12(Oc3c(O1)cccc3)CCCC2
  -ISIS-

 13 15  0  0  0  0  0  0  0  0  1
   -1.6904   -3.8963   -2.3222  C  0  0  0  0  0
   -1.5922   -3.1953   -1.0679  O  0  0  0  0  0
   -1.3906   -4.2303   -0.2076  C  0  0  0  0  0
   -1.3653   -5.4452   -0.8467  C  0  0  0  0  0
   -1.5473   -5.3297   -2.1888  O  0  0  0  0  0
   -1.1734   -6.6181   -0.1542  C  0  0  0  0  0
   -1.0032   -6.5380    1.2346  C  0  0  0  0  0
   -1.0283   -5.2962    1.8990  C  0  0  0  0  0
   -1.2260   -4.1215    1.1580  C  0  0  0  0  0
   -3.0111   -3.5744   -3.0200  C  0  0  0  0  0
   -2.7426   -3.8718   -4.4928  C  0  0  0  0  0
   -1.2303   -3.7422   -4.6844  C  0  0  0  0  0
   -0.6604   -3.3673   -3.3192  C  0  0  0  0  0
  1  5  1  0  0  0
  1 13  1  0  0  0
  1  2  1  0  0  0
  1 10  1  0  0  0
  2  3  1  0  0  0
  3  9  2  0  0  0
  3  4  1  0  0  0
  4  5  1  0  0  0
  4  6  2  0  0  0
  6  7  1  0  0  0
  7  8  2  0  0  0
  8  9  1  0  0  0
 10 11  1  0  0  0
 11 12  1  0  0  0
 12 13  1  0  0  0
M  END
$$$$
C12(Oc3c(O1)cccc3)CCCC2
  -ISIS-

 13 15  0  0  0  0  0  0  0  0  1
    0.8057    2.3729   -4.5892  C  0  0  0  0  0
    1.7374    1.6587   -3.7415  O  0  0  0  0  0
    2.6030    2.6570   -3.4156  C  0  0  0  0  0
    2.2565    3.8562   -3.9872  C  0  0  0  0  0
    1.1311    3.7661   -4.7441  O  0  0  0  0  0
    3.0031    4.9925   -3.7798  C  0  0  0  0  0
    4.1376    4.8910   -2.9629  C  0  0  0  0  0
    4.5028    3.6641   -2.3754  C  0  0  0  0  0
    3.7136    2.5275   -2.6073  C  0  0  0  0  0
   -0.6130    2.2051   -4.0473  C  0  0  0  0  0
   -1.0141    0.7948   -4.4710  C  0  0  0  0  0
   -0.1605    0.4597   -5.6957  C  0  0  0  0  0
    0.7164    1.6828   -5.9495  C  0  0  0  0  0
  1  5  1  0  0  0
  1 13  1  0  0  0
  1  2  1  0  0  0
  1 10  1  0  0  0
  2  3  1  0  0  0
  3  9  2  0  0  0
  3  4  1  0  0  0
  4  5  1  0  0  0
  4  6  2  0  0  0
  6  7  1  0  0  0
  7  8  2  0  0  0
  8  9  1  0  0  0
 10 11  1  0  0  0
 11 12  1  0  0  0
 12 13  1  0  0  0
M  END
$$$$
C12(Oc3c(O1)cccc3)CCCC2
  -ISIS-

 13 15  0  0  0  0  0  0  0  0  1
   -6.9390   -3.8413    1.8716  C  0  0  0  0  0
   -6.2798   -2.7485    2.4964  C  0  0  0  0  0
   -4.8851   -2.6228    2.4801  C  0  0  0  0  0
   -4.1645   -3.6039    1.8394  C  0  0  0  0  0
   -2.8106   -3.6503    1.7236  O  0  0  0  0  0
   -2.6425   -4.8765    0.9732  C  0  0  0  0  0
   -3.8878   -5.5300    0.6668  O  0  0  0  0  0
   -4.7792   -4.6743    1.2364  C  0  0  0  0  0
   -6.1508   -4.8233    1.2373  C  0  0  0  0  0
   -1.7089   -5.8186    1.7318  C  0  0  0  0  0
   -0.3144   -5.2520    1.4792  C  0  0  0  0  0
   -0.4057   -4.4646    0.1707  C  0  0  0  0  0
   -1.8508   -4.5941   -0.3028  C  0  0  0  0  0
  1  9  2  0  0  0
  1  2  1  0  0  0
  2  3  2  0  0  0
  3  4  1  0  0  0
  4  8  2  0  0  0
  4  5  1  0  0  0
  5  6  1  0  0  0
  6 13  1  0  0  0
  6  7  1  0  0  0
  6 10  1  0  0  0
  7  8  1  0  0  0
  8  9  1  0  0  0
 10 11  1  0  0  0
 11 12  1  0  0  0
 12 13  1  0  0  0
M  END
$$$$
C12(Oc3c(O1)cccc3)CCCC2
  -ISIS-

 13 15  0  0  0  0  0  0  0  0  1
    9.7872   -1.0736   -4.2815  C  0  0  0  0  0
    9.6305   -1.7430   -3.0163  O  0  0  0  0  0
    9.4003   -0.6871   -2.1925  C  0  0  0  0  0
    9.1841   -0.7523   -0.8377  C  0  0  0  0  0
    8.9588    0.4525   -0.1621  C  0  0  0  0  0
    8.9310    1.6936   -0.8442  C  0  0  0  0  0
    9.1985    1.7180   -2.2123  C  0  0  0  0  0
    9.4170    0.5144   -2.8564  C  0  0  0  0  0
    9.6779    0.3658   -4.1848  O  0  0  0  0  0
    8.7827   -1.6004   -5.3053  C  0  0  0  0  0
    9.4150   -1.2817   -6.6576  C  0  0  0  0  0
   10.9194   -1.1614   -6.4076  C  0  0  0  0  0
   11.1245   -1.4424   -4.9221  C  0  0  0  0  0
  1  9  1  0  0  0
  1 13  1  0  0  0
  1  2  1  0  0  0
  1 10  1  0  0  0
  2  3  1  0  0  0
  3  8  2  0  0  0
  3  4  1  0  0  0
  4  5  2  0  0  0
  5  6  1  0  0  0
  6  7  2  0  0  0
  7  8  1  0  0  0
  8  9  1  0  0  0
 10 11  1  0  0  0
 11 12  1  0  0  0
 12 13  1  0  0  0
M  END
$$$$
C12(Oc3c(O1)cccc3)CCCC2
  -ISIS-

 13 15  0  0  0  0  0  0  0  0  1
   -2.7310    4.2883   -1.6312  C  0  0  0  0  0
   -1.6678    3.5527   -2.2206  C  0  0  0  0  0
   -1.8548    2.2555   -2.7143  C  0  0  0  0  0
   -3.1146    1.7120   -2.6162  C  0  0  0  0  0
   -3.4830    0.4742   -3.0416  O  0  0  0  0  0
   -4.8855    0.4687   -2.6839  C  0  0  0  0  0
   -5.3181    1.6933   -2.0636  O  0  0  0  0  0
   -4.1598    2.4071   -2.0582  C  0  0  0  0  0
   -4.0041    3.6859   -1.5640  C  0  0  0  0  0
   -5.7294    0.1605   -3.9198  C  0  0  0  0  0
   -5.5775   -1.3457   -4.1138  C  0  0  0  0  0
   -5.2278   -1.9184   -2.7389  C  0  0  0  0  0
   -5.1812   -0.7294   -1.7829  C  0  0  0  0  0
  1  9  2  0  0  0
  1  2  1  0  0  0
  2  3  2  0  0  0
  3  4  1  0  0  0
  4  8  2  0  0  0
  4  5  1  0  0  0
  5  6  1  0  0  0
  6 13  1  0  0  0
  6  7  1  0  0  0
  6 10  1  0  0  0
  7  8  1  0  0  0
  8  9  1  0  0  0
 10 11  1  0  0  0
 11 12  1  0  0  0
 12 13  1  0  0  0
M  END
$$$$
C12(Oc3c(O1)cccc3)CCCC2
  -ISIS-

 13 15  0  0  0  0  0  0  0  0  1
    1.7579   -0.5999   -4.3441  C  0  0  0  0  0
    1.3744   -1.2246   -3.1052  O  0  0  0  0  0
    0.4206   -2.0922   -3.5367  C  0  0  0  0  0
   -0.3135   -2.9442   -2.7439  C  0  0  0  0  0
   -1.2623   -3.7587   -3.3727  C  0  0  0  0  0
   -1.4306   -3.7391   -4.7725  C  0  0  0  0  0
   -0.7030   -2.8197   -5.5369  C  0  0  0  0  0
    0.2266   -2.0275   -4.8953  C  0  0  0  0  0
    1.0321   -1.1051   -5.4895  O  0  0  0  0  0
    1.5917    0.9167   -4.2595  C  0  0  0  0  0
    2.5306    1.4597   -5.3336  C  0  0  0  0  0
    3.6046    0.3898   -5.5398  C  0  0  0  0  0
    3.2601   -0.7478   -4.5823  C  0  0  0  0  0
  1  9  1  0  0  0
  1 13  1  0  0  0
  1  2  1  0  0  0
  1 10  1  0  0  0
  2  3  1  0  0  0
  3  8  2  0  0  0
  3  4  1  0  0  0
  4  5  2  0  0  0
  5  6  1  0  0  0
  6  7  2  0  0  0
  7  8  1  0  0  0
  8  9  1  0  0  0
 10 11  1  0  0  0
 11 12  1  0  0  0
 12 13  1  0  0  0
M  END
$$$$
C12(Oc3c(O1)cccc3)CCCC2
  -ISIS-

 13 15  0  0  0  0  0  0  0  0  1
   -0.6174   -0.3107    4.7684  C  0  0  0  0  0
   -1.0398   -1.5165    5.3569  C  0  0  0  0  0
   -2.0081   -2.3088    4.7332  C  0  0  0  0  0
   -2.5317   -1.8566    3.5418  C  0  0  0  0  0
   -3.4795   -2.4883    2.7990  O  0  0  0  0  0
   -3.6416   -1.5610    1.7101  C  0  0  0  0  0
   -2.7762   -0.4048    1.8102  O  0  0  0  0  0
   -2.1290   -0.6680    2.9780  C  0  0  0  0  0
   -1.1774    0.1358    3.5688  C  0  0  0  0  0
   -3.4143   -2.2567    0.3690  C  0  0  0  0  0
   -4.1501   -1.3793   -0.6397  C  0  0  0  0  0
   -5.2369   -0.6457    0.1485  C  0  0  0  0  0
   -5.0960   -1.1063    1.5969  C  0  0  0  0  0
  1  9  2  0  0  0
  1  2  1  0  0  0
  2  3  2  0  0  0
  3  4  1  0  0  0
  4  8  2  0  0  0
  4  5  1  0  0  0
  5  6  1  0  0  0
  6 13  1  0  0  0
  6  7  1  0  0  0
  6 10  1  0  0  0
  7  8  1  0  0  0
  8  9  1  0  0  0
 10 11  1  0  0  0
 11 12  1  0  0  0
 12 13  1  0  0  0
M  END
$$$$
C12(Oc3c(O1)cccc3)CCCC2
  -ISIS-

 13 15  0  0  0  0  0  0  0  0  1
    4.3033   -3.1617   -0.1123  C  0  0  0  0  0
    4.5154   -2.1706    0.8648  C  0  0  0  0  0
    4.9864   -0.9067    0.4964  C  0  0  0  0  0
    5.2155   -0.6751   -0.8427  C  0  0  0  0  0
    5.6667    0.4890   -1.3821  O  0  0  0  0  0
    5.6825    0.1505   -2.7892  C  0  0  0  0  0
    5.2709   -1.2032   -3.0533  O  0  0  0  0  0
    4.9893   -1.6409   -1.7962  C  0  0  0  0  0
    4.5249   -2.8951   -1.4648  C  0  0  0  0  0
    7.0734    0.4141   -3.3639  C  0  0  0  0  0
    7.1295    1.9292   -3.5407  C  0  0  0  0  0
    5.6782    2.3982   -3.6614  C  0  0  0  0  0
    4.8176    1.1416   -3.5667  C  0  0  0  0  0
  1  9  2  0  0  0
  1  2  1  0  0  0
  2  3  2  0  0  0
  3  4  1  0  0  0
  4  8  2  0  0  0
  4  5  1  0  0  0
  5  6  1  0  0  0
  6 13  1  0  0  0
  6  7  1  0  0  0
  6 10  1  0  0  0
  7  8  1  0  0  0
  8  9  1  0  0  0
 10 11  1  0  0  0
 11 12  1  0  0  0
 12 13  1  0  0  0
M  END
$$$$
C12(Oc3c(O1)cccc3)CCCC2
  -ISIS-

 13 15  0  0  0  0  0  0  0  0  1
   -2.9577    7.1827   -1.5420  C  0  0  0  0  0
   -1.8859    7.8499   -2.2328  O  0  0  0  0  0
   -1.3929    6.8346   -2.9903  C  0  0  0  0  0
   -0.3342    6.9182   -3.8645  C  0  0  0  0  0
    0.0327    5.7590   -4.5616  C  0  0  0  0  0
   -0.6608    4.5476   -4.3726  C  0  0  0  0  0
   -1.7352    4.5015   -3.4717  C  0  0  0  0  0
   -2.0740    5.6578   -2.7998  C  0  0  0  0  0
   -3.0842    5.7846   -1.8968  O  0  0  0  0  0
   -2.7921    7.3151   -0.0288  C  0  0  0  0  0
   -4.1989    7.1046    0.5240  C  0  0  0  0  0
   -5.1601    7.4835   -0.6044  C  0  0  0  0  0
   -4.2865    7.8964   -1.7860  C  0  0  0  0  0
  1  9  1  0  0  0
  1 13  1  0  0  0
  1  2  1  0  0  0
  1 10  1  0  0  0
  2  3  1  0  0  0
  3  8  2  0  0  0
  3  4  1  0  0  0
  4  5  2  0  0  0
  5  6  1  0  0  0
  6  7  2  0  0  0
  7  8  1  0  0  0
  8  9  1  0  0  0
 10 11  1  0  0  0
 11 12  1  0  0  0
 12 13  1  0  0  0
M  END
$$$$
C12(Oc3c(O1)cccc3)CCCC2
  -ISIS-

 13 15  0  0  0  0  0  0  0  0  1
    5.2111   -4.7784   -1.1696  C  0  0  0  0  0
    4.6441   -5.6564   -0.2261  C  0  0  0  0  0
    4.1005   -6.8772   -0.6370  C  0  0  0  0  0
    4.1560   -7.1826   -1.9800  C  0  0  0  0  0
    3.6835   -8.3204   -2.5559  O  0  0  0  0  0
    4.0318   -8.0973   -3.9350  C  0  0  0  0  0
    4.6834   -6.8252   -4.1616  O  0  0  0  0  0
    4.7272   -6.3290   -2.8954  C  0  0  0  0  0
    5.2727   -5.1201   -2.5219  C  0  0  0  0  0
    4.9143   -9.2283   -4.4613  C  0  0  0  0  0
    4.7229   -9.1813   -5.9746  C  0  0  0  0  0
    3.3567   -8.5342   -6.2103  C  0  0  0  0  0
    2.7970   -8.2073   -4.8282  C  0  0  0  0  0
  1  9  2  0  0  0
  1  2  1  0  0  0
  2  3  2  0  0  0
  3  4  1  0  0  0
  4  8  2  0  0  0
  4  5  1  0  0  0
  5  6  1  0  0  0
  6 13  1  0  0  0
  6  7  1  0  0  0
  6 10  1  0  0  0
  7  8  1  0  0  0
  8  9  1  0  0  0
 10 11  1  0  0  0
 11 12  1  0  0  0
 12 13  1  0  0  0
M  END
$$$$
C12(Oc3c(O1)cccc3)CCCC2
  -ISIS-

 13 15  0  0  0  0  0  0  0  0  1
   -2.5262    0.0658    3.6094  C  0  0  0  0  0
   -3.9098   -0.2817    3.3671  O  0  0  0  0  0
   -3.7759   -1.5511    2.8982  C  0  0  0  0  0
   -4.8036   -2.3870    2.5263  C  0  0  0  0  0
   -4.4657   -3.6684    2.0761  C  0  0  0  0  0
   -3.1198   -4.0740    1.9663  C  0  0  0  0  0
   -2.1071   -3.2135    2.4060  C  0  0  0  0  0
   -2.4639   -1.9551    2.8453  C  0  0  0  0  0
   -1.6066   -0.9915    3.2800  O  0  0  0  0  0
   -2.1770    1.3434    2.8472  C  0  0  0  0  0
   -2.7998    2.4614    3.6788  C  0  0  0  0  0
   -2.9132    1.9186    5.1046  C  0  0  0  0  0
   -2.3531    0.4994    5.0643  C  0  0  0  0  0
  1  9  1  0  0  0
  1 13  1  0  0  0
  1  2  1  0  0  0
  1 10  1  0  0  0
  2  3  1  0  0  0
  3  8  2  0  0  0
  3  4  1  0  0  0
  4  5  2  0  0  0
  5  6  1  0  0  0
  6  7  2  0  0  0
  7  8  1  0  0  0
  8  9  1  0  0  0
 10 11  1  0  0  0
 11 12  1  0  0  0
 12 13  1  0  0  0
M  END
$$$$
C12(Oc3c(O1)cccc3)CCCC2
  -ISIS-

 13 15  0  0  0  0  0  0  0  0  1
   -4.7403   -1.9145    1.0701  C  0  0  0  0  0
   -5.0511   -1.9135    2.4419  C  0  0  0  0  0
   -6.1744   -2.5990    2.9135  C  0  0  0  0  0
   -6.9537   -3.2591    1.9887  C  0  0  0  0  0
   -8.0793   -3.9718    2.2612  O  0  0  0  0  0
   -8.4581   -4.4048    0.9330  C  0  0  0  0  0
   -7.5482   -3.9606   -0.0904  O  0  0  0  0  0
   -6.6501   -3.2528    0.6469  C  0  0  0  0  0
   -5.5502   -2.5858    0.1517  C  0  0  0  0  0
   -9.8828   -3.9439    0.6287  C  0  0  0  0  0
  -10.7683   -4.9188    1.4001  C  0  0  0  0  0
   -9.9397   -6.1914    1.5858  C  0  0  0  0  0
   -8.5975   -5.9260    0.9097  C  0  0  0  0  0
  1  9  2  0  0  0
  1  2  1  0  0  0
  2  3  2  0  0  0
  3  4  1  0  0  0
  4  8  2  0  0  0
  4  5  1  0  0  0
  5  6  1  0  0  0
  6 13  1  0  0  0
  6  7  1  0  0  0
  6 10  1  0  0  0
  7  8  1  0  0  0
  8  9  1  0  0  0
 10 11  1  0  0  0
 11 12  1  0  0  0
 12 13  1  0  0  0
M  END
$$$$
