C12(OCCC1)C3C(CC4C(C=CC3)CCC4)CC2
  -ISIS-

 18 21  0  0  0  0  0  0  0  0  1
   -1.1108    6.2996    3.0877  C  0  0  0  0  0
   -0.3602    5.1244    3.6898  C  0  0  0  0  0
    0.0021    4.3398    2.4366  C  0  0  0  0  0
    0.1243    5.3064    1.3699  O  0  0  0  0  0
   -0.2283    6.6313    1.8730  C  0  0  0  0  0
    1.1206    7.3266    2.1951  C  0  0  0  0  0
    1.3801    8.2759    1.0255  C  0  0  0  0  0
   -0.0221    8.7746    0.6160  C  0  0  0  0  0
   -0.8130    7.4350    0.6649  C  0  0  0  0  0
   -2.3402    7.5570    0.5251  C  0  0  0  0  0
   -2.8063    7.1208   -0.8402  C  0  0  0  0  0
   -2.6221    7.7196   -2.0318  C  0  0  0  0  0
   -1.9648    9.0195   -2.4065  C  0  0  0  0  0
   -1.3035    9.9283   -1.3485  C  0  0  0  0  0
    0.0352    9.3835   -0.8112  C  0  0  0  0  0
   -1.1720   11.2799   -2.1038  C  0  0  0  0  0
   -2.5042   11.4421   -2.8446  C  0  0  0  0  0
   -2.9806   10.0156   -2.9704  C  0  0  0  0  0
  1  5  1  0  0  0
  1  2  1  0  0  0
  2  3  1  0  0  0
  3  4  1  0  0  0
  4  5  1  0  0  0
  5  9  1  0  0  0
  5  6  1  0  0  0
  6  7  1  0  0  0
  7  8  1  0  0  0
  8 15  1  0  0  0
  8  9  1  0  0  0
  9 10  1  0  0  0
 10 11  1  0  0  0
 11 12  2  0  0  0
 12 13  1  0  0  0
 13 18  1  0  0  0
 13 14  1  0  0  0
 14 15  1  0  0  0
 14 16  1  0  0  0
 16 17  1  0  0  0
 17 18  1  0  0  0
M  END
$$$$
C12(OCCC1)C3C(CC4C(C=CC3)CCC4)CC2
  -ISIS-

 18 21  0  0  0  0  0  0  0  0  1
   -1.1108    6.2996    3.0877  C  0  0  0  0  0
   -0.3602    5.1244    3.6898  C  0  0  0  0  0
    0.0021    4.3398    2.4366  C  0  0  0  0  0
    0.1243    5.3064    1.3699  O  0  0  0  0  0
   -0.2283    6.6313    1.8730  C  0  0  0  0  0
    1.1206    7.3266    2.1951  C  0  0  0  0  0
    1.3801    8.2759    1.0255  C  0  0  0  0  0
   -0.0221    8.7746    0.6160  C  0  0  0  0  0
   -0.8130    7.4350    0.6649  C  0  0  0  0  0
   -2.3402    7.5570    0.5251  C  0  0  0  0  0
   -2.8063    7.1208   -0.8402  C  0  0  0  0  0
   -2.6221    7.7196   -2.0318  C  0  0  0  0  0
   -1.9648    9.0195   -2.4065  C  0  0  0  0  0
   -1.3035    9.9283   -1.3485  C  0  0  0  0  0
    0.0352    9.3835   -0.8112  C  0  0  0  0  0
   -1.1720   11.2799   -2.1038  C  0  0  0  0  0
   -2.5042   11.4421   -2.8446  C  0  0  0  0  0
   -2.9806   10.0156   -2.9704  C  0  0  0  0  0
  1  5  1  0  0  0
  1  2  1  0  0  0
  2  3  1  0  0  0
  3  4  1  0  0  0
  4  5  1  0  0  0
  5  9  1  0  0  0
  5  6  1  0  0  0
  6  7  1  0  0  0
  7  8  1  0  0  0
  8 15  1  0  0  0
  8  9  1  0  0  0
  9 10  1  0  0  0
 10 11  1  0  0  0
 11 12  2  0  0  0
 12 13  1  0  0  0
 13 18  1  0  0  0
 13 14  1  0  0  0
 14 15  1  0  0  0
 14 16  1  0  0  0
 16 17  1  0  0  0
 17 18  1  0  0  0
M  END
$$$$
C12(OCCC1)C3C(CC4C(C=CC3)CCC4)CC2
  -ISIS-

 18 21  0  0  0  0  0  0  0  0  1
   -1.1108    6.2996    3.0877  C  0  0  0  0  0
   -0.3602    5.1244    3.6898  C  0  0  0  0  0
    0.0021    4.3398    2.4366  C  0  0  0  0  0
    0.1243    5.3064    1.3699  O  0  0  0  0  0
   -0.2283    6.6313    1.8730  C  0  0  0  0  0
    1.1206    7.3266    2.1951  C  0  0  0  0  0
    1.3801    8.2759    1.0255  C  0  0  0  0  0
   -0.0221    8.7746    0.6160  C  0  0  0  0  0
   -0.8130    7.4350    0.6649  C  0  0  0  0  0
   -2.3402    7.5570    0.5251  C  0  0  0  0  0
   -2.8063    7.1208   -0.8402  C  0  0  0  0  0
   -2.6221    7.7196   -2.0318  C  0  0  0  0  0
   -1.9648    9.0195   -2.4065  C  0  0  0  0  0
   -1.3035    9.9283   -1.3485  C  0  0  0  0  0
    0.0352    9.3835   -0.8112  C  0  0  0  0  0
   -1.1720   11.2799   -2.1038  C  0  0  0  0  0
   -2.5042   11.4421   -2.8446  C  0  0  0  0  0
   -2.9806   10.0156   -2.9704  C  0  0  0  0  0
  1  5  1  0  0  0
  1  2  1  0  0  0
  2  3  1  0  0  0
  3  4  1  0  0  0
  4  5  1  0  0  0
  5  9  1  0  0  0
  5  6  1  0  0  0
  6  7  1  0  0  0
  7  8  1  0  0  0
  8 15  1  0  0  0
  8  9  1  0  0  0
  9 10  1  0  0  0
 10 11  1  0  0  0
 11 12  2  0  0  0
 12 13  1  0  0  0
 13 18  1  0  0  0
 13 14  1  0  0  0
 14 15  1  0  0  0
 14 16  1  0  0  0
 16 17  1  0  0  0
 17 18  1  0  0  0
M  END
$$$$
C12(OCCC1)C3C(CC4C(C=CC3)CCC4)CC2
  -ISIS-

 18 21  0  0  0  0  0  0  0  0  1
   -1.1108    6.2996    3.0877  C  0  0  0  0  0
   -0.3602    5.1244    3.6898  C  0  0  0  0  0
    0.0021    4.3398    2.4366  C  0  0  0  0  0
    0.1243    5.3064    1.3699  O  0  0  0  0  0
   -0.2283    6.6313    1.8730  C  0  0  0  0  0
    1.1206    7.3266    2.1951  C  0  0  0  0  0
    1.3801    8.2759    1.0255  C  0  0  0  0  0
   -0.0221    8.7746    0.6160  C  0  0  0  0  0
   -0.8130    7.4350    0.6649  C  0  0  0  0  0
   -2.3402    7.5570    0.5251  C  0  0  0  0  0
   -2.8063    7.1208   -0.8402  C  0  0  0  0  0
   -2.6221    7.7196   -2.0318  C  0  0  0  0  0
   -1.9648    9.0195   -2.4065  C  0  0  0  0  0
   -1.3035    9.9283   -1.3485  C  0  0  0  0  0
    0.0352    9.3835   -0.8112  C  0  0  0  0  0
   -1.1720   11.2799   -2.1038  C  0  0  0  0  0
   -2.5042   11.4421   -2.8446  C  0  0  0  0  0
   -2.9806   10.0156   -2.9704  C  0  0  0  0  0
  1  5  1  0  0  0
  1  2  1  0  0  0
  2  3  1  0  0  0
  3  4  1  0  0  0
  4  5  1  0  0  0
  5  9  1  0  0  0
  5  6  1  0  0  0
  6  7  1  0  0  0
  7  8  1  0  0  0
  8 15  1  0  0  0
  8  9  1  0  0  0
  9 10  1  0  0  0
 10 11  1  0  0  0
 11 12  2  0  0  0
 12 13  1  0  0  0
 13 18  1  0  0  0
 13 14  1  0  0  0
 14 15  1  0  0  0
 14 16  1  0  0  0
 16 17  1  0  0  0
 17 18  1  0  0  0
M  END
$$$$
C12(OCCC1)C3C(CC4C(C=CC3)CCC4)CC2
  -ISIS-

 18 21  0  0  0  0  0  0  0  0  1
   -1.1108    6.2996    3.0877  C  0  0  0  0  0
   -0.3602    5.1244    3.6898  C  0  0  0  0  0
    0.0021    4.3398    2.4366  C  0  0  0  0  0
    0.1243    5.3064    1.3699  O  0  0  0  0  0
   -0.2283    6.6313    1.8730  C  0  0  0  0  0
    1.1206    7.3266    2.1951  C  0  0  0  0  0
    1.3801    8.2759    1.0255  C  0  0  0  0  0
   -0.0221    8.7746    0.6160  C  0  0  0  0  0
   -0.8130    7.4350    0.6649  C  0  0  0  0  0
   -2.3402    7.5570    0.5251  C  0  0  0  0  0
   -2.8063    7.1208   -0.8402  C  0  0  0  0  0
   -2.6221    7.7196   -2.0318  C  0  0  0  0  0
   -1.9648    9.0195   -2.4065  C  0  0  0  0  0
   -1.3035    9.9283   -1.3485  C  0  0  0  0  0
    0.0352    9.3835   -0.8112  C  0  0  0  0  0
   -1.1720   11.2799   -2.1038  C  0  0  0  0  0
   -2.5042   11.4421   -2.8446  C  0  0  0  0  0
   -2.9806   10.0156   -2.9704  C  0  0  0  0  0
  1  5  1  0  0  0
  1  2  1  0  0  0
  2  3  1  0  0  0
  3  4  1  0  0  0
  4  5  1  0  0  0
  5  9  1  0  0  0
  5  6  1  0  0  0
  6  7  1  0  0  0
  7  8  1  0  0  0
  8 15  1  0  0  0
  8  9  1  0  0  0
  9 10  1  0  0  0
 10 11  1  0  0  0
 11 12  2  0  0  0
 12 13  1  0  0  0
 13 18  1  0  0  0
 13 14  1  0  0  0
 14 15  1  0  0  0
 14 16  1  0  0  0
 16 17  1  0  0  0
 17 18  1  0  0  0
M  END
$$$$
C12(OCCC1)C3C(CC4C(C=CC3)CCC4)CC2
  -ISIS-

 18 21  0  0  0  0  0  0  0  0  1
   -1.1108    6.2996    3.0877  C  0  0  0  0  0
   -0.3602    5.1244    3.6898  C  0  0  0  0  0
    0.0021    4.3398    2.4366  C  0  0  0  0  0
    0.1243    5.3064    1.3699  O  0  0  0  0  0
   -0.2283    6.6313    1.8730  C  0  0  0  0  0
    1.1206    7.3266    2.1951  C  0  0  0  0  0
    1.3801    8.2759    1.0255  C  0  0  0  0  0
   -0.0221    8.7746    0.6160  C  0  0  0  0  0
   -0.8130    7.4350    0.6649  C  0  0  0  0  0
   -2.3402    7.5570    0.5251  C  0  0  0  0  0
   -2.8063    7.1208   -0.8402  C  0  0  0  0  0
   -2.6221    7.7196   -2.0318  C  0  0  0  0  0
   -1.9648    9.0195   -2.4065  C  0  0  0  0  0
   -1.3035    9.9283   -1.3485  C  0  0  0  0  0
    0.0352    9.3835   -0.8112  C  0  0  0  0  0
   -1.1720   11.2799   -2.1038  C  0  0  0  0  0
   -2.5042   11.4421   -2.8446  C  0  0  0  0  0
   -2.9806   10.0156   -2.9704  C  0  0  0  0  0
  1  5  1  0  0  0
  1  2  1  0  0  0
  2  3  1  0  0  0
  3  4  1  0  0  0
  4  5  1  0  0  0
  5  9  1  0  0  0
  5  6  1  0  0  0
  6  7  1  0  0  0
  7  8  1  0  0  0
  8 15  1  0  0  0
  8  9  1  0  0  0
  9 10  1  0  0  0
 10 11  1  0  0  0
 11 12  2  0  0  0
 12 13  1  0  0  0
 13 18  1  0  0  0
 13 14  1  0  0  0
 14 15  1  0  0  0
 14 16  1  0  0  0
 16 17  1  0  0  0
 17 18  1  0  0  0
M  END
$$$$
