C12(SCCCS1)CCCCC2
  -ISIS-

 11 12  0  0  0  0  0  0  0  0  1
   -1.7173   -4.5286    4.0008  C  0  0  0  0  0
   -3.1312   -4.2094    3.5254  C  0  0  0  0  0
   -3.1353   -3.5262    1.8482  S  0  0  0  0  0
   -2.3893   -1.8566    2.1573  C  0  0  0  0  0
   -1.2343   -1.8342    3.6055  S  0  0  0  0  0
   -0.6330   -3.5424    3.5780  C  0  0  0  0  0
   -3.5103   -0.8347    2.4512  C  0  0  0  0  0
   -4.3840   -0.5137    1.2339  C  0  0  0  0  0
   -3.5446   -0.0757    0.0388  C  0  0  0  0  0
   -2.4666   -1.0979   -0.3044  C  0  0  0  0  0
   -1.5886   -1.4247    0.9085  C  0  0  0  0  0
  1  6  1  0  0  0
  1  2  1  0  0  0
  2  3  1  0  0  0
  3  4  1  0  0  0
  4 11  1  0  0  0
  4  5  1  0  0  0
  4  7  1  0  0  0
  5  6  1  0  0  0
  7  8  1  0  0  0
  8  9  1  0  0  0
  9 10  1  0  0  0
 10 11  1  0  0  0
M  END
$$$$
