C12(NN1)CCCCC2
  -ISIS-

  8  9  0  0  0  0  0  0  0  0  1
    1.7698    2.6062   -6.3397  N  0  0  0  0  0
    2.2810    1.8310   -5.2598  N  0  0  0  0  0
    1.8664    3.2176   -5.0097  C  0  0  0  0  0
    0.6482    3.4774   -4.1503  C  0  0  0  0  0
    1.0458    3.6661   -2.6849  C  0  0  0  0  0
    2.1223    4.7376   -2.5232  C  0  0  0  0  0
    3.3452    4.4265   -3.3836  C  0  0  0  0  0
    2.9625    4.2537   -4.8522  C  0  0  0  0  0
  1  3  1  0  0  0
  1  2  1  0  0  0
  2  3  1  0  0  0
  3  8  1  0  0  0
  3  4  1  0  0  0
  4  5  1  0  0  0
  5  6  1  0  0  0
  6  7  1  0  0  0
  7  8  1  0  0  0
M  END
$$$$
