C12(N3CC4CN1CC(C3)C4)CCCCC2
  -ISIS-

 15 18  0  0  0  0  0  0  0  0  1
    2.8964    0.2050    4.6419  C  0  0  0  0  0
    1.5727    0.4100    5.3725  C  0  0  0  0  0
    1.4320   -0.6783    6.4382  N  0  0  0  0  0
    2.5146   -0.4479    7.4940  C  0  0  0  0  0
    3.8773   -0.6885    6.8515  C  0  0  0  0  0
    3.9350   -2.0705    6.2075  C  0  0  0  0  0
    2.7649   -2.1989    5.2313  N  0  0  0  0  0
    2.9928   -1.2123    4.0853  C  0  0  0  0  0
    1.4165   -2.0719    5.8814  C  0  0  0  0  0
    1.2269   -3.1470    6.9845  C  0  0  0  0  0
   -0.1589   -3.1049    7.6330  C  0  0  0  0  0
   -1.2681   -3.2441    6.5994  C  0  0  0  0  0
   -1.1181   -2.2308    5.4731  C  0  0  0  0  0
    0.2780   -2.2827    4.8480  C  0  0  0  0  0
    3.9848    0.3133    5.7058  C  0  0  0  0  0
  1  8  1  0  0  0
  1 15  1  0  0  0
  1  2  1  0  0  0
  2  3  1  0  0  0
  3  9  1  0  0  0
  3  4  1  0  0  0
  4  5  1  0  0  0
  5  6  1  0  0  0
  5 15  1  0  0  0
  6  7  1  0  0  0
  7  8  1  0  0  0
  7  9  1  0  0  0
  9 14  1  0  0  0
  9 10  1  0  0  0
 10 11  1  0  0  0
 11 12  1  0  0  0
 12 13  1  0  0  0
 13 14  1  0  0  0
M  END
$$$$
C12(N3CC4CN1CC(C3)C4)CCCCC2
  -ISIS-

 15 18  0  0  0  0  0  0  0  0  1
    2.8964    0.2050    4.6419  C  0  0  0  0  0
    1.5727    0.4100    5.3725  C  0  0  0  0  0
    1.4320   -0.6783    6.4382  N  0  0  0  0  0
    2.5146   -0.4479    7.4940  C  0  0  0  0  0
    3.8773   -0.6885    6.8515  C  0  0  0  0  0
    3.9350   -2.0705    6.2075  C  0  0  0  0  0
    2.7649   -2.1989    5.2313  N  0  0  0  0  0
    2.9928   -1.2123    4.0853  C  0  0  0  0  0
    1.4165   -2.0719    5.8814  C  0  0  0  0  0
    1.2269   -3.1470    6.9845  C  0  0  0  0  0
   -0.1589   -3.1049    7.6330  C  0  0  0  0  0
   -1.2681   -3.2441    6.5994  C  0  0  0  0  0
   -1.1181   -2.2308    5.4731  C  0  0  0  0  0
    0.2780   -2.2827    4.8480  C  0  0  0  0  0
    3.9848    0.3133    5.7058  C  0  0  0  0  0
  1  8  1  0  0  0
  1 15  1  0  0  0
  1  2  1  0  0  0
  2  3  1  0  0  0
  3  9  1  0  0  0
  3  4  1  0  0  0
  4  5  1  0  0  0
  5  6  1  0  0  0
  5 15  1  0  0  0
  6  7  1  0  0  0
  7  8  1  0  0  0
  7  9  1  0  0  0
  9 14  1  0  0  0
  9 10  1  0  0  0
 10 11  1  0  0  0
 11 12  1  0  0  0
 12 13  1  0  0  0
 13 14  1  0  0  0
M  END
$$$$
C12(N3CC4CN1CC(C3)C4)CCCCC2
  -ISIS-

 15 18  0  0  0  0  0  0  0  0  1
    2.8964    0.2050    4.6419  C  0  0  0  0  0
    1.5727    0.4100    5.3725  C  0  0  0  0  0
    1.4320   -0.6783    6.4382  N  0  0  0  0  0
    2.5146   -0.4479    7.4940  C  0  0  0  0  0
    3.8773   -0.6885    6.8515  C  0  0  0  0  0
    3.9350   -2.0705    6.2075  C  0  0  0  0  0
    2.7649   -2.1989    5.2313  N  0  0  0  0  0
    2.9928   -1.2123    4.0853  C  0  0  0  0  0
    1.4165   -2.0719    5.8814  C  0  0  0  0  0
    1.2269   -3.1470    6.9845  C  0  0  0  0  0
   -0.1589   -3.1049    7.6330  C  0  0  0  0  0
   -1.2681   -3.2441    6.5994  C  0  0  0  0  0
   -1.1181   -2.2308    5.4731  C  0  0  0  0  0
    0.2780   -2.2827    4.8480  C  0  0  0  0  0
    3.9848    0.3133    5.7058  C  0  0  0  0  0
  1  8  1  0  0  0
  1 15  1  0  0  0
  1  2  1  0  0  0
  2  3  1  0  0  0
  3  9  1  0  0  0
  3  4  1  0  0  0
  4  5  1  0  0  0
  5  6  1  0  0  0
  5 15  1  0  0  0
  6  7  1  0  0  0
  7  8  1  0  0  0
  7  9  1  0  0  0
  9 14  1  0  0  0
  9 10  1  0  0  0
 10 11  1  0  0  0
 11 12  1  0  0  0
 12 13  1  0  0  0
 13 14  1  0  0  0
M  END
$$$$
C12(N3CC4CN1CC(C3)C4)CCCCC2
  -ISIS-

 15 18  0  0  0  0  0  0  0  0  1
    2.4784    1.9396   -3.7587  C  0  0  0  0  0
    3.6569    2.9025   -3.6642  C  0  0  0  0  0
    4.8688    2.1377   -3.1324  N  0  0  0  0  0
    4.5711    1.7329   -1.6892  C  0  0  0  0  0
    3.4269    0.7214   -1.6862  C  0  0  0  0  0
    3.7552   -0.4543   -2.6135  C  0  0  0  0  0
    4.1052    0.0894   -3.9985  N  0  0  0  0  0
    2.8456    0.7179   -4.5946  C  0  0  0  0  0
    5.2995    0.9985   -4.0072  C  0  0  0  0  0
    6.5564    0.2731   -3.4572  C  0  0  0  0  0
    7.8186    1.1373   -3.5064  C  0  0  0  0  0
    8.1037    1.6369   -4.9159  C  0  0  0  0  0
    6.8934    2.3342   -5.5212  C  0  0  0  0  0
    5.6407    1.4576   -5.4498  C  0  0  0  0  0
    2.2325    1.4124   -2.3472  C  0  0  0  0  0
  1  8  1  0  0  0
  1 15  1  0  0  0
  1  2  1  0  0  0
  2  3  1  0  0  0
  3  9  1  0  0  0
  3  4  1  0  0  0
  4  5  1  0  0  0
  5  6  1  0  0  0
  5 15  1  0  0  0
  6  7  1  0  0  0
  7  8  1  0  0  0
  7  9  1  0  0  0
  9 14  1  0  0  0
  9 10  1  0  0  0
 10 11  1  0  0  0
 11 12  1  0  0  0
 12 13  1  0  0  0
 13 14  1  0  0  0
M  END
$$$$
C12(N3CC4CN1CC(C3)C4)CCCCC2
  -ISIS-

 15 18  0  0  0  0  0  0  0  0  1
    2.4784    1.9396   -3.7587  C  0  0  0  0  0
    3.6569    2.9025   -3.6642  C  0  0  0  0  0
    4.8688    2.1377   -3.1324  N  0  0  0  0  0
    4.5711    1.7329   -1.6892  C  0  0  0  0  0
    3.4269    0.7214   -1.6862  C  0  0  0  0  0
    3.7552   -0.4543   -2.6135  C  0  0  0  0  0
    4.1052    0.0894   -3.9985  N  0  0  0  0  0
    2.8456    0.7179   -4.5946  C  0  0  0  0  0
    5.2995    0.9985   -4.0072  C  0  0  0  0  0
    6.5564    0.2731   -3.4572  C  0  0  0  0  0
    7.8186    1.1373   -3.5064  C  0  0  0  0  0
    8.1037    1.6369   -4.9159  C  0  0  0  0  0
    6.8934    2.3342   -5.5212  C  0  0  0  0  0
    5.6407    1.4576   -5.4498  C  0  0  0  0  0
    2.2325    1.4124   -2.3472  C  0  0  0  0  0
  1  8  1  0  0  0
  1 15  1  0  0  0
  1  2  1  0  0  0
  2  3  1  0  0  0
  3  9  1  0  0  0
  3  4  1  0  0  0
  4  5  1  0  0  0
  5  6  1  0  0  0
  5 15  1  0  0  0
  6  7  1  0  0  0
  7  8  1  0  0  0
  7  9  1  0  0  0
  9 14  1  0  0  0
  9 10  1  0  0  0
 10 11  1  0  0  0
 11 12  1  0  0  0
 12 13  1  0  0  0
 13 14  1  0  0  0
M  END
$$$$
C12(N3CC4CN1CC(C3)C4)CCCCC2
  -ISIS-

 15 18  0  0  0  0  0  0  0  0  1
    2.4784    1.9396   -3.7587  C  0  0  0  0  0
    3.6569    2.9025   -3.6642  C  0  0  0  0  0
    4.8688    2.1377   -3.1324  N  0  0  0  0  0
    4.5711    1.7329   -1.6892  C  0  0  0  0  0
    3.4269    0.7214   -1.6862  C  0  0  0  0  0
    3.7552   -0.4543   -2.6135  C  0  0  0  0  0
    4.1052    0.0894   -3.9985  N  0  0  0  0  0
    2.8456    0.7179   -4.5946  C  0  0  0  0  0
    5.2995    0.9985   -4.0072  C  0  0  0  0  0
    6.5564    0.2731   -3.4572  C  0  0  0  0  0
    7.8186    1.1373   -3.5064  C  0  0  0  0  0
    8.1037    1.6369   -4.9159  C  0  0  0  0  0
    6.8934    2.3342   -5.5212  C  0  0  0  0  0
    5.6407    1.4576   -5.4498  C  0  0  0  0  0
    2.2325    1.4124   -2.3472  C  0  0  0  0  0
  1  8  1  0  0  0
  1 15  1  0  0  0
  1  2  1  0  0  0
  2  3  1  0  0  0
  3  9  1  0  0  0
  3  4  1  0  0  0
  4  5  1  0  0  0
  5  6  1  0  0  0
  5 15  1  0  0  0
  6  7  1  0  0  0
  7  8  1  0  0  0
  7  9  1  0  0  0
  9 14  1  0  0  0
  9 10  1  0  0  0
 10 11  1  0  0  0
 11 12  1  0  0  0
 12 13  1  0  0  0
 13 14  1  0  0  0
M  END
$$$$
C12(N3CC4CN1CC(C3)C4)CCCCC2
  -ISIS-

 15 18  0  0  0  0  0  0  0  0  1
    1.8569   -1.3138    0.2018  C  0  0  0  0  0
    0.5146   -2.0118    0.3982  C  0  0  0  0  0
    0.3143   -3.0103   -0.7432  N  0  0  0  0  0
    0.2863   -2.3767   -2.1034  C  0  0  0  0  0
    1.6524   -1.7640   -2.2270  N  0  0  0  0  0
    2.7919   -2.7828   -2.1806  C  0  0  0  0  0
    2.7437   -3.5005   -0.8351  C  0  0  0  0  0
    2.9115   -2.4162    0.2253  C  0  0  0  0  0
    1.3661   -4.1114   -0.5973  C  0  0  0  0  0
    1.9401   -0.6826   -1.1847  C  0  0  0  0  0
   -0.8215   -1.2972   -2.2299  C  0  0  0  0  0
   -2.2361   -1.8791   -2.1783  C  0  0  0  0  0
   -2.4464   -2.9427   -3.2471  C  0  0  0  0  0
   -1.3692   -4.0171   -3.1917  C  0  0  0  0  0
    0.0360   -3.4117   -3.2323  C  0  0  0  0  0
  1  8  1  0  0  0
  1 10  1  0  0  0
  1  2  1  0  0  0
  2  3  1  0  0  0
  3  9  1  0  0  0
  3  4  1  0  0  0
  4 15  1  0  0  0
  4  5  1  0  0  0
  4 11  1  0  0  0
  5  6  1  0  0  0
  5 10  1  0  0  0
  6  7  1  0  0  0
  7  8  1  0  0  0
  7  9  1  0  0  0
 11 12  1  0  0  0
 12 13  1  0  0  0
 13 14  1  0  0  0
 14 15  1  0  0  0
M  END
$$$$
C12(N3CC4CN1CC(C3)C4)CCCCC2
  -ISIS-

 15 18  0  0  0  0  0  0  0  0  1
    1.8569   -1.3138    0.2018  C  0  0  0  0  0
    0.5146   -2.0118    0.3982  C  0  0  0  0  0
    0.3143   -3.0103   -0.7432  N  0  0  0  0  0
    0.2863   -2.3767   -2.1034  C  0  0  0  0  0
    1.6524   -1.7640   -2.2270  N  0  0  0  0  0
    2.7919   -2.7828   -2.1806  C  0  0  0  0  0
    2.7437   -3.5005   -0.8351  C  0  0  0  0  0
    2.9115   -2.4162    0.2253  C  0  0  0  0  0
    1.3661   -4.1114   -0.5973  C  0  0  0  0  0
    1.9401   -0.6826   -1.1847  C  0  0  0  0  0
   -0.8215   -1.2972   -2.2299  C  0  0  0  0  0
   -2.2361   -1.8791   -2.1783  C  0  0  0  0  0
   -2.4464   -2.9427   -3.2471  C  0  0  0  0  0
   -1.3692   -4.0171   -3.1917  C  0  0  0  0  0
    0.0360   -3.4117   -3.2323  C  0  0  0  0  0
  1  8  1  0  0  0
  1 10  1  0  0  0
  1  2  1  0  0  0
  2  3  1  0  0  0
  3  9  1  0  0  0
  3  4  1  0  0  0
  4 15  1  0  0  0
  4  5  1  0  0  0
  4 11  1  0  0  0
  5  6  1  0  0  0
  5 10  1  0  0  0
  6  7  1  0  0  0
  7  8  1  0  0  0
  7  9  1  0  0  0
 11 12  1  0  0  0
 12 13  1  0  0  0
 13 14  1  0  0  0
 14 15  1  0  0  0
M  END
$$$$
C12(N3CC4CN1CC(C3)C4)CCCCC2
  -ISIS-

 15 18  0  0  0  0  0  0  0  0  1
    1.8569   -1.3138    0.2018  C  0  0  0  0  0
    0.5146   -2.0118    0.3982  C  0  0  0  0  0
    0.3143   -3.0103   -0.7432  N  0  0  0  0  0
    0.2863   -2.3767   -2.1034  C  0  0  0  0  0
    1.6524   -1.7640   -2.2270  N  0  0  0  0  0
    2.7919   -2.7828   -2.1806  C  0  0  0  0  0
    2.7437   -3.5005   -0.8351  C  0  0  0  0  0
    2.9115   -2.4162    0.2253  C  0  0  0  0  0
    1.3661   -4.1114   -0.5973  C  0  0  0  0  0
    1.9401   -0.6826   -1.1847  C  0  0  0  0  0
   -0.8215   -1.2972   -2.2299  C  0  0  0  0  0
   -2.2361   -1.8791   -2.1783  C  0  0  0  0  0
   -2.4464   -2.9427   -3.2471  C  0  0  0  0  0
   -1.3692   -4.0171   -3.1917  C  0  0  0  0  0
    0.0360   -3.4117   -3.2323  C  0  0  0  0  0
  1  8  1  0  0  0
  1 10  1  0  0  0
  1  2  1  0  0  0
  2  3  1  0  0  0
  3  9  1  0  0  0
  3  4  1  0  0  0
  4 15  1  0  0  0
  4  5  1  0  0  0
  4 11  1  0  0  0
  5  6  1  0  0  0
  5 10  1  0  0  0
  6  7  1  0  0  0
  7  8  1  0  0  0
  7  9  1  0  0  0
 11 12  1  0  0  0
 12 13  1  0  0  0
 13 14  1  0  0  0
 14 15  1  0  0  0
M  END
$$$$
C12(N3CC4CN1CC(C3)C4)CCCCC2
  -ISIS-

 15 18  0  0  0  0  0  0  0  0  1
    4.3087   -2.9531   -6.0574  C  0  0  0  0  0
    3.1917   -1.9036   -6.0314  C  0  0  0  0  0
    3.5509   -0.8394   -5.0044  N  0  0  0  0  0
    3.5680   -1.4852   -3.6265  C  0  0  0  0  0
    4.6949   -2.5236   -3.5884  C  0  0  0  0  0
    4.3943   -3.6051   -4.6554  C  0  0  0  0  0
    6.0213   -1.8374   -3.9484  C  0  0  0  0  0
    5.8601   -1.1672   -5.3087  N  0  0  0  0  0
    4.8142   -0.0991   -5.3309  C  0  0  0  0  0
    4.7519    0.5955   -6.7197  C  0  0  0  0  0
    3.7398    1.7424   -6.7763  C  0  0  0  0  0
    4.0181    2.7913   -5.7093  C  0  0  0  0  0
    4.1236    2.1692   -4.3243  C  0  0  0  0  0
    5.1310    1.0170   -4.2969  C  0  0  0  0  0
    5.6449   -2.2559   -6.3546  C  0  0  0  0  0
  1  6  1  0  0  0
  1 15  1  0  0  0
  1  2  1  0  0  0
  2  3  1  0  0  0
  3  9  1  0  0  0
  3  4  1  0  0  0
  4  5  1  0  0  0
  5  6  1  0  0  0
  5  7  1  0  0  0
  7  8  1  0  0  0
  8  9  1  0  0  0
  8 15  1  0  0  0
  9 14  1  0  0  0
  9 10  1  0  0  0
 10 11  1  0  0  0
 11 12  1  0  0  0
 12 13  1  0  0  0
 13 14  1  0  0  0
M  END
$$$$
C12(N3CC4CN1CC(C3)C4)CCCCC2
  -ISIS-

 15 18  0  0  0  0  0  0  0  0  1
    4.3087   -2.9531   -6.0574  C  0  0  0  0  0
    3.1917   -1.9036   -6.0314  C  0  0  0  0  0
    3.5509   -0.8394   -5.0044  N  0  0  0  0  0
    3.5680   -1.4852   -3.6265  C  0  0  0  0  0
    4.6949   -2.5236   -3.5884  C  0  0  0  0  0
    4.3943   -3.6051   -4.6554  C  0  0  0  0  0
    6.0213   -1.8374   -3.9484  C  0  0  0  0  0
    5.8601   -1.1672   -5.3087  N  0  0  0  0  0
    4.8142   -0.0991   -5.3309  C  0  0  0  0  0
    4.7519    0.5955   -6.7197  C  0  0  0  0  0
    3.7398    1.7424   -6.7763  C  0  0  0  0  0
    4.0181    2.7913   -5.7093  C  0  0  0  0  0
    4.1236    2.1692   -4.3243  C  0  0  0  0  0
    5.1310    1.0170   -4.2969  C  0  0  0  0  0
    5.6449   -2.2559   -6.3546  C  0  0  0  0  0
  1  6  1  0  0  0
  1 15  1  0  0  0
  1  2  1  0  0  0
  2  3  1  0  0  0
  3  9  1  0  0  0
  3  4  1  0  0  0
  4  5  1  0  0  0
  5  6  1  0  0  0
  5  7  1  0  0  0
  7  8  1  0  0  0
  8  9  1  0  0  0
  8 15  1  0  0  0
  9 14  1  0  0  0
  9 10  1  0  0  0
 10 11  1  0  0  0
 11 12  1  0  0  0
 12 13  1  0  0  0
 13 14  1  0  0  0
M  END
$$$$
C12(N3CC4CN1CC(C3)C4)CCCCC2
  -ISIS-

 15 18  0  0  0  0  0  0  0  0  1
    4.3087   -2.9531   -6.0574  C  0  0  0  0  0
    3.1917   -1.9036   -6.0314  C  0  0  0  0  0
    3.5509   -0.8394   -5.0044  N  0  0  0  0  0
    3.5680   -1.4852   -3.6265  C  0  0  0  0  0
    4.6949   -2.5236   -3.5884  C  0  0  0  0  0
    4.3943   -3.6051   -4.6554  C  0  0  0  0  0
    6.0213   -1.8374   -3.9484  C  0  0  0  0  0
    5.8601   -1.1672   -5.3087  N  0  0  0  0  0
    4.8142   -0.0991   -5.3309  C  0  0  0  0  0
    4.7519    0.5955   -6.7197  C  0  0  0  0  0
    3.7398    1.7424   -6.7763  C  0  0  0  0  0
    4.0181    2.7913   -5.7093  C  0  0  0  0  0
    4.1236    2.1692   -4.3243  C  0  0  0  0  0
    5.1310    1.0170   -4.2969  C  0  0  0  0  0
    5.6449   -2.2559   -6.3546  C  0  0  0  0  0
  1  6  1  0  0  0
  1 15  1  0  0  0
  1  2  1  0  0  0
  2  3  1  0  0  0
  3  9  1  0  0  0
  3  4  1  0  0  0
  4  5  1  0  0  0
  5  6  1  0  0  0
  5  7  1  0  0  0
  7  8  1  0  0  0
  8  9  1  0  0  0
  8 15  1  0  0  0
  9 14  1  0  0  0
  9 10  1  0  0  0
 10 11  1  0  0  0
 11 12  1  0  0  0
 12 13  1  0  0  0
 13 14  1  0  0  0
M  END
$$$$
C12(N3CC4CN1CC(C3)C4)CCCCC2
  -ISIS-

 15 18  0  0  0  0  0  0  0  0  1
   -6.7111   -1.7587   -2.9333  C  0  0  0  0  0
   -5.6543   -0.9967   -3.7471  C  0  0  0  0  0
   -5.9253    0.4972   -3.6042  N  0  0  0  0  0
   -5.8138    0.9953   -2.1990  C  0  0  0  0  0
   -6.8864    0.2382   -1.4732  N  0  0  0  0  0
   -8.2875    0.5298   -1.9906  C  0  0  0  0  0
   -8.3681    0.0879   -3.4562  C  0  0  0  0  0
   -8.1088   -1.4375   -3.5178  C  0  0  0  0  0
   -7.2691    0.8031   -4.2567  C  0  0  0  0  0
   -6.6733   -1.2686   -1.4814  C  0  0  0  0  0
   -4.3985    0.7216   -1.6182  C  0  0  0  0  0
   -4.2103    1.2710   -0.2019  C  0  0  0  0  0
   -4.4929    2.7650   -0.1362  C  0  0  0  0  0
   -5.8564    3.1046   -0.7211  C  0  0  0  0  0
   -6.0250    2.5335   -2.1312  C  0  0  0  0  0
  1  8  1  0  0  0
  1 10  1  0  0  0
  1  2  1  0  0  0
  2  3  1  0  0  0
  3  9  1  0  0  0
  3  4  1  0  0  0
  4 15  1  0  0  0
  4  5  1  0  0  0
  4 11  1  0  0  0
  5  6  1  0  0  0
  5 10  1  0  0  0
  6  7  1  0  0  0
  7  8  1  0  0  0
  7  9  1  0  0  0
 11 12  1  0  0  0
 12 13  1  0  0  0
 13 14  1  0  0  0
 14 15  1  0  0  0
M  END
$$$$
C12(N3CC4CN1CC(C3)C4)CCCCC2
  -ISIS-

 15 18  0  0  0  0  0  0  0  0  1
   -6.7111   -1.7587   -2.9333  C  0  0  0  0  0
   -5.6543   -0.9967   -3.7471  C  0  0  0  0  0
   -5.9253    0.4972   -3.6042  N  0  0  0  0  0
   -5.8138    0.9953   -2.1990  C  0  0  0  0  0
   -6.8864    0.2382   -1.4732  N  0  0  0  0  0
   -8.2875    0.5298   -1.9906  C  0  0  0  0  0
   -8.3681    0.0879   -3.4562  C  0  0  0  0  0
   -8.1088   -1.4375   -3.5178  C  0  0  0  0  0
   -7.2691    0.8031   -4.2567  C  0  0  0  0  0
   -6.6733   -1.2686   -1.4814  C  0  0  0  0  0
   -4.3985    0.7216   -1.6182  C  0  0  0  0  0
   -4.2103    1.2710   -0.2019  C  0  0  0  0  0
   -4.4929    2.7650   -0.1362  C  0  0  0  0  0
   -5.8564    3.1046   -0.7211  C  0  0  0  0  0
   -6.0250    2.5335   -2.1312  C  0  0  0  0  0
  1  8  1  0  0  0
  1 10  1  0  0  0
  1  2  1  0  0  0
  2  3  1  0  0  0
  3  9  1  0  0  0
  3  4  1  0  0  0
  4 15  1  0  0  0
  4  5  1  0  0  0
  4 11  1  0  0  0
  5  6  1  0  0  0
  5 10  1  0  0  0
  6  7  1  0  0  0
  7  8  1  0  0  0
  7  9  1  0  0  0
 11 12  1  0  0  0
 12 13  1  0  0  0
 13 14  1  0  0  0
 14 15  1  0  0  0
M  END
$$$$
C12(N3CC4CN1CC(C3)C4)CCCCC2
  -ISIS-

 15 18  0  0  0  0  0  0  0  0  1
   -6.7111   -1.7587   -2.9333  C  0  0  0  0  0
   -5.6543   -0.9967   -3.7471  C  0  0  0  0  0
   -5.9253    0.4972   -3.6042  N  0  0  0  0  0
   -5.8138    0.9953   -2.1990  C  0  0  0  0  0
   -6.8864    0.2382   -1.4732  N  0  0  0  0  0
   -8.2875    0.5298   -1.9906  C  0  0  0  0  0
   -8.3681    0.0879   -3.4562  C  0  0  0  0  0
   -8.1088   -1.4375   -3.5178  C  0  0  0  0  0
   -7.2691    0.8031   -4.2567  C  0  0  0  0  0
   -6.6733   -1.2686   -1.4814  C  0  0  0  0  0
   -4.3985    0.7216   -1.6182  C  0  0  0  0  0
   -4.2103    1.2710   -0.2019  C  0  0  0  0  0
   -4.4929    2.7650   -0.1362  C  0  0  0  0  0
   -5.8564    3.1046   -0.7211  C  0  0  0  0  0
   -6.0250    2.5335   -2.1312  C  0  0  0  0  0
  1  8  1  0  0  0
  1 10  1  0  0  0
  1  2  1  0  0  0
  2  3  1  0  0  0
  3  9  1  0  0  0
  3  4  1  0  0  0
  4 15  1  0  0  0
  4  5  1  0  0  0
  4 11  1  0  0  0
  5  6  1  0  0  0
  5 10  1  0  0  0
  6  7  1  0  0  0
  7  8  1  0  0  0
  7  9  1  0  0  0
 11 12  1  0  0  0
 12 13  1  0  0  0
 13 14  1  0  0  0
 14 15  1  0  0  0
M  END
$$$$
C12(N3CC4CN1CC(C3)C4)CCCCC2
  -ISIS-

 15 18  0  0  0  0  0  0  0  0  1
    5.1359    0.9759   -6.8060  C  0  0  0  0  0
    4.6729   -0.2628   -6.0196  C  0  0  0  0  0
    3.8608    0.1755   -4.7983  N  0  0  0  0  0
    2.6125    0.9352   -5.1383  C  0  0  0  0  0
    3.1365    2.1570   -5.8325  N  0  0  0  0  0
    4.0219    3.0372   -4.9537  C  0  0  0  0  0
    5.2331    2.2172   -4.5254  C  0  0  0  0  0
    5.9500    1.8348   -5.8214  C  0  0  0  0  0
    4.8010    0.9183   -3.8544  C  0  0  0  0  0
    3.9073    1.8489   -7.1243  C  0  0  0  0  0
    1.8056    1.2818   -3.8589  C  0  0  0  0  0
    0.4888    2.0027   -4.1571  C  0  0  0  0  0
   -0.3913    1.1979   -5.1036  C  0  0  0  0  0
    0.3579    0.8002   -6.3680  C  0  0  0  0  0
    1.6764    0.0930   -6.0451  C  0  0  0  0  0
  1  8  1  0  0  0
  1 10  1  0  0  0
  1  2  1  0  0  0
  2  3  1  0  0  0
  3  9  1  0  0  0
  3  4  1  0  0  0
  4 15  1  0  0  0
  4  5  1  0  0  0
  4 11  1  0  0  0
  5  6  1  0  0  0
  5 10  1  0  0  0
  6  7  1  0  0  0
  7  8  1  0  0  0
  7  9  1  0  0  0
 11 12  1  0  0  0
 12 13  1  0  0  0
 13 14  1  0  0  0
 14 15  1  0  0  0
M  END
$$$$
C12(N3CC4CN1CC(C3)C4)CCCCC2
  -ISIS-

 15 18  0  0  0  0  0  0  0  0  1
    5.1359    0.9759   -6.8060  C  0  0  0  0  0
    4.6729   -0.2628   -6.0196  C  0  0  0  0  0
    3.8608    0.1755   -4.7983  N  0  0  0  0  0
    2.6125    0.9352   -5.1383  C  0  0  0  0  0
    3.1365    2.1570   -5.8325  N  0  0  0  0  0
    4.0219    3.0372   -4.9537  C  0  0  0  0  0
    5.2331    2.2172   -4.5254  C  0  0  0  0  0
    5.9500    1.8348   -5.8214  C  0  0  0  0  0
    4.8010    0.9183   -3.8544  C  0  0  0  0  0
    3.9073    1.8489   -7.1243  C  0  0  0  0  0
    1.8056    1.2818   -3.8589  C  0  0  0  0  0
    0.4888    2.0027   -4.1571  C  0  0  0  0  0
   -0.3913    1.1979   -5.1036  C  0  0  0  0  0
    0.3579    0.8002   -6.3680  C  0  0  0  0  0
    1.6764    0.0930   -6.0451  C  0  0  0  0  0
  1  8  1  0  0  0
  1 10  1  0  0  0
  1  2  1  0  0  0
  2  3  1  0  0  0
  3  9  1  0  0  0
  3  4  1  0  0  0
  4 15  1  0  0  0
  4  5  1  0  0  0
  4 11  1  0  0  0
  5  6  1  0  0  0
  5 10  1  0  0  0
  6  7  1  0  0  0
  7  8  1  0  0  0
  7  9  1  0  0  0
 11 12  1  0  0  0
 12 13  1  0  0  0
 13 14  1  0  0  0
 14 15  1  0  0  0
M  END
$$$$
C12(N3CC4CN1CC(C3)C4)CCCCC2
  -ISIS-

 15 18  0  0  0  0  0  0  0  0  1
    5.1359    0.9759   -6.8060  C  0  0  0  0  0
    4.6729   -0.2628   -6.0196  C  0  0  0  0  0
    3.8608    0.1755   -4.7983  N  0  0  0  0  0
    2.6125    0.9352   -5.1383  C  0  0  0  0  0
    3.1365    2.1570   -5.8325  N  0  0  0  0  0
    4.0219    3.0372   -4.9537  C  0  0  0  0  0
    5.2331    2.2172   -4.5254  C  0  0  0  0  0
    5.9500    1.8348   -5.8214  C  0  0  0  0  0
    4.8010    0.9183   -3.8544  C  0  0  0  0  0
    3.9073    1.8489   -7.1243  C  0  0  0  0  0
    1.8056    1.2818   -3.8589  C  0  0  0  0  0
    0.4888    2.0027   -4.1571  C  0  0  0  0  0
   -0.3913    1.1979   -5.1036  C  0  0  0  0  0
    0.3579    0.8002   -6.3680  C  0  0  0  0  0
    1.6764    0.0930   -6.0451  C  0  0  0  0  0
  1  8  1  0  0  0
  1 10  1  0  0  0
  1  2  1  0  0  0
  2  3  1  0  0  0
  3  9  1  0  0  0
  3  4  1  0  0  0
  4 15  1  0  0  0
  4  5  1  0  0  0
  4 11  1  0  0  0
  5  6  1  0  0  0
  5 10  1  0  0  0
  6  7  1  0  0  0
  7  8  1  0  0  0
  7  9  1  0  0  0
 11 12  1  0  0  0
 12 13  1  0  0  0
 13 14  1  0  0  0
 14 15  1  0  0  0
M  END
$$$$
C12(N3CC4CN1CC(C3)C4)CCCCC2
  -ISIS-

 15 18  0  0  0  0  0  0  0  0  1
   -8.5238    0.4620   -0.5786  C  0  0  0  0  0
   -9.1548   -0.9371   -0.5134  C  0  0  0  0  0
   -8.0927   -1.9621   -0.8982  N  0  0  0  0  0
   -7.5791   -1.7973   -2.2903  C  0  0  0  0  0
   -6.9523   -0.4322   -2.2737  N  0  0  0  0  0
   -5.7875   -0.3135   -1.3024  C  0  0  0  0  0
   -6.3109   -0.5622    0.1168  C  0  0  0  0  0
   -7.3624    0.5266    0.4438  C  0  0  0  0  0
   -6.9984   -1.9353    0.1640  C  0  0  0  0  0
   -7.9431    0.6842   -1.9796  C  0  0  0  0  0
   -6.5371   -2.8846   -2.6731  C  0  0  0  0  0
   -7.1393   -4.2886   -2.7692  C  0  0  0  0  0
   -8.2944   -4.3384   -3.7591  C  0  0  0  0  0
   -9.3371   -3.2710   -3.4598  C  0  0  0  0  0
   -8.7078   -1.8795   -3.3552  C  0  0  0  0  0
  1  8  1  0  0  0
  1 10  1  0  0  0
  1  2  1  0  0  0
  2  3  1  0  0  0
  3  9  1  0  0  0
  3  4  1  0  0  0
  4 15  1  0  0  0
  4  5  1  0  0  0
  4 11  1  0  0  0
  5  6  1  0  0  0
  5 10  1  0  0  0
  6  7  1  0  0  0
  7  8  1  0  0  0
  7  9  1  0  0  0
 11 12  1  0  0  0
 12 13  1  0  0  0
 13 14  1  0  0  0
 14 15  1  0  0  0
M  END
$$$$
C12(N3CC4CN1CC(C3)C4)CCCCC2
  -ISIS-

 15 18  0  0  0  0  0  0  0  0  1
   -8.5238    0.4620   -0.5786  C  0  0  0  0  0
   -9.1548   -0.9371   -0.5134  C  0  0  0  0  0
   -8.0927   -1.9621   -0.8982  N  0  0  0  0  0
   -7.5791   -1.7973   -2.2903  C  0  0  0  0  0
   -6.9523   -0.4322   -2.2737  N  0  0  0  0  0
   -5.7875   -0.3135   -1.3024  C  0  0  0  0  0
   -6.3109   -0.5622    0.1168  C  0  0  0  0  0
   -7.3624    0.5266    0.4438  C  0  0  0  0  0
   -6.9984   -1.9353    0.1640  C  0  0  0  0  0
   -7.9431    0.6842   -1.9796  C  0  0  0  0  0
   -6.5371   -2.8846   -2.6731  C  0  0  0  0  0
   -7.1393   -4.2886   -2.7692  C  0  0  0  0  0
   -8.2944   -4.3384   -3.7591  C  0  0  0  0  0
   -9.3371   -3.2710   -3.4598  C  0  0  0  0  0
   -8.7078   -1.8795   -3.3552  C  0  0  0  0  0
  1  8  1  0  0  0
  1 10  1  0  0  0
  1  2  1  0  0  0
  2  3  1  0  0  0
  3  9  1  0  0  0
  3  4  1  0  0  0
  4 15  1  0  0  0
  4  5  1  0  0  0
  4 11  1  0  0  0
  5  6  1  0  0  0
  5 10  1  0  0  0
  6  7  1  0  0  0
  7  8  1  0  0  0
  7  9  1  0  0  0
 11 12  1  0  0  0
 12 13  1  0  0  0
 13 14  1  0  0  0
 14 15  1  0  0  0
M  END
$$$$
C12(N3CC4CN1CC(C3)C4)CCCCC2
  -ISIS-

 15 18  0  0  0  0  0  0  0  0  1
   -8.5238    0.4620   -0.5786  C  0  0  0  0  0
   -9.1548   -0.9371   -0.5134  C  0  0  0  0  0
   -8.0927   -1.9621   -0.8982  N  0  0  0  0  0
   -7.5791   -1.7973   -2.2903  C  0  0  0  0  0
   -6.9523   -0.4322   -2.2737  N  0  0  0  0  0
   -5.7875   -0.3135   -1.3024  C  0  0  0  0  0
   -6.3109   -0.5622    0.1168  C  0  0  0  0  0
   -7.3624    0.5266    0.4438  C  0  0  0  0  0
   -6.9984   -1.9353    0.1640  C  0  0  0  0  0
   -7.9431    0.6842   -1.9796  C  0  0  0  0  0
   -6.5371   -2.8846   -2.6731  C  0  0  0  0  0
   -7.1393   -4.2886   -2.7692  C  0  0  0  0  0
   -8.2944   -4.3384   -3.7591  C  0  0  0  0  0
   -9.3371   -3.2710   -3.4598  C  0  0  0  0  0
   -8.7078   -1.8795   -3.3552  C  0  0  0  0  0
  1  8  1  0  0  0
  1 10  1  0  0  0
  1  2  1  0  0  0
  2  3  1  0  0  0
  3  9  1  0  0  0
  3  4  1  0  0  0
  4 15  1  0  0  0
  4  5  1  0  0  0
  4 11  1  0  0  0
  5  6  1  0  0  0
  5 10  1  0  0  0
  6  7  1  0  0  0
  7  8  1  0  0  0
  7  9  1  0  0  0
 11 12  1  0  0  0
 12 13  1  0  0  0
 13 14  1  0  0  0
 14 15  1  0  0  0
M  END
$$$$
C12(N3CC4CN1CC(C3)C4)CCCCC2
  -ISIS-

 15 18  0  0  0  0  0  0  0  0  1
    4.2478    5.9216    3.9204  C  0  0  0  0  0
    3.0009    5.7266    3.0505  C  0  0  0  0  0
    2.4870    4.3093    3.2552  N  0  0  0  0  0
    2.0623    4.0266    4.6681  C  0  0  0  0  0
    3.3207    4.2017    5.4521  N  0  0  0  0  0
    4.4236    3.2223    5.0640  C  0  0  0  0  0
    4.7935    3.4671    3.5930  C  0  0  0  0  0
    5.3274    4.9139    3.4537  C  0  0  0  0  0
    3.5323    3.3357    2.7317  C  0  0  0  0  0
    3.8923    5.6143    5.3829  C  0  0  0  0  0
    1.4747    2.5938    4.7975  C  0  0  0  0  0
    0.9650    2.2767    6.2057  C  0  0  0  0  0
   -0.0792    3.2840    6.6656  C  0  0  0  0  0
    0.4227    4.7147    6.5307  C  0  0  0  0  0
    0.9394    5.0019    5.1186  C  0  0  0  0  0
  1  8  1  0  0  0
  1 10  1  0  0  0
  1  2  1  0  0  0
  2  3  1  0  0  0
  3  9  1  0  0  0
  3  4  1  0  0  0
  4 15  1  0  0  0
  4  5  1  0  0  0
  4 11  1  0  0  0
  5  6  1  0  0  0
  5 10  1  0  0  0
  6  7  1  0  0  0
  7  8  1  0  0  0
  7  9  1  0  0  0
 11 12  1  0  0  0
 12 13  1  0  0  0
 13 14  1  0  0  0
 14 15  1  0  0  0
M  END
$$$$
C12(N3CC4CN1CC(C3)C4)CCCCC2
  -ISIS-

 15 18  0  0  0  0  0  0  0  0  1
    4.2478    5.9216    3.9204  C  0  0  0  0  0
    3.0009    5.7266    3.0505  C  0  0  0  0  0
    2.4870    4.3093    3.2552  N  0  0  0  0  0
    2.0623    4.0266    4.6681  C  0  0  0  0  0
    3.3207    4.2017    5.4521  N  0  0  0  0  0
    4.4236    3.2223    5.0640  C  0  0  0  0  0
    4.7935    3.4671    3.5930  C  0  0  0  0  0
    5.3274    4.9139    3.4537  C  0  0  0  0  0
    3.5323    3.3357    2.7317  C  0  0  0  0  0
    3.8923    5.6143    5.3829  C  0  0  0  0  0
    1.4747    2.5938    4.7975  C  0  0  0  0  0
    0.9650    2.2767    6.2057  C  0  0  0  0  0
   -0.0792    3.2840    6.6656  C  0  0  0  0  0
    0.4227    4.7147    6.5307  C  0  0  0  0  0
    0.9394    5.0019    5.1186  C  0  0  0  0  0
  1  8  1  0  0  0
  1 10  1  0  0  0
  1  2  1  0  0  0
  2  3  1  0  0  0
  3  9  1  0  0  0
  3  4  1  0  0  0
  4 15  1  0  0  0
  4  5  1  0  0  0
  4 11  1  0  0  0
  5  6  1  0  0  0
  5 10  1  0  0  0
  6  7  1  0  0  0
  7  8  1  0  0  0
  7  9  1  0  0  0
 11 12  1  0  0  0
 12 13  1  0  0  0
 13 14  1  0  0  0
 14 15  1  0  0  0
M  END
$$$$
C12(N3CC4CN1CC(C3)C4)CCCCC2
  -ISIS-

 15 18  0  0  0  0  0  0  0  0  1
    4.2478    5.9216    3.9204  C  0  0  0  0  0
    3.0009    5.7266    3.0505  C  0  0  0  0  0
    2.4870    4.3093    3.2552  N  0  0  0  0  0
    2.0623    4.0266    4.6681  C  0  0  0  0  0
    3.3207    4.2017    5.4521  N  0  0  0  0  0
    4.4236    3.2223    5.0640  C  0  0  0  0  0
    4.7935    3.4671    3.5930  C  0  0  0  0  0
    5.3274    4.9139    3.4537  C  0  0  0  0  0
    3.5323    3.3357    2.7317  C  0  0  0  0  0
    3.8923    5.6143    5.3829  C  0  0  0  0  0
    1.4747    2.5938    4.7975  C  0  0  0  0  0
    0.9650    2.2767    6.2057  C  0  0  0  0  0
   -0.0792    3.2840    6.6656  C  0  0  0  0  0
    0.4227    4.7147    6.5307  C  0  0  0  0  0
    0.9394    5.0019    5.1186  C  0  0  0  0  0
  1  8  1  0  0  0
  1 10  1  0  0  0
  1  2  1  0  0  0
  2  3  1  0  0  0
  3  9  1  0  0  0
  3  4  1  0  0  0
  4 15  1  0  0  0
  4  5  1  0  0  0
  4 11  1  0  0  0
  5  6  1  0  0  0
  5 10  1  0  0  0
  6  7  1  0  0  0
  7  8  1  0  0  0
  7  9  1  0  0  0
 11 12  1  0  0  0
 12 13  1  0  0  0
 13 14  1  0  0  0
 14 15  1  0  0  0
M  END
$$$$
C12(N3CC4CN1CC(C3)C4)CCCCC2
  -ISIS-

 15 18  0  0  0  0  0  0  0  0  1
   -3.6861   -1.1451   -2.7546  C  0  0  0  0  0
   -2.9606   -0.7272   -1.4665  C  0  0  0  0  0
   -2.2096    0.5725   -1.7376  N  0  0  0  0  0
   -3.1005    1.7122   -2.1064  C  0  0  0  0  0
   -3.7495    1.2522   -3.3806  N  0  0  0  0  0
   -2.7600    1.0153   -4.5118  C  0  0  0  0  0
   -1.8000   -0.1034   -4.0914  C  0  0  0  0  0
   -2.6280   -1.3911   -3.8583  C  0  0  0  0  0
   -1.1226    0.2880   -2.7692  C  0  0  0  0  0
   -4.5973    0.0005   -3.2096  C  0  0  0  0  0
   -4.1654    2.0129   -1.0153  C  0  0  0  0  0
   -3.5609    2.5487    0.2850  C  0  0  0  0  0
   -2.7299    3.8011    0.0445  C  0  0  0  0  0
   -1.6872    3.5834   -1.0428  C  0  0  0  0  0
   -2.3151    3.0349   -2.3266  C  0  0  0  0  0
  1  8  1  0  0  0
  1 10  1  0  0  0
  1  2  1  0  0  0
  2  3  1  0  0  0
  3  9  1  0  0  0
  3  4  1  0  0  0
  4 15  1  0  0  0
  4  5  1  0  0  0
  4 11  1  0  0  0
  5  6  1  0  0  0
  5 10  1  0  0  0
  6  7  1  0  0  0
  7  8  1  0  0  0
  7  9  1  0  0  0
 11 12  1  0  0  0
 12 13  1  0  0  0
 13 14  1  0  0  0
 14 15  1  0  0  0
M  END
$$$$
C12(N3CC4CN1CC(C3)C4)CCCCC2
  -ISIS-

 15 18  0  0  0  0  0  0  0  0  1
   -3.6861   -1.1451   -2.7546  C  0  0  0  0  0
   -2.9606   -0.7272   -1.4665  C  0  0  0  0  0
   -2.2096    0.5725   -1.7376  N  0  0  0  0  0
   -3.1005    1.7122   -2.1064  C  0  0  0  0  0
   -3.7495    1.2522   -3.3806  N  0  0  0  0  0
   -2.7600    1.0153   -4.5118  C  0  0  0  0  0
   -1.8000   -0.1034   -4.0914  C  0  0  0  0  0
   -2.6280   -1.3911   -3.8583  C  0  0  0  0  0
   -1.1226    0.2880   -2.7692  C  0  0  0  0  0
   -4.5973    0.0005   -3.2096  C  0  0  0  0  0
   -4.1654    2.0129   -1.0153  C  0  0  0  0  0
   -3.5609    2.5487    0.2850  C  0  0  0  0  0
   -2.7299    3.8011    0.0445  C  0  0  0  0  0
   -1.6872    3.5834   -1.0428  C  0  0  0  0  0
   -2.3151    3.0349   -2.3266  C  0  0  0  0  0
  1  8  1  0  0  0
  1 10  1  0  0  0
  1  2  1  0  0  0
  2  3  1  0  0  0
  3  9  1  0  0  0
  3  4  1  0  0  0
  4 15  1  0  0  0
  4  5  1  0  0  0
  4 11  1  0  0  0
  5  6  1  0  0  0
  5 10  1  0  0  0
  6  7  1  0  0  0
  7  8  1  0  0  0
  7  9  1  0  0  0
 11 12  1  0  0  0
 12 13  1  0  0  0
 13 14  1  0  0  0
 14 15  1  0  0  0
M  END
$$$$
C12(N3CC4CN1CC(C3)C4)CCCCC2
  -ISIS-

 15 18  0  0  0  0  0  0  0  0  1
   -3.6861   -1.1451   -2.7546  C  0  0  0  0  0
   -2.9606   -0.7272   -1.4665  C  0  0  0  0  0
   -2.2096    0.5725   -1.7376  N  0  0  0  0  0
   -3.1005    1.7122   -2.1064  C  0  0  0  0  0
   -3.7495    1.2522   -3.3806  N  0  0  0  0  0
   -2.7600    1.0153   -4.5118  C  0  0  0  0  0
   -1.8000   -0.1034   -4.0914  C  0  0  0  0  0
   -2.6280   -1.3911   -3.8583  C  0  0  0  0  0
   -1.1226    0.2880   -2.7692  C  0  0  0  0  0
   -4.5973    0.0005   -3.2096  C  0  0  0  0  0
   -4.1654    2.0129   -1.0153  C  0  0  0  0  0
   -3.5609    2.5487    0.2850  C  0  0  0  0  0
   -2.7299    3.8011    0.0445  C  0  0  0  0  0
   -1.6872    3.5834   -1.0428  C  0  0  0  0  0
   -2.3151    3.0349   -2.3266  C  0  0  0  0  0
  1  8  1  0  0  0
  1 10  1  0  0  0
  1  2  1  0  0  0
  2  3  1  0  0  0
  3  9  1  0  0  0
  3  4  1  0  0  0
  4 15  1  0  0  0
  4  5  1  0  0  0
  4 11  1  0  0  0
  5  6  1  0  0  0
  5 10  1  0  0  0
  6  7  1  0  0  0
  7  8  1  0  0  0
  7  9  1  0  0  0
 11 12  1  0  0  0
 12 13  1  0  0  0
 13 14  1  0  0  0
 14 15  1  0  0  0
M  END
$$$$
C12(N3CC4CN1CC(C3)C4)CCCCC2
  -ISIS-

 15 18  0  0  0  0  0  0  0  0  1
   -5.2751   -1.1390   -0.6911  C  0  0  0  0  0
   -4.6423   -2.3347    0.0140  C  0  0  0  0  0
   -3.8467   -3.1404   -1.0145  N  0  0  0  0  0
   -4.8379   -3.7404   -2.0132  C  0  0  0  0  0
   -5.4794   -2.6031   -2.8024  C  0  0  0  0  0
   -6.1797   -1.7202   -1.7736  C  0  0  0  0  0
   -4.4120   -1.7271   -3.4514  C  0  0  0  0  0
   -3.4488   -1.2514   -2.3631  N  0  0  0  0  0
   -2.7324   -2.3675   -1.6574  C  0  0  0  0  0
   -1.7225   -1.8114   -0.6184  C  0  0  0  0  0
   -0.9161   -2.9077    0.0821  C  0  0  0  0  0
   -0.1762   -3.7866   -0.9166  C  0  0  0  0  0
   -1.1131   -4.3395   -1.9816  C  0  0  0  0  0
   -1.9178   -3.2280   -2.6596  C  0  0  0  0  0
   -4.2166   -0.3203   -1.4238  C  0  0  0  0  0
  1  6  1  0  0  0
  1 15  1  0  0  0
  1  2  1  0  0  0
  2  3  1  0  0  0
  3  9  1  0  0  0
  3  4  1  0  0  0
  4  5  1  0  0  0
  5  6  1  0  0  0
  5  7  1  0  0  0
  7  8  1  0  0  0
  8  9  1  0  0  0
  8 15  1  0  0  0
  9 14  1  0  0  0
  9 10  1  0  0  0
 10 11  1  0  0  0
 11 12  1  0  0  0
 12 13  1  0  0  0
 13 14  1  0  0  0
M  END
$$$$
C12(N3CC4CN1CC(C3)C4)CCCCC2
  -ISIS-

 15 18  0  0  0  0  0  0  0  0  1
   -5.2751   -1.1390   -0.6911  C  0  0  0  0  0
   -4.6423   -2.3347    0.0140  C  0  0  0  0  0
   -3.8467   -3.1404   -1.0145  N  0  0  0  0  0
   -4.8379   -3.7404   -2.0132  C  0  0  0  0  0
   -5.4794   -2.6031   -2.8024  C  0  0  0  0  0
   -6.1797   -1.7202   -1.7736  C  0  0  0  0  0
   -4.4120   -1.7271   -3.4514  C  0  0  0  0  0
   -3.4488   -1.2514   -2.3631  N  0  0  0  0  0
   -2.7324   -2.3675   -1.6574  C  0  0  0  0  0
   -1.7225   -1.8114   -0.6184  C  0  0  0  0  0
   -0.9161   -2.9077    0.0821  C  0  0  0  0  0
   -0.1762   -3.7866   -0.9166  C  0  0  0  0  0
   -1.1131   -4.3395   -1.9816  C  0  0  0  0  0
   -1.9178   -3.2280   -2.6596  C  0  0  0  0  0
   -4.2166   -0.3203   -1.4238  C  0  0  0  0  0
  1  6  1  0  0  0
  1 15  1  0  0  0
  1  2  1  0  0  0
  2  3  1  0  0  0
  3  9  1  0  0  0
  3  4  1  0  0  0
  4  5  1  0  0  0
  5  6  1  0  0  0
  5  7  1  0  0  0
  7  8  1  0  0  0
  8  9  1  0  0  0
  8 15  1  0  0  0
  9 14  1  0  0  0
  9 10  1  0  0  0
 10 11  1  0  0  0
 11 12  1  0  0  0
 12 13  1  0  0  0
 13 14  1  0  0  0
M  END
$$$$
C12(N3CC4CN1CC(C3)C4)CCCCC2
  -ISIS-

 15 18  0  0  0  0  0  0  0  0  1
   -5.2751   -1.1390   -0.6911  C  0  0  0  0  0
   -4.6423   -2.3347    0.0140  C  0  0  0  0  0
   -3.8467   -3.1404   -1.0145  N  0  0  0  0  0
   -4.8379   -3.7404   -2.0132  C  0  0  0  0  0
   -5.4794   -2.6031   -2.8024  C  0  0  0  0  0
   -6.1797   -1.7202   -1.7736  C  0  0  0  0  0
   -4.4120   -1.7271   -3.4514  C  0  0  0  0  0
   -3.4488   -1.2514   -2.3631  N  0  0  0  0  0
   -2.7324   -2.3675   -1.6574  C  0  0  0  0  0
   -1.7225   -1.8114   -0.6184  C  0  0  0  0  0
   -0.9161   -2.9077    0.0821  C  0  0  0  0  0
   -0.1762   -3.7866   -0.9166  C  0  0  0  0  0
   -1.1131   -4.3395   -1.9816  C  0  0  0  0  0
   -1.9178   -3.2280   -2.6596  C  0  0  0  0  0
   -4.2166   -0.3203   -1.4238  C  0  0  0  0  0
  1  6  1  0  0  0
  1 15  1  0  0  0
  1  2  1  0  0  0
  2  3  1  0  0  0
  3  9  1  0  0  0
  3  4  1  0  0  0
  4  5  1  0  0  0
  5  6  1  0  0  0
  5  7  1  0  0  0
  7  8  1  0  0  0
  8  9  1  0  0  0
  8 15  1  0  0  0
  9 14  1  0  0  0
  9 10  1  0  0  0
 10 11  1  0  0  0
 11 12  1  0  0  0
 12 13  1  0  0  0
 13 14  1  0  0  0
M  END
$$$$
