C12(OCc3c(cccc3)C1)CCCCC2
  -ISIS-

 15 17  0  0  0  0  0  0  0  0  1
    0.5504    6.8435    0.9777  C  0  0  0  0  0
    1.0597    5.7893    1.9162  C  0  0  0  0  0
    2.4256    5.4804    1.9161  C  0  0  0  0  0
    3.3595    6.1798    0.9966  C  0  0  0  0  0
    2.7978    6.9563    0.0345  O  0  0  0  0  0
    1.3898    6.8550   -0.3124  C  0  0  0  0  0
    1.0739    8.1169   -1.1435  C  0  0  0  0  0
   -0.3062    8.0789   -1.7948  C  0  0  0  0  0
   -0.4887    6.8260   -2.6453  C  0  0  0  0  0
   -0.1880    5.5530   -1.8604  C  0  0  0  0  0
    1.1896    5.6076   -1.2035  C  0  0  0  0  0
    2.9281    4.5218    2.8042  C  0  0  0  0  0
    2.0683    3.8728    3.6906  C  0  0  0  0  0
    0.7095    4.1859    3.6981  C  0  0  0  0  0
    0.2050    5.1452    2.8188  C  0  0  0  0  0
  1  6  1  0  0  0
  1  2  1  0  0  0
  2 15  2  0  0  0
  2  3  1  0  0  0
  3  4  1  0  0  0
  3 12  2  0  0  0
  4  5  1  0  0  0
  5  6  1  0  0  0
  6 11  1  0  0  0
  6  7  1  0  0  0
  7  8  1  0  0  0
  8  9  1  0  0  0
  9 10  1  0  0  0
 10 11  1  0  0  0
 12 13  1  0  0  0
 13 14  2  0  0  0
 14 15  1  0  0  0
M  END
$$$$
