C12(SCCS1)CC3(SCCS3)C2
  -ISIS-

 12 14  0  0  0  0  0  0  0  0  1
   -5.0786    4.2539    1.3221  C  0  0  0  0  0
   -4.0584    3.8403    2.4875  C  0  0  0  0  0
   -5.1734    2.8934    3.1362  C  0  0  0  0  0
   -5.9428    2.9683    1.7352  C  0  0  0  0  0
   -5.6680    1.4905    0.6330  S  0  0  0  0  0
   -7.4098    1.1996    0.2403  C  0  0  0  0  0
   -8.1397    2.5223    0.2712  C  0  0  0  0  0
   -7.7618    3.2760    1.8667  S  0  0  0  0  0
   -3.5127    5.2422    3.5633  S  0  0  0  0  0
   -1.9025    5.4044    2.7647  C  0  0  0  0  0
   -1.3289    4.0095    2.6735  C  0  0  0  0  0
   -2.5474    2.9344    1.8787  S  0  0  0  0  0
  1  4  1  0  0  0
  1  2  1  0  0  0
  2 12  1  0  0  0
  2  3  1  0  0  0
  2  9  1  0  0  0
  3  4  1  0  0  0
  4  8  1  0  0  0
  4  5  1  0  0  0
  5  6  1  0  0  0
  6  7  1  0  0  0
  7  8  1  0  0  0
  9 10  1  0  0  0
 10 11  1  0  0  0
 11 12  1  0  0  0
M  END
$$$$
