C12(OCCO1)CC3C(c4c(cccc4)C3)CC2
  -ISIS-

 17 20  0  0  0  0  0  0  0  0  1
   -1.4895    3.2492   -4.5853  C  0  0  0  0  0
   -0.0840    3.6490   -5.0922  C  0  0  0  0  0
    0.9973    2.6168   -4.7775  C  0  0  0  0  0
    0.6028    1.2456   -5.3217  C  0  0  0  0  0
   -0.7151    0.7639   -4.7249  C  0  0  0  0  0
   -1.8634    1.7649   -4.8788  C  0  0  0  0  0
   -2.4622    1.8814   -6.2576  C  0  0  0  0  0
   -2.8757    3.1979   -6.4973  C  0  0  0  0  0
   -3.5059    3.5529   -7.6784  C  0  0  0  0  0
   -3.7140    2.5642   -8.6404  C  0  0  0  0  0
   -3.3053    1.2435   -8.4047  C  0  0  0  0  0
   -2.6824    0.8929   -7.2041  C  0  0  0  0  0
   -2.5707    4.0821   -5.3253  C  0  0  0  0  0
    1.1791    2.5238   -3.3548  O  0  0  0  0  0
    2.4180    3.1886   -3.1029  C  0  0  0  0  0
    3.2062    2.9329   -4.3572  C  0  0  0  0  0
    2.2257    3.0374   -5.3887  O  0  0  0  0  0
  1  6  1  0  0  0
  1 13  1  0  0  0
  1  2  1  0  0  0
  2  3  1  0  0  0
  3 17  1  0  0  0
  3  4  1  0  0  0
  3 14  1  0  0  0
  4  5  1  0  0  0
  5  6  1  0  0  0
  6  7  1  0  0  0
  7 12  2  0  0  0
  7  8  1  0  0  0
  8  9  2  0  0  0
  8 13  1  0  0  0
  9 10  1  0  0  0
 10 11  2  0  0  0
 11 12  1  0  0  0
 14 15  1  0  0  0
 15 16  1  0  0  0
 16 17  1  0  0  0
M  END
$$$$
C12(OCCO1)CC3C(c4c(cccc4)C3)CC2
  -ISIS-

 17 20  0  0  0  0  0  0  0  0  1
   -7.0663    3.4438   -0.4270  C  0  0  0  0  0
   -6.6449    3.2253   -1.8157  C  0  0  0  0  0
   -5.8488    2.0726   -1.8442  C  0  0  0  0  0
   -5.8892    1.3899   -0.5133  C  0  0  0  0  0
   -6.1937    2.5653    0.4346  C  0  0  0  0  0
   -6.7171    2.0310    1.7504  C  0  0  0  0  0
   -5.6347    1.1348    2.3867  C  0  0  0  0  0
   -5.0914    0.0582    1.4195  C  0  0  0  0  0
   -4.7079    0.6050    0.0312  C  0  0  0  0  0
   -4.5246    1.9584    2.7933  O  0  0  0  0  0
   -4.6339    2.0396    4.2142  C  0  0  0  0  0
   -5.2519    0.7209    4.5871  C  0  0  0  0  0
   -6.1954    0.4907    3.5414  O  0  0  0  0  0
   -5.2755    1.6661   -3.0315  C  0  0  0  0  0
   -5.5089    2.4458   -4.1721  C  0  0  0  0  0
   -6.3165    3.6034   -4.1303  C  0  0  0  0  0
   -6.8996    4.0043   -2.9290  C  0  0  0  0  0
  1  5  1  0  0  0
  1  2  1  0  0  0
  2 17  2  0  0  0
  2  3  1  0  0  0
  3  4  1  0  0  0
  3 14  2  0  0  0
  4  9  1  0  0  0
  4  5  1  0  0  0
  5  6  1  0  0  0
  6  7  1  0  0  0
  7 13  1  0  0  0
  7  8  1  0  0  0
  7 10  1  0  0  0
  8  9  1  0  0  0
 10 11  1  0  0  0
 11 12  1  0  0  0
 12 13  1  0  0  0
 14 15  1  0  0  0
 15 16  2  0  0  0
 16 17  1  0  0  0
M  END
$$$$
C12(OCCO1)CC3C(c4c(cccc4)C3)CC2
  -ISIS-

 17 20  0  0  0  0  0  0  0  0  1
   -7.0663    3.4438   -0.4270  C  0  0  0  0  0
   -6.6449    3.2253   -1.8157  C  0  0  0  0  0
   -5.8488    2.0726   -1.8442  C  0  0  0  0  0
   -5.8892    1.3899   -0.5133  C  0  0  0  0  0
   -6.1937    2.5653    0.4346  C  0  0  0  0  0
   -6.7171    2.0310    1.7504  C  0  0  0  0  0
   -5.6347    1.1348    2.3867  C  0  0  0  0  0
   -5.0914    0.0582    1.4195  C  0  0  0  0  0
   -4.7079    0.6050    0.0312  C  0  0  0  0  0
   -4.5246    1.9584    2.7933  O  0  0  0  0  0
   -4.6339    2.0396    4.2142  C  0  0  0  0  0
   -5.2519    0.7209    4.5871  C  0  0  0  0  0
   -6.1954    0.4907    3.5414  O  0  0  0  0  0
   -5.2755    1.6661   -3.0315  C  0  0  0  0  0
   -5.5089    2.4458   -4.1721  C  0  0  0  0  0
   -6.3165    3.6034   -4.1303  C  0  0  0  0  0
   -6.8996    4.0043   -2.9290  C  0  0  0  0  0
  1  5  1  0  0  0
  1  2  1  0  0  0
  2 17  2  0  0  0
  2  3  1  0  0  0
  3  4  1  0  0  0
  3 14  2  0  0  0
  4  9  1  0  0  0
  4  5  1  0  0  0
  5  6  1  0  0  0
  6  7  1  0  0  0
  7 13  1  0  0  0
  7  8  1  0  0  0
  7 10  1  0  0  0
  8  9  1  0  0  0
 10 11  1  0  0  0
 11 12  1  0  0  0
 12 13  1  0  0  0
 14 15  1  0  0  0
 15 16  2  0  0  0
 16 17  1  0  0  0
M  END
$$$$
C12(OCCO1)CC3C(c4c(cccc4)C3)CC2
  -ISIS-

 17 20  0  0  0  0  0  0  0  0  1
   -4.3547    7.9228   -0.7236  C  0  0  0  0  0
   -4.2150    6.6749    0.1484  C  0  0  0  0  0
   -5.6603    6.6559    0.7403  C  0  0  0  0  0
   -6.5028    7.1162   -0.4051  C  0  0  0  0  0
   -5.7439    7.9760   -1.2066  C  0  0  0  0  0
   -6.2704    8.6633   -2.2798  C  0  0  0  0  0
   -7.6234    8.4694   -2.5684  C  0  0  0  0  0
   -8.3989    7.6021   -1.7709  C  0  0  0  0  0
   -7.8420    6.9254   -0.6743  C  0  0  0  0  0
   -5.9354    5.4034    1.5485  C  0  0  0  0  0
   -4.9823    5.4238    2.7566  C  0  0  0  0  0
   -3.4994    5.6546    2.3909  C  0  0  0  0  0
   -3.2683    6.7810    1.3491  C  0  0  0  0  0
   -2.7935    5.9998    3.5971  O  0  0  0  0  0
   -1.6125    5.1999    3.5680  C  0  0  0  0  0
   -2.0789    3.9429    2.8910  C  0  0  0  0  0
   -2.9745    4.4173    1.8859  O  0  0  0  0  0
  1  5  1  0  0  0
  1  2  1  0  0  0
  2 13  1  0  0  0
  2  3  1  0  0  0
  3  4  1  0  0  0
  3 10  1  0  0  0
  4  9  2  0  0  0
  4  5  1  0  0  0
  5  6  2  0  0  0
  6  7  1  0  0  0
  7  8  2  0  0  0
  8  9  1  0  0  0
 10 11  1  0  0  0
 11 12  1  0  0  0
 12 17  1  0  0  0
 12 13  1  0  0  0
 12 14  1  0  0  0
 14 15  1  0  0  0
 15 16  1  0  0  0
 16 17  1  0  0  0
M  END
$$$$
C12(OCCO1)CC3C(c4c(cccc4)C3)CC2
  -ISIS-

 17 20  0  0  0  0  0  0  0  0  1
   -4.3547    7.9228   -0.7236  C  0  0  0  0  0
   -4.2150    6.6749    0.1484  C  0  0  0  0  0
   -5.6603    6.6559    0.7403  C  0  0  0  0  0
   -6.5028    7.1162   -0.4051  C  0  0  0  0  0
   -5.7439    7.9760   -1.2066  C  0  0  0  0  0
   -6.2704    8.6633   -2.2798  C  0  0  0  0  0
   -7.6234    8.4694   -2.5684  C  0  0  0  0  0
   -8.3989    7.6021   -1.7709  C  0  0  0  0  0
   -7.8420    6.9254   -0.6743  C  0  0  0  0  0
   -5.9354    5.4034    1.5485  C  0  0  0  0  0
   -4.9823    5.4238    2.7566  C  0  0  0  0  0
   -3.4994    5.6546    2.3909  C  0  0  0  0  0
   -3.2683    6.7810    1.3491  C  0  0  0  0  0
   -2.7935    5.9998    3.5971  O  0  0  0  0  0
   -1.6125    5.1999    3.5680  C  0  0  0  0  0
   -2.0789    3.9429    2.8910  C  0  0  0  0  0
   -2.9745    4.4173    1.8859  O  0  0  0  0  0
  1  5  1  0  0  0
  1  2  1  0  0  0
  2 13  1  0  0  0
  2  3  1  0  0  0
  3  4  1  0  0  0
  3 10  1  0  0  0
  4  9  2  0  0  0
  4  5  1  0  0  0
  5  6  2  0  0  0
  6  7  1  0  0  0
  7  8  2  0  0  0
  8  9  1  0  0  0
 10 11  1  0  0  0
 11 12  1  0  0  0
 12 17  1  0  0  0
 12 13  1  0  0  0
 12 14  1  0  0  0
 14 15  1  0  0  0
 15 16  1  0  0  0
 16 17  1  0  0  0
M  END
$$$$
C12(OCCO1)CC3C(c4c(cccc4)C3)CC2
  -ISIS-

 17 20  0  0  0  0  0  0  0  0  1
   -4.3547    7.9228   -0.7236  C  0  0  0  0  0
   -4.2150    6.6749    0.1484  C  0  0  0  0  0
   -5.6603    6.6559    0.7403  C  0  0  0  0  0
   -6.5028    7.1162   -0.4051  C  0  0  0  0  0
   -5.7439    7.9760   -1.2066  C  0  0  0  0  0
   -6.2704    8.6633   -2.2798  C  0  0  0  0  0
   -7.6234    8.4694   -2.5684  C  0  0  0  0  0
   -8.3989    7.6021   -1.7709  C  0  0  0  0  0
   -7.8420    6.9254   -0.6743  C  0  0  0  0  0
   -5.9354    5.4034    1.5485  C  0  0  0  0  0
   -4.9823    5.4238    2.7566  C  0  0  0  0  0
   -3.4994    5.6546    2.3909  C  0  0  0  0  0
   -3.2683    6.7810    1.3491  C  0  0  0  0  0
   -2.7935    5.9998    3.5971  O  0  0  0  0  0
   -1.6125    5.1999    3.5680  C  0  0  0  0  0
   -2.0789    3.9429    2.8910  C  0  0  0  0  0
   -2.9745    4.4173    1.8859  O  0  0  0  0  0
  1  5  1  0  0  0
  1  2  1  0  0  0
  2 13  1  0  0  0
  2  3  1  0  0  0
  3  4  1  0  0  0
  3 10  1  0  0  0
  4  9  2  0  0  0
  4  5  1  0  0  0
  5  6  2  0  0  0
  6  7  1  0  0  0
  7  8  2  0  0  0
  8  9  1  0  0  0
 10 11  1  0  0  0
 11 12  1  0  0  0
 12 17  1  0  0  0
 12 13  1  0  0  0
 12 14  1  0  0  0
 14 15  1  0  0  0
 15 16  1  0  0  0
 16 17  1  0  0  0
M  END
$$$$
