C12(OCCC1)CC3OCCC3CCC2
  -ISIS-

 14 16  0  0  0  0  0  0  0  0  1
    5.5665   -2.7080    1.3920  C  0  0  0  0  0
    5.0492   -2.3046   -0.0128  C  0  0  0  0  0
    3.6165   -1.8054   -0.1142  C  0  0  0  0  0
    3.5406   -0.2891    0.0982  C  0  0  0  0  0
    3.7128    0.1820    1.5411  C  0  0  0  0  0
    4.9658   -0.2727    2.3265  C  0  0  0  0  0
    5.0444   -1.8170    2.5813  C  0  0  0  0  0
    5.7767   -2.1451    3.8944  C  0  0  0  0  0
    4.7344   -1.9577    4.9721  C  0  0  0  0  0
    3.4734   -2.2849    4.2420  C  0  0  0  0  0
    3.6841   -2.2378    2.8967  O  0  0  0  0  0
    3.2869   -2.2611   -1.5007  C  0  0  0  0  0
    4.1968   -3.3719   -1.8575  C  0  0  0  0  0
    5.1429   -3.4530   -0.8849  O  0  0  0  0  0
  1  7  1  0  0  0
  1  2  1  0  0  0
  2 14  1  0  0  0
  2  3  1  0  0  0
  3  4  1  0  0  0
  3 12  1  0  0  0
  4  5  1  0  0  0
  5  6  1  0  0  0
  6  7  1  0  0  0
  7 11  1  0  0  0
  7  8  1  0  0  0
  8  9  1  0  0  0
  9 10  1  0  0  0
 10 11  1  0  0  0
 12 13  1  0  0  0
 13 14  1  0  0  0
M  END
$$$$
C12(OCCC1)CC3OCCC3CCC2
  -ISIS-

 14 16  0  0  0  0  0  0  0  0  1
    5.5665   -2.7080    1.3920  C  0  0  0  0  0
    5.0492   -2.3046   -0.0128  C  0  0  0  0  0
    3.6165   -1.8054   -0.1142  C  0  0  0  0  0
    3.5406   -0.2891    0.0982  C  0  0  0  0  0
    3.7128    0.1820    1.5411  C  0  0  0  0  0
    4.9658   -0.2727    2.3265  C  0  0  0  0  0
    5.0444   -1.8170    2.5813  C  0  0  0  0  0
    5.7767   -2.1451    3.8944  C  0  0  0  0  0
    4.7344   -1.9577    4.9721  C  0  0  0  0  0
    3.4734   -2.2849    4.2420  C  0  0  0  0  0
    3.6841   -2.2378    2.8967  O  0  0  0  0  0
    3.2869   -2.2611   -1.5007  C  0  0  0  0  0
    4.1968   -3.3719   -1.8575  C  0  0  0  0  0
    5.1429   -3.4530   -0.8849  O  0  0  0  0  0
  1  7  1  0  0  0
  1  2  1  0  0  0
  2 14  1  0  0  0
  2  3  1  0  0  0
  3  4  1  0  0  0
  3 12  1  0  0  0
  4  5  1  0  0  0
  5  6  1  0  0  0
  6  7  1  0  0  0
  7 11  1  0  0  0
  7  8  1  0  0  0
  8  9  1  0  0  0
  9 10  1  0  0  0
 10 11  1  0  0  0
 12 13  1  0  0  0
 13 14  1  0  0  0
M  END
$$$$
C12(OCCC1)CC3OCCC3CCC2
  -ISIS-

 14 16  0  0  0  0  0  0  0  0  1
    5.5665   -2.7080    1.3920  C  0  0  0  0  0
    5.0492   -2.3046   -0.0128  C  0  0  0  0  0
    3.6165   -1.8054   -0.1142  C  0  0  0  0  0
    3.5406   -0.2891    0.0982  C  0  0  0  0  0
    3.7128    0.1820    1.5411  C  0  0  0  0  0
    4.9658   -0.2727    2.3265  C  0  0  0  0  0
    5.0444   -1.8170    2.5813  C  0  0  0  0  0
    5.7767   -2.1451    3.8944  C  0  0  0  0  0
    4.7344   -1.9577    4.9721  C  0  0  0  0  0
    3.4734   -2.2849    4.2420  C  0  0  0  0  0
    3.6841   -2.2378    2.8967  O  0  0  0  0  0
    3.2869   -2.2611   -1.5007  C  0  0  0  0  0
    4.1968   -3.3719   -1.8575  C  0  0  0  0  0
    5.1429   -3.4530   -0.8849  O  0  0  0  0  0
  1  7  1  0  0  0
  1  2  1  0  0  0
  2 14  1  0  0  0
  2  3  1  0  0  0
  3  4  1  0  0  0
  3 12  1  0  0  0
  4  5  1  0  0  0
  5  6  1  0  0  0
  6  7  1  0  0  0
  7 11  1  0  0  0
  7  8  1  0  0  0
  8  9  1  0  0  0
  9 10  1  0  0  0
 10 11  1  0  0  0
 12 13  1  0  0  0
 13 14  1  0  0  0
M  END
$$$$
C12(OCCC1)CC3OCCC3CCC2
  -ISIS-

 14 16  0  0  0  0  0  0  0  0  1
    5.5665   -2.7080    1.3920  C  0  0  0  0  0
    5.0492   -2.3046   -0.0128  C  0  0  0  0  0
    3.6165   -1.8054   -0.1142  C  0  0  0  0  0
    3.5406   -0.2891    0.0982  C  0  0  0  0  0
    3.7128    0.1820    1.5411  C  0  0  0  0  0
    4.9658   -0.2727    2.3265  C  0  0  0  0  0
    5.0444   -1.8170    2.5813  C  0  0  0  0  0
    5.7767   -2.1451    3.8944  C  0  0  0  0  0
    4.7344   -1.9577    4.9721  C  0  0  0  0  0
    3.4734   -2.2849    4.2420  C  0  0  0  0  0
    3.6841   -2.2378    2.8967  O  0  0  0  0  0
    3.2869   -2.2611   -1.5007  C  0  0  0  0  0
    4.1968   -3.3719   -1.8575  C  0  0  0  0  0
    5.1429   -3.4530   -0.8849  O  0  0  0  0  0
  1  7  1  0  0  0
  1  2  1  0  0  0
  2 14  1  0  0  0
  2  3  1  0  0  0
  3  4  1  0  0  0
  3 12  1  0  0  0
  4  5  1  0  0  0
  5  6  1  0  0  0
  6  7  1  0  0  0
  7 11  1  0  0  0
  7  8  1  0  0  0
  8  9  1  0  0  0
  9 10  1  0  0  0
 10 11  1  0  0  0
 12 13  1  0  0  0
 13 14  1  0  0  0
M  END
$$$$
C12(OCCC1)CC3OCCC3CCC2
  -ISIS-

 14 16  0  0  0  0  0  0  0  0  1
    5.5665   -2.7080    1.3920  C  0  0  0  0  0
    5.0492   -2.3046   -0.0128  C  0  0  0  0  0
    3.6165   -1.8054   -0.1142  C  0  0  0  0  0
    3.5406   -0.2891    0.0982  C  0  0  0  0  0
    3.7128    0.1820    1.5411  C  0  0  0  0  0
    4.9658   -0.2727    2.3265  C  0  0  0  0  0
    5.0444   -1.8170    2.5813  C  0  0  0  0  0
    5.7767   -2.1451    3.8944  C  0  0  0  0  0
    4.7344   -1.9577    4.9721  C  0  0  0  0  0
    3.4734   -2.2849    4.2420  C  0  0  0  0  0
    3.6841   -2.2378    2.8967  O  0  0  0  0  0
    3.2869   -2.2611   -1.5007  C  0  0  0  0  0
    4.1968   -3.3719   -1.8575  C  0  0  0  0  0
    5.1429   -3.4530   -0.8849  O  0  0  0  0  0
  1  7  1  0  0  0
  1  2  1  0  0  0
  2 14  1  0  0  0
  2  3  1  0  0  0
  3  4  1  0  0  0
  3 12  1  0  0  0
  4  5  1  0  0  0
  5  6  1  0  0  0
  6  7  1  0  0  0
  7 11  1  0  0  0
  7  8  1  0  0  0
  8  9  1  0  0  0
  9 10  1  0  0  0
 10 11  1  0  0  0
 12 13  1  0  0  0
 13 14  1  0  0  0
M  END
$$$$
C12(OCCC1)CC3OCCC3CCC2
  -ISIS-

 14 16  0  0  0  0  0  0  0  0  1
   -0.3361    2.3842   -0.3803  C  0  0  0  0  0
   -1.3119    2.4373   -1.5858  C  0  0  0  0  0
   -0.6939    2.9915   -2.8648  C  0  0  0  0  0
    0.2568    2.0501   -3.5903  C  0  0  0  0  0
    1.4120    1.5297   -2.7271  C  0  0  0  0  0
    1.0485    0.4653   -1.6666  C  0  0  0  0  0
    0.4366    1.0063   -0.3069  C  0  0  0  0  0
   -0.3022   -0.0859    0.4856  C  0  0  0  0  0
    0.8165   -0.8911    1.1127  C  0  0  0  0  0
    1.8504    0.1651    1.3462  C  0  0  0  0  0
    1.5824    1.2591    0.5719  O  0  0  0  0  0
   -1.9413    3.3857   -3.5824  C  0  0  0  0  0
   -2.9375    3.7364   -2.5406  C  0  0  0  0  0
   -2.4338    3.3139   -1.3465  O  0  0  0  0  0
  1  7  1  0  0  0
  1  2  1  0  0  0
  2 14  1  0  0  0
  2  3  1  0  0  0
  3  4  1  0  0  0
  3 12  1  0  0  0
  4  5  1  0  0  0
  5  6  1  0  0  0
  6  7  1  0  0  0
  7 11  1  0  0  0
  7  8  1  0  0  0
  8  9  1  0  0  0
  9 10  1  0  0  0
 10 11  1  0  0  0
 12 13  1  0  0  0
 13 14  1  0  0  0
M  END
$$$$
C12(OCCC1)CC3OCCC3CCC2
  -ISIS-

 14 16  0  0  0  0  0  0  0  0  1
   -0.3361    2.3842   -0.3803  C  0  0  0  0  0
   -1.3119    2.4373   -1.5858  C  0  0  0  0  0
   -0.6939    2.9915   -2.8648  C  0  0  0  0  0
    0.2568    2.0501   -3.5903  C  0  0  0  0  0
    1.4120    1.5297   -2.7271  C  0  0  0  0  0
    1.0485    0.4653   -1.6666  C  0  0  0  0  0
    0.4366    1.0063   -0.3069  C  0  0  0  0  0
   -0.3022   -0.0859    0.4856  C  0  0  0  0  0
    0.8165   -0.8911    1.1127  C  0  0  0  0  0
    1.8504    0.1651    1.3462  C  0  0  0  0  0
    1.5824    1.2591    0.5719  O  0  0  0  0  0
   -1.9413    3.3857   -3.5824  C  0  0  0  0  0
   -2.9375    3.7364   -2.5406  C  0  0  0  0  0
   -2.4338    3.3139   -1.3465  O  0  0  0  0  0
  1  7  1  0  0  0
  1  2  1  0  0  0
  2 14  1  0  0  0
  2  3  1  0  0  0
  3  4  1  0  0  0
  3 12  1  0  0  0
  4  5  1  0  0  0
  5  6  1  0  0  0
  6  7  1  0  0  0
  7 11  1  0  0  0
  7  8  1  0  0  0
  8  9  1  0  0  0
  9 10  1  0  0  0
 10 11  1  0  0  0
 12 13  1  0  0  0
 13 14  1  0  0  0
M  END
$$$$
C12(OCCC1)CC3OCCC3CCC2
  -ISIS-

 14 16  0  0  0  0  0  0  0  0  1
   -0.3361    2.3842   -0.3803  C  0  0  0  0  0
   -1.3119    2.4373   -1.5858  C  0  0  0  0  0
   -0.6939    2.9915   -2.8648  C  0  0  0  0  0
    0.2568    2.0501   -3.5903  C  0  0  0  0  0
    1.4120    1.5297   -2.7271  C  0  0  0  0  0
    1.0485    0.4653   -1.6666  C  0  0  0  0  0
    0.4366    1.0063   -0.3069  C  0  0  0  0  0
   -0.3022   -0.0859    0.4856  C  0  0  0  0  0
    0.8165   -0.8911    1.1127  C  0  0  0  0  0
    1.8504    0.1651    1.3462  C  0  0  0  0  0
    1.5824    1.2591    0.5719  O  0  0  0  0  0
   -1.9413    3.3857   -3.5824  C  0  0  0  0  0
   -2.9375    3.7364   -2.5406  C  0  0  0  0  0
   -2.4338    3.3139   -1.3465  O  0  0  0  0  0
  1  7  1  0  0  0
  1  2  1  0  0  0
  2 14  1  0  0  0
  2  3  1  0  0  0
  3  4  1  0  0  0
  3 12  1  0  0  0
  4  5  1  0  0  0
  5  6  1  0  0  0
  6  7  1  0  0  0
  7 11  1  0  0  0
  7  8  1  0  0  0
  8  9  1  0  0  0
  9 10  1  0  0  0
 10 11  1  0  0  0
 12 13  1  0  0  0
 13 14  1  0  0  0
M  END
$$$$
C12(OCCC1)CC3OCCC3CCC2
  -ISIS-

 14 16  0  0  0  0  0  0  0  0  1
   -0.3361    2.3842   -0.3803  C  0  0  0  0  0
   -1.3119    2.4373   -1.5858  C  0  0  0  0  0
   -0.6939    2.9915   -2.8648  C  0  0  0  0  0
    0.2568    2.0501   -3.5903  C  0  0  0  0  0
    1.4120    1.5297   -2.7271  C  0  0  0  0  0
    1.0485    0.4653   -1.6666  C  0  0  0  0  0
    0.4366    1.0063   -0.3069  C  0  0  0  0  0
   -0.3022   -0.0859    0.4856  C  0  0  0  0  0
    0.8165   -0.8911    1.1127  C  0  0  0  0  0
    1.8504    0.1651    1.3462  C  0  0  0  0  0
    1.5824    1.2591    0.5719  O  0  0  0  0  0
   -1.9413    3.3857   -3.5824  C  0  0  0  0  0
   -2.9375    3.7364   -2.5406  C  0  0  0  0  0
   -2.4338    3.3139   -1.3465  O  0  0  0  0  0
  1  7  1  0  0  0
  1  2  1  0  0  0
  2 14  1  0  0  0
  2  3  1  0  0  0
  3  4  1  0  0  0
  3 12  1  0  0  0
  4  5  1  0  0  0
  5  6  1  0  0  0
  6  7  1  0  0  0
  7 11  1  0  0  0
  7  8  1  0  0  0
  8  9  1  0  0  0
  9 10  1  0  0  0
 10 11  1  0  0  0
 12 13  1  0  0  0
 13 14  1  0  0  0
M  END
$$$$
C12(OCCC1)CC3OCCC3CCC2
  -ISIS-

 14 16  0  0  0  0  0  0  0  0  1
   -0.3361    2.3842   -0.3803  C  0  0  0  0  0
   -1.3119    2.4373   -1.5858  C  0  0  0  0  0
   -0.6939    2.9915   -2.8648  C  0  0  0  0  0
    0.2568    2.0501   -3.5903  C  0  0  0  0  0
    1.4120    1.5297   -2.7271  C  0  0  0  0  0
    1.0485    0.4653   -1.6666  C  0  0  0  0  0
    0.4366    1.0063   -0.3069  C  0  0  0  0  0
   -0.3022   -0.0859    0.4856  C  0  0  0  0  0
    0.8165   -0.8911    1.1127  C  0  0  0  0  0
    1.8504    0.1651    1.3462  C  0  0  0  0  0
    1.5824    1.2591    0.5719  O  0  0  0  0  0
   -1.9413    3.3857   -3.5824  C  0  0  0  0  0
   -2.9375    3.7364   -2.5406  C  0  0  0  0  0
   -2.4338    3.3139   -1.3465  O  0  0  0  0  0
  1  7  1  0  0  0
  1  2  1  0  0  0
  2 14  1  0  0  0
  2  3  1  0  0  0
  3  4  1  0  0  0
  3 12  1  0  0  0
  4  5  1  0  0  0
  5  6  1  0  0  0
  6  7  1  0  0  0
  7 11  1  0  0  0
  7  8  1  0  0  0
  8  9  1  0  0  0
  9 10  1  0  0  0
 10 11  1  0  0  0
 12 13  1  0  0  0
 13 14  1  0  0  0
M  END
$$$$
C12(OCCC1)CC3OCCC3CCC2
  -ISIS-

 14 16  0  0  0  0  0  0  0  0  1
   -5.2075    0.6318   -2.2953  C  0  0  0  0  0
   -6.5871    0.5478   -2.9965  C  0  0  0  0  0
   -6.5954    0.9175   -4.4704  C  0  0  0  0  0
   -6.0975   -0.2027   -5.4022  C  0  0  0  0  0
   -5.5061   -1.4398   -4.7150  C  0  0  0  0  0
   -4.2008   -1.2686   -3.8944  C  0  0  0  0  0
   -3.9969    0.1025   -3.1577  C  0  0  0  0  0
   -2.6710    0.1995   -2.3812  C  0  0  0  0  0
   -1.6307    0.4626   -3.4430  C  0  0  0  0  0
   -2.4171    1.2482   -4.4410  C  0  0  0  0  0
   -3.7522    1.0664   -4.2289  O  0  0  0  0  0
   -8.0199    1.3502   -4.6019  C  0  0  0  0  0
   -8.4768    1.8019   -3.2641  C  0  0  0  0  0
   -7.5134    1.4556   -2.3641  O  0  0  0  0  0
  1  7  1  0  0  0
  1  2  1  0  0  0
  2 14  1  0  0  0
  2  3  1  0  0  0
  3  4  1  0  0  0
  3 12  1  0  0  0
  4  5  1  0  0  0
  5  6  1  0  0  0
  6  7  1  0  0  0
  7 11  1  0  0  0
  7  8  1  0  0  0
  8  9  1  0  0  0
  9 10  1  0  0  0
 10 11  1  0  0  0
 12 13  1  0  0  0
 13 14  1  0  0  0
M  END
$$$$
C12(OCCC1)CC3OCCC3CCC2
  -ISIS-

 14 16  0  0  0  0  0  0  0  0  1
   -5.2075    0.6318   -2.2953  C  0  0  0  0  0
   -6.5871    0.5478   -2.9965  C  0  0  0  0  0
   -6.5954    0.9175   -4.4704  C  0  0  0  0  0
   -6.0975   -0.2027   -5.4022  C  0  0  0  0  0
   -5.5061   -1.4398   -4.7150  C  0  0  0  0  0
   -4.2008   -1.2686   -3.8944  C  0  0  0  0  0
   -3.9969    0.1025   -3.1577  C  0  0  0  0  0
   -2.6710    0.1995   -2.3812  C  0  0  0  0  0
   -1.6307    0.4626   -3.4430  C  0  0  0  0  0
   -2.4171    1.2482   -4.4410  C  0  0  0  0  0
   -3.7522    1.0664   -4.2289  O  0  0  0  0  0
   -8.0199    1.3502   -4.6019  C  0  0  0  0  0
   -8.4768    1.8019   -3.2641  C  0  0  0  0  0
   -7.5134    1.4556   -2.3641  O  0  0  0  0  0
  1  7  1  0  0  0
  1  2  1  0  0  0
  2 14  1  0  0  0
  2  3  1  0  0  0
  3  4  1  0  0  0
  3 12  1  0  0  0
  4  5  1  0  0  0
  5  6  1  0  0  0
  6  7  1  0  0  0
  7 11  1  0  0  0
  7  8  1  0  0  0
  8  9  1  0  0  0
  9 10  1  0  0  0
 10 11  1  0  0  0
 12 13  1  0  0  0
 13 14  1  0  0  0
M  END
$$$$
C12(OCCC1)CC3OCCC3CCC2
  -ISIS-

 14 16  0  0  0  0  0  0  0  0  1
   -5.2075    0.6318   -2.2953  C  0  0  0  0  0
   -6.5871    0.5478   -2.9965  C  0  0  0  0  0
   -6.5954    0.9175   -4.4704  C  0  0  0  0  0
   -6.0975   -0.2027   -5.4022  C  0  0  0  0  0
   -5.5061   -1.4398   -4.7150  C  0  0  0  0  0
   -4.2008   -1.2686   -3.8944  C  0  0  0  0  0
   -3.9969    0.1025   -3.1577  C  0  0  0  0  0
   -2.6710    0.1995   -2.3812  C  0  0  0  0  0
   -1.6307    0.4626   -3.4430  C  0  0  0  0  0
   -2.4171    1.2482   -4.4410  C  0  0  0  0  0
   -3.7522    1.0664   -4.2289  O  0  0  0  0  0
   -8.0199    1.3502   -4.6019  C  0  0  0  0  0
   -8.4768    1.8019   -3.2641  C  0  0  0  0  0
   -7.5134    1.4556   -2.3641  O  0  0  0  0  0
  1  7  1  0  0  0
  1  2  1  0  0  0
  2 14  1  0  0  0
  2  3  1  0  0  0
  3  4  1  0  0  0
  3 12  1  0  0  0
  4  5  1  0  0  0
  5  6  1  0  0  0
  6  7  1  0  0  0
  7 11  1  0  0  0
  7  8  1  0  0  0
  8  9  1  0  0  0
  9 10  1  0  0  0
 10 11  1  0  0  0
 12 13  1  0  0  0
 13 14  1  0  0  0
M  END
$$$$
C12(OCCC1)CC3OCCC3CCC2
  -ISIS-

 14 16  0  0  0  0  0  0  0  0  1
   -5.2075    0.6318   -2.2953  C  0  0  0  0  0
   -6.5871    0.5478   -2.9965  C  0  0  0  0  0
   -6.5954    0.9175   -4.4704  C  0  0  0  0  0
   -6.0975   -0.2027   -5.4022  C  0  0  0  0  0
   -5.5061   -1.4398   -4.7150  C  0  0  0  0  0
   -4.2008   -1.2686   -3.8944  C  0  0  0  0  0
   -3.9969    0.1025   -3.1577  C  0  0  0  0  0
   -2.6710    0.1995   -2.3812  C  0  0  0  0  0
   -1.6307    0.4626   -3.4430  C  0  0  0  0  0
   -2.4171    1.2482   -4.4410  C  0  0  0  0  0
   -3.7522    1.0664   -4.2289  O  0  0  0  0  0
   -8.0199    1.3502   -4.6019  C  0  0  0  0  0
   -8.4768    1.8019   -3.2641  C  0  0  0  0  0
   -7.5134    1.4556   -2.3641  O  0  0  0  0  0
  1  7  1  0  0  0
  1  2  1  0  0  0
  2 14  1  0  0  0
  2  3  1  0  0  0
  3  4  1  0  0  0
  3 12  1  0  0  0
  4  5  1  0  0  0
  5  6  1  0  0  0
  6  7  1  0  0  0
  7 11  1  0  0  0
  7  8  1  0  0  0
  8  9  1  0  0  0
  9 10  1  0  0  0
 10 11  1  0  0  0
 12 13  1  0  0  0
 13 14  1  0  0  0
M  END
$$$$
C12(OCCC1)CC3OCCC3CCC2
  -ISIS-

 14 16  0  0  0  0  0  0  0  0  1
   -5.2075    0.6318   -2.2953  C  0  0  0  0  0
   -6.5871    0.5478   -2.9965  C  0  0  0  0  0
   -6.5954    0.9175   -4.4704  C  0  0  0  0  0
   -6.0975   -0.2027   -5.4022  C  0  0  0  0  0
   -5.5061   -1.4398   -4.7150  C  0  0  0  0  0
   -4.2008   -1.2686   -3.8944  C  0  0  0  0  0
   -3.9969    0.1025   -3.1577  C  0  0  0  0  0
   -2.6710    0.1995   -2.3812  C  0  0  0  0  0
   -1.6307    0.4626   -3.4430  C  0  0  0  0  0
   -2.4171    1.2482   -4.4410  C  0  0  0  0  0
   -3.7522    1.0664   -4.2289  O  0  0  0  0  0
   -8.0199    1.3502   -4.6019  C  0  0  0  0  0
   -8.4768    1.8019   -3.2641  C  0  0  0  0  0
   -7.5134    1.4556   -2.3641  O  0  0  0  0  0
  1  7  1  0  0  0
  1  2  1  0  0  0
  2 14  1  0  0  0
  2  3  1  0  0  0
  3  4  1  0  0  0
  3 12  1  0  0  0
  4  5  1  0  0  0
  5  6  1  0  0  0
  6  7  1  0  0  0
  7 11  1  0  0  0
  7  8  1  0  0  0
  8  9  1  0  0  0
  9 10  1  0  0  0
 10 11  1  0  0  0
 12 13  1  0  0  0
 13 14  1  0  0  0
M  END
$$$$
