C12(Oc3c(O1)cccc3)CCCCC2
  -ISIS-

 14 16  0  0  0  0  0  0  0  0  1
    7.4862   -2.0642   -8.5704  C  0  0  0  0  0
    7.0174   -3.3580   -9.2304  C  0  0  0  0  0
    7.5303   -4.5872   -8.4826  C  0  0  0  0  0
    7.1606   -4.5575   -6.9914  C  0  0  0  0  0
    7.6280   -3.2443   -6.3431  C  0  0  0  0  0
    7.1149   -2.0154   -7.0909  C  0  0  0  0  0
    5.7166   -4.6486   -6.8679  O  0  0  0  0  0
    5.5789   -5.7825   -6.1296  C  0  0  0  0  0
    6.7896   -6.3565   -5.8233  C  0  0  0  0  0
    7.8392   -5.6575   -6.3312  O  0  0  0  0  0
    6.8772   -7.5115   -5.0779  C  0  0  0  0  0
    5.6839   -8.0868   -4.6310  C  0  0  0  0  0
    4.4447   -7.4938   -4.9406  C  0  0  0  0  0
    4.3858   -6.3277   -5.7068  C  0  0  0  0  0
  1  6  1  0  0  0
  1  2  1  0  0  0
  2  3  1  0  0  0
  3  4  1  0  0  0
  4 10  1  0  0  0
  4  5  1  0  0  0
  4  7  1  0  0  0
  5  6  1  0  0  0
  7  8  1  0  0  0
  8 14  2  0  0  0
  8  9  1  0  0  0
  9 10  1  0  0  0
  9 11  2  0  0  0
 11 12  1  0  0  0
 12 13  2  0  0  0
 13 14  1  0  0  0
M  END
$$$$
