C12(OCCO1)C3C4C5C2C6C3C4C56
  -ISIS-

 13 18  0  0  0  0  0  0  0  0  1
   -0.2247   -1.4881   -0.5494  C  0  0  0  0  0
    0.1248   -1.1408   -1.9958  C  0  0  0  0  0
   -1.3399   -1.2333   -2.3930  C  0  0  0  0  0
   -1.1785   -2.7205   -2.7006  C  0  0  0  0  0
    0.3171   -2.6286   -2.2898  C  0  0  0  0  0
    0.2999   -2.9269   -0.7514  C  0  0  0  0  0
   -0.8946   -3.8763   -0.5474  C  0  0  0  0  0
   -1.8964   -3.0704   -1.3678  C  0  0  0  0  0
   -1.7219   -1.5802   -0.9535  C  0  0  0  0  0
   -1.3288   -4.0011    0.8057  O  0  0  0  0  0
   -1.0400   -5.3505    1.1473  C  0  0  0  0  0
   -1.1898   -6.0811   -0.1607  C  0  0  0  0  0
   -0.6818   -5.1707   -1.1354  O  0  0  0  0  0
  1  6  1  0  0  0
  1  9  1  0  0  0
  1  2  1  0  0  0
  2  5  1  0  0  0
  2  3  1  0  0  0
  3  9  1  0  0  0
  3  4  1  0  0  0
  4  8  1  0  0  0
  4  5  1  0  0  0
  5  6  1  0  0  0
  6  7  1  0  0  0
  7 13  1  0  0  0
  7  8  1  0  0  0
  7 10  1  0  0  0
  8  9  1  0  0  0
 10 11  1  0  0  0
 11 12  1  0  0  0
 12 13  1  0  0  0
M  END
$$$$
C12(OCCO1)C3C4C5C2C6C3C4C56
  -ISIS-

 13 18  0  0  0  0  0  0  0  0  1
   -0.2247   -1.4881   -0.5494  C  0  0  0  0  0
    0.1248   -1.1408   -1.9958  C  0  0  0  0  0
   -1.3399   -1.2333   -2.3930  C  0  0  0  0  0
   -1.1785   -2.7205   -2.7006  C  0  0  0  0  0
    0.3171   -2.6286   -2.2898  C  0  0  0  0  0
    0.2999   -2.9269   -0.7514  C  0  0  0  0  0
   -0.8946   -3.8763   -0.5474  C  0  0  0  0  0
   -1.8964   -3.0704   -1.3678  C  0  0  0  0  0
   -1.7219   -1.5802   -0.9535  C  0  0  0  0  0
   -1.3288   -4.0011    0.8057  O  0  0  0  0  0
   -1.0400   -5.3505    1.1473  C  0  0  0  0  0
   -1.1898   -6.0811   -0.1607  C  0  0  0  0  0
   -0.6818   -5.1707   -1.1354  O  0  0  0  0  0
  1  6  1  0  0  0
  1  9  1  0  0  0
  1  2  1  0  0  0
  2  5  1  0  0  0
  2  3  1  0  0  0
  3  9  1  0  0  0
  3  4  1  0  0  0
  4  8  1  0  0  0
  4  5  1  0  0  0
  5  6  1  0  0  0
  6  7  1  0  0  0
  7 13  1  0  0  0
  7  8  1  0  0  0
  7 10  1  0  0  0
  8  9  1  0  0  0
 10 11  1  0  0  0
 11 12  1  0  0  0
 12 13  1  0  0  0
M  END
$$$$
C12(OCCO1)C3C4C5C2C6C3C4C56
  -ISIS-

 13 18  0  0  0  0  0  0  0  0  1
   -0.9827    3.7482   -0.8125  C  0  0  0  0  0
    0.2136    4.1109    0.0954  C  0  0  0  0  0
    1.1324    4.1599   -1.1276  C  0  0  0  0  0
    1.4566    2.6756   -0.9691  C  0  0  0  0  0
    0.5175    2.6140    0.2650  C  0  0  0  0  0
   -0.8648    2.2552   -0.3520  C  0  0  0  0  0
   -0.5761    1.4365   -1.6027  C  0  0  0  0  0
    0.5106    2.3447   -2.1597  C  0  0  0  0  0
   -0.0310    3.7998   -2.0504  C  0  0  0  0  0
   -1.7096    1.3645   -2.4656  O  0  0  0  0  0
   -1.7252    0.0041   -2.8974  C  0  0  0  0  0
   -1.1022   -0.7427   -1.7464  C  0  0  0  0  0
   -0.0761    0.1379   -1.2891  O  0  0  0  0  0
  1  6  1  0  0  0
  1  9  1  0  0  0
  1  2  1  0  0  0
  2  5  1  0  0  0
  2  3  1  0  0  0
  3  9  1  0  0  0
  3  4  1  0  0  0
  4  8  1  0  0  0
  4  5  1  0  0  0
  5  6  1  0  0  0
  6  7  1  0  0  0
  7 13  1  0  0  0
  7  8  1  0  0  0
  7 10  1  0  0  0
  8  9  1  0  0  0
 10 11  1  0  0  0
 11 12  1  0  0  0
 12 13  1  0  0  0
M  END
$$$$
C12(OCCO1)C3C4C5C2C6C3C4C56
  -ISIS-

 13 18  0  0  0  0  0  0  0  0  1
   -0.9827    3.7482   -0.8125  C  0  0  0  0  0
    0.2136    4.1109    0.0954  C  0  0  0  0  0
    1.1324    4.1599   -1.1276  C  0  0  0  0  0
    1.4566    2.6756   -0.9691  C  0  0  0  0  0
    0.5175    2.6140    0.2650  C  0  0  0  0  0
   -0.8648    2.2552   -0.3520  C  0  0  0  0  0
   -0.5761    1.4365   -1.6027  C  0  0  0  0  0
    0.5106    2.3447   -2.1597  C  0  0  0  0  0
   -0.0310    3.7998   -2.0504  C  0  0  0  0  0
   -1.7096    1.3645   -2.4656  O  0  0  0  0  0
   -1.7252    0.0041   -2.8974  C  0  0  0  0  0
   -1.1022   -0.7427   -1.7464  C  0  0  0  0  0
   -0.0761    0.1379   -1.2891  O  0  0  0  0  0
  1  6  1  0  0  0
  1  9  1  0  0  0
  1  2  1  0  0  0
  2  5  1  0  0  0
  2  3  1  0  0  0
  3  9  1  0  0  0
  3  4  1  0  0  0
  4  8  1  0  0  0
  4  5  1  0  0  0
  5  6  1  0  0  0
  6  7  1  0  0  0
  7 13  1  0  0  0
  7  8  1  0  0  0
  7 10  1  0  0  0
  8  9  1  0  0  0
 10 11  1  0  0  0
 11 12  1  0  0  0
 12 13  1  0  0  0
M  END
$$$$
C12(OCCO1)C3C4C5C2C6C3C4C56
  -ISIS-

 13 18  0  0  0  0  0  0  0  0  1
    4.7056    3.6492   -3.4057  C  0  0  0  0  0
    4.3279    2.4286   -4.2498  C  0  0  0  0  0
    4.4929    1.5351   -2.9868  C  0  0  0  0  0
    4.8719    2.7707   -2.1855  C  0  0  0  0  0
    6.3396    2.5435   -2.5131  C  0  0  0  0  0
    6.1762    3.4375   -3.7756  C  0  0  0  0  0
    5.7504    2.4277   -4.8813  C  0  0  0  0  0
    6.3879    1.0836   -4.5045  C  0  0  0  0  0
    5.7900   -0.0321   -5.1772  O  0  0  0  0  0
    6.8667   -0.6223   -5.9030  C  0  0  0  0  0
    8.0922   -0.2477   -5.1115  C  0  0  0  0  0
    7.8116    1.0765   -4.6655  O  0  0  0  0  0
    5.9930    1.1162   -3.0330  C  0  0  0  0  0
  1  6  1  0  0  0
  1  4  1  0  0  0
  1  2  1  0  0  0
  2  7  1  0  0  0
  2  3  1  0  0  0
  3 13  1  0  0  0
  3  4  1  0  0  0
  4  5  1  0  0  0
  5 13  1  0  0  0
  5  6  1  0  0  0
  6  7  1  0  0  0
  7  8  1  0  0  0
  8 12  1  0  0  0
  8  9  1  0  0  0
  8 13  1  0  0  0
  9 10  1  0  0  0
 10 11  1  0  0  0
 11 12  1  0  0  0
M  END
$$$$
C12(OCCO1)C3C4C5C2C6C3C4C56
  -ISIS-

 13 18  0  0  0  0  0  0  0  0  1
    4.7056    3.6492   -3.4057  C  0  0  0  0  0
    4.3279    2.4286   -4.2498  C  0  0  0  0  0
    4.4929    1.5351   -2.9868  C  0  0  0  0  0
    4.8719    2.7707   -2.1855  C  0  0  0  0  0
    6.3396    2.5435   -2.5131  C  0  0  0  0  0
    6.1762    3.4375   -3.7756  C  0  0  0  0  0
    5.7504    2.4277   -4.8813  C  0  0  0  0  0
    6.3879    1.0836   -4.5045  C  0  0  0  0  0
    5.7900   -0.0321   -5.1772  O  0  0  0  0  0
    6.8667   -0.6223   -5.9030  C  0  0  0  0  0
    8.0922   -0.2477   -5.1115  C  0  0  0  0  0
    7.8116    1.0765   -4.6655  O  0  0  0  0  0
    5.9930    1.1162   -3.0330  C  0  0  0  0  0
  1  6  1  0  0  0
  1  4  1  0  0  0
  1  2  1  0  0  0
  2  7  1  0  0  0
  2  3  1  0  0  0
  3 13  1  0  0  0
  3  4  1  0  0  0
  4  5  1  0  0  0
  5 13  1  0  0  0
  5  6  1  0  0  0
  6  7  1  0  0  0
  7  8  1  0  0  0
  8 12  1  0  0  0
  8  9  1  0  0  0
  8 13  1  0  0  0
  9 10  1  0  0  0
 10 11  1  0  0  0
 11 12  1  0  0  0
M  END
$$$$
C12(OCCO1)C3C4C5C2C6C3C4C56
  -ISIS-

 13 18  0  0  0  0  0  0  0  0  1
   -4.4655   -4.1455    5.6146  C  0  0  0  0  0
   -3.2215   -4.8693    6.1214  C  0  0  0  0  0
   -2.0139   -4.2804    5.3381  C  0  0  0  0  0
   -2.6327   -3.8686    3.9754  C  0  0  0  0  0
   -4.1316   -4.2677    4.1215  C  0  0  0  0  0
   -3.6935   -5.7450    3.8934  C  0  0  0  0  0
   -2.3165   -5.2637    3.4370  C  0  0  0  0  0
   -1.7064   -5.6670    4.7712  C  0  0  0  0  0
   -3.0721   -6.1537    5.2566  C  0  0  0  0  0
   -4.4959   -2.7930    6.0712  O  0  0  0  0  0
   -5.5914   -2.7642    6.9865  C  0  0  0  0  0
   -6.5256   -3.8278    6.4687  C  0  0  0  0  0
   -5.6511   -4.8498    5.9875  O  0  0  0  0  0
  1  5  1  0  0  0
  1 13  1  0  0  0
  1  2  1  0  0  0
  1 10  1  0  0  0
  2  9  1  0  0  0
  2  3  1  0  0  0
  3  8  1  0  0  0
  3  4  1  0  0  0
  4  7  1  0  0  0
  4  5  1  0  0  0
  5  6  1  0  0  0
  6  9  1  0  0  0
  6  7  1  0  0  0
  7  8  1  0  0  0
  8  9  1  0  0  0
 10 11  1  0  0  0
 11 12  1  0  0  0
 12 13  1  0  0  0
M  END
$$$$
C12(OCCO1)C3C4C5C2C6C3C4C56
  -ISIS-

 13 18  0  0  0  0  0  0  0  0  1
   -4.4655   -4.1455    5.6146  C  0  0  0  0  0
   -3.2215   -4.8693    6.1214  C  0  0  0  0  0
   -2.0139   -4.2804    5.3381  C  0  0  0  0  0
   -2.6327   -3.8686    3.9754  C  0  0  0  0  0
   -4.1316   -4.2677    4.1215  C  0  0  0  0  0
   -3.6935   -5.7450    3.8934  C  0  0  0  0  0
   -2.3165   -5.2637    3.4370  C  0  0  0  0  0
   -1.7064   -5.6670    4.7712  C  0  0  0  0  0
   -3.0721   -6.1537    5.2566  C  0  0  0  0  0
   -4.4959   -2.7930    6.0712  O  0  0  0  0  0
   -5.5914   -2.7642    6.9865  C  0  0  0  0  0
   -6.5256   -3.8278    6.4687  C  0  0  0  0  0
   -5.6511   -4.8498    5.9875  O  0  0  0  0  0
  1  5  1  0  0  0
  1 13  1  0  0  0
  1  2  1  0  0  0
  1 10  1  0  0  0
  2  9  1  0  0  0
  2  3  1  0  0  0
  3  8  1  0  0  0
  3  4  1  0  0  0
  4  7  1  0  0  0
  4  5  1  0  0  0
  5  6  1  0  0  0
  6  9  1  0  0  0
  6  7  1  0  0  0
  7  8  1  0  0  0
  8  9  1  0  0  0
 10 11  1  0  0  0
 11 12  1  0  0  0
 12 13  1  0  0  0
M  END
$$$$
C12(OCCO1)C3C4C5C2C6C3C4C56
  -ISIS-

 13 18  0  0  0  0  0  0  0  0  1
   -1.2123   -0.7416   -2.8301  C  0  0  0  0  0
    0.1707   -0.3717   -2.2963  C  0  0  0  0  0
   -0.0552    0.5036   -1.0242  C  0  0  0  0  0
    0.6544   -0.5422   -0.1992  C  0  0  0  0  0
   -0.6386   -1.0528    0.3692  C  0  0  0  0  0
   -1.4124   -0.0253   -0.4668  C  0  0  0  0  0
   -1.8110   -1.1477   -1.4759  C  0  0  0  0  0
   -0.7494   -2.0585   -0.7841  C  0  0  0  0  0
    0.6073   -1.5271   -1.3418  C  0  0  0  0  0
   -1.1162   -1.8214   -3.7504  O  0  0  0  0  0
   -1.9842   -1.4389   -4.8226  C  0  0  0  0  0
   -1.9543    0.0696   -4.7928  C  0  0  0  0  0
   -1.8503    0.3928   -3.4023  O  0  0  0  0  0
  1  7  1  0  0  0
  1 13  1  0  0  0
  1  2  1  0  0  0
  1 10  1  0  0  0
  2  9  1  0  0  0
  2  3  1  0  0  0
  3  6  1  0  0  0
  3  4  1  0  0  0
  4  9  1  0  0  0
  4  5  1  0  0  0
  5  8  1  0  0  0
  5  6  1  0  0  0
  6  7  1  0  0  0
  7  8  1  0  0  0
  8  9  1  0  0  0
 10 11  1  0  0  0
 11 12  1  0  0  0
 12 13  1  0  0  0
M  END
$$$$
C12(OCCO1)C3C4C5C2C6C3C4C56
  -ISIS-

 13 18  0  0  0  0  0  0  0  0  1
   -1.2123   -0.7416   -2.8301  C  0  0  0  0  0
    0.1707   -0.3717   -2.2963  C  0  0  0  0  0
   -0.0552    0.5036   -1.0242  C  0  0  0  0  0
    0.6544   -0.5422   -0.1992  C  0  0  0  0  0
   -0.6386   -1.0528    0.3692  C  0  0  0  0  0
   -1.4124   -0.0253   -0.4668  C  0  0  0  0  0
   -1.8110   -1.1477   -1.4759  C  0  0  0  0  0
   -0.7494   -2.0585   -0.7841  C  0  0  0  0  0
    0.6073   -1.5271   -1.3418  C  0  0  0  0  0
   -1.1162   -1.8214   -3.7504  O  0  0  0  0  0
   -1.9842   -1.4389   -4.8226  C  0  0  0  0  0
   -1.9543    0.0696   -4.7928  C  0  0  0  0  0
   -1.8503    0.3928   -3.4023  O  0  0  0  0  0
  1  7  1  0  0  0
  1 13  1  0  0  0
  1  2  1  0  0  0
  1 10  1  0  0  0
  2  9  1  0  0  0
  2  3  1  0  0  0
  3  6  1  0  0  0
  3  4  1  0  0  0
  4  9  1  0  0  0
  4  5  1  0  0  0
  5  8  1  0  0  0
  5  6  1  0  0  0
  6  7  1  0  0  0
  7  8  1  0  0  0
  8  9  1  0  0  0
 10 11  1  0  0  0
 11 12  1  0  0  0
 12 13  1  0  0  0
M  END
$$$$
C12(OCCO1)C3C4C5C2C6C3C4C56
  -ISIS-

 13 18  0  0  0  0  0  0  0  0  1
    4.1644    2.3482   -2.7567  C  0  0  0  0  0
    3.7501    2.3651   -1.2888  C  0  0  0  0  0
    3.4622    0.8863   -0.8898  C  0  0  0  0  0
    2.9781    0.2419   -2.2243  C  0  0  0  0  0
    3.0398    1.4216   -3.2395  C  0  0  0  0  0
    1.7262    1.9626   -2.5983  C  0  0  0  0  0
    1.5394    0.6317   -1.8634  C  0  0  0  0  0
    2.0268    1.2601   -0.5833  C  0  0  0  0  0
    2.2099    2.6024   -1.2636  C  0  0  0  0  0
    5.4676    1.7846   -2.9116  O  0  0  0  0  0
    6.1251    2.6711   -3.8179  C  0  0  0  0  0
    5.4540    3.9990   -3.5774  C  0  0  0  0  0
    4.0907    3.6566   -3.3256  O  0  0  0  0  0
  1  5  1  0  0  0
  1 13  1  0  0  0
  1  2  1  0  0  0
  1 10  1  0  0  0
  2  9  1  0  0  0
  2  3  1  0  0  0
  3  8  1  0  0  0
  3  4  1  0  0  0
  4  7  1  0  0  0
  4  5  1  0  0  0
  5  6  1  0  0  0
  6  9  1  0  0  0
  6  7  1  0  0  0
  7  8  1  0  0  0
  8  9  1  0  0  0
 10 11  1  0  0  0
 11 12  1  0  0  0
 12 13  1  0  0  0
M  END
$$$$
C12(OCCO1)C3C4C5C2C6C3C4C56
  -ISIS-

 13 18  0  0  0  0  0  0  0  0  1
    4.1644    2.3482   -2.7567  C  0  0  0  0  0
    3.7501    2.3651   -1.2888  C  0  0  0  0  0
    3.4622    0.8863   -0.8898  C  0  0  0  0  0
    2.9781    0.2419   -2.2243  C  0  0  0  0  0
    3.0398    1.4216   -3.2395  C  0  0  0  0  0
    1.7262    1.9626   -2.5983  C  0  0  0  0  0
    1.5394    0.6317   -1.8634  C  0  0  0  0  0
    2.0268    1.2601   -0.5833  C  0  0  0  0  0
    2.2099    2.6024   -1.2636  C  0  0  0  0  0
    5.4676    1.7846   -2.9116  O  0  0  0  0  0
    6.1251    2.6711   -3.8179  C  0  0  0  0  0
    5.4540    3.9990   -3.5774  C  0  0  0  0  0
    4.0907    3.6566   -3.3256  O  0  0  0  0  0
  1  5  1  0  0  0
  1 13  1  0  0  0
  1  2  1  0  0  0
  1 10  1  0  0  0
  2  9  1  0  0  0
  2  3  1  0  0  0
  3  8  1  0  0  0
  3  4  1  0  0  0
  4  7  1  0  0  0
  4  5  1  0  0  0
  5  6  1  0  0  0
  6  9  1  0  0  0
  6  7  1  0  0  0
  7  8  1  0  0  0
  8  9  1  0  0  0
 10 11  1  0  0  0
 11 12  1  0  0  0
 12 13  1  0  0  0
M  END
$$$$
C12(OCCO1)C3C4C5C2C6C3C4C56
  -ISIS-

 13 18  0  0  0  0  0  0  0  0  1
    6.0864    0.0416    0.9440  C  0  0  0  0  0
    4.7897   -0.5078    1.5706  C  0  0  0  0  0
    5.3502   -1.9501    1.4579  C  0  0  0  0  0
    6.6252   -1.3898    0.8312  C  0  0  0  0  0
    6.0036   -1.5409   -0.5570  C  0  0  0  0  0
    4.8709   -2.4197    0.0519  C  0  0  0  0  0
    3.5562   -1.6785   -0.2231  C  0  0  0  0  0
    4.0488   -0.3035    0.2169  C  0  0  0  0  0
    5.4412   -0.0976   -0.4481  C  0  0  0  0  0
    2.4795   -2.1301    0.6000  O  0  0  0  0  0
    1.3481   -2.0940   -0.2698  C  0  0  0  0  0
    1.9334   -2.3497   -1.6350  C  0  0  0  0  0
    3.1910   -1.6731   -1.6046  O  0  0  0  0  0
  1  9  1  0  0  0
  1  4  1  0  0  0
  1  2  1  0  0  0
  2  8  1  0  0  0
  2  3  1  0  0  0
  3  6  1  0  0  0
  3  4  1  0  0  0
  4  5  1  0  0  0
  5  9  1  0  0  0
  5  6  1  0  0  0
  6  7  1  0  0  0
  7 13  1  0  0  0
  7  8  1  0  0  0
  7 10  1  0  0  0
  8  9  1  0  0  0
 10 11  1  0  0  0
 11 12  1  0  0  0
 12 13  1  0  0  0
M  END
$$$$
C12(OCCO1)C3C4C5C2C6C3C4C56
  -ISIS-

 13 18  0  0  0  0  0  0  0  0  1
    6.0864    0.0416    0.9440  C  0  0  0  0  0
    4.7897   -0.5078    1.5706  C  0  0  0  0  0
    5.3502   -1.9501    1.4579  C  0  0  0  0  0
    6.6252   -1.3898    0.8312  C  0  0  0  0  0
    6.0036   -1.5409   -0.5570  C  0  0  0  0  0
    4.8709   -2.4197    0.0519  C  0  0  0  0  0
    3.5562   -1.6785   -0.2231  C  0  0  0  0  0
    4.0488   -0.3035    0.2169  C  0  0  0  0  0
    5.4412   -0.0976   -0.4481  C  0  0  0  0  0
    2.4795   -2.1301    0.6000  O  0  0  0  0  0
    1.3481   -2.0940   -0.2698  C  0  0  0  0  0
    1.9334   -2.3497   -1.6350  C  0  0  0  0  0
    3.1910   -1.6731   -1.6046  O  0  0  0  0  0
  1  9  1  0  0  0
  1  4  1  0  0  0
  1  2  1  0  0  0
  2  8  1  0  0  0
  2  3  1  0  0  0
  3  6  1  0  0  0
  3  4  1  0  0  0
  4  5  1  0  0  0
  5  9  1  0  0  0
  5  6  1  0  0  0
  6  7  1  0  0  0
  7 13  1  0  0  0
  7  8  1  0  0  0
  7 10  1  0  0  0
  8  9  1  0  0  0
 10 11  1  0  0  0
 11 12  1  0  0  0
 12 13  1  0  0  0
M  END
$$$$
C12(OCCO1)C3C4C5C2C6C3C4C56
  -ISIS-

 13 18  0  0  0  0  0  0  0  0  1
    1.3965   -3.1230   -5.1067  C  0  0  0  0  0
    2.5255   -2.1640   -4.7432  C  0  0  0  0  0
    3.6192   -3.0111   -4.0263  C  0  0  0  0  0
    2.8020   -4.1511   -3.3467  C  0  0  0  0  0
    1.3303   -3.8304   -3.7459  C  0  0  0  0  0
    1.3478   -2.7038   -2.6696  C  0  0  0  0  0
    2.6523   -3.2699   -2.1005  C  0  0  0  0  0
    3.4342   -2.1739   -2.7778  C  0  0  0  0  0
    2.1678   -1.5667   -3.3484  C  0  0  0  0  0
    1.7816   -3.9938   -6.1706  O  0  0  0  0  0
    0.9661   -3.5804   -7.2668  C  0  0  0  0  0
   -0.2788   -3.0404   -6.6108  C  0  0  0  0  0
    0.2041   -2.4032   -5.4268  O  0  0  0  0  0
  1  5  1  0  0  0
  1 13  1  0  0  0
  1  2  1  0  0  0
  1 10  1  0  0  0
  2  9  1  0  0  0
  2  3  1  0  0  0
  3  8  1  0  0  0
  3  4  1  0  0  0
  4  7  1  0  0  0
  4  5  1  0  0  0
  5  6  1  0  0  0
  6  9  1  0  0  0
  6  7  1  0  0  0
  7  8  1  0  0  0
  8  9  1  0  0  0
 10 11  1  0  0  0
 11 12  1  0  0  0
 12 13  1  0  0  0
M  END
$$$$
C12(OCCO1)C3C4C5C2C6C3C4C56
  -ISIS-

 13 18  0  0  0  0  0  0  0  0  1
    1.3965   -3.1230   -5.1067  C  0  0  0  0  0
    2.5255   -2.1640   -4.7432  C  0  0  0  0  0
    3.6192   -3.0111   -4.0263  C  0  0  0  0  0
    2.8020   -4.1511   -3.3467  C  0  0  0  0  0
    1.3303   -3.8304   -3.7459  C  0  0  0  0  0
    1.3478   -2.7038   -2.6696  C  0  0  0  0  0
    2.6523   -3.2699   -2.1005  C  0  0  0  0  0
    3.4342   -2.1739   -2.7778  C  0  0  0  0  0
    2.1678   -1.5667   -3.3484  C  0  0  0  0  0
    1.7816   -3.9938   -6.1706  O  0  0  0  0  0
    0.9661   -3.5804   -7.2668  C  0  0  0  0  0
   -0.2788   -3.0404   -6.6108  C  0  0  0  0  0
    0.2041   -2.4032   -5.4268  O  0  0  0  0  0
  1  5  1  0  0  0
  1 13  1  0  0  0
  1  2  1  0  0  0
  1 10  1  0  0  0
  2  9  1  0  0  0
  2  3  1  0  0  0
  3  8  1  0  0  0
  3  4  1  0  0  0
  4  7  1  0  0  0
  4  5  1  0  0  0
  5  6  1  0  0  0
  6  9  1  0  0  0
  6  7  1  0  0  0
  7  8  1  0  0  0
  8  9  1  0  0  0
 10 11  1  0  0  0
 11 12  1  0  0  0
 12 13  1  0  0  0
M  END
$$$$
C12(OCCO1)C3C4C5C2C6C3C4C56
  -ISIS-

 13 18  0  0  0  0  0  0  0  0  1
    2.8154   -5.9553   -0.7120  C  0  0  0  0  0
    3.4923   -4.5982   -0.8764  C  0  0  0  0  0
    2.4292   -3.5233   -0.5167  C  0  0  0  0  0
    1.0874   -4.1968   -0.9066  C  0  0  0  0  0
    1.5238   -5.5875   -1.4546  C  0  0  0  0  0
    1.9644   -4.8632   -2.7609  C  0  0  0  0  0
    1.2236   -3.6040   -2.3082  C  0  0  0  0  0
    2.5393   -2.9396   -1.9304  C  0  0  0  0  0
    3.3073   -4.1899   -2.3647  C  0  0  0  0  0
    2.5987   -6.2622    0.6660  O  0  0  0  0  0
    3.4918   -7.3463    0.9202  C  0  0  0  0  0
    3.6009   -8.0456   -0.4105  C  0  0  0  0  0
    3.5672   -6.9818   -1.3632  O  0  0  0  0  0
  1  5  1  0  0  0
  1 13  1  0  0  0
  1  2  1  0  0  0
  1 10  1  0  0  0
  2  9  1  0  0  0
  2  3  1  0  0  0
  3  8  1  0  0  0
  3  4  1  0  0  0
  4  7  1  0  0  0
  4  5  1  0  0  0
  5  6  1  0  0  0
  6  9  1  0  0  0
  6  7  1  0  0  0
  7  8  1  0  0  0
  8  9  1  0  0  0
 10 11  1  0  0  0
 11 12  1  0  0  0
 12 13  1  0  0  0
M  END
$$$$
C12(OCCO1)C3C4C5C2C6C3C4C56
  -ISIS-

 13 18  0  0  0  0  0  0  0  0  1
    2.8154   -5.9553   -0.7120  C  0  0  0  0  0
    3.4923   -4.5982   -0.8764  C  0  0  0  0  0
    2.4292   -3.5233   -0.5167  C  0  0  0  0  0
    1.0874   -4.1968   -0.9066  C  0  0  0  0  0
    1.5238   -5.5875   -1.4546  C  0  0  0  0  0
    1.9644   -4.8632   -2.7609  C  0  0  0  0  0
    1.2236   -3.6040   -2.3082  C  0  0  0  0  0
    2.5393   -2.9396   -1.9304  C  0  0  0  0  0
    3.3073   -4.1899   -2.3647  C  0  0  0  0  0
    2.5987   -6.2622    0.6660  O  0  0  0  0  0
    3.4918   -7.3463    0.9202  C  0  0  0  0  0
    3.6009   -8.0456   -0.4105  C  0  0  0  0  0
    3.5672   -6.9818   -1.3632  O  0  0  0  0  0
  1  5  1  0  0  0
  1 13  1  0  0  0
  1  2  1  0  0  0
  1 10  1  0  0  0
  2  9  1  0  0  0
  2  3  1  0  0  0
  3  8  1  0  0  0
  3  4  1  0  0  0
  4  7  1  0  0  0
  4  5  1  0  0  0
  5  6  1  0  0  0
  6  9  1  0  0  0
  6  7  1  0  0  0
  7  8  1  0  0  0
  8  9  1  0  0  0
 10 11  1  0  0  0
 11 12  1  0  0  0
 12 13  1  0  0  0
M  END
$$$$
C12(OCCO1)C3C4C5C2C6C3C4C56
  -ISIS-

 13 18  0  0  0  0  0  0  0  0  1
    6.8895   -4.4500    1.2065  C  0  0  0  0  0
    6.3110   -4.1000   -0.1613  C  0  0  0  0  0
    5.7908   -2.6406   -0.0621  C  0  0  0  0  0
    5.3775   -2.5049    1.4296  C  0  0  0  0  0
    5.7139   -3.9029    2.0276  C  0  0  0  0  0
    4.4216   -4.4346    1.3418  C  0  0  0  0  0
    3.9724   -2.9997    1.0754  C  0  0  0  0  0
    4.3643   -3.1144   -0.4026  C  0  0  0  0  0
    4.8302   -4.5651   -0.1480  C  0  0  0  0  0
    8.1107   -3.7487    1.4434  O  0  0  0  0  0
    9.1027   -4.7757    1.4448  C  0  0  0  0  0
    8.3608   -5.9993    1.9189  C  0  0  0  0  0
    7.0632   -5.8617    1.3379  O  0  0  0  0  0
  1  5  1  0  0  0
  1 13  1  0  0  0
  1  2  1  0  0  0
  1 10  1  0  0  0
  2  9  1  0  0  0
  2  3  1  0  0  0
  3  8  1  0  0  0
  3  4  1  0  0  0
  4  7  1  0  0  0
  4  5  1  0  0  0
  5  6  1  0  0  0
  6  9  1  0  0  0
  6  7  1  0  0  0
  7  8  1  0  0  0
  8  9  1  0  0  0
 10 11  1  0  0  0
 11 12  1  0  0  0
 12 13  1  0  0  0
M  END
$$$$
C12(OCCO1)C3C4C5C2C6C3C4C56
  -ISIS-

 13 18  0  0  0  0  0  0  0  0  1
    6.8895   -4.4500    1.2065  C  0  0  0  0  0
    6.3110   -4.1000   -0.1613  C  0  0  0  0  0
    5.7908   -2.6406   -0.0621  C  0  0  0  0  0
    5.3775   -2.5049    1.4296  C  0  0  0  0  0
    5.7139   -3.9029    2.0276  C  0  0  0  0  0
    4.4216   -4.4346    1.3418  C  0  0  0  0  0
    3.9724   -2.9997    1.0754  C  0  0  0  0  0
    4.3643   -3.1144   -0.4026  C  0  0  0  0  0
    4.8302   -4.5651   -0.1480  C  0  0  0  0  0
    8.1107   -3.7487    1.4434  O  0  0  0  0  0
    9.1027   -4.7757    1.4448  C  0  0  0  0  0
    8.3608   -5.9993    1.9189  C  0  0  0  0  0
    7.0632   -5.8617    1.3379  O  0  0  0  0  0
  1  5  1  0  0  0
  1 13  1  0  0  0
  1  2  1  0  0  0
  1 10  1  0  0  0
  2  9  1  0  0  0
  2  3  1  0  0  0
  3  8  1  0  0  0
  3  4  1  0  0  0
  4  7  1  0  0  0
  4  5  1  0  0  0
  5  6  1  0  0  0
  6  9  1  0  0  0
  6  7  1  0  0  0
  7  8  1  0  0  0
  8  9  1  0  0  0
 10 11  1  0  0  0
 11 12  1  0  0  0
 12 13  1  0  0  0
M  END
$$$$
C12(OCCO1)C3C4C5C2C6C3C4C56
  -ISIS-

 13 18  0  0  0  0  0  0  0  0  1
   -1.7286    2.5525   -1.3492  C  0  0  0  0  0
   -1.4313    4.0470   -1.2703  C  0  0  0  0  0
    0.1054    4.2037   -1.4295  C  0  0  0  0  0
    0.6702    2.8860   -0.8422  C  0  0  0  0  0
   -0.6054    2.1099   -0.4014  C  0  0  0  0  0
   -0.6788    3.0598    0.8299  C  0  0  0  0  0
    0.7390    3.5549    0.5290  C  0  0  0  0  0
    0.1845    4.8534   -0.0377  C  0  0  0  0  0
   -1.2432    4.3822    0.2356  C  0  0  0  0  0
   -3.0348    2.2665   -0.8452  O  0  0  0  0  0
   -3.5941    1.3774   -1.8139  C  0  0  0  0  0
   -2.8904    1.7445   -3.0955  C  0  0  0  0  0
   -1.5621    2.0601   -2.6787  O  0  0  0  0  0
  1  5  1  0  0  0
  1 13  1  0  0  0
  1  2  1  0  0  0
  1 10  1  0  0  0
  2  9  1  0  0  0
  2  3  1  0  0  0
  3  8  1  0  0  0
  3  4  1  0  0  0
  4  7  1  0  0  0
  4  5  1  0  0  0
  5  6  1  0  0  0
  6  9  1  0  0  0
  6  7  1  0  0  0
  7  8  1  0  0  0
  8  9  1  0  0  0
 10 11  1  0  0  0
 11 12  1  0  0  0
 12 13  1  0  0  0
M  END
$$$$
C12(OCCO1)C3C4C5C2C6C3C4C56
  -ISIS-

 13 18  0  0  0  0  0  0  0  0  1
   -1.7286    2.5525   -1.3492  C  0  0  0  0  0
   -1.4313    4.0470   -1.2703  C  0  0  0  0  0
    0.1054    4.2037   -1.4295  C  0  0  0  0  0
    0.6702    2.8860   -0.8422  C  0  0  0  0  0
   -0.6054    2.1099   -0.4014  C  0  0  0  0  0
   -0.6788    3.0598    0.8299  C  0  0  0  0  0
    0.7390    3.5549    0.5290  C  0  0  0  0  0
    0.1845    4.8534   -0.0377  C  0  0  0  0  0
   -1.2432    4.3822    0.2356  C  0  0  0  0  0
   -3.0348    2.2665   -0.8452  O  0  0  0  0  0
   -3.5941    1.3774   -1.8139  C  0  0  0  0  0
   -2.8904    1.7445   -3.0955  C  0  0  0  0  0
   -1.5621    2.0601   -2.6787  O  0  0  0  0  0
  1  5  1  0  0  0
  1 13  1  0  0  0
  1  2  1  0  0  0
  1 10  1  0  0  0
  2  9  1  0  0  0
  2  3  1  0  0  0
  3  8  1  0  0  0
  3  4  1  0  0  0
  4  7  1  0  0  0
  4  5  1  0  0  0
  5  6  1  0  0  0
  6  9  1  0  0  0
  6  7  1  0  0  0
  7  8  1  0  0  0
  8  9  1  0  0  0
 10 11  1  0  0  0
 11 12  1  0  0  0
 12 13  1  0  0  0
M  END
$$$$
