C12(SCCS1)C3CC(C4(SCCS4)CC3)CC2
  -ISIS-

 17 20  0  0  0  0  0  0  0  0  1
   -0.8035   -3.5577   -2.4495  C  0  0  0  0  0
   -1.6594   -4.8211   -1.3161  S  0  0  0  0  0
   -3.2006   -5.0411   -2.2472  C  0  0  0  0  0
   -3.4521   -3.8195   -3.0975  C  0  0  0  0  0
   -1.8976   -3.4610   -3.9350  S  0  0  0  0  0
   -0.6015   -2.1186   -1.7243  C  0  0  0  0  0
   -0.6140   -0.6465   -2.3596  C  0  0  0  0  0
    0.8347    0.1518   -2.5416  C  0  0  0  0  0
    2.1774   -0.7399   -2.7818  C  0  0  0  0  0
    1.5941   -2.1536   -2.8654  C  0  0  0  0  0
    0.8397   -2.1958   -1.4327  C  0  0  0  0  0
    2.0102   -3.6053   -2.8055  C  0  0  0  0  0
    0.6024   -4.3877   -2.8369  C  0  0  0  0  0
    3.1469   -0.0919   -4.2328  S  0  0  0  0  0
    3.9126    1.2742   -3.3443  C  0  0  0  0  0
    4.5554    0.6537   -2.1269  C  0  0  0  0  0
    3.4149   -0.5393   -1.3650  S  0  0  0  0  0
  1 13  1  0  0  0
  1  5  1  0  0  0
  1  2  1  0  0  0
  1  6  1  0  0  0
  2  3  1  0  0  0
  3  4  1  0  0  0
  4  5  1  0  0  0
  6 11  1  0  0  0
  6  7  1  0  0  0
  7  8  1  0  0  0
  8  9  1  0  0  0
  9 17  1  0  0  0
  9 10  1  0  0  0
  9 14  1  0  0  0
 10 11  1  0  0  0
 10 12  1  0  0  0
 12 13  1  0  0  0
 14 15  1  0  0  0
 15 16  1  0  0  0
 16 17  1  0  0  0
M  END
$$$$
