C12(NCNC1)CCC2
  -ISIS-

  8  9  0  0  0  0  0  0  0  0  1
    2.9002   -1.4926   -3.3616  C  0  0  0  0  0
    2.0733   -1.0345   -4.3140  N  0  0  0  0  0
    2.5268   -1.2857   -5.5751  C  0  0  0  0  0
    3.7276   -1.9573   -5.4956  N  0  0  0  0  0
    4.1067   -2.1716   -4.0844  C  0  0  0  0  0
    5.5464   -1.7465   -3.7442  C  0  0  0  0  0
    5.8651   -3.1693   -3.3241  C  0  0  0  0  0
    4.4812   -3.6260   -3.7461  C  0  0  0  0  0
  1  5  1  0  0  0
  1  2  1  0  0  0
  2  3  1  0  0  0
  3  4  1  0  0  0
  4  5  1  0  0  0
  5  8  1  0  0  0
  5  6  1  0  0  0
  6  7  1  0  0  0
  7  8  1  0  0  0
M  END
$$$$
