C12(C3C=CC(C1)C3)CC4(C5C=CC(C4)C5)C2
  -ISIS-

 16 20  0  0  0  0  0  0  0  0  1
    5.5190   -1.1076    0.2615  C  0  0  0  0  0
    5.8287   -1.5427   -1.1878  C  0  0  0  0  0
    6.2380   -0.0750   -1.4217  C  0  0  0  0  0
    5.9555    0.3533    0.0351  C  0  0  0  0  0
    4.8774    1.4568    0.2067  C  0  0  0  0  0
    5.6311    2.4796    1.0954  C  0  0  0  0  0
    7.0554    2.3870    0.5325  C  0  0  0  0  0
    7.1778    0.8801    0.8082  C  0  0  0  0  0
    6.7974    0.8813    2.2704  C  0  0  0  0  0
    5.8696    1.8362    2.4414  C  0  0  0  0  0
    4.6170   -2.0845   -1.9926  C  0  0  0  0  0
    5.1803   -3.4305   -2.5170  C  0  0  0  0  0
    6.0281   -3.8952   -1.3257  C  0  0  0  0  0
    6.9059   -2.6336   -1.3250  C  0  0  0  0  0
    7.3278   -2.6449   -2.7758  C  0  0  0  0  0
    6.2942   -3.1193   -3.4889  C  0  0  0  0  0
  1  4  1  0  0  0
  1  2  1  0  0  0
  2 14  1  0  0  0
  2  3  1  0  0  0
  2 11  1  0  0  0
  3  4  1  0  0  0
  4  8  1  0  0  0
  4  5  1  0  0  0
  5  6  1  0  0  0
  6 10  1  0  0  0
  6  7  1  0  0  0
  7  8  1  0  0  0
  8  9  1  0  0  0
  9 10  2  0  0  0
 11 12  1  0  0  0
 12 16  1  0  0  0
 12 13  1  0  0  0
 13 14  1  0  0  0
 14 15  1  0  0  0
 15 16  2  0  0  0
M  END
$$$$
