C12(c3c(c4c1cccc4)cccc3)NCNC2
  -ISIS-

 17 20  0  0  0  0  0  0  0  0  1
   -0.0159   -0.5094   -3.2483  C  0  0  0  0  0
    1.2273   -1.0026   -2.9693  N  0  0  0  0  0
    1.3841   -1.1992   -1.6389  C  0  0  0  0  0
    0.2298   -0.8347   -0.9967  N  0  0  0  0  0
   -0.7689   -0.3662   -1.9177  C  0  0  0  0  0
   -1.2303    1.0471   -1.6108  C  0  0  0  0  0
   -2.6285    1.0526   -1.4010  C  0  0  0  0  0
   -3.1336   -0.2995   -1.5412  C  0  0  0  0  0
   -2.0570   -1.1657   -1.8402  C  0  0  0  0  0
   -2.2552   -2.5290   -2.0111  C  0  0  0  0  0
   -3.5540   -3.0255   -1.8870  C  0  0  0  0  0
   -4.6267   -2.1670   -1.5949  C  0  0  0  0  0
   -4.4212   -0.7951   -1.4187  C  0  0  0  0  0
   -3.2899    2.2329   -1.1048  C  0  0  0  0  0
   -2.5426    3.4116   -1.0165  C  0  0  0  0  0
   -1.1529    3.4016   -1.2206  C  0  0  0  0  0
   -0.4834    2.2136   -1.5194  C  0  0  0  0  0
  1  5  1  0  0  0
  1  2  1  0  0  0
  2  3  1  0  0  0
  3  4  1  0  0  0
  4  5  1  0  0  0
  5  9  1  0  0  0
  5  6  1  0  0  0
  6 17  2  0  0  0
  6  7  1  0  0  0
  7  8  1  0  0  0
  7 14  2  0  0  0
  8 13  2  0  0  0
  8  9  1  0  0  0
  9 10  2  0  0  0
 10 11  1  0  0  0
 11 12  2  0  0  0
 12 13  1  0  0  0
 14 15  1  0  0  0
 15 16  2  0  0  0
 16 17  1  0  0  0
M  END
$$$$
C12(c3c(c4c1cccc4)cccc3)NCNC2
  -ISIS-

 17 20  0  0  0  0  0  0  0  0  1
   -0.0159   -0.5094   -3.2483  C  0  0  0  0  0
    1.2273   -1.0026   -2.9693  N  0  0  0  0  0
    1.3841   -1.1992   -1.6389  C  0  0  0  0  0
    0.2298   -0.8347   -0.9967  N  0  0  0  0  0
   -0.7689   -0.3662   -1.9177  C  0  0  0  0  0
   -1.2303    1.0471   -1.6108  C  0  0  0  0  0
   -2.6285    1.0526   -1.4010  C  0  0  0  0  0
   -3.1336   -0.2995   -1.5412  C  0  0  0  0  0
   -2.0570   -1.1657   -1.8402  C  0  0  0  0  0
   -2.2552   -2.5290   -2.0111  C  0  0  0  0  0
   -3.5540   -3.0255   -1.8870  C  0  0  0  0  0
   -4.6267   -2.1670   -1.5949  C  0  0  0  0  0
   -4.4212   -0.7951   -1.4187  C  0  0  0  0  0
   -3.2899    2.2329   -1.1048  C  0  0  0  0  0
   -2.5426    3.4116   -1.0165  C  0  0  0  0  0
   -1.1529    3.4016   -1.2206  C  0  0  0  0  0
   -0.4834    2.2136   -1.5194  C  0  0  0  0  0
  1  5  1  0  0  0
  1  2  1  0  0  0
  2  3  1  0  0  0
  3  4  1  0  0  0
  4  5  1  0  0  0
  5  9  1  0  0  0
  5  6  1  0  0  0
  6 17  2  0  0  0
  6  7  1  0  0  0
  7  8  1  0  0  0
  7 14  2  0  0  0
  8 13  2  0  0  0
  8  9  1  0  0  0
  9 10  2  0  0  0
 10 11  1  0  0  0
 11 12  2  0  0  0
 12 13  1  0  0  0
 14 15  1  0  0  0
 15 16  2  0  0  0
 16 17  1  0  0  0
M  END
$$$$
C12(c3c(c4c1cccc4)cccc3)NCNC2
  -ISIS-

 17 20  0  0  0  0  0  0  0  0  1
    3.7139    5.9841   -2.1150  C  0  0  0  0  0
    3.7074    6.5554   -0.8693  N  0  0  0  0  0
    3.6616    5.6134    0.1267  C  0  0  0  0  0
    3.6348    4.3660   -0.4858  N  0  0  0  0  0
    3.6646    4.4635   -1.9204  C  0  0  0  0  0
    2.4677    3.8212   -2.6105  C  0  0  0  0  0
    2.9220    2.8691   -3.5517  C  0  0  0  0  0
    4.3712    2.8257   -3.5246  C  0  0  0  0  0
    4.8460    3.7500   -2.5659  C  0  0  0  0  0
    6.2047    3.9050   -2.3234  C  0  0  0  0  0
    7.0959    3.1226   -3.0596  C  0  0  0  0  0
    6.6282    2.2061   -4.0155  C  0  0  0  0  0
    5.2591    2.0517   -4.2529  C  0  0  0  0  0
    2.0174    2.1487   -4.3137  C  0  0  0  0  0
    0.6520    2.3850   -4.1277  C  0  0  0  0  0
    0.2044    3.3289   -3.1890  C  0  0  0  0  0
    1.1126    4.0574   -2.4189  C  0  0  0  0  0
  1  5  1  0  0  0
  1  2  1  0  0  0
  2  3  1  0  0  0
  3  4  1  0  0  0
  4  5  1  0  0  0
  5  9  1  0  0  0
  5  6  1  0  0  0
  6 17  2  0  0  0
  6  7  1  0  0  0
  7  8  1  0  0  0
  7 14  2  0  0  0
  8 13  2  0  0  0
  8  9  1  0  0  0
  9 10  2  0  0  0
 10 11  1  0  0  0
 11 12  2  0  0  0
 12 13  1  0  0  0
 14 15  1  0  0  0
 15 16  2  0  0  0
 16 17  1  0  0  0
M  END
$$$$
C12(c3c(c4c1cccc4)cccc3)NCNC2
  -ISIS-

 17 20  0  0  0  0  0  0  0  0  1
    3.7139    5.9841   -2.1150  C  0  0  0  0  0
    3.7074    6.5554   -0.8693  N  0  0  0  0  0
    3.6616    5.6134    0.1267  C  0  0  0  0  0
    3.6348    4.3660   -0.4858  N  0  0  0  0  0
    3.6646    4.4635   -1.9204  C  0  0  0  0  0
    2.4677    3.8212   -2.6105  C  0  0  0  0  0
    2.9220    2.8691   -3.5517  C  0  0  0  0  0
    4.3712    2.8257   -3.5246  C  0  0  0  0  0
    4.8460    3.7500   -2.5659  C  0  0  0  0  0
    6.2047    3.9050   -2.3234  C  0  0  0  0  0
    7.0959    3.1226   -3.0596  C  0  0  0  0  0
    6.6282    2.2061   -4.0155  C  0  0  0  0  0
    5.2591    2.0517   -4.2529  C  0  0  0  0  0
    2.0174    2.1487   -4.3137  C  0  0  0  0  0
    0.6520    2.3850   -4.1277  C  0  0  0  0  0
    0.2044    3.3289   -3.1890  C  0  0  0  0  0
    1.1126    4.0574   -2.4189  C  0  0  0  0  0
  1  5  1  0  0  0
  1  2  1  0  0  0
  2  3  1  0  0  0
  3  4  1  0  0  0
  4  5  1  0  0  0
  5  9  1  0  0  0
  5  6  1  0  0  0
  6 17  2  0  0  0
  6  7  1  0  0  0
  7  8  1  0  0  0
  7 14  2  0  0  0
  8 13  2  0  0  0
  8  9  1  0  0  0
  9 10  2  0  0  0
 10 11  1  0  0  0
 11 12  2  0  0  0
 12 13  1  0  0  0
 14 15  1  0  0  0
 15 16  2  0  0  0
 16 17  1  0  0  0
M  END
$$$$
C12(c3c(c4c1cccc4)cccc3)NCNC2
  -ISIS-

 17 20  0  0  0  0  0  0  0  0  1
    3.7139    5.9841   -2.1150  C  0  0  0  0  0
    3.7074    6.5554   -0.8693  N  0  0  0  0  0
    3.6616    5.6134    0.1267  C  0  0  0  0  0
    3.6348    4.3660   -0.4858  N  0  0  0  0  0
    3.6646    4.4635   -1.9204  C  0  0  0  0  0
    2.4677    3.8212   -2.6105  C  0  0  0  0  0
    2.9220    2.8691   -3.5517  C  0  0  0  0  0
    4.3712    2.8257   -3.5246  C  0  0  0  0  0
    4.8460    3.7500   -2.5659  C  0  0  0  0  0
    6.2047    3.9050   -2.3234  C  0  0  0  0  0
    7.0959    3.1226   -3.0596  C  0  0  0  0  0
    6.6282    2.2061   -4.0155  C  0  0  0  0  0
    5.2591    2.0517   -4.2529  C  0  0  0  0  0
    2.0174    2.1487   -4.3137  C  0  0  0  0  0
    0.6520    2.3850   -4.1277  C  0  0  0  0  0
    0.2044    3.3289   -3.1890  C  0  0  0  0  0
    1.1126    4.0574   -2.4189  C  0  0  0  0  0
  1  5  1  0  0  0
  1  2  1  0  0  0
  2  3  1  0  0  0
  3  4  1  0  0  0
  4  5  1  0  0  0
  5  9  1  0  0  0
  5  6  1  0  0  0
  6 17  2  0  0  0
  6  7  1  0  0  0
  7  8  1  0  0  0
  7 14  2  0  0  0
  8 13  2  0  0  0
  8  9  1  0  0  0
  9 10  2  0  0  0
 10 11  1  0  0  0
 11 12  2  0  0  0
 12 13  1  0  0  0
 14 15  1  0  0  0
 15 16  2  0  0  0
 16 17  1  0  0  0
M  END
$$$$
C12(c3c(c4c1cccc4)cccc3)NCNC2
  -ISIS-

 17 20  0  0  0  0  0  0  0  0  1
    3.7139    5.9841   -2.1150  C  0  0  0  0  0
    3.7074    6.5554   -0.8693  N  0  0  0  0  0
    3.6616    5.6134    0.1267  C  0  0  0  0  0
    3.6348    4.3660   -0.4858  N  0  0  0  0  0
    3.6646    4.4635   -1.9204  C  0  0  0  0  0
    2.4677    3.8212   -2.6105  C  0  0  0  0  0
    2.9220    2.8691   -3.5517  C  0  0  0  0  0
    4.3712    2.8257   -3.5246  C  0  0  0  0  0
    4.8460    3.7500   -2.5659  C  0  0  0  0  0
    6.2047    3.9050   -2.3234  C  0  0  0  0  0
    7.0959    3.1226   -3.0596  C  0  0  0  0  0
    6.6282    2.2061   -4.0155  C  0  0  0  0  0
    5.2591    2.0517   -4.2529  C  0  0  0  0  0
    2.0174    2.1487   -4.3137  C  0  0  0  0  0
    0.6520    2.3850   -4.1277  C  0  0  0  0  0
    0.2044    3.3289   -3.1890  C  0  0  0  0  0
    1.1126    4.0574   -2.4189  C  0  0  0  0  0
  1  5  1  0  0  0
  1  2  1  0  0  0
  2  3  1  0  0  0
  3  4  1  0  0  0
  4  5  1  0  0  0
  5  9  1  0  0  0
  5  6  1  0  0  0
  6 17  2  0  0  0
  6  7  1  0  0  0
  7  8  1  0  0  0
  7 14  2  0  0  0
  8 13  2  0  0  0
  8  9  1  0  0  0
  9 10  2  0  0  0
 10 11  1  0  0  0
 11 12  2  0  0  0
 12 13  1  0  0  0
 14 15  1  0  0  0
 15 16  2  0  0  0
 16 17  1  0  0  0
M  END
$$$$
C12(c3c(c4c1cccc4)cccc3)NCNC2
  -ISIS-

 17 20  0  0  0  0  0  0  0  0  1
   -8.6498   -5.5416    3.4166  C  0  0  0  0  0
   -7.6968   -6.3950    3.8952  N  0  0  0  0  0
   -6.4832   -5.7957    3.9307  C  0  0  0  0  0
   -6.6016   -4.5219    3.4383  N  0  0  0  0  0
   -7.9586   -4.2115    3.0840  C  0  0  0  0  0
   -8.5048   -3.0182    3.8472  C  0  0  0  0  0
   -8.9300   -2.0263    2.9336  C  0  0  0  0  0
   -8.6844   -2.4908    1.5822  C  0  0  0  0  0
   -8.1018   -3.7786    1.6361  C  0  0  0  0  0
   -7.7452   -4.4582    0.4787  C  0  0  0  0  0
   -7.9875   -3.8320   -0.7444  C  0  0  0  0  0
   -8.5701   -2.5559   -0.8074  C  0  0  0  0  0
   -8.9220   -1.8756    0.3636  C  0  0  0  0  0
   -9.4709   -0.8357    3.3902  C  0  0  0  0  0
   -9.5823   -0.6406    4.7703  C  0  0  0  0  0
   -9.1544   -1.6260    5.6752  C  0  0  0  0  0
   -8.6089   -2.8269    5.2182  C  0  0  0  0  0
  1  5  1  0  0  0
  1  2  1  0  0  0
  2  3  1  0  0  0
  3  4  1  0  0  0
  4  5  1  0  0  0
  5  9  1  0  0  0
  5  6  1  0  0  0
  6 17  2  0  0  0
  6  7  1  0  0  0
  7  8  1  0  0  0
  7 14  2  0  0  0
  8 13  2  0  0  0
  8  9  1  0  0  0
  9 10  2  0  0  0
 10 11  1  0  0  0
 11 12  2  0  0  0
 12 13  1  0  0  0
 14 15  1  0  0  0
 15 16  2  0  0  0
 16 17  1  0  0  0
M  END
$$$$
C12(c3c(c4c1cccc4)cccc3)NCNC2
  -ISIS-

 17 20  0  0  0  0  0  0  0  0  1
   -8.6498   -5.5416    3.4166  C  0  0  0  0  0
   -7.6968   -6.3950    3.8952  N  0  0  0  0  0
   -6.4832   -5.7957    3.9307  C  0  0  0  0  0
   -6.6016   -4.5219    3.4383  N  0  0  0  0  0
   -7.9586   -4.2115    3.0840  C  0  0  0  0  0
   -8.5048   -3.0182    3.8472  C  0  0  0  0  0
   -8.9300   -2.0263    2.9336  C  0  0  0  0  0
   -8.6844   -2.4908    1.5822  C  0  0  0  0  0
   -8.1018   -3.7786    1.6361  C  0  0  0  0  0
   -7.7452   -4.4582    0.4787  C  0  0  0  0  0
   -7.9875   -3.8320   -0.7444  C  0  0  0  0  0
   -8.5701   -2.5559   -0.8074  C  0  0  0  0  0
   -8.9220   -1.8756    0.3636  C  0  0  0  0  0
   -9.4709   -0.8357    3.3902  C  0  0  0  0  0
   -9.5823   -0.6406    4.7703  C  0  0  0  0  0
   -9.1544   -1.6260    5.6752  C  0  0  0  0  0
   -8.6089   -2.8269    5.2182  C  0  0  0  0  0
  1  5  1  0  0  0
  1  2  1  0  0  0
  2  3  1  0  0  0
  3  4  1  0  0  0
  4  5  1  0  0  0
  5  9  1  0  0  0
  5  6  1  0  0  0
  6 17  2  0  0  0
  6  7  1  0  0  0
  7  8  1  0  0  0
  7 14  2  0  0  0
  8 13  2  0  0  0
  8  9  1  0  0  0
  9 10  2  0  0  0
 10 11  1  0  0  0
 11 12  2  0  0  0
 12 13  1  0  0  0
 14 15  1  0  0  0
 15 16  2  0  0  0
 16 17  1  0  0  0
M  END
$$$$
C12(c3c(c4c1cccc4)cccc3)NCNC2
  -ISIS-

 17 20  0  0  0  0  0  0  0  0  1
   -8.6498   -5.5416    3.4166  C  0  0  0  0  0
   -7.6968   -6.3950    3.8952  N  0  0  0  0  0
   -6.4832   -5.7957    3.9307  C  0  0  0  0  0
   -6.6016   -4.5219    3.4383  N  0  0  0  0  0
   -7.9586   -4.2115    3.0840  C  0  0  0  0  0
   -8.5048   -3.0182    3.8472  C  0  0  0  0  0
   -8.9300   -2.0263    2.9336  C  0  0  0  0  0
   -8.6844   -2.4908    1.5822  C  0  0  0  0  0
   -8.1018   -3.7786    1.6361  C  0  0  0  0  0
   -7.7452   -4.4582    0.4787  C  0  0  0  0  0
   -7.9875   -3.8320   -0.7444  C  0  0  0  0  0
   -8.5701   -2.5559   -0.8074  C  0  0  0  0  0
   -8.9220   -1.8756    0.3636  C  0  0  0  0  0
   -9.4709   -0.8357    3.3902  C  0  0  0  0  0
   -9.5823   -0.6406    4.7703  C  0  0  0  0  0
   -9.1544   -1.6260    5.6752  C  0  0  0  0  0
   -8.6089   -2.8269    5.2182  C  0  0  0  0  0
  1  5  1  0  0  0
  1  2  1  0  0  0
  2  3  1  0  0  0
  3  4  1  0  0  0
  4  5  1  0  0  0
  5  9  1  0  0  0
  5  6  1  0  0  0
  6 17  2  0  0  0
  6  7  1  0  0  0
  7  8  1  0  0  0
  7 14  2  0  0  0
  8 13  2  0  0  0
  8  9  1  0  0  0
  9 10  2  0  0  0
 10 11  1  0  0  0
 11 12  2  0  0  0
 12 13  1  0  0  0
 14 15  1  0  0  0
 15 16  2  0  0  0
 16 17  1  0  0  0
M  END
$$$$
C12(c3c(c4c1cccc4)cccc3)NCNC2
  -ISIS-

 17 20  0  0  0  0  0  0  0  0  1
   -0.5768    5.4433    0.0744  C  0  0  0  0  0
   -1.5587    6.2102   -0.4843  N  0  0  0  0  0
   -2.4713    6.5813    0.4446  C  0  0  0  0  0
   -2.1051    6.0626    1.6602  N  0  0  0  0  0
   -0.8938    5.2979    1.5695  C  0  0  0  0  0
   -1.0695    3.8623    2.0313  C  0  0  0  0  0
   -0.1625    3.5867    3.0814  C  0  0  0  0  0
    0.6120    4.7799    3.3619  C  0  0  0  0  0
    0.1973    5.8141    2.4903  C  0  0  0  0  0
    0.7650    7.0801    2.5526  C  0  0  0  0  0
    1.7658    7.3004    3.4996  C  0  0  0  0  0
    2.1862    6.2775    4.3645  C  0  0  0  0  0
    1.6068    5.0052    4.2999  C  0  0  0  0  0
   -0.1274    2.3335    3.6717  C  0  0  0  0  0
   -1.0105    1.3526    3.2065  C  0  0  0  0  0
   -1.9114    1.6351    2.1674  C  0  0  0  0  0
   -1.9518    2.8947    1.5685  C  0  0  0  0  0
  1  5  1  0  0  0
  1  2  1  0  0  0
  2  3  1  0  0  0
  3  4  1  0  0  0
  4  5  1  0  0  0
  5  9  1  0  0  0
  5  6  1  0  0  0
  6 17  2  0  0  0
  6  7  1  0  0  0
  7  8  1  0  0  0
  7 14  2  0  0  0
  8 13  2  0  0  0
  8  9  1  0  0  0
  9 10  2  0  0  0
 10 11  1  0  0  0
 11 12  2  0  0  0
 12 13  1  0  0  0
 14 15  1  0  0  0
 15 16  2  0  0  0
 16 17  1  0  0  0
M  END
$$$$
C12(c3c(c4c1cccc4)cccc3)NCNC2
  -ISIS-

 17 20  0  0  0  0  0  0  0  0  1
   -0.5768    5.4433    0.0744  C  0  0  0  0  0
   -1.5587    6.2102   -0.4843  N  0  0  0  0  0
   -2.4713    6.5813    0.4446  C  0  0  0  0  0
   -2.1051    6.0626    1.6602  N  0  0  0  0  0
   -0.8938    5.2979    1.5695  C  0  0  0  0  0
   -1.0695    3.8623    2.0313  C  0  0  0  0  0
   -0.1625    3.5867    3.0814  C  0  0  0  0  0
    0.6120    4.7799    3.3619  C  0  0  0  0  0
    0.1973    5.8141    2.4903  C  0  0  0  0  0
    0.7650    7.0801    2.5526  C  0  0  0  0  0
    1.7658    7.3004    3.4996  C  0  0  0  0  0
    2.1862    6.2775    4.3645  C  0  0  0  0  0
    1.6068    5.0052    4.2999  C  0  0  0  0  0
   -0.1274    2.3335    3.6717  C  0  0  0  0  0
   -1.0105    1.3526    3.2065  C  0  0  0  0  0
   -1.9114    1.6351    2.1674  C  0  0  0  0  0
   -1.9518    2.8947    1.5685  C  0  0  0  0  0
  1  5  1  0  0  0
  1  2  1  0  0  0
  2  3  1  0  0  0
  3  4  1  0  0  0
  4  5  1  0  0  0
  5  9  1  0  0  0
  5  6  1  0  0  0
  6 17  2  0  0  0
  6  7  1  0  0  0
  7  8  1  0  0  0
  7 14  2  0  0  0
  8 13  2  0  0  0
  8  9  1  0  0  0
  9 10  2  0  0  0
 10 11  1  0  0  0
 11 12  2  0  0  0
 12 13  1  0  0  0
 14 15  1  0  0  0
 15 16  2  0  0  0
 16 17  1  0  0  0
M  END
$$$$
C12(c3c(c4c1cccc4)cccc3)NCNC2
  -ISIS-

 17 20  0  0  0  0  0  0  0  0  1
   -0.5768    5.4433    0.0744  C  0  0  0  0  0
   -1.5587    6.2102   -0.4843  N  0  0  0  0  0
   -2.4713    6.5813    0.4446  C  0  0  0  0  0
   -2.1051    6.0626    1.6602  N  0  0  0  0  0
   -0.8938    5.2979    1.5695  C  0  0  0  0  0
   -1.0695    3.8623    2.0313  C  0  0  0  0  0
   -0.1625    3.5867    3.0814  C  0  0  0  0  0
    0.6120    4.7799    3.3619  C  0  0  0  0  0
    0.1973    5.8141    2.4903  C  0  0  0  0  0
    0.7650    7.0801    2.5526  C  0  0  0  0  0
    1.7658    7.3004    3.4996  C  0  0  0  0  0
    2.1862    6.2775    4.3645  C  0  0  0  0  0
    1.6068    5.0052    4.2999  C  0  0  0  0  0
   -0.1274    2.3335    3.6717  C  0  0  0  0  0
   -1.0105    1.3526    3.2065  C  0  0  0  0  0
   -1.9114    1.6351    2.1674  C  0  0  0  0  0
   -1.9518    2.8947    1.5685  C  0  0  0  0  0
  1  5  1  0  0  0
  1  2  1  0  0  0
  2  3  1  0  0  0
  3  4  1  0  0  0
  4  5  1  0  0  0
  5  9  1  0  0  0
  5  6  1  0  0  0
  6 17  2  0  0  0
  6  7  1  0  0  0
  7  8  1  0  0  0
  7 14  2  0  0  0
  8 13  2  0  0  0
  8  9  1  0  0  0
  9 10  2  0  0  0
 10 11  1  0  0  0
 11 12  2  0  0  0
 12 13  1  0  0  0
 14 15  1  0  0  0
 15 16  2  0  0  0
 16 17  1  0  0  0
M  END
$$$$
C12(c3c(c4c1cccc4)cccc3)NCNC2
  -ISIS-

 17 20  0  0  0  0  0  0  0  0  1
   -0.5768    5.4433    0.0744  C  0  0  0  0  0
   -1.5587    6.2102   -0.4843  N  0  0  0  0  0
   -2.4713    6.5813    0.4446  C  0  0  0  0  0
   -2.1051    6.0626    1.6602  N  0  0  0  0  0
   -0.8938    5.2979    1.5695  C  0  0  0  0  0
   -1.0695    3.8623    2.0313  C  0  0  0  0  0
   -0.1625    3.5867    3.0814  C  0  0  0  0  0
    0.6120    4.7799    3.3619  C  0  0  0  0  0
    0.1973    5.8141    2.4903  C  0  0  0  0  0
    0.7650    7.0801    2.5526  C  0  0  0  0  0
    1.7658    7.3004    3.4996  C  0  0  0  0  0
    2.1862    6.2775    4.3645  C  0  0  0  0  0
    1.6068    5.0052    4.2999  C  0  0  0  0  0
   -0.1274    2.3335    3.6717  C  0  0  0  0  0
   -1.0105    1.3526    3.2065  C  0  0  0  0  0
   -1.9114    1.6351    2.1674  C  0  0  0  0  0
   -1.9518    2.8947    1.5685  C  0  0  0  0  0
  1  5  1  0  0  0
  1  2  1  0  0  0
  2  3  1  0  0  0
  3  4  1  0  0  0
  4  5  1  0  0  0
  5  9  1  0  0  0
  5  6  1  0  0  0
  6 17  2  0  0  0
  6  7  1  0  0  0
  7  8  1  0  0  0
  7 14  2  0  0  0
  8 13  2  0  0  0
  8  9  1  0  0  0
  9 10  2  0  0  0
 10 11  1  0  0  0
 11 12  2  0  0  0
 12 13  1  0  0  0
 14 15  1  0  0  0
 15 16  2  0  0  0
 16 17  1  0  0  0
M  END
$$$$
C12(c3c(c4c1cccc4)cccc3)NCNC2
  -ISIS-

 17 20  0  0  0  0  0  0  0  0  1
   -1.1231   -8.9294    0.4424  C  0  0  0  0  0
   -0.0363   -9.7435    0.2908  N  0  0  0  0  0
    1.0646   -9.0275   -0.0382  C  0  0  0  0  0
    0.7262   -7.7019   -0.1153  N  0  0  0  0  0
   -0.6653   -7.4885    0.1739  C  0  0  0  0  0
   -1.3982   -6.8005   -0.9626  C  0  0  0  0  0
   -1.9946   -5.6120   -0.4891  C  0  0  0  0  0
   -1.6778   -5.4508    0.9158  C  0  0  0  0  0
   -0.8801   -6.5368    1.3360  C  0  0  0  0  0
   -0.4173   -6.6292    2.6433  C  0  0  0  0  0
   -0.7261   -5.6033    3.5417  C  0  0  0  0  0
   -1.5740   -4.5573    3.1313  C  0  0  0  0  0
   -2.0371   -4.4614    1.8127  C  0  0  0  0  0
   -2.7480   -4.8234   -1.3392  C  0  0  0  0  0
   -2.8834   -5.2238   -2.6747  C  0  0  0  0  0
   -2.2393   -6.3735   -3.1696  C  0  0  0  0  0
   -1.5292   -7.1952   -2.2889  C  0  0  0  0  0
  1  5  1  0  0  0
  1  2  1  0  0  0
  2  3  1  0  0  0
  3  4  1  0  0  0
  4  5  1  0  0  0
  5  9  1  0  0  0
  5  6  1  0  0  0
  6 17  2  0  0  0
  6  7  1  0  0  0
  7  8  1  0  0  0
  7 14  2  0  0  0
  8 13  2  0  0  0
  8  9  1  0  0  0
  9 10  2  0  0  0
 10 11  1  0  0  0
 11 12  2  0  0  0
 12 13  1  0  0  0
 14 15  1  0  0  0
 15 16  2  0  0  0
 16 17  1  0  0  0
M  END
$$$$
C12(c3c(c4c1cccc4)cccc3)NCNC2
  -ISIS-

 17 20  0  0  0  0  0  0  0  0  1
   -1.1231   -8.9294    0.4424  C  0  0  0  0  0
   -0.0363   -9.7435    0.2908  N  0  0  0  0  0
    1.0646   -9.0275   -0.0382  C  0  0  0  0  0
    0.7262   -7.7019   -0.1153  N  0  0  0  0  0
   -0.6653   -7.4885    0.1739  C  0  0  0  0  0
   -1.3982   -6.8005   -0.9626  C  0  0  0  0  0
   -1.9946   -5.6120   -0.4891  C  0  0  0  0  0
   -1.6778   -5.4508    0.9158  C  0  0  0  0  0
   -0.8801   -6.5368    1.3360  C  0  0  0  0  0
   -0.4173   -6.6292    2.6433  C  0  0  0  0  0
   -0.7261   -5.6033    3.5417  C  0  0  0  0  0
   -1.5740   -4.5573    3.1313  C  0  0  0  0  0
   -2.0371   -4.4614    1.8127  C  0  0  0  0  0
   -2.7480   -4.8234   -1.3392  C  0  0  0  0  0
   -2.8834   -5.2238   -2.6747  C  0  0  0  0  0
   -2.2393   -6.3735   -3.1696  C  0  0  0  0  0
   -1.5292   -7.1952   -2.2889  C  0  0  0  0  0
  1  5  1  0  0  0
  1  2  1  0  0  0
  2  3  1  0  0  0
  3  4  1  0  0  0
  4  5  1  0  0  0
  5  9  1  0  0  0
  5  6  1  0  0  0
  6 17  2  0  0  0
  6  7  1  0  0  0
  7  8  1  0  0  0
  7 14  2  0  0  0
  8 13  2  0  0  0
  8  9  1  0  0  0
  9 10  2  0  0  0
 10 11  1  0  0  0
 11 12  2  0  0  0
 12 13  1  0  0  0
 14 15  1  0  0  0
 15 16  2  0  0  0
 16 17  1  0  0  0
M  END
$$$$
C12(c3c(c4c1cccc4)cccc3)NCNC2
  -ISIS-

 17 20  0  0  0  0  0  0  0  0  1
   -1.1231   -8.9294    0.4424  C  0  0  0  0  0
   -0.0363   -9.7435    0.2908  N  0  0  0  0  0
    1.0646   -9.0275   -0.0382  C  0  0  0  0  0
    0.7262   -7.7019   -0.1153  N  0  0  0  0  0
   -0.6653   -7.4885    0.1739  C  0  0  0  0  0
   -1.3982   -6.8005   -0.9626  C  0  0  0  0  0
   -1.9946   -5.6120   -0.4891  C  0  0  0  0  0
   -1.6778   -5.4508    0.9158  C  0  0  0  0  0
   -0.8801   -6.5368    1.3360  C  0  0  0  0  0
   -0.4173   -6.6292    2.6433  C  0  0  0  0  0
   -0.7261   -5.6033    3.5417  C  0  0  0  0  0
   -1.5740   -4.5573    3.1313  C  0  0  0  0  0
   -2.0371   -4.4614    1.8127  C  0  0  0  0  0
   -2.7480   -4.8234   -1.3392  C  0  0  0  0  0
   -2.8834   -5.2238   -2.6747  C  0  0  0  0  0
   -2.2393   -6.3735   -3.1696  C  0  0  0  0  0
   -1.5292   -7.1952   -2.2889  C  0  0  0  0  0
  1  5  1  0  0  0
  1  2  1  0  0  0
  2  3  1  0  0  0
  3  4  1  0  0  0
  4  5  1  0  0  0
  5  9  1  0  0  0
  5  6  1  0  0  0
  6 17  2  0  0  0
  6  7  1  0  0  0
  7  8  1  0  0  0
  7 14  2  0  0  0
  8 13  2  0  0  0
  8  9  1  0  0  0
  9 10  2  0  0  0
 10 11  1  0  0  0
 11 12  2  0  0  0
 12 13  1  0  0  0
 14 15  1  0  0  0
 15 16  2  0  0  0
 16 17  1  0  0  0
M  END
$$$$
C12(c3c(c4c1cccc4)cccc3)NCNC2
  -ISIS-

 17 20  0  0  0  0  0  0  0  0  1
   -1.1231   -8.9294    0.4424  C  0  0  0  0  0
   -0.0363   -9.7435    0.2908  N  0  0  0  0  0
    1.0646   -9.0275   -0.0382  C  0  0  0  0  0
    0.7262   -7.7019   -0.1153  N  0  0  0  0  0
   -0.6653   -7.4885    0.1739  C  0  0  0  0  0
   -1.3982   -6.8005   -0.9626  C  0  0  0  0  0
   -1.9946   -5.6120   -0.4891  C  0  0  0  0  0
   -1.6778   -5.4508    0.9158  C  0  0  0  0  0
   -0.8801   -6.5368    1.3360  C  0  0  0  0  0
   -0.4173   -6.6292    2.6433  C  0  0  0  0  0
   -0.7261   -5.6033    3.5417  C  0  0  0  0  0
   -1.5740   -4.5573    3.1313  C  0  0  0  0  0
   -2.0371   -4.4614    1.8127  C  0  0  0  0  0
   -2.7480   -4.8234   -1.3392  C  0  0  0  0  0
   -2.8834   -5.2238   -2.6747  C  0  0  0  0  0
   -2.2393   -6.3735   -3.1696  C  0  0  0  0  0
   -1.5292   -7.1952   -2.2889  C  0  0  0  0  0
  1  5  1  0  0  0
  1  2  1  0  0  0
  2  3  1  0  0  0
  3  4  1  0  0  0
  4  5  1  0  0  0
  5  9  1  0  0  0
  5  6  1  0  0  0
  6 17  2  0  0  0
  6  7  1  0  0  0
  7  8  1  0  0  0
  7 14  2  0  0  0
  8 13  2  0  0  0
  8  9  1  0  0  0
  9 10  2  0  0  0
 10 11  1  0  0  0
 11 12  2  0  0  0
 12 13  1  0  0  0
 14 15  1  0  0  0
 15 16  2  0  0  0
 16 17  1  0  0  0
M  END
$$$$
