C12(NNCN1)CCCCC2
  -ISIS-

 10 11  0  0  0  0  0  0  0  0  1
    1.8812   -0.8575    4.0658  N  0  0  0  0  0
    1.1827    0.1461    4.7580  C  0  0  0  0  0
    0.4384   -0.5106    5.7366  N  0  0  0  0  0
    0.4507   -1.9314    5.5336  C  0  0  0  0  0
    1.6874   -2.1108    4.7433  N  0  0  0  0  0
    0.5324   -2.6908    6.8659  C  0  0  0  0  0
   -0.7794   -2.6275    7.6501  C  0  0  0  0  0
   -1.9615   -3.1008    6.8103  C  0  0  0  0  0
   -2.0640   -2.3352    5.4950  C  0  0  0  0  0
   -0.7583   -2.3984    4.7005  C  0  0  0  0  0
  1  5  1  0  0  0
  1  2  1  0  0  0
  2  3  1  0  0  0
  3  4  1  0  0  0
  4 10  1  0  0  0
  4  5  1  0  0  0
  4  6  1  0  0  0
  6  7  1  0  0  0
  7  8  1  0  0  0
  8  9  1  0  0  0
  9 10  1  0  0  0
M  END
$$$$
