C12(OCCC1)C3N(C2)CCN3
  -ISIS-

 11 13  0  0  0  0  0  0  0  0  1
    4.1646    5.5196   -1.9779  N  0  0  0  0  0
    4.2345    6.1396   -3.3031  C  0  0  0  0  0
    3.6135    5.0939   -4.2559  C  0  0  0  0  0
    3.8342    3.8132   -3.5388  N  0  0  0  0  0
    5.0438    3.1601   -3.5839  C  0  0  0  0  0
    5.1785    3.1279   -2.0418  C  0  0  0  0  0
    3.9430    4.0665   -2.0666  C  0  0  0  0  0
    5.0176    1.7549   -1.4061  C  0  0  0  0  0
    5.7687    1.9216   -0.0972  C  0  0  0  0  0
    6.9353    2.8148   -0.4785  C  0  0  0  0  0
    6.4146    3.6806   -1.4937  O  0  0  0  0  0
  1  7  1  0  0  0
  1  2  1  0  0  0
  2  3  1  0  0  0
  3  4  1  0  0  0
  4  7  1  0  0  0
  4  5  1  0  0  0
  5  6  1  0  0  0
  6 11  1  0  0  0
  6  7  1  0  0  0
  6  8  1  0  0  0
  8  9  1  0  0  0
  9 10  1  0  0  0
 10 11  1  0  0  0
M  END
$$$$
C12(OCCC1)C3N(C2)CCN3
  -ISIS-

 11 13  0  0  0  0  0  0  0  0  1
    4.1646    5.5196   -1.9779  N  0  0  0  0  0
    4.2345    6.1396   -3.3031  C  0  0  0  0  0
    3.6135    5.0939   -4.2559  C  0  0  0  0  0
    3.8342    3.8132   -3.5388  N  0  0  0  0  0
    5.0438    3.1601   -3.5839  C  0  0  0  0  0
    5.1785    3.1279   -2.0418  C  0  0  0  0  0
    3.9430    4.0665   -2.0666  C  0  0  0  0  0
    5.0176    1.7549   -1.4061  C  0  0  0  0  0
    5.7687    1.9216   -0.0972  C  0  0  0  0  0
    6.9353    2.8148   -0.4785  C  0  0  0  0  0
    6.4146    3.6806   -1.4937  O  0  0  0  0  0
  1  7  1  0  0  0
  1  2  1  0  0  0
  2  3  1  0  0  0
  3  4  1  0  0  0
  4  7  1  0  0  0
  4  5  1  0  0  0
  5  6  1  0  0  0
  6 11  1  0  0  0
  6  7  1  0  0  0
  6  8  1  0  0  0
  8  9  1  0  0  0
  9 10  1  0  0  0
 10 11  1  0  0  0
M  END
$$$$
C12(OCCC1)C3N(C2)CCN3
  -ISIS-

 11 13  0  0  0  0  0  0  0  0  1
    4.1646    5.5196   -1.9779  N  0  0  0  0  0
    4.2345    6.1396   -3.3031  C  0  0  0  0  0
    3.6135    5.0939   -4.2559  C  0  0  0  0  0
    3.8342    3.8132   -3.5388  N  0  0  0  0  0
    5.0438    3.1601   -3.5839  C  0  0  0  0  0
    5.1785    3.1279   -2.0418  C  0  0  0  0  0
    3.9430    4.0665   -2.0666  C  0  0  0  0  0
    5.0176    1.7549   -1.4061  C  0  0  0  0  0
    5.7687    1.9216   -0.0972  C  0  0  0  0  0
    6.9353    2.8148   -0.4785  C  0  0  0  0  0
    6.4146    3.6806   -1.4937  O  0  0  0  0  0
  1  7  1  0  0  0
  1  2  1  0  0  0
  2  3  1  0  0  0
  3  4  1  0  0  0
  4  7  1  0  0  0
  4  5  1  0  0  0
  5  6  1  0  0  0
  6 11  1  0  0  0
  6  7  1  0  0  0
  6  8  1  0  0  0
  8  9  1  0  0  0
  9 10  1  0  0  0
 10 11  1  0  0  0
M  END
$$$$
