C123C(C(CC1)CC2)CC=CC3
  -ISIS-

 11 13  0  0  0  0  0  0  0  0  1
    4.8616   -1.7214   -4.7469  C  0  0  0  0  0
    3.3674   -1.5578   -4.6547  C  0  0  0  0  0
    2.6905   -1.4538   -3.4978  C  0  0  0  0  0
    3.3352   -1.4712   -2.1343  C  0  0  0  0  0
    4.8486   -1.3120   -2.2107  C  0  0  0  0  0
    5.4736   -2.0761   -3.3906  C  0  0  0  0  0
    6.8885   -1.5822   -3.0654  C  0  0  0  0  0
    6.7512   -0.0480   -3.0085  C  0  0  0  0  0
    5.3207    0.1507   -2.4701  C  0  0  0  0  0
    7.0490   -2.0836   -1.6124  C  0  0  0  0  0
    5.6365   -1.9065   -1.0211  C  0  0  0  0  0
  1  6  1  0  0  0
  1  2  1  0  0  0
  2  3  2  0  0  0
  3  4  1  0  0  0
  4  5  1  0  0  0
  5  9  1  0  0  0
  5 11  1  0  0  0
  5  6  1  0  0  0
  6  7  1  0  0  0
  7  8  1  0  0  0
  7 10  1  0  0  0
  8  9  1  0  0  0
 10 11  1  0  0  0
M  END
$$$$
