C123OCC(C1CCCC2)CCO3
  -ISIS-

 12 14  0  0  0  0  0  0  0  0  1
   -1.6376    1.1276   -1.7056  C  0  0  0  0  0
   -2.2739    2.5604   -1.7122  C  0  0  0  0  0
   -3.6949    2.5326   -1.9694  O  0  0  0  0  0
   -4.1231    1.6947   -3.0496  C  0  0  0  0  0
   -3.8966    0.2453   -2.6782  C  0  0  0  0  0
   -2.3680    0.2478   -2.7600  C  0  0  0  0  0
   -2.2820    0.9786   -4.0871  C  0  0  0  0  0
   -3.3194    1.8606   -4.2086  O  0  0  0  0  0
   -4.6550   -0.1336   -1.4107  C  0  0  0  0  0
   -6.1556    0.0970   -1.6408  C  0  0  0  0  0
   -6.4597    1.5254   -2.1118  C  0  0  0  0  0
   -5.6033    1.9485   -3.3132  C  0  0  0  0  0
  1  6  1  0  0  0
  1  2  1  0  0  0
  2  3  1  0  0  0
  3  4  1  0  0  0
  4 12  1  0  0  0
  4  8  1  0  0  0
  4  5  1  0  0  0
  5  6  1  0  0  0
  5  9  1  0  0  0
  6  7  1  0  0  0
  7  8  1  0  0  0
  9 10  1  0  0  0
 10 11  1  0  0  0
 11 12  1  0  0  0
M  END
$$$$
