C123C(CC1)(CCC2)CCC3
  -ISIS-

 10 12  0  0  0  0  0  0  0  0  1
    1.0570   -5.1058    0.4430  C  0  0  0  0  0
    2.3064   -4.3987   -0.0308  C  0  0  0  0  0
    2.6000   -3.3839    1.0845  C  0  0  0  0  0
    2.0940   -3.9673    2.4151  C  0  0  0  0  0
    0.9867   -4.9680    1.9984  C  0  0  0  0  0
    1.6903   -6.0733    2.8285  C  0  0  0  0  0
    2.8898   -5.1390    3.0452  C  0  0  0  0  0
   -0.3095   -4.3986    2.5633  C  0  0  0  0  0
    0.1261   -3.6059    3.7982  C  0  0  0  0  0
    1.4403   -2.9553    3.3577  C  0  0  0  0  0
  1  5  1  0  0  0
  1  2  1  0  0  0
  2  3  1  0  0  0
  3  4  1  0  0  0
  4  7  1  0  0  0
  4 10  1  0  0  0
  4  5  1  0  0  0
  5  6  1  0  0  0
  5  8  1  0  0  0
  6  7  1  0  0  0
  8  9  1  0  0  0
  9 10  1  0  0  0
M  END
$$$$
