C123C(C(OC1)CC4C2CCC5C4CCC5)CCCC3
  -ISIS-

 19 23  0  0  0  0  0  0  0  0  1
   -2.9854   -5.7180   -3.2241  C  0  0  0  0  0
   -1.9753   -4.9796   -4.1055  C  0  0  0  0  0
   -1.6290   -3.5508   -3.6208  C  0  0  0  0  0
   -1.0328   -3.5792   -2.2078  C  0  0  0  0  0
   -1.7992   -4.5457   -1.2674  C  0  0  0  0  0
   -2.1060   -5.9299   -1.9712  C  0  0  0  0  0
   -0.8228   -6.4425   -2.6713  C  0  0  0  0  0
   -0.7642   -5.7730   -3.9590  O  0  0  0  0  0
   -2.6998   -6.9568   -0.9916  C  0  0  0  0  0
   -3.1864   -8.2462   -1.6522  C  0  0  0  0  0
   -4.0973   -7.9914   -2.8482  C  0  0  0  0  0
   -3.4490   -7.0487   -3.8643  C  0  0  0  0  0
   -1.0950   -4.6120    0.1097  C  0  0  0  0  0
   -0.7380   -3.2290    0.7219  C  0  0  0  0  0
   -1.2340   -2.0358   -0.1153  C  0  0  0  0  0
   -0.6985   -2.2310   -1.5524  C  0  0  0  0  0
   -0.9854   -0.9016   -2.2386  C  0  0  0  0  0
   -0.7895    0.1437   -1.1175  C  0  0  0  0  0
   -0.6268   -0.6461    0.2024  C  0  0  0  0  0
  1  6  1  0  0  0
  1 12  1  0  0  0
  1  2  1  0  0  0
  2  8  1  0  0  0
  2  3  1  0  0  0
  3  4  1  0  0  0
  4 16  1  0  0  0
  4  5  1  0  0  0
  5  6  1  0  0  0
  5 13  1  0  0  0
  6  7  1  0  0  0
  6  9  1  0  0  0
  7  8  1  0  0  0
  9 10  1  0  0  0
 10 11  1  0  0  0
 11 12  1  0  0  0
 13 14  1  0  0  0
 14 15  1  0  0  0
 15 19  1  0  0  0
 15 16  1  0  0  0
 16 17  1  0  0  0
 17 18  1  0  0  0
 18 19  1  0  0  0
M  END
$$$$
C123C(C(OC1)CC4C2CCC5C4CCC5)CCCC3
  -ISIS-

 19 23  0  0  0  0  0  0  0  0  1
   -2.9854   -5.7180   -3.2241  C  0  0  0  0  0
   -1.9753   -4.9796   -4.1055  C  0  0  0  0  0
   -1.6290   -3.5508   -3.6208  C  0  0  0  0  0
   -1.0328   -3.5792   -2.2078  C  0  0  0  0  0
   -1.7992   -4.5457   -1.2674  C  0  0  0  0  0
   -2.1060   -5.9299   -1.9712  C  0  0  0  0  0
   -0.8228   -6.4425   -2.6713  C  0  0  0  0  0
   -0.7642   -5.7730   -3.9590  O  0  0  0  0  0
   -2.6998   -6.9568   -0.9916  C  0  0  0  0  0
   -3.1864   -8.2462   -1.6522  C  0  0  0  0  0
   -4.0973   -7.9914   -2.8482  C  0  0  0  0  0
   -3.4490   -7.0487   -3.8643  C  0  0  0  0  0
   -1.0950   -4.6120    0.1097  C  0  0  0  0  0
   -0.7380   -3.2290    0.7219  C  0  0  0  0  0
   -1.2340   -2.0358   -0.1153  C  0  0  0  0  0
   -0.6985   -2.2310   -1.5524  C  0  0  0  0  0
   -0.9854   -0.9016   -2.2386  C  0  0  0  0  0
   -0.7895    0.1437   -1.1175  C  0  0  0  0  0
   -0.6268   -0.6461    0.2024  C  0  0  0  0  0
  1  6  1  0  0  0
  1 12  1  0  0  0
  1  2  1  0  0  0
  2  8  1  0  0  0
  2  3  1  0  0  0
  3  4  1  0  0  0
  4 16  1  0  0  0
  4  5  1  0  0  0
  5  6  1  0  0  0
  5 13  1  0  0  0
  6  7  1  0  0  0
  6  9  1  0  0  0
  7  8  1  0  0  0
  9 10  1  0  0  0
 10 11  1  0  0  0
 11 12  1  0  0  0
 13 14  1  0  0  0
 14 15  1  0  0  0
 15 19  1  0  0  0
 15 16  1  0  0  0
 16 17  1  0  0  0
 17 18  1  0  0  0
 18 19  1  0  0  0
M  END
$$$$
C123C(C(OC1)CC4C2CCC5C4CCC5)CCCC3
  -ISIS-

 19 23  0  0  0  0  0  0  0  0  1
   -2.9854   -5.7180   -3.2241  C  0  0  0  0  0
   -1.9753   -4.9796   -4.1055  C  0  0  0  0  0
   -1.6290   -3.5508   -3.6208  C  0  0  0  0  0
   -1.0328   -3.5792   -2.2078  C  0  0  0  0  0
   -1.7992   -4.5457   -1.2674  C  0  0  0  0  0
   -2.1060   -5.9299   -1.9712  C  0  0  0  0  0
   -0.8228   -6.4425   -2.6713  C  0  0  0  0  0
   -0.7642   -5.7730   -3.9590  O  0  0  0  0  0
   -2.6998   -6.9568   -0.9916  C  0  0  0  0  0
   -3.1864   -8.2462   -1.6522  C  0  0  0  0  0
   -4.0973   -7.9914   -2.8482  C  0  0  0  0  0
   -3.4490   -7.0487   -3.8643  C  0  0  0  0  0
   -1.0950   -4.6120    0.1097  C  0  0  0  0  0
   -0.7380   -3.2290    0.7219  C  0  0  0  0  0
   -1.2340   -2.0358   -0.1153  C  0  0  0  0  0
   -0.6985   -2.2310   -1.5524  C  0  0  0  0  0
   -0.9854   -0.9016   -2.2386  C  0  0  0  0  0
   -0.7895    0.1437   -1.1175  C  0  0  0  0  0
   -0.6268   -0.6461    0.2024  C  0  0  0  0  0
  1  6  1  0  0  0
  1 12  1  0  0  0
  1  2  1  0  0  0
  2  8  1  0  0  0
  2  3  1  0  0  0
  3  4  1  0  0  0
  4 16  1  0  0  0
  4  5  1  0  0  0
  5  6  1  0  0  0
  5 13  1  0  0  0
  6  7  1  0  0  0
  6  9  1  0  0  0
  7  8  1  0  0  0
  9 10  1  0  0  0
 10 11  1  0  0  0
 11 12  1  0  0  0
 13 14  1  0  0  0
 14 15  1  0  0  0
 15 19  1  0  0  0
 15 16  1  0  0  0
 16 17  1  0  0  0
 17 18  1  0  0  0
 18 19  1  0  0  0
M  END
$$$$
C123C(C(OC1)CC4C2CCC5C4CCC5)CCCC3
  -ISIS-

 19 23  0  0  0  0  0  0  0  0  1
   -2.9854   -5.7180   -3.2241  C  0  0  0  0  0
   -1.9753   -4.9796   -4.1055  C  0  0  0  0  0
   -1.6290   -3.5508   -3.6208  C  0  0  0  0  0
   -1.0328   -3.5792   -2.2078  C  0  0  0  0  0
   -1.7992   -4.5457   -1.2674  C  0  0  0  0  0
   -2.1060   -5.9299   -1.9712  C  0  0  0  0  0
   -0.8228   -6.4425   -2.6713  C  0  0  0  0  0
   -0.7642   -5.7730   -3.9590  O  0  0  0  0  0
   -2.6998   -6.9568   -0.9916  C  0  0  0  0  0
   -3.1864   -8.2462   -1.6522  C  0  0  0  0  0
   -4.0973   -7.9914   -2.8482  C  0  0  0  0  0
   -3.4490   -7.0487   -3.8643  C  0  0  0  0  0
   -1.0950   -4.6120    0.1097  C  0  0  0  0  0
   -0.7380   -3.2290    0.7219  C  0  0  0  0  0
   -1.2340   -2.0358   -0.1153  C  0  0  0  0  0
   -0.6985   -2.2310   -1.5524  C  0  0  0  0  0
   -0.9854   -0.9016   -2.2386  C  0  0  0  0  0
   -0.7895    0.1437   -1.1175  C  0  0  0  0  0
   -0.6268   -0.6461    0.2024  C  0  0  0  0  0
  1  6  1  0  0  0
  1 12  1  0  0  0
  1  2  1  0  0  0
  2  8  1  0  0  0
  2  3  1  0  0  0
  3  4  1  0  0  0
  4 16  1  0  0  0
  4  5  1  0  0  0
  5  6  1  0  0  0
  5 13  1  0  0  0
  6  7  1  0  0  0
  6  9  1  0  0  0
  7  8  1  0  0  0
  9 10  1  0  0  0
 10 11  1  0  0  0
 11 12  1  0  0  0
 13 14  1  0  0  0
 14 15  1  0  0  0
 15 19  1  0  0  0
 15 16  1  0  0  0
 16 17  1  0  0  0
 17 18  1  0  0  0
 18 19  1  0  0  0
M  END
$$$$
C123C(C(OC1)CC4C2CCC5C4CCC5)CCCC3
  -ISIS-

 19 23  0  0  0  0  0  0  0  0  1
    2.0575    2.1039   -1.8209  C  0  0  0  0  0
    0.8509    2.6169   -2.6097  C  0  0  0  0  0
   -0.5163    2.1354   -2.0677  C  0  0  0  0  0
   -0.7222    2.5781   -0.6130  C  0  0  0  0  0
    0.5520    2.3991    0.2432  C  0  0  0  0  0
    1.8490    2.9001   -0.5130  C  0  0  0  0  0
    1.5720    4.2939   -1.1298  C  0  0  0  0  0
    0.9022    4.0549   -2.3956  O  0  0  0  0  0
    3.0884    2.8867    0.3982  C  0  0  0  0  0
    4.4017    3.1848   -0.3243  C  0  0  0  0  0
    4.5937    2.3370   -1.5772  C  0  0  0  0  0
    3.3950    2.4422   -2.5225  C  0  0  0  0  0
    0.3267    2.9703    1.6672  C  0  0  0  0  0
   -1.0341    2.5985    2.3224  C  0  0  0  0  0
   -1.8325    1.5493    1.5285  C  0  0  0  0  0
   -1.9993    2.1004    0.0916  C  0  0  0  0  0
   -2.9799    1.1462   -0.5700  C  0  0  0  0  0
   -3.9499    0.7789    0.5716  C  0  0  0  0  0
   -3.3264    1.3094    1.8918  C  0  0  0  0  0
  1  6  1  0  0  0
  1 12  1  0  0  0
  1  2  1  0  0  0
  2  8  1  0  0  0
  2  3  1  0  0  0
  3  4  1  0  0  0
  4 16  1  0  0  0
  4  5  1  0  0  0
  5  6  1  0  0  0
  5 13  1  0  0  0
  6  7  1  0  0  0
  6  9  1  0  0  0
  7  8  1  0  0  0
  9 10  1  0  0  0
 10 11  1  0  0  0
 11 12  1  0  0  0
 13 14  1  0  0  0
 14 15  1  0  0  0
 15 19  1  0  0  0
 15 16  1  0  0  0
 16 17  1  0  0  0
 17 18  1  0  0  0
 18 19  1  0  0  0
M  END
$$$$
C123C(C(OC1)CC4C2CCC5C4CCC5)CCCC3
  -ISIS-

 19 23  0  0  0  0  0  0  0  0  1
    2.0575    2.1039   -1.8209  C  0  0  0  0  0
    0.8509    2.6169   -2.6097  C  0  0  0  0  0
   -0.5163    2.1354   -2.0677  C  0  0  0  0  0
   -0.7222    2.5781   -0.6130  C  0  0  0  0  0
    0.5520    2.3991    0.2432  C  0  0  0  0  0
    1.8490    2.9001   -0.5130  C  0  0  0  0  0
    1.5720    4.2939   -1.1298  C  0  0  0  0  0
    0.9022    4.0549   -2.3956  O  0  0  0  0  0
    3.0884    2.8867    0.3982  C  0  0  0  0  0
    4.4017    3.1848   -0.3243  C  0  0  0  0  0
    4.5937    2.3370   -1.5772  C  0  0  0  0  0
    3.3950    2.4422   -2.5225  C  0  0  0  0  0
    0.3267    2.9703    1.6672  C  0  0  0  0  0
   -1.0341    2.5985    2.3224  C  0  0  0  0  0
   -1.8325    1.5493    1.5285  C  0  0  0  0  0
   -1.9993    2.1004    0.0916  C  0  0  0  0  0
   -2.9799    1.1462   -0.5700  C  0  0  0  0  0
   -3.9499    0.7789    0.5716  C  0  0  0  0  0
   -3.3264    1.3094    1.8918  C  0  0  0  0  0
  1  6  1  0  0  0
  1 12  1  0  0  0
  1  2  1  0  0  0
  2  8  1  0  0  0
  2  3  1  0  0  0
  3  4  1  0  0  0
  4 16  1  0  0  0
  4  5  1  0  0  0
  5  6  1  0  0  0
  5 13  1  0  0  0
  6  7  1  0  0  0
  6  9  1  0  0  0
  7  8  1  0  0  0
  9 10  1  0  0  0
 10 11  1  0  0  0
 11 12  1  0  0  0
 13 14  1  0  0  0
 14 15  1  0  0  0
 15 19  1  0  0  0
 15 16  1  0  0  0
 16 17  1  0  0  0
 17 18  1  0  0  0
 18 19  1  0  0  0
M  END
$$$$
C123C(C(OC1)CC4C2CCC5C4CCC5)CCCC3
  -ISIS-

 19 23  0  0  0  0  0  0  0  0  1
    2.0575    2.1039   -1.8209  C  0  0  0  0  0
    0.8509    2.6169   -2.6097  C  0  0  0  0  0
   -0.5163    2.1354   -2.0677  C  0  0  0  0  0
   -0.7222    2.5781   -0.6130  C  0  0  0  0  0
    0.5520    2.3991    0.2432  C  0  0  0  0  0
    1.8490    2.9001   -0.5130  C  0  0  0  0  0
    1.5720    4.2939   -1.1298  C  0  0  0  0  0
    0.9022    4.0549   -2.3956  O  0  0  0  0  0
    3.0884    2.8867    0.3982  C  0  0  0  0  0
    4.4017    3.1848   -0.3243  C  0  0  0  0  0
    4.5937    2.3370   -1.5772  C  0  0  0  0  0
    3.3950    2.4422   -2.5225  C  0  0  0  0  0
    0.3267    2.9703    1.6672  C  0  0  0  0  0
   -1.0341    2.5985    2.3224  C  0  0  0  0  0
   -1.8325    1.5493    1.5285  C  0  0  0  0  0
   -1.9993    2.1004    0.0916  C  0  0  0  0  0
   -2.9799    1.1462   -0.5700  C  0  0  0  0  0
   -3.9499    0.7789    0.5716  C  0  0  0  0  0
   -3.3264    1.3094    1.8918  C  0  0  0  0  0
  1  6  1  0  0  0
  1 12  1  0  0  0
  1  2  1  0  0  0
  2  8  1  0  0  0
  2  3  1  0  0  0
  3  4  1  0  0  0
  4 16  1  0  0  0
  4  5  1  0  0  0
  5  6  1  0  0  0
  5 13  1  0  0  0
  6  7  1  0  0  0
  6  9  1  0  0  0
  7  8  1  0  0  0
  9 10  1  0  0  0
 10 11  1  0  0  0
 11 12  1  0  0  0
 13 14  1  0  0  0
 14 15  1  0  0  0
 15 19  1  0  0  0
 15 16  1  0  0  0
 16 17  1  0  0  0
 17 18  1  0  0  0
 18 19  1  0  0  0
M  END
$$$$
C123C(C(OC1)CC4C2CCC5C4CCC5)CCCC3
  -ISIS-

 19 23  0  0  0  0  0  0  0  0  1
    2.0575    2.1039   -1.8209  C  0  0  0  0  0
    0.8509    2.6169   -2.6097  C  0  0  0  0  0
   -0.5163    2.1354   -2.0677  C  0  0  0  0  0
   -0.7222    2.5781   -0.6130  C  0  0  0  0  0
    0.5520    2.3991    0.2432  C  0  0  0  0  0
    1.8490    2.9001   -0.5130  C  0  0  0  0  0
    1.5720    4.2939   -1.1298  C  0  0  0  0  0
    0.9022    4.0549   -2.3956  O  0  0  0  0  0
    3.0884    2.8867    0.3982  C  0  0  0  0  0
    4.4017    3.1848   -0.3243  C  0  0  0  0  0
    4.5937    2.3370   -1.5772  C  0  0  0  0  0
    3.3950    2.4422   -2.5225  C  0  0  0  0  0
    0.3267    2.9703    1.6672  C  0  0  0  0  0
   -1.0341    2.5985    2.3224  C  0  0  0  0  0
   -1.8325    1.5493    1.5285  C  0  0  0  0  0
   -1.9993    2.1004    0.0916  C  0  0  0  0  0
   -2.9799    1.1462   -0.5700  C  0  0  0  0  0
   -3.9499    0.7789    0.5716  C  0  0  0  0  0
   -3.3264    1.3094    1.8918  C  0  0  0  0  0
  1  6  1  0  0  0
  1 12  1  0  0  0
  1  2  1  0  0  0
  2  8  1  0  0  0
  2  3  1  0  0  0
  3  4  1  0  0  0
  4 16  1  0  0  0
  4  5  1  0  0  0
  5  6  1  0  0  0
  5 13  1  0  0  0
  6  7  1  0  0  0
  6  9  1  0  0  0
  7  8  1  0  0  0
  9 10  1  0  0  0
 10 11  1  0  0  0
 11 12  1  0  0  0
 13 14  1  0  0  0
 14 15  1  0  0  0
 15 19  1  0  0  0
 15 16  1  0  0  0
 16 17  1  0  0  0
 17 18  1  0  0  0
 18 19  1  0  0  0
M  END
$$$$
C123C(C(OC1)CC4C2CCC5C4CCC5)CCCC3
  -ISIS-

 19 23  0  0  0  0  0  0  0  0  1
   -6.0952    6.2976   -1.2689  C  0  0  0  0  0
   -7.2485    6.4393   -0.2626  C  0  0  0  0  0
   -8.5574    5.7353   -0.7003  C  0  0  0  0  0
   -8.3303    4.2249   -0.8059  C  0  0  0  0  0
   -7.0082    3.9106   -1.5817  C  0  0  0  0  0
   -5.7880    4.7892   -1.0548  C  0  0  0  0  0
   -5.7364    4.8111    0.4968  C  0  0  0  0  0
   -6.7506    5.7480    0.9223  O  0  0  0  0  0
   -4.4501    4.3518   -1.6875  C  0  0  0  0  0
   -3.5729    5.4927   -2.2147  C  0  0  0  0  0
   -3.5238    6.7111   -1.3001  C  0  0  0  0  0
   -4.9099    7.2243   -0.8797  C  0  0  0  0  0
   -6.8531    2.3820   -1.6937  C  0  0  0  0  0
   -8.0113    1.7287   -2.5050  C  0  0  0  0  0
   -9.3257    2.5526   -2.5417  C  0  0  0  0  0
   -9.5196    3.3188   -1.2110  C  0  0  0  0  0
  -10.9147    3.9115   -1.3684  C  0  0  0  0  0
  -11.7196    2.7729   -2.0402  C  0  0  0  0  0
  -10.6944    1.7878   -2.6991  C  0  0  0  0  0
  1  6  1  0  0  0
  1 12  1  0  0  0
  1  2  1  0  0  0
  2  8  1  0  0  0
  2  3  1  0  0  0
  3  4  1  0  0  0
  4 16  1  0  0  0
  4  5  1  0  0  0
  5  6  1  0  0  0
  5 13  1  0  0  0
  6  7  1  0  0  0
  6  9  1  0  0  0
  7  8  1  0  0  0
  9 10  1  0  0  0
 10 11  1  0  0  0
 11 12  1  0  0  0
 13 14  1  0  0  0
 14 15  1  0  0  0
 15 19  1  0  0  0
 15 16  1  0  0  0
 16 17  1  0  0  0
 17 18  1  0  0  0
 18 19  1  0  0  0
M  END
$$$$
C123C(C(OC1)CC4C2CCC5C4CCC5)CCCC3
  -ISIS-

 19 23  0  0  0  0  0  0  0  0  1
   -6.0952    6.2976   -1.2689  C  0  0  0  0  0
   -7.2485    6.4393   -0.2626  C  0  0  0  0  0
   -8.5574    5.7353   -0.7003  C  0  0  0  0  0
   -8.3303    4.2249   -0.8059  C  0  0  0  0  0
   -7.0082    3.9106   -1.5817  C  0  0  0  0  0
   -5.7880    4.7892   -1.0548  C  0  0  0  0  0
   -5.7364    4.8111    0.4968  C  0  0  0  0  0
   -6.7506    5.7480    0.9223  O  0  0  0  0  0
   -4.4501    4.3518   -1.6875  C  0  0  0  0  0
   -3.5729    5.4927   -2.2147  C  0  0  0  0  0
   -3.5238    6.7111   -1.3001  C  0  0  0  0  0
   -4.9099    7.2243   -0.8797  C  0  0  0  0  0
   -6.8531    2.3820   -1.6937  C  0  0  0  0  0
   -8.0113    1.7287   -2.5050  C  0  0  0  0  0
   -9.3257    2.5526   -2.5417  C  0  0  0  0  0
   -9.5196    3.3188   -1.2110  C  0  0  0  0  0
  -10.9147    3.9115   -1.3684  C  0  0  0  0  0
  -11.7196    2.7729   -2.0402  C  0  0  0  0  0
  -10.6944    1.7878   -2.6991  C  0  0  0  0  0
  1  6  1  0  0  0
  1 12  1  0  0  0
  1  2  1  0  0  0
  2  8  1  0  0  0
  2  3  1  0  0  0
  3  4  1  0  0  0
  4 16  1  0  0  0
  4  5  1  0  0  0
  5  6  1  0  0  0
  5 13  1  0  0  0
  6  7  1  0  0  0
  6  9  1  0  0  0
  7  8  1  0  0  0
  9 10  1  0  0  0
 10 11  1  0  0  0
 11 12  1  0  0  0
 13 14  1  0  0  0
 14 15  1  0  0  0
 15 19  1  0  0  0
 15 16  1  0  0  0
 16 17  1  0  0  0
 17 18  1  0  0  0
 18 19  1  0  0  0
M  END
$$$$
C123C(C(OC1)CC4C2CCC5C4CCC5)CCCC3
  -ISIS-

 19 23  0  0  0  0  0  0  0  0  1
   -6.0952    6.2976   -1.2689  C  0  0  0  0  0
   -7.2485    6.4393   -0.2626  C  0  0  0  0  0
   -8.5574    5.7353   -0.7003  C  0  0  0  0  0
   -8.3303    4.2249   -0.8059  C  0  0  0  0  0
   -7.0082    3.9106   -1.5817  C  0  0  0  0  0
   -5.7880    4.7892   -1.0548  C  0  0  0  0  0
   -5.7364    4.8111    0.4968  C  0  0  0  0  0
   -6.7506    5.7480    0.9223  O  0  0  0  0  0
   -4.4501    4.3518   -1.6875  C  0  0  0  0  0
   -3.5729    5.4927   -2.2147  C  0  0  0  0  0
   -3.5238    6.7111   -1.3001  C  0  0  0  0  0
   -4.9099    7.2243   -0.8797  C  0  0  0  0  0
   -6.8531    2.3820   -1.6937  C  0  0  0  0  0
   -8.0113    1.7287   -2.5050  C  0  0  0  0  0
   -9.3257    2.5526   -2.5417  C  0  0  0  0  0
   -9.5196    3.3188   -1.2110  C  0  0  0  0  0
  -10.9147    3.9115   -1.3684  C  0  0  0  0  0
  -11.7196    2.7729   -2.0402  C  0  0  0  0  0
  -10.6944    1.7878   -2.6991  C  0  0  0  0  0
  1  6  1  0  0  0
  1 12  1  0  0  0
  1  2  1  0  0  0
  2  8  1  0  0  0
  2  3  1  0  0  0
  3  4  1  0  0  0
  4 16  1  0  0  0
  4  5  1  0  0  0
  5  6  1  0  0  0
  5 13  1  0  0  0
  6  7  1  0  0  0
  6  9  1  0  0  0
  7  8  1  0  0  0
  9 10  1  0  0  0
 10 11  1  0  0  0
 11 12  1  0  0  0
 13 14  1  0  0  0
 14 15  1  0  0  0
 15 19  1  0  0  0
 15 16  1  0  0  0
 16 17  1  0  0  0
 17 18  1  0  0  0
 18 19  1  0  0  0
M  END
$$$$
C123C(C(OC1)CC4C2CCC5C4CCC5)CCCC3
  -ISIS-

 19 23  0  0  0  0  0  0  0  0  1
   -6.0952    6.2976   -1.2689  C  0  0  0  0  0
   -7.2485    6.4393   -0.2626  C  0  0  0  0  0
   -8.5574    5.7353   -0.7003  C  0  0  0  0  0
   -8.3303    4.2249   -0.8059  C  0  0  0  0  0
   -7.0082    3.9106   -1.5817  C  0  0  0  0  0
   -5.7880    4.7892   -1.0548  C  0  0  0  0  0
   -5.7364    4.8111    0.4968  C  0  0  0  0  0
   -6.7506    5.7480    0.9223  O  0  0  0  0  0
   -4.4501    4.3518   -1.6875  C  0  0  0  0  0
   -3.5729    5.4927   -2.2147  C  0  0  0  0  0
   -3.5238    6.7111   -1.3001  C  0  0  0  0  0
   -4.9099    7.2243   -0.8797  C  0  0  0  0  0
   -6.8531    2.3820   -1.6937  C  0  0  0  0  0
   -8.0113    1.7287   -2.5050  C  0  0  0  0  0
   -9.3257    2.5526   -2.5417  C  0  0  0  0  0
   -9.5196    3.3188   -1.2110  C  0  0  0  0  0
  -10.9147    3.9115   -1.3684  C  0  0  0  0  0
  -11.7196    2.7729   -2.0402  C  0  0  0  0  0
  -10.6944    1.7878   -2.6991  C  0  0  0  0  0
  1  6  1  0  0  0
  1 12  1  0  0  0
  1  2  1  0  0  0
  2  8  1  0  0  0
  2  3  1  0  0  0
  3  4  1  0  0  0
  4 16  1  0  0  0
  4  5  1  0  0  0
  5  6  1  0  0  0
  5 13  1  0  0  0
  6  7  1  0  0  0
  6  9  1  0  0  0
  7  8  1  0  0  0
  9 10  1  0  0  0
 10 11  1  0  0  0
 11 12  1  0  0  0
 13 14  1  0  0  0
 14 15  1  0  0  0
 15 19  1  0  0  0
 15 16  1  0  0  0
 16 17  1  0  0  0
 17 18  1  0  0  0
 18 19  1  0  0  0
M  END
$$$$
C123C(C(OC1)CC4C2CCC5C4CCC5)CCCC3
  -ISIS-

 19 23  0  0  0  0  0  0  0  0  1
   -6.0952    6.2976   -1.2689  C  0  0  0  0  0
   -7.2485    6.4393   -0.2626  C  0  0  0  0  0
   -8.5574    5.7353   -0.7003  C  0  0  0  0  0
   -8.3303    4.2249   -0.8059  C  0  0  0  0  0
   -7.0082    3.9106   -1.5817  C  0  0  0  0  0
   -5.7880    4.7892   -1.0548  C  0  0  0  0  0
   -5.7364    4.8111    0.4968  C  0  0  0  0  0
   -6.7506    5.7480    0.9223  O  0  0  0  0  0
   -4.4501    4.3518   -1.6875  C  0  0  0  0  0
   -3.5729    5.4927   -2.2147  C  0  0  0  0  0
   -3.5238    6.7111   -1.3001  C  0  0  0  0  0
   -4.9099    7.2243   -0.8797  C  0  0  0  0  0
   -6.8531    2.3820   -1.6937  C  0  0  0  0  0
   -8.0113    1.7287   -2.5050  C  0  0  0  0  0
   -9.3257    2.5526   -2.5417  C  0  0  0  0  0
   -9.5196    3.3188   -1.2110  C  0  0  0  0  0
  -10.9147    3.9115   -1.3684  C  0  0  0  0  0
  -11.7196    2.7729   -2.0402  C  0  0  0  0  0
  -10.6944    1.7878   -2.6991  C  0  0  0  0  0
  1  6  1  0  0  0
  1 12  1  0  0  0
  1  2  1  0  0  0
  2  8  1  0  0  0
  2  3  1  0  0  0
  3  4  1  0  0  0
  4 16  1  0  0  0
  4  5  1  0  0  0
  5  6  1  0  0  0
  5 13  1  0  0  0
  6  7  1  0  0  0
  6  9  1  0  0  0
  7  8  1  0  0  0
  9 10  1  0  0  0
 10 11  1  0  0  0
 11 12  1  0  0  0
 13 14  1  0  0  0
 14 15  1  0  0  0
 15 19  1  0  0  0
 15 16  1  0  0  0
 16 17  1  0  0  0
 17 18  1  0  0  0
 18 19  1  0  0  0
M  END
$$$$
C123C(C(OC1)CC4C2CCC5C4CCC5)CCCC3
  -ISIS-

 19 23  0  0  0  0  0  0  0  0  1
   -6.0952    6.2976   -1.2689  C  0  0  0  0  0
   -7.2485    6.4393   -0.2626  C  0  0  0  0  0
   -8.5574    5.7353   -0.7003  C  0  0  0  0  0
   -8.3303    4.2249   -0.8059  C  0  0  0  0  0
   -7.0082    3.9106   -1.5817  C  0  0  0  0  0
   -5.7880    4.7892   -1.0548  C  0  0  0  0  0
   -5.7364    4.8111    0.4968  C  0  0  0  0  0
   -6.7506    5.7480    0.9223  O  0  0  0  0  0
   -4.4501    4.3518   -1.6875  C  0  0  0  0  0
   -3.5729    5.4927   -2.2147  C  0  0  0  0  0
   -3.5238    6.7111   -1.3001  C  0  0  0  0  0
   -4.9099    7.2243   -0.8797  C  0  0  0  0  0
   -6.8531    2.3820   -1.6937  C  0  0  0  0  0
   -8.0113    1.7287   -2.5050  C  0  0  0  0  0
   -9.3257    2.5526   -2.5417  C  0  0  0  0  0
   -9.5196    3.3188   -1.2110  C  0  0  0  0  0
  -10.9147    3.9115   -1.3684  C  0  0  0  0  0
  -11.7196    2.7729   -2.0402  C  0  0  0  0  0
  -10.6944    1.7878   -2.6991  C  0  0  0  0  0
  1  6  1  0  0  0
  1 12  1  0  0  0
  1  2  1  0  0  0
  2  8  1  0  0  0
  2  3  1  0  0  0
  3  4  1  0  0  0
  4 16  1  0  0  0
  4  5  1  0  0  0
  5  6  1  0  0  0
  5 13  1  0  0  0
  6  7  1  0  0  0
  6  9  1  0  0  0
  7  8  1  0  0  0
  9 10  1  0  0  0
 10 11  1  0  0  0
 11 12  1  0  0  0
 13 14  1  0  0  0
 14 15  1  0  0  0
 15 19  1  0  0  0
 15 16  1  0  0  0
 16 17  1  0  0  0
 17 18  1  0  0  0
 18 19  1  0  0  0
M  END
$$$$
