C123C(OCC1)(CCc4c2cccc4)CCCC3
  -ISIS-

 17 20  0  0  0  0  0  0  0  0  1
   -0.8826   -2.4836    0.0955  C  0  0  0  0  0
   -1.4844   -1.2663    0.8040  C  0  0  0  0  0
   -0.4641   -0.4064    1.5436  C  0  0  0  0  0
    0.9739   -0.9112    1.4701  C  0  0  0  0  0
    1.1788   -2.4326    1.7324  C  0  0  0  0  0
    0.0733   -3.2899    1.0212  C  0  0  0  0  0
    0.6036   -4.5273    0.2601  C  0  0  0  0  0
    1.7528   -5.1986    0.9930  C  0  0  0  0  0
    2.9021   -4.2246    1.0796  C  0  0  0  0  0
    2.6244   -2.8714    1.3971  C  0  0  0  0  0
    3.7085   -1.9823    1.4923  C  0  0  0  0  0
    5.0157   -2.4111    1.2660  C  0  0  0  0  0
    5.2766   -3.7442    0.9627  C  0  0  0  0  0
    4.2296   -4.6613    0.8757  C  0  0  0  0  0
   -0.7652   -3.8622    2.0673  O  0  0  0  0  0
   -0.3792   -3.3954    3.3448  C  0  0  0  0  0
    0.9743   -2.7408    3.2298  C  0  0  0  0  0
  1  6  1  0  0  0
  1  2  1  0  0  0
  2  3  1  0  0  0
  3  4  1  0  0  0
  4  5  1  0  0  0
  5 10  1  0  0  0
  5 17  1  0  0  0
  5  6  1  0  0  0
  6  7  1  0  0  0
  6 15  1  0  0  0
  7  8  1  0  0  0
  8  9  1  0  0  0
  9 14  2  0  0  0
  9 10  1  0  0  0
 10 11  2  0  0  0
 11 12  1  0  0  0
 12 13  2  0  0  0
 13 14  1  0  0  0
 15 16  1  0  0  0
 16 17  1  0  0  0
M  END
$$$$
