C123C4C5C(CCC1C(CNC2)CCC3)CCC(C4)C5
  -ISIS-

 19 23  0  0  0  0  0  0  0  0  1
    2.7387    2.6631   -0.1181  C  0  0  0  0  0
    2.5554    4.3345   -0.2155  C  0  0  0  0  0
    1.5057    4.9348   -1.3216  C  0  0  0  0  0
   -0.0571    5.0781   -0.9556  C  0  0  0  0  0
   -0.5772    3.6010   -0.7984  C  0  0  0  0  0
    0.6474    2.8789   -1.3594  C  0  0  0  0  0
    1.5561    1.8091   -0.8431  C  0  0  0  0  0
    0.6519    0.8883    0.0204  C  0  0  0  0  0
   -0.7323    0.4807   -0.6663  C  0  0  0  0  0
   -1.9457    1.5142   -0.5070  C  0  0  0  0  0
   -3.3571    0.9151   -0.8475  C  0  0  0  0  0
   -4.4868    1.8453   -0.3029  C  0  0  0  0  0
   -3.9751    3.1944    0.1681  N  0  0  0  0  0
   -3.0590    3.8604   -0.8293  C  0  0  0  0  0
   -1.8801    2.9334   -1.2597  C  0  0  0  0  0
   -1.9683    2.7470   -2.8040  C  0  0  0  0  0
   -3.2480    2.0003   -3.2111  C  0  0  0  0  0
   -3.5357    0.7519   -2.3857  C  0  0  0  0  0
    1.3459    3.8427   -2.3458  C  0  0  0  0  0
  1  7  1  0  0  0
  1  2  1  0  0  0
  2  3  1  0  0  0
  3 19  1  0  0  0
  3  4  1  0  0  0
  4  5  1  0  0  0
  5 15  1  0  0  0
  5  6  1  0  0  0
  6  7  1  0  0  0
  6 19  1  0  0  0
  7  8  1  0  0  0
  8  9  1  0  0  0
  9 10  1  0  0  0
 10 15  1  0  0  0
 10 11  1  0  0  0
 11 18  1  0  0  0
 11 12  1  0  0  0
 12 13  1  0  0  0
 13 14  1  0  0  0
 14 15  1  0  0  0
 15 16  1  0  0  0
 16 17  1  0  0  0
 17 18  1  0  0  0
M  END
$$$$
