C123C(C4C(CC1)CCCC4)CCC(OCC2)C3
  -ISIS-

 17 20  0  0  0  0  0  0  0  0  1
   -7.0321   -2.8547    3.8601  C  0  0  0  0  0
   -6.5577   -3.8772    2.7668  C  0  0  0  0  0
   -6.9635   -5.3079    3.1513  C  0  0  0  0  0
   -8.4182   -5.4184    3.6251  C  0  0  0  0  0
   -8.6793   -4.5854    5.0037  C  0  0  0  0  0
   -8.4225   -3.1780    4.4988  C  0  0  0  0  0
   -9.7383   -2.9200    3.5691  C  0  0  0  0  0
  -10.9777   -4.0080    3.6524  C  0  0  0  0  0
  -11.0499   -4.8929    4.9652  C  0  0  0  0  0
  -10.0446   -4.2186    5.7906  C  0  0  0  0  0
  -10.5876   -6.2761    4.8886  O  0  0  0  0  0
   -9.5647   -6.6737    5.9118  C  0  0  0  0  0
   -8.2913   -5.6756    5.9846  C  0  0  0  0  0
   -6.7405   -3.5164    1.2371  C  0  0  0  0  0
   -6.9041   -1.9938    0.9986  C  0  0  0  0  0
   -6.2522   -1.1585    2.0880  C  0  0  0  0  0
   -7.0064   -1.3735    3.3880  C  0  0  0  0  0
  1  6  1  0  0  0
  1 17  1  0  0  0
  1  2  1  0  0  0
  2  3  1  0  0  0
  2 14  1  0  0  0
  3  4  1  0  0  0
  4  5  1  0  0  0
  5 10  1  0  0  0
  5 13  1  0  0  0
  5  6  1  0  0  0
  6  7  1  0  0  0
  7  8  1  0  0  0
  8  9  1  0  0  0
  9 10  1  0  0  0
  9 11  1  0  0  0
 11 12  1  0  0  0
 12 13  1  0  0  0
 14 15  1  0  0  0
 15 16  1  0  0  0
 16 17  1  0  0  0
M  END
$$$$
