C123c4c(cccc4)NC1CCC56C2N(CC=C5)CC3C6
  -ISIS-

 20 25  0  0  0  0  0  0  0  0  1
   -3.8615    9.2136   -7.0695  C  0  0  0  0  0
   -2.4833    9.4056   -6.3252  C  0  0  0  0  0
   -2.6052    9.2196   -4.7986  C  0  0  0  0  0
   -2.3168    7.7859   -4.2772  C  0  0  0  0  0
   -2.1650    6.6596   -5.3592  C  0  0  0  0  0
   -2.9184    6.8974   -6.7775  C  0  0  0  0  0
   -3.6645    7.8000   -7.8264  C  0  0  0  0  0
   -2.6745    7.7840   -9.0360  C  0  0  0  0  0
   -1.6499    8.5339   -8.3677  N  0  0  0  0  0
   -1.8352    8.1588   -6.9027  C  0  0  0  0  0
   -0.4276    9.3135   -8.6051  C  0  0  0  0  0
   -0.5895   10.5231   -7.6625  C  0  0  0  0  0
   -1.5622   10.5987   -6.7067  C  0  0  0  0  0
   -4.2550    6.3882   -6.0527  C  0  0  0  0  0
   -3.9507    5.4409   -5.0698  C  0  0  0  0  0
   -2.5746    5.3517   -4.8390  N  0  0  0  0  0
   -4.8958    4.6733   -4.3997  C  0  0  0  0  0
   -6.2392    4.9076   -4.6464  C  0  0  0  0  0
   -6.6033    5.8904   -5.5615  C  0  0  0  0  0
   -5.6268    6.6174   -6.2630  C  0  0  0  0  0
  1  7  1  0  0  0
  1  2  1  0  0  0
  2 10  1  0  0  0
  2 13  1  0  0  0
  2  3  1  0  0  0
  3  4  1  0  0  0
  4  5  1  0  0  0
  5 16  1  0  0  0
  5  6  1  0  0  0
  6 10  1  0  0  0
  6  7  1  0  0  0
  6 14  1  0  0  0
  7  8  1  0  0  0
  8  9  1  0  0  0
  9 10  1  0  0  0
  9 11  1  0  0  0
 11 12  1  0  0  0
 12 13  2  0  0  0
 14 20  2  0  0  0
 14 15  1  0  0  0
 15 16  1  0  0  0
 15 17  2  0  0  0
 17 18  1  0  0  0
 18 19  2  0  0  0
 19 20  1  0  0  0
M  END
$$$$
