C123C(C(CCC1)CCCCC2)CCC3
  -ISIS-

 14 16  0  0  0  0  0  0  0  0  1
   -2.0592   -5.2375   -2.1734  C  0  0  0  0  0
   -0.9360   -4.1662   -1.7282  C  0  0  0  0  0
    0.3394   -4.3312   -0.7348  C  0  0  0  0  0
    0.0736   -4.4181    0.8433  C  0  0  0  0  0
   -0.7326   -5.5015    1.6493  C  0  0  0  0  0
   -1.7027   -6.3413    0.8094  C  0  0  0  0  0
   -2.8111   -5.3932    0.2848  C  0  0  0  0  0
   -3.1863   -5.7255   -1.1342  C  0  0  0  0  0
   -3.6162   -7.2385   -1.1025  C  0  0  0  0  0
   -3.7162   -7.8836    0.3542  C  0  0  0  0  0
   -2.5695   -7.5101    1.4150  C  0  0  0  0  0
   -4.4460   -4.8139   -1.3038  C  0  0  0  0  0
   -4.0864   -3.4715   -0.6563  C  0  0  0  0  0
   -3.0754   -3.8984    0.3893  C  0  0  0  0  0
  1  8  1  0  0  0
  1  2  1  0  0  0
  2  3  1  0  0  0
  3  4  1  0  0  0
  4  5  1  0  0  0
  5  6  1  0  0  0
  6 11  1  0  0  0
  6  7  1  0  0  0
  7 14  1  0  0  0
  7  8  1  0  0  0
  8  9  1  0  0  0
  8 12  1  0  0  0
  9 10  1  0  0  0
 10 11  1  0  0  0
 12 13  1  0  0  0
 13 14  1  0  0  0
M  END
$$$$
