C123OC4OC(C1C5C(C6C(CC5)CCC6)CC2)CC(O4)C3
  -ISIS-

 21 26  0  0  0  0  0  0  0  0  1
    3.1551   -0.2777    6.9048  C  0  0  0  0  0
    3.8624   -1.6641    6.8987  C  0  0  0  0  0
    2.9516   -2.8216    6.4879  C  0  0  0  0  0
    1.8069   -2.8964    7.4931  C  0  0  0  0  0
    2.3507   -3.0974    8.7968  O  0  0  0  0  0
    3.2102   -2.0091    9.1332  C  0  0  0  0  0
    2.4897   -0.7716    9.1919  O  0  0  0  0  0
    1.9588   -0.4376    7.9005  C  0  0  0  0  0
    1.0087   -1.5991    7.5142  C  0  0  0  0  0
    1.1620    0.8705    8.0186  C  0  0  0  0  0
    0.6490    1.3706    6.6664  C  0  0  0  0  0
    1.7687    1.4962    5.6136  C  0  0  0  0  0
    1.2407    1.8791    4.2163  C  0  0  0  0  0
    2.3953    2.0856    3.1823  C  0  0  0  0  0
    3.1588    0.7560    3.0444  C  0  0  0  0  0
    3.6955    0.2663    4.4032  C  0  0  0  0  0
    2.6086    0.1755    5.5047  C  0  0  0  0  0
    1.5535    2.5144    1.9318  C  0  0  0  0  0
    0.5140    3.4943    2.5672  C  0  0  0  0  0
    0.4306    3.1651    4.0733  C  0  0  0  0  0
    4.3182   -1.9417    8.2324  O  0  0  0  0  0
  1  8  1  0  0  0
  1 17  1  0  0  0
  1  2  1  0  0  0
  2 21  1  0  0  0
  2  3  1  0  0  0
  3  4  1  0  0  0
  4  9  1  0  0  0
  4  5  1  0  0  0
  5  6  1  0  0  0
  6  7  1  0  0  0
  6 21  1  0  0  0
  7  8  1  0  0  0
  8  9  1  0  0  0
  8 10  1  0  0  0
 10 11  1  0  0  0
 11 12  1  0  0  0
 12 17  1  0  0  0
 12 13  1  0  0  0
 13 20  1  0  0  0
 13 14  1  0  0  0
 14 15  1  0  0  0
 14 18  1  0  0  0
 15 16  1  0  0  0
 16 17  1  0  0  0
 18 19  1  0  0  0
 19 20  1  0  0  0
M  END
$$$$
