C123C4(C(C(O1)OC4)CC2)CCC5C3CC=C6C5CCCC6
  -ISIS-

 21 26  0  0  0  0  0  0  0  0  1
    7.4549    1.5602   -6.5158  C  0  0  0  0  0
    6.6838    1.5943   -5.1823  C  0  0  0  0  0
    7.5034    2.0996   -3.9707  C  0  0  0  0  0
    8.7475    1.1729   -3.8180  C  0  0  0  0  0
    9.3408    0.6129   -5.1021  C  0  0  0  0  0
    8.9773    1.3683   -6.3867  C  0  0  0  0  0
    9.2141    0.6663   -2.6436  C  0  0  0  0  0
    8.6999    0.9191   -1.2274  C  0  0  0  0  0
    7.7989    2.1691   -1.1840  C  0  0  0  0  0
    6.8762    2.4259    0.4034  C  0  0  0  0  0
    7.5738    3.5567    0.9368  O  0  0  0  0  0
    6.6539    4.6288    1.1734  C  0  0  0  0  0
    5.7982    4.3479    2.2901  O  0  0  0  0  0
    4.8289    3.5133    1.7853  C  0  0  0  0  0
    5.2056    3.3141    0.3590  C  0  0  0  0  0
    4.0247    2.8561   -1.0308  C  0  0  0  0  0
    4.8823    2.2631   -2.5747  C  0  0  0  0  0
    6.6900    1.9167   -2.6663  C  0  0  0  0  0
    5.7328    4.6235   -0.0040  C  0  0  0  0  0
    6.0965    3.8553   -1.2076  C  0  0  0  0  0
    5.9501    2.0303   -0.5461  C  0  0  0  0  0
  1  6  1  0  0  0
  1  2  1  0  0  0
  2  3  1  0  0  0
  3 18  1  0  0  0
  3  4  1  0  0  0
  4  5  1  0  0  0
  4  7  2  0  0  0
  5  6  1  0  0  0
  7  8  1  0  0  0
  8  9  1  0  0  0
  9 18  1  0  0  0
  9 10  1  0  0  0
 10 15  1  0  0  0
 10 21  1  0  0  0
 10 11  1  0  0  0
 11 12  1  0  0  0
 12 19  1  0  0  0
 12 13  1  0  0  0
 13 14  1  0  0  0
 14 15  1  0  0  0
 15 16  1  0  0  0
 15 19  1  0  0  0
 16 17  1  0  0  0
 17 18  1  0  0  0
 19 20  1  0  0  0
 20 21  1  0  0  0
M  END
$$$$
C123C4(C(C(O1)OC4)CC2)CCC5C3CC=C6C5CCCC6
  -ISIS-

 21 26  0  0  0  0  0  0  0  0  1
    7.4549    1.5602   -6.5158  C  0  0  0  0  0
    6.6838    1.5943   -5.1823  C  0  0  0  0  0
    7.5034    2.0996   -3.9707  C  0  0  0  0  0
    8.7475    1.1729   -3.8180  C  0  0  0  0  0
    9.3408    0.6129   -5.1021  C  0  0  0  0  0
    8.9773    1.3683   -6.3867  C  0  0  0  0  0
    9.2141    0.6663   -2.6436  C  0  0  0  0  0
    8.6999    0.9191   -1.2274  C  0  0  0  0  0
    7.7989    2.1691   -1.1840  C  0  0  0  0  0
    6.8762    2.4259    0.4034  C  0  0  0  0  0
    7.5738    3.5567    0.9368  O  0  0  0  0  0
    6.6539    4.6288    1.1734  C  0  0  0  0  0
    5.7982    4.3479    2.2901  O  0  0  0  0  0
    4.8289    3.5133    1.7853  C  0  0  0  0  0
    5.2056    3.3141    0.3590  C  0  0  0  0  0
    4.0247    2.8561   -1.0308  C  0  0  0  0  0
    4.8823    2.2631   -2.5747  C  0  0  0  0  0
    6.6900    1.9167   -2.6663  C  0  0  0  0  0
    5.7328    4.6235   -0.0040  C  0  0  0  0  0
    6.0965    3.8553   -1.2076  C  0  0  0  0  0
    5.9501    2.0303   -0.5461  C  0  0  0  0  0
  1  6  1  0  0  0
  1  2  1  0  0  0
  2  3  1  0  0  0
  3 18  1  0  0  0
  3  4  1  0  0  0
  4  5  1  0  0  0
  4  7  2  0  0  0
  5  6  1  0  0  0
  7  8  1  0  0  0
  8  9  1  0  0  0
  9 18  1  0  0  0
  9 10  1  0  0  0
 10 15  1  0  0  0
 10 21  1  0  0  0
 10 11  1  0  0  0
 11 12  1  0  0  0
 12 19  1  0  0  0
 12 13  1  0  0  0
 13 14  1  0  0  0
 14 15  1  0  0  0
 15 16  1  0  0  0
 15 19  1  0  0  0
 16 17  1  0  0  0
 17 18  1  0  0  0
 19 20  1  0  0  0
 20 21  1  0  0  0
M  END
$$$$
C123C4(C(C(O1)OC4)CC2)CCC5C3CC=C6C5CCCC6
  -ISIS-

 21 26  0  0  0  0  0  0  0  0  1
    7.4549    1.5602   -6.5158  C  0  0  0  0  0
    6.6838    1.5943   -5.1823  C  0  0  0  0  0
    7.5034    2.0996   -3.9707  C  0  0  0  0  0
    8.7475    1.1729   -3.8180  C  0  0  0  0  0
    9.3408    0.6129   -5.1021  C  0  0  0  0  0
    8.9773    1.3683   -6.3867  C  0  0  0  0  0
    9.2141    0.6663   -2.6436  C  0  0  0  0  0
    8.6999    0.9191   -1.2274  C  0  0  0  0  0
    7.7989    2.1691   -1.1840  C  0  0  0  0  0
    6.8762    2.4259    0.4034  C  0  0  0  0  0
    7.5738    3.5567    0.9368  O  0  0  0  0  0
    6.6539    4.6288    1.1734  C  0  0  0  0  0
    5.7982    4.3479    2.2901  O  0  0  0  0  0
    4.8289    3.5133    1.7853  C  0  0  0  0  0
    5.2056    3.3141    0.3590  C  0  0  0  0  0
    4.0247    2.8561   -1.0308  C  0  0  0  0  0
    4.8823    2.2631   -2.5747  C  0  0  0  0  0
    6.6900    1.9167   -2.6663  C  0  0  0  0  0
    5.7328    4.6235   -0.0040  C  0  0  0  0  0
    6.0965    3.8553   -1.2076  C  0  0  0  0  0
    5.9501    2.0303   -0.5461  C  0  0  0  0  0
  1  6  1  0  0  0
  1  2  1  0  0  0
  2  3  1  0  0  0
  3 18  1  0  0  0
  3  4  1  0  0  0
  4  5  1  0  0  0
  4  7  2  0  0  0
  5  6  1  0  0  0
  7  8  1  0  0  0
  8  9  1  0  0  0
  9 18  1  0  0  0
  9 10  1  0  0  0
 10 15  1  0  0  0
 10 21  1  0  0  0
 10 11  1  0  0  0
 11 12  1  0  0  0
 12 19  1  0  0  0
 12 13  1  0  0  0
 13 14  1  0  0  0
 14 15  1  0  0  0
 15 16  1  0  0  0
 15 19  1  0  0  0
 16 17  1  0  0  0
 17 18  1  0  0  0
 19 20  1  0  0  0
 20 21  1  0  0  0
M  END
$$$$
C123C4(C(C(O1)OC4)CC2)CCC5C3CC=C6C5CCCC6
  -ISIS-

 21 26  0  0  0  0  0  0  0  0  1
    7.4549    1.5602   -6.5158  C  0  0  0  0  0
    6.6838    1.5943   -5.1823  C  0  0  0  0  0
    7.5034    2.0996   -3.9707  C  0  0  0  0  0
    8.7475    1.1729   -3.8180  C  0  0  0  0  0
    9.3408    0.6129   -5.1021  C  0  0  0  0  0
    8.9773    1.3683   -6.3867  C  0  0  0  0  0
    9.2141    0.6663   -2.6436  C  0  0  0  0  0
    8.6999    0.9191   -1.2274  C  0  0  0  0  0
    7.7989    2.1691   -1.1840  C  0  0  0  0  0
    6.8762    2.4259    0.4034  C  0  0  0  0  0
    7.5738    3.5567    0.9368  O  0  0  0  0  0
    6.6539    4.6288    1.1734  C  0  0  0  0  0
    5.7982    4.3479    2.2901  O  0  0  0  0  0
    4.8289    3.5133    1.7853  C  0  0  0  0  0
    5.2056    3.3141    0.3590  C  0  0  0  0  0
    4.0247    2.8561   -1.0308  C  0  0  0  0  0
    4.8823    2.2631   -2.5747  C  0  0  0  0  0
    6.6900    1.9167   -2.6663  C  0  0  0  0  0
    5.7328    4.6235   -0.0040  C  0  0  0  0  0
    6.0965    3.8553   -1.2076  C  0  0  0  0  0
    5.9501    2.0303   -0.5461  C  0  0  0  0  0
  1  6  1  0  0  0
  1  2  1  0  0  0
  2  3  1  0  0  0
  3 18  1  0  0  0
  3  4  1  0  0  0
  4  5  1  0  0  0
  4  7  2  0  0  0
  5  6  1  0  0  0
  7  8  1  0  0  0
  8  9  1  0  0  0
  9 18  1  0  0  0
  9 10  1  0  0  0
 10 15  1  0  0  0
 10 21  1  0  0  0
 10 11  1  0  0  0
 11 12  1  0  0  0
 12 19  1  0  0  0
 12 13  1  0  0  0
 13 14  1  0  0  0
 14 15  1  0  0  0
 15 16  1  0  0  0
 15 19  1  0  0  0
 16 17  1  0  0  0
 17 18  1  0  0  0
 19 20  1  0  0  0
 20 21  1  0  0  0
M  END
$$$$
C123C4(C(C(O1)OC4)CC2)CCC5C3CC=C6C5CCCC6
  -ISIS-

 21 26  0  0  0  0  0  0  0  0  1
    7.4549    1.5602   -6.5158  C  0  0  0  0  0
    6.6838    1.5943   -5.1823  C  0  0  0  0  0
    7.5034    2.0996   -3.9707  C  0  0  0  0  0
    8.7475    1.1729   -3.8180  C  0  0  0  0  0
    9.3408    0.6129   -5.1021  C  0  0  0  0  0
    8.9773    1.3683   -6.3867  C  0  0  0  0  0
    9.2141    0.6663   -2.6436  C  0  0  0  0  0
    8.6999    0.9191   -1.2274  C  0  0  0  0  0
    7.7989    2.1691   -1.1840  C  0  0  0  0  0
    6.8762    2.4259    0.4034  C  0  0  0  0  0
    7.5738    3.5567    0.9368  O  0  0  0  0  0
    6.6539    4.6288    1.1734  C  0  0  0  0  0
    5.7982    4.3479    2.2901  O  0  0  0  0  0
    4.8289    3.5133    1.7853  C  0  0  0  0  0
    5.2056    3.3141    0.3590  C  0  0  0  0  0
    4.0247    2.8561   -1.0308  C  0  0  0  0  0
    4.8823    2.2631   -2.5747  C  0  0  0  0  0
    6.6900    1.9167   -2.6663  C  0  0  0  0  0
    5.7328    4.6235   -0.0040  C  0  0  0  0  0
    6.0965    3.8553   -1.2076  C  0  0  0  0  0
    5.9501    2.0303   -0.5461  C  0  0  0  0  0
  1  6  1  0  0  0
  1  2  1  0  0  0
  2  3  1  0  0  0
  3 18  1  0  0  0
  3  4  1  0  0  0
  4  5  1  0  0  0
  4  7  2  0  0  0
  5  6  1  0  0  0
  7  8  1  0  0  0
  8  9  1  0  0  0
  9 18  1  0  0  0
  9 10  1  0  0  0
 10 15  1  0  0  0
 10 21  1  0  0  0
 10 11  1  0  0  0
 11 12  1  0  0  0
 12 19  1  0  0  0
 12 13  1  0  0  0
 13 14  1  0  0  0
 14 15  1  0  0  0
 15 16  1  0  0  0
 15 19  1  0  0  0
 16 17  1  0  0  0
 17 18  1  0  0  0
 19 20  1  0  0  0
 20 21  1  0  0  0
M  END
$$$$
