C123C4C5(COC1CCCC2COC3)CC(CC5)CC4
  -ISIS-

 19 23  0  0  0  0  0  0  0  0  1
   -2.1229    9.8619   -1.2472  C  0  0  0  0  0
   -3.3532   10.4792   -0.5516  C  0  0  0  0  0
   -3.5057   10.2733    0.9464  C  0  0  0  0  0
   -3.2975    8.8176    1.3795  C  0  0  0  0  0
   -3.4004    8.6994    2.8027  O  0  0  0  0  0
   -2.4442    9.1834    3.6242  C  0  0  0  0  0
   -1.0445    9.2723    3.0688  C  0  0  0  0  0
   -0.7590    8.4889    1.7589  C  0  0  0  0  0
   -2.0164    8.1938    0.8282  C  0  0  0  0  0
   -2.0229    8.4360   -0.6951  C  0  0  0  0  0
   -1.0382    7.4052   -1.1678  C  0  0  0  0  0
   -1.1397    6.3313   -0.3119  O  0  0  0  0  0
   -2.1040    6.6460    0.7142  C  0  0  0  0  0
    0.6234    8.8173    1.1279  C  0  0  0  0  0
    1.3963   10.0347    1.6703  C  0  0  0  0  0
    0.9596   10.5572    3.0443  C  0  0  0  0  0
   -0.5551   10.7248    3.0265  C  0  0  0  0  0
    1.1698    9.5986    4.2301  C  0  0  0  0  0
   -0.0490    8.7104    4.0932  C  0  0  0  0  0
  1 10  1  0  0  0
  1  2  1  0  0  0
  2  3  1  0  0  0
  3  4  1  0  0  0
  4  9  1  0  0  0
  4  5  1  0  0  0
  5  6  1  0  0  0
  6  7  1  0  0  0
  7 17  1  0  0  0
  7 19  1  0  0  0
  7  8  1  0  0  0
  8  9  1  0  0  0
  8 14  1  0  0  0
  9 13  1  0  0  0
  9 10  1  0  0  0
 10 11  1  0  0  0
 11 12  1  0  0  0
 12 13  1  0  0  0
 14 15  1  0  0  0
 15 16  1  0  0  0
 16 17  1  0  0  0
 16 18  1  0  0  0
 18 19  1  0  0  0
M  END
$$$$
