C123C4(c5c(cccc5)CC1NCC4)C(c6c2cccc6)CC=C3
  -ISIS-

 23 28  0  0  0  0  0  0  0  0  1
   -0.1691    9.1841   -1.7565  C  0  0  0  0  0
    0.3356    8.2674   -2.8321  C  0  0  0  0  0
    0.0054    6.9624   -2.7829  C  0  0  0  0  0
   -0.9368    6.3919   -1.6874  C  0  0  0  0  0
   -1.9740    7.4963   -1.2542  C  0  0  0  0  0
   -0.9900    8.5427   -0.6316  C  0  0  0  0  0
   -0.0979    7.6006    0.1692  C  0  0  0  0  0
   -0.0733    6.3291   -0.4447  C  0  0  0  0  0
    0.7665    5.3435    0.0296  C  0  0  0  0  0
    1.5414    5.6016    1.1604  C  0  0  0  0  0
    1.4883    6.8611    1.7889  C  0  0  0  0  0
    0.6709    7.8678    1.2808  C  0  0  0  0  0
   -2.8417    7.8980   -2.4574  C  0  0  0  0  0
   -3.0938    6.9613   -3.4897  C  0  0  0  0  0
   -2.5157    5.5559   -3.4695  C  0  0  0  0  0
   -1.7619    5.1763   -2.1622  C  0  0  0  0  0
   -2.8099    4.6834   -1.1257  N  0  0  0  0  0
   -3.7409    5.7450   -0.5936  C  0  0  0  0  0
   -2.9735    6.9832   -0.1655  C  0  0  0  0  0
   -3.8815    7.3393   -4.5894  C  0  0  0  0  0
   -4.4421    8.6180   -4.6691  C  0  0  0  0  0
   -4.2340    9.5335   -3.6432  C  0  0  0  0  0
   -3.4493    9.1559   -2.5456  C  0  0  0  0  0
  1  6  1  0  0  0
  1  2  1  0  0  0
  2  3  2  0  0  0
  3  4  1  0  0  0
  4 16  1  0  0  0
  4  8  1  0  0  0
  4  5  1  0  0  0
  5 19  1  0  0  0
  5  6  1  0  0  0
  5 13  1  0  0  0
  6  7  1  0  0  0
  7 12  2  0  0  0
  7  8  1  0  0  0
  8  9  2  0  0  0
  9 10  1  0  0  0
 10 11  2  0  0  0
 11 12  1  0  0  0
 13 23  2  0  0  0
 13 14  1  0  0  0
 14 15  1  0  0  0
 14 20  2  0  0  0
 15 16  1  0  0  0
 16 17  1  0  0  0
 17 18  1  0  0  0
 18 19  1  0  0  0
 20 21  1  0  0  0
 21 22  2  0  0  0
 22 23  1  0  0  0
M  END
$$$$
C123C4(c5c(cccc5)CC1NCC4)C(c6c2cccc6)CC=C3
  -ISIS-

 23 28  0  0  0  0  0  0  0  0  1
   -0.1691    9.1841   -1.7565  C  0  0  0  0  0
    0.3356    8.2674   -2.8321  C  0  0  0  0  0
    0.0054    6.9624   -2.7829  C  0  0  0  0  0
   -0.9368    6.3919   -1.6874  C  0  0  0  0  0
   -1.9740    7.4963   -1.2542  C  0  0  0  0  0
   -0.9900    8.5427   -0.6316  C  0  0  0  0  0
   -0.0979    7.6006    0.1692  C  0  0  0  0  0
   -0.0733    6.3291   -0.4447  C  0  0  0  0  0
    0.7665    5.3435    0.0296  C  0  0  0  0  0
    1.5414    5.6016    1.1604  C  0  0  0  0  0
    1.4883    6.8611    1.7889  C  0  0  0  0  0
    0.6709    7.8678    1.2808  C  0  0  0  0  0
   -2.8417    7.8980   -2.4574  C  0  0  0  0  0
   -3.0938    6.9613   -3.4897  C  0  0  0  0  0
   -2.5157    5.5559   -3.4695  C  0  0  0  0  0
   -1.7619    5.1763   -2.1622  C  0  0  0  0  0
   -2.8099    4.6834   -1.1257  N  0  0  0  0  0
   -3.7409    5.7450   -0.5936  C  0  0  0  0  0
   -2.9735    6.9832   -0.1655  C  0  0  0  0  0
   -3.8815    7.3393   -4.5894  C  0  0  0  0  0
   -4.4421    8.6180   -4.6691  C  0  0  0  0  0
   -4.2340    9.5335   -3.6432  C  0  0  0  0  0
   -3.4493    9.1559   -2.5456  C  0  0  0  0  0
  1  6  1  0  0  0
  1  2  1  0  0  0
  2  3  2  0  0  0
  3  4  1  0  0  0
  4 16  1  0  0  0
  4  8  1  0  0  0
  4  5  1  0  0  0
  5 19  1  0  0  0
  5  6  1  0  0  0
  5 13  1  0  0  0
  6  7  1  0  0  0
  7 12  2  0  0  0
  7  8  1  0  0  0
  8  9  2  0  0  0
  9 10  1  0  0  0
 10 11  2  0  0  0
 11 12  1  0  0  0
 13 23  2  0  0  0
 13 14  1  0  0  0
 14 15  1  0  0  0
 14 20  2  0  0  0
 15 16  1  0  0  0
 16 17  1  0  0  0
 17 18  1  0  0  0
 18 19  1  0  0  0
 20 21  1  0  0  0
 21 22  2  0  0  0
 22 23  1  0  0  0
M  END
$$$$
C123C4(c5c(cccc5)CC1NCC4)C(c6c2cccc6)CC=C3
  -ISIS-

 23 28  0  0  0  0  0  0  0  0  1
   -0.1691    9.1841   -1.7565  C  0  0  0  0  0
    0.3356    8.2674   -2.8321  C  0  0  0  0  0
    0.0054    6.9624   -2.7829  C  0  0  0  0  0
   -0.9368    6.3919   -1.6874  C  0  0  0  0  0
   -1.9740    7.4963   -1.2542  C  0  0  0  0  0
   -0.9900    8.5427   -0.6316  C  0  0  0  0  0
   -0.0979    7.6006    0.1692  C  0  0  0  0  0
   -0.0733    6.3291   -0.4447  C  0  0  0  0  0
    0.7665    5.3435    0.0296  C  0  0  0  0  0
    1.5414    5.6016    1.1604  C  0  0  0  0  0
    1.4883    6.8611    1.7889  C  0  0  0  0  0
    0.6709    7.8678    1.2808  C  0  0  0  0  0
   -2.8417    7.8980   -2.4574  C  0  0  0  0  0
   -3.0938    6.9613   -3.4897  C  0  0  0  0  0
   -2.5157    5.5559   -3.4695  C  0  0  0  0  0
   -1.7619    5.1763   -2.1622  C  0  0  0  0  0
   -2.8099    4.6834   -1.1257  N  0  0  0  0  0
   -3.7409    5.7450   -0.5936  C  0  0  0  0  0
   -2.9735    6.9832   -0.1655  C  0  0  0  0  0
   -3.8815    7.3393   -4.5894  C  0  0  0  0  0
   -4.4421    8.6180   -4.6691  C  0  0  0  0  0
   -4.2340    9.5335   -3.6432  C  0  0  0  0  0
   -3.4493    9.1559   -2.5456  C  0  0  0  0  0
  1  6  1  0  0  0
  1  2  1  0  0  0
  2  3  2  0  0  0
  3  4  1  0  0  0
  4 16  1  0  0  0
  4  8  1  0  0  0
  4  5  1  0  0  0
  5 19  1  0  0  0
  5  6  1  0  0  0
  5 13  1  0  0  0
  6  7  1  0  0  0
  7 12  2  0  0  0
  7  8  1  0  0  0
  8  9  2  0  0  0
  9 10  1  0  0  0
 10 11  2  0  0  0
 11 12  1  0  0  0
 13 23  2  0  0  0
 13 14  1  0  0  0
 14 15  1  0  0  0
 14 20  2  0  0  0
 15 16  1  0  0  0
 16 17  1  0  0  0
 17 18  1  0  0  0
 18 19  1  0  0  0
 20 21  1  0  0  0
 21 22  2  0  0  0
 22 23  1  0  0  0
M  END
$$$$
C123C4(c5c(cccc5)CC1NCC4)C(c6c2cccc6)CC=C3
  -ISIS-

 23 28  0  0  0  0  0  0  0  0  1
   -0.1691    9.1841   -1.7565  C  0  0  0  0  0
    0.3356    8.2674   -2.8321  C  0  0  0  0  0
    0.0054    6.9624   -2.7829  C  0  0  0  0  0
   -0.9368    6.3919   -1.6874  C  0  0  0  0  0
   -1.9740    7.4963   -1.2542  C  0  0  0  0  0
   -0.9900    8.5427   -0.6316  C  0  0  0  0  0
   -0.0979    7.6006    0.1692  C  0  0  0  0  0
   -0.0733    6.3291   -0.4447  C  0  0  0  0  0
    0.7665    5.3435    0.0296  C  0  0  0  0  0
    1.5414    5.6016    1.1604  C  0  0  0  0  0
    1.4883    6.8611    1.7889  C  0  0  0  0  0
    0.6709    7.8678    1.2808  C  0  0  0  0  0
   -2.8417    7.8980   -2.4574  C  0  0  0  0  0
   -3.0938    6.9613   -3.4897  C  0  0  0  0  0
   -2.5157    5.5559   -3.4695  C  0  0  0  0  0
   -1.7619    5.1763   -2.1622  C  0  0  0  0  0
   -2.8099    4.6834   -1.1257  N  0  0  0  0  0
   -3.7409    5.7450   -0.5936  C  0  0  0  0  0
   -2.9735    6.9832   -0.1655  C  0  0  0  0  0
   -3.8815    7.3393   -4.5894  C  0  0  0  0  0
   -4.4421    8.6180   -4.6691  C  0  0  0  0  0
   -4.2340    9.5335   -3.6432  C  0  0  0  0  0
   -3.4493    9.1559   -2.5456  C  0  0  0  0  0
  1  6  1  0  0  0
  1  2  1  0  0  0
  2  3  2  0  0  0
  3  4  1  0  0  0
  4 16  1  0  0  0
  4  8  1  0  0  0
  4  5  1  0  0  0
  5 19  1  0  0  0
  5  6  1  0  0  0
  5 13  1  0  0  0
  6  7  1  0  0  0
  7 12  2  0  0  0
  7  8  1  0  0  0
  8  9  2  0  0  0
  9 10  1  0  0  0
 10 11  2  0  0  0
 11 12  1  0  0  0
 13 23  2  0  0  0
 13 14  1  0  0  0
 14 15  1  0  0  0
 14 20  2  0  0  0
 15 16  1  0  0  0
 16 17  1  0  0  0
 17 18  1  0  0  0
 18 19  1  0  0  0
 20 21  1  0  0  0
 21 22  2  0  0  0
 22 23  1  0  0  0
M  END
$$$$
C123C4(c5c(cccc5)CC1NCC4)C(c6c2cccc6)CC=C3
  -ISIS-

 23 28  0  0  0  0  0  0  0  0  1
   -0.1691    9.1841   -1.7565  C  0  0  0  0  0
    0.3356    8.2674   -2.8321  C  0  0  0  0  0
    0.0054    6.9624   -2.7829  C  0  0  0  0  0
   -0.9368    6.3919   -1.6874  C  0  0  0  0  0
   -1.9740    7.4963   -1.2542  C  0  0  0  0  0
   -0.9900    8.5427   -0.6316  C  0  0  0  0  0
   -0.0979    7.6006    0.1692  C  0  0  0  0  0
   -0.0733    6.3291   -0.4447  C  0  0  0  0  0
    0.7665    5.3435    0.0296  C  0  0  0  0  0
    1.5414    5.6016    1.1604  C  0  0  0  0  0
    1.4883    6.8611    1.7889  C  0  0  0  0  0
    0.6709    7.8678    1.2808  C  0  0  0  0  0
   -2.8417    7.8980   -2.4574  C  0  0  0  0  0
   -3.0938    6.9613   -3.4897  C  0  0  0  0  0
   -2.5157    5.5559   -3.4695  C  0  0  0  0  0
   -1.7619    5.1763   -2.1622  C  0  0  0  0  0
   -2.8099    4.6834   -1.1257  N  0  0  0  0  0
   -3.7409    5.7450   -0.5936  C  0  0  0  0  0
   -2.9735    6.9832   -0.1655  C  0  0  0  0  0
   -3.8815    7.3393   -4.5894  C  0  0  0  0  0
   -4.4421    8.6180   -4.6691  C  0  0  0  0  0
   -4.2340    9.5335   -3.6432  C  0  0  0  0  0
   -3.4493    9.1559   -2.5456  C  0  0  0  0  0
  1  6  1  0  0  0
  1  2  1  0  0  0
  2  3  2  0  0  0
  3  4  1  0  0  0
  4 16  1  0  0  0
  4  8  1  0  0  0
  4  5  1  0  0  0
  5 19  1  0  0  0
  5  6  1  0  0  0
  5 13  1  0  0  0
  6  7  1  0  0  0
  7 12  2  0  0  0
  7  8  1  0  0  0
  8  9  2  0  0  0
  9 10  1  0  0  0
 10 11  2  0  0  0
 11 12  1  0  0  0
 13 23  2  0  0  0
 13 14  1  0  0  0
 14 15  1  0  0  0
 14 20  2  0  0  0
 15 16  1  0  0  0
 16 17  1  0  0  0
 17 18  1  0  0  0
 18 19  1  0  0  0
 20 21  1  0  0  0
 21 22  2  0  0  0
 22 23  1  0  0  0
M  END
$$$$
C123C4(c5c(cccc5)CC1NCC4)C(c6c2cccc6)CC=C3
  -ISIS-

 23 28  0  0  0  0  0  0  0  0  1
   -0.1691    9.1841   -1.7565  C  0  0  0  0  0
    0.3356    8.2674   -2.8321  C  0  0  0  0  0
    0.0054    6.9624   -2.7829  C  0  0  0  0  0
   -0.9368    6.3919   -1.6874  C  0  0  0  0  0
   -1.9740    7.4963   -1.2542  C  0  0  0  0  0
   -0.9900    8.5427   -0.6316  C  0  0  0  0  0
   -0.0979    7.6006    0.1692  C  0  0  0  0  0
   -0.0733    6.3291   -0.4447  C  0  0  0  0  0
    0.7665    5.3435    0.0296  C  0  0  0  0  0
    1.5414    5.6016    1.1604  C  0  0  0  0  0
    1.4883    6.8611    1.7889  C  0  0  0  0  0
    0.6709    7.8678    1.2808  C  0  0  0  0  0
   -2.8417    7.8980   -2.4574  C  0  0  0  0  0
   -3.0938    6.9613   -3.4897  C  0  0  0  0  0
   -2.5157    5.5559   -3.4695  C  0  0  0  0  0
   -1.7619    5.1763   -2.1622  C  0  0  0  0  0
   -2.8099    4.6834   -1.1257  N  0  0  0  0  0
   -3.7409    5.7450   -0.5936  C  0  0  0  0  0
   -2.9735    6.9832   -0.1655  C  0  0  0  0  0
   -3.8815    7.3393   -4.5894  C  0  0  0  0  0
   -4.4421    8.6180   -4.6691  C  0  0  0  0  0
   -4.2340    9.5335   -3.6432  C  0  0  0  0  0
   -3.4493    9.1559   -2.5456  C  0  0  0  0  0
  1  6  1  0  0  0
  1  2  1  0  0  0
  2  3  2  0  0  0
  3  4  1  0  0  0
  4 16  1  0  0  0
  4  8  1  0  0  0
  4  5  1  0  0  0
  5 19  1  0  0  0
  5  6  1  0  0  0
  5 13  1  0  0  0
  6  7  1  0  0  0
  7 12  2  0  0  0
  7  8  1  0  0  0
  8  9  2  0  0  0
  9 10  1  0  0  0
 10 11  2  0  0  0
 11 12  1  0  0  0
 13 23  2  0  0  0
 13 14  1  0  0  0
 14 15  1  0  0  0
 14 20  2  0  0  0
 15 16  1  0  0  0
 16 17  1  0  0  0
 17 18  1  0  0  0
 18 19  1  0  0  0
 20 21  1  0  0  0
 21 22  2  0  0  0
 22 23  1  0  0  0
M  END
$$$$
C123C4(c5c(cccc5)CC1NCC4)C(c6c2cccc6)CC=C3
  -ISIS-

 23 28  0  0  0  0  0  0  0  0  1
    1.5841    1.1314    3.2750  C  0  0  0  0  0
    2.7263    0.5626    2.4911  C  0  0  0  0  0
    3.8042    1.3403    2.2765  C  0  0  0  0  0
    3.8827    2.7921    2.7976  C  0  0  0  0  0
    2.4541    3.4616    2.8282  C  0  0  0  0  0
    1.7730    2.5239    3.8796  C  0  0  0  0  0
    2.8724    2.4703    4.9284  C  0  0  0  0  0
    4.1281    2.6446    4.2948  C  0  0  0  0  0
    5.3191    2.5742    5.0021  C  0  0  0  0  0
    5.2324    2.3763    6.3822  C  0  0  0  0  0
    3.9826    2.2157    7.0145  C  0  0  0  0  0
    2.7992    2.2438    6.2833  C  0  0  0  0  0
    2.5033    4.9467    3.2884  C  0  0  0  0  0
    3.7001    5.6871    3.1977  C  0  0  0  0  0
    4.9665    5.0978    2.6281  C  0  0  0  0  0
    4.7880    3.7160    1.9637  C  0  0  0  0  0
    4.1981    3.9207    0.5190  N  0  0  0  0  0
    2.7281    4.3071    0.4414  C  0  0  0  0  0
    1.8570    3.4899    1.3987  C  0  0  0  0  0
    3.7363    7.0181    3.6499  C  0  0  0  0  0
    2.5916    7.6442    4.1482  C  0  0  0  0  0
    1.3880    6.9530    4.1793  C  0  0  0  0  0
    1.3560    5.6230    3.7340  C  0  0  0  0  0
  1  6  1  0  0  0
  1  2  1  0  0  0
  2  3  2  0  0  0
  3  4  1  0  0  0
  4 16  1  0  0  0
  4  8  1  0  0  0
  4  5  1  0  0  0
  5 19  1  0  0  0
  5  6  1  0  0  0
  5 13  1  0  0  0
  6  7  1  0  0  0
  7 12  2  0  0  0
  7  8  1  0  0  0
  8  9  2  0  0  0
  9 10  1  0  0  0
 10 11  2  0  0  0
 11 12  1  0  0  0
 13 23  2  0  0  0
 13 14  1  0  0  0
 14 15  1  0  0  0
 14 20  2  0  0  0
 15 16  1  0  0  0
 16 17  1  0  0  0
 17 18  1  0  0  0
 18 19  1  0  0  0
 20 21  1  0  0  0
 21 22  2  0  0  0
 22 23  1  0  0  0
M  END
$$$$
C123C4(c5c(cccc5)CC1NCC4)C(c6c2cccc6)CC=C3
  -ISIS-

 23 28  0  0  0  0  0  0  0  0  1
    1.5841    1.1314    3.2750  C  0  0  0  0  0
    2.7263    0.5626    2.4911  C  0  0  0  0  0
    3.8042    1.3403    2.2765  C  0  0  0  0  0
    3.8827    2.7921    2.7976  C  0  0  0  0  0
    2.4541    3.4616    2.8282  C  0  0  0  0  0
    1.7730    2.5239    3.8796  C  0  0  0  0  0
    2.8724    2.4703    4.9284  C  0  0  0  0  0
    4.1281    2.6446    4.2948  C  0  0  0  0  0
    5.3191    2.5742    5.0021  C  0  0  0  0  0
    5.2324    2.3763    6.3822  C  0  0  0  0  0
    3.9826    2.2157    7.0145  C  0  0  0  0  0
    2.7992    2.2438    6.2833  C  0  0  0  0  0
    2.5033    4.9467    3.2884  C  0  0  0  0  0
    3.7001    5.6871    3.1977  C  0  0  0  0  0
    4.9665    5.0978    2.6281  C  0  0  0  0  0
    4.7880    3.7160    1.9637  C  0  0  0  0  0
    4.1981    3.9207    0.5190  N  0  0  0  0  0
    2.7281    4.3071    0.4414  C  0  0  0  0  0
    1.8570    3.4899    1.3987  C  0  0  0  0  0
    3.7363    7.0181    3.6499  C  0  0  0  0  0
    2.5916    7.6442    4.1482  C  0  0  0  0  0
    1.3880    6.9530    4.1793  C  0  0  0  0  0
    1.3560    5.6230    3.7340  C  0  0  0  0  0
  1  6  1  0  0  0
  1  2  1  0  0  0
  2  3  2  0  0  0
  3  4  1  0  0  0
  4 16  1  0  0  0
  4  8  1  0  0  0
  4  5  1  0  0  0
  5 19  1  0  0  0
  5  6  1  0  0  0
  5 13  1  0  0  0
  6  7  1  0  0  0
  7 12  2  0  0  0
  7  8  1  0  0  0
  8  9  2  0  0  0
  9 10  1  0  0  0
 10 11  2  0  0  0
 11 12  1  0  0  0
 13 23  2  0  0  0
 13 14  1  0  0  0
 14 15  1  0  0  0
 14 20  2  0  0  0
 15 16  1  0  0  0
 16 17  1  0  0  0
 17 18  1  0  0  0
 18 19  1  0  0  0
 20 21  1  0  0  0
 21 22  2  0  0  0
 22 23  1  0  0  0
M  END
$$$$
C123C4(c5c(cccc5)CC1NCC4)C(c6c2cccc6)CC=C3
  -ISIS-

 23 28  0  0  0  0  0  0  0  0  1
    1.5841    1.1314    3.2750  C  0  0  0  0  0
    2.7263    0.5626    2.4911  C  0  0  0  0  0
    3.8042    1.3403    2.2765  C  0  0  0  0  0
    3.8827    2.7921    2.7976  C  0  0  0  0  0
    2.4541    3.4616    2.8282  C  0  0  0  0  0
    1.7730    2.5239    3.8796  C  0  0  0  0  0
    2.8724    2.4703    4.9284  C  0  0  0  0  0
    4.1281    2.6446    4.2948  C  0  0  0  0  0
    5.3191    2.5742    5.0021  C  0  0  0  0  0
    5.2324    2.3763    6.3822  C  0  0  0  0  0
    3.9826    2.2157    7.0145  C  0  0  0  0  0
    2.7992    2.2438    6.2833  C  0  0  0  0  0
    2.5033    4.9467    3.2884  C  0  0  0  0  0
    3.7001    5.6871    3.1977  C  0  0  0  0  0
    4.9665    5.0978    2.6281  C  0  0  0  0  0
    4.7880    3.7160    1.9637  C  0  0  0  0  0
    4.1981    3.9207    0.5190  N  0  0  0  0  0
    2.7281    4.3071    0.4414  C  0  0  0  0  0
    1.8570    3.4899    1.3987  C  0  0  0  0  0
    3.7363    7.0181    3.6499  C  0  0  0  0  0
    2.5916    7.6442    4.1482  C  0  0  0  0  0
    1.3880    6.9530    4.1793  C  0  0  0  0  0
    1.3560    5.6230    3.7340  C  0  0  0  0  0
  1  6  1  0  0  0
  1  2  1  0  0  0
  2  3  2  0  0  0
  3  4  1  0  0  0
  4 16  1  0  0  0
  4  8  1  0  0  0
  4  5  1  0  0  0
  5 19  1  0  0  0
  5  6  1  0  0  0
  5 13  1  0  0  0
  6  7  1  0  0  0
  7 12  2  0  0  0
  7  8  1  0  0  0
  8  9  2  0  0  0
  9 10  1  0  0  0
 10 11  2  0  0  0
 11 12  1  0  0  0
 13 23  2  0  0  0
 13 14  1  0  0  0
 14 15  1  0  0  0
 14 20  2  0  0  0
 15 16  1  0  0  0
 16 17  1  0  0  0
 17 18  1  0  0  0
 18 19  1  0  0  0
 20 21  1  0  0  0
 21 22  2  0  0  0
 22 23  1  0  0  0
M  END
$$$$
C123C4(c5c(cccc5)CC1NCC4)C(c6c2cccc6)CC=C3
  -ISIS-

 23 28  0  0  0  0  0  0  0  0  1
    1.5841    1.1314    3.2750  C  0  0  0  0  0
    2.7263    0.5626    2.4911  C  0  0  0  0  0
    3.8042    1.3403    2.2765  C  0  0  0  0  0
    3.8827    2.7921    2.7976  C  0  0  0  0  0
    2.4541    3.4616    2.8282  C  0  0  0  0  0
    1.7730    2.5239    3.8796  C  0  0  0  0  0
    2.8724    2.4703    4.9284  C  0  0  0  0  0
    4.1281    2.6446    4.2948  C  0  0  0  0  0
    5.3191    2.5742    5.0021  C  0  0  0  0  0
    5.2324    2.3763    6.3822  C  0  0  0  0  0
    3.9826    2.2157    7.0145  C  0  0  0  0  0
    2.7992    2.2438    6.2833  C  0  0  0  0  0
    2.5033    4.9467    3.2884  C  0  0  0  0  0
    3.7001    5.6871    3.1977  C  0  0  0  0  0
    4.9665    5.0978    2.6281  C  0  0  0  0  0
    4.7880    3.7160    1.9637  C  0  0  0  0  0
    4.1981    3.9207    0.5190  N  0  0  0  0  0
    2.7281    4.3071    0.4414  C  0  0  0  0  0
    1.8570    3.4899    1.3987  C  0  0  0  0  0
    3.7363    7.0181    3.6499  C  0  0  0  0  0
    2.5916    7.6442    4.1482  C  0  0  0  0  0
    1.3880    6.9530    4.1793  C  0  0  0  0  0
    1.3560    5.6230    3.7340  C  0  0  0  0  0
  1  6  1  0  0  0
  1  2  1  0  0  0
  2  3  2  0  0  0
  3  4  1  0  0  0
  4 16  1  0  0  0
  4  8  1  0  0  0
  4  5  1  0  0  0
  5 19  1  0  0  0
  5  6  1  0  0  0
  5 13  1  0  0  0
  6  7  1  0  0  0
  7 12  2  0  0  0
  7  8  1  0  0  0
  8  9  2  0  0  0
  9 10  1  0  0  0
 10 11  2  0  0  0
 11 12  1  0  0  0
 13 23  2  0  0  0
 13 14  1  0  0  0
 14 15  1  0  0  0
 14 20  2  0  0  0
 15 16  1  0  0  0
 16 17  1  0  0  0
 17 18  1  0  0  0
 18 19  1  0  0  0
 20 21  1  0  0  0
 21 22  2  0  0  0
 22 23  1  0  0  0
M  END
$$$$
C123C4(c5c(cccc5)CC1NCC4)C(c6c2cccc6)CC=C3
  -ISIS-

 23 28  0  0  0  0  0  0  0  0  1
    1.5841    1.1314    3.2750  C  0  0  0  0  0
    2.7263    0.5626    2.4911  C  0  0  0  0  0
    3.8042    1.3403    2.2765  C  0  0  0  0  0
    3.8827    2.7921    2.7976  C  0  0  0  0  0
    2.4541    3.4616    2.8282  C  0  0  0  0  0
    1.7730    2.5239    3.8796  C  0  0  0  0  0
    2.8724    2.4703    4.9284  C  0  0  0  0  0
    4.1281    2.6446    4.2948  C  0  0  0  0  0
    5.3191    2.5742    5.0021  C  0  0  0  0  0
    5.2324    2.3763    6.3822  C  0  0  0  0  0
    3.9826    2.2157    7.0145  C  0  0  0  0  0
    2.7992    2.2438    6.2833  C  0  0  0  0  0
    2.5033    4.9467    3.2884  C  0  0  0  0  0
    3.7001    5.6871    3.1977  C  0  0  0  0  0
    4.9665    5.0978    2.6281  C  0  0  0  0  0
    4.7880    3.7160    1.9637  C  0  0  0  0  0
    4.1981    3.9207    0.5190  N  0  0  0  0  0
    2.7281    4.3071    0.4414  C  0  0  0  0  0
    1.8570    3.4899    1.3987  C  0  0  0  0  0
    3.7363    7.0181    3.6499  C  0  0  0  0  0
    2.5916    7.6442    4.1482  C  0  0  0  0  0
    1.3880    6.9530    4.1793  C  0  0  0  0  0
    1.3560    5.6230    3.7340  C  0  0  0  0  0
  1  6  1  0  0  0
  1  2  1  0  0  0
  2  3  2  0  0  0
  3  4  1  0  0  0
  4 16  1  0  0  0
  4  8  1  0  0  0
  4  5  1  0  0  0
  5 19  1  0  0  0
  5  6  1  0  0  0
  5 13  1  0  0  0
  6  7  1  0  0  0
  7 12  2  0  0  0
  7  8  1  0  0  0
  8  9  2  0  0  0
  9 10  1  0  0  0
 10 11  2  0  0  0
 11 12  1  0  0  0
 13 23  2  0  0  0
 13 14  1  0  0  0
 14 15  1  0  0  0
 14 20  2  0  0  0
 15 16  1  0  0  0
 16 17  1  0  0  0
 17 18  1  0  0  0
 18 19  1  0  0  0
 20 21  1  0  0  0
 21 22  2  0  0  0
 22 23  1  0  0  0
M  END
$$$$
C123C4(c5c(cccc5)CC1NCC4)C(c6c2cccc6)CC=C3
  -ISIS-

 23 28  0  0  0  0  0  0  0  0  1
    1.5841    1.1314    3.2750  C  0  0  0  0  0
    2.7263    0.5626    2.4911  C  0  0  0  0  0
    3.8042    1.3403    2.2765  C  0  0  0  0  0
    3.8827    2.7921    2.7976  C  0  0  0  0  0
    2.4541    3.4616    2.8282  C  0  0  0  0  0
    1.7730    2.5239    3.8796  C  0  0  0  0  0
    2.8724    2.4703    4.9284  C  0  0  0  0  0
    4.1281    2.6446    4.2948  C  0  0  0  0  0
    5.3191    2.5742    5.0021  C  0  0  0  0  0
    5.2324    2.3763    6.3822  C  0  0  0  0  0
    3.9826    2.2157    7.0145  C  0  0  0  0  0
    2.7992    2.2438    6.2833  C  0  0  0  0  0
    2.5033    4.9467    3.2884  C  0  0  0  0  0
    3.7001    5.6871    3.1977  C  0  0  0  0  0
    4.9665    5.0978    2.6281  C  0  0  0  0  0
    4.7880    3.7160    1.9637  C  0  0  0  0  0
    4.1981    3.9207    0.5190  N  0  0  0  0  0
    2.7281    4.3071    0.4414  C  0  0  0  0  0
    1.8570    3.4899    1.3987  C  0  0  0  0  0
    3.7363    7.0181    3.6499  C  0  0  0  0  0
    2.5916    7.6442    4.1482  C  0  0  0  0  0
    1.3880    6.9530    4.1793  C  0  0  0  0  0
    1.3560    5.6230    3.7340  C  0  0  0  0  0
  1  6  1  0  0  0
  1  2  1  0  0  0
  2  3  2  0  0  0
  3  4  1  0  0  0
  4 16  1  0  0  0
  4  8  1  0  0  0
  4  5  1  0  0  0
  5 19  1  0  0  0
  5  6  1  0  0  0
  5 13  1  0  0  0
  6  7  1  0  0  0
  7 12  2  0  0  0
  7  8  1  0  0  0
  8  9  2  0  0  0
  9 10  1  0  0  0
 10 11  2  0  0  0
 11 12  1  0  0  0
 13 23  2  0  0  0
 13 14  1  0  0  0
 14 15  1  0  0  0
 14 20  2  0  0  0
 15 16  1  0  0  0
 16 17  1  0  0  0
 17 18  1  0  0  0
 18 19  1  0  0  0
 20 21  1  0  0  0
 21 22  2  0  0  0
 22 23  1  0  0  0
M  END
$$$$
C123C4(c5c(cccc5)CC1NCC4)C(c6c2cccc6)CC=C3
  -ISIS-

 23 28  0  0  0  0  0  0  0  0  1
   -5.0781    1.5047    5.4199  C  0  0  0  0  0
   -4.2826    0.9354    4.2841  C  0  0  0  0  0
   -4.0018    1.7252    3.2300  C  0  0  0  0  0
   -4.4207    3.2202    3.1861  C  0  0  0  0  0
   -4.4270    3.8126    4.6487  C  0  0  0  0  0
   -5.5742    2.9462    5.2636  C  0  0  0  0  0
   -6.5885    3.0121    4.1250  C  0  0  0  0  0
   -5.9103    3.1823    2.8943  C  0  0  0  0  0
   -6.5947    3.1388    1.6918  C  0  0  0  0  0
   -7.9849    3.0114    1.7486  C  0  0  0  0  0
   -8.6599    2.8788    2.9830  C  0  0  0  0  0
   -7.9611    2.8592    4.1896  C  0  0  0  0  0
   -3.0102    3.7463    5.2599  C  0  0  0  0  0
   -1.8853    3.7946    4.3962  C  0  0  0  0  0
   -2.0118    3.8893    2.8853  C  0  0  0  0  0
   -3.4583    4.1014    2.3610  C  0  0  0  0  0
   -3.7814    5.6200    2.4244  N  0  0  0  0  0
   -3.9233    6.1944    3.8130  C  0  0  0  0  0
   -4.8240    5.3265    4.6733  C  0  0  0  0  0
   -0.5958    3.7446    4.9392  C  0  0  0  0  0
   -0.4024    3.7038    6.3202  C  0  0  0  0  0
   -1.4923    3.7140    7.1922  C  0  0  0  0  0
   -2.7972    3.7169    6.6575  C  0  0  0  0  0
  1  6  1  0  0  0
  1  2  1  0  0  0
  2  3  2  0  0  0
  3  4  1  0  0  0
  4 16  1  0  0  0
  4  8  1  0  0  0
  4  5  1  0  0  0
  5 19  1  0  0  0
  5  6  1  0  0  0
  5 13  1  0  0  0
  6  7  1  0  0  0
  7 12  2  0  0  0
  7  8  1  0  0  0
  8  9  2  0  0  0
  9 10  1  0  0  0
 10 11  2  0  0  0
 11 12  1  0  0  0
 13 23  2  0  0  0
 13 14  1  0  0  0
 14 15  1  0  0  0
 14 20  2  0  0  0
 15 16  1  0  0  0
 16 17  1  0  0  0
 17 18  1  0  0  0
 18 19  1  0  0  0
 20 21  1  0  0  0
 21 22  2  0  0  0
 22 23  1  0  0  0
M  END
$$$$
C123C4(c5c(cccc5)CC1NCC4)C(c6c2cccc6)CC=C3
  -ISIS-

 23 28  0  0  0  0  0  0  0  0  1
   -5.0781    1.5047    5.4199  C  0  0  0  0  0
   -4.2826    0.9354    4.2841  C  0  0  0  0  0
   -4.0018    1.7252    3.2300  C  0  0  0  0  0
   -4.4207    3.2202    3.1861  C  0  0  0  0  0
   -4.4270    3.8126    4.6487  C  0  0  0  0  0
   -5.5742    2.9462    5.2636  C  0  0  0  0  0
   -6.5885    3.0121    4.1250  C  0  0  0  0  0
   -5.9103    3.1823    2.8943  C  0  0  0  0  0
   -6.5947    3.1388    1.6918  C  0  0  0  0  0
   -7.9849    3.0114    1.7486  C  0  0  0  0  0
   -8.6599    2.8788    2.9830  C  0  0  0  0  0
   -7.9611    2.8592    4.1896  C  0  0  0  0  0
   -3.0102    3.7463    5.2599  C  0  0  0  0  0
   -1.8853    3.7946    4.3962  C  0  0  0  0  0
   -2.0118    3.8893    2.8853  C  0  0  0  0  0
   -3.4583    4.1014    2.3610  C  0  0  0  0  0
   -3.7814    5.6200    2.4244  N  0  0  0  0  0
   -3.9233    6.1944    3.8130  C  0  0  0  0  0
   -4.8240    5.3265    4.6733  C  0  0  0  0  0
   -0.5958    3.7446    4.9392  C  0  0  0  0  0
   -0.4024    3.7038    6.3202  C  0  0  0  0  0
   -1.4923    3.7140    7.1922  C  0  0  0  0  0
   -2.7972    3.7169    6.6575  C  0  0  0  0  0
  1  6  1  0  0  0
  1  2  1  0  0  0
  2  3  2  0  0  0
  3  4  1  0  0  0
  4 16  1  0  0  0
  4  8  1  0  0  0
  4  5  1  0  0  0
  5 19  1  0  0  0
  5  6  1  0  0  0
  5 13  1  0  0  0
  6  7  1  0  0  0
  7 12  2  0  0  0
  7  8  1  0  0  0
  8  9  2  0  0  0
  9 10  1  0  0  0
 10 11  2  0  0  0
 11 12  1  0  0  0
 13 23  2  0  0  0
 13 14  1  0  0  0
 14 15  1  0  0  0
 14 20  2  0  0  0
 15 16  1  0  0  0
 16 17  1  0  0  0
 17 18  1  0  0  0
 18 19  1  0  0  0
 20 21  1  0  0  0
 21 22  2  0  0  0
 22 23  1  0  0  0
M  END
$$$$
C123C4(c5c(cccc5)CC1NCC4)C(c6c2cccc6)CC=C3
  -ISIS-

 23 28  0  0  0  0  0  0  0  0  1
   -5.0781    1.5047    5.4199  C  0  0  0  0  0
   -4.2826    0.9354    4.2841  C  0  0  0  0  0
   -4.0018    1.7252    3.2300  C  0  0  0  0  0
   -4.4207    3.2202    3.1861  C  0  0  0  0  0
   -4.4270    3.8126    4.6487  C  0  0  0  0  0
   -5.5742    2.9462    5.2636  C  0  0  0  0  0
   -6.5885    3.0121    4.1250  C  0  0  0  0  0
   -5.9103    3.1823    2.8943  C  0  0  0  0  0
   -6.5947    3.1388    1.6918  C  0  0  0  0  0
   -7.9849    3.0114    1.7486  C  0  0  0  0  0
   -8.6599    2.8788    2.9830  C  0  0  0  0  0
   -7.9611    2.8592    4.1896  C  0  0  0  0  0
   -3.0102    3.7463    5.2599  C  0  0  0  0  0
   -1.8853    3.7946    4.3962  C  0  0  0  0  0
   -2.0118    3.8893    2.8853  C  0  0  0  0  0
   -3.4583    4.1014    2.3610  C  0  0  0  0  0
   -3.7814    5.6200    2.4244  N  0  0  0  0  0
   -3.9233    6.1944    3.8130  C  0  0  0  0  0
   -4.8240    5.3265    4.6733  C  0  0  0  0  0
   -0.5958    3.7446    4.9392  C  0  0  0  0  0
   -0.4024    3.7038    6.3202  C  0  0  0  0  0
   -1.4923    3.7140    7.1922  C  0  0  0  0  0
   -2.7972    3.7169    6.6575  C  0  0  0  0  0
  1  6  1  0  0  0
  1  2  1  0  0  0
  2  3  2  0  0  0
  3  4  1  0  0  0
  4 16  1  0  0  0
  4  8  1  0  0  0
  4  5  1  0  0  0
  5 19  1  0  0  0
  5  6  1  0  0  0
  5 13  1  0  0  0
  6  7  1  0  0  0
  7 12  2  0  0  0
  7  8  1  0  0  0
  8  9  2  0  0  0
  9 10  1  0  0  0
 10 11  2  0  0  0
 11 12  1  0  0  0
 13 23  2  0  0  0
 13 14  1  0  0  0
 14 15  1  0  0  0
 14 20  2  0  0  0
 15 16  1  0  0  0
 16 17  1  0  0  0
 17 18  1  0  0  0
 18 19  1  0  0  0
 20 21  1  0  0  0
 21 22  2  0  0  0
 22 23  1  0  0  0
M  END
$$$$
C123C4(c5c(cccc5)CC1NCC4)C(c6c2cccc6)CC=C3
  -ISIS-

 23 28  0  0  0  0  0  0  0  0  1
   -5.0781    1.5047    5.4199  C  0  0  0  0  0
   -4.2826    0.9354    4.2841  C  0  0  0  0  0
   -4.0018    1.7252    3.2300  C  0  0  0  0  0
   -4.4207    3.2202    3.1861  C  0  0  0  0  0
   -4.4270    3.8126    4.6487  C  0  0  0  0  0
   -5.5742    2.9462    5.2636  C  0  0  0  0  0
   -6.5885    3.0121    4.1250  C  0  0  0  0  0
   -5.9103    3.1823    2.8943  C  0  0  0  0  0
   -6.5947    3.1388    1.6918  C  0  0  0  0  0
   -7.9849    3.0114    1.7486  C  0  0  0  0  0
   -8.6599    2.8788    2.9830  C  0  0  0  0  0
   -7.9611    2.8592    4.1896  C  0  0  0  0  0
   -3.0102    3.7463    5.2599  C  0  0  0  0  0
   -1.8853    3.7946    4.3962  C  0  0  0  0  0
   -2.0118    3.8893    2.8853  C  0  0  0  0  0
   -3.4583    4.1014    2.3610  C  0  0  0  0  0
   -3.7814    5.6200    2.4244  N  0  0  0  0  0
   -3.9233    6.1944    3.8130  C  0  0  0  0  0
   -4.8240    5.3265    4.6733  C  0  0  0  0  0
   -0.5958    3.7446    4.9392  C  0  0  0  0  0
   -0.4024    3.7038    6.3202  C  0  0  0  0  0
   -1.4923    3.7140    7.1922  C  0  0  0  0  0
   -2.7972    3.7169    6.6575  C  0  0  0  0  0
  1  6  1  0  0  0
  1  2  1  0  0  0
  2  3  2  0  0  0
  3  4  1  0  0  0
  4 16  1  0  0  0
  4  8  1  0  0  0
  4  5  1  0  0  0
  5 19  1  0  0  0
  5  6  1  0  0  0
  5 13  1  0  0  0
  6  7  1  0  0  0
  7 12  2  0  0  0
  7  8  1  0  0  0
  8  9  2  0  0  0
  9 10  1  0  0  0
 10 11  2  0  0  0
 11 12  1  0  0  0
 13 23  2  0  0  0
 13 14  1  0  0  0
 14 15  1  0  0  0
 14 20  2  0  0  0
 15 16  1  0  0  0
 16 17  1  0  0  0
 17 18  1  0  0  0
 18 19  1  0  0  0
 20 21  1  0  0  0
 21 22  2  0  0  0
 22 23  1  0  0  0
M  END
$$$$
C123C4(c5c(cccc5)CC1NCC4)C(c6c2cccc6)CC=C3
  -ISIS-

 23 28  0  0  0  0  0  0  0  0  1
   -5.0781    1.5047    5.4199  C  0  0  0  0  0
   -4.2826    0.9354    4.2841  C  0  0  0  0  0
   -4.0018    1.7252    3.2300  C  0  0  0  0  0
   -4.4207    3.2202    3.1861  C  0  0  0  0  0
   -4.4270    3.8126    4.6487  C  0  0  0  0  0
   -5.5742    2.9462    5.2636  C  0  0  0  0  0
   -6.5885    3.0121    4.1250  C  0  0  0  0  0
   -5.9103    3.1823    2.8943  C  0  0  0  0  0
   -6.5947    3.1388    1.6918  C  0  0  0  0  0
   -7.9849    3.0114    1.7486  C  0  0  0  0  0
   -8.6599    2.8788    2.9830  C  0  0  0  0  0
   -7.9611    2.8592    4.1896  C  0  0  0  0  0
   -3.0102    3.7463    5.2599  C  0  0  0  0  0
   -1.8853    3.7946    4.3962  C  0  0  0  0  0
   -2.0118    3.8893    2.8853  C  0  0  0  0  0
   -3.4583    4.1014    2.3610  C  0  0  0  0  0
   -3.7814    5.6200    2.4244  N  0  0  0  0  0
   -3.9233    6.1944    3.8130  C  0  0  0  0  0
   -4.8240    5.3265    4.6733  C  0  0  0  0  0
   -0.5958    3.7446    4.9392  C  0  0  0  0  0
   -0.4024    3.7038    6.3202  C  0  0  0  0  0
   -1.4923    3.7140    7.1922  C  0  0  0  0  0
   -2.7972    3.7169    6.6575  C  0  0  0  0  0
  1  6  1  0  0  0
  1  2  1  0  0  0
  2  3  2  0  0  0
  3  4  1  0  0  0
  4 16  1  0  0  0
  4  8  1  0  0  0
  4  5  1  0  0  0
  5 19  1  0  0  0
  5  6  1  0  0  0
  5 13  1  0  0  0
  6  7  1  0  0  0
  7 12  2  0  0  0
  7  8  1  0  0  0
  8  9  2  0  0  0
  9 10  1  0  0  0
 10 11  2  0  0  0
 11 12  1  0  0  0
 13 23  2  0  0  0
 13 14  1  0  0  0
 14 15  1  0  0  0
 14 20  2  0  0  0
 15 16  1  0  0  0
 16 17  1  0  0  0
 17 18  1  0  0  0
 18 19  1  0  0  0
 20 21  1  0  0  0
 21 22  2  0  0  0
 22 23  1  0  0  0
M  END
$$$$
C123C4(c5c(cccc5)CC1NCC4)C(c6c2cccc6)CC=C3
  -ISIS-

 23 28  0  0  0  0  0  0  0  0  1
   -5.0781    1.5047    5.4199  C  0  0  0  0  0
   -4.2826    0.9354    4.2841  C  0  0  0  0  0
   -4.0018    1.7252    3.2300  C  0  0  0  0  0
   -4.4207    3.2202    3.1861  C  0  0  0  0  0
   -4.4270    3.8126    4.6487  C  0  0  0  0  0
   -5.5742    2.9462    5.2636  C  0  0  0  0  0
   -6.5885    3.0121    4.1250  C  0  0  0  0  0
   -5.9103    3.1823    2.8943  C  0  0  0  0  0
   -6.5947    3.1388    1.6918  C  0  0  0  0  0
   -7.9849    3.0114    1.7486  C  0  0  0  0  0
   -8.6599    2.8788    2.9830  C  0  0  0  0  0
   -7.9611    2.8592    4.1896  C  0  0  0  0  0
   -3.0102    3.7463    5.2599  C  0  0  0  0  0
   -1.8853    3.7946    4.3962  C  0  0  0  0  0
   -2.0118    3.8893    2.8853  C  0  0  0  0  0
   -3.4583    4.1014    2.3610  C  0  0  0  0  0
   -3.7814    5.6200    2.4244  N  0  0  0  0  0
   -3.9233    6.1944    3.8130  C  0  0  0  0  0
   -4.8240    5.3265    4.6733  C  0  0  0  0  0
   -0.5958    3.7446    4.9392  C  0  0  0  0  0
   -0.4024    3.7038    6.3202  C  0  0  0  0  0
   -1.4923    3.7140    7.1922  C  0  0  0  0  0
   -2.7972    3.7169    6.6575  C  0  0  0  0  0
  1  6  1  0  0  0
  1  2  1  0  0  0
  2  3  2  0  0  0
  3  4  1  0  0  0
  4 16  1  0  0  0
  4  8  1  0  0  0
  4  5  1  0  0  0
  5 19  1  0  0  0
  5  6  1  0  0  0
  5 13  1  0  0  0
  6  7  1  0  0  0
  7 12  2  0  0  0
  7  8  1  0  0  0
  8  9  2  0  0  0
  9 10  1  0  0  0
 10 11  2  0  0  0
 11 12  1  0  0  0
 13 23  2  0  0  0
 13 14  1  0  0  0
 14 15  1  0  0  0
 14 20  2  0  0  0
 15 16  1  0  0  0
 16 17  1  0  0  0
 17 18  1  0  0  0
 18 19  1  0  0  0
 20 21  1  0  0  0
 21 22  2  0  0  0
 22 23  1  0  0  0
M  END
$$$$
