C123OC(C=C1)CC2CN4C3OCCC4
  -ISIS-

 14 17  0  0  0  0  0  0  0  0  1
   -3.7295    5.7663    0.4173  C  0  0  0  0  0
   -3.8463    6.6499   -0.6522  N  0  0  0  0  0
   -2.5870    7.2608   -0.9801  C  0  0  0  0  0
   -1.5890    6.2348   -0.4666  C  0  0  0  0  0
   -2.2615    5.6707    0.8020  C  0  0  0  0  0
   -1.6651    4.2588    0.8782  C  0  0  0  0  0
   -0.6541    4.2920   -0.2742  C  0  0  0  0  0
   -1.4538    5.0175   -1.2615  O  0  0  0  0  0
    0.4324    5.3272   -0.0843  C  0  0  0  0  0
   -0.1446    6.5312   -0.2153  C  0  0  0  0  0
   -2.5111    7.5227   -2.3759  O  0  0  0  0  0
   -3.6180    8.2932   -2.8396  C  0  0  0  0  0
   -4.9230    7.5365   -2.6285  C  0  0  0  0  0
   -5.0795    7.1888   -1.1582  C  0  0  0  0  0
  1  5  1  0  0  0
  1  2  1  0  0  0
  2 14  1  0  0  0
  2  3  1  0  0  0
  3  4  1  0  0  0
  3 11  1  0  0  0
  4  8  1  0  0  0
  4 10  1  0  0  0
  4  5  1  0  0  0
  5  6  1  0  0  0
  6  7  1  0  0  0
  7  8  1  0  0  0
  7  9  1  0  0  0
  9 10  2  0  0  0
 11 12  1  0  0  0
 12 13  1  0  0  0
 13 14  1  0  0  0
M  END
$$$$
