C123C(CC4OCC1C4)(CCO2)CCC3
  -ISIS-

 14 17  0  0  0  0  0  0  0  0  1
   -5.9066    1.8995   -5.3415  C  0  0  0  0  0
   -5.1224    3.0364   -6.0500  C  0  0  0  0  0
   -3.6805    2.6332   -6.5464  C  0  0  0  0  0
   -2.6469    2.5654   -5.4139  C  0  0  0  0  0
   -2.6371    4.0445   -5.0249  C  0  0  0  0  0
   -3.9241    4.4807   -4.2923  C  0  0  0  0  0
   -5.2113    4.2650   -5.1212  C  0  0  0  0  0
   -6.5074    4.0115   -4.2886  C  0  0  0  0  0
   -6.5602    2.4993   -4.0927  C  0  0  0  0  0
   -5.4947    5.4319   -6.0771  C  0  0  0  0  0
   -6.1330    4.7560   -7.2526  C  0  0  0  0  0
   -5.9171    3.4090   -7.2031  O  0  0  0  0  0
   -2.5720    4.7281   -6.2869  O  0  0  0  0  0
   -3.0098    3.8010   -7.3045  C  0  0  0  0  0
  1  9  1  0  0  0
  1  2  1  0  0  0
  2  7  1  0  0  0
  2 12  1  0  0  0
  2  3  1  0  0  0
  3 14  1  0  0  0
  3  4  1  0  0  0
  4  5  1  0  0  0
  5  6  1  0  0  0
  5 13  1  0  0  0
  6  7  1  0  0  0
  7  8  1  0  0  0
  7 10  1  0  0  0
  8  9  1  0  0  0
 10 11  1  0  0  0
 11 12  1  0  0  0
 13 14  1  0  0  0
M  END
$$$$
