C123C(C4C(CC1)CCCC4)CCC(C2)CC3
  -ISIS-

 16 19  0  0  0  0  0  0  0  0  1
    0.4851   -3.5331   -2.7035  C  0  0  0  0  0
    1.6280   -4.2557   -3.3970  C  0  0  0  0  0
    1.2151   -4.5951   -4.8373  C  0  0  0  0  0
    0.6514   -3.3842   -5.5988  C  0  0  0  0  0
    1.4673   -2.0872   -5.3592  C  0  0  0  0  0
    1.8143   -1.9045   -3.8428  C  0  0  0  0  0
    0.5956   -2.0320   -2.8907  C  0  0  0  0  0
    2.6579   -3.1250   -3.4028  C  0  0  0  0  0
    2.6214   -0.6255   -3.6077  C  0  0  0  0  0
    1.9932    0.6069   -4.2421  C  0  0  0  0  0
    1.8072    0.4293   -5.7632  C  0  0  0  0  0
    1.4302    1.7539   -6.5265  C  0  0  0  0  0
    0.8790    1.4453   -7.9457  C  0  0  0  0  0
    1.3874    0.1205   -8.4920  C  0  0  0  0  0
    0.9446   -1.0700   -7.6401  C  0  0  0  0  0
    0.8948   -0.8040   -6.0969  C  0  0  0  0  0
  1  7  1  0  0  0
  1  2  1  0  0  0
  2  8  1  0  0  0
  2  3  1  0  0  0
  3  4  1  0  0  0
  4  5  1  0  0  0
  5 16  1  0  0  0
  5  6  1  0  0  0
  6  7  1  0  0  0
  6  8  1  0  0  0
  6  9  1  0  0  0
  9 10  1  0  0  0
 10 11  1  0  0  0
 11 16  1  0  0  0
 11 12  1  0  0  0
 12 13  1  0  0  0
 13 14  1  0  0  0
 14 15  1  0  0  0
 15 16  1  0  0  0
M  END
$$$$
