C123C4C(C5C(CC4)CCC5)CCC1CCC(OC2)C3
  -ISIS-

 19 23  0  0  0  0  0  0  0  0  1
    0.6570   -5.7841    9.9264  C  0  0  0  0  0
    1.9138   -5.8466    9.0322  C  0  0  0  0  0
    1.9528   -4.7092    8.0191  C  0  0  0  0  0
    2.2429   -3.5391    8.9554  C  0  0  0  0  0
    0.9206   -3.2855    9.7731  C  0  0  0  0  0
    0.5736   -4.4579   10.6977  C  0  0  0  0  0
    0.9592   -1.9313   10.4913  C  0  0  0  0  0
    1.0559   -0.7650    9.4864  C  0  0  0  0  0
    1.6055   -1.2094    8.1195  C  0  0  0  0  0
    2.7643   -2.2135    8.3336  C  0  0  0  0  0
    3.6258   -2.3365    7.0695  C  0  0  0  0  0
    4.2943   -1.0003    6.6664  C  0  0  0  0  0
    3.4708    0.2620    7.0333  C  0  0  0  0  0
    1.9745   -0.1044    7.1172  C  0  0  0  0  0
    1.2513    1.2372    7.1734  C  0  0  0  0  0
    2.1289    2.1878    6.3392  C  0  0  0  0  0
    3.4156    1.4057    5.9602  C  0  0  0  0  0
    3.3493   -4.1945    9.8159  C  0  0  0  0  0
    3.0560   -5.6045    9.8871  O  0  0  0  0  0
  1  6  1  0  0  0
  1  2  1  0  0  0
  2 19  1  0  0  0
  2  3  1  0  0  0
  3  4  1  0  0  0
  4 10  1  0  0  0
  4  5  1  0  0  0
  4 18  1  0  0  0
  5  6  1  0  0  0
  5  7  1  0  0  0
  7  8  1  0  0  0
  8  9  1  0  0  0
  9 14  1  0  0  0
  9 10  1  0  0  0
 10 11  1  0  0  0
 11 12  1  0  0  0
 12 13  1  0  0  0
 13 17  1  0  0  0
 13 14  1  0  0  0
 14 15  1  0  0  0
 15 16  1  0  0  0
 16 17  1  0  0  0
 18 19  1  0  0  0
M  END
$$$$
C123C4C(C5C(CC4)CCC5)CCC1CCC(OC2)C3
  -ISIS-

 19 23  0  0  0  0  0  0  0  0  1
    0.6570   -5.7841    9.9264  C  0  0  0  0  0
    1.9138   -5.8466    9.0322  C  0  0  0  0  0
    1.9528   -4.7092    8.0191  C  0  0  0  0  0
    2.2429   -3.5391    8.9554  C  0  0  0  0  0
    0.9206   -3.2855    9.7731  C  0  0  0  0  0
    0.5736   -4.4579   10.6977  C  0  0  0  0  0
    0.9592   -1.9313   10.4913  C  0  0  0  0  0
    1.0559   -0.7650    9.4864  C  0  0  0  0  0
    1.6055   -1.2094    8.1195  C  0  0  0  0  0
    2.7643   -2.2135    8.3336  C  0  0  0  0  0
    3.6258   -2.3365    7.0695  C  0  0  0  0  0
    4.2943   -1.0003    6.6664  C  0  0  0  0  0
    3.4708    0.2620    7.0333  C  0  0  0  0  0
    1.9745   -0.1044    7.1172  C  0  0  0  0  0
    1.2513    1.2372    7.1734  C  0  0  0  0  0
    2.1289    2.1878    6.3392  C  0  0  0  0  0
    3.4156    1.4057    5.9602  C  0  0  0  0  0
    3.3493   -4.1945    9.8159  C  0  0  0  0  0
    3.0560   -5.6045    9.8871  O  0  0  0  0  0
  1  6  1  0  0  0
  1  2  1  0  0  0
  2 19  1  0  0  0
  2  3  1  0  0  0
  3  4  1  0  0  0
  4 10  1  0  0  0
  4  5  1  0  0  0
  4 18  1  0  0  0
  5  6  1  0  0  0
  5  7  1  0  0  0
  7  8  1  0  0  0
  8  9  1  0  0  0
  9 14  1  0  0  0
  9 10  1  0  0  0
 10 11  1  0  0  0
 11 12  1  0  0  0
 12 13  1  0  0  0
 13 17  1  0  0  0
 13 14  1  0  0  0
 14 15  1  0  0  0
 15 16  1  0  0  0
 16 17  1  0  0  0
 18 19  1  0  0  0
M  END
$$$$
C123C4C(C5C(CC4)CCC5)CCC1CCC(OC2)C3
  -ISIS-

 19 23  0  0  0  0  0  0  0  0  1
    0.6570   -5.7841    9.9264  C  0  0  0  0  0
    1.9138   -5.8466    9.0322  C  0  0  0  0  0
    1.9528   -4.7092    8.0191  C  0  0  0  0  0
    2.2429   -3.5391    8.9554  C  0  0  0  0  0
    0.9206   -3.2855    9.7731  C  0  0  0  0  0
    0.5736   -4.4579   10.6977  C  0  0  0  0  0
    0.9592   -1.9313   10.4913  C  0  0  0  0  0
    1.0559   -0.7650    9.4864  C  0  0  0  0  0
    1.6055   -1.2094    8.1195  C  0  0  0  0  0
    2.7643   -2.2135    8.3336  C  0  0  0  0  0
    3.6258   -2.3365    7.0695  C  0  0  0  0  0
    4.2943   -1.0003    6.6664  C  0  0  0  0  0
    3.4708    0.2620    7.0333  C  0  0  0  0  0
    1.9745   -0.1044    7.1172  C  0  0  0  0  0
    1.2513    1.2372    7.1734  C  0  0  0  0  0
    2.1289    2.1878    6.3392  C  0  0  0  0  0
    3.4156    1.4057    5.9602  C  0  0  0  0  0
    3.3493   -4.1945    9.8159  C  0  0  0  0  0
    3.0560   -5.6045    9.8871  O  0  0  0  0  0
  1  6  1  0  0  0
  1  2  1  0  0  0
  2 19  1  0  0  0
  2  3  1  0  0  0
  3  4  1  0  0  0
  4 10  1  0  0  0
  4  5  1  0  0  0
  4 18  1  0  0  0
  5  6  1  0  0  0
  5  7  1  0  0  0
  7  8  1  0  0  0
  8  9  1  0  0  0
  9 14  1  0  0  0
  9 10  1  0  0  0
 10 11  1  0  0  0
 11 12  1  0  0  0
 12 13  1  0  0  0
 13 17  1  0  0  0
 13 14  1  0  0  0
 14 15  1  0  0  0
 15 16  1  0  0  0
 16 17  1  0  0  0
 18 19  1  0  0  0
M  END
$$$$
