C123C(C1)CNCC2CC3
  -ISIS-

  9 11  0  0  0  0  0  0  0  0  1
   13.1603    5.5197   -3.9483  N  0  0  0  0  0
   14.2675    4.5015   -3.7831  C  0  0  0  0  0
   14.9361    4.0821   -5.0985  C  0  0  0  0  0
   14.9175    5.1192   -6.1854  C  0  0  0  0  0
   15.7042    6.3894   -6.3346  C  0  0  0  0  0
   14.2066    6.4406   -6.0200  C  0  0  0  0  0
   13.6310    6.7527   -4.6770  C  0  0  0  0  0
   14.5677    4.1202   -7.2305  C  0  0  0  0  0
   14.0285    3.2690   -6.0684  C  0  0  0  0  0
  1  7  1  0  0  0
  1  2  1  0  0  0
  2  3  1  0  0  0
  3  9  1  0  0  0
  3  4  1  0  0  0
  4  6  1  0  0  0
  4  5  1  0  0  0
  4  8  1  0  0  0
  5  6  1  0  0  0
  6  7  1  0  0  0
  8  9  1  0  0  0
M  END
$$$$
C123C(C1)CNCC2CC3
  -ISIS-

  9 11  0  0  0  0  0  0  0  0  1
    4.4396   -0.2588    9.1486  C  0  0  0  0  0
    3.4907    0.6023    8.3217  C  0  0  0  0  0
    3.4342   -0.9122    8.2321  C  0  0  0  0  0
    3.5440   -1.5586    6.8878  C  0  0  0  0  0
    3.1501   -0.6001    5.7609  C  0  0  0  0  0
    3.9000    0.7118    5.7801  N  0  0  0  0  0
    3.9083    1.4095    7.1283  C  0  0  0  0  0
    2.3790   -2.4756    7.3349  C  0  0  0  0  0
    2.2432   -1.7025    8.6435  C  0  0  0  0  0
  1  3  1  0  0  0
  1  2  1  0  0  0
  2  7  1  0  0  0
  2  3  1  0  0  0
  3  9  1  0  0  0
  3  4  1  0  0  0
  4  5  1  0  0  0
  4  8  1  0  0  0
  5  6  1  0  0  0
  6  7  1  0  0  0
  8  9  1  0  0  0
M  END
$$$$
C123C(C1)CNCC2CC3
  -ISIS-

  9 11  0  0  0  0  0  0  0  0  1
   13.1603    5.5197   -3.9483  N  0  0  0  0  0
   14.2675    4.5015   -3.7831  C  0  0  0  0  0
   14.9361    4.0821   -5.0985  C  0  0  0  0  0
   14.9175    5.1192   -6.1854  C  0  0  0  0  0
   15.7042    6.3894   -6.3346  C  0  0  0  0  0
   14.2066    6.4406   -6.0200  C  0  0  0  0  0
   13.6310    6.7527   -4.6770  C  0  0  0  0  0
   14.5677    4.1202   -7.2305  C  0  0  0  0  0
   14.0285    3.2690   -6.0684  C  0  0  0  0  0
  1  7  1  0  0  0
  1  2  1  0  0  0
  2  3  1  0  0  0
  3  9  1  0  0  0
  3  4  1  0  0  0
  4  6  1  0  0  0
  4  5  1  0  0  0
  4  8  1  0  0  0
  5  6  1  0  0  0
  6  7  1  0  0  0
  8  9  1  0  0  0
M  END
$$$$
C123C(C1)CNCC2CC3
  -ISIS-

  9 11  0  0  0  0  0  0  0  0  1
   13.1603    5.5197   -3.9483  N  0  0  0  0  0
   14.2675    4.5015   -3.7831  C  0  0  0  0  0
   14.9361    4.0821   -5.0985  C  0  0  0  0  0
   14.9175    5.1192   -6.1854  C  0  0  0  0  0
   15.7042    6.3894   -6.3346  C  0  0  0  0  0
   14.2066    6.4406   -6.0200  C  0  0  0  0  0
   13.6310    6.7527   -4.6770  C  0  0  0  0  0
   14.5677    4.1202   -7.2305  C  0  0  0  0  0
   14.0285    3.2690   -6.0684  C  0  0  0  0  0
  1  7  1  0  0  0
  1  2  1  0  0  0
  2  3  1  0  0  0
  3  9  1  0  0  0
  3  4  1  0  0  0
  4  6  1  0  0  0
  4  5  1  0  0  0
  4  8  1  0  0  0
  5  6  1  0  0  0
  6  7  1  0  0  0
  8  9  1  0  0  0
M  END
$$$$
C123C(C1)CNCC2CC3
  -ISIS-

  9 11  0  0  0  0  0  0  0  0  1
    4.4396   -0.2588    9.1486  C  0  0  0  0  0
    3.4907    0.6023    8.3217  C  0  0  0  0  0
    3.4342   -0.9122    8.2321  C  0  0  0  0  0
    3.5440   -1.5586    6.8878  C  0  0  0  0  0
    3.1501   -0.6001    5.7609  C  0  0  0  0  0
    3.9000    0.7118    5.7801  N  0  0  0  0  0
    3.9083    1.4095    7.1283  C  0  0  0  0  0
    2.3790   -2.4756    7.3349  C  0  0  0  0  0
    2.2432   -1.7025    8.6435  C  0  0  0  0  0
  1  3  1  0  0  0
  1  2  1  0  0  0
  2  7  1  0  0  0
  2  3  1  0  0  0
  3  9  1  0  0  0
  3  4  1  0  0  0
  4  5  1  0  0  0
  4  8  1  0  0  0
  5  6  1  0  0  0
  6  7  1  0  0  0
  8  9  1  0  0  0
M  END
$$$$
C123C(C1)CNCC2CC3
  -ISIS-

  9 11  0  0  0  0  0  0  0  0  1
    4.4396   -0.2588    9.1486  C  0  0  0  0  0
    3.4907    0.6023    8.3217  C  0  0  0  0  0
    3.4342   -0.9122    8.2321  C  0  0  0  0  0
    3.5440   -1.5586    6.8878  C  0  0  0  0  0
    3.1501   -0.6001    5.7609  C  0  0  0  0  0
    3.9000    0.7118    5.7801  N  0  0  0  0  0
    3.9083    1.4095    7.1283  C  0  0  0  0  0
    2.3790   -2.4756    7.3349  C  0  0  0  0  0
    2.2432   -1.7025    8.6435  C  0  0  0  0  0
  1  3  1  0  0  0
  1  2  1  0  0  0
  2  7  1  0  0  0
  2  3  1  0  0  0
  3  9  1  0  0  0
  3  4  1  0  0  0
  4  5  1  0  0  0
  4  8  1  0  0  0
  5  6  1  0  0  0
  6  7  1  0  0  0
  8  9  1  0  0  0
M  END
$$$$
