C123C(CCC1)(CCC2)CCC3
  -ISIS-

 11 13  0  0  0  0  0  0  0  0  1
    1.1748    1.8027    3.1052  C  0  0  0  0  0
    2.2313    1.9510    4.1942  C  0  0  0  0  0
    3.2109    0.7904    3.9452  C  0  0  0  0  0
    2.8697   -0.4763    4.7561  C  0  0  0  0  0
    3.0222   -1.6293    3.7735  C  0  0  0  0  0
    2.4568   -1.0510    2.4860  C  0  0  0  0  0
    3.0106    0.3865    2.4445  C  0  0  0  0  0
    1.9946    1.3928    1.8867  C  0  0  0  0  0
    4.3746    0.4503    1.7303  C  0  0  0  0  0
    5.3142    1.0283    2.7465  C  0  0  0  0  0
    4.6483    1.2053    4.0621  C  0  0  0  0  0
  1  8  1  0  0  0
  1  2  1  0  0  0
  2  3  1  0  0  0
  3  7  1  0  0  0
  3 11  1  0  0  0
  3  4  1  0  0  0
  4  5  1  0  0  0
  5  6  1  0  0  0
  6  7  1  0  0  0
  7  8  1  0  0  0
  7  9  1  0  0  0
  9 10  1  0  0  0
 10 11  1  0  0  0
M  END
$$$$
C123C(CCC1)(CCC2)CCC3
  -ISIS-

 11 13  0  0  0  0  0  0  0  0  1
    1.1748    1.8027    3.1052  C  0  0  0  0  0
    2.2313    1.9510    4.1942  C  0  0  0  0  0
    3.2109    0.7904    3.9452  C  0  0  0  0  0
    2.8697   -0.4763    4.7561  C  0  0  0  0  0
    3.0222   -1.6293    3.7735  C  0  0  0  0  0
    2.4568   -1.0510    2.4860  C  0  0  0  0  0
    3.0106    0.3865    2.4445  C  0  0  0  0  0
    1.9946    1.3928    1.8867  C  0  0  0  0  0
    4.3746    0.4503    1.7303  C  0  0  0  0  0
    5.3142    1.0283    2.7465  C  0  0  0  0  0
    4.6483    1.2053    4.0621  C  0  0  0  0  0
  1  8  1  0  0  0
  1  2  1  0  0  0
  2  3  1  0  0  0
  3  7  1  0  0  0
  3 11  1  0  0  0
  3  4  1  0  0  0
  4  5  1  0  0  0
  5  6  1  0  0  0
  6  7  1  0  0  0
  7  8  1  0  0  0
  7  9  1  0  0  0
  9 10  1  0  0  0
 10 11  1  0  0  0
M  END
$$$$
C123C(CCC1)(CCC2)CCC3
  -ISIS-

 11 13  0  0  0  0  0  0  0  0  1
    1.1748    1.8027    3.1052  C  0  0  0  0  0
    2.2313    1.9510    4.1942  C  0  0  0  0  0
    3.2109    0.7904    3.9452  C  0  0  0  0  0
    2.8697   -0.4763    4.7561  C  0  0  0  0  0
    3.0222   -1.6293    3.7735  C  0  0  0  0  0
    2.4568   -1.0510    2.4860  C  0  0  0  0  0
    3.0106    0.3865    2.4445  C  0  0  0  0  0
    1.9946    1.3928    1.8867  C  0  0  0  0  0
    4.3746    0.4503    1.7303  C  0  0  0  0  0
    5.3142    1.0283    2.7465  C  0  0  0  0  0
    4.6483    1.2053    4.0621  C  0  0  0  0  0
  1  8  1  0  0  0
  1  2  1  0  0  0
  2  3  1  0  0  0
  3  7  1  0  0  0
  3 11  1  0  0  0
  3  4  1  0  0  0
  4  5  1  0  0  0
  5  6  1  0  0  0
  6  7  1  0  0  0
  7  8  1  0  0  0
  7  9  1  0  0  0
  9 10  1  0  0  0
 10 11  1  0  0  0
M  END
$$$$
C123C(CCC1)(CCC2)CCC3
  -ISIS-

 11 13  0  0  0  0  0  0  0  0  1
   -4.2881    6.6409    2.9611  C  0  0  0  0  0
   -3.8644    5.5633    2.0239  C  0  0  0  0  0
   -4.2491    5.9029    0.6121  C  0  0  0  0  0
   -4.5695    7.4067    0.6789  C  0  0  0  0  0
   -5.8300    7.7785   -0.1415  C  0  0  0  0  0
   -6.8720    8.3089    0.8536  C  0  0  0  0  0
   -6.4289    7.7608    2.2082  C  0  0  0  0  0
   -4.8965    7.7571    2.1556  C  0  0  0  0  0
   -4.2320    9.1306    2.4155  C  0  0  0  0  0
   -3.6072    9.5740    1.0940  C  0  0  0  0  0
   -3.3512    8.2785    0.3428  C  0  0  0  0  0
  1  8  1  0  0  0
  1  2  1  0  0  0
  2  3  1  0  0  0
  3  4  1  0  0  0
  4  8  1  0  0  0
  4 11  1  0  0  0
  4  5  1  0  0  0
  5  6  1  0  0  0
  6  7  1  0  0  0
  7  8  1  0  0  0
  8  9  1  0  0  0
  9 10  1  0  0  0
 10 11  1  0  0  0
M  END
$$$$
C123C(CCC1)(CCC2)CCC3
  -ISIS-

 11 13  0  0  0  0  0  0  0  0  1
   -4.2881    6.6409    2.9611  C  0  0  0  0  0
   -3.8644    5.5633    2.0239  C  0  0  0  0  0
   -4.2491    5.9029    0.6121  C  0  0  0  0  0
   -4.5695    7.4067    0.6789  C  0  0  0  0  0
   -5.8300    7.7785   -0.1415  C  0  0  0  0  0
   -6.8720    8.3089    0.8536  C  0  0  0  0  0
   -6.4289    7.7608    2.2082  C  0  0  0  0  0
   -4.8965    7.7571    2.1556  C  0  0  0  0  0
   -4.2320    9.1306    2.4155  C  0  0  0  0  0
   -3.6072    9.5740    1.0940  C  0  0  0  0  0
   -3.3512    8.2785    0.3428  C  0  0  0  0  0
  1  8  1  0  0  0
  1  2  1  0  0  0
  2  3  1  0  0  0
  3  4  1  0  0  0
  4  8  1  0  0  0
  4 11  1  0  0  0
  4  5  1  0  0  0
  5  6  1  0  0  0
  6  7  1  0  0  0
  7  8  1  0  0  0
  8  9  1  0  0  0
  9 10  1  0  0  0
 10 11  1  0  0  0
M  END
$$$$
C123C(CCC1)(CCC2)CCC3
  -ISIS-

 11 13  0  0  0  0  0  0  0  0  1
   -4.2881    6.6409    2.9611  C  0  0  0  0  0
   -3.8644    5.5633    2.0239  C  0  0  0  0  0
   -4.2491    5.9029    0.6121  C  0  0  0  0  0
   -4.5695    7.4067    0.6789  C  0  0  0  0  0
   -5.8300    7.7785   -0.1415  C  0  0  0  0  0
   -6.8720    8.3089    0.8536  C  0  0  0  0  0
   -6.4289    7.7608    2.2082  C  0  0  0  0  0
   -4.8965    7.7571    2.1556  C  0  0  0  0  0
   -4.2320    9.1306    2.4155  C  0  0  0  0  0
   -3.6072    9.5740    1.0940  C  0  0  0  0  0
   -3.3512    8.2785    0.3428  C  0  0  0  0  0
  1  8  1  0  0  0
  1  2  1  0  0  0
  2  3  1  0  0  0
  3  4  1  0  0  0
  4  8  1  0  0  0
  4 11  1  0  0  0
  4  5  1  0  0  0
  5  6  1  0  0  0
  6  7  1  0  0  0
  7  8  1  0  0  0
  8  9  1  0  0  0
  9 10  1  0  0  0
 10 11  1  0  0  0
M  END
$$$$
C123C(CCC1)(CCC2)CCC3
  -ISIS-

 11 13  0  0  0  0  0  0  0  0  1
    4.5095    3.5953    6.0037  C  0  0  0  0  0
    3.9026    3.0741    4.7244  C  0  0  0  0  0
    4.6759    1.7698    4.4926  C  0  0  0  0  0
    5.1192    1.2986    5.8906  C  0  0  0  0  0
    5.3843    2.5784    6.6949  C  0  0  0  0  0
    3.9553    0.4669    6.4423  C  0  0  0  0  0
    3.2719   -0.0217    5.1888  C  0  0  0  0  0
    3.7996    0.6379    3.9385  C  0  0  0  0  0
    6.3807    0.4766    5.6139  C  0  0  0  0  0
    7.0706    1.1943    4.4576  C  0  0  0  0  0
    5.9807    1.9595    3.7001  C  0  0  0  0  0
  1  5  1  0  0  0
  1  2  1  0  0  0
  2  3  1  0  0  0
  3  8  1  0  0  0
  3 11  1  0  0  0
  3  4  1  0  0  0
  4  5  1  0  0  0
  4  6  1  0  0  0
  4  9  1  0  0  0
  6  7  1  0  0  0
  7  8  1  0  0  0
  9 10  1  0  0  0
 10 11  1  0  0  0
M  END
$$$$
C123C(CCC1)(CCC2)CCC3
  -ISIS-

 11 13  0  0  0  0  0  0  0  0  1
    4.5095    3.5953    6.0037  C  0  0  0  0  0
    3.9026    3.0741    4.7244  C  0  0  0  0  0
    4.6759    1.7698    4.4926  C  0  0  0  0  0
    5.1192    1.2986    5.8906  C  0  0  0  0  0
    5.3843    2.5784    6.6949  C  0  0  0  0  0
    3.9553    0.4669    6.4423  C  0  0  0  0  0
    3.2719   -0.0217    5.1888  C  0  0  0  0  0
    3.7996    0.6379    3.9385  C  0  0  0  0  0
    6.3807    0.4766    5.6139  C  0  0  0  0  0
    7.0706    1.1943    4.4576  C  0  0  0  0  0
    5.9807    1.9595    3.7001  C  0  0  0  0  0
  1  5  1  0  0  0
  1  2  1  0  0  0
  2  3  1  0  0  0
  3  8  1  0  0  0
  3 11  1  0  0  0
  3  4  1  0  0  0
  4  5  1  0  0  0
  4  6  1  0  0  0
  4  9  1  0  0  0
  6  7  1  0  0  0
  7  8  1  0  0  0
  9 10  1  0  0  0
 10 11  1  0  0  0
M  END
$$$$
C123C(CCC1)(CCC2)CCC3
  -ISIS-

 11 13  0  0  0  0  0  0  0  0  1
   -2.2565    1.2093    3.0385  C  0  0  0  0  0
   -3.3989    0.3907    3.5780  C  0  0  0  0  0
   -4.7020    0.6429    2.8603  C  0  0  0  0  0
   -4.3028    1.4868    1.6146  C  0  0  0  0  0
   -2.9607    2.1841    2.0440  C  0  0  0  0  0
   -2.1734    2.4529    0.7323  C  0  0  0  0  0
   -2.7079    1.3932   -0.1977  C  0  0  0  0  0
   -3.9270    0.6793    0.3389  C  0  0  0  0  0
   -3.4268    3.4450    2.8093  C  0  0  0  0  0
   -4.8181    3.8056    2.3016  C  0  0  0  0  0
   -5.2543    2.6906    1.3443  C  0  0  0  0  0
  1  5  1  0  0  0
  1  2  1  0  0  0
  2  3  1  0  0  0
  3  4  1  0  0  0
  4  8  1  0  0  0
  4 11  1  0  0  0
  4  5  1  0  0  0
  5  6  1  0  0  0
  5  9  1  0  0  0
  6  7  1  0  0  0
  7  8  1  0  0  0
  9 10  1  0  0  0
 10 11  1  0  0  0
M  END
$$$$
C123C(CCC1)(CCC2)CCC3
  -ISIS-

 11 13  0  0  0  0  0  0  0  0  1
   -2.2565    1.2093    3.0385  C  0  0  0  0  0
   -3.3989    0.3907    3.5780  C  0  0  0  0  0
   -4.7020    0.6429    2.8603  C  0  0  0  0  0
   -4.3028    1.4868    1.6146  C  0  0  0  0  0
   -2.9607    2.1841    2.0440  C  0  0  0  0  0
   -2.1734    2.4529    0.7323  C  0  0  0  0  0
   -2.7079    1.3932   -0.1977  C  0  0  0  0  0
   -3.9270    0.6793    0.3389  C  0  0  0  0  0
   -3.4268    3.4450    2.8093  C  0  0  0  0  0
   -4.8181    3.8056    2.3016  C  0  0  0  0  0
   -5.2543    2.6906    1.3443  C  0  0  0  0  0
  1  5  1  0  0  0
  1  2  1  0  0  0
  2  3  1  0  0  0
  3  4  1  0  0  0
  4  8  1  0  0  0
  4 11  1  0  0  0
  4  5  1  0  0  0
  5  6  1  0  0  0
  5  9  1  0  0  0
  6  7  1  0  0  0
  7  8  1  0  0  0
  9 10  1  0  0  0
 10 11  1  0  0  0
M  END
$$$$
C123C(CCC1)(CCC2)CCC3
  -ISIS-

 11 13  0  0  0  0  0  0  0  0  1
   -2.2565    1.2093    3.0385  C  0  0  0  0  0
   -3.3989    0.3907    3.5780  C  0  0  0  0  0
   -4.7020    0.6429    2.8603  C  0  0  0  0  0
   -4.3028    1.4868    1.6146  C  0  0  0  0  0
   -2.9607    2.1841    2.0440  C  0  0  0  0  0
   -2.1734    2.4529    0.7323  C  0  0  0  0  0
   -2.7079    1.3932   -0.1977  C  0  0  0  0  0
   -3.9270    0.6793    0.3389  C  0  0  0  0  0
   -3.4268    3.4450    2.8093  C  0  0  0  0  0
   -4.8181    3.8056    2.3016  C  0  0  0  0  0
   -5.2543    2.6906    1.3443  C  0  0  0  0  0
  1  5  1  0  0  0
  1  2  1  0  0  0
  2  3  1  0  0  0
  3  4  1  0  0  0
  4  8  1  0  0  0
  4 11  1  0  0  0
  4  5  1  0  0  0
  5  6  1  0  0  0
  5  9  1  0  0  0
  6  7  1  0  0  0
  7  8  1  0  0  0
  9 10  1  0  0  0
 10 11  1  0  0  0
M  END
$$$$
C123C(CCC1)(CCC2)CCC3
  -ISIS-

 11 13  0  0  0  0  0  0  0  0  1
   -2.2565    1.2093    3.0385  C  0  0  0  0  0
   -3.3989    0.3907    3.5780  C  0  0  0  0  0
   -4.7020    0.6429    2.8603  C  0  0  0  0  0
   -4.3028    1.4868    1.6146  C  0  0  0  0  0
   -2.9607    2.1841    2.0440  C  0  0  0  0  0
   -2.1734    2.4529    0.7323  C  0  0  0  0  0
   -2.7079    1.3932   -0.1977  C  0  0  0  0  0
   -3.9270    0.6793    0.3389  C  0  0  0  0  0
   -3.4268    3.4450    2.8093  C  0  0  0  0  0
   -4.8181    3.8056    2.3016  C  0  0  0  0  0
   -5.2543    2.6906    1.3443  C  0  0  0  0  0
  1  5  1  0  0  0
  1  2  1  0  0  0
  2  3  1  0  0  0
  3  4  1  0  0  0
  4  8  1  0  0  0
  4 11  1  0  0  0
  4  5  1  0  0  0
  5  6  1  0  0  0
  5  9  1  0  0  0
  6  7  1  0  0  0
  7  8  1  0  0  0
  9 10  1  0  0  0
 10 11  1  0  0  0
M  END
$$$$
C123C(CCC1)(CCC2)CCC3
  -ISIS-

 11 13  0  0  0  0  0  0  0  0  1
   -2.2565    1.2093    3.0385  C  0  0  0  0  0
   -3.3989    0.3907    3.5780  C  0  0  0  0  0
   -4.7020    0.6429    2.8603  C  0  0  0  0  0
   -4.3028    1.4868    1.6146  C  0  0  0  0  0
   -2.9607    2.1841    2.0440  C  0  0  0  0  0
   -2.1734    2.4529    0.7323  C  0  0  0  0  0
   -2.7079    1.3932   -0.1977  C  0  0  0  0  0
   -3.9270    0.6793    0.3389  C  0  0  0  0  0
   -3.4268    3.4450    2.8093  C  0  0  0  0  0
   -4.8181    3.8056    2.3016  C  0  0  0  0  0
   -5.2543    2.6906    1.3443  C  0  0  0  0  0
  1  5  1  0  0  0
  1  2  1  0  0  0
  2  3  1  0  0  0
  3  4  1  0  0  0
  4  8  1  0  0  0
  4 11  1  0  0  0
  4  5  1  0  0  0
  5  6  1  0  0  0
  5  9  1  0  0  0
  6  7  1  0  0  0
  7  8  1  0  0  0
  9 10  1  0  0  0
 10 11  1  0  0  0
M  END
$$$$
C123C(CCC1)(CCC2)CCC3
  -ISIS-

 11 13  0  0  0  0  0  0  0  0  1
   -2.2565    1.2093    3.0385  C  0  0  0  0  0
   -3.3989    0.3907    3.5780  C  0  0  0  0  0
   -4.7020    0.6429    2.8603  C  0  0  0  0  0
   -4.3028    1.4868    1.6146  C  0  0  0  0  0
   -2.9607    2.1841    2.0440  C  0  0  0  0  0
   -2.1734    2.4529    0.7323  C  0  0  0  0  0
   -2.7079    1.3932   -0.1977  C  0  0  0  0  0
   -3.9270    0.6793    0.3389  C  0  0  0  0  0
   -3.4268    3.4450    2.8093  C  0  0  0  0  0
   -4.8181    3.8056    2.3016  C  0  0  0  0  0
   -5.2543    2.6906    1.3443  C  0  0  0  0  0
  1  5  1  0  0  0
  1  2  1  0  0  0
  2  3  1  0  0  0
  3  4  1  0  0  0
  4  8  1  0  0  0
  4 11  1  0  0  0
  4  5  1  0  0  0
  5  6  1  0  0  0
  5  9  1  0  0  0
  6  7  1  0  0  0
  7  8  1  0  0  0
  9 10  1  0  0  0
 10 11  1  0  0  0
M  END
$$$$
C123C(CCC1)(CCC2)CCC3
  -ISIS-

 11 13  0  0  0  0  0  0  0  0  1
   -2.2565    1.2093    3.0385  C  0  0  0  0  0
   -3.3989    0.3907    3.5780  C  0  0  0  0  0
   -4.7020    0.6429    2.8603  C  0  0  0  0  0
   -4.3028    1.4868    1.6146  C  0  0  0  0  0
   -2.9607    2.1841    2.0440  C  0  0  0  0  0
   -2.1734    2.4529    0.7323  C  0  0  0  0  0
   -2.7079    1.3932   -0.1977  C  0  0  0  0  0
   -3.9270    0.6793    0.3389  C  0  0  0  0  0
   -3.4268    3.4450    2.8093  C  0  0  0  0  0
   -4.8181    3.8056    2.3016  C  0  0  0  0  0
   -5.2543    2.6906    1.3443  C  0  0  0  0  0
  1  5  1  0  0  0
  1  2  1  0  0  0
  2  3  1  0  0  0
  3  4  1  0  0  0
  4  8  1  0  0  0
  4 11  1  0  0  0
  4  5  1  0  0  0
  5  6  1  0  0  0
  5  9  1  0  0  0
  6  7  1  0  0  0
  7  8  1  0  0  0
  9 10  1  0  0  0
 10 11  1  0  0  0
M  END
$$$$
