C123OCC(C1)CCC2CCC=C3
  -ISIS-

 12 14  0  0  0  0  0  0  0  0  1
    4.3248   -3.5909   -0.8713  C  0  0  0  0  0
    5.5629   -2.6942   -0.5322  C  0  0  0  0  0
    6.4690   -3.3750    0.5006  C  0  0  0  0  0
    5.6314   -3.1606    1.7448  C  0  0  0  0  0
    4.4739   -4.1732    1.6773  C  0  0  0  0  0
    3.5972   -4.0634    0.4218  C  0  0  0  0  0
    5.2396   -1.6783    1.5655  C  0  0  0  0  0
    5.0716   -1.5065    0.1369  O  0  0  0  0  0
    6.3554   -2.3322   -1.7713  C  0  0  0  0  0
    6.4014   -3.1488   -2.8391  C  0  0  0  0  0
    5.6756   -4.4435   -2.8615  C  0  0  0  0  0
    4.7864   -4.8166   -1.6911  C  0  0  0  0  0
  1  6  1  0  0  0
  1 12  1  0  0  0
  1  2  1  0  0  0
  2  8  1  0  0  0
  2  3  1  0  0  0
  2  9  1  0  0  0
  3  4  1  0  0  0
  4  5  1  0  0  0
  4  7  1  0  0  0
  5  6  1  0  0  0
  7  8  1  0  0  0
  9 10  2  0  0  0
 10 11  1  0  0  0
 11 12  1  0  0  0
M  END
$$$$
