C12=C(c3c(cccc3)CN1)Cc4c2cccn4
  -ISIS-

 17 20  0  0  0  0  0  0  0  0  1
   -1.2624    0.7505    5.4579  C  0  0  0  0  0
   -0.9447    2.0756    5.7427  N  0  0  0  0  0
   -0.3900    2.9031    4.7256  C  0  0  0  0  0
   -0.2719    2.3256    3.3516  C  0  0  0  0  0
   -0.6965    1.0147    3.0966  C  0  0  0  0  0
   -1.1790    0.2313    4.2197  C  0  0  0  0  0
   -1.6161   -1.1857    4.2621  C  0  0  0  0  0
   -1.8855   -1.4720    5.6707  C  0  0  0  0  0
   -2.2312   -2.6846    6.1474  N  0  0  0  0  0
   -2.3061   -2.7456    7.4923  C  0  0  0  0  0
   -2.0269   -1.6685    8.3324  C  0  0  0  0  0
   -1.6641   -0.4372    7.7715  C  0  0  0  0  0
   -1.6235   -0.3198    6.3919  C  0  0  0  0  0
   -0.6047    0.5135    1.7919  C  0  0  0  0  0
   -0.0986    1.3077    0.7592  C  0  0  0  0  0
    0.3231    2.6089    1.0184  C  0  0  0  0  0
    0.2361    3.1199    2.3122  C  0  0  0  0  0
  1  6  2  0  0  0
  1 13  1  0  0  0
  1  2  1  0  0  0
  2  3  1  0  0  0
  3  4  1  0  0  0
  4 17  2  0  0  0
  4  5  1  0  0  0
  5  6  1  0  0  0
  5 14  2  0  0  0
  6  7  1  0  0  0
  7  8  1  0  0  0
  8 13  2  0  0  0
  8  9  1  0  0  0
  9 10  2  0  0  0
 10 11  1  0  0  0
 11 12  2  0  0  0
 12 13  1  0  0  0
 14 15  1  0  0  0
 15 16  2  0  0  0
 16 17  1  0  0  0
M  END
$$$$
