C12=C(Cc3c(O1)cc4c(OCO4)c3)CCCC2
  -ISIS-

 17 20  0  0  0  0  0  0  0  0  1
    8.4187   -2.6957   -1.0104  C  0  0  0  0  0
    7.5234   -2.7096    0.2454  C  0  0  0  0  0
    6.2740   -3.5603   -0.0339  C  0  0  0  0  0
    5.5673   -3.1941   -1.3249  C  0  0  0  0  0
    6.3388   -2.5230   -2.4075  C  0  0  0  0  0
    7.6660   -2.3610   -2.2676  C  0  0  0  0  0
    8.4718   -1.8416   -3.2710  O  0  0  0  0  0
    7.9490   -1.7211   -4.5388  C  0  0  0  0  0
    6.5689   -1.8588   -4.8036  C  0  0  0  0  0
    5.6027   -2.1115   -3.6552  C  0  0  0  0  0
    6.0997   -1.7321   -6.1234  C  0  0  0  0  0
    7.0213   -1.4694   -7.1146  C  0  0  0  0  0
    6.7427   -1.3149   -8.4363  O  0  0  0  0  0
    8.0605   -1.0600   -8.9646  C  0  0  0  0  0
    9.0940   -1.0696   -7.9575  O  0  0  0  0  0
    8.3618   -1.3293   -6.8412  C  0  0  0  0  0
    8.8595   -1.4473   -5.5623  C  0  0  0  0  0
  1  6  1  0  0  0
  1  2  1  0  0  0
  2  3  1  0  0  0
  3  4  1  0  0  0
  4  5  1  0  0  0
  5 10  1  0  0  0
  5  6  2  0  0  0
  6  7  1  0  0  0
  7  8  1  0  0  0
  8 17  2  0  0  0
  8  9  1  0  0  0
  9 10  1  0  0  0
  9 11  2  0  0  0
 11 12  1  0  0  0
 12 16  2  0  0  0
 12 13  1  0  0  0
 13 14  1  0  0  0
 14 15  1  0  0  0
 15 16  1  0  0  0
 16 17  1  0  0  0
M  END
$$$$
C12=C(Cc3c(O1)cc4c(OCO4)c3)CCCC2
  -ISIS-

 17 20  0  0  0  0  0  0  0  0  1
    8.4187   -2.6957   -1.0104  C  0  0  0  0  0
    7.5234   -2.7096    0.2454  C  0  0  0  0  0
    6.2740   -3.5603   -0.0339  C  0  0  0  0  0
    5.5673   -3.1941   -1.3249  C  0  0  0  0  0
    6.3388   -2.5230   -2.4075  C  0  0  0  0  0
    7.6660   -2.3610   -2.2676  C  0  0  0  0  0
    8.4718   -1.8416   -3.2710  O  0  0  0  0  0
    7.9490   -1.7211   -4.5388  C  0  0  0  0  0
    6.5689   -1.8588   -4.8036  C  0  0  0  0  0
    5.6027   -2.1115   -3.6552  C  0  0  0  0  0
    6.0997   -1.7321   -6.1234  C  0  0  0  0  0
    7.0213   -1.4694   -7.1146  C  0  0  0  0  0
    6.7427   -1.3149   -8.4363  O  0  0  0  0  0
    8.0605   -1.0600   -8.9646  C  0  0  0  0  0
    9.0940   -1.0696   -7.9575  O  0  0  0  0  0
    8.3618   -1.3293   -6.8412  C  0  0  0  0  0
    8.8595   -1.4473   -5.5623  C  0  0  0  0  0
  1  6  1  0  0  0
  1  2  1  0  0  0
  2  3  1  0  0  0
  3  4  1  0  0  0
  4  5  1  0  0  0
  5 10  1  0  0  0
  5  6  2  0  0  0
  6  7  1  0  0  0
  7  8  1  0  0  0
  8 17  2  0  0  0
  8  9  1  0  0  0
  9 10  1  0  0  0
  9 11  2  0  0  0
 11 12  1  0  0  0
 12 16  2  0  0  0
 12 13  1  0  0  0
 13 14  1  0  0  0
 14 15  1  0  0  0
 15 16  1  0  0  0
 16 17  1  0  0  0
M  END
$$$$
C12=C(Cc3c(O1)cc4c(OCO4)c3)CCCC2
  -ISIS-

 17 20  0  0  0  0  0  0  0  0  1
    8.4187   -2.6957   -1.0104  C  0  0  0  0  0
    7.5234   -2.7096    0.2454  C  0  0  0  0  0
    6.2740   -3.5603   -0.0339  C  0  0  0  0  0
    5.5673   -3.1941   -1.3249  C  0  0  0  0  0
    6.3388   -2.5230   -2.4075  C  0  0  0  0  0
    7.6660   -2.3610   -2.2676  C  0  0  0  0  0
    8.4718   -1.8416   -3.2710  O  0  0  0  0  0
    7.9490   -1.7211   -4.5388  C  0  0  0  0  0
    6.5689   -1.8588   -4.8036  C  0  0  0  0  0
    5.6027   -2.1115   -3.6552  C  0  0  0  0  0
    6.0997   -1.7321   -6.1234  C  0  0  0  0  0
    7.0213   -1.4694   -7.1146  C  0  0  0  0  0
    6.7427   -1.3149   -8.4363  O  0  0  0  0  0
    8.0605   -1.0600   -8.9646  C  0  0  0  0  0
    9.0940   -1.0696   -7.9575  O  0  0  0  0  0
    8.3618   -1.3293   -6.8412  C  0  0  0  0  0
    8.8595   -1.4473   -5.5623  C  0  0  0  0  0
  1  6  1  0  0  0
  1  2  1  0  0  0
  2  3  1  0  0  0
  3  4  1  0  0  0
  4  5  1  0  0  0
  5 10  1  0  0  0
  5  6  2  0  0  0
  6  7  1  0  0  0
  7  8  1  0  0  0
  8 17  2  0  0  0
  8  9  1  0  0  0
  9 10  1  0  0  0
  9 11  2  0  0  0
 11 12  1  0  0  0
 12 16  2  0  0  0
 12 13  1  0  0  0
 13 14  1  0  0  0
 14 15  1  0  0  0
 15 16  1  0  0  0
 16 17  1  0  0  0
M  END
$$$$
C12=C(Cc3c(O1)cc4c(OCO4)c3)CCCC2
  -ISIS-

 17 20  0  0  0  0  0  0  0  0  1
    1.1775   -2.5457    1.1870  C  0  0  0  0  0
   -0.1707   -2.2749    0.5288  C  0  0  0  0  0
   -0.0097   -2.0110   -0.9585  C  0  0  0  0  0
    0.7024   -3.1663   -1.6253  C  0  0  0  0  0
    1.8224   -3.8168   -0.8881  C  0  0  0  0  0
    2.0110   -3.5288    0.4126  C  0  0  0  0  0
    2.9926   -4.1380    1.1824  O  0  0  0  0  0
    3.6254   -5.2534    0.6817  C  0  0  0  0  0
    3.5039   -5.6501   -0.6680  C  0  0  0  0  0
    2.6827   -4.8050   -1.6308  C  0  0  0  0  0
    4.1682   -6.8072   -1.1134  C  0  0  0  0  0
    4.9256   -7.5098   -0.2004  C  0  0  0  0  0
    5.6320   -8.6422   -0.4598  O  0  0  0  0  0
    6.2135   -8.9028    0.8345  C  0  0  0  0  0
    5.8369   -7.9365    1.8379  O  0  0  0  0  0
    5.0425   -7.1069    1.1094  C  0  0  0  0  0
    4.4060   -5.9811    1.5834  C  0  0  0  0  0
  1  6  1  0  0  0
  1  2  1  0  0  0
  2  3  1  0  0  0
  3  4  1  0  0  0
  4  5  1  0  0  0
  5 10  1  0  0  0
  5  6  2  0  0  0
  6  7  1  0  0  0
  7  8  1  0  0  0
  8 17  2  0  0  0
  8  9  1  0  0  0
  9 10  1  0  0  0
  9 11  2  0  0  0
 11 12  1  0  0  0
 12 16  2  0  0  0
 12 13  1  0  0  0
 13 14  1  0  0  0
 14 15  1  0  0  0
 15 16  1  0  0  0
 16 17  1  0  0  0
M  END
$$$$
C12=C(Cc3c(O1)cc4c(OCO4)c3)CCCC2
  -ISIS-

 17 20  0  0  0  0  0  0  0  0  1
    1.1775   -2.5457    1.1870  C  0  0  0  0  0
   -0.1707   -2.2749    0.5288  C  0  0  0  0  0
   -0.0097   -2.0110   -0.9585  C  0  0  0  0  0
    0.7024   -3.1663   -1.6253  C  0  0  0  0  0
    1.8224   -3.8168   -0.8881  C  0  0  0  0  0
    2.0110   -3.5288    0.4126  C  0  0  0  0  0
    2.9926   -4.1380    1.1824  O  0  0  0  0  0
    3.6254   -5.2534    0.6817  C  0  0  0  0  0
    3.5039   -5.6501   -0.6680  C  0  0  0  0  0
    2.6827   -4.8050   -1.6308  C  0  0  0  0  0
    4.1682   -6.8072   -1.1134  C  0  0  0  0  0
    4.9256   -7.5098   -0.2004  C  0  0  0  0  0
    5.6320   -8.6422   -0.4598  O  0  0  0  0  0
    6.2135   -8.9028    0.8345  C  0  0  0  0  0
    5.8369   -7.9365    1.8379  O  0  0  0  0  0
    5.0425   -7.1069    1.1094  C  0  0  0  0  0
    4.4060   -5.9811    1.5834  C  0  0  0  0  0
  1  6  1  0  0  0
  1  2  1  0  0  0
  2  3  1  0  0  0
  3  4  1  0  0  0
  4  5  1  0  0  0
  5 10  1  0  0  0
  5  6  2  0  0  0
  6  7  1  0  0  0
  7  8  1  0  0  0
  8 17  2  0  0  0
  8  9  1  0  0  0
  9 10  1  0  0  0
  9 11  2  0  0  0
 11 12  1  0  0  0
 12 16  2  0  0  0
 12 13  1  0  0  0
 13 14  1  0  0  0
 14 15  1  0  0  0
 15 16  1  0  0  0
 16 17  1  0  0  0
M  END
$$$$
