C12=C(C=Nc3c(cccc3)N1)COc4c2cccc4
  -ISIS-

 19 22  0  0  0  0  0  0  0  0  1
    2.2414   -5.6787    2.0760  C  0  0  0  0  0
    3.5918   -5.7812    2.3767  N  0  0  0  0  0
    4.4328   -4.6651    2.5967  C  0  0  0  0  0
    4.4145   -3.5121    1.7916  C  0  0  0  0  0
    3.7114   -3.3775    0.5882  N  0  0  0  0  0
    2.5786   -3.9491    0.3582  C  0  0  0  0  0
    1.7059   -4.8340    1.1739  C  0  0  0  0  0
    0.2686   -4.8345    0.8291  C  0  0  0  0  0
   -0.5390   -5.7698    1.4427  O  0  0  0  0  0
   -0.0302   -6.6232    2.4291  C  0  0  0  0  0
   -0.9652   -7.4680    3.0347  C  0  0  0  0  0
   -0.5584   -8.3209    4.0522  C  0  0  0  0  0
    0.7715   -8.3116    4.4590  C  0  0  0  0  0
    1.6965   -7.4588    3.8393  C  0  0  0  0  0
    1.3164   -6.6025    2.7896  C  0  0  0  0  0
    5.2480   -2.4342    2.1293  C  0  0  0  0  0
    6.0816   -2.4765    3.2462  C  0  0  0  0  0
    6.1042   -3.6144    4.0406  C  0  0  0  0  0
    5.2878   -4.6991    3.7173  C  0  0  0  0  0
  1  7  2  0  0  0
  1 15  1  0  0  0
  1  2  1  0  0  0
  2  3  1  0  0  0
  3 19  2  0  0  0
  3  4  1  0  0  0
  4  5  1  0  0  0
  4 16  2  0  0  0
  5  6  2  0  0  0
  6  7  1  0  0  0
  7  8  1  0  0  0
  8  9  1  0  0  0
  9 10  1  0  0  0
 10 15  2  0  0  0
 10 11  1  0  0  0
 11 12  2  0  0  0
 12 13  1  0  0  0
 13 14  2  0  0  0
 14 15  1  0  0  0
 16 17  1  0  0  0
 17 18  2  0  0  0
 18 19  1  0  0  0
M  END
$$$$
