C12=Nc3c(cccc3)CN1c4c(cccc4)CO2
  -ISIS-

 18 21  0  0  0  0  0  0  0  0  1
    0.4862    2.8505   -6.6218  C  0  0  0  0  0
    0.4494    3.9067   -5.5931  C  0  0  0  0  0
   -0.5923    3.8813   -4.6778  C  0  0  0  0  0
   -1.5769    2.9022   -4.7156  N  0  0  0  0  0
   -1.5188    1.9774   -5.6171  C  0  0  0  0  0
   -2.5274    1.0806   -5.5566  O  0  0  0  0  0
   -2.6500    0.0513   -6.4042  C  0  0  0  0  0
   -1.6226   -0.1163   -7.4304  C  0  0  0  0  0
   -0.5702    0.7916   -7.5129  C  0  0  0  0  0
   -0.5244    1.8774   -6.5826  N  0  0  0  0  0
    0.3854    0.5618   -8.5190  C  0  0  0  0  0
    0.2819   -0.5238   -9.4015  C  0  0  0  0  0
   -0.7815   -1.4064   -9.2945  C  0  0  0  0  0
   -1.7375   -1.2094   -8.3105  C  0  0  0  0  0
   -0.6568    4.8682   -3.6907  C  0  0  0  0  0
    0.3149    5.8699   -3.6239  C  0  0  0  0  0
    1.3556    5.8837   -4.5499  C  0  0  0  0  0
    1.4307    4.9062   -5.5382  C  0  0  0  0  0
  1 10  1  0  0  0
  1  2  1  0  0  0
  2 18  2  0  0  0
  2  3  1  0  0  0
  3  4  1  0  0  0
  3 15  2  0  0  0
  4  5  2  0  0  0
  5 10  1  0  0  0
  5  6  1  0  0  0
  6  7  1  0  0  0
  7  8  1  0  0  0
  8 14  2  0  0  0
  8  9  1  0  0  0
  9 10  1  0  0  0
  9 11  2  0  0  0
 11 12  1  0  0  0
 12 13  2  0  0  0
 13 14  1  0  0  0
 15 16  1  0  0  0
 16 17  2  0  0  0
 17 18  1  0  0  0
M  END
$$$$
