C12=CCCCC1CNC2
  -ISIS-

  9 10  0  0  0  0  0  0  0  0  1
    2.1256   -2.2815    7.8247  N  0  0  0  0  0
    1.2240   -2.9135    6.8852  C  0  0  0  0  0
    1.9449   -4.1734    6.5162  C  0  0  0  0  0
    1.4016   -5.2700    5.9732  C  0  0  0  0  0
    2.2586   -6.4536    5.7000  C  0  0  0  0  0
    3.7410   -6.3708    6.0174  C  0  0  0  0  0
    4.0136   -5.4461    7.2023  C  0  0  0  0  0
    3.3849   -4.0764    6.9583  C  0  0  0  0  0
    3.3179   -3.0729    8.1279  C  0  0  0  0  0
  1  9  1  0  0  0
  1  2  1  0  0  0
  2  3  1  0  0  0
  3  8  1  0  0  0
  3  4  2  0  0  0
  4  5  1  0  0  0
  5  6  1  0  0  0
  6  7  1  0  0  0
  7  8  1  0  0  0
  8  9  1  0  0  0
M  END
$$$$
