C12=C(Cc3c(cc[c]4[c]3cccc4)N1)COC2
  -ISIS-

 17 20  0  0  0  0  0  0  0  0  1
    3.0346   -0.8219    1.9262  C  0  0  0  0  0
    3.7653   -1.3908    3.0450  C  0  0  0  0  0
    4.9275   -1.9382    2.5786  O  0  0  0  0  0
    4.9855   -1.7851    1.1558  C  0  0  0  0  0
    3.7273   -1.0889    0.8263  C  0  0  0  0  0
    3.2706   -0.7834   -0.4269  N  0  0  0  0  0
    1.9182   -0.4066   -0.6062  C  0  0  0  0  0
    1.0888   -0.0929    0.5115  C  0  0  0  0  0
    1.7079   -0.1497    1.9358  C  0  0  0  0  0
   -0.2782    0.2733    0.3037  C  0  0  0  0  0
   -0.7626    0.3623   -1.0267  C  0  0  0  0  0
    0.0900    0.0947   -2.1055  C  0  0  0  0  0
    1.4152   -0.2807   -1.9000  C  0  0  0  0  0
   -2.0978    0.7241   -1.2723  C  0  0  0  0  0
   -2.9728    0.9994   -0.2244  C  0  0  0  0  0
   -2.5218    0.9158    1.0842  C  0  0  0  0  0
   -1.1962    0.5577    1.3434  C  0  0  0  0  0
  1  9  1  0  0  0
  1  5  2  0  0  0
  1  2  1  0  0  0
  2  3  1  0  0  0
  3  4  1  0  0  0
  4  5  1  0  0  0
  5  6  1  0  0  0
  6  7  1  0  0  0
  7 13  2  0  0  0
  7  8  1  0  0  0
  8  9  1  0  0  0
  8 10  2  0  0  0
 10 17  1  0  0  0
 10 11  2  0  0  0
 11 12  2  0  0  0
 11 14  1  0  0  0
 12 13  1  0  0  0
 14 15  2  0  0  0
 15 16  1  0  0  0
 16 17  2  0  0  0
M  END
$$$$
