C12=CCCC1CCC3=CCCCC23
  -ISIS-

 13 15  0  0  0  0  0  0  0  0  1
    1.1180    1.9145    3.1305  C  0  0  0  0  0
    2.5419    1.6373    3.6500  C  0  0  0  0  0
    2.8093    2.4532    4.9370  C  0  0  0  0  0
    2.4607    3.9209    4.7872  C  0  0  0  0  0
    1.0395    4.0930    4.3251  C  0  0  0  0  0
    0.4249    3.0357    3.4526  C  0  0  0  0  0
    2.7628    0.1648    3.9709  C  0  0  0  0  0
    3.8365   -0.4086    4.5434  C  0  0  0  0  0
    3.7164   -1.9020    4.6083  C  0  0  0  0  0
    2.6000   -2.1778    3.5886  C  0  0  0  0  0
    1.7378   -0.8832    3.5860  C  0  0  0  0  0
    1.1628   -0.5125    2.2178  C  0  0  0  0  0
    0.4821    0.8594    2.2304  C  0  0  0  0  0
  1  6  2  0  0  0
  1 13  1  0  0  0
  1  2  1  0  0  0
  2  3  1  0  0  0
  2  7  1  0  0  0
  3  4  1  0  0  0
  4  5  1  0  0  0
  5  6  1  0  0  0
  7 11  1  0  0  0
  7  8  2  0  0  0
  8  9  1  0  0  0
  9 10  1  0  0  0
 10 11  1  0  0  0
 11 12  1  0  0  0
 12 13  1  0  0  0
M  END
$$$$
C12=CCCC1CCC3=CCCCC23
  -ISIS-

 13 15  0  0  0  0  0  0  0  0  1
    1.1180    1.9145    3.1305  C  0  0  0  0  0
    2.5419    1.6373    3.6500  C  0  0  0  0  0
    2.8093    2.4532    4.9370  C  0  0  0  0  0
    2.4607    3.9209    4.7872  C  0  0  0  0  0
    1.0395    4.0930    4.3251  C  0  0  0  0  0
    0.4249    3.0357    3.4526  C  0  0  0  0  0
    2.7628    0.1648    3.9709  C  0  0  0  0  0
    3.8365   -0.4086    4.5434  C  0  0  0  0  0
    3.7164   -1.9020    4.6083  C  0  0  0  0  0
    2.6000   -2.1778    3.5886  C  0  0  0  0  0
    1.7378   -0.8832    3.5860  C  0  0  0  0  0
    1.1628   -0.5125    2.2178  C  0  0  0  0  0
    0.4821    0.8594    2.2304  C  0  0  0  0  0
  1  6  2  0  0  0
  1 13  1  0  0  0
  1  2  1  0  0  0
  2  3  1  0  0  0
  2  7  1  0  0  0
  3  4  1  0  0  0
  4  5  1  0  0  0
  5  6  1  0  0  0
  7 11  1  0  0  0
  7  8  2  0  0  0
  8  9  1  0  0  0
  9 10  1  0  0  0
 10 11  1  0  0  0
 11 12  1  0  0  0
 12 13  1  0  0  0
M  END
$$$$
C12=CCCC1CCC3=CCCCC23
  -ISIS-

 13 15  0  0  0  0  0  0  0  0  1
    1.1180    1.9145    3.1305  C  0  0  0  0  0
    2.5419    1.6373    3.6500  C  0  0  0  0  0
    2.8093    2.4532    4.9370  C  0  0  0  0  0
    2.4607    3.9209    4.7872  C  0  0  0  0  0
    1.0395    4.0930    4.3251  C  0  0  0  0  0
    0.4249    3.0357    3.4526  C  0  0  0  0  0
    2.7628    0.1648    3.9709  C  0  0  0  0  0
    3.8365   -0.4086    4.5434  C  0  0  0  0  0
    3.7164   -1.9020    4.6083  C  0  0  0  0  0
    2.6000   -2.1778    3.5886  C  0  0  0  0  0
    1.7378   -0.8832    3.5860  C  0  0  0  0  0
    1.1628   -0.5125    2.2178  C  0  0  0  0  0
    0.4821    0.8594    2.2304  C  0  0  0  0  0
  1  6  2  0  0  0
  1 13  1  0  0  0
  1  2  1  0  0  0
  2  3  1  0  0  0
  2  7  1  0  0  0
  3  4  1  0  0  0
  4  5  1  0  0  0
  5  6  1  0  0  0
  7 11  1  0  0  0
  7  8  2  0  0  0
  8  9  1  0  0  0
  9 10  1  0  0  0
 10 11  1  0  0  0
 11 12  1  0  0  0
 12 13  1  0  0  0
M  END
$$$$
C12=CCCC1CCC3=CCCCC23
  -ISIS-

 13 15  0  0  0  0  0  0  0  0  1
    1.1180    1.9145    3.1305  C  0  0  0  0  0
    2.5419    1.6373    3.6500  C  0  0  0  0  0
    2.8093    2.4532    4.9370  C  0  0  0  0  0
    2.4607    3.9209    4.7872  C  0  0  0  0  0
    1.0395    4.0930    4.3251  C  0  0  0  0  0
    0.4249    3.0357    3.4526  C  0  0  0  0  0
    2.7628    0.1648    3.9709  C  0  0  0  0  0
    3.8365   -0.4086    4.5434  C  0  0  0  0  0
    3.7164   -1.9020    4.6083  C  0  0  0  0  0
    2.6000   -2.1778    3.5886  C  0  0  0  0  0
    1.7378   -0.8832    3.5860  C  0  0  0  0  0
    1.1628   -0.5125    2.2178  C  0  0  0  0  0
    0.4821    0.8594    2.2304  C  0  0  0  0  0
  1  6  2  0  0  0
  1 13  1  0  0  0
  1  2  1  0  0  0
  2  3  1  0  0  0
  2  7  1  0  0  0
  3  4  1  0  0  0
  4  5  1  0  0  0
  5  6  1  0  0  0
  7 11  1  0  0  0
  7  8  2  0  0  0
  8  9  1  0  0  0
  9 10  1  0  0  0
 10 11  1  0  0  0
 11 12  1  0  0  0
 12 13  1  0  0  0
M  END
$$$$
C12=CCCC1CCC3=CCCCC23
  -ISIS-

 13 15  0  0  0  0  0  0  0  0  1
    1.1180    1.9145    3.1305  C  0  0  0  0  0
    2.5419    1.6373    3.6500  C  0  0  0  0  0
    2.8093    2.4532    4.9370  C  0  0  0  0  0
    2.4607    3.9209    4.7872  C  0  0  0  0  0
    1.0395    4.0930    4.3251  C  0  0  0  0  0
    0.4249    3.0357    3.4526  C  0  0  0  0  0
    2.7628    0.1648    3.9709  C  0  0  0  0  0
    3.8365   -0.4086    4.5434  C  0  0  0  0  0
    3.7164   -1.9020    4.6083  C  0  0  0  0  0
    2.6000   -2.1778    3.5886  C  0  0  0  0  0
    1.7378   -0.8832    3.5860  C  0  0  0  0  0
    1.1628   -0.5125    2.2178  C  0  0  0  0  0
    0.4821    0.8594    2.2304  C  0  0  0  0  0
  1  6  2  0  0  0
  1 13  1  0  0  0
  1  2  1  0  0  0
  2  3  1  0  0  0
  2  7  1  0  0  0
  3  4  1  0  0  0
  4  5  1  0  0  0
  5  6  1  0  0  0
  7 11  1  0  0  0
  7  8  2  0  0  0
  8  9  1  0  0  0
  9 10  1  0  0  0
 10 11  1  0  0  0
 11 12  1  0  0  0
 12 13  1  0  0  0
M  END
$$$$
