C12=C(NCC=N1)CC3C2CCC4C5C(=CCC34)CCCC5
  -ISIS-

 21 25  0  0  0  0  0  0  0  0  1
    1.8567   -0.7714   -2.0129  C  0  0  0  0  0
    0.9668   -0.6951   -3.2674  C  0  0  0  0  0
    1.7557   -0.3769   -4.5319  C  0  0  0  0  0
    2.8638   -1.4165   -4.7972  C  0  0  0  0  0
    3.8143   -1.5115   -3.5832  C  0  0  0  0  0
    3.0911   -1.6943   -2.2281  C  0  0  0  0  0
    2.5792   -3.1180   -1.9080  C  0  0  0  0  0
    1.5210   -2.8275   -0.8892  C  0  0  0  0  0
    1.0059   -3.7230    0.0239  N  0  0  0  0  0
   -0.2351   -3.3560    0.7252  C  0  0  0  0  0
   -0.3978   -1.8465    0.6900  C  0  0  0  0  0
    0.1800   -0.9976   -0.1085  N  0  0  0  0  0
    1.1285   -1.5454   -0.9347  C  0  0  0  0  0
    4.8595   -2.6184   -3.8041  C  0  0  0  0  0
    5.5201   -2.5252   -5.1374  C  0  0  0  0  0
    5.0042   -1.8652   -6.1876  C  0  0  0  0  0
    3.6368   -1.1713   -6.1628  C  0  0  0  0  0
    3.9020    0.3382   -6.4348  C  0  0  0  0  0
    4.7491    0.6131   -7.6849  C  0  0  0  0  0
    6.0600   -0.1735   -7.6885  C  0  0  0  0  0
    5.8336   -1.6679   -7.4378  C  0  0  0  0  0
  1  6  1  0  0  0
  1 13  1  0  0  0
  1  2  1  0  0  0
  2  3  1  0  0  0
  3  4  1  0  0  0
  4 17  1  0  0  0
  4  5  1  0  0  0
  5  6  1  0  0  0
  5 14  1  0  0  0
  6  7  1  0  0  0
  7  8  1  0  0  0
  8 13  2  0  0  0
  8  9  1  0  0  0
  9 10  1  0  0  0
 10 11  1  0  0  0
 11 12  2  0  0  0
 12 13  1  0  0  0
 14 15  1  0  0  0
 15 16  2  0  0  0
 16 21  1  0  0  0
 16 17  1  0  0  0
 17 18  1  0  0  0
 18 19  1  0  0  0
 19 20  1  0  0  0
 20 21  1  0  0  0
M  END
$$$$
