C12=C(NCC=C1)COCC2
  -ISIS-

 10 11  0  0  0  0  0  0  0  0  1
    5.9835   -0.5365    1.7005  C  0  0  0  0  0
    5.5530    0.6111    1.1451  C  0  0  0  0  0
    4.1393    0.8855    0.9795  C  0  0  0  0  0
    3.7111    2.1812    0.3464  C  0  0  0  0  0
    2.2423    2.1356   -0.1370  C  0  0  0  0  0
    1.4168    1.5690    0.8946  O  0  0  0  0  0
    1.7443    0.2236    1.2590  C  0  0  0  0  0
    3.2287   -0.0129    1.3924  C  0  0  0  0  0
    3.6531   -1.1936    1.9605  N  0  0  0  0  0
    4.9734   -1.5362    2.1512  C  0  0  0  0  0
  1 10  1  0  0  0
  1  2  2  0  0  0
  2  3  1  0  0  0
  3  8  2  0  0  0
  3  4  1  0  0  0
  4  5  1  0  0  0
  5  6  1  0  0  0
  6  7  1  0  0  0
  7  8  1  0  0  0
  8  9  1  0  0  0
  9 10  1  0  0  0
M  END
$$$$
