C12=C(CNC=C1)CNC2
  -ISIS-

  9 10  0  0  0  0  0  0  0  0  1
   -0.4260    6.0093    4.6247  C  0  0  0  0  0
   -0.6891    6.6146    5.9294  C  0  0  0  0  0
    0.5410    6.9569    6.4579  N  0  0  0  0  0
    1.6319    6.6234    5.5932  C  0  0  0  0  0
    0.9029    6.0217    4.4479  C  0  0  0  0  0
    1.4991    5.4926    3.2501  C  0  0  0  0  0
    0.7011    4.9783    2.2958  C  0  0  0  0  0
   -0.6698    4.9678    2.4830  N  0  0  0  0  0
   -1.3225    5.4564    3.6039  C  0  0  0  0  0
  1  5  2  0  0  0
  1  9  1  0  0  0
  1  2  1  0  0  0
  2  3  1  0  0  0
  3  4  1  0  0  0
  4  5  1  0  0  0
  5  6  1  0  0  0
  6  7  2  0  0  0
  7  8  1  0  0  0
  8  9  1  0  0  0
M  END
$$$$
