C12=C(Cc3c(cccc3)C1)CC4N2CCC4
  -ISIS-

 16 19  0  0  0  0  0  0  0  0  1
   -4.4877   -2.2079    3.9436  C  0  0  0  0  0
   -5.3129   -3.4232    3.5672  C  0  0  0  0  0
   -6.4322   -3.5066    4.2922  C  0  0  0  0  0
   -6.5316   -2.4676    5.2169  N  0  0  0  0  0
   -6.9889   -2.6984    6.5975  C  0  0  0  0  0
   -5.9741   -1.9473    7.4612  C  0  0  0  0  0
   -4.7040   -1.9950    6.6192  C  0  0  0  0  0
   -5.2532   -1.7026    5.2185  C  0  0  0  0  0
   -7.4066   -4.6211    4.1452  C  0  0  0  0  0
   -7.1066   -5.6110    3.0855  C  0  0  0  0  0
   -8.0144   -6.6505    2.8421  C  0  0  0  0  0
   -7.7453   -7.5963    1.8513  C  0  0  0  0  0
   -6.5716   -7.5099    1.1028  C  0  0  0  0  0
   -5.6630   -6.4777    1.3432  C  0  0  0  0  0
   -5.9296   -5.5252    2.3353  C  0  0  0  0  0
   -4.9495   -4.4441    2.5794  C  0  0  0  0  0
  1  8  1  0  0  0
  1  2  1  0  0  0
  2 16  1  0  0  0
  2  3  2  0  0  0
  3  4  1  0  0  0
  3  9  1  0  0  0
  4  8  1  0  0  0
  4  5  1  0  0  0
  5  6  1  0  0  0
  6  7  1  0  0  0
  7  8  1  0  0  0
  9 10  1  0  0  0
 10 15  2  0  0  0
 10 11  1  0  0  0
 11 12  2  0  0  0
 12 13  1  0  0  0
 13 14  2  0  0  0
 14 15  1  0  0  0
 15 16  1  0  0  0
M  END
$$$$
C12=C(Cc3c(cccc3)C1)CC4N2CCC4
  -ISIS-

 16 19  0  0  0  0  0  0  0  0  1
   -4.4877   -2.2079    3.9436  C  0  0  0  0  0
   -5.3129   -3.4232    3.5672  C  0  0  0  0  0
   -6.4322   -3.5066    4.2922  C  0  0  0  0  0
   -6.5316   -2.4676    5.2169  N  0  0  0  0  0
   -6.9889   -2.6984    6.5975  C  0  0  0  0  0
   -5.9741   -1.9473    7.4612  C  0  0  0  0  0
   -4.7040   -1.9950    6.6192  C  0  0  0  0  0
   -5.2532   -1.7026    5.2185  C  0  0  0  0  0
   -7.4066   -4.6211    4.1452  C  0  0  0  0  0
   -7.1066   -5.6110    3.0855  C  0  0  0  0  0
   -8.0144   -6.6505    2.8421  C  0  0  0  0  0
   -7.7453   -7.5963    1.8513  C  0  0  0  0  0
   -6.5716   -7.5099    1.1028  C  0  0  0  0  0
   -5.6630   -6.4777    1.3432  C  0  0  0  0  0
   -5.9296   -5.5252    2.3353  C  0  0  0  0  0
   -4.9495   -4.4441    2.5794  C  0  0  0  0  0
  1  8  1  0  0  0
  1  2  1  0  0  0
  2 16  1  0  0  0
  2  3  2  0  0  0
  3  4  1  0  0  0
  3  9  1  0  0  0
  4  8  1  0  0  0
  4  5  1  0  0  0
  5  6  1  0  0  0
  6  7  1  0  0  0
  7  8  1  0  0  0
  9 10  1  0  0  0
 10 15  2  0  0  0
 10 11  1  0  0  0
 11 12  2  0  0  0
 12 13  1  0  0  0
 13 14  2  0  0  0
 14 15  1  0  0  0
 15 16  1  0  0  0
M  END
$$$$
C12=C(Cc3c(cccc3)C1)CC4N2CCC4
  -ISIS-

 16 19  0  0  0  0  0  0  0  0  1
   -4.4877   -2.2079    3.9436  C  0  0  0  0  0
   -5.3129   -3.4232    3.5672  C  0  0  0  0  0
   -6.4322   -3.5066    4.2922  C  0  0  0  0  0
   -6.5316   -2.4676    5.2169  N  0  0  0  0  0
   -6.9889   -2.6984    6.5975  C  0  0  0  0  0
   -5.9741   -1.9473    7.4612  C  0  0  0  0  0
   -4.7040   -1.9950    6.6192  C  0  0  0  0  0
   -5.2532   -1.7026    5.2185  C  0  0  0  0  0
   -7.4066   -4.6211    4.1452  C  0  0  0  0  0
   -7.1066   -5.6110    3.0855  C  0  0  0  0  0
   -8.0144   -6.6505    2.8421  C  0  0  0  0  0
   -7.7453   -7.5963    1.8513  C  0  0  0  0  0
   -6.5716   -7.5099    1.1028  C  0  0  0  0  0
   -5.6630   -6.4777    1.3432  C  0  0  0  0  0
   -5.9296   -5.5252    2.3353  C  0  0  0  0  0
   -4.9495   -4.4441    2.5794  C  0  0  0  0  0
  1  8  1  0  0  0
  1  2  1  0  0  0
  2 16  1  0  0  0
  2  3  2  0  0  0
  3  4  1  0  0  0
  3  9  1  0  0  0
  4  8  1  0  0  0
  4  5  1  0  0  0
  5  6  1  0  0  0
  6  7  1  0  0  0
  7  8  1  0  0  0
  9 10  1  0  0  0
 10 15  2  0  0  0
 10 11  1  0  0  0
 11 12  2  0  0  0
 12 13  1  0  0  0
 13 14  2  0  0  0
 14 15  1  0  0  0
 15 16  1  0  0  0
M  END
$$$$
C12=C(Cc3c(cccc3)C1)CC4N2CCC4
  -ISIS-

 16 19  0  0  0  0  0  0  0  0  1
   -2.5872   -3.9892    0.5518  C  0  0  0  0  0
   -3.7034   -3.7109    1.4982  C  0  0  0  0  0
   -3.5418   -3.5691    2.8193  C  0  0  0  0  0
   -2.2135   -3.7149    3.4236  C  0  0  0  0  0
   -1.0676   -3.9926    2.5293  C  0  0  0  0  0
   -1.2445   -4.1201    1.1508  C  0  0  0  0  0
   -0.1435   -4.3795    0.3235  C  0  0  0  0  0
    1.1307   -4.5119    0.8773  C  0  0  0  0  0
    1.3091   -4.3865    2.2544  C  0  0  0  0  0
    0.2140   -4.1275    3.0807  C  0  0  0  0  0
   -4.8693   -3.3228    3.5464  C  0  0  0  0  0
   -5.8807   -3.5985    2.3525  C  0  0  0  0  0
   -6.6272   -4.9361    2.2625  C  0  0  0  0  0
   -6.9324   -5.0152    0.7710  C  0  0  0  0  0
   -5.6283   -4.5412    0.1279  C  0  0  0  0  0
   -5.0396   -3.6246    1.1241  N  0  0  0  0  0
  1  6  1  0  0  0
  1  2  1  0  0  0
  2 16  1  0  0  0
  2  3  2  0  0  0
  3  4  1  0  0  0
  3 11  1  0  0  0
  4  5  1  0  0  0
  5 10  2  0  0  0
  5  6  1  0  0  0
  6  7  2  0  0  0
  7  8  1  0  0  0
  8  9  2  0  0  0
  9 10  1  0  0  0
 11 12  1  0  0  0
 12 16  1  0  0  0
 12 13  1  0  0  0
 13 14  1  0  0  0
 14 15  1  0  0  0
 15 16  1  0  0  0
M  END
$$$$
C12=C(Cc3c(cccc3)C1)CC4N2CCC4
  -ISIS-

 16 19  0  0  0  0  0  0  0  0  1
   -2.5872   -3.9892    0.5518  C  0  0  0  0  0
   -3.7034   -3.7109    1.4982  C  0  0  0  0  0
   -3.5418   -3.5691    2.8193  C  0  0  0  0  0
   -2.2135   -3.7149    3.4236  C  0  0  0  0  0
   -1.0676   -3.9926    2.5293  C  0  0  0  0  0
   -1.2445   -4.1201    1.1508  C  0  0  0  0  0
   -0.1435   -4.3795    0.3235  C  0  0  0  0  0
    1.1307   -4.5119    0.8773  C  0  0  0  0  0
    1.3091   -4.3865    2.2544  C  0  0  0  0  0
    0.2140   -4.1275    3.0807  C  0  0  0  0  0
   -4.8693   -3.3228    3.5464  C  0  0  0  0  0
   -5.8807   -3.5985    2.3525  C  0  0  0  0  0
   -6.6272   -4.9361    2.2625  C  0  0  0  0  0
   -6.9324   -5.0152    0.7710  C  0  0  0  0  0
   -5.6283   -4.5412    0.1279  C  0  0  0  0  0
   -5.0396   -3.6246    1.1241  N  0  0  0  0  0
  1  6  1  0  0  0
  1  2  1  0  0  0
  2 16  1  0  0  0
  2  3  2  0  0  0
  3  4  1  0  0  0
  3 11  1  0  0  0
  4  5  1  0  0  0
  5 10  2  0  0  0
  5  6  1  0  0  0
  6  7  2  0  0  0
  7  8  1  0  0  0
  8  9  2  0  0  0
  9 10  1  0  0  0
 11 12  1  0  0  0
 12 16  1  0  0  0
 12 13  1  0  0  0
 13 14  1  0  0  0
 14 15  1  0  0  0
 15 16  1  0  0  0
M  END
$$$$
C12=C(Cc3c(cccc3)C1)CC4N2CCC4
  -ISIS-

 16 19  0  0  0  0  0  0  0  0  1
   -2.5872   -3.9892    0.5518  C  0  0  0  0  0
   -3.7034   -3.7109    1.4982  C  0  0  0  0  0
   -3.5418   -3.5691    2.8193  C  0  0  0  0  0
   -2.2135   -3.7149    3.4236  C  0  0  0  0  0
   -1.0676   -3.9926    2.5293  C  0  0  0  0  0
   -1.2445   -4.1201    1.1508  C  0  0  0  0  0
   -0.1435   -4.3795    0.3235  C  0  0  0  0  0
    1.1307   -4.5119    0.8773  C  0  0  0  0  0
    1.3091   -4.3865    2.2544  C  0  0  0  0  0
    0.2140   -4.1275    3.0807  C  0  0  0  0  0
   -4.8693   -3.3228    3.5464  C  0  0  0  0  0
   -5.8807   -3.5985    2.3525  C  0  0  0  0  0
   -6.6272   -4.9361    2.2625  C  0  0  0  0  0
   -6.9324   -5.0152    0.7710  C  0  0  0  0  0
   -5.6283   -4.5412    0.1279  C  0  0  0  0  0
   -5.0396   -3.6246    1.1241  N  0  0  0  0  0
  1  6  1  0  0  0
  1  2  1  0  0  0
  2 16  1  0  0  0
  2  3  2  0  0  0
  3  4  1  0  0  0
  3 11  1  0  0  0
  4  5  1  0  0  0
  5 10  2  0  0  0
  5  6  1  0  0  0
  6  7  2  0  0  0
  7  8  1  0  0  0
  8  9  2  0  0  0
  9 10  1  0  0  0
 11 12  1  0  0  0
 12 16  1  0  0  0
 12 13  1  0  0  0
 13 14  1  0  0  0
 14 15  1  0  0  0
 15 16  1  0  0  0
M  END
$$$$
