C12=C(C=CCO1)NNC2
  -ISIS-

  9 10  0  0  0  0  0  0  0  0  1
   -1.6639    1.8356   -0.4851  C  0  0  0  0  0
   -2.2298    0.4984   -0.1900  C  0  0  0  0  0
   -1.3790   -0.4115   -0.8435  N  0  0  0  0  0
   -0.3585    0.2987   -1.5284  N  0  0  0  0  0
   -0.5802    1.6294   -1.2377  C  0  0  0  0  0
    0.2277    2.7520   -1.6137  C  0  0  0  0  0
   -0.1689    3.9637   -1.1872  C  0  0  0  0  0
   -1.3868    4.1550   -0.3544  C  0  0  0  0  0
   -2.1228    3.0514   -0.0079  O  0  0  0  0  0
  1  5  2  0  0  0
  1  9  1  0  0  0
  1  2  1  0  0  0
  2  3  1  0  0  0
  3  4  1  0  0  0
  4  5  1  0  0  0
  5  6  1  0  0  0
  6  7  2  0  0  0
  7  8  1  0  0  0
  8  9  1  0  0  0
M  END
$$$$
