C12=C(COC1)CCC3C4=C(CC=CC4)CCC23
  -ISIS-

 17 20  0  0  0  0  0  0  0  0  1
    1.8419    1.5342    1.8235  C  0  0  0  0  0
    0.8285    0.4446    1.8288  C  0  0  0  0  0
   -0.3571    0.6738    1.2521  C  0  0  0  0  0
   -0.7077    1.9451    0.5955  C  0  0  0  0  0
    0.2485    3.0837    0.6981  C  0  0  0  0  0
    1.4658    2.8547    1.2343  C  0  0  0  0  0
    2.5712    3.8847    1.2910  C  0  0  0  0  0
    2.2683    5.1980    0.5668  C  0  0  0  0  0
    0.7955    5.5567    0.7559  C  0  0  0  0  0
   -0.1421    4.4539    0.1113  C  0  0  0  0  0
   -1.6102    4.9127    0.4178  C  0  0  0  0  0
   -1.9616    6.3047   -0.1562  C  0  0  0  0  0
   -0.8204    7.2415   -0.0618  C  0  0  0  0  0
    0.4158    6.9386    0.3256  C  0  0  0  0  0
    1.2666    8.1409    0.3422  C  0  0  0  0  0
    0.3941    9.1854   -0.1014  O  0  0  0  0  0
   -0.8461    8.6736   -0.3472  C  0  0  0  0  0
  1  6  1  0  0  0
  1  2  1  0  0  0
  2  3  2  0  0  0
  3  4  1  0  0  0
  4  5  1  0  0  0
  5 10  1  0  0  0
  5  6  2  0  0  0
  6  7  1  0  0  0
  7  8  1  0  0  0
  8  9  1  0  0  0
  9 14  1  0  0  0
  9 10  1  0  0  0
 10 11  1  0  0  0
 11 12  1  0  0  0
 12 13  1  0  0  0
 13 17  1  0  0  0
 13 14  2  0  0  0
 14 15  1  0  0  0
 15 16  1  0  0  0
 16 17  1  0  0  0
M  END
$$$$
C12=C(COC1)CCC3C4=C(CC=CC4)CCC23
  -ISIS-

 17 20  0  0  0  0  0  0  0  0  1
    1.8419    1.5342    1.8235  C  0  0  0  0  0
    0.8285    0.4446    1.8288  C  0  0  0  0  0
   -0.3571    0.6738    1.2521  C  0  0  0  0  0
   -0.7077    1.9451    0.5955  C  0  0  0  0  0
    0.2485    3.0837    0.6981  C  0  0  0  0  0
    1.4658    2.8547    1.2343  C  0  0  0  0  0
    2.5712    3.8847    1.2910  C  0  0  0  0  0
    2.2683    5.1980    0.5668  C  0  0  0  0  0
    0.7955    5.5567    0.7559  C  0  0  0  0  0
   -0.1421    4.4539    0.1113  C  0  0  0  0  0
   -1.6102    4.9127    0.4178  C  0  0  0  0  0
   -1.9616    6.3047   -0.1562  C  0  0  0  0  0
   -0.8204    7.2415   -0.0618  C  0  0  0  0  0
    0.4158    6.9386    0.3256  C  0  0  0  0  0
    1.2666    8.1409    0.3422  C  0  0  0  0  0
    0.3941    9.1854   -0.1014  O  0  0  0  0  0
   -0.8461    8.6736   -0.3472  C  0  0  0  0  0
  1  6  1  0  0  0
  1  2  1  0  0  0
  2  3  2  0  0  0
  3  4  1  0  0  0
  4  5  1  0  0  0
  5 10  1  0  0  0
  5  6  2  0  0  0
  6  7  1  0  0  0
  7  8  1  0  0  0
  8  9  1  0  0  0
  9 14  1  0  0  0
  9 10  1  0  0  0
 10 11  1  0  0  0
 11 12  1  0  0  0
 12 13  1  0  0  0
 13 17  1  0  0  0
 13 14  2  0  0  0
 14 15  1  0  0  0
 15 16  1  0  0  0
 16 17  1  0  0  0
M  END
$$$$
C12=C(COC1)CCC3C4=C(CC=CC4)CCC23
  -ISIS-

 17 20  0  0  0  0  0  0  0  0  1
    1.8419    1.5342    1.8235  C  0  0  0  0  0
    0.8285    0.4446    1.8288  C  0  0  0  0  0
   -0.3571    0.6738    1.2521  C  0  0  0  0  0
   -0.7077    1.9451    0.5955  C  0  0  0  0  0
    0.2485    3.0837    0.6981  C  0  0  0  0  0
    1.4658    2.8547    1.2343  C  0  0  0  0  0
    2.5712    3.8847    1.2910  C  0  0  0  0  0
    2.2683    5.1980    0.5668  C  0  0  0  0  0
    0.7955    5.5567    0.7559  C  0  0  0  0  0
   -0.1421    4.4539    0.1113  C  0  0  0  0  0
   -1.6102    4.9127    0.4178  C  0  0  0  0  0
   -1.9616    6.3047   -0.1562  C  0  0  0  0  0
   -0.8204    7.2415   -0.0618  C  0  0  0  0  0
    0.4158    6.9386    0.3256  C  0  0  0  0  0
    1.2666    8.1409    0.3422  C  0  0  0  0  0
    0.3941    9.1854   -0.1014  O  0  0  0  0  0
   -0.8461    8.6736   -0.3472  C  0  0  0  0  0
  1  6  1  0  0  0
  1  2  1  0  0  0
  2  3  2  0  0  0
  3  4  1  0  0  0
  4  5  1  0  0  0
  5 10  1  0  0  0
  5  6  2  0  0  0
  6  7  1  0  0  0
  7  8  1  0  0  0
  8  9  1  0  0  0
  9 14  1  0  0  0
  9 10  1  0  0  0
 10 11  1  0  0  0
 11 12  1  0  0  0
 12 13  1  0  0  0
 13 17  1  0  0  0
 13 14  2  0  0  0
 14 15  1  0  0  0
 15 16  1  0  0  0
 16 17  1  0  0  0
M  END
$$$$
C12=C(COC1)CCC3C4=C(CC=CC4)CCC23
  -ISIS-

 17 20  0  0  0  0  0  0  0  0  1
    1.8419    1.5342    1.8235  C  0  0  0  0  0
    0.8285    0.4446    1.8288  C  0  0  0  0  0
   -0.3571    0.6738    1.2521  C  0  0  0  0  0
   -0.7077    1.9451    0.5955  C  0  0  0  0  0
    0.2485    3.0837    0.6981  C  0  0  0  0  0
    1.4658    2.8547    1.2343  C  0  0  0  0  0
    2.5712    3.8847    1.2910  C  0  0  0  0  0
    2.2683    5.1980    0.5668  C  0  0  0  0  0
    0.7955    5.5567    0.7559  C  0  0  0  0  0
   -0.1421    4.4539    0.1113  C  0  0  0  0  0
   -1.6102    4.9127    0.4178  C  0  0  0  0  0
   -1.9616    6.3047   -0.1562  C  0  0  0  0  0
   -0.8204    7.2415   -0.0618  C  0  0  0  0  0
    0.4158    6.9386    0.3256  C  0  0  0  0  0
    1.2666    8.1409    0.3422  C  0  0  0  0  0
    0.3941    9.1854   -0.1014  O  0  0  0  0  0
   -0.8461    8.6736   -0.3472  C  0  0  0  0  0
  1  6  1  0  0  0
  1  2  1  0  0  0
  2  3  2  0  0  0
  3  4  1  0  0  0
  4  5  1  0  0  0
  5 10  1  0  0  0
  5  6  2  0  0  0
  6  7  1  0  0  0
  7  8  1  0  0  0
  8  9  1  0  0  0
  9 14  1  0  0  0
  9 10  1  0  0  0
 10 11  1  0  0  0
 11 12  1  0  0  0
 12 13  1  0  0  0
 13 17  1  0  0  0
 13 14  2  0  0  0
 14 15  1  0  0  0
 15 16  1  0  0  0
 16 17  1  0  0  0
M  END
$$$$
C12=C(COC1)CCC3C4=C(CC=CC4)CCC23
  -ISIS-

 17 20  0  0  0  0  0  0  0  0  1
    1.8419    1.5342    1.8235  C  0  0  0  0  0
    0.8285    0.4446    1.8288  C  0  0  0  0  0
   -0.3571    0.6738    1.2521  C  0  0  0  0  0
   -0.7077    1.9451    0.5955  C  0  0  0  0  0
    0.2485    3.0837    0.6981  C  0  0  0  0  0
    1.4658    2.8547    1.2343  C  0  0  0  0  0
    2.5712    3.8847    1.2910  C  0  0  0  0  0
    2.2683    5.1980    0.5668  C  0  0  0  0  0
    0.7955    5.5567    0.7559  C  0  0  0  0  0
   -0.1421    4.4539    0.1113  C  0  0  0  0  0
   -1.6102    4.9127    0.4178  C  0  0  0  0  0
   -1.9616    6.3047   -0.1562  C  0  0  0  0  0
   -0.8204    7.2415   -0.0618  C  0  0  0  0  0
    0.4158    6.9386    0.3256  C  0  0  0  0  0
    1.2666    8.1409    0.3422  C  0  0  0  0  0
    0.3941    9.1854   -0.1014  O  0  0  0  0  0
   -0.8461    8.6736   -0.3472  C  0  0  0  0  0
  1  6  1  0  0  0
  1  2  1  0  0  0
  2  3  2  0  0  0
  3  4  1  0  0  0
  4  5  1  0  0  0
  5 10  1  0  0  0
  5  6  2  0  0  0
  6  7  1  0  0  0
  7  8  1  0  0  0
  8  9  1  0  0  0
  9 14  1  0  0  0
  9 10  1  0  0  0
 10 11  1  0  0  0
 11 12  1  0  0  0
 12 13  1  0  0  0
 13 17  1  0  0  0
 13 14  2  0  0  0
 14 15  1  0  0  0
 15 16  1  0  0  0
 16 17  1  0  0  0
M  END
$$$$
