C12=C(CC3=C(C1)COC3)COC2
  -ISIS-

 12 14  0  0  0  0  0  0  0  0  1
   10.4479    0.8219   -2.4166  C  0  0  0  0  0
    9.7972    1.0496   -1.1617  O  0  0  0  0  0
    8.5301    0.5413   -1.1976  C  0  0  0  0  0
    8.2923   -0.0121   -2.5248  C  0  0  0  0  0
    9.4294    0.1242   -3.2158  C  0  0  0  0  0
    9.6377   -0.4115   -4.5999  C  0  0  0  0  0
    8.4548   -1.2269   -5.0280  C  0  0  0  0  0
    7.3294   -1.3439   -4.3142  C  0  0  0  0  0
    7.0382   -0.6850   -2.9980  C  0  0  0  0  0
    6.4680   -2.2804   -5.0245  C  0  0  0  0  0
    7.0970   -2.6571   -6.1769  O  0  0  0  0  0
    8.3826   -2.0317   -6.2566  C  0  0  0  0  0
  1  5  1  0  0  0
  1  2  1  0  0  0
  2  3  1  0  0  0
  3  4  1  0  0  0
  4  9  1  0  0  0
  4  5  2  0  0  0
  5  6  1  0  0  0
  6  7  1  0  0  0
  7 12  1  0  0  0
  7  8  2  0  0  0
  8  9  1  0  0  0
  8 10  1  0  0  0
 10 11  1  0  0  0
 11 12  1  0  0  0
M  END
$$$$
C12=C(CC3=C(C1)COC3)COC2
  -ISIS-

 12 14  0  0  0  0  0  0  0  0  1
   10.4479    0.8219   -2.4166  C  0  0  0  0  0
    9.7972    1.0496   -1.1617  O  0  0  0  0  0
    8.5301    0.5413   -1.1976  C  0  0  0  0  0
    8.2923   -0.0121   -2.5248  C  0  0  0  0  0
    9.4294    0.1242   -3.2158  C  0  0  0  0  0
    9.6377   -0.4115   -4.5999  C  0  0  0  0  0
    8.4548   -1.2269   -5.0280  C  0  0  0  0  0
    7.3294   -1.3439   -4.3142  C  0  0  0  0  0
    7.0382   -0.6850   -2.9980  C  0  0  0  0  0
    6.4680   -2.2804   -5.0245  C  0  0  0  0  0
    7.0970   -2.6571   -6.1769  O  0  0  0  0  0
    8.3826   -2.0317   -6.2566  C  0  0  0  0  0
  1  5  1  0  0  0
  1  2  1  0  0  0
  2  3  1  0  0  0
  3  4  1  0  0  0
  4  9  1  0  0  0
  4  5  2  0  0  0
  5  6  1  0  0  0
  6  7  1  0  0  0
  7 12  1  0  0  0
  7  8  2  0  0  0
  8  9  1  0  0  0
  8 10  1  0  0  0
 10 11  1  0  0  0
 11 12  1  0  0  0
M  END
$$$$
C12=C(CC3=C(C1)COC3)COC2
  -ISIS-

 12 14  0  0  0  0  0  0  0  0  1
   10.4479    0.8219   -2.4166  C  0  0  0  0  0
    9.7972    1.0496   -1.1617  O  0  0  0  0  0
    8.5301    0.5413   -1.1976  C  0  0  0  0  0
    8.2923   -0.0121   -2.5248  C  0  0  0  0  0
    9.4294    0.1242   -3.2158  C  0  0  0  0  0
    9.6377   -0.4115   -4.5999  C  0  0  0  0  0
    8.4548   -1.2269   -5.0280  C  0  0  0  0  0
    7.3294   -1.3439   -4.3142  C  0  0  0  0  0
    7.0382   -0.6850   -2.9980  C  0  0  0  0  0
    6.4680   -2.2804   -5.0245  C  0  0  0  0  0
    7.0970   -2.6571   -6.1769  O  0  0  0  0  0
    8.3826   -2.0317   -6.2566  C  0  0  0  0  0
  1  5  1  0  0  0
  1  2  1  0  0  0
  2  3  1  0  0  0
  3  4  1  0  0  0
  4  9  1  0  0  0
  4  5  2  0  0  0
  5  6  1  0  0  0
  6  7  1  0  0  0
  7 12  1  0  0  0
  7  8  2  0  0  0
  8  9  1  0  0  0
  8 10  1  0  0  0
 10 11  1  0  0  0
 11 12  1  0  0  0
M  END
$$$$
