C12=C(NN=N1)NC=CC2
  -ISIS-

  9 10  0  0  0  0  0  0  0  0  1
   -6.6111    3.9666   -1.5984  C  0  0  0  0  0
   -5.7958    4.2940   -0.3720  C  0  0  0  0  0
   -4.4574    4.4325   -0.4710  C  0  0  0  0  0
   -3.7481    4.2929   -1.6509  N  0  0  0  0  0
   -4.4572    4.0006   -2.7588  C  0  0  0  0  0
   -5.8212    3.8316   -2.8060  C  0  0  0  0  0
   -6.1849    3.5464   -4.0939  N  0  0  0  0  0
   -5.0781    3.5358   -4.8402  N  0  0  0  0  0
   -4.0325    3.8106   -4.0327  N  0  0  0  0  0
  1  6  1  0  0  0
  1  2  1  0  0  0
  2  3  2  0  0  0
  3  4  1  0  0  0
  4  5  1  0  0  0
  5  9  1  0  0  0
  5  6  2  0  0  0
  6  7  1  0  0  0
  7  8  2  0  0  0
  8  9  1  0  0  0
M  END
$$$$
