C12=C(OC=CC1)COc3c2cccc3
  -ISIS-

 14 16  0  0  0  0  0  0  0  0  1
    3.6099    1.6731    5.4936  C  0  0  0  0  0
    4.6910    2.1717    6.2066  O  0  0  0  0  0
    5.9853    1.9921    5.7445  C  0  0  0  0  0
    6.2194    1.5465    4.4949  C  0  0  0  0  0
    5.0784    1.2574    3.5356  C  0  0  0  0  0
    3.7257    1.2111    4.2345  C  0  0  0  0  0
    2.5357    0.6492    3.5700  C  0  0  0  0  0
    1.3159    0.6819    4.2472  C  0  0  0  0  0
    0.1355    0.1802    3.6950  C  0  0  0  0  0
    0.1627   -0.3814    2.4241  C  0  0  0  0  0
    1.3653   -0.4377    1.7248  C  0  0  0  0  0
    2.5408    0.0704    2.2936  C  0  0  0  0  0
    1.2073    1.2182    5.5410  O  0  0  0  0  0
    2.3142    1.6982    6.2185  C  0  0  0  0  0
  1  6  2  0  0  0
  1 14  1  0  0  0
  1  2  1  0  0  0
  2  3  1  0  0  0
  3  4  2  0  0  0
  4  5  1  0  0  0
  5  6  1  0  0  0
  6  7  1  0  0  0
  7 12  2  0  0  0
  7  8  1  0  0  0
  8  9  2  0  0  0
  8 13  1  0  0  0
  9 10  1  0  0  0
 10 11  2  0  0  0
 11 12  1  0  0  0
 13 14  1  0  0  0
M  END
$$$$
C12=C(OC=CC1)COc3c2cccc3
  -ISIS-

 14 16  0  0  0  0  0  0  0  0  1
    3.6099    1.6731    5.4936  C  0  0  0  0  0
    4.6910    2.1717    6.2066  O  0  0  0  0  0
    5.9853    1.9921    5.7445  C  0  0  0  0  0
    6.2194    1.5465    4.4949  C  0  0  0  0  0
    5.0784    1.2574    3.5356  C  0  0  0  0  0
    3.7257    1.2111    4.2345  C  0  0  0  0  0
    2.5357    0.6492    3.5700  C  0  0  0  0  0
    1.3159    0.6819    4.2472  C  0  0  0  0  0
    0.1355    0.1802    3.6950  C  0  0  0  0  0
    0.1627   -0.3814    2.4241  C  0  0  0  0  0
    1.3653   -0.4377    1.7248  C  0  0  0  0  0
    2.5408    0.0704    2.2936  C  0  0  0  0  0
    1.2073    1.2182    5.5410  O  0  0  0  0  0
    2.3142    1.6982    6.2185  C  0  0  0  0  0
  1  6  2  0  0  0
  1 14  1  0  0  0
  1  2  1  0  0  0
  2  3  1  0  0  0
  3  4  2  0  0  0
  4  5  1  0  0  0
  5  6  1  0  0  0
  6  7  1  0  0  0
  7 12  2  0  0  0
  7  8  1  0  0  0
  8  9  2  0  0  0
  8 13  1  0  0  0
  9 10  1  0  0  0
 10 11  2  0  0  0
 11 12  1  0  0  0
 13 14  1  0  0  0
M  END
$$$$
C12=C(OC=CC1)COc3c2cccc3
  -ISIS-

 14 16  0  0  0  0  0  0  0  0  1
    3.6099    1.6731    5.4936  C  0  0  0  0  0
    4.6910    2.1717    6.2066  O  0  0  0  0  0
    5.9853    1.9921    5.7445  C  0  0  0  0  0
    6.2194    1.5465    4.4949  C  0  0  0  0  0
    5.0784    1.2574    3.5356  C  0  0  0  0  0
    3.7257    1.2111    4.2345  C  0  0  0  0  0
    2.5357    0.6492    3.5700  C  0  0  0  0  0
    1.3159    0.6819    4.2472  C  0  0  0  0  0
    0.1355    0.1802    3.6950  C  0  0  0  0  0
    0.1627   -0.3814    2.4241  C  0  0  0  0  0
    1.3653   -0.4377    1.7248  C  0  0  0  0  0
    2.5408    0.0704    2.2936  C  0  0  0  0  0
    1.2073    1.2182    5.5410  O  0  0  0  0  0
    2.3142    1.6982    6.2185  C  0  0  0  0  0
  1  6  2  0  0  0
  1 14  1  0  0  0
  1  2  1  0  0  0
  2  3  1  0  0  0
  3  4  2  0  0  0
  4  5  1  0  0  0
  5  6  1  0  0  0
  6  7  1  0  0  0
  7 12  2  0  0  0
  7  8  1  0  0  0
  8  9  2  0  0  0
  8 13  1  0  0  0
  9 10  1  0  0  0
 10 11  2  0  0  0
 11 12  1  0  0  0
 13 14  1  0  0  0
M  END
$$$$
C12=C(OC=CC1)COc3c2cccc3
  -ISIS-

 14 16  0  0  0  0  0  0  0  0  1
    3.6099    1.6731    5.4936  C  0  0  0  0  0
    4.6910    2.1717    6.2066  O  0  0  0  0  0
    5.9853    1.9921    5.7445  C  0  0  0  0  0
    6.2194    1.5465    4.4949  C  0  0  0  0  0
    5.0784    1.2574    3.5356  C  0  0  0  0  0
    3.7257    1.2111    4.2345  C  0  0  0  0  0
    2.5357    0.6492    3.5700  C  0  0  0  0  0
    1.3159    0.6819    4.2472  C  0  0  0  0  0
    0.1355    0.1802    3.6950  C  0  0  0  0  0
    0.1627   -0.3814    2.4241  C  0  0  0  0  0
    1.3653   -0.4377    1.7248  C  0  0  0  0  0
    2.5408    0.0704    2.2936  C  0  0  0  0  0
    1.2073    1.2182    5.5410  O  0  0  0  0  0
    2.3142    1.6982    6.2185  C  0  0  0  0  0
  1  6  2  0  0  0
  1 14  1  0  0  0
  1  2  1  0  0  0
  2  3  1  0  0  0
  3  4  2  0  0  0
  4  5  1  0  0  0
  5  6  1  0  0  0
  6  7  1  0  0  0
  7 12  2  0  0  0
  7  8  1  0  0  0
  8  9  2  0  0  0
  8 13  1  0  0  0
  9 10  1  0  0  0
 10 11  2  0  0  0
 11 12  1  0  0  0
 13 14  1  0  0  0
M  END
$$$$
C12=C(OC=CC1)COc3c2cccc3
  -ISIS-

 14 16  0  0  0  0  0  0  0  0  1
   -5.9036    2.3392   -1.8075  C  0  0  0  0  0
   -6.3388    1.4612   -2.7903  O  0  0  0  0  0
   -6.4594    1.8775   -4.1069  C  0  0  0  0  0
   -5.9450    3.0550   -4.5106  C  0  0  0  0  0
   -5.1851    3.9535   -3.5511  C  0  0  0  0  0
   -5.3608    3.5367   -2.0970  C  0  0  0  0  0
   -4.9690    4.4281   -0.9902  C  0  0  0  0  0
   -5.1207    3.9709    0.3196  C  0  0  0  0  0
   -4.7711    4.7419    1.4300  C  0  0  0  0  0
   -4.2544    6.0177    1.2382  C  0  0  0  0  0
   -4.0963    6.5066   -0.0559  C  0  0  0  0  0
   -4.4525    5.7200   -1.1594  C  0  0  0  0  0
   -5.6464    2.6983    0.5980  O  0  0  0  0  0
   -6.0722    1.8555   -0.4136  C  0  0  0  0  0
  1  6  2  0  0  0
  1 14  1  0  0  0
  1  2  1  0  0  0
  2  3  1  0  0  0
  3  4  2  0  0  0
  4  5  1  0  0  0
  5  6  1  0  0  0
  6  7  1  0  0  0
  7 12  2  0  0  0
  7  8  1  0  0  0
  8  9  2  0  0  0
  8 13  1  0  0  0
  9 10  1  0  0  0
 10 11  2  0  0  0
 11 12  1  0  0  0
 13 14  1  0  0  0
M  END
$$$$
C12=C(OC=CC1)COc3c2cccc3
  -ISIS-

 14 16  0  0  0  0  0  0  0  0  1
   -5.9036    2.3392   -1.8075  C  0  0  0  0  0
   -6.3388    1.4612   -2.7903  O  0  0  0  0  0
   -6.4594    1.8775   -4.1069  C  0  0  0  0  0
   -5.9450    3.0550   -4.5106  C  0  0  0  0  0
   -5.1851    3.9535   -3.5511  C  0  0  0  0  0
   -5.3608    3.5367   -2.0970  C  0  0  0  0  0
   -4.9690    4.4281   -0.9902  C  0  0  0  0  0
   -5.1207    3.9709    0.3196  C  0  0  0  0  0
   -4.7711    4.7419    1.4300  C  0  0  0  0  0
   -4.2544    6.0177    1.2382  C  0  0  0  0  0
   -4.0963    6.5066   -0.0559  C  0  0  0  0  0
   -4.4525    5.7200   -1.1594  C  0  0  0  0  0
   -5.6464    2.6983    0.5980  O  0  0  0  0  0
   -6.0722    1.8555   -0.4136  C  0  0  0  0  0
  1  6  2  0  0  0
  1 14  1  0  0  0
  1  2  1  0  0  0
  2  3  1  0  0  0
  3  4  2  0  0  0
  4  5  1  0  0  0
  5  6  1  0  0  0
  6  7  1  0  0  0
  7 12  2  0  0  0
  7  8  1  0  0  0
  8  9  2  0  0  0
  8 13  1  0  0  0
  9 10  1  0  0  0
 10 11  2  0  0  0
 11 12  1  0  0  0
 13 14  1  0  0  0
M  END
$$$$
C12=C(OC=CC1)COc3c2cccc3
  -ISIS-

 14 16  0  0  0  0  0  0  0  0  1
   -5.9036    2.3392   -1.8075  C  0  0  0  0  0
   -6.3388    1.4612   -2.7903  O  0  0  0  0  0
   -6.4594    1.8775   -4.1069  C  0  0  0  0  0
   -5.9450    3.0550   -4.5106  C  0  0  0  0  0
   -5.1851    3.9535   -3.5511  C  0  0  0  0  0
   -5.3608    3.5367   -2.0970  C  0  0  0  0  0
   -4.9690    4.4281   -0.9902  C  0  0  0  0  0
   -5.1207    3.9709    0.3196  C  0  0  0  0  0
   -4.7711    4.7419    1.4300  C  0  0  0  0  0
   -4.2544    6.0177    1.2382  C  0  0  0  0  0
   -4.0963    6.5066   -0.0559  C  0  0  0  0  0
   -4.4525    5.7200   -1.1594  C  0  0  0  0  0
   -5.6464    2.6983    0.5980  O  0  0  0  0  0
   -6.0722    1.8555   -0.4136  C  0  0  0  0  0
  1  6  2  0  0  0
  1 14  1  0  0  0
  1  2  1  0  0  0
  2  3  1  0  0  0
  3  4  2  0  0  0
  4  5  1  0  0  0
  5  6  1  0  0  0
  6  7  1  0  0  0
  7 12  2  0  0  0
  7  8  1  0  0  0
  8  9  2  0  0  0
  8 13  1  0  0  0
  9 10  1  0  0  0
 10 11  2  0  0  0
 11 12  1  0  0  0
 13 14  1  0  0  0
M  END
$$$$
C12=C(OC=CC1)COc3c2cccc3
  -ISIS-

 14 16  0  0  0  0  0  0  0  0  1
   -5.9036    2.3392   -1.8075  C  0  0  0  0  0
   -6.3388    1.4612   -2.7903  O  0  0  0  0  0
   -6.4594    1.8775   -4.1069  C  0  0  0  0  0
   -5.9450    3.0550   -4.5106  C  0  0  0  0  0
   -5.1851    3.9535   -3.5511  C  0  0  0  0  0
   -5.3608    3.5367   -2.0970  C  0  0  0  0  0
   -4.9690    4.4281   -0.9902  C  0  0  0  0  0
   -5.1207    3.9709    0.3196  C  0  0  0  0  0
   -4.7711    4.7419    1.4300  C  0  0  0  0  0
   -4.2544    6.0177    1.2382  C  0  0  0  0  0
   -4.0963    6.5066   -0.0559  C  0  0  0  0  0
   -4.4525    5.7200   -1.1594  C  0  0  0  0  0
   -5.6464    2.6983    0.5980  O  0  0  0  0  0
   -6.0722    1.8555   -0.4136  C  0  0  0  0  0
  1  6  2  0  0  0
  1 14  1  0  0  0
  1  2  1  0  0  0
  2  3  1  0  0  0
  3  4  2  0  0  0
  4  5  1  0  0  0
  5  6  1  0  0  0
  6  7  1  0  0  0
  7 12  2  0  0  0
  7  8  1  0  0  0
  8  9  2  0  0  0
  8 13  1  0  0  0
  9 10  1  0  0  0
 10 11  2  0  0  0
 11 12  1  0  0  0
 13 14  1  0  0  0
M  END
$$$$
C12=C(OC=CC1)COc3c2cccc3
  -ISIS-

 14 16  0  0  0  0  0  0  0  0  1
   -0.1125   -7.8313    7.8024  C  0  0  0  0  0
   -0.1609   -7.9656    6.4217  O  0  0  0  0  0
   -0.3720   -6.8587    5.6144  C  0  0  0  0  0
   -0.2681   -5.6105    6.1099  C  0  0  0  0  0
    0.0921   -5.3691    7.5645  C  0  0  0  0  0
   -0.0097   -6.6333    8.4078  C  0  0  0  0  0
   -0.0174   -6.5753    9.8804  C  0  0  0  0  0
   -0.0719   -7.7732   10.5942  C  0  0  0  0  0
   -0.0800   -7.8165   11.9897  C  0  0  0  0  0
   -0.0366   -6.6278   12.7084  C  0  0  0  0  0
    0.0113   -5.4147   12.0265  C  0  0  0  0  0
    0.0188   -5.3888   10.6256  C  0  0  0  0  0
   -0.1270   -9.0160    9.9416  O  0  0  0  0  0
   -0.1598   -9.1069    8.5610  C  0  0  0  0  0
  1  6  2  0  0  0
  1 14  1  0  0  0
  1  2  1  0  0  0
  2  3  1  0  0  0
  3  4  2  0  0  0
  4  5  1  0  0  0
  5  6  1  0  0  0
  6  7  1  0  0  0
  7 12  2  0  0  0
  7  8  1  0  0  0
  8  9  2  0  0  0
  8 13  1  0  0  0
  9 10  1  0  0  0
 10 11  2  0  0  0
 11 12  1  0  0  0
 13 14  1  0  0  0
M  END
$$$$
C12=C(OC=CC1)COc3c2cccc3
  -ISIS-

 14 16  0  0  0  0  0  0  0  0  1
   -0.1125   -7.8313    7.8024  C  0  0  0  0  0
   -0.1609   -7.9656    6.4217  O  0  0  0  0  0
   -0.3720   -6.8587    5.6144  C  0  0  0  0  0
   -0.2681   -5.6105    6.1099  C  0  0  0  0  0
    0.0921   -5.3691    7.5645  C  0  0  0  0  0
   -0.0097   -6.6333    8.4078  C  0  0  0  0  0
   -0.0174   -6.5753    9.8804  C  0  0  0  0  0
   -0.0719   -7.7732   10.5942  C  0  0  0  0  0
   -0.0800   -7.8165   11.9897  C  0  0  0  0  0
   -0.0366   -6.6278   12.7084  C  0  0  0  0  0
    0.0113   -5.4147   12.0265  C  0  0  0  0  0
    0.0188   -5.3888   10.6256  C  0  0  0  0  0
   -0.1270   -9.0160    9.9416  O  0  0  0  0  0
   -0.1598   -9.1069    8.5610  C  0  0  0  0  0
  1  6  2  0  0  0
  1 14  1  0  0  0
  1  2  1  0  0  0
  2  3  1  0  0  0
  3  4  2  0  0  0
  4  5  1  0  0  0
  5  6  1  0  0  0
  6  7  1  0  0  0
  7 12  2  0  0  0
  7  8  1  0  0  0
  8  9  2  0  0  0
  8 13  1  0  0  0
  9 10  1  0  0  0
 10 11  2  0  0  0
 11 12  1  0  0  0
 13 14  1  0  0  0
M  END
$$$$
C12=C(OC=CC1)COc3c2cccc3
  -ISIS-

 14 16  0  0  0  0  0  0  0  0  1
   -0.1125   -7.8313    7.8024  C  0  0  0  0  0
   -0.1609   -7.9656    6.4217  O  0  0  0  0  0
   -0.3720   -6.8587    5.6144  C  0  0  0  0  0
   -0.2681   -5.6105    6.1099  C  0  0  0  0  0
    0.0921   -5.3691    7.5645  C  0  0  0  0  0
   -0.0097   -6.6333    8.4078  C  0  0  0  0  0
   -0.0174   -6.5753    9.8804  C  0  0  0  0  0
   -0.0719   -7.7732   10.5942  C  0  0  0  0  0
   -0.0800   -7.8165   11.9897  C  0  0  0  0  0
   -0.0366   -6.6278   12.7084  C  0  0  0  0  0
    0.0113   -5.4147   12.0265  C  0  0  0  0  0
    0.0188   -5.3888   10.6256  C  0  0  0  0  0
   -0.1270   -9.0160    9.9416  O  0  0  0  0  0
   -0.1598   -9.1069    8.5610  C  0  0  0  0  0
  1  6  2  0  0  0
  1 14  1  0  0  0
  1  2  1  0  0  0
  2  3  1  0  0  0
  3  4  2  0  0  0
  4  5  1  0  0  0
  5  6  1  0  0  0
  6  7  1  0  0  0
  7 12  2  0  0  0
  7  8  1  0  0  0
  8  9  2  0  0  0
  8 13  1  0  0  0
  9 10  1  0  0  0
 10 11  2  0  0  0
 11 12  1  0  0  0
 13 14  1  0  0  0
M  END
$$$$
C12=C(OC=CC1)COc3c2cccc3
  -ISIS-

 14 16  0  0  0  0  0  0  0  0  1
   -0.1125   -7.8313    7.8024  C  0  0  0  0  0
   -0.1609   -7.9656    6.4217  O  0  0  0  0  0
   -0.3720   -6.8587    5.6144  C  0  0  0  0  0
   -0.2681   -5.6105    6.1099  C  0  0  0  0  0
    0.0921   -5.3691    7.5645  C  0  0  0  0  0
   -0.0097   -6.6333    8.4078  C  0  0  0  0  0
   -0.0174   -6.5753    9.8804  C  0  0  0  0  0
   -0.0719   -7.7732   10.5942  C  0  0  0  0  0
   -0.0800   -7.8165   11.9897  C  0  0  0  0  0
   -0.0366   -6.6278   12.7084  C  0  0  0  0  0
    0.0113   -5.4147   12.0265  C  0  0  0  0  0
    0.0188   -5.3888   10.6256  C  0  0  0  0  0
   -0.1270   -9.0160    9.9416  O  0  0  0  0  0
   -0.1598   -9.1069    8.5610  C  0  0  0  0  0
  1  6  2  0  0  0
  1 14  1  0  0  0
  1  2  1  0  0  0
  2  3  1  0  0  0
  3  4  2  0  0  0
  4  5  1  0  0  0
  5  6  1  0  0  0
  6  7  1  0  0  0
  7 12  2  0  0  0
  7  8  1  0  0  0
  8  9  2  0  0  0
  8 13  1  0  0  0
  9 10  1  0  0  0
 10 11  2  0  0  0
 11 12  1  0  0  0
 13 14  1  0  0  0
M  END
$$$$
