C12=C(OC=CC13c4c5c(ccc4)CCCN5C3)CCCC2
  -ISIS-

 21 25  0  0  0  0  0  0  0  0  1
    0.0278    1.8227   -2.2714  N  0  0  0  0  0
    1.3078    1.1139   -2.3960  C  0  0  0  0  0
    1.9042    1.3555   -3.8136  C  0  0  0  0  0
    0.9134    1.0885   -4.9689  C  0  0  0  0  0
   -0.3897    1.8078   -4.7110  C  0  0  0  0  0
   -0.7436    2.0985   -3.4057  C  0  0  0  0  0
   -1.9508    2.6974   -3.0532  C  0  0  0  0  0
   -2.0338    2.7857   -1.5432  C  0  0  0  0  0
   -0.6658    2.1621   -1.1027  C  0  0  0  0  0
   -2.1443    4.1979   -1.0201  C  0  0  0  0  0
   -3.1829    4.5805   -0.2570  C  0  0  0  0  0
   -4.1933    3.7067    0.1055  O  0  0  0  0  0
   -4.1238    2.3610   -0.2262  C  0  0  0  0  0
   -3.1263    1.8751   -0.9940  C  0  0  0  0  0
   -3.3883    5.9714    0.2755  C  0  0  0  0  0
   -2.6212    7.0473   -0.5155  C  0  0  0  0  0
   -1.1715    6.5818   -0.7085  C  0  0  0  0  0
   -1.0705    5.1934   -1.3103  C  0  0  0  0  0
   -2.8676    3.0534   -4.0277  C  0  0  0  0  0
   -2.5574    2.7669   -5.3659  C  0  0  0  0  0
   -1.3262    2.1488   -5.6965  C  0  0  0  0  0
  1  9  1  0  0  0
  1  6  1  0  0  0
  1  2  1  0  0  0
  2  3  1  0  0  0
  3  4  1  0  0  0
  4  5  1  0  0  0
  5 21  2  0  0  0
  5  6  2  0  0  0
  6  7  2  0  0  0
  7  8  1  0  0  0
  7 19  1  0  0  0
  8 14  1  0  0  0
  8  9  1  0  0  0
  8 10  1  0  0  0
 10 18  1  0  0  0
 10 11  2  0  0  0
 11 12  1  0  0  0
 11 15  1  0  0  0
 12 13  1  0  0  0
 13 14  2  0  0  0
 15 16  1  0  0  0
 16 17  1  0  0  0
 17 18  1  0  0  0
 19 20  2  0  0  0
 20 21  1  0  0  0
M  END
$$$$
