C12=C(CC3C4C1(CCN3)CCCC4)CCCC2
  -ISIS-

 17 20  0  0  0  0  0  0  0  0  1
    3.5395    3.4575    5.5288  C  0  0  0  0  0
    2.0503    3.5037    5.8141  C  0  0  0  0  0
    1.2422    2.9023    4.6789  C  0  0  0  0  0
   -0.3459    3.1419    4.7526  C  0  0  0  0  0
   -0.9554    2.0917    3.8297  C  0  0  0  0  0
   -0.2528    2.4973    2.5295  C  0  0  0  0  0
    1.0736    1.8073    2.3323  C  0  0  0  0  0
    1.8530    2.2289    3.6394  C  0  0  0  0  0
    3.3392    1.9514    3.5943  C  0  0  0  0  0
    4.0518    2.1815    4.9186  C  0  0  0  0  0
   -1.1932    3.2964    1.7434  N  0  0  0  0  0
   -1.6485    4.4690    2.7261  C  0  0  0  0  0
   -0.8207    4.5401    4.1101  C  0  0  0  0  0
   -0.8220    0.6434    4.3275  C  0  0  0  0  0
   -1.4272    0.5119    5.7250  C  0  0  0  0  0
   -0.8179    1.5229    6.6946  C  0  0  0  0  0
   -0.9317    2.9585    6.1704  C  0  0  0  0  0
  1 10  1  0  0  0
  1  2  1  0  0  0
  2  3  1  0  0  0
  3  8  2  0  0  0
  3  4  1  0  0  0
  4 17  1  0  0  0
  4 13  1  0  0  0
  4  5  1  0  0  0
  5  6  1  0  0  0
  5 14  1  0  0  0
  6  7  1  0  0  0
  6 11  1  0  0  0
  7  8  1  0  0  0
  8  9  1  0  0  0
  9 10  1  0  0  0
 11 12  1  0  0  0
 12 13  1  0  0  0
 14 15  1  0  0  0
 15 16  1  0  0  0
 16 17  1  0  0  0
M  END
$$$$
C12=C(CC3C4C1(CCN3)CCCC4)CCCC2
  -ISIS-

 17 20  0  0  0  0  0  0  0  0  1
    3.5395    3.4575    5.5288  C  0  0  0  0  0
    2.0503    3.5037    5.8141  C  0  0  0  0  0
    1.2422    2.9023    4.6789  C  0  0  0  0  0
   -0.3459    3.1419    4.7526  C  0  0  0  0  0
   -0.9554    2.0917    3.8297  C  0  0  0  0  0
   -0.2528    2.4973    2.5295  C  0  0  0  0  0
    1.0736    1.8073    2.3323  C  0  0  0  0  0
    1.8530    2.2289    3.6394  C  0  0  0  0  0
    3.3392    1.9514    3.5943  C  0  0  0  0  0
    4.0518    2.1815    4.9186  C  0  0  0  0  0
   -1.1932    3.2964    1.7434  N  0  0  0  0  0
   -1.6485    4.4690    2.7261  C  0  0  0  0  0
   -0.8207    4.5401    4.1101  C  0  0  0  0  0
   -0.8220    0.6434    4.3275  C  0  0  0  0  0
   -1.4272    0.5119    5.7250  C  0  0  0  0  0
   -0.8179    1.5229    6.6946  C  0  0  0  0  0
   -0.9317    2.9585    6.1704  C  0  0  0  0  0
  1 10  1  0  0  0
  1  2  1  0  0  0
  2  3  1  0  0  0
  3  8  2  0  0  0
  3  4  1  0  0  0
  4 17  1  0  0  0
  4 13  1  0  0  0
  4  5  1  0  0  0
  5  6  1  0  0  0
  5 14  1  0  0  0
  6  7  1  0  0  0
  6 11  1  0  0  0
  7  8  1  0  0  0
  8  9  1  0  0  0
  9 10  1  0  0  0
 11 12  1  0  0  0
 12 13  1  0  0  0
 14 15  1  0  0  0
 15 16  1  0  0  0
 16 17  1  0  0  0
M  END
$$$$
