C12=C(Nc3c1cccc3)CNCCC2
  -ISIS-

 14 16  0  0  0  0  0  0  0  0  1
    3.8570   -7.9784   -4.5442  C  0  0  0  0  0
    2.4747   -7.5837   -4.3620  C  0  0  0  0  0
    2.2550   -6.2775   -3.9023  N  0  0  0  0  0
    3.2282   -5.2225   -4.1815  C  0  0  0  0  0
    4.3997   -5.1644   -3.2006  C  0  0  0  0  0
    5.0114   -6.5097   -2.8163  C  0  0  0  0  0
    5.0049   -7.5165   -3.9171  C  0  0  0  0  0
    6.1153   -8.2146   -4.4849  C  0  0  0  0  0
    7.5079   -8.1676   -4.2762  C  0  0  0  0  0
    8.3423   -9.0146   -5.0090  C  0  0  0  0  0
    7.8075   -9.9051   -5.9366  C  0  0  0  0  0
    6.4226   -9.9890   -6.1720  C  0  0  0  0  0
    5.6081   -9.1223   -5.4181  C  0  0  0  0  0
    4.2388   -8.9808   -5.3995  N  0  0  0  0  0
  1 14  1  0  0  0
  1  7  2  0  0  0
  1  2  1  0  0  0
  2  3  1  0  0  0
  3  4  1  0  0  0
  4  5  1  0  0  0
  5  6  1  0  0  0
  6  7  1  0  0  0
  7  8  1  0  0  0
  8 13  2  0  0  0
  8  9  1  0  0  0
  9 10  2  0  0  0
 10 11  1  0  0  0
 11 12  2  0  0  0
 12 13  1  0  0  0
 13 14  1  0  0  0
M  END
$$$$
