C12=C(c3c(cccc3)N1)CN4c5c2cccc5CC4
  -ISIS-

 19 23  0  0  0  0  0  0  0  0  1
    2.9245   -2.4347   -0.0543  C  0  0  0  0  0
    3.5893   -3.2431   -1.0911  C  0  0  0  0  0
    4.7614   -2.6804   -1.5770  N  0  0  0  0  0
    5.2771   -1.4596   -1.1345  C  0  0  0  0  0
    6.4529   -1.1387   -1.7868  C  0  0  0  0  0
    7.0939    0.0419   -1.4642  C  0  0  0  0  0
    6.5190    0.8699   -0.4807  C  0  0  0  0  0
    5.3157    0.5207    0.1728  C  0  0  0  0  0
    4.6814   -0.6679   -0.1604  C  0  0  0  0  0
    3.4526   -1.2205    0.3747  C  0  0  0  0  0
    2.6264   -0.7075    1.3314  N  0  0  0  0  0
    1.5634   -1.5620    1.5406  C  0  0  0  0  0
    0.4789   -1.4484    2.4192  C  0  0  0  0  0
   -0.4657   -2.4793    2.4218  C  0  0  0  0  0
   -0.3305   -3.5798    1.5789  C  0  0  0  0  0
    0.7587   -3.6801    0.7064  C  0  0  0  0  0
    1.7262   -2.6555    0.6824  C  0  0  0  0  0
    6.8059   -2.2120   -2.7709  C  0  0  0  0  0
    5.6461   -3.2283   -2.6007  C  0  0  0  0  0
  1 10  2  0  0  0
  1 17  1  0  0  0
  1  2  1  0  0  0
  2  3  1  0  0  0
  3 19  1  0  0  0
  3  4  1  0  0  0
  4  9  2  0  0  0
  4  5  1  0  0  0
  5  6  2  0  0  0
  5 18  1  0  0  0
  6  7  1  0  0  0
  7  8  2  0  0  0
  8  9  1  0  0  0
  9 10  1  0  0  0
 10 11  1  0  0  0
 11 12  1  0  0  0
 12 17  2  0  0  0
 12 13  1  0  0  0
 13 14  2  0  0  0
 14 15  1  0  0  0
 15 16  2  0  0  0
 16 17  1  0  0  0
 18 19  1  0  0  0
M  END
$$$$
C12=C(c3c(cccc3)N1)CN4c5c2cccc5CC4
  -ISIS-

 19 23  0  0  0  0  0  0  0  0  1
   -3.2893   -2.1063    4.0984  C  0  0  0  0  0
   -4.1579   -1.0800    3.4965  C  0  0  0  0  0
   -3.5830    0.1821    3.4432  N  0  0  0  0  0
   -2.2987    0.4697    3.9120  C  0  0  0  0  0
   -1.9800    1.8031    3.7342  C  0  0  0  0  0
   -0.7404    2.2534    4.1458  C  0  0  0  0  0
    0.1477    1.3302    4.7310  C  0  0  0  0  0
   -0.2004   -0.0285    4.9026  C  0  0  0  0  0
   -1.4488   -0.4683    4.4848  C  0  0  0  0  0
   -2.0122   -1.8019    4.5605  C  0  0  0  0  0
   -1.4535   -2.9421    5.0596  N  0  0  0  0  0
   -2.3395   -3.9924    4.9345  C  0  0  0  0  0
   -2.1993   -5.3353    5.3060  C  0  0  0  0  0
   -3.2746   -6.1937    5.0574  C  0  0  0  0  0
   -4.4434   -5.7271    4.4609  C  0  0  0  0  0
   -4.5695   -4.3826    4.0948  C  0  0  0  0  0
   -3.5014   -3.4946    4.3335  C  0  0  0  0  0
   -3.1241    2.5252    3.0903  C  0  0  0  0  0
   -4.1787    1.4022    2.9069  C  0  0  0  0  0
  1 10  2  0  0  0
  1 17  1  0  0  0
  1  2  1  0  0  0
  2  3  1  0  0  0
  3 19  1  0  0  0
  3  4  1  0  0  0
  4  9  2  0  0  0
  4  5  1  0  0  0
  5  6  2  0  0  0
  5 18  1  0  0  0
  6  7  1  0  0  0
  7  8  2  0  0  0
  8  9  1  0  0  0
  9 10  1  0  0  0
 10 11  1  0  0  0
 11 12  1  0  0  0
 12 17  2  0  0  0
 12 13  1  0  0  0
 13 14  2  0  0  0
 14 15  1  0  0  0
 15 16  2  0  0  0
 16 17  1  0  0  0
 18 19  1  0  0  0
M  END
$$$$
