C12=C(SC3C(S1)C4C5C=CC(C4C3)C5)SCS2
  -ISIS-

 17 21  0  0  0  0  0  0  0  0  1
    5.1728    1.9059    0.9526  C  0  0  0  0  0
    6.2508    2.6171    2.1235  S  0  0  0  0  0
    5.0866    3.7279    2.8253  C  0  0  0  0  0
    3.4994    3.6064    2.0861  S  0  0  0  0  0
    3.9074    2.3644    0.9354  C  0  0  0  0  0
    2.6887    1.8112   -0.1695  S  0  0  0  0  0
    2.9560    0.0201   -0.0054  C  0  0  0  0  0
    4.4487   -0.4899   -0.1748  C  0  0  0  0  0
    4.3471   -1.1538   -1.5309  C  0  0  0  0  0
    3.0158   -1.9223   -1.3306  C  0  0  0  0  0
    2.0915   -0.7650   -1.0655  C  0  0  0  0  0
    3.0916   -2.9965   -2.4142  C  0  0  0  0  0
    3.4993   -2.4776   -3.7724  C  0  0  0  0  0
    4.7836   -2.0798   -3.6906  C  0  0  0  0  0
    5.2150   -2.2155   -2.2312  C  0  0  0  0  0
    4.4863   -3.5465   -1.9865  C  0  0  0  0  0
    5.8036    0.7177   -0.1435  S  0  0  0  0  0
  1  5  2  0  0  0
  1 17  1  0  0  0
  1  2  1  0  0  0
  2  3  1  0  0  0
  3  4  1  0  0  0
  4  5  1  0  0  0
  5  6  1  0  0  0
  6  7  1  0  0  0
  7 11  1  0  0  0
  7  8  1  0  0  0
  8  9  1  0  0  0
  8 17  1  0  0  0
  9 15  1  0  0  0
  9 10  1  0  0  0
 10 11  1  0  0  0
 10 12  1  0  0  0
 12 16  1  0  0  0
 12 13  1  0  0  0
 13 14  2  0  0  0
 14 15  1  0  0  0
 15 16  1  0  0  0
M  END
$$$$
