C12=C(COc3c1c[c]4c5c(o[c]4c3)CCCC5)CCC2
  -ISIS-

 20 24  0  0  0  0  0  0  0  0  1
   -2.9881   -4.3263    3.5498  C  0  0  0  0  0
   -3.6137   -4.4387    4.8272  O  0  0  0  0  0
   -3.5064   -5.5729    5.6268  C  0  0  0  0  0
   -2.6884   -6.6492    5.0688  C  0  0  0  0  0
   -2.4414   -7.9442    5.7546  C  0  0  0  0  0
   -1.2930   -8.5300    4.9265  C  0  0  0  0  0
   -1.3205   -7.8138    3.5702  C  0  0  0  0  0
   -2.0839   -6.5728    3.8815  C  0  0  0  0  0
   -2.2161   -5.3888    3.0537  C  0  0  0  0  0
   -1.6108   -5.2741    1.7957  C  0  0  0  0  0
   -1.7913   -4.0878    1.0586  C  0  0  0  0  0
   -1.3552   -3.6104   -0.2047  C  0  0  0  0  0
   -0.4957   -4.2148   -1.2564  C  0  0  0  0  0
   -0.6330   -3.4434   -2.5880  C  0  0  0  0  0
   -0.6117   -1.9116   -2.3916  C  0  0  0  0  0
   -1.7508   -1.4175   -1.4763  C  0  0  0  0  0
   -1.8835   -2.3466   -0.3333  C  0  0  0  0  0
   -2.6207   -2.0005    0.7446  O  0  0  0  0  0
   -2.5675   -3.0634    1.6059  C  0  0  0  0  0
   -3.1976   -3.1210    2.8535  C  0  0  0  0  0
  1  9  2  0  0  0
  1 20  1  0  0  0
  1  2  1  0  0  0
  2  3  1  0  0  0
  3  4  1  0  0  0
  4  8  2  0  0  0
  4  5  1  0  0  0
  5  6  1  0  0  0
  6  7  1  0  0  0
  7  8  1  0  0  0
  8  9  1  0  0  0
  9 10  1  0  0  0
 10 11  2  0  0  0
 11 19  1  0  0  0
 11 12  1  0  0  0
 12 17  2  0  0  0
 12 13  1  0  0  0
 13 14  1  0  0  0
 14 15  1  0  0  0
 15 16  1  0  0  0
 16 17  1  0  0  0
 17 18  1  0  0  0
 18 19  1  0  0  0
 19 20  2  0  0  0
M  END
$$$$
