C12=C(C3C1C=CC3)CCCc4c2cccc4
  -ISIS-

 16 19  0  0  0  0  0  0  0  0  1
   -7.6500    1.7162    0.8071  C  0  0  0  0  0
   -8.8788    1.2994    1.6359  C  0  0  0  0  0
   -9.0582    0.5461    2.7826  C  0  0  0  0  0
   -8.1232   -0.0358    3.7884  C  0  0  0  0  0
   -8.6307   -0.9272    4.7576  C  0  0  0  0  0
   -7.7462   -1.5664    5.6461  C  0  0  0  0  0
   -6.3922   -1.2226    5.6567  C  0  0  0  0  0
   -5.9053   -0.3232    4.7080  C  0  0  0  0  0
   -6.7485    0.2773    3.7524  C  0  0  0  0  0
   -6.1090    1.2776    2.8074  C  0  0  0  0  0
   -6.3727    1.0448    1.3164  C  0  0  0  0  0
  -10.4731    1.0751    2.8351  C  0  0  0  0  0
  -11.8668    0.5905    2.9035  C  0  0  0  0  0
  -12.5764    1.1021    1.8685  C  0  0  0  0  0
  -11.5689    1.6564    0.8743  C  0  0  0  0  0
  -10.2830    0.9207    1.2450  C  0  0  0  0  0
  1 11  1  0  0  0
  1  2  1  0  0  0
  2 16  1  0  0  0
  2  3  2  0  0  0
  3  4  1  0  0  0
  3 12  1  0  0  0
  4  9  2  0  0  0
  4  5  1  0  0  0
  5  6  2  0  0  0
  6  7  1  0  0  0
  7  8  2  0  0  0
  8  9  1  0  0  0
  9 10  1  0  0  0
 10 11  1  0  0  0
 12 16  1  0  0  0
 12 13  1  0  0  0
 13 14  2  0  0  0
 14 15  1  0  0  0
 15 16  1  0  0  0
M  END
$$$$
