C12=CCN3C1CC(OCCCCCCOC2)C3
  -ISIS-

 17 19  0  0  0  0  0  0  0  0  1
    1.0267    2.9603   -0.1171  C  0  0  0  0  0
    2.1893    3.9699    0.0256  C  0  0  0  0  0
    3.1708    3.7926   -0.9957  O  0  0  0  0  0
    2.6245    3.5167   -2.2239  C  0  0  0  0  0
    1.7991    4.6152   -2.8252  C  0  0  0  0  0
    0.3806    4.2535   -3.2678  C  0  0  0  0  0
   -0.8617    5.0157   -2.6710  C  0  0  0  0  0
   -2.1552    4.1299   -2.4551  C  0  0  0  0  0
   -1.9606    2.9541   -1.4426  C  0  0  0  0  0
   -2.1488    3.3288   -0.1345  O  0  0  0  0  0
   -2.0209    2.2975    0.8858  C  0  0  0  0  0
   -0.8254    2.5734    1.7495  C  0  0  0  0  0
   -0.5706    2.4050    3.0659  C  0  0  0  0  0
    0.8379    2.8748    3.4259  C  0  0  0  0  0
    1.4763    2.9449    2.0933  N  0  0  0  0  0
    0.3336    3.2757    1.1776  C  0  0  0  0  0
    2.6361    3.7315    1.5215  C  0  0  0  0  0
  1 16  1  0  0  0
  1  2  1  0  0  0
  2 17  1  0  0  0
  2  3  1  0  0  0
  3  4  1  0  0  0
  4  5  1  0  0  0
  5  6  1  0  0  0
  6  7  1  0  0  0
  7  8  1  0  0  0
  8  9  1  0  0  0
  9 10  1  0  0  0
 10 11  1  0  0  0
 11 12  1  0  0  0
 12 16  1  0  0  0
 12 13  2  0  0  0
 13 14  1  0  0  0
 14 15  1  0  0  0
 15 16  1  0  0  0
 15 17  1  0  0  0
M  END
$$$$
