C12=C(C3(Cc4c1cccc4)CCCC3)CN5C(=N2)CCCCC5
  -ISIS-

 23 27  0  0  0  0  0  0  0  0  1
   -2.1693   -0.8676   -4.4981  C  0  0  0  0  0
   -1.5667   -0.0308   -5.5735  C  0  0  0  0  0
   -2.0756    1.2510   -5.7620  N  0  0  0  0  0
   -3.0679    1.7060   -4.9348  C  0  0  0  0  0
   -3.5161    1.0288   -3.9292  N  0  0  0  0  0
   -3.0406   -0.2306   -3.6968  C  0  0  0  0  0
   -3.4905   -0.8935   -2.4443  C  0  0  0  0  0
   -4.1138   -0.1624   -1.4191  C  0  0  0  0  0
   -4.5121   -0.7800   -0.2312  C  0  0  0  0  0
   -4.2977   -2.1424   -0.0516  C  0  0  0  0  0
   -3.6883   -2.8860   -1.0597  C  0  0  0  0  0
   -3.2759   -2.2650   -2.2490  C  0  0  0  0  0
   -2.6974   -3.0825   -3.3674  C  0  0  0  0  0
   -1.6945   -2.3049   -4.2750  C  0  0  0  0  0
   -0.2787   -2.3067   -3.6262  C  0  0  0  0  0
    0.6240   -3.1086   -4.5600  C  0  0  0  0  0
   -0.3172   -4.0455   -5.2909  C  0  0  0  0  0
   -1.5360   -3.1734   -5.5609  C  0  0  0  0  0
   -3.6891    3.0884   -5.0956  C  0  0  0  0  0
   -3.9896    3.4957   -6.5249  C  0  0  0  0  0
   -2.7868    4.1583   -7.1826  C  0  0  0  0  0
   -1.4626    3.4813   -6.8483  C  0  0  0  0  0
   -1.5409    1.9632   -6.9332  C  0  0  0  0  0
  1  6  2  0  0  0
  1 14  1  0  0  0
  1  2  1  0  0  0
  2  3  1  0  0  0
  3 23  1  0  0  0
  3  4  1  0  0  0
  4  5  2  0  0  0
  4 19  1  0  0  0
  5  6  1  0  0  0
  6  7  1  0  0  0
  7 12  2  0  0  0
  7  8  1  0  0  0
  8  9  2  0  0  0
  9 10  1  0  0  0
 10 11  2  0  0  0
 11 12  1  0  0  0
 12 13  1  0  0  0
 13 14  1  0  0  0
 14 18  1  0  0  0
 14 15  1  0  0  0
 15 16  1  0  0  0
 16 17  1  0  0  0
 17 18  1  0  0  0
 19 20  1  0  0  0
 20 21  1  0  0  0
 21 22  1  0  0  0
 22 23  1  0  0  0
M  END
$$$$
C12=C(C3(Cc4c1cccc4)CCCC3)CN5C(=N2)CCCCC5
  -ISIS-

 23 27  0  0  0  0  0  0  0  0  1
   -2.8084   -3.0837    2.9421  C  0  0  0  0  0
   -2.0500   -3.3955    4.1849  C  0  0  0  0  0
   -0.6722   -3.1942    4.1732  N  0  0  0  0  0
   -0.0858   -2.6412    3.0659  C  0  0  0  0  0
   -0.7291   -2.3986    1.9715  N  0  0  0  0  0
   -2.0680   -2.6603    1.9029  C  0  0  0  0  0
   -2.7121   -2.5002    0.5723  C  0  0  0  0  0
   -1.9448   -2.3917   -0.5993  C  0  0  0  0  0
   -2.5527   -2.2544   -1.8495  C  0  0  0  0  0
   -3.9398   -2.2168   -1.9469  C  0  0  0  0  0
   -4.7177   -2.3154   -0.7955  C  0  0  0  0  0
   -4.1096   -2.4672    0.4602  C  0  0  0  0  0
   -4.9457   -2.5036    1.7073  C  0  0  0  0  0
   -4.3168   -3.3339    2.8649  C  0  0  0  0  0
   -5.1451   -2.9793    4.1425  C  0  0  0  0  0
   -5.7200   -4.2944    4.6628  C  0  0  0  0  0
   -5.8595   -5.1487    3.4172  C  0  0  0  0  0
   -4.5789   -4.8499    2.6506  C  0  0  0  0  0
    1.4024   -2.3167    3.0125  C  0  0  0  0  0
    1.9606   -1.6617    4.2612  C  0  0  0  0  0
    2.4094   -2.6967    5.2838  C  0  0  0  0  0
    1.4582   -3.8813    5.4064  C  0  0  0  0  0
   -0.0036   -3.4589    5.4563  C  0  0  0  0  0
  1  6  2  0  0  0
  1 14  1  0  0  0
  1  2  1  0  0  0
  2  3  1  0  0  0
  3 23  1  0  0  0
  3  4  1  0  0  0
  4  5  2  0  0  0
  4 19  1  0  0  0
  5  6  1  0  0  0
  6  7  1  0  0  0
  7 12  2  0  0  0
  7  8  1  0  0  0
  8  9  2  0  0  0
  9 10  1  0  0  0
 10 11  2  0  0  0
 11 12  1  0  0  0
 12 13  1  0  0  0
 13 14  1  0  0  0
 14 18  1  0  0  0
 14 15  1  0  0  0
 15 16  1  0  0  0
 16 17  1  0  0  0
 17 18  1  0  0  0
 19 20  1  0  0  0
 20 21  1  0  0  0
 21 22  1  0  0  0
 22 23  1  0  0  0
M  END
$$$$
