C12=C(Nc3c1cccc3)CCCS2
  -ISIS-

 13 15  0  0  0  0  0  0  0  0  1
    9.1816   -8.0385   -0.0004  C  0  0  0  0  0
    9.8181   -6.8275    0.1047  N  0  0  0  0  0
    9.2856   -6.0947    1.1421  C  0  0  0  0  0
    9.6230   -4.8208    1.6104  C  0  0  0  0  0
    8.8999   -4.3159    2.6967  C  0  0  0  0  0
    7.8814   -5.0567    3.3050  C  0  0  0  0  0
    7.5520   -6.3280    2.8051  C  0  0  0  0  0
    8.2668   -6.8623    1.7121  C  0  0  0  0  0
    8.2126   -8.0719    0.9721  C  0  0  0  0  0
    7.1187   -9.4082    1.2151  S  0  0  0  0  0
    7.3077  -10.2780   -0.4034  C  0  0  0  0  0
    8.7864  -10.3819   -0.8238  C  0  0  0  0  0
    9.5009   -9.0494   -0.9713  C  0  0  0  0  0
  1  9  2  0  0  0
  1 13  1  0  0  0
  1  2  1  0  0  0
  2  3  1  0  0  0
  3  8  2  0  0  0
  3  4  1  0  0  0
  4  5  2  0  0  0
  5  6  1  0  0  0
  6  7  2  0  0  0
  7  8  1  0  0  0
  8  9  1  0  0  0
  9 10  1  0  0  0
 10 11  1  0  0  0
 11 12  1  0  0  0
 12 13  1  0  0  0
M  END
$$$$
C12=C(Nc3c1cccc3)CCCS2
  -ISIS-

 13 15  0  0  0  0  0  0  0  0  1
    9.1816   -8.0385   -0.0004  C  0  0  0  0  0
    9.8181   -6.8275    0.1047  N  0  0  0  0  0
    9.2856   -6.0947    1.1421  C  0  0  0  0  0
    9.6230   -4.8208    1.6104  C  0  0  0  0  0
    8.8999   -4.3159    2.6967  C  0  0  0  0  0
    7.8814   -5.0567    3.3050  C  0  0  0  0  0
    7.5520   -6.3280    2.8051  C  0  0  0  0  0
    8.2668   -6.8623    1.7121  C  0  0  0  0  0
    8.2126   -8.0719    0.9721  C  0  0  0  0  0
    7.1187   -9.4082    1.2151  S  0  0  0  0  0
    7.3077  -10.2780   -0.4034  C  0  0  0  0  0
    8.7864  -10.3819   -0.8238  C  0  0  0  0  0
    9.5009   -9.0494   -0.9713  C  0  0  0  0  0
  1  9  2  0  0  0
  1 13  1  0  0  0
  1  2  1  0  0  0
  2  3  1  0  0  0
  3  8  2  0  0  0
  3  4  1  0  0  0
  4  5  2  0  0  0
  5  6  1  0  0  0
  6  7  2  0  0  0
  7  8  1  0  0  0
  8  9  1  0  0  0
  9 10  1  0  0  0
 10 11  1  0  0  0
 11 12  1  0  0  0
 12 13  1  0  0  0
M  END
$$$$
C12=C(Nc3c1cccc3)CCCS2
  -ISIS-

 13 15  0  0  0  0  0  0  0  0  1
    9.1816   -8.0385   -0.0004  C  0  0  0  0  0
    9.8181   -6.8275    0.1047  N  0  0  0  0  0
    9.2856   -6.0947    1.1421  C  0  0  0  0  0
    9.6230   -4.8208    1.6104  C  0  0  0  0  0
    8.8999   -4.3159    2.6967  C  0  0  0  0  0
    7.8814   -5.0567    3.3050  C  0  0  0  0  0
    7.5520   -6.3280    2.8051  C  0  0  0  0  0
    8.2668   -6.8623    1.7121  C  0  0  0  0  0
    8.2126   -8.0719    0.9721  C  0  0  0  0  0
    7.1187   -9.4082    1.2151  S  0  0  0  0  0
    7.3077  -10.2780   -0.4034  C  0  0  0  0  0
    8.7864  -10.3819   -0.8238  C  0  0  0  0  0
    9.5009   -9.0494   -0.9713  C  0  0  0  0  0
  1  9  2  0  0  0
  1 13  1  0  0  0
  1  2  1  0  0  0
  2  3  1  0  0  0
  3  8  2  0  0  0
  3  4  1  0  0  0
  4  5  2  0  0  0
  5  6  1  0  0  0
  6  7  2  0  0  0
  7  8  1  0  0  0
  8  9  1  0  0  0
  9 10  1  0  0  0
 10 11  1  0  0  0
 11 12  1  0  0  0
 12 13  1  0  0  0
M  END
$$$$
C12=C(Nc3c1cccc3)CCCS2
  -ISIS-

 13 15  0  0  0  0  0  0  0  0  1
   -3.0006   -1.8149   -0.8062  C  0  0  0  0  0
   -4.2877   -2.1140   -1.1721  N  0  0  0  0  0
   -5.0980   -1.0022   -1.0614  C  0  0  0  0  0
   -6.4703   -0.8461   -1.3357  C  0  0  0  0  0
   -7.0081    0.4361   -1.1158  C  0  0  0  0  0
   -6.2282    1.4922   -0.6504  C  0  0  0  0  0
   -4.8698    1.3076   -0.3856  C  0  0  0  0  0
   -4.2890    0.0408   -0.5943  C  0  0  0  0  0
   -2.9843   -0.4948   -0.4330  C  0  0  0  0  0
   -1.5644    0.3403    0.1401  S  0  0  0  0  0
   -0.4936   -1.1024    0.5697  C  0  0  0  0  0
   -0.5283   -2.1828   -0.5282  C  0  0  0  0  0
   -1.9076   -2.7484   -0.8205  C  0  0  0  0  0
  1  9  2  0  0  0
  1 13  1  0  0  0
  1  2  1  0  0  0
  2  3  1  0  0  0
  3  8  2  0  0  0
  3  4  1  0  0  0
  4  5  2  0  0  0
  5  6  1  0  0  0
  6  7  2  0  0  0
  7  8  1  0  0  0
  8  9  1  0  0  0
  9 10  1  0  0  0
 10 11  1  0  0  0
 11 12  1  0  0  0
 12 13  1  0  0  0
M  END
$$$$
C12=C(Nc3c1cccc3)CCCS2
  -ISIS-

 13 15  0  0  0  0  0  0  0  0  1
   -3.0006   -1.8149   -0.8062  C  0  0  0  0  0
   -4.2877   -2.1140   -1.1721  N  0  0  0  0  0
   -5.0980   -1.0022   -1.0614  C  0  0  0  0  0
   -6.4703   -0.8461   -1.3357  C  0  0  0  0  0
   -7.0081    0.4361   -1.1158  C  0  0  0  0  0
   -6.2282    1.4922   -0.6504  C  0  0  0  0  0
   -4.8698    1.3076   -0.3856  C  0  0  0  0  0
   -4.2890    0.0408   -0.5943  C  0  0  0  0  0
   -2.9843   -0.4948   -0.4330  C  0  0  0  0  0
   -1.5644    0.3403    0.1401  S  0  0  0  0  0
   -0.4936   -1.1024    0.5697  C  0  0  0  0  0
   -0.5283   -2.1828   -0.5282  C  0  0  0  0  0
   -1.9076   -2.7484   -0.8205  C  0  0  0  0  0
  1  9  2  0  0  0
  1 13  1  0  0  0
  1  2  1  0  0  0
  2  3  1  0  0  0
  3  8  2  0  0  0
  3  4  1  0  0  0
  4  5  2  0  0  0
  5  6  1  0  0  0
  6  7  2  0  0  0
  7  8  1  0  0  0
  8  9  1  0  0  0
  9 10  1  0  0  0
 10 11  1  0  0  0
 11 12  1  0  0  0
 12 13  1  0  0  0
M  END
$$$$
C12=C(Nc3c1cccc3)CCCS2
  -ISIS-

 13 15  0  0  0  0  0  0  0  0  1
   -3.0006   -1.8149   -0.8062  C  0  0  0  0  0
   -4.2877   -2.1140   -1.1721  N  0  0  0  0  0
   -5.0980   -1.0022   -1.0614  C  0  0  0  0  0
   -6.4703   -0.8461   -1.3357  C  0  0  0  0  0
   -7.0081    0.4361   -1.1158  C  0  0  0  0  0
   -6.2282    1.4922   -0.6504  C  0  0  0  0  0
   -4.8698    1.3076   -0.3856  C  0  0  0  0  0
   -4.2890    0.0408   -0.5943  C  0  0  0  0  0
   -2.9843   -0.4948   -0.4330  C  0  0  0  0  0
   -1.5644    0.3403    0.1401  S  0  0  0  0  0
   -0.4936   -1.1024    0.5697  C  0  0  0  0  0
   -0.5283   -2.1828   -0.5282  C  0  0  0  0  0
   -1.9076   -2.7484   -0.8205  C  0  0  0  0  0
  1  9  2  0  0  0
  1 13  1  0  0  0
  1  2  1  0  0  0
  2  3  1  0  0  0
  3  8  2  0  0  0
  3  4  1  0  0  0
  4  5  2  0  0  0
  5  6  1  0  0  0
  6  7  2  0  0  0
  7  8  1  0  0  0
  8  9  1  0  0  0
  9 10  1  0  0  0
 10 11  1  0  0  0
 11 12  1  0  0  0
 12 13  1  0  0  0
M  END
$$$$
C12=C(Nc3c1cccc3)CCCS2
  -ISIS-

 13 15  0  0  0  0  0  0  0  0  1
    5.8946    1.1941   -0.8174  C  0  0  0  0  0
    5.0207    1.7203   -1.7349  N  0  0  0  0  0
    5.6626    2.6375   -2.5374  C  0  0  0  0  0
    5.1696    3.4045   -3.6009  C  0  0  0  0  0
    6.0582    4.2684   -4.2599  C  0  0  0  0  0
    7.3868    4.3661   -3.8336  C  0  0  0  0  0
    7.8639    3.5933   -2.7672  C  0  0  0  0  0
    6.9896    2.7085   -2.1059  C  0  0  0  0  0
    7.1092    1.8020   -1.0208  C  0  0  0  0  0
    8.5350    1.4778   -0.0703  S  0  0  0  0  0
    7.7652    0.6639    1.3983  C  0  0  0  0  0
    6.6984   -0.3673    0.9830  C  0  0  0  0  0
    5.5527    0.1984    0.1614  C  0  0  0  0  0
  1  9  2  0  0  0
  1 13  1  0  0  0
  1  2  1  0  0  0
  2  3  1  0  0  0
  3  8  2  0  0  0
  3  4  1  0  0  0
  4  5  2  0  0  0
  5  6  1  0  0  0
  6  7  2  0  0  0
  7  8  1  0  0  0
  8  9  1  0  0  0
  9 10  1  0  0  0
 10 11  1  0  0  0
 11 12  1  0  0  0
 12 13  1  0  0  0
M  END
$$$$
C12=C(Nc3c1cccc3)CCCS2
  -ISIS-

 13 15  0  0  0  0  0  0  0  0  1
    5.8946    1.1941   -0.8174  C  0  0  0  0  0
    5.0207    1.7203   -1.7349  N  0  0  0  0  0
    5.6626    2.6375   -2.5374  C  0  0  0  0  0
    5.1696    3.4045   -3.6009  C  0  0  0  0  0
    6.0582    4.2684   -4.2599  C  0  0  0  0  0
    7.3868    4.3661   -3.8336  C  0  0  0  0  0
    7.8639    3.5933   -2.7672  C  0  0  0  0  0
    6.9896    2.7085   -2.1059  C  0  0  0  0  0
    7.1092    1.8020   -1.0208  C  0  0  0  0  0
    8.5350    1.4778   -0.0703  S  0  0  0  0  0
    7.7652    0.6639    1.3983  C  0  0  0  0  0
    6.6984   -0.3673    0.9830  C  0  0  0  0  0
    5.5527    0.1984    0.1614  C  0  0  0  0  0
  1  9  2  0  0  0
  1 13  1  0  0  0
  1  2  1  0  0  0
  2  3  1  0  0  0
  3  8  2  0  0  0
  3  4  1  0  0  0
  4  5  2  0  0  0
  5  6  1  0  0  0
  6  7  2  0  0  0
  7  8  1  0  0  0
  8  9  1  0  0  0
  9 10  1  0  0  0
 10 11  1  0  0  0
 11 12  1  0  0  0
 12 13  1  0  0  0
M  END
$$$$
C12=C(Nc3c1cccc3)CCCS2
  -ISIS-

 13 15  0  0  0  0  0  0  0  0  1
    5.8946    1.1941   -0.8174  C  0  0  0  0  0
    5.0207    1.7203   -1.7349  N  0  0  0  0  0
    5.6626    2.6375   -2.5374  C  0  0  0  0  0
    5.1696    3.4045   -3.6009  C  0  0  0  0  0
    6.0582    4.2684   -4.2599  C  0  0  0  0  0
    7.3868    4.3661   -3.8336  C  0  0  0  0  0
    7.8639    3.5933   -2.7672  C  0  0  0  0  0
    6.9896    2.7085   -2.1059  C  0  0  0  0  0
    7.1092    1.8020   -1.0208  C  0  0  0  0  0
    8.5350    1.4778   -0.0703  S  0  0  0  0  0
    7.7652    0.6639    1.3983  C  0  0  0  0  0
    6.6984   -0.3673    0.9830  C  0  0  0  0  0
    5.5527    0.1984    0.1614  C  0  0  0  0  0
  1  9  2  0  0  0
  1 13  1  0  0  0
  1  2  1  0  0  0
  2  3  1  0  0  0
  3  8  2  0  0  0
  3  4  1  0  0  0
  4  5  2  0  0  0
  5  6  1  0  0  0
  6  7  2  0  0  0
  7  8  1  0  0  0
  8  9  1  0  0  0
  9 10  1  0  0  0
 10 11  1  0  0  0
 11 12  1  0  0  0
 12 13  1  0  0  0
M  END
$$$$
C12=C(Nc3c1cccc3)CCCS2
  -ISIS-

 13 15  0  0  0  0  0  0  0  0  1
   -6.1055   -4.4838    3.6893  C  0  0  0  0  0
   -4.8134   -4.5545    4.1451  N  0  0  0  0  0
   -4.3389   -5.8435    4.0432  C  0  0  0  0  0
   -3.0916   -6.3736    4.3886  C  0  0  0  0  0
   -2.8835   -7.7398    4.1691  C  0  0  0  0  0
   -3.8856   -8.5553    3.6335  C  0  0  0  0  0
   -5.1245   -7.9942    3.2804  C  0  0  0  0  0
   -5.3621   -6.6197    3.4932  C  0  0  0  0  0
   -6.4556   -5.7434    3.2688  C  0  0  0  0  0
   -8.0055   -6.1471    2.5788  S  0  0  0  0  0
   -8.6111   -4.4591    2.1364  C  0  0  0  0  0
   -8.3596   -3.4489    3.2723  C  0  0  0  0  0
   -6.9019   -3.2873    3.6686  C  0  0  0  0  0
  1  9  2  0  0  0
  1 13  1  0  0  0
  1  2  1  0  0  0
  2  3  1  0  0  0
  3  8  2  0  0  0
  3  4  1  0  0  0
  4  5  2  0  0  0
  5  6  1  0  0  0
  6  7  2  0  0  0
  7  8  1  0  0  0
  8  9  1  0  0  0
  9 10  1  0  0  0
 10 11  1  0  0  0
 11 12  1  0  0  0
 12 13  1  0  0  0
M  END
$$$$
C12=C(Nc3c1cccc3)CCCS2
  -ISIS-

 13 15  0  0  0  0  0  0  0  0  1
   -6.1055   -4.4838    3.6893  C  0  0  0  0  0
   -4.8134   -4.5545    4.1451  N  0  0  0  0  0
   -4.3389   -5.8435    4.0432  C  0  0  0  0  0
   -3.0916   -6.3736    4.3886  C  0  0  0  0  0
   -2.8835   -7.7398    4.1691  C  0  0  0  0  0
   -3.8856   -8.5553    3.6335  C  0  0  0  0  0
   -5.1245   -7.9942    3.2804  C  0  0  0  0  0
   -5.3621   -6.6197    3.4932  C  0  0  0  0  0
   -6.4556   -5.7434    3.2688  C  0  0  0  0  0
   -8.0055   -6.1471    2.5788  S  0  0  0  0  0
   -8.6111   -4.4591    2.1364  C  0  0  0  0  0
   -8.3596   -3.4489    3.2723  C  0  0  0  0  0
   -6.9019   -3.2873    3.6686  C  0  0  0  0  0
  1  9  2  0  0  0
  1 13  1  0  0  0
  1  2  1  0  0  0
  2  3  1  0  0  0
  3  8  2  0  0  0
  3  4  1  0  0  0
  4  5  2  0  0  0
  5  6  1  0  0  0
  6  7  2  0  0  0
  7  8  1  0  0  0
  8  9  1  0  0  0
  9 10  1  0  0  0
 10 11  1  0  0  0
 11 12  1  0  0  0
 12 13  1  0  0  0
M  END
$$$$
C12=C(Nc3c1cccc3)CCCS2
  -ISIS-

 13 15  0  0  0  0  0  0  0  0  1
   -6.1055   -4.4838    3.6893  C  0  0  0  0  0
   -4.8134   -4.5545    4.1451  N  0  0  0  0  0
   -4.3389   -5.8435    4.0432  C  0  0  0  0  0
   -3.0916   -6.3736    4.3886  C  0  0  0  0  0
   -2.8835   -7.7398    4.1691  C  0  0  0  0  0
   -3.8856   -8.5553    3.6335  C  0  0  0  0  0
   -5.1245   -7.9942    3.2804  C  0  0  0  0  0
   -5.3621   -6.6197    3.4932  C  0  0  0  0  0
   -6.4556   -5.7434    3.2688  C  0  0  0  0  0
   -8.0055   -6.1471    2.5788  S  0  0  0  0  0
   -8.6111   -4.4591    2.1364  C  0  0  0  0  0
   -8.3596   -3.4489    3.2723  C  0  0  0  0  0
   -6.9019   -3.2873    3.6686  C  0  0  0  0  0
  1  9  2  0  0  0
  1 13  1  0  0  0
  1  2  1  0  0  0
  2  3  1  0  0  0
  3  8  2  0  0  0
  3  4  1  0  0  0
  4  5  2  0  0  0
  5  6  1  0  0  0
  6  7  2  0  0  0
  7  8  1  0  0  0
  8  9  1  0  0  0
  9 10  1  0  0  0
 10 11  1  0  0  0
 11 12  1  0  0  0
 12 13  1  0  0  0
M  END
$$$$
C12=C(Nc3c1cccc3)CCCS2
  -ISIS-

 13 15  0  0  0  0  0  0  0  0  1
   -7.1340    1.3279    6.6333  C  0  0  0  0  0
   -8.3995    1.8453    6.5179  N  0  0  0  0  0
   -8.9336    1.5356    5.2866  C  0  0  0  0  0
  -10.1808    1.8618    4.7381  C  0  0  0  0  0
  -10.4677    1.4160    3.4384  C  0  0  0  0  0
   -9.5327    0.6461    2.7388  C  0  0  0  0  0
   -8.2905    0.3271    3.3021  C  0  0  0  0  0
   -7.9796    0.7812    4.5990  C  0  0  0  0  0
   -6.8636    0.6563    5.4664  C  0  0  0  0  0
   -5.3755   -0.1972    5.1528  S  0  0  0  0  0
   -4.7239   -0.3524    6.8744  C  0  0  0  0  0
   -4.8654    0.9671    7.6574  C  0  0  0  0  0
   -6.2892    1.4809    7.7862  C  0  0  0  0  0
  1  9  2  0  0  0
  1 13  1  0  0  0
  1  2  1  0  0  0
  2  3  1  0  0  0
  3  8  2  0  0  0
  3  4  1  0  0  0
  4  5  2  0  0  0
  5  6  1  0  0  0
  6  7  2  0  0  0
  7  8  1  0  0  0
  8  9  1  0  0  0
  9 10  1  0  0  0
 10 11  1  0  0  0
 11 12  1  0  0  0
 12 13  1  0  0  0
M  END
$$$$
C12=C(Nc3c1cccc3)CCCS2
  -ISIS-

 13 15  0  0  0  0  0  0  0  0  1
   -7.1340    1.3279    6.6333  C  0  0  0  0  0
   -8.3995    1.8453    6.5179  N  0  0  0  0  0
   -8.9336    1.5356    5.2866  C  0  0  0  0  0
  -10.1808    1.8618    4.7381  C  0  0  0  0  0
  -10.4677    1.4160    3.4384  C  0  0  0  0  0
   -9.5327    0.6461    2.7388  C  0  0  0  0  0
   -8.2905    0.3271    3.3021  C  0  0  0  0  0
   -7.9796    0.7812    4.5990  C  0  0  0  0  0
   -6.8636    0.6563    5.4664  C  0  0  0  0  0
   -5.3755   -0.1972    5.1528  S  0  0  0  0  0
   -4.7239   -0.3524    6.8744  C  0  0  0  0  0
   -4.8654    0.9671    7.6574  C  0  0  0  0  0
   -6.2892    1.4809    7.7862  C  0  0  0  0  0
  1  9  2  0  0  0
  1 13  1  0  0  0
  1  2  1  0  0  0
  2  3  1  0  0  0
  3  8  2  0  0  0
  3  4  1  0  0  0
  4  5  2  0  0  0
  5  6  1  0  0  0
  6  7  2  0  0  0
  7  8  1  0  0  0
  8  9  1  0  0  0
  9 10  1  0  0  0
 10 11  1  0  0  0
 11 12  1  0  0  0
 12 13  1  0  0  0
M  END
$$$$
C12=C(Nc3c1cccc3)CCCS2
  -ISIS-

 13 15  0  0  0  0  0  0  0  0  1
   -7.1340    1.3279    6.6333  C  0  0  0  0  0
   -8.3995    1.8453    6.5179  N  0  0  0  0  0
   -8.9336    1.5356    5.2866  C  0  0  0  0  0
  -10.1808    1.8618    4.7381  C  0  0  0  0  0
  -10.4677    1.4160    3.4384  C  0  0  0  0  0
   -9.5327    0.6461    2.7388  C  0  0  0  0  0
   -8.2905    0.3271    3.3021  C  0  0  0  0  0
   -7.9796    0.7812    4.5990  C  0  0  0  0  0
   -6.8636    0.6563    5.4664  C  0  0  0  0  0
   -5.3755   -0.1972    5.1528  S  0  0  0  0  0
   -4.7239   -0.3524    6.8744  C  0  0  0  0  0
   -4.8654    0.9671    7.6574  C  0  0  0  0  0
   -6.2892    1.4809    7.7862  C  0  0  0  0  0
  1  9  2  0  0  0
  1 13  1  0  0  0
  1  2  1  0  0  0
  2  3  1  0  0  0
  3  8  2  0  0  0
  3  4  1  0  0  0
  4  5  2  0  0  0
  5  6  1  0  0  0
  6  7  2  0  0  0
  7  8  1  0  0  0
  8  9  1  0  0  0
  9 10  1  0  0  0
 10 11  1  0  0  0
 11 12  1  0  0  0
 12 13  1  0  0  0
M  END
$$$$
C12=C(Nc3c1cccc3)CCCS2
  -ISIS-

 13 15  0  0  0  0  0  0  0  0  1
    3.5085   -0.7450   -6.2330  C  0  0  0  0  0
    3.6801   -1.9758   -5.6537  N  0  0  0  0  0
    2.7014   -2.8542   -6.0729  C  0  0  0  0  0
    2.4951   -4.2086   -5.7481  C  0  0  0  0  0
    1.3888   -4.8335   -6.3538  C  0  0  0  0  0
    0.5415   -4.1503   -7.2230  C  0  0  0  0  0
    0.7693   -2.8062   -7.5249  C  0  0  0  0  0
    1.8682   -2.1421   -6.9442  C  0  0  0  0  0
    2.3872   -0.8231   -7.0198  C  0  0  0  0  0
    1.7477    0.5112   -7.9432  S  0  0  0  0  0
    2.6080    1.9199   -7.1138  C  0  0  0  0  0
    4.0990    1.6142   -6.8739  C  0  0  0  0  0
    4.3671    0.3878   -6.0186  C  0  0  0  0  0
  1  9  2  0  0  0
  1 13  1  0  0  0
  1  2  1  0  0  0
  2  3  1  0  0  0
  3  8  2  0  0  0
  3  4  1  0  0  0
  4  5  2  0  0  0
  5  6  1  0  0  0
  6  7  2  0  0  0
  7  8  1  0  0  0
  8  9  1  0  0  0
  9 10  1  0  0  0
 10 11  1  0  0  0
 11 12  1  0  0  0
 12 13  1  0  0  0
M  END
$$$$
C12=C(Nc3c1cccc3)CCCS2
  -ISIS-

 13 15  0  0  0  0  0  0  0  0  1
    3.5085   -0.7450   -6.2330  C  0  0  0  0  0
    3.6801   -1.9758   -5.6537  N  0  0  0  0  0
    2.7014   -2.8542   -6.0729  C  0  0  0  0  0
    2.4951   -4.2086   -5.7481  C  0  0  0  0  0
    1.3888   -4.8335   -6.3538  C  0  0  0  0  0
    0.5415   -4.1503   -7.2230  C  0  0  0  0  0
    0.7693   -2.8062   -7.5249  C  0  0  0  0  0
    1.8682   -2.1421   -6.9442  C  0  0  0  0  0
    2.3872   -0.8231   -7.0198  C  0  0  0  0  0
    1.7477    0.5112   -7.9432  S  0  0  0  0  0
    2.6080    1.9199   -7.1138  C  0  0  0  0  0
    4.0990    1.6142   -6.8739  C  0  0  0  0  0
    4.3671    0.3878   -6.0186  C  0  0  0  0  0
  1  9  2  0  0  0
  1 13  1  0  0  0
  1  2  1  0  0  0
  2  3  1  0  0  0
  3  8  2  0  0  0
  3  4  1  0  0  0
  4  5  2  0  0  0
  5  6  1  0  0  0
  6  7  2  0  0  0
  7  8  1  0  0  0
  8  9  1  0  0  0
  9 10  1  0  0  0
 10 11  1  0  0  0
 11 12  1  0  0  0
 12 13  1  0  0  0
M  END
$$$$
C12=C(Nc3c1cccc3)CCCS2
  -ISIS-

 13 15  0  0  0  0  0  0  0  0  1
    3.5085   -0.7450   -6.2330  C  0  0  0  0  0
    3.6801   -1.9758   -5.6537  N  0  0  0  0  0
    2.7014   -2.8542   -6.0729  C  0  0  0  0  0
    2.4951   -4.2086   -5.7481  C  0  0  0  0  0
    1.3888   -4.8335   -6.3538  C  0  0  0  0  0
    0.5415   -4.1503   -7.2230  C  0  0  0  0  0
    0.7693   -2.8062   -7.5249  C  0  0  0  0  0
    1.8682   -2.1421   -6.9442  C  0  0  0  0  0
    2.3872   -0.8231   -7.0198  C  0  0  0  0  0
    1.7477    0.5112   -7.9432  S  0  0  0  0  0
    2.6080    1.9199   -7.1138  C  0  0  0  0  0
    4.0990    1.6142   -6.8739  C  0  0  0  0  0
    4.3671    0.3878   -6.0186  C  0  0  0  0  0
  1  9  2  0  0  0
  1 13  1  0  0  0
  1  2  1  0  0  0
  2  3  1  0  0  0
  3  8  2  0  0  0
  3  4  1  0  0  0
  4  5  2  0  0  0
  5  6  1  0  0  0
  6  7  2  0  0  0
  7  8  1  0  0  0
  8  9  1  0  0  0
  9 10  1  0  0  0
 10 11  1  0  0  0
 11 12  1  0  0  0
 12 13  1  0  0  0
M  END
$$$$
C12=C(Nc3c1cccc3)CCCS2
  -ISIS-

 13 15  0  0  0  0  0  0  0  0  1
   -5.4880    1.2377   -0.3510  C  0  0  0  0  0
   -6.8194    1.0537   -0.6266  N  0  0  0  0  0
   -7.1796    1.7658   -1.7494  C  0  0  0  0  0
   -8.4235    1.8786   -2.3836  C  0  0  0  0  0
   -8.5114    2.6896   -3.5260  C  0  0  0  0  0
   -7.3718    3.3355   -4.0166  C  0  0  0  0  0
   -6.1347    3.2111   -3.3715  C  0  0  0  0  0
   -6.0328    2.4149   -2.2138  C  0  0  0  0  0
   -4.9831    2.0617   -1.3267  C  0  0  0  0  0
   -3.3145    2.5605   -1.4168  S  0  0  0  0  0
   -2.5412    1.3011   -0.3087  C  0  0  0  0  0
   -3.3594    1.0994    0.9812  C  0  0  0  0  0
   -4.7932    0.6486    0.7610  C  0  0  0  0  0
  1  9  2  0  0  0
  1 13  1  0  0  0
  1  2  1  0  0  0
  2  3  1  0  0  0
  3  8  2  0  0  0
  3  4  1  0  0  0
  4  5  2  0  0  0
  5  6  1  0  0  0
  6  7  2  0  0  0
  7  8  1  0  0  0
  8  9  1  0  0  0
  9 10  1  0  0  0
 10 11  1  0  0  0
 11 12  1  0  0  0
 12 13  1  0  0  0
M  END
$$$$
C12=C(Nc3c1cccc3)CCCS2
  -ISIS-

 13 15  0  0  0  0  0  0  0  0  1
   -5.4880    1.2377   -0.3510  C  0  0  0  0  0
   -6.8194    1.0537   -0.6266  N  0  0  0  0  0
   -7.1796    1.7658   -1.7494  C  0  0  0  0  0
   -8.4235    1.8786   -2.3836  C  0  0  0  0  0
   -8.5114    2.6896   -3.5260  C  0  0  0  0  0
   -7.3718    3.3355   -4.0166  C  0  0  0  0  0
   -6.1347    3.2111   -3.3715  C  0  0  0  0  0
   -6.0328    2.4149   -2.2138  C  0  0  0  0  0
   -4.9831    2.0617   -1.3267  C  0  0  0  0  0
   -3.3145    2.5605   -1.4168  S  0  0  0  0  0
   -2.5412    1.3011   -0.3087  C  0  0  0  0  0
   -3.3594    1.0994    0.9812  C  0  0  0  0  0
   -4.7932    0.6486    0.7610  C  0  0  0  0  0
  1  9  2  0  0  0
  1 13  1  0  0  0
  1  2  1  0  0  0
  2  3  1  0  0  0
  3  8  2  0  0  0
  3  4  1  0  0  0
  4  5  2  0  0  0
  5  6  1  0  0  0
  6  7  2  0  0  0
  7  8  1  0  0  0
  8  9  1  0  0  0
  9 10  1  0  0  0
 10 11  1  0  0  0
 11 12  1  0  0  0
 12 13  1  0  0  0
M  END
$$$$
C12=C(Nc3c1cccc3)CCCS2
  -ISIS-

 13 15  0  0  0  0  0  0  0  0  1
   -5.4880    1.2377   -0.3510  C  0  0  0  0  0
   -6.8194    1.0537   -0.6266  N  0  0  0  0  0
   -7.1796    1.7658   -1.7494  C  0  0  0  0  0
   -8.4235    1.8786   -2.3836  C  0  0  0  0  0
   -8.5114    2.6896   -3.5260  C  0  0  0  0  0
   -7.3718    3.3355   -4.0166  C  0  0  0  0  0
   -6.1347    3.2111   -3.3715  C  0  0  0  0  0
   -6.0328    2.4149   -2.2138  C  0  0  0  0  0
   -4.9831    2.0617   -1.3267  C  0  0  0  0  0
   -3.3145    2.5605   -1.4168  S  0  0  0  0  0
   -2.5412    1.3011   -0.3087  C  0  0  0  0  0
   -3.3594    1.0994    0.9812  C  0  0  0  0  0
   -4.7932    0.6486    0.7610  C  0  0  0  0  0
  1  9  2  0  0  0
  1 13  1  0  0  0
  1  2  1  0  0  0
  2  3  1  0  0  0
  3  8  2  0  0  0
  3  4  1  0  0  0
  4  5  2  0  0  0
  5  6  1  0  0  0
  6  7  2  0  0  0
  7  8  1  0  0  0
  8  9  1  0  0  0
  9 10  1  0  0  0
 10 11  1  0  0  0
 11 12  1  0  0  0
 12 13  1  0  0  0
M  END
$$$$
C12=C(Nc3c1cccc3)CCCS2
  -ISIS-

 13 15  0  0  0  0  0  0  0  0  1
   -1.6864   -0.6112   -0.5780  C  0  0  0  0  0
   -0.7796   -0.6521    0.4507  N  0  0  0  0  0
    0.1682   -1.6237    0.2162  C  0  0  0  0  0
    1.2750   -2.0062    0.9849  C  0  0  0  0  0
    2.0922   -3.0386    0.4982  C  0  0  0  0  0
    1.7771   -3.6727   -0.7081  C  0  0  0  0  0
    0.6657   -3.2792   -1.4643  C  0  0  0  0  0
   -0.1551   -2.2331   -0.9987  C  0  0  0  0  0
   -1.3265   -1.5881   -1.4736  C  0  0  0  0  0
   -2.2026   -1.9397   -2.9399  S  0  0  0  0  0
   -3.8080   -1.1072   -2.5636  C  0  0  0  0  0
   -3.5940    0.2890   -1.9479  C  0  0  0  0  0
   -2.7967    0.2986   -0.6548  C  0  0  0  0  0
  1  9  2  0  0  0
  1 13  1  0  0  0
  1  2  1  0  0  0
  2  3  1  0  0  0
  3  8  2  0  0  0
  3  4  1  0  0  0
  4  5  2  0  0  0
  5  6  1  0  0  0
  6  7  2  0  0  0
  7  8  1  0  0  0
  8  9  1  0  0  0
  9 10  1  0  0  0
 10 11  1  0  0  0
 11 12  1  0  0  0
 12 13  1  0  0  0
M  END
$$$$
C12=C(Nc3c1cccc3)CCCS2
  -ISIS-

 13 15  0  0  0  0  0  0  0  0  1
   -1.6864   -0.6112   -0.5780  C  0  0  0  0  0
   -0.7796   -0.6521    0.4507  N  0  0  0  0  0
    0.1682   -1.6237    0.2162  C  0  0  0  0  0
    1.2750   -2.0062    0.9849  C  0  0  0  0  0
    2.0922   -3.0386    0.4982  C  0  0  0  0  0
    1.7771   -3.6727   -0.7081  C  0  0  0  0  0
    0.6657   -3.2792   -1.4643  C  0  0  0  0  0
   -0.1551   -2.2331   -0.9987  C  0  0  0  0  0
   -1.3265   -1.5881   -1.4736  C  0  0  0  0  0
   -2.2026   -1.9397   -2.9399  S  0  0  0  0  0
   -3.8080   -1.1072   -2.5636  C  0  0  0  0  0
   -3.5940    0.2890   -1.9479  C  0  0  0  0  0
   -2.7967    0.2986   -0.6548  C  0  0  0  0  0
  1  9  2  0  0  0
  1 13  1  0  0  0
  1  2  1  0  0  0
  2  3  1  0  0  0
  3  8  2  0  0  0
  3  4  1  0  0  0
  4  5  2  0  0  0
  5  6  1  0  0  0
  6  7  2  0  0  0
  7  8  1  0  0  0
  8  9  1  0  0  0
  9 10  1  0  0  0
 10 11  1  0  0  0
 11 12  1  0  0  0
 12 13  1  0  0  0
M  END
$$$$
C12=C(Nc3c1cccc3)CCCS2
  -ISIS-

 13 15  0  0  0  0  0  0  0  0  1
   -1.6864   -0.6112   -0.5780  C  0  0  0  0  0
   -0.7796   -0.6521    0.4507  N  0  0  0  0  0
    0.1682   -1.6237    0.2162  C  0  0  0  0  0
    1.2750   -2.0062    0.9849  C  0  0  0  0  0
    2.0922   -3.0386    0.4982  C  0  0  0  0  0
    1.7771   -3.6727   -0.7081  C  0  0  0  0  0
    0.6657   -3.2792   -1.4643  C  0  0  0  0  0
   -0.1551   -2.2331   -0.9987  C  0  0  0  0  0
   -1.3265   -1.5881   -1.4736  C  0  0  0  0  0
   -2.2026   -1.9397   -2.9399  S  0  0  0  0  0
   -3.8080   -1.1072   -2.5636  C  0  0  0  0  0
   -3.5940    0.2890   -1.9479  C  0  0  0  0  0
   -2.7967    0.2986   -0.6548  C  0  0  0  0  0
  1  9  2  0  0  0
  1 13  1  0  0  0
  1  2  1  0  0  0
  2  3  1  0  0  0
  3  8  2  0  0  0
  3  4  1  0  0  0
  4  5  2  0  0  0
  5  6  1  0  0  0
  6  7  2  0  0  0
  7  8  1  0  0  0
  8  9  1  0  0  0
  9 10  1  0  0  0
 10 11  1  0  0  0
 11 12  1  0  0  0
 12 13  1  0  0  0
M  END
$$$$
C12=C(Nc3c1cccc3)CCCS2
  -ISIS-

 13 15  0  0  0  0  0  0  0  0  1
    2.1351   -2.0132    3.4904  C  0  0  0  0  0
    1.8397   -3.1026    4.5067  C  0  0  0  0  0
    2.1092   -2.6585    5.9395  C  0  0  0  0  0
    1.0374   -1.2720    6.4535  S  0  0  0  0  0
    1.2912   -0.2298    5.0760  C  0  0  0  0  0
    1.7740   -0.6710    3.8667  C  0  0  0  0  0
    1.8562    0.4228    3.0426  N  0  0  0  0  0
    1.4149    1.5515    3.6983  C  0  0  0  0  0
    1.3142    2.8730    3.2477  C  0  0  0  0  0
    0.8247    3.8277    4.1441  C  0  0  0  0  0
    0.4521    3.4738    5.4389  C  0  0  0  0  0
    0.5589    2.1482    5.8751  C  0  0  0  0  0
    1.0481    1.1647    4.9912  C  0  0  0  0  0
  1  6  1  0  0  0
  1  2  1  0  0  0
  2  3  1  0  0  0
  3  4  1  0  0  0
  4  5  1  0  0  0
  5 13  1  0  0  0
  5  6  2  0  0  0
  6  7  1  0  0  0
  7  8  1  0  0  0
  8 13  2  0  0  0
  8  9  1  0  0  0
  9 10  2  0  0  0
 10 11  1  0  0  0
 11 12  2  0  0  0
 12 13  1  0  0  0
M  END
$$$$
