C12=C(c3c(SO1)cccc3)Cc4c2cccc4
  -ISIS-

 17 20  0  0  0  0  0  0  0  0  1
   -0.8611   -0.6275    0.1606  S  0  0  0  0  0
   -0.3727   -0.8021    1.8578  C  0  0  0  0  0
    0.7046   -0.0594    2.3592  C  0  0  0  0  0
    1.4309    0.8731    1.4970  C  0  0  0  0  0
    2.5490    1.8264    1.9171  C  0  0  0  0  0
    2.9410    2.4138    0.5749  C  0  0  0  0  0
    2.1291    1.8774   -0.4372  C  0  0  0  0  0
    1.2067    0.9405    0.1742  C  0  0  0  0  0
    0.3059    0.2486   -0.5677  O  0  0  0  0  0
    2.2794    2.2626   -1.7577  C  0  0  0  0  0
    3.2613    3.2103   -2.0610  C  0  0  0  0  0
    4.1152    3.7059   -1.0540  C  0  0  0  0  0
    3.9393    3.3305    0.2807  C  0  0  0  0  0
    1.0576   -0.2582    3.7013  C  0  0  0  0  0
    0.3619   -1.1676    4.5103  C  0  0  0  0  0
   -0.7439   -1.8493    3.9935  C  0  0  0  0  0
   -1.0959   -1.6956    2.6561  C  0  0  0  0  0
  1  9  1  0  0  0
  1  2  1  0  0  0
  2 17  2  0  0  0
  2  3  1  0  0  0
  3  4  1  0  0  0
  3 14  2  0  0  0
  4  8  2  0  0  0
  4  5  1  0  0  0
  5  6  1  0  0  0
  6 13  2  0  0  0
  6  7  1  0  0  0
  7  8  1  0  0  0
  7 10  2  0  0  0
  8  9  1  0  0  0
 10 11  1  0  0  0
 11 12  2  0  0  0
 12 13  1  0  0  0
 14 15  1  0  0  0
 15 16  2  0  0  0
 16 17  1  0  0  0
M  END
$$$$
