C12=C(Nc3c1cccc3)CCC4C2NCCC4
  -ISIS-

 17 20  0  0  0  0  0  0  0  0  1
   -1.2668   -0.9827   -2.9672  C  0  0  0  0  0
   -1.2941    0.1918   -2.2162  C  0  0  0  0  0
   -2.5371    0.7944   -1.9880  C  0  0  0  0  0
   -3.7384    0.2958   -2.5061  C  0  0  0  0  0
   -3.6774   -0.9218   -3.2222  C  0  0  0  0  0
   -2.4421   -1.5413   -3.4532  C  0  0  0  0  0
   -4.7680    1.2100   -2.1065  C  0  0  0  0  0
   -4.1923    2.0606   -1.1746  C  0  0  0  0  0
   -2.8361    1.8972   -1.2232  N  0  0  0  0  0
   -4.9352    2.9788   -0.2372  C  0  0  0  0  0
   -6.4223    2.5039   -0.0551  C  0  0  0  0  0
   -6.9325    1.2690   -0.9079  C  0  0  0  0  0
   -6.2471    1.3222   -2.3292  C  0  0  0  0  0
   -6.9006    0.4251   -3.3535  N  0  0  0  0  0
   -8.4057    0.5577   -3.4137  C  0  0  0  0  0
   -9.0409    0.4081   -2.0486  C  0  0  0  0  0
   -8.4662    1.4429   -1.0926  C  0  0  0  0  0
  1  6  2  0  0  0
  1  2  1  0  0  0
  2  3  2  0  0  0
  3  9  1  0  0  0
  3  4  1  0  0  0
  4  5  2  0  0  0
  4  7  1  0  0  0
  5  6  1  0  0  0
  7 13  1  0  0  0
  7  8  2  0  0  0
  8  9  1  0  0  0
  8 10  1  0  0  0
 10 11  1  0  0  0
 11 12  1  0  0  0
 12 17  1  0  0  0
 12 13  1  0  0  0
 13 14  1  0  0  0
 14 15  1  0  0  0
 15 16  1  0  0  0
 16 17  1  0  0  0
M  END
$$$$
