C12=C(N=CN1)Cc3c2cccc3
  -ISIS-

 12 14  0  0  0  0  0  0  0  0  1
   -4.5063    4.0317   -7.2972  C  0  0  0  0  0
   -4.7623    2.7154   -7.5131  N  0  0  0  0  0
   -5.1830    2.6756   -8.7832  C  0  0  0  0  0
   -5.2012    3.9401   -9.3579  N  0  0  0  0  0
   -4.7659    4.7870   -8.4090  C  0  0  0  0  0
   -4.5191    6.1715   -8.1827  C  0  0  0  0  0
   -4.0699    6.2744   -6.8407  C  0  0  0  0  0
   -3.7345    7.4879   -6.2748  C  0  0  0  0  0
   -3.8576    8.6203   -7.0865  C  0  0  0  0  0
   -4.3058    8.5166   -8.4237  C  0  0  0  0  0
   -4.6435    7.2797   -8.9873  C  0  0  0  0  0
   -4.0433    4.8962   -6.2234  C  0  0  0  0  0
  1  5  2  0  0  0
  1 12  1  0  0  0
  1  2  1  0  0  0
  2  3  2  0  0  0
  3  4  1  0  0  0
  4  5  1  0  0  0
  5  6  1  0  0  0
  6 11  2  0  0  0
  6  7  1  0  0  0
  7  8  2  0  0  0
  7 12  1  0  0  0
  8  9  1  0  0  0
  9 10  2  0  0  0
 10 11  1  0  0  0
M  END
$$$$
C12=C(N=CN1)Cc3c2cccc3
  -ISIS-

 12 14  0  0  0  0  0  0  0  0  1
   -4.5063    4.0317   -7.2972  C  0  0  0  0  0
   -4.7623    2.7154   -7.5131  N  0  0  0  0  0
   -5.1830    2.6756   -8.7832  C  0  0  0  0  0
   -5.2012    3.9401   -9.3579  N  0  0  0  0  0
   -4.7659    4.7870   -8.4090  C  0  0  0  0  0
   -4.5191    6.1715   -8.1827  C  0  0  0  0  0
   -4.0699    6.2744   -6.8407  C  0  0  0  0  0
   -3.7345    7.4879   -6.2748  C  0  0  0  0  0
   -3.8576    8.6203   -7.0865  C  0  0  0  0  0
   -4.3058    8.5166   -8.4237  C  0  0  0  0  0
   -4.6435    7.2797   -8.9873  C  0  0  0  0  0
   -4.0433    4.8962   -6.2234  C  0  0  0  0  0
  1  5  2  0  0  0
  1 12  1  0  0  0
  1  2  1  0  0  0
  2  3  2  0  0  0
  3  4  1  0  0  0
  4  5  1  0  0  0
  5  6  1  0  0  0
  6 11  2  0  0  0
  6  7  1  0  0  0
  7  8  2  0  0  0
  7 12  1  0  0  0
  8  9  1  0  0  0
  9 10  2  0  0  0
 10 11  1  0  0  0
M  END
$$$$
