C12=C(SCNC13CCCCC3)CCCC2
  -ISIS-

 15 17  0  0  0  0  0  0  0  0  1
   -3.3803   -2.5211   -1.2332  C  0  0  0  0  0
   -2.3153   -2.2331   -2.5721  S  0  0  0  0  0
   -2.6382   -0.5703   -2.9705  C  0  0  0  0  0
   -2.4035   -0.2012   -4.4193  C  0  0  0  0  0
   -2.9585    1.1669   -4.8020  C  0  0  0  0  0
   -2.5975    2.1902   -3.7414  C  0  0  0  0  0
   -3.1773    1.7886   -2.3852  C  0  0  0  0  0
   -3.0277    0.3183   -2.0277  C  0  0  0  0  0
   -3.2864   -0.0728   -0.5613  C  0  0  0  0  0
   -3.8423   -1.4341   -0.5527  N  0  0  0  0  0
   -1.9579   -0.0128    0.2346  C  0  0  0  0  0
   -2.1388   -0.2979    1.7269  C  0  0  0  0  0
   -3.1646    0.6333    2.3601  C  0  0  0  0  0
   -4.5008    0.5789    1.6304  C  0  0  0  0  0
   -4.3365    0.8473    0.1306  C  0  0  0  0  0
  1 10  1  0  0  0
  1  2  1  0  0  0
  2  3  1  0  0  0
  3  8  2  0  0  0
  3  4  1  0  0  0
  4  5  1  0  0  0
  5  6  1  0  0  0
  6  7  1  0  0  0
  7  8  1  0  0  0
  8  9  1  0  0  0
  9 15  1  0  0  0
  9 10  1  0  0  0
  9 11  1  0  0  0
 11 12  1  0  0  0
 12 13  1  0  0  0
 13 14  1  0  0  0
 14 15  1  0  0  0
M  END
$$$$
