C12=NC3C(C1c4c(non4)CC2)CCCC3
  -ISIS-

 16 19  0  0  0  0  0  0  0  0  1
   -0.3475    5.1875    3.9097  N  0  0  0  0  0
    0.0057    4.2869    4.7610  C  0  0  0  0  0
    1.2187    4.7923    5.5593  C  0  0  0  0  0
    0.9173    6.2821    5.4491  C  0  0  0  0  0
    0.5485    6.4210    3.9437  C  0  0  0  0  0
   -0.2392    7.7260    3.7832  C  0  0  0  0  0
    0.4311    8.9520    4.4449  C  0  0  0  0  0
    1.1584    8.7062    5.7818  C  0  0  0  0  0
    1.8705    7.3502    5.9306  C  0  0  0  0  0
    1.1630    4.1649    6.8873  C  0  0  0  0  0
    0.5576    2.9309    7.1331  C  0  0  0  0  0
   -0.0897    2.1007    6.0926  C  0  0  0  0  0
   -0.7237    2.9875    4.9985  C  0  0  0  0  0
    0.6650    2.6233    8.4175  N  0  0  0  0  0
    1.3774    3.6937    8.9771  O  0  0  0  0  0
    1.6902    4.6564    7.9998  N  0  0  0  0  0
  1  5  1  0  0  0
  1  2  2  0  0  0
  2 13  1  0  0  0
  2  3  1  0  0  0
  3  4  1  0  0  0
  3 10  1  0  0  0
  4  9  1  0  0  0
  4  5  1  0  0  0
  5  6  1  0  0  0
  6  7  1  0  0  0
  7  8  1  0  0  0
  8  9  1  0  0  0
 10 16  2  0  0  0
 10 11  1  0  0  0
 11 12  1  0  0  0
 11 14  2  0  0  0
 12 13  1  0  0  0
 14 15  1  0  0  0
 15 16  1  0  0  0
M  END
$$$$
