C12=C(NCNC1)CNCN2
  -ISIS-

 10 11  0  0  0  0  0  0  0  0  1
   -0.3055    0.2488    1.4335  C  0  0  0  0  0
   -0.8928   -0.9902    0.8130  C  0  0  0  0  0
   -2.1385   -0.8609    0.2365  N  0  0  0  0  0
   -2.5937    0.3377   -0.2825  C  0  0  0  0  0
   -1.8841    1.4695    0.1022  N  0  0  0  0  0
   -0.8271    1.4059    1.0090  C  0  0  0  0  0
   -0.2409    2.6434    1.6092  C  0  0  0  0  0
    1.0248    2.5273    2.1673  N  0  0  0  0  0
    1.5475    1.3091    2.6337  C  0  0  0  0  0
    0.7567    0.1769    2.3438  N  0  0  0  0  0
  1  6  2  0  0  0
  1 10  1  0  0  0
  1  2  1  0  0  0
  2  3  1  0  0  0
  3  4  1  0  0  0
  4  5  1  0  0  0
  5  6  1  0  0  0
  6  7  1  0  0  0
  7  8  1  0  0  0
  8  9  1  0  0  0
  9 10  1  0  0  0
M  END
$$$$
