C12=C(c3c(cccc3)CC14CCCC4)NN=C2
  -ISIS-

 17 20  0  0  0  0  0  0  0  0  1
   -1.6478   -1.9105    6.5548  C  0  0  0  0  0
   -1.4505   -3.1874    5.7717  C  0  0  0  0  0
   -1.8109   -2.9224    4.2582  C  0  0  0  0  0
   -3.0525   -2.0717    4.0222  C  0  0  0  0  0
   -3.4094   -1.0724    4.9517  C  0  0  0  0  0
   -2.5889   -0.9775    6.1461  C  0  0  0  0  0
   -2.5774    0.0098    7.0818  N  0  0  0  0  0
   -1.6996   -0.2053    8.0716  N  0  0  0  0  0
   -1.1379   -1.3707    7.7604  C  0  0  0  0  0
   -4.5145   -0.2535    4.7058  C  0  0  0  0  0
   -5.2575   -0.4186    3.5349  C  0  0  0  0  0
   -4.8990   -1.3963    2.6072  C  0  0  0  0  0
   -3.7970   -2.2177    2.8450  C  0  0  0  0  0
   -2.3230   -4.3294    6.3386  C  0  0  0  0  0
   -1.6752   -5.6301    5.8581  C  0  0  0  0  0
   -0.2566   -5.2704    5.4209  C  0  0  0  0  0
   -0.0530   -3.8229    5.8589  C  0  0  0  0  0
  1  6  2  0  0  0
  1  9  1  0  0  0
  1  2  1  0  0  0
  2 17  1  0  0  0
  2  3  1  0  0  0
  2 14  1  0  0  0
  3  4  1  0  0  0
  4 13  2  0  0  0
  4  5  1  0  0  0
  5  6  1  0  0  0
  5 10  2  0  0  0
  6  7  1  0  0  0
  7  8  1  0  0  0
  8  9  2  0  0  0
 10 11  1  0  0  0
 11 12  2  0  0  0
 12 13  1  0  0  0
 14 15  1  0  0  0
 15 16  1  0  0  0
 16 17  1  0  0  0
M  END
$$$$
C12=C(c3c(cccc3)CC14CCCC4)NN=C2
  -ISIS-

 17 20  0  0  0  0  0  0  0  0  1
    3.5879   -2.2242    5.8181  C  0  0  0  0  0
    4.4235   -1.6105    4.7174  C  0  0  0  0  0
    4.7163   -2.7005    3.6207  C  0  0  0  0  0
    3.5586   -3.6296    3.2840  C  0  0  0  0  0
    2.6170   -3.9705    4.2782  C  0  0  0  0  0
    2.7619   -3.3064    5.5615  C  0  0  0  0  0
    2.1227   -3.5784    6.7315  N  0  0  0  0  0
    2.4538   -2.7424    7.7271  N  0  0  0  0  0
    3.3217   -1.9015    7.1701  C  0  0  0  0  0
    1.5954   -4.8786    3.9894  C  0  0  0  0  0
    1.5140   -5.4550    2.7199  C  0  0  0  0  0
    2.4504   -5.1296    1.7388  C  0  0  0  0  0
    3.4742   -4.2248    2.0193  C  0  0  0  0  0
    5.7826   -1.0269    5.1856  C  0  0  0  0  0
    5.6525    0.4877    5.0686  C  0  0  0  0  0
    4.7357    0.6673    3.8738  C  0  0  0  0  0
    3.6741   -0.4022    4.0895  C  0  0  0  0  0
  1  6  2  0  0  0
  1  9  1  0  0  0
  1  2  1  0  0  0
  2 17  1  0  0  0
  2  3  1  0  0  0
  2 14  1  0  0  0
  3  4  1  0  0  0
  4 13  2  0  0  0
  4  5  1  0  0  0
  5  6  1  0  0  0
  5 10  2  0  0  0
  6  7  1  0  0  0
  7  8  1  0  0  0
  8  9  2  0  0  0
 10 11  1  0  0  0
 11 12  2  0  0  0
 12 13  1  0  0  0
 14 15  1  0  0  0
 15 16  1  0  0  0
 16 17  1  0  0  0
M  END
$$$$
