C12=C(CNc3[c]4[c](nc[n]14)ccc3)CCCC2
  -ISIS-

 17 20  0  0  0  0  0  0  0  0  1
    3.5787   -0.9418    5.3463  C  0  0  0  0  0
    2.4951   -0.2716    6.1544  C  0  0  0  0  0
    1.4907   -1.3335    6.6121  C  0  0  0  0  0
    0.5139   -0.8926    7.6929  C  0  0  0  0  0
   -0.0518    0.4604    7.3349  C  0  0  0  0  0
    1.0761    1.4805    7.2376  C  0  0  0  0  0
    2.3351    1.0365    6.4832  C  0  0  0  0  0
    3.2442    2.0816    6.1934  N  0  0  0  0  0
    3.1229    3.4156    6.5652  C  0  0  0  0  0
    4.1179    4.1711    6.1701  N  0  0  0  0  0
    4.9533    3.3168    5.5188  C  0  0  0  0  0
    4.4476    2.0168    5.5178  C  0  0  0  0  0
    5.1327    0.9731    4.9135  C  0  0  0  0  0
    4.6854   -0.3360    4.8685  N  0  0  0  0  0
    6.3613    1.2720    4.2969  C  0  0  0  0  0
    6.8803    2.5649    4.2887  C  0  0  0  0  0
    6.1798    3.6026    4.9007  C  0  0  0  0  0
  1 14  1  0  0  0
  1  2  1  0  0  0
  2  7  2  0  0  0
  2  3  1  0  0  0
  3  4  1  0  0  0
  4  5  1  0  0  0
  5  6  1  0  0  0
  6  7  1  0  0  0
  7  8  1  0  0  0
  8 12  1  0  0  0
  8  9  1  0  0  0
  9 10  2  0  0  0
 10 11  1  0  0  0
 11 17  2  0  0  0
 11 12  1  0  0  0
 12 13  2  0  0  0
 13 14  1  0  0  0
 13 15  1  0  0  0
 15 16  2  0  0  0
 16 17  1  0  0  0
M  END
$$$$
