C12=C(CC=CN1)CNCN2
  -ISIS-

 10 11  0  0  0  0  0  0  0  0  1
   -3.6875   -1.7133    0.9659  C  0  0  0  0  0
   -2.5336   -2.4550    0.7461  N  0  0  0  0  0
   -1.2513   -2.0592    1.1028  C  0  0  0  0  0
   -1.0874   -0.9617    1.8727  C  0  0  0  0  0
   -2.2800   -0.1472    2.3498  C  0  0  0  0  0
   -3.5849   -0.5926    1.7053  C  0  0  0  0  0
   -4.7552    0.2894    1.8669  C  0  0  0  0  0
   -5.9690   -0.2470    1.5005  N  0  0  0  0  0
   -6.0940   -1.3693    0.6989  C  0  0  0  0  0
   -4.9200   -2.0781    0.4433  N  0  0  0  0  0
  1 10  1  0  0  0
  1  6  2  0  0  0
  1  2  1  0  0  0
  2  3  1  0  0  0
  3  4  2  0  0  0
  4  5  1  0  0  0
  5  6  1  0  0  0
  6  7  1  0  0  0
  7  8  1  0  0  0
  8  9  1  0  0  0
  9 10  1  0  0  0
M  END
$$$$
