C12=C(NCNC1)NCCS2
  -ISIS-

 10 11  0  0  0  0  0  0  0  0  1
   -0.0560   -1.1871   -2.8311  N  0  0  0  0  0
    0.1405   -2.5192   -3.1999  C  0  0  0  0  0
    1.0744   -2.7480   -4.1967  N  0  0  0  0  0
    1.9099   -1.7796   -4.7204  C  0  0  0  0  0
    1.6342   -0.3777   -4.2937  C  0  0  0  0  0
    2.6765    0.8560   -4.9329  S  0  0  0  0  0
    1.5842    2.2797   -4.8103  C  0  0  0  0  0
    0.8406    2.3229   -3.4981  C  0  0  0  0  0
    0.3997    1.1437   -2.9582  N  0  0  0  0  0
    0.6697   -0.1398   -3.3868  C  0  0  0  0  0
  1 10  1  0  0  0
  1  2  1  0  0  0
  2  3  1  0  0  0
  3  4  1  0  0  0
  4  5  1  0  0  0
  5 10  2  0  0  0
  5  6  1  0  0  0
  6  7  1  0  0  0
  7  8  1  0  0  0
  8  9  1  0  0  0
  9 10  1  0  0  0
M  END
$$$$
C12=C(NCNC1)NCCS2
  -ISIS-

 10 11  0  0  0  0  0  0  0  0  1
   -0.0560   -1.1871   -2.8311  N  0  0  0  0  0
    0.1405   -2.5192   -3.1999  C  0  0  0  0  0
    1.0744   -2.7480   -4.1967  N  0  0  0  0  0
    1.9099   -1.7796   -4.7204  C  0  0  0  0  0
    1.6342   -0.3777   -4.2937  C  0  0  0  0  0
    2.6765    0.8560   -4.9329  S  0  0  0  0  0
    1.5842    2.2797   -4.8103  C  0  0  0  0  0
    0.8406    2.3229   -3.4981  C  0  0  0  0  0
    0.3997    1.1437   -2.9582  N  0  0  0  0  0
    0.6697   -0.1398   -3.3868  C  0  0  0  0  0
  1 10  1  0  0  0
  1  2  1  0  0  0
  2  3  1  0  0  0
  3  4  1  0  0  0
  4  5  1  0  0  0
  5 10  2  0  0  0
  5  6  1  0  0  0
  6  7  1  0  0  0
  7  8  1  0  0  0
  8  9  1  0  0  0
  9 10  1  0  0  0
M  END
$$$$
C12=C(NCNC1)NCCS2
  -ISIS-

 10 11  0  0  0  0  0  0  0  0  1
   -0.0560   -1.1871   -2.8311  N  0  0  0  0  0
    0.1405   -2.5192   -3.1999  C  0  0  0  0  0
    1.0744   -2.7480   -4.1967  N  0  0  0  0  0
    1.9099   -1.7796   -4.7204  C  0  0  0  0  0
    1.6342   -0.3777   -4.2937  C  0  0  0  0  0
    2.6765    0.8560   -4.9329  S  0  0  0  0  0
    1.5842    2.2797   -4.8103  C  0  0  0  0  0
    0.8406    2.3229   -3.4981  C  0  0  0  0  0
    0.3997    1.1437   -2.9582  N  0  0  0  0  0
    0.6697   -0.1398   -3.3868  C  0  0  0  0  0
  1 10  1  0  0  0
  1  2  1  0  0  0
  2  3  1  0  0  0
  3  4  1  0  0  0
  4  5  1  0  0  0
  5 10  2  0  0  0
  5  6  1  0  0  0
  6  7  1  0  0  0
  7  8  1  0  0  0
  8  9  1  0  0  0
  9 10  1  0  0  0
M  END
$$$$
C12=C(NCNC1)NCCS2
  -ISIS-

 10 11  0  0  0  0  0  0  0  0  1
   -0.0560   -1.1871   -2.8311  N  0  0  0  0  0
    0.1405   -2.5192   -3.1999  C  0  0  0  0  0
    1.0744   -2.7480   -4.1967  N  0  0  0  0  0
    1.9099   -1.7796   -4.7204  C  0  0  0  0  0
    1.6342   -0.3777   -4.2937  C  0  0  0  0  0
    2.6765    0.8560   -4.9329  S  0  0  0  0  0
    1.5842    2.2797   -4.8103  C  0  0  0  0  0
    0.8406    2.3229   -3.4981  C  0  0  0  0  0
    0.3997    1.1437   -2.9582  N  0  0  0  0  0
    0.6697   -0.1398   -3.3868  C  0  0  0  0  0
  1 10  1  0  0  0
  1  2  1  0  0  0
  2  3  1  0  0  0
  3  4  1  0  0  0
  4  5  1  0  0  0
  5 10  2  0  0  0
  5  6  1  0  0  0
  6  7  1  0  0  0
  7  8  1  0  0  0
  8  9  1  0  0  0
  9 10  1  0  0  0
M  END
$$$$
C12=C(NCNC1)NCCS2
  -ISIS-

 10 11  0  0  0  0  0  0  0  0  1
   -0.0560   -1.1871   -2.8311  N  0  0  0  0  0
    0.1405   -2.5192   -3.1999  C  0  0  0  0  0
    1.0744   -2.7480   -4.1967  N  0  0  0  0  0
    1.9099   -1.7796   -4.7204  C  0  0  0  0  0
    1.6342   -0.3777   -4.2937  C  0  0  0  0  0
    2.6765    0.8560   -4.9329  S  0  0  0  0  0
    1.5842    2.2797   -4.8103  C  0  0  0  0  0
    0.8406    2.3229   -3.4981  C  0  0  0  0  0
    0.3997    1.1437   -2.9582  N  0  0  0  0  0
    0.6697   -0.1398   -3.3868  C  0  0  0  0  0
  1 10  1  0  0  0
  1  2  1  0  0  0
  2  3  1  0  0  0
  3  4  1  0  0  0
  4  5  1  0  0  0
  5 10  2  0  0  0
  5  6  1  0  0  0
  6  7  1  0  0  0
  7  8  1  0  0  0
  8  9  1  0  0  0
  9 10  1  0  0  0
M  END
$$$$
C12=C(NCNC1)NCCS2
  -ISIS-

 10 11  0  0  0  0  0  0  0  0  1
    1.6272  -10.6955   -4.2795  C  0  0  0  0  0
    0.7868   -9.9607   -5.0286  C  0  0  0  0  0
   -0.1272  -10.6408   -5.9900  C  0  0  0  0  0
   -0.0462  -12.0212   -6.0371  N  0  0  0  0  0
    0.8233  -12.7778   -5.2708  C  0  0  0  0  0
    1.7096  -12.0728   -4.4565  N  0  0  0  0  0
    0.7529   -8.2259   -5.0095  S  0  0  0  0  0
    1.2611   -7.9172   -3.3153  C  0  0  0  0  0
    2.3734   -8.8225   -2.8475  C  0  0  0  0  0
    2.4285  -10.1035   -3.3267  N  0  0  0  0  0
  1  6  1  0  0  0
  1 10  1  0  0  0
  1  2  2  0  0  0
  2  3  1  0  0  0
  2  7  1  0  0  0
  3  4  1  0  0  0
  4  5  1  0  0  0
  5  6  1  0  0  0
  7  8  1  0  0  0
  8  9  1  0  0  0
  9 10  1  0  0  0
M  END
$$$$
C12=C(NCNC1)NCCS2
  -ISIS-

 10 11  0  0  0  0  0  0  0  0  1
    1.6272  -10.6955   -4.2795  C  0  0  0  0  0
    0.7868   -9.9607   -5.0286  C  0  0  0  0  0
   -0.1272  -10.6408   -5.9900  C  0  0  0  0  0
   -0.0462  -12.0212   -6.0371  N  0  0  0  0  0
    0.8233  -12.7778   -5.2708  C  0  0  0  0  0
    1.7096  -12.0728   -4.4565  N  0  0  0  0  0
    0.7529   -8.2259   -5.0095  S  0  0  0  0  0
    1.2611   -7.9172   -3.3153  C  0  0  0  0  0
    2.3734   -8.8225   -2.8475  C  0  0  0  0  0
    2.4285  -10.1035   -3.3267  N  0  0  0  0  0
  1  6  1  0  0  0
  1 10  1  0  0  0
  1  2  2  0  0  0
  2  3  1  0  0  0
  2  7  1  0  0  0
  3  4  1  0  0  0
  4  5  1  0  0  0
  5  6  1  0  0  0
  7  8  1  0  0  0
  8  9  1  0  0  0
  9 10  1  0  0  0
M  END
$$$$
C12=C(NCNC1)NCCS2
  -ISIS-

 10 11  0  0  0  0  0  0  0  0  1
    1.6272  -10.6955   -4.2795  C  0  0  0  0  0
    0.7868   -9.9607   -5.0286  C  0  0  0  0  0
   -0.1272  -10.6408   -5.9900  C  0  0  0  0  0
   -0.0462  -12.0212   -6.0371  N  0  0  0  0  0
    0.8233  -12.7778   -5.2708  C  0  0  0  0  0
    1.7096  -12.0728   -4.4565  N  0  0  0  0  0
    0.7529   -8.2259   -5.0095  S  0  0  0  0  0
    1.2611   -7.9172   -3.3153  C  0  0  0  0  0
    2.3734   -8.8225   -2.8475  C  0  0  0  0  0
    2.4285  -10.1035   -3.3267  N  0  0  0  0  0
  1  6  1  0  0  0
  1 10  1  0  0  0
  1  2  2  0  0  0
  2  3  1  0  0  0
  2  7  1  0  0  0
  3  4  1  0  0  0
  4  5  1  0  0  0
  5  6  1  0  0  0
  7  8  1  0  0  0
  8  9  1  0  0  0
  9 10  1  0  0  0
M  END
$$$$
C12=C(NCNC1)NCCS2
  -ISIS-

 10 11  0  0  0  0  0  0  0  0  1
    1.6272  -10.6955   -4.2795  C  0  0  0  0  0
    0.7868   -9.9607   -5.0286  C  0  0  0  0  0
   -0.1272  -10.6408   -5.9900  C  0  0  0  0  0
   -0.0462  -12.0212   -6.0371  N  0  0  0  0  0
    0.8233  -12.7778   -5.2708  C  0  0  0  0  0
    1.7096  -12.0728   -4.4565  N  0  0  0  0  0
    0.7529   -8.2259   -5.0095  S  0  0  0  0  0
    1.2611   -7.9172   -3.3153  C  0  0  0  0  0
    2.3734   -8.8225   -2.8475  C  0  0  0  0  0
    2.4285  -10.1035   -3.3267  N  0  0  0  0  0
  1  6  1  0  0  0
  1 10  1  0  0  0
  1  2  2  0  0  0
  2  3  1  0  0  0
  2  7  1  0  0  0
  3  4  1  0  0  0
  4  5  1  0  0  0
  5  6  1  0  0  0
  7  8  1  0  0  0
  8  9  1  0  0  0
  9 10  1  0  0  0
M  END
$$$$
C12=C(NCNC1)NCCS2
  -ISIS-

 10 11  0  0  0  0  0  0  0  0  1
    1.6272  -10.6955   -4.2795  C  0  0  0  0  0
    0.7868   -9.9607   -5.0286  C  0  0  0  0  0
   -0.1272  -10.6408   -5.9900  C  0  0  0  0  0
   -0.0462  -12.0212   -6.0371  N  0  0  0  0  0
    0.8233  -12.7778   -5.2708  C  0  0  0  0  0
    1.7096  -12.0728   -4.4565  N  0  0  0  0  0
    0.7529   -8.2259   -5.0095  S  0  0  0  0  0
    1.2611   -7.9172   -3.3153  C  0  0  0  0  0
    2.3734   -8.8225   -2.8475  C  0  0  0  0  0
    2.4285  -10.1035   -3.3267  N  0  0  0  0  0
  1  6  1  0  0  0
  1 10  1  0  0  0
  1  2  2  0  0  0
  2  3  1  0  0  0
  2  7  1  0  0  0
  3  4  1  0  0  0
  4  5  1  0  0  0
  5  6  1  0  0  0
  7  8  1  0  0  0
  8  9  1  0  0  0
  9 10  1  0  0  0
M  END
$$$$
C12=C(NCNC1)NCCS2
  -ISIS-

 10 11  0  0  0  0  0  0  0  0  1
    1.4836    6.4663   -2.8186  N  0  0  0  0  0
    0.6375    6.6363   -3.9196  C  0  0  0  0  0
    0.5500    5.5730   -4.8022  N  0  0  0  0  0
    1.1283    4.3357   -4.5897  C  0  0  0  0  0
    2.0027    4.2171   -3.3893  C  0  0  0  0  0
    2.8771    2.7265   -3.2076  S  0  0  0  0  0
    3.0653    2.6965   -1.4202  C  0  0  0  0  0
    3.4618    4.0410   -0.8638  C  0  0  0  0  0
    2.9204    5.1675   -1.4241  N  0  0  0  0  0
    2.1314    5.2629   -2.5526  C  0  0  0  0  0
  1 10  1  0  0  0
  1  2  1  0  0  0
  2  3  1  0  0  0
  3  4  1  0  0  0
  4  5  1  0  0  0
  5 10  2  0  0  0
  5  6  1  0  0  0
  6  7  1  0  0  0
  7  8  1  0  0  0
  8  9  1  0  0  0
  9 10  1  0  0  0
M  END
$$$$
C12=C(NCNC1)NCCS2
  -ISIS-

 10 11  0  0  0  0  0  0  0  0  1
    1.4836    6.4663   -2.8186  N  0  0  0  0  0
    0.6375    6.6363   -3.9196  C  0  0  0  0  0
    0.5500    5.5730   -4.8022  N  0  0  0  0  0
    1.1283    4.3357   -4.5897  C  0  0  0  0  0
    2.0027    4.2171   -3.3893  C  0  0  0  0  0
    2.8771    2.7265   -3.2076  S  0  0  0  0  0
    3.0653    2.6965   -1.4202  C  0  0  0  0  0
    3.4618    4.0410   -0.8638  C  0  0  0  0  0
    2.9204    5.1675   -1.4241  N  0  0  0  0  0
    2.1314    5.2629   -2.5526  C  0  0  0  0  0
  1 10  1  0  0  0
  1  2  1  0  0  0
  2  3  1  0  0  0
  3  4  1  0  0  0
  4  5  1  0  0  0
  5 10  2  0  0  0
  5  6  1  0  0  0
  6  7  1  0  0  0
  7  8  1  0  0  0
  8  9  1  0  0  0
  9 10  1  0  0  0
M  END
$$$$
C12=C(NCNC1)NCCS2
  -ISIS-

 10 11  0  0  0  0  0  0  0  0  1
    1.4836    6.4663   -2.8186  N  0  0  0  0  0
    0.6375    6.6363   -3.9196  C  0  0  0  0  0
    0.5500    5.5730   -4.8022  N  0  0  0  0  0
    1.1283    4.3357   -4.5897  C  0  0  0  0  0
    2.0027    4.2171   -3.3893  C  0  0  0  0  0
    2.8771    2.7265   -3.2076  S  0  0  0  0  0
    3.0653    2.6965   -1.4202  C  0  0  0  0  0
    3.4618    4.0410   -0.8638  C  0  0  0  0  0
    2.9204    5.1675   -1.4241  N  0  0  0  0  0
    2.1314    5.2629   -2.5526  C  0  0  0  0  0
  1 10  1  0  0  0
  1  2  1  0  0  0
  2  3  1  0  0  0
  3  4  1  0  0  0
  4  5  1  0  0  0
  5 10  2  0  0  0
  5  6  1  0  0  0
  6  7  1  0  0  0
  7  8  1  0  0  0
  8  9  1  0  0  0
  9 10  1  0  0  0
M  END
$$$$
C12=C(NCNC1)NCCS2
  -ISIS-

 10 11  0  0  0  0  0  0  0  0  1
    1.4836    6.4663   -2.8186  N  0  0  0  0  0
    0.6375    6.6363   -3.9196  C  0  0  0  0  0
    0.5500    5.5730   -4.8022  N  0  0  0  0  0
    1.1283    4.3357   -4.5897  C  0  0  0  0  0
    2.0027    4.2171   -3.3893  C  0  0  0  0  0
    2.8771    2.7265   -3.2076  S  0  0  0  0  0
    3.0653    2.6965   -1.4202  C  0  0  0  0  0
    3.4618    4.0410   -0.8638  C  0  0  0  0  0
    2.9204    5.1675   -1.4241  N  0  0  0  0  0
    2.1314    5.2629   -2.5526  C  0  0  0  0  0
  1 10  1  0  0  0
  1  2  1  0  0  0
  2  3  1  0  0  0
  3  4  1  0  0  0
  4  5  1  0  0  0
  5 10  2  0  0  0
  5  6  1  0  0  0
  6  7  1  0  0  0
  7  8  1  0  0  0
  8  9  1  0  0  0
  9 10  1  0  0  0
M  END
$$$$
C12=C(NCNC1)NCCS2
  -ISIS-

 10 11  0  0  0  0  0  0  0  0  1
    1.4836    6.4663   -2.8186  N  0  0  0  0  0
    0.6375    6.6363   -3.9196  C  0  0  0  0  0
    0.5500    5.5730   -4.8022  N  0  0  0  0  0
    1.1283    4.3357   -4.5897  C  0  0  0  0  0
    2.0027    4.2171   -3.3893  C  0  0  0  0  0
    2.8771    2.7265   -3.2076  S  0  0  0  0  0
    3.0653    2.6965   -1.4202  C  0  0  0  0  0
    3.4618    4.0410   -0.8638  C  0  0  0  0  0
    2.9204    5.1675   -1.4241  N  0  0  0  0  0
    2.1314    5.2629   -2.5526  C  0  0  0  0  0
  1 10  1  0  0  0
  1  2  1  0  0  0
  2  3  1  0  0  0
  3  4  1  0  0  0
  4  5  1  0  0  0
  5 10  2  0  0  0
  5  6  1  0  0  0
  6  7  1  0  0  0
  7  8  1  0  0  0
  8  9  1  0  0  0
  9 10  1  0  0  0
M  END
$$$$
C12=C(NCNC1)NCCS2
  -ISIS-

 10 11  0  0  0  0  0  0  0  0  1
   -3.6093   -6.0907    1.8065  N  0  0  0  0  0
   -2.6526   -5.6187    2.7011  C  0  0  0  0  0
   -2.0704   -6.4585    3.5658  C  0  0  0  0  0
   -2.4813   -7.8636    3.6321  C  0  0  0  0  0
   -3.3644   -8.2850    2.6547  N  0  0  0  0  0
   -4.0138   -7.4318    1.7760  C  0  0  0  0  0
   -0.9787   -5.8547    4.7410  S  0  0  0  0  0
   -0.2765   -4.4496    3.9766  C  0  0  0  0  0
   -1.3300   -3.6320    3.3288  C  0  0  0  0  0
   -2.3499   -4.2786    2.6944  N  0  0  0  0  0
  1  6  1  0  0  0
  1  2  1  0  0  0
  2 10  1  0  0  0
  2  3  2  0  0  0
  3  4  1  0  0  0
  3  7  1  0  0  0
  4  5  1  0  0  0
  5  6  1  0  0  0
  7  8  1  0  0  0
  8  9  1  0  0  0
  9 10  1  0  0  0
M  END
$$$$
C12=C(NCNC1)NCCS2
  -ISIS-

 10 11  0  0  0  0  0  0  0  0  1
   -3.6093   -6.0907    1.8065  N  0  0  0  0  0
   -2.6526   -5.6187    2.7011  C  0  0  0  0  0
   -2.0704   -6.4585    3.5658  C  0  0  0  0  0
   -2.4813   -7.8636    3.6321  C  0  0  0  0  0
   -3.3644   -8.2850    2.6547  N  0  0  0  0  0
   -4.0138   -7.4318    1.7760  C  0  0  0  0  0
   -0.9787   -5.8547    4.7410  S  0  0  0  0  0
   -0.2765   -4.4496    3.9766  C  0  0  0  0  0
   -1.3300   -3.6320    3.3288  C  0  0  0  0  0
   -2.3499   -4.2786    2.6944  N  0  0  0  0  0
  1  6  1  0  0  0
  1  2  1  0  0  0
  2 10  1  0  0  0
  2  3  2  0  0  0
  3  4  1  0  0  0
  3  7  1  0  0  0
  4  5  1  0  0  0
  5  6  1  0  0  0
  7  8  1  0  0  0
  8  9  1  0  0  0
  9 10  1  0  0  0
M  END
$$$$
C12=C(NCNC1)NCCS2
  -ISIS-

 10 11  0  0  0  0  0  0  0  0  1
   -3.6093   -6.0907    1.8065  N  0  0  0  0  0
   -2.6526   -5.6187    2.7011  C  0  0  0  0  0
   -2.0704   -6.4585    3.5658  C  0  0  0  0  0
   -2.4813   -7.8636    3.6321  C  0  0  0  0  0
   -3.3644   -8.2850    2.6547  N  0  0  0  0  0
   -4.0138   -7.4318    1.7760  C  0  0  0  0  0
   -0.9787   -5.8547    4.7410  S  0  0  0  0  0
   -0.2765   -4.4496    3.9766  C  0  0  0  0  0
   -1.3300   -3.6320    3.3288  C  0  0  0  0  0
   -2.3499   -4.2786    2.6944  N  0  0  0  0  0
  1  6  1  0  0  0
  1  2  1  0  0  0
  2 10  1  0  0  0
  2  3  2  0  0  0
  3  4  1  0  0  0
  3  7  1  0  0  0
  4  5  1  0  0  0
  5  6  1  0  0  0
  7  8  1  0  0  0
  8  9  1  0  0  0
  9 10  1  0  0  0
M  END
$$$$
C12=C(NCNC1)NCCS2
  -ISIS-

 10 11  0  0  0  0  0  0  0  0  1
   -3.6093   -6.0907    1.8065  N  0  0  0  0  0
   -2.6526   -5.6187    2.7011  C  0  0  0  0  0
   -2.0704   -6.4585    3.5658  C  0  0  0  0  0
   -2.4813   -7.8636    3.6321  C  0  0  0  0  0
   -3.3644   -8.2850    2.6547  N  0  0  0  0  0
   -4.0138   -7.4318    1.7760  C  0  0  0  0  0
   -0.9787   -5.8547    4.7410  S  0  0  0  0  0
   -0.2765   -4.4496    3.9766  C  0  0  0  0  0
   -1.3300   -3.6320    3.3288  C  0  0  0  0  0
   -2.3499   -4.2786    2.6944  N  0  0  0  0  0
  1  6  1  0  0  0
  1  2  1  0  0  0
  2 10  1  0  0  0
  2  3  2  0  0  0
  3  4  1  0  0  0
  3  7  1  0  0  0
  4  5  1  0  0  0
  5  6  1  0  0  0
  7  8  1  0  0  0
  8  9  1  0  0  0
  9 10  1  0  0  0
M  END
$$$$
C12=C(NCNC1)NCCS2
  -ISIS-

 10 11  0  0  0  0  0  0  0  0  1
   -3.6093   -6.0907    1.8065  N  0  0  0  0  0
   -2.6526   -5.6187    2.7011  C  0  0  0  0  0
   -2.0704   -6.4585    3.5658  C  0  0  0  0  0
   -2.4813   -7.8636    3.6321  C  0  0  0  0  0
   -3.3644   -8.2850    2.6547  N  0  0  0  0  0
   -4.0138   -7.4318    1.7760  C  0  0  0  0  0
   -0.9787   -5.8547    4.7410  S  0  0  0  0  0
   -0.2765   -4.4496    3.9766  C  0  0  0  0  0
   -1.3300   -3.6320    3.3288  C  0  0  0  0  0
   -2.3499   -4.2786    2.6944  N  0  0  0  0  0
  1  6  1  0  0  0
  1  2  1  0  0  0
  2 10  1  0  0  0
  2  3  2  0  0  0
  3  4  1  0  0  0
  3  7  1  0  0  0
  4  5  1  0  0  0
  5  6  1  0  0  0
  7  8  1  0  0  0
  8  9  1  0  0  0
  9 10  1  0  0  0
M  END
$$$$
C12=C(NCNC1)NCCS2
  -ISIS-

 10 11  0  0  0  0  0  0  0  0  1
   -3.6093   -6.0907    1.8065  N  0  0  0  0  0
   -2.6526   -5.6187    2.7011  C  0  0  0  0  0
   -2.0704   -6.4585    3.5658  C  0  0  0  0  0
   -2.4813   -7.8636    3.6321  C  0  0  0  0  0
   -3.3644   -8.2850    2.6547  N  0  0  0  0  0
   -4.0138   -7.4318    1.7760  C  0  0  0  0  0
   -0.9787   -5.8547    4.7410  S  0  0  0  0  0
   -0.2765   -4.4496    3.9766  C  0  0  0  0  0
   -1.3300   -3.6320    3.3288  C  0  0  0  0  0
   -2.3499   -4.2786    2.6944  N  0  0  0  0  0
  1  6  1  0  0  0
  1  2  1  0  0  0
  2 10  1  0  0  0
  2  3  2  0  0  0
  3  4  1  0  0  0
  3  7  1  0  0  0
  4  5  1  0  0  0
  5  6  1  0  0  0
  7  8  1  0  0  0
  8  9  1  0  0  0
  9 10  1  0  0  0
M  END
$$$$
C12=C(NCNC1)NCCS2
  -ISIS-

 10 11  0  0  0  0  0  0  0  0  1
    5.2543    0.7718   -3.4110  N  0  0  0  0  0
    6.4853    0.7190   -4.0740  C  0  0  0  0  0
    7.5073    0.0434   -3.4276  N  0  0  0  0  0
    7.4094   -0.4738   -2.1489  C  0  0  0  0  0
    6.0464   -0.4800   -1.5517  C  0  0  0  0  0
    5.8853   -1.1934    0.0264  S  0  0  0  0  0
    4.1800   -1.7866   -0.1197  C  0  0  0  0  0
    3.2870   -0.6460   -0.6315  C  0  0  0  0  0
    3.7607    0.1333   -1.6602  N  0  0  0  0  0
    5.0320    0.1221   -2.2006  C  0  0  0  0  0
  1 10  1  0  0  0
  1  2  1  0  0  0
  2  3  1  0  0  0
  3  4  1  0  0  0
  4  5  1  0  0  0
  5 10  2  0  0  0
  5  6  1  0  0  0
  6  7  1  0  0  0
  7  8  1  0  0  0
  8  9  1  0  0  0
  9 10  1  0  0  0
M  END
$$$$
C12=C(NCNC1)NCCS2
  -ISIS-

 10 11  0  0  0  0  0  0  0  0  1
    5.2543    0.7718   -3.4110  N  0  0  0  0  0
    6.4853    0.7190   -4.0740  C  0  0  0  0  0
    7.5073    0.0434   -3.4276  N  0  0  0  0  0
    7.4094   -0.4738   -2.1489  C  0  0  0  0  0
    6.0464   -0.4800   -1.5517  C  0  0  0  0  0
    5.8853   -1.1934    0.0264  S  0  0  0  0  0
    4.1800   -1.7866   -0.1197  C  0  0  0  0  0
    3.2870   -0.6460   -0.6315  C  0  0  0  0  0
    3.7607    0.1333   -1.6602  N  0  0  0  0  0
    5.0320    0.1221   -2.2006  C  0  0  0  0  0
  1 10  1  0  0  0
  1  2  1  0  0  0
  2  3  1  0  0  0
  3  4  1  0  0  0
  4  5  1  0  0  0
  5 10  2  0  0  0
  5  6  1  0  0  0
  6  7  1  0  0  0
  7  8  1  0  0  0
  8  9  1  0  0  0
  9 10  1  0  0  0
M  END
$$$$
C12=C(NCNC1)NCCS2
  -ISIS-

 10 11  0  0  0  0  0  0  0  0  1
    5.2543    0.7718   -3.4110  N  0  0  0  0  0
    6.4853    0.7190   -4.0740  C  0  0  0  0  0
    7.5073    0.0434   -3.4276  N  0  0  0  0  0
    7.4094   -0.4738   -2.1489  C  0  0  0  0  0
    6.0464   -0.4800   -1.5517  C  0  0  0  0  0
    5.8853   -1.1934    0.0264  S  0  0  0  0  0
    4.1800   -1.7866   -0.1197  C  0  0  0  0  0
    3.2870   -0.6460   -0.6315  C  0  0  0  0  0
    3.7607    0.1333   -1.6602  N  0  0  0  0  0
    5.0320    0.1221   -2.2006  C  0  0  0  0  0
  1 10  1  0  0  0
  1  2  1  0  0  0
  2  3  1  0  0  0
  3  4  1  0  0  0
  4  5  1  0  0  0
  5 10  2  0  0  0
  5  6  1  0  0  0
  6  7  1  0  0  0
  7  8  1  0  0  0
  8  9  1  0  0  0
  9 10  1  0  0  0
M  END
$$$$
C12=C(NCNC1)NCCS2
  -ISIS-

 10 11  0  0  0  0  0  0  0  0  1
    5.2543    0.7718   -3.4110  N  0  0  0  0  0
    6.4853    0.7190   -4.0740  C  0  0  0  0  0
    7.5073    0.0434   -3.4276  N  0  0  0  0  0
    7.4094   -0.4738   -2.1489  C  0  0  0  0  0
    6.0464   -0.4800   -1.5517  C  0  0  0  0  0
    5.8853   -1.1934    0.0264  S  0  0  0  0  0
    4.1800   -1.7866   -0.1197  C  0  0  0  0  0
    3.2870   -0.6460   -0.6315  C  0  0  0  0  0
    3.7607    0.1333   -1.6602  N  0  0  0  0  0
    5.0320    0.1221   -2.2006  C  0  0  0  0  0
  1 10  1  0  0  0
  1  2  1  0  0  0
  2  3  1  0  0  0
  3  4  1  0  0  0
  4  5  1  0  0  0
  5 10  2  0  0  0
  5  6  1  0  0  0
  6  7  1  0  0  0
  7  8  1  0  0  0
  8  9  1  0  0  0
  9 10  1  0  0  0
M  END
$$$$
C12=C(NCNC1)NCCS2
  -ISIS-

 10 11  0  0  0  0  0  0  0  0  1
    5.2543    0.7718   -3.4110  N  0  0  0  0  0
    6.4853    0.7190   -4.0740  C  0  0  0  0  0
    7.5073    0.0434   -3.4276  N  0  0  0  0  0
    7.4094   -0.4738   -2.1489  C  0  0  0  0  0
    6.0464   -0.4800   -1.5517  C  0  0  0  0  0
    5.8853   -1.1934    0.0264  S  0  0  0  0  0
    4.1800   -1.7866   -0.1197  C  0  0  0  0  0
    3.2870   -0.6460   -0.6315  C  0  0  0  0  0
    3.7607    0.1333   -1.6602  N  0  0  0  0  0
    5.0320    0.1221   -2.2006  C  0  0  0  0  0
  1 10  1  0  0  0
  1  2  1  0  0  0
  2  3  1  0  0  0
  3  4  1  0  0  0
  4  5  1  0  0  0
  5 10  2  0  0  0
  5  6  1  0  0  0
  6  7  1  0  0  0
  7  8  1  0  0  0
  8  9  1  0  0  0
  9 10  1  0  0  0
M  END
$$$$
C12=C(NCNC1)NCCS2
  -ISIS-

 10 11  0  0  0  0  0  0  0  0  1
    5.2543    0.7718   -3.4110  N  0  0  0  0  0
    6.4853    0.7190   -4.0740  C  0  0  0  0  0
    7.5073    0.0434   -3.4276  N  0  0  0  0  0
    7.4094   -0.4738   -2.1489  C  0  0  0  0  0
    6.0464   -0.4800   -1.5517  C  0  0  0  0  0
    5.8853   -1.1934    0.0264  S  0  0  0  0  0
    4.1800   -1.7866   -0.1197  C  0  0  0  0  0
    3.2870   -0.6460   -0.6315  C  0  0  0  0  0
    3.7607    0.1333   -1.6602  N  0  0  0  0  0
    5.0320    0.1221   -2.2006  C  0  0  0  0  0
  1 10  1  0  0  0
  1  2  1  0  0  0
  2  3  1  0  0  0
  3  4  1  0  0  0
  4  5  1  0  0  0
  5 10  2  0  0  0
  5  6  1  0  0  0
  6  7  1  0  0  0
  7  8  1  0  0  0
  8  9  1  0  0  0
  9 10  1  0  0  0
M  END
$$$$
C12=C(NCNC1)NCCS2
  -ISIS-

 10 11  0  0  0  0  0  0  0  0  1
    1.8560    3.4182   -2.9199  C  0  0  0  0  0
    1.8341    2.7062   -4.1042  N  0  0  0  0  0
    2.5498    1.5422   -4.3213  C  0  0  0  0  0
    3.3404    1.0923   -3.2567  N  0  0  0  0  0
    3.5538    1.8606   -2.1141  C  0  0  0  0  0
    2.8863    3.0170   -1.9351  C  0  0  0  0  0
    3.0786    3.9537   -0.4309  S  0  0  0  0  0
    4.8384    3.6170   -0.1690  C  0  0  0  0  0
    5.0408    2.1122   -0.1580  C  0  0  0  0  0
    4.4486    1.3961   -1.1693  N  0  0  0  0  0
  1  6  1  0  0  0
  1  2  1  0  0  0
  2  3  1  0  0  0
  3  4  1  0  0  0
  4  5  1  0  0  0
  5 10  1  0  0  0
  5  6  2  0  0  0
  6  7  1  0  0  0
  7  8  1  0  0  0
  8  9  1  0  0  0
  9 10  1  0  0  0
M  END
$$$$
C12=C(NCNC1)NCCS2
  -ISIS-

 10 11  0  0  0  0  0  0  0  0  1
    1.8560    3.4182   -2.9199  C  0  0  0  0  0
    1.8341    2.7062   -4.1042  N  0  0  0  0  0
    2.5498    1.5422   -4.3213  C  0  0  0  0  0
    3.3404    1.0923   -3.2567  N  0  0  0  0  0
    3.5538    1.8606   -2.1141  C  0  0  0  0  0
    2.8863    3.0170   -1.9351  C  0  0  0  0  0
    3.0786    3.9537   -0.4309  S  0  0  0  0  0
    4.8384    3.6170   -0.1690  C  0  0  0  0  0
    5.0408    2.1122   -0.1580  C  0  0  0  0  0
    4.4486    1.3961   -1.1693  N  0  0  0  0  0
  1  6  1  0  0  0
  1  2  1  0  0  0
  2  3  1  0  0  0
  3  4  1  0  0  0
  4  5  1  0  0  0
  5 10  1  0  0  0
  5  6  2  0  0  0
  6  7  1  0  0  0
  7  8  1  0  0  0
  8  9  1  0  0  0
  9 10  1  0  0  0
M  END
$$$$
C12=C(NCNC1)NCCS2
  -ISIS-

 10 11  0  0  0  0  0  0  0  0  1
    1.8560    3.4182   -2.9199  C  0  0  0  0  0
    1.8341    2.7062   -4.1042  N  0  0  0  0  0
    2.5498    1.5422   -4.3213  C  0  0  0  0  0
    3.3404    1.0923   -3.2567  N  0  0  0  0  0
    3.5538    1.8606   -2.1141  C  0  0  0  0  0
    2.8863    3.0170   -1.9351  C  0  0  0  0  0
    3.0786    3.9537   -0.4309  S  0  0  0  0  0
    4.8384    3.6170   -0.1690  C  0  0  0  0  0
    5.0408    2.1122   -0.1580  C  0  0  0  0  0
    4.4486    1.3961   -1.1693  N  0  0  0  0  0
  1  6  1  0  0  0
  1  2  1  0  0  0
  2  3  1  0  0  0
  3  4  1  0  0  0
  4  5  1  0  0  0
  5 10  1  0  0  0
  5  6  2  0  0  0
  6  7  1  0  0  0
  7  8  1  0  0  0
  8  9  1  0  0  0
  9 10  1  0  0  0
M  END
$$$$
C12=C(NCNC1)NCCS2
  -ISIS-

 10 11  0  0  0  0  0  0  0  0  1
    1.8560    3.4182   -2.9199  C  0  0  0  0  0
    1.8341    2.7062   -4.1042  N  0  0  0  0  0
    2.5498    1.5422   -4.3213  C  0  0  0  0  0
    3.3404    1.0923   -3.2567  N  0  0  0  0  0
    3.5538    1.8606   -2.1141  C  0  0  0  0  0
    2.8863    3.0170   -1.9351  C  0  0  0  0  0
    3.0786    3.9537   -0.4309  S  0  0  0  0  0
    4.8384    3.6170   -0.1690  C  0  0  0  0  0
    5.0408    2.1122   -0.1580  C  0  0  0  0  0
    4.4486    1.3961   -1.1693  N  0  0  0  0  0
  1  6  1  0  0  0
  1  2  1  0  0  0
  2  3  1  0  0  0
  3  4  1  0  0  0
  4  5  1  0  0  0
  5 10  1  0  0  0
  5  6  2  0  0  0
  6  7  1  0  0  0
  7  8  1  0  0  0
  8  9  1  0  0  0
  9 10  1  0  0  0
M  END
$$$$
C12=C(NCNC1)NCCS2
  -ISIS-

 10 11  0  0  0  0  0  0  0  0  1
    1.8560    3.4182   -2.9199  C  0  0  0  0  0
    1.8341    2.7062   -4.1042  N  0  0  0  0  0
    2.5498    1.5422   -4.3213  C  0  0  0  0  0
    3.3404    1.0923   -3.2567  N  0  0  0  0  0
    3.5538    1.8606   -2.1141  C  0  0  0  0  0
    2.8863    3.0170   -1.9351  C  0  0  0  0  0
    3.0786    3.9537   -0.4309  S  0  0  0  0  0
    4.8384    3.6170   -0.1690  C  0  0  0  0  0
    5.0408    2.1122   -0.1580  C  0  0  0  0  0
    4.4486    1.3961   -1.1693  N  0  0  0  0  0
  1  6  1  0  0  0
  1  2  1  0  0  0
  2  3  1  0  0  0
  3  4  1  0  0  0
  4  5  1  0  0  0
  5 10  1  0  0  0
  5  6  2  0  0  0
  6  7  1  0  0  0
  7  8  1  0  0  0
  8  9  1  0  0  0
  9 10  1  0  0  0
M  END
$$$$
C12=C(NCNC1)NCCS2
  -ISIS-

 10 11  0  0  0  0  0  0  0  0  1
    1.8560    3.4182   -2.9199  C  0  0  0  0  0
    1.8341    2.7062   -4.1042  N  0  0  0  0  0
    2.5498    1.5422   -4.3213  C  0  0  0  0  0
    3.3404    1.0923   -3.2567  N  0  0  0  0  0
    3.5538    1.8606   -2.1141  C  0  0  0  0  0
    2.8863    3.0170   -1.9351  C  0  0  0  0  0
    3.0786    3.9537   -0.4309  S  0  0  0  0  0
    4.8384    3.6170   -0.1690  C  0  0  0  0  0
    5.0408    2.1122   -0.1580  C  0  0  0  0  0
    4.4486    1.3961   -1.1693  N  0  0  0  0  0
  1  6  1  0  0  0
  1  2  1  0  0  0
  2  3  1  0  0  0
  3  4  1  0  0  0
  4  5  1  0  0  0
  5 10  1  0  0  0
  5  6  2  0  0  0
  6  7  1  0  0  0
  7  8  1  0  0  0
  8  9  1  0  0  0
  9 10  1  0  0  0
M  END
$$$$
C12=C(NCNC1)NCCS2
  -ISIS-

 10 11  0  0  0  0  0  0  0  0  1
    1.8560    3.4182   -2.9199  C  0  0  0  0  0
    1.8341    2.7062   -4.1042  N  0  0  0  0  0
    2.5498    1.5422   -4.3213  C  0  0  0  0  0
    3.3404    1.0923   -3.2567  N  0  0  0  0  0
    3.5538    1.8606   -2.1141  C  0  0  0  0  0
    2.8863    3.0170   -1.9351  C  0  0  0  0  0
    3.0786    3.9537   -0.4309  S  0  0  0  0  0
    4.8384    3.6170   -0.1690  C  0  0  0  0  0
    5.0408    2.1122   -0.1580  C  0  0  0  0  0
    4.4486    1.3961   -1.1693  N  0  0  0  0  0
  1  6  1  0  0  0
  1  2  1  0  0  0
  2  3  1  0  0  0
  3  4  1  0  0  0
  4  5  1  0  0  0
  5 10  1  0  0  0
  5  6  2  0  0  0
  6  7  1  0  0  0
  7  8  1  0  0  0
  8  9  1  0  0  0
  9 10  1  0  0  0
M  END
$$$$
