C12=CNc3c(C1NCCNC2)cccc3
  -ISIS-

 15 17  0  0  0  0  0  0  0  0  1
   -0.1973    6.3761    1.8963  C  0  0  0  0  0
   -0.3710    7.6983    2.2933  N  0  0  0  0  0
   -1.5385    8.0562    3.0150  C  0  0  0  0  0
   -1.8938    9.3801    3.3252  C  0  0  0  0  0
   -3.0851    9.6896    3.9947  C  0  0  0  0  0
   -3.9585    8.6817    4.3784  C  0  0  0  0  0
   -3.6327    7.3587    4.1093  C  0  0  0  0  0
   -2.4300    7.0356    3.4450  C  0  0  0  0  0
   -2.0771    5.5615    3.2567  C  0  0  0  0  0
   -1.7344    5.0028    4.5539  N  0  0  0  0  0
   -1.3904    3.7217    4.8393  C  0  0  0  0  0
   -0.8033    2.8166    3.7558  C  0  0  0  0  0
   -1.2689    2.9481    2.3744  N  0  0  0  0  0
   -0.8132    4.0394    1.6401  C  0  0  0  0  0
   -0.9567    5.3523    2.3041  C  0  0  0  0  0
  1 15  2  0  0  0
  1  2  1  0  0  0
  2  3  1  0  0  0
  3  8  2  0  0  0
  3  4  1  0  0  0
  4  5  2  0  0  0
  5  6  1  0  0  0
  6  7  2  0  0  0
  7  8  1  0  0  0
  8  9  1  0  0  0
  9 15  1  0  0  0
  9 10  1  0  0  0
 10 11  1  0  0  0
 11 12  1  0  0  0
 12 13  1  0  0  0
 13 14  1  0  0  0
 14 15  1  0  0  0
M  END
$$$$
C12=CNc3c(C1NCCNC2)cccc3
  -ISIS-

 15 17  0  0  0  0  0  0  0  0  1
   -0.1973    6.3761    1.8963  C  0  0  0  0  0
   -0.3710    7.6983    2.2933  N  0  0  0  0  0
   -1.5385    8.0562    3.0150  C  0  0  0  0  0
   -1.8938    9.3801    3.3252  C  0  0  0  0  0
   -3.0851    9.6896    3.9947  C  0  0  0  0  0
   -3.9585    8.6817    4.3784  C  0  0  0  0  0
   -3.6327    7.3587    4.1093  C  0  0  0  0  0
   -2.4300    7.0356    3.4450  C  0  0  0  0  0
   -2.0771    5.5615    3.2567  C  0  0  0  0  0
   -1.7344    5.0028    4.5539  N  0  0  0  0  0
   -1.3904    3.7217    4.8393  C  0  0  0  0  0
   -0.8033    2.8166    3.7558  C  0  0  0  0  0
   -1.2689    2.9481    2.3744  N  0  0  0  0  0
   -0.8132    4.0394    1.6401  C  0  0  0  0  0
   -0.9567    5.3523    2.3041  C  0  0  0  0  0
  1 15  2  0  0  0
  1  2  1  0  0  0
  2  3  1  0  0  0
  3  8  2  0  0  0
  3  4  1  0  0  0
  4  5  2  0  0  0
  5  6  1  0  0  0
  6  7  2  0  0  0
  7  8  1  0  0  0
  8  9  1  0  0  0
  9 15  1  0  0  0
  9 10  1  0  0  0
 10 11  1  0  0  0
 11 12  1  0  0  0
 12 13  1  0  0  0
 13 14  1  0  0  0
 14 15  1  0  0  0
M  END
$$$$
C12=CNc3c(C1NCCNC2)cccc3
  -ISIS-

 15 17  0  0  0  0  0  0  0  0  1
   -0.1973    6.3761    1.8963  C  0  0  0  0  0
   -0.3710    7.6983    2.2933  N  0  0  0  0  0
   -1.5385    8.0562    3.0150  C  0  0  0  0  0
   -1.8938    9.3801    3.3252  C  0  0  0  0  0
   -3.0851    9.6896    3.9947  C  0  0  0  0  0
   -3.9585    8.6817    4.3784  C  0  0  0  0  0
   -3.6327    7.3587    4.1093  C  0  0  0  0  0
   -2.4300    7.0356    3.4450  C  0  0  0  0  0
   -2.0771    5.5615    3.2567  C  0  0  0  0  0
   -1.7344    5.0028    4.5539  N  0  0  0  0  0
   -1.3904    3.7217    4.8393  C  0  0  0  0  0
   -0.8033    2.8166    3.7558  C  0  0  0  0  0
   -1.2689    2.9481    2.3744  N  0  0  0  0  0
   -0.8132    4.0394    1.6401  C  0  0  0  0  0
   -0.9567    5.3523    2.3041  C  0  0  0  0  0
  1 15  2  0  0  0
  1  2  1  0  0  0
  2  3  1  0  0  0
  3  8  2  0  0  0
  3  4  1  0  0  0
  4  5  2  0  0  0
  5  6  1  0  0  0
  6  7  2  0  0  0
  7  8  1  0  0  0
  8  9  1  0  0  0
  9 15  1  0  0  0
  9 10  1  0  0  0
 10 11  1  0  0  0
 11 12  1  0  0  0
 12 13  1  0  0  0
 13 14  1  0  0  0
 14 15  1  0  0  0
M  END
$$$$
C12=CNc3c(C1NCCNC2)cccc3
  -ISIS-

 15 17  0  0  0  0  0  0  0  0  1
   -0.1973    6.3761    1.8963  C  0  0  0  0  0
   -0.3710    7.6983    2.2933  N  0  0  0  0  0
   -1.5385    8.0562    3.0150  C  0  0  0  0  0
   -1.8938    9.3801    3.3252  C  0  0  0  0  0
   -3.0851    9.6896    3.9947  C  0  0  0  0  0
   -3.9585    8.6817    4.3784  C  0  0  0  0  0
   -3.6327    7.3587    4.1093  C  0  0  0  0  0
   -2.4300    7.0356    3.4450  C  0  0  0  0  0
   -2.0771    5.5615    3.2567  C  0  0  0  0  0
   -1.7344    5.0028    4.5539  N  0  0  0  0  0
   -1.3904    3.7217    4.8393  C  0  0  0  0  0
   -0.8033    2.8166    3.7558  C  0  0  0  0  0
   -1.2689    2.9481    2.3744  N  0  0  0  0  0
   -0.8132    4.0394    1.6401  C  0  0  0  0  0
   -0.9567    5.3523    2.3041  C  0  0  0  0  0
  1 15  2  0  0  0
  1  2  1  0  0  0
  2  3  1  0  0  0
  3  8  2  0  0  0
  3  4  1  0  0  0
  4  5  2  0  0  0
  5  6  1  0  0  0
  6  7  2  0  0  0
  7  8  1  0  0  0
  8  9  1  0  0  0
  9 15  1  0  0  0
  9 10  1  0  0  0
 10 11  1  0  0  0
 11 12  1  0  0  0
 12 13  1  0  0  0
 13 14  1  0  0  0
 14 15  1  0  0  0
M  END
$$$$
