C12=C(CCCN1)CCCCC2
  -ISIS-

 11 12  0  0  0  0  0  0  0  0  1
    1.8904    0.4218    3.1108  N  0  0  0  0  0
    1.8172   -1.0465    3.1621  C  0  0  0  0  0
    0.4109   -1.5933    3.0678  C  0  0  0  0  0
   -0.4375   -0.9495    4.1392  C  0  0  0  0  0
   -0.3091    0.5565    4.1066  C  0  0  0  0  0
   -1.4916    1.2237    4.7936  C  0  0  0  0  0
   -1.2374    2.5916    5.4192  C  0  0  0  0  0
   -1.2445    3.7271    4.4080  C  0  0  0  0  0
   -0.5343    3.4035    3.1026  C  0  0  0  0  0
    0.8050    2.6863    3.2919  C  0  0  0  0  0
    0.7643    1.1772    3.5484  C  0  0  0  0  0
  1 11  1  0  0  0
  1  2  1  0  0  0
  2  3  1  0  0  0
  3  4  1  0  0  0
  4  5  1  0  0  0
  5 11  2  0  0  0
  5  6  1  0  0  0
  6  7  1  0  0  0
  7  8  1  0  0  0
  8  9  1  0  0  0
  9 10  1  0  0  0
 10 11  1  0  0  0
M  END
$$$$
