C12=Nc3c(cccc3)CN1CCCCC2
  -ISIS-

 15 17  0  0  0  0  0  0  0  0  1
   -3.6906    3.8203   -4.4974  N  0  0  0  0  0
   -4.0971    3.3676   -3.1714  C  0  0  0  0  0
   -2.9312    2.7872   -2.3717  C  0  0  0  0  0
   -1.9361    1.9505   -3.1772  C  0  0  0  0  0
   -2.5535    0.9139   -4.1153  C  0  0  0  0  0
   -3.5398    1.4294   -5.1669  C  0  0  0  0  0
   -3.3981    2.9062   -5.4944  C  0  0  0  0  0
   -3.0003    3.2355   -6.6810  N  0  0  0  0  0
   -2.8531    4.5932   -6.9818  C  0  0  0  0  0
   -2.4496    4.9571   -8.2688  C  0  0  0  0  0
   -2.2818    6.3028   -8.6084  C  0  0  0  0  0
   -2.5177    7.2915   -7.6539  C  0  0  0  0  0
   -2.9199    6.9483   -6.3662  C  0  0  0  0  0
   -3.0853    5.5965   -6.0428  C  0  0  0  0  0
   -3.5097    5.1853   -4.6937  C  0  0  0  0  0
  1  7  1  0  0  0
  1 15  1  0  0  0
  1  2  1  0  0  0
  2  3  1  0  0  0
  3  4  1  0  0  0
  4  5  1  0  0  0
  5  6  1  0  0  0
  6  7  1  0  0  0
  7  8  2  0  0  0
  8  9  1  0  0  0
  9 14  2  0  0  0
  9 10  1  0  0  0
 10 11  2  0  0  0
 11 12  1  0  0  0
 12 13  2  0  0  0
 13 14  1  0  0  0
 14 15  1  0  0  0
M  END
$$$$
