C12=C(C=NN1)CCc3c2cccc3
  -ISIS-

 13 15  0  0  0  0  0  0  0  0  1
    1.5617    0.7778    3.6606  C  0  0  0  0  0
    2.9070    0.3678    3.8359  C  0  0  0  0  0
    3.3254   -0.0776    2.6013  C  0  0  0  0  0
    2.2563    0.0627    1.7727  N  0  0  0  0  0
    1.1678    0.5785    2.3806  N  0  0  0  0  0
    4.6534   -0.5956    2.3208  C  0  0  0  0  0
    5.4796   -0.8520    3.4425  C  0  0  0  0  0
    4.9333   -0.6847    4.8572  C  0  0  0  0  0
    3.8237    0.3840    5.0072  C  0  0  0  0  0
    6.7729   -1.3499    3.2441  C  0  0  0  0  0
    7.2484   -1.5671    1.9506  C  0  0  0  0  0
    6.4348   -1.3015    0.8484  C  0  0  0  0  0
    5.1373   -0.8179    1.0300  C  0  0  0  0  0
  1  5  2  0  0  0
  1  2  1  0  0  0
  2  9  1  0  0  0
  2  3  2  0  0  0
  3  4  1  0  0  0
  3  6  1  0  0  0
  4  5  1  0  0  0
  6 13  2  0  0  0
  6  7  1  0  0  0
  7  8  1  0  0  0
  7 10  2  0  0  0
  8  9  1  0  0  0
 10 11  1  0  0  0
 11 12  2  0  0  0
 12 13  1  0  0  0
M  END
$$$$
C12=C(C=NN1)CCc3c2cccc3
  -ISIS-

 13 15  0  0  0  0  0  0  0  0  1
    3.8512   -2.8875    6.7112  C  0  0  0  0  0
    3.0216   -3.3445    5.6569  C  0  0  0  0  0
    1.7330   -3.0405    6.0373  C  0  0  0  0  0
    1.8343   -2.4523    7.2592  N  0  0  0  0  0
    3.1046   -2.3425    7.7004  N  0  0  0  0  0
    0.5509   -3.3354    5.2461  C  0  0  0  0  0
    0.7383   -4.1793    4.1239  C  0  0  0  0  0
    2.0998   -4.8131    3.8541  C  0  0  0  0  0
    3.3134   -3.9895    4.3487  C  0  0  0  0  0
   -0.3584   -4.5023    3.3160  C  0  0  0  0  0
   -1.6182   -3.9761    3.6033  C  0  0  0  0  0
   -1.7953   -3.1357    4.7031  C  0  0  0  0  0
   -0.7140   -2.8148    5.5266  C  0  0  0  0  0
  1  5  2  0  0  0
  1  2  1  0  0  0
  2  9  1  0  0  0
  2  3  2  0  0  0
  3  4  1  0  0  0
  3  6  1  0  0  0
  4  5  1  0  0  0
  6 13  2  0  0  0
  6  7  1  0  0  0
  7  8  1  0  0  0
  7 10  2  0  0  0
  8  9  1  0  0  0
 10 11  1  0  0  0
 11 12  2  0  0  0
 12 13  1  0  0  0
M  END
$$$$
C12=C(C=NN1)CCc3c2cccc3
  -ISIS-

 13 15  0  0  0  0  0  0  0  0  1
    0.5492   -3.9098    3.6918  C  0  0  0  0  0
    1.4613   -4.2892    4.7080  C  0  0  0  0  0
    0.7562   -5.1192    5.5516  C  0  0  0  0  0
   -0.4933   -5.2128    5.0235  N  0  0  0  0  0
   -0.6559   -4.4928    3.8941  N  0  0  0  0  0
    1.3092   -5.7461    6.7396  C  0  0  0  0  0
    2.7140   -5.6611    6.9011  C  0  0  0  0  0
    3.5789   -5.0320    5.8129  C  0  0  0  0  0
    2.8800   -3.9326    4.9769  C  0  0  0  0  0
    3.3132   -6.2424    8.0249  C  0  0  0  0  0
    2.5273   -6.8774    8.9871  C  0  0  0  0  0
    1.1426   -6.9478    8.8296  C  0  0  0  0  0
    0.5311   -6.3851    7.7072  C  0  0  0  0  0
  1  5  2  0  0  0
  1  2  1  0  0  0
  2  9  1  0  0  0
  2  3  2  0  0  0
  3  4  1  0  0  0
  3  6  1  0  0  0
  4  5  1  0  0  0
  6 13  2  0  0  0
  6  7  1  0  0  0
  7  8  1  0  0  0
  7 10  2  0  0  0
  8  9  1  0  0  0
 10 11  1  0  0  0
 11 12  2  0  0  0
 12 13  1  0  0  0
M  END
$$$$
C12=C(C=NN1)CCc3c2cccc3
  -ISIS-

 13 15  0  0  0  0  0  0  0  0  1
   -2.4280    1.5233    1.1393  C  0  0  0  0  0
   -2.0844    0.2400    1.6328  C  0  0  0  0  0
   -2.8274    0.0701    2.7804  C  0  0  0  0  0
   -3.5671    1.2030    2.9163  N  0  0  0  0  0
   -3.3514    2.1076    1.9386  N  0  0  0  0  0
   -2.7879   -1.1166    3.6173  C  0  0  0  0  0
   -2.1045   -2.2387    3.0876  C  0  0  0  0  0
   -1.5470   -2.2026    1.6677  C  0  0  0  0  0
   -1.1286   -0.7996    1.1656  C  0  0  0  0  0
   -2.0255   -3.4148    3.8427  C  0  0  0  0  0
   -2.5956   -3.4691    5.1150  C  0  0  0  0  0
   -3.2577   -2.3572    5.6370  C  0  0  0  0  0
   -3.3569   -1.1809    4.8909  C  0  0  0  0  0
  1  5  2  0  0  0
  1  2  1  0  0  0
  2  9  1  0  0  0
  2  3  2  0  0  0
  3  4  1  0  0  0
  3  6  1  0  0  0
  4  5  1  0  0  0
  6 13  2  0  0  0
  6  7  1  0  0  0
  7  8  1  0  0  0
  7 10  2  0  0  0
  8  9  1  0  0  0
 10 11  1  0  0  0
 11 12  2  0  0  0
 12 13  1  0  0  0
M  END
$$$$
C12=C(C=NN1)CCc3c2cccc3
  -ISIS-

 13 15  0  0  0  0  0  0  0  0  1
    3.2044   -0.2875    2.7692  C  0  0  0  0  0
    4.3151   -1.0968    2.4230  C  0  0  0  0  0
    3.8922   -2.3984    2.5806  C  0  0  0  0  0
    2.5954   -2.3226    2.9827  N  0  0  0  0  0
    2.1435   -1.0575    3.1083  N  0  0  0  0  0
    4.7181   -3.5671    2.3313  C  0  0  0  0  0
    5.9551   -3.3373    1.6804  C  0  0  0  0  0
    6.3186   -1.9405    1.1856  C  0  0  0  0  0
    5.7061   -0.7777    2.0034  C  0  0  0  0  0
    6.8017   -4.4193    1.4111  C  0  0  0  0  0
    6.4373   -5.7075    1.8039  C  0  0  0  0  0
    5.2231   -5.9270    2.4556  C  0  0  0  0  0
    4.3612   -4.8602    2.7193  C  0  0  0  0  0
  1  5  2  0  0  0
  1  2  1  0  0  0
  2  9  1  0  0  0
  2  3  2  0  0  0
  3  4  1  0  0  0
  3  6  1  0  0  0
  4  5  1  0  0  0
  6 13  2  0  0  0
  6  7  1  0  0  0
  7  8  1  0  0  0
  7 10  2  0  0  0
  8  9  1  0  0  0
 10 11  1  0  0  0
 11 12  2  0  0  0
 12 13  1  0  0  0
M  END
$$$$
C12=C(C=NN1)CCc3c2cccc3
  -ISIS-

 13 15  0  0  0  0  0  0  0  0  1
    4.3449    1.1435   -0.9361  C  0  0  0  0  0
    4.7638   -0.1872   -0.8696  C  0  0  0  0  0
    5.2219   -0.8459   -2.0176  C  0  0  0  0  0
    5.2665   -0.1726   -3.2386  C  0  0  0  0  0
    4.8570    1.1792   -3.3147  C  0  0  0  0  0
    4.3879    1.8185   -2.1599  C  0  0  0  0  0
    4.8296    1.9048   -4.6569  C  0  0  0  0  0
    5.8726    1.4069   -5.6874  C  0  0  0  0  0
    6.0139   -0.0690   -5.6248  C  0  0  0  0  0
    5.7430   -0.7739   -4.4717  C  0  0  0  0  0
    5.9950   -2.0802   -4.7666  N  0  0  0  0  0
    6.4158   -2.2681   -6.0347  N  0  0  0  0  0
    6.4276   -1.0354   -6.5543  C  0  0  0  0  0
  1  6  2  0  0  0
  1  2  1  0  0  0
  2  3  2  0  0  0
  3  4  1  0  0  0
  4 10  1  0  0  0
  4  5  2  0  0  0
  5  6  1  0  0  0
  5  7  1  0  0  0
  7  8  1  0  0  0
  8  9  1  0  0  0
  9 13  1  0  0  0
  9 10  2  0  0  0
 10 11  1  0  0  0
 11 12  1  0  0  0
 12 13  2  0  0  0
M  END
$$$$
C12=C(C=NN1)CCc3c2cccc3
  -ISIS-

 13 15  0  0  0  0  0  0  0  0  1
    6.0632   -0.6580    5.0959  C  0  0  0  0  0
    6.2257   -0.1936    3.7928  C  0  0  0  0  0
    5.7979    1.0941    3.4577  C  0  0  0  0  0
    5.2137    1.9092    4.4307  C  0  0  0  0  0
    5.0625    1.4360    5.7585  C  0  0  0  0  0
    5.4825    0.1394    6.0766  C  0  0  0  0  0
    4.3579    2.2911    6.8081  C  0  0  0  0  0
    4.4880    3.8192    6.5965  C  0  0  0  0  0
    4.3984    4.1622    5.1555  C  0  0  0  0  0
    4.7576    3.2641    4.1735  C  0  0  0  0  0
    4.5687    3.9125    2.9898  N  0  0  0  0  0
    4.1149    5.1742    3.1403  N  0  0  0  0  0
    4.0141    5.3223    4.4661  C  0  0  0  0  0
  1  6  2  0  0  0
  1  2  1  0  0  0
  2  3  2  0  0  0
  3  4  1  0  0  0
  4 10  1  0  0  0
  4  5  2  0  0  0
  5  6  1  0  0  0
  5  7  1  0  0  0
  7  8  1  0  0  0
  8  9  1  0  0  0
  9 13  1  0  0  0
  9 10  2  0  0  0
 10 11  1  0  0  0
 11 12  1  0  0  0
 12 13  2  0  0  0
M  END
$$$$
C12=C(C=NN1)CCc3c2cccc3
  -ISIS-

 13 15  0  0  0  0  0  0  0  0  1
   -2.0504   -2.8625    4.4154  C  0  0  0  0  0
   -1.4721   -1.9238    5.1883  N  0  0  0  0  0
   -0.3682   -1.5547    4.5151  N  0  0  0  0  0
   -0.2188   -2.1973    3.3275  C  0  0  0  0  0
   -1.3014   -3.0450    3.2213  C  0  0  0  0  0
   -1.4777   -3.9089    2.0217  C  0  0  0  0  0
   -0.7957   -3.2860    0.7798  C  0  0  0  0  0
    0.5521   -2.6287    1.0551  C  0  0  0  0  0
    0.8134   -2.0424    2.3172  C  0  0  0  0  0
    2.0215   -1.3806    2.5447  C  0  0  0  0  0
    2.9672   -1.2907    1.5211  C  0  0  0  0  0
    2.7089   -1.8559    0.2717  C  0  0  0  0  0
    1.5038   -2.5179    0.0347  C  0  0  0  0  0
  1  5  1  0  0  0
  1  2  2  0  0  0
  2  3  1  0  0  0
  3  4  1  0  0  0
  4  9  1  0  0  0
  4  5  2  0  0  0
  5  6  1  0  0  0
  6  7  1  0  0  0
  7  8  1  0  0  0
  8 13  2  0  0  0
  8  9  1  0  0  0
  9 10  2  0  0  0
 10 11  1  0  0  0
 11 12  2  0  0  0
 12 13  1  0  0  0
M  END
$$$$
C12=C(C=NN1)CCc3c2cccc3
  -ISIS-

 13 15  0  0  0  0  0  0  0  0  1
    0.6852   -6.7164    3.5945  C  0  0  0  0  0
   -0.0343   -7.7849    2.9230  C  0  0  0  0  0
   -1.1741   -7.4032    2.1747  C  0  0  0  0  0
   -1.5318   -5.9293    2.0210  C  0  0  0  0  0
   -1.1164   -5.0347    3.2135  C  0  0  0  0  0
    0.2208   -5.4260    3.7401  C  0  0  0  0  0
    1.2444   -4.7254    4.4356  C  0  0  0  0  0
    2.2920   -5.5407    4.6635  N  0  0  0  0  0
    1.9199   -6.7310    4.1609  N  0  0  0  0  0
   -1.9144   -8.3818    1.5013  C  0  0  0  0  0
   -1.5433   -9.7239    1.5903  C  0  0  0  0  0
   -0.4269  -10.0967    2.3400  C  0  0  0  0  0
    0.3302   -9.1302    3.0055  C  0  0  0  0  0
  1  6  2  0  0  0
  1  9  1  0  0  0
  1  2  1  0  0  0
  2 13  2  0  0  0
  2  3  1  0  0  0
  3  4  1  0  0  0
  3 10  2  0  0  0
  4  5  1  0  0  0
  5  6  1  0  0  0
  6  7  1  0  0  0
  7  8  2  0  0  0
  8  9  1  0  0  0
 10 11  1  0  0  0
 11 12  2  0  0  0
 12 13  1  0  0  0
M  END
$$$$
C12=C(C=NN1)CCc3c2cccc3
  -ISIS-

 13 15  0  0  0  0  0  0  0  0  1
    2.6102   -4.5646   -1.7597  C  0  0  0  0  0
    1.4631   -4.2691   -1.0030  C  0  0  0  0  0
    0.2405   -4.8736   -1.3185  C  0  0  0  0  0
    0.1326   -5.7368   -2.4132  C  0  0  0  0  0
   -1.2242   -6.3203   -2.7978  C  0  0  0  0  0
   -1.1594   -7.6561   -3.5777  C  0  0  0  0  0
   -0.0361   -7.6450   -4.5473  C  0  0  0  0  0
    1.0869   -6.8716   -4.3452  C  0  0  0  0  0
    1.2728   -5.9797   -3.2129  C  0  0  0  0  0
    2.5007   -5.3990   -2.8819  C  0  0  0  0  0
    1.9019   -7.1156   -5.4101  N  0  0  0  0  0
    1.3855   -8.0048   -6.2832  N  0  0  0  0  0
    0.2009   -8.3258   -5.7510  C  0  0  0  0  0
  1 10  2  0  0  0
  1  2  1  0  0  0
  2  3  2  0  0  0
  3  4  1  0  0  0
  4  9  2  0  0  0
  4  5  1  0  0  0
  5  6  1  0  0  0
  6  7  1  0  0  0
  7 13  1  0  0  0
  7  8  2  0  0  0
  8  9  1  0  0  0
  8 11  1  0  0  0
  9 10  1  0  0  0
 11 12  1  0  0  0
 12 13  2  0  0  0
M  END
$$$$
C12=C(C=NN1)CCc3c2cccc3
  -ISIS-

 13 15  0  0  0  0  0  0  0  0  1
    2.6102   -4.5646   -1.7597  C  0  0  0  0  0
    1.4631   -4.2691   -1.0030  C  0  0  0  0  0
    0.2405   -4.8736   -1.3185  C  0  0  0  0  0
    0.1326   -5.7368   -2.4132  C  0  0  0  0  0
   -1.2242   -6.3203   -2.7978  C  0  0  0  0  0
   -1.1594   -7.6561   -3.5777  C  0  0  0  0  0
   -0.0361   -7.6450   -4.5473  C  0  0  0  0  0
    1.0869   -6.8716   -4.3452  C  0  0  0  0  0
    1.2728   -5.9797   -3.2129  C  0  0  0  0  0
    2.5007   -5.3990   -2.8819  C  0  0  0  0  0
    1.9019   -7.1156   -5.4101  N  0  0  0  0  0
    1.3855   -8.0048   -6.2832  N  0  0  0  0  0
    0.2009   -8.3258   -5.7510  C  0  0  0  0  0
  1 10  2  0  0  0
  1  2  1  0  0  0
  2  3  2  0  0  0
  3  4  1  0  0  0
  4  9  2  0  0  0
  4  5  1  0  0  0
  5  6  1  0  0  0
  6  7  1  0  0  0
  7 13  1  0  0  0
  7  8  2  0  0  0
  8  9  1  0  0  0
  8 11  1  0  0  0
  9 10  1  0  0  0
 11 12  1  0  0  0
 12 13  2  0  0  0
M  END
$$$$
C12=C(C=NN1)CCc3c2cccc3
  -ISIS-

 13 15  0  0  0  0  0  0  0  0  1
   -2.9181    0.7220   -3.7441  C  0  0  0  0  0
   -2.1392    1.6551   -2.7862  C  0  0  0  0  0
   -2.0023    1.1355   -1.3571  C  0  0  0  0  0
   -1.8287    2.0378   -0.3007  C  0  0  0  0  0
   -1.6407    1.5482    0.9835  C  0  0  0  0  0
   -1.6117    0.1771    1.2351  C  0  0  0  0  0
   -1.7668   -0.7399    0.2000  C  0  0  0  0  0
   -1.9577   -0.2630   -1.1012  C  0  0  0  0  0
   -2.1484   -1.1315   -2.2513  C  0  0  0  0  0
   -2.5750   -0.6990   -3.4889  C  0  0  0  0  0
   -2.6033   -1.8511   -4.2893  C  0  0  0  0  0
   -2.2161   -2.9392   -3.6144  N  0  0  0  0  0
   -1.9418   -2.4728   -2.3792  N  0  0  0  0  0
  1 10  1  0  0  0
  1  2  1  0  0  0
  2  3  1  0  0  0
  3  8  2  0  0  0
  3  4  1  0  0  0
  4  5  2  0  0  0
  5  6  1  0  0  0
  6  7  2  0  0  0
  7  8  1  0  0  0
  8  9  1  0  0  0
  9 13  1  0  0  0
  9 10  2  0  0  0
 10 11  1  0  0  0
 11 12  2  0  0  0
 12 13  1  0  0  0
M  END
$$$$
C12=C(C=NN1)CCc3c2cccc3
  -ISIS-

 13 15  0  0  0  0  0  0  0  0  1
   -2.9181    0.7220   -3.7441  C  0  0  0  0  0
   -2.1392    1.6551   -2.7862  C  0  0  0  0  0
   -2.0023    1.1355   -1.3571  C  0  0  0  0  0
   -1.8287    2.0378   -0.3007  C  0  0  0  0  0
   -1.6407    1.5482    0.9835  C  0  0  0  0  0
   -1.6117    0.1771    1.2351  C  0  0  0  0  0
   -1.7668   -0.7399    0.2000  C  0  0  0  0  0
   -1.9577   -0.2630   -1.1012  C  0  0  0  0  0
   -2.1484   -1.1315   -2.2513  C  0  0  0  0  0
   -2.5750   -0.6990   -3.4889  C  0  0  0  0  0
   -2.6033   -1.8511   -4.2893  C  0  0  0  0  0
   -2.2161   -2.9392   -3.6144  N  0  0  0  0  0
   -1.9418   -2.4728   -2.3792  N  0  0  0  0  0
  1 10  1  0  0  0
  1  2  1  0  0  0
  2  3  1  0  0  0
  3  8  2  0  0  0
  3  4  1  0  0  0
  4  5  2  0  0  0
  5  6  1  0  0  0
  6  7  2  0  0  0
  7  8  1  0  0  0
  8  9  1  0  0  0
  9 13  1  0  0  0
  9 10  2  0  0  0
 10 11  1  0  0  0
 11 12  2  0  0  0
 12 13  1  0  0  0
M  END
$$$$
C12=C(C=NN1)CCc3c2cccc3
  -ISIS-

 13 15  0  0  0  0  0  0  0  0  1
   -1.4522    5.9237    1.3098  C  0  0  0  0  0
   -0.1277    5.4881    1.1319  C  0  0  0  0  0
    0.6265    5.0682    2.2357  C  0  0  0  0  0
    0.0896    5.1754    3.5224  C  0  0  0  0  0
   -1.2083    5.6572    3.7092  C  0  0  0  0  0
   -1.9934    6.0517    2.5969  C  0  0  0  0  0
   -3.4380    6.5078    2.8044  C  0  0  0  0  0
   -3.7295    7.1681    4.1737  C  0  0  0  0  0
   -2.9937    6.4783    5.2600  C  0  0  0  0  0
   -1.8183    5.8012    5.0201  C  0  0  0  0  0
   -1.4117    5.3221    6.2301  N  0  0  0  0  0
   -2.2506    5.6412    7.2374  N  0  0  0  0  0
   -3.2135    6.3520    6.6399  C  0  0  0  0  0
  1  6  2  0  0  0
  1  2  1  0  0  0
  2  3  2  0  0  0
  3  4  1  0  0  0
  4  5  2  0  0  0
  5 10  1  0  0  0
  5  6  2  0  0  0
  6  7  1  0  0  0
  7  8  1  0  0  0
  8  9  1  0  0  0
  9 13  1  0  0  0
  9 10  2  0  0  0
 10 11  1  0  0  0
 11 12  1  0  0  0
 12 13  2  0  0  0
M  END
$$$$
C12=C(C=NN1)CCc3c2cccc3
  -ISIS-

 13 15  0  0  0  0  0  0  0  0  1
   -1.4522    5.9237    1.3098  C  0  0  0  0  0
   -0.1277    5.4881    1.1319  C  0  0  0  0  0
    0.6265    5.0682    2.2357  C  0  0  0  0  0
    0.0896    5.1754    3.5224  C  0  0  0  0  0
   -1.2083    5.6572    3.7092  C  0  0  0  0  0
   -1.9934    6.0517    2.5969  C  0  0  0  0  0
   -3.4380    6.5078    2.8044  C  0  0  0  0  0
   -3.7295    7.1681    4.1737  C  0  0  0  0  0
   -2.9937    6.4783    5.2600  C  0  0  0  0  0
   -1.8183    5.8012    5.0201  C  0  0  0  0  0
   -1.4117    5.3221    6.2301  N  0  0  0  0  0
   -2.2506    5.6412    7.2374  N  0  0  0  0  0
   -3.2135    6.3520    6.6399  C  0  0  0  0  0
  1  6  2  0  0  0
  1  2  1  0  0  0
  2  3  2  0  0  0
  3  4  1  0  0  0
  4  5  2  0  0  0
  5 10  1  0  0  0
  5  6  2  0  0  0
  6  7  1  0  0  0
  7  8  1  0  0  0
  8  9  1  0  0  0
  9 13  1  0  0  0
  9 10  2  0  0  0
 10 11  1  0  0  0
 11 12  1  0  0  0
 12 13  2  0  0  0
M  END
$$$$
C12=C(C=NN1)CCc3c2cccc3
  -ISIS-

 13 15  0  0  0  0  0  0  0  0  1
   -1.4522    5.9237    1.3098  C  0  0  0  0  0
   -0.1277    5.4881    1.1319  C  0  0  0  0  0
    0.6265    5.0682    2.2357  C  0  0  0  0  0
    0.0896    5.1754    3.5224  C  0  0  0  0  0
   -1.2083    5.6572    3.7092  C  0  0  0  0  0
   -1.9934    6.0517    2.5969  C  0  0  0  0  0
   -3.4380    6.5078    2.8044  C  0  0  0  0  0
   -3.7295    7.1681    4.1737  C  0  0  0  0  0
   -2.9937    6.4783    5.2600  C  0  0  0  0  0
   -1.8183    5.8012    5.0201  C  0  0  0  0  0
   -1.4117    5.3221    6.2301  N  0  0  0  0  0
   -2.2506    5.6412    7.2374  N  0  0  0  0  0
   -3.2135    6.3520    6.6399  C  0  0  0  0  0
  1  6  2  0  0  0
  1  2  1  0  0  0
  2  3  2  0  0  0
  3  4  1  0  0  0
  4  5  2  0  0  0
  5 10  1  0  0  0
  5  6  2  0  0  0
  6  7  1  0  0  0
  7  8  1  0  0  0
  8  9  1  0  0  0
  9 13  1  0  0  0
  9 10  2  0  0  0
 10 11  1  0  0  0
 11 12  1  0  0  0
 12 13  2  0  0  0
M  END
$$$$
C12=C(C=NN1)CCc3c2cccc3
  -ISIS-

 13 15  0  0  0  0  0  0  0  0  1
   -1.0256    5.7664    2.3870  C  0  0  0  0  0
   -2.3139    5.8909    2.9381  C  0  0  0  0  0
   -2.4805    6.3395    4.2577  C  0  0  0  0  0
   -1.3727    6.7590    4.9972  C  0  0  0  0  0
   -0.0885    6.7104    4.4424  C  0  0  0  0  0
    1.1201    7.0855    5.2982  C  0  0  0  0  0
    2.3585    7.5784    4.5132  C  0  0  0  0  0
    2.5209    6.8191    3.2507  C  0  0  0  0  0
    1.4527    6.2144    2.6258  C  0  0  0  0  0
    0.0845    6.2109    3.1253  C  0  0  0  0  0
    1.9480    5.6826    1.4729  N  0  0  0  0  0
    3.2790    5.8581    1.3333  N  0  0  0  0  0
    3.6216    6.5638    2.4173  C  0  0  0  0  0
  1 10  2  0  0  0
  1  2  1  0  0  0
  2  3  2  0  0  0
  3  4  1  0  0  0
  4  5  2  0  0  0
  5 10  2  0  0  0
  5  6  1  0  0  0
  6  7  1  0  0  0
  7  8  1  0  0  0
  8 13  1  0  0  0
  8  9  2  0  0  0
  9 10  1  0  0  0
  9 11  1  0  0  0
 11 12  1  0  0  0
 12 13  2  0  0  0
M  END
$$$$
C12=C(C=NN1)CCc3c2cccc3
  -ISIS-

 13 15  0  0  0  0  0  0  0  0  1
   -1.0256    5.7664    2.3870  C  0  0  0  0  0
   -2.3139    5.8909    2.9381  C  0  0  0  0  0
   -2.4805    6.3395    4.2577  C  0  0  0  0  0
   -1.3727    6.7590    4.9972  C  0  0  0  0  0
   -0.0885    6.7104    4.4424  C  0  0  0  0  0
    1.1201    7.0855    5.2982  C  0  0  0  0  0
    2.3585    7.5784    4.5132  C  0  0  0  0  0
    2.5209    6.8191    3.2507  C  0  0  0  0  0
    1.4527    6.2144    2.6258  C  0  0  0  0  0
    0.0845    6.2109    3.1253  C  0  0  0  0  0
    1.9480    5.6826    1.4729  N  0  0  0  0  0
    3.2790    5.8581    1.3333  N  0  0  0  0  0
    3.6216    6.5638    2.4173  C  0  0  0  0  0
  1 10  2  0  0  0
  1  2  1  0  0  0
  2  3  2  0  0  0
  3  4  1  0  0  0
  4  5  2  0  0  0
  5 10  2  0  0  0
  5  6  1  0  0  0
  6  7  1  0  0  0
  7  8  1  0  0  0
  8 13  1  0  0  0
  8  9  2  0  0  0
  9 10  1  0  0  0
  9 11  1  0  0  0
 11 12  1  0  0  0
 12 13  2  0  0  0
M  END
$$$$
C12=C(C=NN1)CCc3c2cccc3
  -ISIS-

 13 15  0  0  0  0  0  0  0  0  1
   -1.0256    5.7664    2.3870  C  0  0  0  0  0
   -2.3139    5.8909    2.9381  C  0  0  0  0  0
   -2.4805    6.3395    4.2577  C  0  0  0  0  0
   -1.3727    6.7590    4.9972  C  0  0  0  0  0
   -0.0885    6.7104    4.4424  C  0  0  0  0  0
    1.1201    7.0855    5.2982  C  0  0  0  0  0
    2.3585    7.5784    4.5132  C  0  0  0  0  0
    2.5209    6.8191    3.2507  C  0  0  0  0  0
    1.4527    6.2144    2.6258  C  0  0  0  0  0
    0.0845    6.2109    3.1253  C  0  0  0  0  0
    1.9480    5.6826    1.4729  N  0  0  0  0  0
    3.2790    5.8581    1.3333  N  0  0  0  0  0
    3.6216    6.5638    2.4173  C  0  0  0  0  0
  1 10  2  0  0  0
  1  2  1  0  0  0
  2  3  2  0  0  0
  3  4  1  0  0  0
  4  5  2  0  0  0
  5 10  2  0  0  0
  5  6  1  0  0  0
  6  7  1  0  0  0
  7  8  1  0  0  0
  8 13  1  0  0  0
  8  9  2  0  0  0
  9 10  1  0  0  0
  9 11  1  0  0  0
 11 12  1  0  0  0
 12 13  2  0  0  0
M  END
$$$$
C12=C(C=NN1)CCc3c2cccc3
  -ISIS-

 13 15  0  0  0  0  0  0  0  0  1
   -1.4180    4.1861   -4.4079  C  0  0  0  0  0
   -0.5526    4.0353   -5.4277  N  0  0  0  0  0
   -1.3209    3.6391   -6.4585  N  0  0  0  0  0
   -2.6398    3.5316   -6.1453  C  0  0  0  0  0
   -2.7432    3.9001   -4.8192  C  0  0  0  0  0
   -4.0571    3.8913   -4.1197  C  0  0  0  0  0
   -5.2258    4.0665   -5.1199  C  0  0  0  0  0
   -5.0494    3.3507   -6.4536  C  0  0  0  0  0
   -3.7577    3.1336   -6.9825  C  0  0  0  0  0
   -3.6108    2.5393   -8.2366  C  0  0  0  0  0
   -4.7416    2.1675   -8.9746  C  0  0  0  0  0
   -6.0230    2.3907   -8.4667  C  0  0  0  0  0
   -6.1706    2.9863   -7.2107  C  0  0  0  0  0
  1  5  1  0  0  0
  1  2  2  0  0  0
  2  3  1  0  0  0
  3  4  1  0  0  0
  4  9  1  0  0  0
  4  5  2  0  0  0
  5  6  1  0  0  0
  6  7  1  0  0  0
  7  8  1  0  0  0
  8 13  2  0  0  0
  8  9  2  0  0  0
  9 10  2  0  0  0
 10 11  1  0  0  0
 11 12  2  0  0  0
 12 13  1  0  0  0
M  END
$$$$
C12=C(C=NN1)CCc3c2cccc3
  -ISIS-

 13 15  0  0  0  0  0  0  0  0  1
    3.5907    6.4055    1.0057  C  0  0  0  0  0
    2.3046    6.6198    1.5109  C  0  0  0  0  0
    1.1729    6.2471    0.7808  C  0  0  0  0  0
    1.3240    5.6544   -0.4719  C  0  0  0  0  0
    2.6190    5.4421   -1.0001  C  0  0  0  0  0
    3.7460    5.8098   -0.2473  C  0  0  0  0  0
    2.7937    4.7229   -2.3340  C  0  0  0  0  0
    1.6251    4.8961   -3.3345  C  0  0  0  0  0
    0.3119    4.8827   -2.6349  C  0  0  0  0  0
    0.2079    5.2515   -1.3090  C  0  0  0  0  0
   -1.1105    5.1401   -0.9948  N  0  0  0  0  0
   -1.8775    4.7394   -2.0250  N  0  0  0  0  0
   -1.0126    4.5922   -3.0454  C  0  0  0  0  0
  1  6  2  0  0  0
  1  2  1  0  0  0
  2  3  2  0  0  0
  3  4  1  0  0  0
  4 10  1  0  0  0
  4  5  2  0  0  0
  5  6  1  0  0  0
  5  7  1  0  0  0
  7  8  1  0  0  0
  8  9  1  0  0  0
  9 13  1  0  0  0
  9 10  2  0  0  0
 10 11  1  0  0  0
 11 12  1  0  0  0
 12 13  2  0  0  0
M  END
$$$$
C12=C(C=NN1)CCc3c2cccc3
  -ISIS-

 13 15  0  0  0  0  0  0  0  0  1
   -1.4180    4.1861   -4.4079  C  0  0  0  0  0
   -0.5526    4.0353   -5.4277  N  0  0  0  0  0
   -1.3209    3.6391   -6.4585  N  0  0  0  0  0
   -2.6398    3.5316   -6.1453  C  0  0  0  0  0
   -2.7432    3.9001   -4.8192  C  0  0  0  0  0
   -4.0571    3.8913   -4.1197  C  0  0  0  0  0
   -5.2258    4.0665   -5.1199  C  0  0  0  0  0
   -5.0494    3.3507   -6.4536  C  0  0  0  0  0
   -3.7577    3.1336   -6.9825  C  0  0  0  0  0
   -3.6108    2.5393   -8.2366  C  0  0  0  0  0
   -4.7416    2.1675   -8.9746  C  0  0  0  0  0
   -6.0230    2.3907   -8.4667  C  0  0  0  0  0
   -6.1706    2.9863   -7.2107  C  0  0  0  0  0
  1  5  1  0  0  0
  1  2  2  0  0  0
  2  3  1  0  0  0
  3  4  1  0  0  0
  4  9  1  0  0  0
  4  5  2  0  0  0
  5  6  1  0  0  0
  6  7  1  0  0  0
  7  8  1  0  0  0
  8 13  2  0  0  0
  8  9  2  0  0  0
  9 10  2  0  0  0
 10 11  1  0  0  0
 11 12  2  0  0  0
 12 13  1  0  0  0
M  END
$$$$
C12=C(C=NN1)CCc3c2cccc3
  -ISIS-

 13 15  0  0  0  0  0  0  0  0  1
    3.5907    6.4055    1.0057  C  0  0  0  0  0
    2.3046    6.6198    1.5109  C  0  0  0  0  0
    1.1729    6.2471    0.7808  C  0  0  0  0  0
    1.3240    5.6544   -0.4719  C  0  0  0  0  0
    2.6190    5.4421   -1.0001  C  0  0  0  0  0
    3.7460    5.8098   -0.2473  C  0  0  0  0  0
    2.7937    4.7229   -2.3340  C  0  0  0  0  0
    1.6251    4.8961   -3.3345  C  0  0  0  0  0
    0.3119    4.8827   -2.6349  C  0  0  0  0  0
    0.2079    5.2515   -1.3090  C  0  0  0  0  0
   -1.1105    5.1401   -0.9948  N  0  0  0  0  0
   -1.8775    4.7394   -2.0250  N  0  0  0  0  0
   -1.0126    4.5922   -3.0454  C  0  0  0  0  0
  1  6  2  0  0  0
  1  2  1  0  0  0
  2  3  2  0  0  0
  3  4  1  0  0  0
  4 10  1  0  0  0
  4  5  2  0  0  0
  5  6  1  0  0  0
  5  7  1  0  0  0
  7  8  1  0  0  0
  8  9  1  0  0  0
  9 13  1  0  0  0
  9 10  2  0  0  0
 10 11  1  0  0  0
 11 12  1  0  0  0
 12 13  2  0  0  0
M  END
$$$$
C12=C(C=NN1)CCc3c2cccc3
  -ISIS-

 13 15  0  0  0  0  0  0  0  0  1
   -2.9578    8.5706    2.0911  C  0  0  0  0  0
   -2.7882    7.2989    1.6840  N  0  0  0  0  0
   -1.8672    6.8005    2.5288  N  0  0  0  0  0
   -1.4369    7.6970    3.4562  C  0  0  0  0  0
   -2.1131    8.8700    3.1885  C  0  0  0  0  0
   -1.9019   10.0849    4.0216  C  0  0  0  0  0
   -0.5050   10.0706    4.6885  C  0  0  0  0  0
   -0.0336    8.7053    5.1760  C  0  0  0  0  0
   -0.4637    7.5267    4.5211  C  0  0  0  0  0
    0.0259    6.2831    4.9264  C  0  0  0  0  0
    0.9476    6.2066    5.9728  C  0  0  0  0  0
    1.3840    7.3669    6.6132  C  0  0  0  0  0
    0.9015    8.6136    6.2141  C  0  0  0  0  0
  1  5  1  0  0  0
  1  2  2  0  0  0
  2  3  1  0  0  0
  3  4  1  0  0  0
  4  9  1  0  0  0
  4  5  2  0  0  0
  5  6  1  0  0  0
  6  7  1  0  0  0
  7  8  1  0  0  0
  8 13  2  0  0  0
  8  9  1  0  0  0
  9 10  2  0  0  0
 10 11  1  0  0  0
 11 12  2  0  0  0
 12 13  1  0  0  0
M  END
$$$$
C12=C(C=NN1)CCc3c2cccc3
  -ISIS-

 13 15  0  0  0  0  0  0  0  0  1
   -4.7573    9.2093    0.3663  C  0  0  0  0  0
   -5.4329   10.3825    0.0979  C  0  0  0  0  0
   -5.0005   11.2799    1.0233  N  0  0  0  0  0
   -4.0786   10.7821    1.8674  N  0  0  0  0  0
   -3.9109    9.5095    1.4621  C  0  0  0  0  0
   -6.4080   10.5521   -0.9653  C  0  0  0  0  0
   -6.8980   11.7954   -1.3710  C  0  0  0  0  0
   -7.8222   11.8713   -2.4153  C  0  0  0  0  0
   -8.2603   10.7105   -3.0537  C  0  0  0  0  0
   -7.7770    9.4640   -2.6546  C  0  0  0  0  0
   -6.8400    9.3729   -1.6182  C  0  0  0  0  0
   -6.3680    8.0080   -1.1305  C  0  0  0  0  0
   -4.9703    7.9936   -0.4652  C  0  0  0  0  0
  1  5  1  0  0  0
  1 13  1  0  0  0
  1  2  2  0  0  0
  2  3  1  0  0  0
  2  6  1  0  0  0
  3  4  1  0  0  0
  4  5  2  0  0  0
  6 11  2  0  0  0
  6  7  1  0  0  0
  7  8  2  0  0  0
  8  9  1  0  0  0
  9 10  2  0  0  0
 10 11  1  0  0  0
 11 12  1  0  0  0
 12 13  1  0  0  0
M  END
$$$$
