C12=Nc3c(n[c]4[c]3cccc4)CN1CCS2
  -ISIS-

 16 19  0  0  0  0  0  0  0  0  1
    2.7694    0.4270   -2.6078  C  0  0  0  0  0
    3.1582    0.1996   -1.3085  N  0  0  0  0  0
    4.4709   -0.2555   -1.2880  C  0  0  0  0  0
    4.9065   -0.3400   -2.6173  C  0  0  0  0  0
    3.8269    0.0930   -3.4111  C  0  0  0  0  0
    3.7986    0.1974   -4.8060  N  0  0  0  0  0
    2.6607    0.6247   -5.2456  C  0  0  0  0  0
    1.5383    0.9564   -4.5114  N  0  0  0  0  0
    1.5339    0.9242   -3.1328  C  0  0  0  0  0
    0.4427    1.5051   -5.2741  C  0  0  0  0  0
    0.5662    1.0018   -6.6991  C  0  0  0  0  0
    2.3551    0.8497   -6.9528  S  0  0  0  0  0
    6.2158   -0.7890   -2.8938  C  0  0  0  0  0
    7.0629   -1.1381   -1.8384  C  0  0  0  0  0
    6.6093   -1.0357   -0.5232  C  0  0  0  0  0
    5.3158   -0.5936   -0.2208  C  0  0  0  0  0
  1  9  1  0  0  0
  1  5  2  0  0  0
  1  2  1  0  0  0
  2  3  1  0  0  0
  3 16  2  0  0  0
  3  4  1  0  0  0
  4  5  1  0  0  0
  4 13  2  0  0  0
  5  6  1  0  0  0
  6  7  2  0  0  0
  7 12  1  0  0  0
  7  8  1  0  0  0
  8  9  1  0  0  0
  8 10  1  0  0  0
 10 11  1  0  0  0
 11 12  1  0  0  0
 13 14  1  0  0  0
 14 15  2  0  0  0
 15 16  1  0  0  0
M  END
$$$$
