C12=NCC=CN1C3OCC(O2)C3
  -ISIS-

 12 14  0  0  0  0  0  0  0  0  1
   -3.2552    3.2011   -1.4209  O  0  0  0  0  0
   -4.1094    2.1860   -1.9926  C  0  0  0  0  0
   -5.5445    2.6715   -1.7849  C  0  0  0  0  0
   -5.3631    3.0668   -0.3357  C  0  0  0  0  0
   -3.9816    3.7383   -0.2848  C  0  0  0  0  0
   -5.2945    1.8395    0.4440  O  0  0  0  0  0
   -4.5153    0.8069   -0.0007  C  0  0  0  0  0
   -3.9207    0.9505   -1.2418  N  0  0  0  0  0
   -3.0747   -0.0521   -1.6578  C  0  0  0  0  0
   -2.8891   -1.1502   -0.9221  C  0  0  0  0  0
   -3.6231   -1.2716    0.3670  C  0  0  0  0  0
   -4.4037   -0.2153    0.7772  N  0  0  0  0  0
  1  5  1  0  0  0
  1  2  1  0  0  0
  2  8  1  0  0  0
  2  3  1  0  0  0
  3  4  1  0  0  0
  4  5  1  0  0  0
  4  6  1  0  0  0
  6  7  1  0  0  0
  7 12  2  0  0  0
  7  8  1  0  0  0
  8  9  1  0  0  0
  9 10  2  0  0  0
 10 11  1  0  0  0
 11 12  1  0  0  0
M  END
$$$$
C12=NCC=CN1C3OCC(O2)C3
  -ISIS-

 12 14  0  0  0  0  0  0  0  0  1
   -3.2552    3.2011   -1.4209  O  0  0  0  0  0
   -4.1094    2.1860   -1.9926  C  0  0  0  0  0
   -5.5445    2.6715   -1.7849  C  0  0  0  0  0
   -5.3631    3.0668   -0.3357  C  0  0  0  0  0
   -3.9816    3.7383   -0.2848  C  0  0  0  0  0
   -5.2945    1.8395    0.4440  O  0  0  0  0  0
   -4.5153    0.8069   -0.0007  C  0  0  0  0  0
   -3.9207    0.9505   -1.2418  N  0  0  0  0  0
   -3.0747   -0.0521   -1.6578  C  0  0  0  0  0
   -2.8891   -1.1502   -0.9221  C  0  0  0  0  0
   -3.6231   -1.2716    0.3670  C  0  0  0  0  0
   -4.4037   -0.2153    0.7772  N  0  0  0  0  0
  1  5  1  0  0  0
  1  2  1  0  0  0
  2  8  1  0  0  0
  2  3  1  0  0  0
  3  4  1  0  0  0
  4  5  1  0  0  0
  4  6  1  0  0  0
  6  7  1  0  0  0
  7 12  2  0  0  0
  7  8  1  0  0  0
  8  9  1  0  0  0
  9 10  2  0  0  0
 10 11  1  0  0  0
 11 12  1  0  0  0
M  END
$$$$
C12=NCC=CN1C3OCC(O2)C3
  -ISIS-

 12 14  0  0  0  0  0  0  0  0  1
   -3.2552    3.2011   -1.4209  O  0  0  0  0  0
   -4.1094    2.1860   -1.9926  C  0  0  0  0  0
   -5.5445    2.6715   -1.7849  C  0  0  0  0  0
   -5.3631    3.0668   -0.3357  C  0  0  0  0  0
   -3.9816    3.7383   -0.2848  C  0  0  0  0  0
   -5.2945    1.8395    0.4440  O  0  0  0  0  0
   -4.5153    0.8069   -0.0007  C  0  0  0  0  0
   -3.9207    0.9505   -1.2418  N  0  0  0  0  0
   -3.0747   -0.0521   -1.6578  C  0  0  0  0  0
   -2.8891   -1.1502   -0.9221  C  0  0  0  0  0
   -3.6231   -1.2716    0.3670  C  0  0  0  0  0
   -4.4037   -0.2153    0.7772  N  0  0  0  0  0
  1  5  1  0  0  0
  1  2  1  0  0  0
  2  8  1  0  0  0
  2  3  1  0  0  0
  3  4  1  0  0  0
  4  5  1  0  0  0
  4  6  1  0  0  0
  6  7  1  0  0  0
  7 12  2  0  0  0
  7  8  1  0  0  0
  8  9  1  0  0  0
  9 10  2  0  0  0
 10 11  1  0  0  0
 11 12  1  0  0  0
M  END
$$$$
C12=NCC=CN1C3OCC(O2)C3
  -ISIS-

 12 14  0  0  0  0  0  0  0  0  1
   -0.6743    1.7130   -0.2419  C  0  0  0  0  0
    0.1224    2.9918   -0.5299  C  0  0  0  0  0
   -0.3589    4.0675    0.3152  O  0  0  0  0  0
   -0.1558    4.0093    1.6627  C  0  0  0  0  0
   -0.6886    4.9427    2.3741  N  0  0  0  0  0
   -0.5117    4.9173    3.7387  C  0  0  0  0  0
    0.2211    3.7548    4.3426  C  0  0  0  0  0
    0.7361    2.8471    3.5045  C  0  0  0  0  0
    0.6036    2.9613    2.1392  N  0  0  0  0  0
    1.0987    1.9549    1.2149  C  0  0  0  0  0
    0.0174    1.0764    0.8606  O  0  0  0  0  0
    1.5116    2.6279   -0.0764  C  0  0  0  0  0
  1 11  1  0  0  0
  1  2  1  0  0  0
  2 12  1  0  0  0
  2  3  1  0  0  0
  3  4  1  0  0  0
  4  9  1  0  0  0
  4  5  2  0  0  0
  5  6  1  0  0  0
  6  7  1  0  0  0
  7  8  2  0  0  0
  8  9  1  0  0  0
  9 10  1  0  0  0
 10 11  1  0  0  0
 10 12  1  0  0  0
M  END
$$$$
C12=NCC=CN1C3OCC(O2)C3
  -ISIS-

 12 14  0  0  0  0  0  0  0  0  1
   -0.6743    1.7130   -0.2419  C  0  0  0  0  0
    0.1224    2.9918   -0.5299  C  0  0  0  0  0
   -0.3589    4.0675    0.3152  O  0  0  0  0  0
   -0.1558    4.0093    1.6627  C  0  0  0  0  0
   -0.6886    4.9427    2.3741  N  0  0  0  0  0
   -0.5117    4.9173    3.7387  C  0  0  0  0  0
    0.2211    3.7548    4.3426  C  0  0  0  0  0
    0.7361    2.8471    3.5045  C  0  0  0  0  0
    0.6036    2.9613    2.1392  N  0  0  0  0  0
    1.0987    1.9549    1.2149  C  0  0  0  0  0
    0.0174    1.0764    0.8606  O  0  0  0  0  0
    1.5116    2.6279   -0.0764  C  0  0  0  0  0
  1 11  1  0  0  0
  1  2  1  0  0  0
  2 12  1  0  0  0
  2  3  1  0  0  0
  3  4  1  0  0  0
  4  9  1  0  0  0
  4  5  2  0  0  0
  5  6  1  0  0  0
  6  7  1  0  0  0
  7  8  2  0  0  0
  8  9  1  0  0  0
  9 10  1  0  0  0
 10 11  1  0  0  0
 10 12  1  0  0  0
M  END
$$$$
C12=NCC=CN1C3OCC(O2)C3
  -ISIS-

 12 14  0  0  0  0  0  0  0  0  1
   -0.6743    1.7130   -0.2419  C  0  0  0  0  0
    0.1224    2.9918   -0.5299  C  0  0  0  0  0
   -0.3589    4.0675    0.3152  O  0  0  0  0  0
   -0.1558    4.0093    1.6627  C  0  0  0  0  0
   -0.6886    4.9427    2.3741  N  0  0  0  0  0
   -0.5117    4.9173    3.7387  C  0  0  0  0  0
    0.2211    3.7548    4.3426  C  0  0  0  0  0
    0.7361    2.8471    3.5045  C  0  0  0  0  0
    0.6036    2.9613    2.1392  N  0  0  0  0  0
    1.0987    1.9549    1.2149  C  0  0  0  0  0
    0.0174    1.0764    0.8606  O  0  0  0  0  0
    1.5116    2.6279   -0.0764  C  0  0  0  0  0
  1 11  1  0  0  0
  1  2  1  0  0  0
  2 12  1  0  0  0
  2  3  1  0  0  0
  3  4  1  0  0  0
  4  9  1  0  0  0
  4  5  2  0  0  0
  5  6  1  0  0  0
  6  7  1  0  0  0
  7  8  2  0  0  0
  8  9  1  0  0  0
  9 10  1  0  0  0
 10 11  1  0  0  0
 10 12  1  0  0  0
M  END
$$$$
