C12=Nc3c(cc4c(c3)CN5C(=N4)C=CC=C5)CN1C=CC=C2
  -ISIS-

 22 26  0  0  0  0  0  0  0  0  1
    1.6221    4.5942   -3.1393  C  0  0  0  0  0
    1.3710    3.8037   -4.2630  N  0  0  0  0  0
    2.3278    2.9026   -4.7248  C  0  0  0  0  0
    3.4893    2.7243   -4.1755  N  0  0  0  0  0
    3.8127    3.4805   -3.0459  C  0  0  0  0  0
    2.9361    4.4123   -2.4945  C  0  0  0  0  0
    3.2910    5.1552   -1.3610  C  0  0  0  0  0
    4.5385    4.9689   -0.7650  C  0  0  0  0  0
    5.4150    4.0369   -1.3162  C  0  0  0  0  0
    5.0602    3.2941   -2.4498  C  0  0  0  0  0
    6.7287    3.8544   -0.6710  C  0  0  0  0  0
    6.9800    4.6452    0.4525  N  0  0  0  0  0
    6.0237    5.5471    0.9136  C  0  0  0  0  0
    4.8622    5.7256    0.3641  N  0  0  0  0  0
    6.3752    6.3510    2.1179  C  0  0  0  0  0
    7.5657    6.1883    2.7064  C  0  0  0  0  0
    8.5124    5.2404    2.1841  C  0  0  0  0  0
    8.2039    4.5148    1.1023  C  0  0  0  0  0
    1.9768    2.0995   -5.9297  C  0  0  0  0  0
    0.7860    2.2617   -6.5179  C  0  0  0  0  0
   -0.1615    3.2082   -5.9944  C  0  0  0  0  0
    0.1467    3.9334   -4.9123  C  0  0  0  0  0
  1  6  1  0  0  0
  1  2  1  0  0  0
  2 22  1  0  0  0
  2  3  1  0  0  0
  3  4  2  0  0  0
  3 19  1  0  0  0
  4  5  1  0  0  0
  5 10  2  0  0  0
  5  6  2  0  0  0
  6  7  2  0  0  0
  7  8  1  0  0  0
  8 14  1  0  0  0
  8  9  2  0  0  0
  9 10  1  0  0  0
  9 11  1  0  0  0
 11 12  1  0  0  0
 12 18  1  0  0  0
 12 13  1  0  0  0
 13 14  2  0  0  0
 13 15  1  0  0  0
 15 16  2  0  0  0
 16 17  1  0  0  0
 17 18  2  0  0  0
 19 20  2  0  0  0
 20 21  1  0  0  0
 21 22  2  0  0  0
M  END
$$$$
