C12=C(C=Nc3c(cccc3)N1)Cc4c(O2)cc[c]5[c]4cccc5
  -ISIS-

 23 27  0  0  0  0  0  0  0  0  1
   -8.0385    0.2277    1.8707  C  0  0  0  0  0
   -6.8944    1.1709    1.9362  C  0  0  0  0  0
   -5.9123    1.0830    1.0281  C  0  0  0  0  0
   -5.9337    0.1381    0.0119  O  0  0  0  0  0
   -7.0370   -0.6491   -0.1713  C  0  0  0  0  0
   -7.0020   -1.4676   -1.2960  C  0  0  0  0  0
   -8.0747   -2.3054   -1.5762  C  0  0  0  0  0
   -9.1981   -2.3363   -0.7411  C  0  0  0  0  0
   -9.2561   -1.5108    0.4153  C  0  0  0  0  0
   -8.1346   -0.6631    0.6887  C  0  0  0  0  0
  -10.4402   -1.6028    1.1941  C  0  0  0  0  0
  -11.4935   -2.4592    0.8583  C  0  0  0  0  0
  -11.4046   -3.2556   -0.2717  C  0  0  0  0  0
  -10.2637   -3.1926   -1.0658  C  0  0  0  0  0
   -4.7693    1.8498    0.9582  N  0  0  0  0  0
   -4.6953    3.2284    1.2589  C  0  0  0  0  0
   -3.8352    4.0172    0.4637  C  0  0  0  0  0
   -3.6879    5.4006    0.6574  C  0  0  0  0  0
   -4.4160    6.0210    1.6806  C  0  0  0  0  0
   -5.2420    5.2313    2.4948  C  0  0  0  0  0
   -5.3940    3.8466    2.3065  C  0  0  0  0  0
   -6.1792    3.2069    3.2739  N  0  0  0  0  0
   -6.7952    2.0900    3.0917  C  0  0  0  0  0
  1 10  1  0  0  0
  1  2  1  0  0  0
  2 23  1  0  0  0
  2  3  2  0  0  0
  3  4  1  0  0  0
  3 15  1  0  0  0
  4  5  1  0  0  0
  5 10  2  0  0  0
  5  6  1  0  0  0
  6  7  2  0  0  0
  7  8  1  0  0  0
  8 14  1  0  0  0
  8  9  2  0  0  0
  9 10  1  0  0  0
  9 11  1  0  0  0
 11 12  2  0  0  0
 12 13  1  0  0  0
 13 14  2  0  0  0
 15 16  1  0  0  0
 16 21  2  0  0  0
 16 17  1  0  0  0
 17 18  2  0  0  0
 18 19  1  0  0  0
 19 20  2  0  0  0
 20 21  1  0  0  0
 21 22  1  0  0  0
 22 23  2  0  0  0
M  END
$$$$
