C12=CCNCCC1C3C(C4C(CC3)CCC4)NCC2
  -ISIS-

 19 22  0  0  0  0  0  0  0  0  1
    5.5874   -6.0263    4.4290  C  0  0  0  0  0
    5.7860   -4.5076    4.2842  C  0  0  0  0  0
    6.4028   -4.1382    2.9437  C  0  0  0  0  0
    5.5764   -4.6017    1.7148  C  0  0  0  0  0
    5.1955   -6.1113    1.8146  C  0  0  0  0  0
    4.7501   -6.5534    3.2413  C  0  0  0  0  0
    3.3140   -6.1399    3.5994  C  0  0  0  0  0
    3.2442   -6.1413    5.1217  C  0  0  0  0  0
    4.6761   -6.3927    5.6477  C  0  0  0  0  0
    4.1252   -6.5764    0.9125  N  0  0  0  0  0
    3.5991   -6.0909   -0.2408  C  0  0  0  0  0
    4.0883   -4.7759   -0.8000  C  0  0  0  0  0
    5.6033   -4.8116   -0.8712  C  0  0  0  0  0
    6.3029   -4.1817    0.3379  C  0  0  0  0  0
    7.8242   -4.5071    0.3997  C  0  0  0  0  0
    8.6194   -4.1905   -0.8571  C  0  0  0  0  0
    8.5789   -5.2638   -1.8053  N  0  0  0  0  0
    7.4893   -5.7798   -2.4092  C  0  0  0  0  0
    6.1241   -5.4342   -1.9517  C  0  0  0  0  0
  1  6  1  0  0  0
  1  9  1  0  0  0
  1  2  1  0  0  0
  2  3  1  0  0  0
  3  4  1  0  0  0
  4 14  1  0  0  0
  4  5  1  0  0  0
  5  6  1  0  0  0
  5 10  1  0  0  0
  6  7  1  0  0  0
  7  8  1  0  0  0
  8  9  1  0  0  0
 10 11  1  0  0  0
 11 12  1  0  0  0
 12 13  1  0  0  0
 13 19  2  0  0  0
 13 14  1  0  0  0
 14 15  1  0  0  0
 15 16  1  0  0  0
 16 17  1  0  0  0
 17 18  1  0  0  0
 18 19  1  0  0  0
M  END
$$$$
C12=CCNCCC1C3C(C4C(CC3)CCC4)NCC2
  -ISIS-

 19 22  0  0  0  0  0  0  0  0  1
    5.5874   -6.0263    4.4290  C  0  0  0  0  0
    5.7860   -4.5076    4.2842  C  0  0  0  0  0
    6.4028   -4.1382    2.9437  C  0  0  0  0  0
    5.5764   -4.6017    1.7148  C  0  0  0  0  0
    5.1955   -6.1113    1.8146  C  0  0  0  0  0
    4.7501   -6.5534    3.2413  C  0  0  0  0  0
    3.3140   -6.1399    3.5994  C  0  0  0  0  0
    3.2442   -6.1413    5.1217  C  0  0  0  0  0
    4.6761   -6.3927    5.6477  C  0  0  0  0  0
    4.1252   -6.5764    0.9125  N  0  0  0  0  0
    3.5991   -6.0909   -0.2408  C  0  0  0  0  0
    4.0883   -4.7759   -0.8000  C  0  0  0  0  0
    5.6033   -4.8116   -0.8712  C  0  0  0  0  0
    6.3029   -4.1817    0.3379  C  0  0  0  0  0
    7.8242   -4.5071    0.3997  C  0  0  0  0  0
    8.6194   -4.1905   -0.8571  C  0  0  0  0  0
    8.5789   -5.2638   -1.8053  N  0  0  0  0  0
    7.4893   -5.7798   -2.4092  C  0  0  0  0  0
    6.1241   -5.4342   -1.9517  C  0  0  0  0  0
  1  6  1  0  0  0
  1  9  1  0  0  0
  1  2  1  0  0  0
  2  3  1  0  0  0
  3  4  1  0  0  0
  4 14  1  0  0  0
  4  5  1  0  0  0
  5  6  1  0  0  0
  5 10  1  0  0  0
  6  7  1  0  0  0
  7  8  1  0  0  0
  8  9  1  0  0  0
 10 11  1  0  0  0
 11 12  1  0  0  0
 12 13  1  0  0  0
 13 19  2  0  0  0
 13 14  1  0  0  0
 14 15  1  0  0  0
 15 16  1  0  0  0
 16 17  1  0  0  0
 17 18  1  0  0  0
 18 19  1  0  0  0
M  END
$$$$
C12=CCNCCC1C3C(C4C(CC3)CCC4)NCC2
  -ISIS-

 19 22  0  0  0  0  0  0  0  0  1
    5.5874   -6.0263    4.4290  C  0  0  0  0  0
    5.7860   -4.5076    4.2842  C  0  0  0  0  0
    6.4028   -4.1382    2.9437  C  0  0  0  0  0
    5.5764   -4.6017    1.7148  C  0  0  0  0  0
    5.1955   -6.1113    1.8146  C  0  0  0  0  0
    4.7501   -6.5534    3.2413  C  0  0  0  0  0
    3.3140   -6.1399    3.5994  C  0  0  0  0  0
    3.2442   -6.1413    5.1217  C  0  0  0  0  0
    4.6761   -6.3927    5.6477  C  0  0  0  0  0
    4.1252   -6.5764    0.9125  N  0  0  0  0  0
    3.5991   -6.0909   -0.2408  C  0  0  0  0  0
    4.0883   -4.7759   -0.8000  C  0  0  0  0  0
    5.6033   -4.8116   -0.8712  C  0  0  0  0  0
    6.3029   -4.1817    0.3379  C  0  0  0  0  0
    7.8242   -4.5071    0.3997  C  0  0  0  0  0
    8.6194   -4.1905   -0.8571  C  0  0  0  0  0
    8.5789   -5.2638   -1.8053  N  0  0  0  0  0
    7.4893   -5.7798   -2.4092  C  0  0  0  0  0
    6.1241   -5.4342   -1.9517  C  0  0  0  0  0
  1  6  1  0  0  0
  1  9  1  0  0  0
  1  2  1  0  0  0
  2  3  1  0  0  0
  3  4  1  0  0  0
  4 14  1  0  0  0
  4  5  1  0  0  0
  5  6  1  0  0  0
  5 10  1  0  0  0
  6  7  1  0  0  0
  7  8  1  0  0  0
  8  9  1  0  0  0
 10 11  1  0  0  0
 11 12  1  0  0  0
 12 13  1  0  0  0
 13 19  2  0  0  0
 13 14  1  0  0  0
 14 15  1  0  0  0
 15 16  1  0  0  0
 16 17  1  0  0  0
 17 18  1  0  0  0
 18 19  1  0  0  0
M  END
$$$$
C12=CCNCCC1C3C(C4C(CC3)CCC4)NCC2
  -ISIS-

 19 22  0  0  0  0  0  0  0  0  1
    5.5874   -6.0263    4.4290  C  0  0  0  0  0
    5.7860   -4.5076    4.2842  C  0  0  0  0  0
    6.4028   -4.1382    2.9437  C  0  0  0  0  0
    5.5764   -4.6017    1.7148  C  0  0  0  0  0
    5.1955   -6.1113    1.8146  C  0  0  0  0  0
    4.7501   -6.5534    3.2413  C  0  0  0  0  0
    3.3140   -6.1399    3.5994  C  0  0  0  0  0
    3.2442   -6.1413    5.1217  C  0  0  0  0  0
    4.6761   -6.3927    5.6477  C  0  0  0  0  0
    4.1252   -6.5764    0.9125  N  0  0  0  0  0
    3.5991   -6.0909   -0.2408  C  0  0  0  0  0
    4.0883   -4.7759   -0.8000  C  0  0  0  0  0
    5.6033   -4.8116   -0.8712  C  0  0  0  0  0
    6.3029   -4.1817    0.3379  C  0  0  0  0  0
    7.8242   -4.5071    0.3997  C  0  0  0  0  0
    8.6194   -4.1905   -0.8571  C  0  0  0  0  0
    8.5789   -5.2638   -1.8053  N  0  0  0  0  0
    7.4893   -5.7798   -2.4092  C  0  0  0  0  0
    6.1241   -5.4342   -1.9517  C  0  0  0  0  0
  1  6  1  0  0  0
  1  9  1  0  0  0
  1  2  1  0  0  0
  2  3  1  0  0  0
  3  4  1  0  0  0
  4 14  1  0  0  0
  4  5  1  0  0  0
  5  6  1  0  0  0
  5 10  1  0  0  0
  6  7  1  0  0  0
  7  8  1  0  0  0
  8  9  1  0  0  0
 10 11  1  0  0  0
 11 12  1  0  0  0
 12 13  1  0  0  0
 13 19  2  0  0  0
 13 14  1  0  0  0
 14 15  1  0  0  0
 15 16  1  0  0  0
 16 17  1  0  0  0
 17 18  1  0  0  0
 18 19  1  0  0  0
M  END
$$$$
C12=CCNCCC1C3C(C4C(CC3)CCC4)NCC2
  -ISIS-

 19 22  0  0  0  0  0  0  0  0  1
    5.5874   -6.0263    4.4290  C  0  0  0  0  0
    5.7860   -4.5076    4.2842  C  0  0  0  0  0
    6.4028   -4.1382    2.9437  C  0  0  0  0  0
    5.5764   -4.6017    1.7148  C  0  0  0  0  0
    5.1955   -6.1113    1.8146  C  0  0  0  0  0
    4.7501   -6.5534    3.2413  C  0  0  0  0  0
    3.3140   -6.1399    3.5994  C  0  0  0  0  0
    3.2442   -6.1413    5.1217  C  0  0  0  0  0
    4.6761   -6.3927    5.6477  C  0  0  0  0  0
    4.1252   -6.5764    0.9125  N  0  0  0  0  0
    3.5991   -6.0909   -0.2408  C  0  0  0  0  0
    4.0883   -4.7759   -0.8000  C  0  0  0  0  0
    5.6033   -4.8116   -0.8712  C  0  0  0  0  0
    6.3029   -4.1817    0.3379  C  0  0  0  0  0
    7.8242   -4.5071    0.3997  C  0  0  0  0  0
    8.6194   -4.1905   -0.8571  C  0  0  0  0  0
    8.5789   -5.2638   -1.8053  N  0  0  0  0  0
    7.4893   -5.7798   -2.4092  C  0  0  0  0  0
    6.1241   -5.4342   -1.9517  C  0  0  0  0  0
  1  6  1  0  0  0
  1  9  1  0  0  0
  1  2  1  0  0  0
  2  3  1  0  0  0
  3  4  1  0  0  0
  4 14  1  0  0  0
  4  5  1  0  0  0
  5  6  1  0  0  0
  5 10  1  0  0  0
  6  7  1  0  0  0
  7  8  1  0  0  0
  8  9  1  0  0  0
 10 11  1  0  0  0
 11 12  1  0  0  0
 12 13  1  0  0  0
 13 19  2  0  0  0
 13 14  1  0  0  0
 14 15  1  0  0  0
 15 16  1  0  0  0
 16 17  1  0  0  0
 17 18  1  0  0  0
 18 19  1  0  0  0
M  END
$$$$
