C12=C(Nc3c1cccc3)CCC2
  -ISIS-

 12 14  0  0  0  0  0  0  0  0  1
    0.3027   -2.4025   -3.3926  C  0  0  0  0  0
    0.7904   -1.0784   -3.2460  C  0  0  0  0  0
    2.1639   -1.0322   -3.9255  C  0  0  0  0  0
    2.3938   -2.4864   -4.4759  C  0  0  0  0  0
    1.1680   -3.2112   -4.0705  C  0  0  0  0  0
    0.5934   -4.4903   -4.1577  C  0  0  0  0  0
   -0.6474   -4.4036   -3.5032  C  0  0  0  0  0
   -0.7987   -3.1035   -3.0422  N  0  0  0  0  0
   -1.5065   -5.5005   -3.3913  C  0  0  0  0  0
   -1.0927   -6.7124   -3.9580  C  0  0  0  0  0
    0.1374   -6.8413   -4.6196  C  0  0  0  0  0
    0.9840   -5.7205   -4.7186  C  0  0  0  0  0
  1  8  1  0  0  0
  1  5  2  0  0  0
  1  2  1  0  0  0
  2  3  1  0  0  0
  3  4  1  0  0  0
  4  5  1  0  0  0
  5  6  1  0  0  0
  6 12  2  0  0  0
  6  7  1  0  0  0
  7  8  1  0  0  0
  7  9  2  0  0  0
  9 10  1  0  0  0
 10 11  2  0  0  0
 11 12  1  0  0  0
M  END
$$$$
C12=C(Nc3c1cccc3)CCC2
  -ISIS-

 12 14  0  0  0  0  0  0  0  0  1
    0.3027   -2.4025   -3.3926  C  0  0  0  0  0
    0.7904   -1.0784   -3.2460  C  0  0  0  0  0
    2.1639   -1.0322   -3.9255  C  0  0  0  0  0
    2.3938   -2.4864   -4.4759  C  0  0  0  0  0
    1.1680   -3.2112   -4.0705  C  0  0  0  0  0
    0.5934   -4.4903   -4.1577  C  0  0  0  0  0
   -0.6474   -4.4036   -3.5032  C  0  0  0  0  0
   -0.7987   -3.1035   -3.0422  N  0  0  0  0  0
   -1.5065   -5.5005   -3.3913  C  0  0  0  0  0
   -1.0927   -6.7124   -3.9580  C  0  0  0  0  0
    0.1374   -6.8413   -4.6196  C  0  0  0  0  0
    0.9840   -5.7205   -4.7186  C  0  0  0  0  0
  1  8  1  0  0  0
  1  5  2  0  0  0
  1  2  1  0  0  0
  2  3  1  0  0  0
  3  4  1  0  0  0
  4  5  1  0  0  0
  5  6  1  0  0  0
  6 12  2  0  0  0
  6  7  1  0  0  0
  7  8  1  0  0  0
  7  9  2  0  0  0
  9 10  1  0  0  0
 10 11  2  0  0  0
 11 12  1  0  0  0
M  END
$$$$
C12=C(Nc3c1cccc3)CCC2
  -ISIS-

 12 14  0  0  0  0  0  0  0  0  1
   -2.1269   -2.2223   -0.9596  C  0  0  0  0  0
   -2.0580   -1.2912   -1.9372  N  0  0  0  0  0
   -3.3038   -1.2082   -2.5426  C  0  0  0  0  0
   -3.7365   -0.3989   -3.5969  C  0  0  0  0  0
   -5.0681   -0.5257   -4.0116  C  0  0  0  0  0
   -5.9528   -1.4279   -3.4026  C  0  0  0  0  0
   -5.4916   -2.2312   -2.3422  C  0  0  0  0  0
   -4.1580   -2.1247   -1.9052  C  0  0  0  0  0
   -3.3852   -2.7483   -0.9113  C  0  0  0  0  0
   -3.5105   -3.7762    0.1469  C  0  0  0  0  0
   -2.0761   -3.8255    0.7877  C  0  0  0  0  0
   -1.2584   -2.7884    0.0087  C  0  0  0  0  0
  1  9  2  0  0  0
  1 12  1  0  0  0
  1  2  1  0  0  0
  2  3  1  0  0  0
  3  8  2  0  0  0
  3  4  1  0  0  0
  4  5  2  0  0  0
  5  6  1  0  0  0
  6  7  2  0  0  0
  7  8  1  0  0  0
  8  9  1  0  0  0
  9 10  1  0  0  0
 10 11  1  0  0  0
 11 12  1  0  0  0
M  END
$$$$
C12=C(Nc3c1cccc3)CCC2
  -ISIS-

 12 14  0  0  0  0  0  0  0  0  1
   -2.1269   -2.2223   -0.9596  C  0  0  0  0  0
   -2.0580   -1.2912   -1.9372  N  0  0  0  0  0
   -3.3038   -1.2082   -2.5426  C  0  0  0  0  0
   -3.7365   -0.3989   -3.5969  C  0  0  0  0  0
   -5.0681   -0.5257   -4.0116  C  0  0  0  0  0
   -5.9528   -1.4279   -3.4026  C  0  0  0  0  0
   -5.4916   -2.2312   -2.3422  C  0  0  0  0  0
   -4.1580   -2.1247   -1.9052  C  0  0  0  0  0
   -3.3852   -2.7483   -0.9113  C  0  0  0  0  0
   -3.5105   -3.7762    0.1469  C  0  0  0  0  0
   -2.0761   -3.8255    0.7877  C  0  0  0  0  0
   -1.2584   -2.7884    0.0087  C  0  0  0  0  0
  1  9  2  0  0  0
  1 12  1  0  0  0
  1  2  1  0  0  0
  2  3  1  0  0  0
  3  8  2  0  0  0
  3  4  1  0  0  0
  4  5  2  0  0  0
  5  6  1  0  0  0
  6  7  2  0  0  0
  7  8  1  0  0  0
  8  9  1  0  0  0
  9 10  1  0  0  0
 10 11  1  0  0  0
 11 12  1  0  0  0
M  END
$$$$
C12=C(Nc3c1cccc3)CCC2
  -ISIS-

 12 14  0  0  0  0  0  0  0  0  1
   -2.8568    3.4017    0.3428  C  0  0  0  0  0
   -2.1490    3.2580    1.4854  N  0  0  0  0  0
   -1.0246    2.4958    1.2032  C  0  0  0  0  0
    0.0085    2.0753    2.0457  C  0  0  0  0  0
    1.0328    1.3026    1.4847  C  0  0  0  0  0
    1.0398    0.9519    0.1266  C  0  0  0  0  0
   -0.0125    1.3892   -0.7006  C  0  0  0  0  0
   -1.0551    2.1668   -0.1630  C  0  0  0  0  0
   -2.2238    2.7535   -0.6772  C  0  0  0  0  0
   -2.9632    2.8824   -1.9520  C  0  0  0  0  0
   -4.2207    3.7436   -1.5631  C  0  0  0  0  0
   -4.0585    4.0348   -0.0649  C  0  0  0  0  0
  1  9  2  0  0  0
  1 12  1  0  0  0
  1  2  1  0  0  0
  2  3  1  0  0  0
  3  8  2  0  0  0
  3  4  1  0  0  0
  4  5  2  0  0  0
  5  6  1  0  0  0
  6  7  2  0  0  0
  7  8  1  0  0  0
  8  9  1  0  0  0
  9 10  1  0  0  0
 10 11  1  0  0  0
 11 12  1  0  0  0
M  END
$$$$
C12=C(Nc3c1cccc3)CCC2
  -ISIS-

 12 14  0  0  0  0  0  0  0  0  1
   -2.8568    3.4017    0.3428  C  0  0  0  0  0
   -2.1490    3.2580    1.4854  N  0  0  0  0  0
   -1.0246    2.4958    1.2032  C  0  0  0  0  0
    0.0085    2.0753    2.0457  C  0  0  0  0  0
    1.0328    1.3026    1.4847  C  0  0  0  0  0
    1.0398    0.9519    0.1266  C  0  0  0  0  0
   -0.0125    1.3892   -0.7006  C  0  0  0  0  0
   -1.0551    2.1668   -0.1630  C  0  0  0  0  0
   -2.2238    2.7535   -0.6772  C  0  0  0  0  0
   -2.9632    2.8824   -1.9520  C  0  0  0  0  0
   -4.2207    3.7436   -1.5631  C  0  0  0  0  0
   -4.0585    4.0348   -0.0649  C  0  0  0  0  0
  1  9  2  0  0  0
  1 12  1  0  0  0
  1  2  1  0  0  0
  2  3  1  0  0  0
  3  8  2  0  0  0
  3  4  1  0  0  0
  4  5  2  0  0  0
  5  6  1  0  0  0
  6  7  2  0  0  0
  7  8  1  0  0  0
  8  9  1  0  0  0
  9 10  1  0  0  0
 10 11  1  0  0  0
 11 12  1  0  0  0
M  END
$$$$
C12=C(Nc3c1cccc3)CCC2
  -ISIS-

 12 14  0  0  0  0  0  0  0  0  1
   -5.8065   -3.6964   -2.8379  C  0  0  0  0  0
   -4.9687   -3.6670   -1.7775  N  0  0  0  0  0
   -5.7126   -3.3545   -0.6485  C  0  0  0  0  0
   -5.3062   -3.2070    0.6807  C  0  0  0  0  0
   -6.2842   -2.8821    1.6289  C  0  0  0  0  0
   -7.6305   -2.7061    1.2766  C  0  0  0  0  0
   -8.0135   -2.8619   -0.0694  C  0  0  0  0  0
   -7.0513   -3.1885   -1.0431  C  0  0  0  0  0
   -7.0773   -3.4117   -2.4300  C  0  0  0  0  0
   -8.0340   -3.4316   -3.5599  C  0  0  0  0  0
   -7.1357   -3.7846   -4.8004  C  0  0  0  0  0
   -5.7196   -3.9371   -4.2333  C  0  0  0  0  0
  1  9  2  0  0  0
  1 12  1  0  0  0
  1  2  1  0  0  0
  2  3  1  0  0  0
  3  8  2  0  0  0
  3  4  1  0  0  0
  4  5  2  0  0  0
  5  6  1  0  0  0
  6  7  2  0  0  0
  7  8  1  0  0  0
  8  9  1  0  0  0
  9 10  1  0  0  0
 10 11  1  0  0  0
 11 12  1  0  0  0
M  END
$$$$
C12=C(Nc3c1cccc3)CCC2
  -ISIS-

 12 14  0  0  0  0  0  0  0  0  1
   -5.8065   -3.6964   -2.8379  C  0  0  0  0  0
   -4.9687   -3.6670   -1.7775  N  0  0  0  0  0
   -5.7126   -3.3545   -0.6485  C  0  0  0  0  0
   -5.3062   -3.2070    0.6807  C  0  0  0  0  0
   -6.2842   -2.8821    1.6289  C  0  0  0  0  0
   -7.6305   -2.7061    1.2766  C  0  0  0  0  0
   -8.0135   -2.8619   -0.0694  C  0  0  0  0  0
   -7.0513   -3.1885   -1.0431  C  0  0  0  0  0
   -7.0773   -3.4117   -2.4300  C  0  0  0  0  0
   -8.0340   -3.4316   -3.5599  C  0  0  0  0  0
   -7.1357   -3.7846   -4.8004  C  0  0  0  0  0
   -5.7196   -3.9371   -4.2333  C  0  0  0  0  0
  1  9  2  0  0  0
  1 12  1  0  0  0
  1  2  1  0  0  0
  2  3  1  0  0  0
  3  8  2  0  0  0
  3  4  1  0  0  0
  4  5  2  0  0  0
  5  6  1  0  0  0
  6  7  2  0  0  0
  7  8  1  0  0  0
  8  9  1  0  0  0
  9 10  1  0  0  0
 10 11  1  0  0  0
 11 12  1  0  0  0
M  END
$$$$
C12=C(Nc3c1cccc3)CCC2
  -ISIS-

 12 14  0  0  0  0  0  0  0  0  1
    2.5028    5.5603    0.9195  N  0  0  0  0  0
    2.0633    6.0667   -0.2968  C  0  0  0  0  0
    3.1923    6.3328   -1.0911  C  0  0  0  0  0
    4.3048    5.9722   -0.3150  C  0  0  0  0  0
    3.8535    5.5119    0.8875  C  0  0  0  0  0
    4.9022    5.0894    1.8295  C  0  0  0  0  0
    6.1697    5.6649    1.1091  C  0  0  0  0  0
    5.7788    5.9325   -0.3878  C  0  0  0  0  0
    3.0054    6.8572   -2.3824  C  0  0  0  0  0
    1.7093    7.1069   -2.8539  C  0  0  0  0  0
    0.6067    6.8314   -2.0441  C  0  0  0  0  0
    0.7628    6.3075   -0.7526  C  0  0  0  0  0
  1  5  1  0  0  0
  1  2  1  0  0  0
  2 12  2  0  0  0
  2  3  1  0  0  0
  3  4  1  0  0  0
  3  9  2  0  0  0
  4  8  1  0  0  0
  4  5  2  0  0  0
  5  6  1  0  0  0
  6  7  1  0  0  0
  7  8  1  0  0  0
  9 10  1  0  0  0
 10 11  2  0  0  0
 11 12  1  0  0  0
M  END
$$$$
C12=C(Nc3c1cccc3)CCC2
  -ISIS-

 12 14  0  0  0  0  0  0  0  0  1
   -2.8579   -4.8756   -5.5178  C  0  0  0  0  0
   -1.6069   -5.2478   -5.8711  N  0  0  0  0  0
   -0.9422   -5.6632   -4.7260  C  0  0  0  0  0
    0.3631   -6.1377   -4.5697  C  0  0  0  0  0
    0.7779   -6.4911   -3.2797  C  0  0  0  0  0
   -0.0725   -6.3795   -2.1698  C  0  0  0  0  0
   -1.3830   -5.8986   -2.3548  C  0  0  0  0  0
   -1.8260   -5.5364   -3.6404  C  0  0  0  0  0
   -3.0257   -5.0370   -4.1739  C  0  0  0  0  0
   -4.3822   -4.6418   -3.7404  C  0  0  0  0  0
   -5.0762   -4.1872   -5.0745  C  0  0  0  0  0
   -4.0147   -4.3716   -6.1748  C  0  0  0  0  0
  1  9  2  0  0  0
  1 12  1  0  0  0
  1  2  1  0  0  0
  2  3  1  0  0  0
  3  8  2  0  0  0
  3  4  1  0  0  0
  4  5  2  0  0  0
  5  6  1  0  0  0
  6  7  2  0  0  0
  7  8  1  0  0  0
  8  9  1  0  0  0
  9 10  1  0  0  0
 10 11  1  0  0  0
 11 12  1  0  0  0
M  END
$$$$
C12=C(Nc3c1cccc3)CCC2
  -ISIS-

 12 14  0  0  0  0  0  0  0  0  1
   -2.8579   -4.8756   -5.5178  C  0  0  0  0  0
   -1.6069   -5.2478   -5.8711  N  0  0  0  0  0
   -0.9422   -5.6632   -4.7260  C  0  0  0  0  0
    0.3631   -6.1377   -4.5697  C  0  0  0  0  0
    0.7779   -6.4911   -3.2797  C  0  0  0  0  0
   -0.0725   -6.3795   -2.1698  C  0  0  0  0  0
   -1.3830   -5.8986   -2.3548  C  0  0  0  0  0
   -1.8260   -5.5364   -3.6404  C  0  0  0  0  0
   -3.0257   -5.0370   -4.1739  C  0  0  0  0  0
   -4.3822   -4.6418   -3.7404  C  0  0  0  0  0
   -5.0762   -4.1872   -5.0745  C  0  0  0  0  0
   -4.0147   -4.3716   -6.1748  C  0  0  0  0  0
  1  9  2  0  0  0
  1 12  1  0  0  0
  1  2  1  0  0  0
  2  3  1  0  0  0
  3  8  2  0  0  0
  3  4  1  0  0  0
  4  5  2  0  0  0
  5  6  1  0  0  0
  6  7  2  0  0  0
  7  8  1  0  0  0
  8  9  1  0  0  0
  9 10  1  0  0  0
 10 11  1  0  0  0
 11 12  1  0  0  0
M  END
$$$$
C12=C(Nc3c1cccc3)CCC2
  -ISIS-

 12 14  0  0  0  0  0  0  0  0  1
    2.7681    2.4854   -1.3255  C  0  0  0  0  0
    2.2165    1.3226   -0.9111  N  0  0  0  0  0
    0.9951    1.1717   -1.5517  C  0  0  0  0  0
    0.0542    0.1424   -1.4576  C  0  0  0  0  0
   -1.1091    0.2508   -2.2297  C  0  0  0  0  0
   -1.3406    1.3465   -3.0742  C  0  0  0  0  0
   -0.3766    2.3700   -3.1503  C  0  0  0  0  0
    0.8018    2.2867   -2.3853  C  0  0  0  0  0
    1.9379    3.0966   -2.2193  C  0  0  0  0  0
    2.4976    4.3781   -2.7021  C  0  0  0  0  0
    3.8686    4.4912   -1.9400  C  0  0  0  0  0
    3.9545    3.2227   -1.0800  C  0  0  0  0  0
  1  9  2  0  0  0
  1 12  1  0  0  0
  1  2  1  0  0  0
  2  3  1  0  0  0
  3  8  2  0  0  0
  3  4  1  0  0  0
  4  5  2  0  0  0
  5  6  1  0  0  0
  6  7  2  0  0  0
  7  8  1  0  0  0
  8  9  1  0  0  0
  9 10  1  0  0  0
 10 11  1  0  0  0
 11 12  1  0  0  0
M  END
$$$$
C12=C(Nc3c1cccc3)CCC2
  -ISIS-

 12 14  0  0  0  0  0  0  0  0  1
    2.7681    2.4854   -1.3255  C  0  0  0  0  0
    2.2165    1.3226   -0.9111  N  0  0  0  0  0
    0.9951    1.1717   -1.5517  C  0  0  0  0  0
    0.0542    0.1424   -1.4576  C  0  0  0  0  0
   -1.1091    0.2508   -2.2297  C  0  0  0  0  0
   -1.3406    1.3465   -3.0742  C  0  0  0  0  0
   -0.3766    2.3700   -3.1503  C  0  0  0  0  0
    0.8018    2.2867   -2.3853  C  0  0  0  0  0
    1.9379    3.0966   -2.2193  C  0  0  0  0  0
    2.4976    4.3781   -2.7021  C  0  0  0  0  0
    3.8686    4.4912   -1.9400  C  0  0  0  0  0
    3.9545    3.2227   -1.0800  C  0  0  0  0  0
  1  9  2  0  0  0
  1 12  1  0  0  0
  1  2  1  0  0  0
  2  3  1  0  0  0
  3  8  2  0  0  0
  3  4  1  0  0  0
  4  5  2  0  0  0
  5  6  1  0  0  0
  6  7  2  0  0  0
  7  8  1  0  0  0
  8  9  1  0  0  0
  9 10  1  0  0  0
 10 11  1  0  0  0
 11 12  1  0  0  0
M  END
$$$$
C12=C(Nc3c1cccc3)CCC2
  -ISIS-

 12 14  0  0  0  0  0  0  0  0  1
    1.7485    7.3004   -1.2978  C  0  0  0  0  0
    2.5914    6.7923   -0.3679  N  0  0  0  0  0
    3.5841    6.0839   -1.0319  C  0  0  0  0  0
    4.6751    5.3756   -0.5170  C  0  0  0  0  0
    5.5334    4.7482   -1.4277  C  0  0  0  0  0
    5.3245    4.8302   -2.8092  C  0  0  0  0  0
    4.2150    5.5345   -3.3067  C  0  0  0  0  0
    3.3365    6.1737   -2.4128  C  0  0  0  0  0
    2.1729    6.9468   -2.5468  C  0  0  0  0  0
    1.2865    7.4935   -3.5931  C  0  0  0  0  0
    0.0427    7.9626   -2.7542  C  0  0  0  0  0
    0.5136    8.1164   -1.2590  C  0  0  0  0  0
  1  9  2  0  0  0
  1 12  1  0  0  0
  1  2  1  0  0  0
  2  3  1  0  0  0
  3  8  2  0  0  0
  3  4  1  0  0  0
  4  5  2  0  0  0
  5  6  1  0  0  0
  6  7  2  0  0  0
  7  8  1  0  0  0
  8  9  1  0  0  0
  9 10  1  0  0  0
 10 11  1  0  0  0
 11 12  1  0  0  0
M  END
$$$$
C12=C(Nc3c1cccc3)CCC2
  -ISIS-

 12 14  0  0  0  0  0  0  0  0  1
    1.7485    7.3004   -1.2978  C  0  0  0  0  0
    2.5914    6.7923   -0.3679  N  0  0  0  0  0
    3.5841    6.0839   -1.0319  C  0  0  0  0  0
    4.6751    5.3756   -0.5170  C  0  0  0  0  0
    5.5334    4.7482   -1.4277  C  0  0  0  0  0
    5.3245    4.8302   -2.8092  C  0  0  0  0  0
    4.2150    5.5345   -3.3067  C  0  0  0  0  0
    3.3365    6.1737   -2.4128  C  0  0  0  0  0
    2.1729    6.9468   -2.5468  C  0  0  0  0  0
    1.2865    7.4935   -3.5931  C  0  0  0  0  0
    0.0427    7.9626   -2.7542  C  0  0  0  0  0
    0.5136    8.1164   -1.2590  C  0  0  0  0  0
  1  9  2  0  0  0
  1 12  1  0  0  0
  1  2  1  0  0  0
  2  3  1  0  0  0
  3  8  2  0  0  0
  3  4  1  0  0  0
  4  5  2  0  0  0
  5  6  1  0  0  0
  6  7  2  0  0  0
  7  8  1  0  0  0
  8  9  1  0  0  0
  9 10  1  0  0  0
 10 11  1  0  0  0
 11 12  1  0  0  0
M  END
$$$$
C12=C(Nc3c1cccc3)CCC2
  -ISIS-

 12 14  0  0  0  0  0  0  0  0  1
    1.0304    6.4135    0.5979  C  0  0  0  0  0
    0.4437    7.6262    0.7093  N  0  0  0  0  0
   -0.9175    7.4640    0.4881  C  0  0  0  0  0
   -1.9462    8.4119    0.4988  C  0  0  0  0  0
   -3.2476    7.9641    0.2431  C  0  0  0  0  0
   -3.5213    6.6180   -0.0255  C  0  0  0  0  0
   -2.4769    5.6777   -0.0162  C  0  0  0  0  0
   -1.1590    6.1014    0.2360  C  0  0  0  0  0
    0.0900    5.4658    0.3166  C  0  0  0  0  0
    0.6968    4.1241    0.2061  C  0  0  0  0  0
    2.2357    4.4545    0.1816  C  0  0  0  0  0
    2.4050    5.9145    0.7204  C  0  0  0  0  0
  1  9  2  0  0  0
  1 12  1  0  0  0
  1  2  1  0  0  0
  2  3  1  0  0  0
  3  8  2  0  0  0
  3  4  1  0  0  0
  4  5  2  0  0  0
  5  6  1  0  0  0
  6  7  2  0  0  0
  7  8  1  0  0  0
  8  9  1  0  0  0
  9 10  1  0  0  0
 10 11  1  0  0  0
 11 12  1  0  0  0
M  END
$$$$
C12=C(Nc3c1cccc3)CCC2
  -ISIS-

 12 14  0  0  0  0  0  0  0  0  1
    1.0304    6.4135    0.5979  C  0  0  0  0  0
    0.4437    7.6262    0.7093  N  0  0  0  0  0
   -0.9175    7.4640    0.4881  C  0  0  0  0  0
   -1.9462    8.4119    0.4988  C  0  0  0  0  0
   -3.2476    7.9641    0.2431  C  0  0  0  0  0
   -3.5213    6.6180   -0.0255  C  0  0  0  0  0
   -2.4769    5.6777   -0.0162  C  0  0  0  0  0
   -1.1590    6.1014    0.2360  C  0  0  0  0  0
    0.0900    5.4658    0.3166  C  0  0  0  0  0
    0.6968    4.1241    0.2061  C  0  0  0  0  0
    2.2357    4.4545    0.1816  C  0  0  0  0  0
    2.4050    5.9145    0.7204  C  0  0  0  0  0
  1  9  2  0  0  0
  1 12  1  0  0  0
  1  2  1  0  0  0
  2  3  1  0  0  0
  3  8  2  0  0  0
  3  4  1  0  0  0
  4  5  2  0  0  0
  5  6  1  0  0  0
  6  7  2  0  0  0
  7  8  1  0  0  0
  8  9  1  0  0  0
  9 10  1  0  0  0
 10 11  1  0  0  0
 11 12  1  0  0  0
M  END
$$$$
C12=C(Nc3c1cccc3)CCC2
  -ISIS-

 12 14  0  0  0  0  0  0  0  0  1
   -2.5224    2.7856   -8.0752  C  0  0  0  0  0
   -1.8780    3.4074   -7.0631  N  0  0  0  0  0
   -2.2653    2.8044   -5.8739  C  0  0  0  0  0
   -1.8896    3.0940   -4.5578  C  0  0  0  0  0
   -2.4367    2.3088   -3.5361  C  0  0  0  0  0
   -3.3196    1.2578   -3.8107  C  0  0  0  0  0
   -3.6945    0.9896   -5.1383  C  0  0  0  0  0
   -3.1611    1.7650   -6.1844  C  0  0  0  0  0
   -3.2950    1.7745   -7.5819  C  0  0  0  0  0
   -3.9810    1.0510   -8.6712  C  0  0  0  0  0
   -3.2206    1.5819   -9.9406  C  0  0  0  0  0
   -2.5503    2.9367   -9.5335  C  0  0  0  0  0
  1  9  2  0  0  0
  1 12  1  0  0  0
  1  2  1  0  0  0
  2  3  1  0  0  0
  3  8  2  0  0  0
  3  4  1  0  0  0
  4  5  2  0  0  0
  5  6  1  0  0  0
  6  7  2  0  0  0
  7  8  1  0  0  0
  8  9  1  0  0  0
  9 10  1  0  0  0
 10 11  1  0  0  0
 11 12  1  0  0  0
M  END
$$$$
C12=C(Nc3c1cccc3)CCC2
  -ISIS-

 12 14  0  0  0  0  0  0  0  0  1
   -2.5224    2.7856   -8.0752  C  0  0  0  0  0
   -1.8780    3.4074   -7.0631  N  0  0  0  0  0
   -2.2653    2.8044   -5.8739  C  0  0  0  0  0
   -1.8896    3.0940   -4.5578  C  0  0  0  0  0
   -2.4367    2.3088   -3.5361  C  0  0  0  0  0
   -3.3196    1.2578   -3.8107  C  0  0  0  0  0
   -3.6945    0.9896   -5.1383  C  0  0  0  0  0
   -3.1611    1.7650   -6.1844  C  0  0  0  0  0
   -3.2950    1.7745   -7.5819  C  0  0  0  0  0
   -3.9810    1.0510   -8.6712  C  0  0  0  0  0
   -3.2206    1.5819   -9.9406  C  0  0  0  0  0
   -2.5503    2.9367   -9.5335  C  0  0  0  0  0
  1  9  2  0  0  0
  1 12  1  0  0  0
  1  2  1  0  0  0
  2  3  1  0  0  0
  3  8  2  0  0  0
  3  4  1  0  0  0
  4  5  2  0  0  0
  5  6  1  0  0  0
  6  7  2  0  0  0
  7  8  1  0  0  0
  8  9  1  0  0  0
  9 10  1  0  0  0
 10 11  1  0  0  0
 11 12  1  0  0  0
M  END
$$$$
C12=C(Nc3c1cccc3)CCC2
  -ISIS-

 12 14  0  0  0  0  0  0  0  0  1
    2.2330    1.1846    2.8828  C  0  0  0  0  0
    3.3561    0.7972    1.9029  C  0  0  0  0  0
    2.6290    0.3787    0.5747  C  0  0  0  0  0
    1.1968    0.5547    0.8944  C  0  0  0  0  0
    1.0152    0.9989    2.1712  C  0  0  0  0  0
   -0.3053    1.1459    2.4223  N  0  0  0  0  0
   -1.0037    0.7881    1.2777  C  0  0  0  0  0
   -2.3827    0.7703    1.0371  C  0  0  0  0  0
   -2.8160    0.3592   -0.2275  C  0  0  0  0  0
   -1.9068   -0.0196   -1.2139  C  0  0  0  0  0
   -0.5295    0.0009   -0.9653  C  0  0  0  0  0
   -0.0668    0.4102    0.2978  C  0  0  0  0  0
  1  5  1  0  0  0
  1  2  1  0  0  0
  2  3  1  0  0  0
  3  4  1  0  0  0
  4 12  1  0  0  0
  4  5  2  0  0  0
  5  6  1  0  0  0
  6  7  1  0  0  0
  7 12  2  0  0  0
  7  8  1  0  0  0
  8  9  2  0  0  0
  9 10  1  0  0  0
 10 11  2  0  0  0
 11 12  1  0  0  0
M  END
$$$$
C12=C(Nc3c1cccc3)CCC2
  -ISIS-

 12 14  0  0  0  0  0  0  0  0  1
    1.0744    0.2928    5.1723  C  0  0  0  0  0
    2.4861    0.5542    4.5622  C  0  0  0  0  0
    3.0812   -0.8765    4.2639  C  0  0  0  0  0
    2.0814   -1.7915    4.8638  C  0  0  0  0  0
    0.9939   -1.1198    5.3441  C  0  0  0  0  0
    0.1005   -1.9991    5.8517  N  0  0  0  0  0
    0.6303   -3.2750    5.7227  C  0  0  0  0  0
    0.0957   -4.5109    6.1057  C  0  0  0  0  0
    0.8541   -5.6561    5.8428  C  0  0  0  0  0
    2.0976   -5.5704    5.2191  C  0  0  0  0  0
    2.6246   -4.3309    4.8382  C  0  0  0  0  0
    1.8843   -3.1633    5.0941  C  0  0  0  0  0
  1  5  1  0  0  0
  1  2  1  0  0  0
  2  3  1  0  0  0
  3  4  1  0  0  0
  4 12  1  0  0  0
  4  5  2  0  0  0
  5  6  1  0  0  0
  6  7  1  0  0  0
  7 12  2  0  0  0
  7  8  1  0  0  0
  8  9  2  0  0  0
  9 10  1  0  0  0
 10 11  2  0  0  0
 11 12  1  0  0  0
M  END
$$$$
C12=C(Nc3c1cccc3)CCC2
  -ISIS-

 12 14  0  0  0  0  0  0  0  0  1
    1.0744    0.2928    5.1723  C  0  0  0  0  0
    2.4861    0.5542    4.5622  C  0  0  0  0  0
    3.0812   -0.8765    4.2639  C  0  0  0  0  0
    2.0814   -1.7915    4.8638  C  0  0  0  0  0
    0.9939   -1.1198    5.3441  C  0  0  0  0  0
    0.1005   -1.9991    5.8517  N  0  0  0  0  0
    0.6303   -3.2750    5.7227  C  0  0  0  0  0
    0.0957   -4.5109    6.1057  C  0  0  0  0  0
    0.8541   -5.6561    5.8428  C  0  0  0  0  0
    2.0976   -5.5704    5.2191  C  0  0  0  0  0
    2.6246   -4.3309    4.8382  C  0  0  0  0  0
    1.8843   -3.1633    5.0941  C  0  0  0  0  0
  1  5  1  0  0  0
  1  2  1  0  0  0
  2  3  1  0  0  0
  3  4  1  0  0  0
  4 12  1  0  0  0
  4  5  2  0  0  0
  5  6  1  0  0  0
  6  7  1  0  0  0
  7 12  2  0  0  0
  7  8  1  0  0  0
  8  9  2  0  0  0
  9 10  1  0  0  0
 10 11  2  0  0  0
 11 12  1  0  0  0
M  END
$$$$
C12=C(Nc3c1cccc3)CCC2
  -ISIS-

 12 14  0  0  0  0  0  0  0  0  1
   -2.1868   -1.3334    5.0085  C  0  0  0  0  0
   -3.6547   -1.8136    5.3440  C  0  0  0  0  0
   -4.1752   -2.6465    4.1148  C  0  0  0  0  0
   -2.8927   -2.9634    3.4549  C  0  0  0  0  0
   -2.5194   -3.7800    2.4428  N  0  0  0  0  0
   -1.1576   -3.6153    2.2362  C  0  0  0  0  0
   -0.6891   -2.6655    3.1621  C  0  0  0  0  0
   -1.8085   -2.2736    3.9194  C  0  0  0  0  0
    0.6746   -2.3209    3.1477  C  0  0  0  0  0
    1.5266   -2.9299    2.2192  C  0  0  0  0  0
    1.0382   -3.8679    1.3120  C  0  0  0  0  0
   -0.3127   -4.2289    1.3029  C  0  0  0  0  0
  1  8  1  0  0  0
  1  2  1  0  0  0
  2  3  1  0  0  0
  3  4  1  0  0  0
  4  8  2  0  0  0
  4  5  1  0  0  0
  5  6  1  0  0  0
  6 12  2  0  0  0
  6  7  1  0  0  0
  7  8  1  0  0  0
  7  9  2  0  0  0
  9 10  1  0  0  0
 10 11  2  0  0  0
 11 12  1  0  0  0
M  END
$$$$
C12=C(Nc3c1cccc3)CCC2
  -ISIS-

 12 14  0  0  0  0  0  0  0  0  1
   -2.1868   -1.3334    5.0085  C  0  0  0  0  0
   -3.6547   -1.8136    5.3440  C  0  0  0  0  0
   -4.1752   -2.6465    4.1148  C  0  0  0  0  0
   -2.8927   -2.9634    3.4549  C  0  0  0  0  0
   -2.5194   -3.7800    2.4428  N  0  0  0  0  0
   -1.1576   -3.6153    2.2362  C  0  0  0  0  0
   -0.6891   -2.6655    3.1621  C  0  0  0  0  0
   -1.8085   -2.2736    3.9194  C  0  0  0  0  0
    0.6746   -2.3209    3.1477  C  0  0  0  0  0
    1.5266   -2.9299    2.2192  C  0  0  0  0  0
    1.0382   -3.8679    1.3120  C  0  0  0  0  0
   -0.3127   -4.2289    1.3029  C  0  0  0  0  0
  1  8  1  0  0  0
  1  2  1  0  0  0
  2  3  1  0  0  0
  3  4  1  0  0  0
  4  8  2  0  0  0
  4  5  1  0  0  0
  5  6  1  0  0  0
  6 12  2  0  0  0
  6  7  1  0  0  0
  7  8  1  0  0  0
  7  9  2  0  0  0
  9 10  1  0  0  0
 10 11  2  0  0  0
 11 12  1  0  0  0
M  END
$$$$
C12=C(Nc3c1cccc3)CCC2
  -ISIS-

 12 14  0  0  0  0  0  0  0  0  1
    5.0412   -3.4427   -0.8002  C  0  0  0  0  0
    4.4966   -3.9905   -2.1760  C  0  0  0  0  0
    3.2186   -3.1448   -2.5167  C  0  0  0  0  0
    2.7779   -2.7113   -1.1678  C  0  0  0  0  0
    3.7747   -2.8836   -0.2518  C  0  0  0  0  0
    3.3497   -2.4942    0.9697  N  0  0  0  0  0
    2.0396   -2.0484    0.8477  C  0  0  0  0  0
    1.1666   -1.5439    1.8199  C  0  0  0  0  0
   -0.1166   -1.1669    1.4092  C  0  0  0  0  0
   -0.5133   -1.2892    0.0782  C  0  0  0  0  0
    0.3655   -1.7943   -0.8870  C  0  0  0  0  0
    1.6618   -2.1803   -0.5024  C  0  0  0  0  0
  1  5  1  0  0  0
  1  2  1  0  0  0
  2  3  1  0  0  0
  3  4  1  0  0  0
  4 12  1  0  0  0
  4  5  2  0  0  0
  5  6  1  0  0  0
  6  7  1  0  0  0
  7 12  2  0  0  0
  7  8  1  0  0  0
  8  9  2  0  0  0
  9 10  1  0  0  0
 10 11  2  0  0  0
 11 12  1  0  0  0
M  END
$$$$
C12=C(Nc3c1cccc3)CCC2
  -ISIS-

 12 14  0  0  0  0  0  0  0  0  1
    5.0412   -3.4427   -0.8002  C  0  0  0  0  0
    4.4966   -3.9905   -2.1760  C  0  0  0  0  0
    3.2186   -3.1448   -2.5167  C  0  0  0  0  0
    2.7779   -2.7113   -1.1678  C  0  0  0  0  0
    3.7747   -2.8836   -0.2518  C  0  0  0  0  0
    3.3497   -2.4942    0.9697  N  0  0  0  0  0
    2.0396   -2.0484    0.8477  C  0  0  0  0  0
    1.1666   -1.5439    1.8199  C  0  0  0  0  0
   -0.1166   -1.1669    1.4092  C  0  0  0  0  0
   -0.5133   -1.2892    0.0782  C  0  0  0  0  0
    0.3655   -1.7943   -0.8870  C  0  0  0  0  0
    1.6618   -2.1803   -0.5024  C  0  0  0  0  0
  1  5  1  0  0  0
  1  2  1  0  0  0
  2  3  1  0  0  0
  3  4  1  0  0  0
  4 12  1  0  0  0
  4  5  2  0  0  0
  5  6  1  0  0  0
  6  7  1  0  0  0
  7 12  2  0  0  0
  7  8  1  0  0  0
  8  9  2  0  0  0
  9 10  1  0  0  0
 10 11  2  0  0  0
 11 12  1  0  0  0
M  END
$$$$
C12=C(Nc3c1cccc3)CCC2
  -ISIS-

 12 14  0  0  0  0  0  0  0  0  1
    3.8799    0.9522   -5.8944  C  0  0  0  0  0
    2.6762    0.4919   -6.3025  N  0  0  0  0  0
    2.3548   -0.6171   -5.5328  C  0  0  0  0  0
    1.2240   -1.4381   -5.5708  C  0  0  0  0  0
    1.1619   -2.5033   -4.6638  C  0  0  0  0  0
    2.1883   -2.7545   -3.7414  C  0  0  0  0  0
    3.3166   -1.9122   -3.7243  C  0  0  0  0  0
    3.4053   -0.8343   -4.6246  C  0  0  0  0  0
    4.3518    0.1724   -4.8788  C  0  0  0  0  0
    5.6722    0.6379   -4.3970  C  0  0  0  0  0
    5.9801    1.8834   -5.3050  C  0  0  0  0  0
    4.7664    2.0064   -6.2337  C  0  0  0  0  0
  1  9  2  0  0  0
  1 12  1  0  0  0
  1  2  1  0  0  0
  2  3  1  0  0  0
  3  8  2  0  0  0
  3  4  1  0  0  0
  4  5  2  0  0  0
  5  6  1  0  0  0
  6  7  2  0  0  0
  7  8  1  0  0  0
  8  9  1  0  0  0
  9 10  1  0  0  0
 10 11  1  0  0  0
 11 12  1  0  0  0
M  END
$$$$
C12=C(Nc3c1cccc3)CCC2
  -ISIS-

 12 14  0  0  0  0  0  0  0  0  1
    3.8799    0.9522   -5.8944  C  0  0  0  0  0
    2.6762    0.4919   -6.3025  N  0  0  0  0  0
    2.3548   -0.6171   -5.5328  C  0  0  0  0  0
    1.2240   -1.4381   -5.5708  C  0  0  0  0  0
    1.1619   -2.5033   -4.6638  C  0  0  0  0  0
    2.1883   -2.7545   -3.7414  C  0  0  0  0  0
    3.3166   -1.9122   -3.7243  C  0  0  0  0  0
    3.4053   -0.8343   -4.6246  C  0  0  0  0  0
    4.3518    0.1724   -4.8788  C  0  0  0  0  0
    5.6722    0.6379   -4.3970  C  0  0  0  0  0
    5.9801    1.8834   -5.3050  C  0  0  0  0  0
    4.7664    2.0064   -6.2337  C  0  0  0  0  0
  1  9  2  0  0  0
  1 12  1  0  0  0
  1  2  1  0  0  0
  2  3  1  0  0  0
  3  8  2  0  0  0
  3  4  1  0  0  0
  4  5  2  0  0  0
  5  6  1  0  0  0
  6  7  2  0  0  0
  7  8  1  0  0  0
  8  9  1  0  0  0
  9 10  1  0  0  0
 10 11  1  0  0  0
 11 12  1  0  0  0
M  END
$$$$
C12=C(Nc3c1cccc3)CCC2
  -ISIS-

 12 14  0  0  0  0  0  0  0  0  1
    3.3677    2.9208   -3.7726  C  0  0  0  0  0
    2.7776    2.1255   -4.6930  N  0  0  0  0  0
    1.8056    2.8691   -5.3466  C  0  0  0  0  0
    0.9308    2.4981   -6.3717  C  0  0  0  0  0
    0.0403    3.4671   -6.8505  C  0  0  0  0  0
    0.0115    4.7702   -6.3323  C  0  0  0  0  0
    0.9033    5.1178   -5.2996  C  0  0  0  0  0
    1.8091    4.1638   -4.7996  C  0  0  0  0  0
    2.8053    4.1635   -3.8089  C  0  0  0  0  0
    3.4184    5.0734   -2.8167  C  0  0  0  0  0
    4.4991    4.1746   -2.1113  C  0  0  0  0  0
    4.3929    2.8066   -2.7993  C  0  0  0  0  0
  1  9  2  0  0  0
  1 12  1  0  0  0
  1  2  1  0  0  0
  2  3  1  0  0  0
  3  8  2  0  0  0
  3  4  1  0  0  0
  4  5  2  0  0  0
  5  6  1  0  0  0
  6  7  2  0  0  0
  7  8  1  0  0  0
  8  9  1  0  0  0
  9 10  1  0  0  0
 10 11  1  0  0  0
 11 12  1  0  0  0
M  END
$$$$
C12=C(Nc3c1cccc3)CCC2
  -ISIS-

 12 14  0  0  0  0  0  0  0  0  1
    3.3677    2.9208   -3.7726  C  0  0  0  0  0
    2.7776    2.1255   -4.6930  N  0  0  0  0  0
    1.8056    2.8691   -5.3466  C  0  0  0  0  0
    0.9308    2.4981   -6.3717  C  0  0  0  0  0
    0.0403    3.4671   -6.8505  C  0  0  0  0  0
    0.0115    4.7702   -6.3323  C  0  0  0  0  0
    0.9033    5.1178   -5.2996  C  0  0  0  0  0
    1.8091    4.1638   -4.7996  C  0  0  0  0  0
    2.8053    4.1635   -3.8089  C  0  0  0  0  0
    3.4184    5.0734   -2.8167  C  0  0  0  0  0
    4.4991    4.1746   -2.1113  C  0  0  0  0  0
    4.3929    2.8066   -2.7993  C  0  0  0  0  0
  1  9  2  0  0  0
  1 12  1  0  0  0
  1  2  1  0  0  0
  2  3  1  0  0  0
  3  8  2  0  0  0
  3  4  1  0  0  0
  4  5  2  0  0  0
  5  6  1  0  0  0
  6  7  2  0  0  0
  7  8  1  0  0  0
  8  9  1  0  0  0
  9 10  1  0  0  0
 10 11  1  0  0  0
 11 12  1  0  0  0
M  END
$$$$
