C12=C(Nc3c1cccc3)CCCCNCC2
  -ISIS-

 16 18  0  0  0  0  0  0  0  0  1
    4.1828   -0.0781    2.9499  C  0  0  0  0  0
    5.0894   -1.2946    3.2348  C  0  0  0  0  0
    4.4501   -2.6763    2.9547  C  0  0  0  0  0
    3.7170   -2.8154    1.6028  C  0  0  0  0  0
    4.5983   -2.9849    0.4108  N  0  0  0  0  0
    5.3475   -1.7804   -0.0740  C  0  0  0  0  0
    4.4662   -0.5508   -0.3216  C  0  0  0  0  0
    4.8936    0.6312    0.4977  C  0  0  0  0  0
    4.7601    0.7967    1.8714  C  0  0  0  0  0
    5.3041    2.0200    2.1887  N  0  0  0  0  0
    5.7919    2.6498    1.0743  C  0  0  0  0  0
    6.4237    3.8924    0.9459  C  0  0  0  0  0
    6.8247    4.2863   -0.3332  C  0  0  0  0  0
    6.6007    3.4675   -1.4365  C  0  0  0  0  0
    5.9667    2.2279   -1.2877  C  0  0  0  0  0
    5.5502    1.8058   -0.0069  C  0  0  0  0  0
  1  9  1  0  0  0
  1  2  1  0  0  0
  2  3  1  0  0  0
  3  4  1  0  0  0
  4  5  1  0  0  0
  5  6  1  0  0  0
  6  7  1  0  0  0
  7  8  1  0  0  0
  8 16  1  0  0  0
  8  9  2  0  0  0
  9 10  1  0  0  0
 10 11  1  0  0  0
 11 16  2  0  0  0
 11 12  1  0  0  0
 12 13  2  0  0  0
 13 14  1  0  0  0
 14 15  2  0  0  0
 15 16  1  0  0  0
M  END
$$$$
