C12=C(OCCO1)CC=CC2
  -ISIS-

 10 11  0  0  0  0  0  0  0  0  1
   -2.2754    2.0546    3.9545  C  0  0  0  0  0
   -1.3673    1.0501    4.5838  C  0  0  0  0  0
   -1.8123   -0.1847    4.8795  C  0  0  0  0  0
   -3.2188   -0.5797    4.5710  C  0  0  0  0  0
   -4.1222    0.4260    3.9490  C  0  0  0  0  0
   -5.4315    0.0161    3.7174  O  0  0  0  0  0
   -6.3105    1.1113    3.4419  C  0  0  0  0  0
   -5.6610    2.0692    2.4604  C  0  0  0  0  0
   -4.4656    2.6181    3.0243  O  0  0  0  0  0
   -3.6747    1.6552    3.6433  C  0  0  0  0  0
  1 10  1  0  0  0
  1  2  1  0  0  0
  2  3  2  0  0  0
  3  4  1  0  0  0
  4  5  1  0  0  0
  5 10  2  0  0  0
  5  6  1  0  0  0
  6  7  1  0  0  0
  7  8  1  0  0  0
  8  9  1  0  0  0
  9 10  1  0  0  0
M  END
$$$$
