C12=C3C4=C(C=CCO4)CN1c5c(N2CNC3)cccc5
  -ISIS-

 20 24  0  0  0  0  0  0  0  0  1
    2.2609   -2.9541    5.2586  C  0  0  0  0  0
    1.6538   -3.0690    4.0280  N  0  0  0  0  0
    1.9408   -2.3899    2.8262  C  0  0  0  0  0
    1.0410   -2.8728    1.8476  C  0  0  0  0  0
    0.2207   -3.8361    2.4721  N  0  0  0  0  0
    0.6127   -3.9341    3.7763  C  0  0  0  0  0
    0.0919   -4.7435    4.6889  C  0  0  0  0  0
    0.6631   -4.6902    6.0211  C  0  0  0  0  0
    1.6843   -3.8607    6.3267  C  0  0  0  0  0
    2.1917   -3.8712    7.6810  C  0  0  0  0  0
    1.6606   -4.6776    8.6026  C  0  0  0  0  0
    0.5454   -5.5774    8.2717  C  0  0  0  0  0
    0.0867   -5.5483    6.9837  O  0  0  0  0  0
   -1.0101   -5.6222    4.2091  C  0  0  0  0  0
   -1.4263   -5.4338    2.8828  N  0  0  0  0  0
   -0.8071   -4.5840    1.9419  C  0  0  0  0  0
    1.0621   -2.4046    0.5523  C  0  0  0  0  0
    2.0158   -1.4281    0.2443  C  0  0  0  0  0
    2.9142   -0.9472    1.2218  C  0  0  0  0  0
    2.8840   -1.4292    2.5348  C  0  0  0  0  0
  1  9  1  0  0  0
  1  2  1  0  0  0
  2  6  1  0  0  0
  2  3  1  0  0  0
  3 20  2  0  0  0
  3  4  1  0  0  0
  4  5  1  0  0  0
  4 17  2  0  0  0
  5 16  1  0  0  0
  5  6  1  0  0  0
  6  7  2  0  0  0
  7  8  1  0  0  0
  7 14  1  0  0  0
  8 13  1  0  0  0
  8  9  2  0  0  0
  9 10  1  0  0  0
 10 11  2  0  0  0
 11 12  1  0  0  0
 12 13  1  0  0  0
 14 15  1  0  0  0
 15 16  1  0  0  0
 17 18  1  0  0  0
 18 19  2  0  0  0
 19 20  1  0  0  0
M  END
$$$$
