C12=CCCC1CC3C(C4C(CC3)CCC4)CC2
  -ISIS-

 17 20  0  0  0  0  0  0  0  0  1
   -5.8112    3.5517   -2.6715  C  0  0  0  0  0
   -6.9399    2.6202   -3.1142  C  0  0  0  0  0
   -6.3606    1.4319   -3.8537  C  0  0  0  0  0
   -7.3830    0.3221   -4.1122  C  0  0  0  0  0
   -6.5168   -0.9230   -4.2690  C  0  0  0  0  0
   -5.4735   -0.7451   -3.1697  C  0  0  0  0  0
   -5.1812    0.7759   -3.1153  C  0  0  0  0  0
   -4.9780    1.3104   -1.6715  C  0  0  0  0  0
   -4.8264    2.8720   -1.6304  C  0  0  0  0  0
   -4.8439    3.5280   -0.1898  C  0  0  0  0  0
   -4.0812    2.7930    0.9814  C  0  0  0  0  0
   -4.4680    1.3561    1.2605  C  0  0  0  0  0
   -3.9861    0.2340    0.4075  C  0  0  0  0  0
   -3.7492    0.6209   -1.0437  C  0  0  0  0  0
   -5.2001    1.1690    2.3656  C  0  0  0  0  0
   -5.2396    2.4660    3.0418  C  0  0  0  0  0
   -4.3607    3.4626    2.3517  C  0  0  0  0  0
  1  9  1  0  0  0
  1  2  1  0  0  0
  2  3  1  0  0  0
  3  7  1  0  0  0
  3  4  1  0  0  0
  4  5  1  0  0  0
  5  6  1  0  0  0
  6  7  1  0  0  0
  7  8  1  0  0  0
  8 14  1  0  0  0
  8  9  1  0  0  0
  9 10  1  0  0  0
 10 11  1  0  0  0
 11 17  1  0  0  0
 11 12  1  0  0  0
 12 13  1  0  0  0
 12 15  2  0  0  0
 13 14  1  0  0  0
 15 16  1  0  0  0
 16 17  1  0  0  0
M  END
$$$$
