C12=NNCCN1c3c(cccc3)N2
  -ISIS-

 13 15  0  0  0  0  0  0  0  0  1
   -6.5969   -2.4433    5.8557  N  0  0  0  0  0
   -5.6411   -3.3207    6.2877  C  0  0  0  0  0
   -4.4629   -2.6486    7.0004  C  0  0  0  0  0
   -4.5033   -1.2559    7.0862  N  0  0  0  0  0
   -5.5322   -0.4777    6.6013  N  0  0  0  0  0
   -6.5222   -1.0659    6.0202  C  0  0  0  0  0
   -7.6512   -0.4879    5.4680  N  0  0  0  0  0
   -8.4409   -1.5052    4.9430  C  0  0  0  0  0
   -9.6530   -1.4642    4.2877  C  0  0  0  0  0
  -10.2134   -2.6772    3.8692  C  0  0  0  0  0
   -9.5604   -3.9018    4.1096  C  0  0  0  0  0
   -8.3321   -3.9420    4.7737  C  0  0  0  0  0
   -7.7953   -2.7369    5.1785  C  0  0  0  0  0
  1  6  1  0  0  0
  1 13  1  0  0  0
  1  2  1  0  0  0
  2  3  1  0  0  0
  3  4  1  0  0  0
  4  5  1  0  0  0
  5  6  2  0  0  0
  6  7  1  0  0  0
  7  8  1  0  0  0
  8 13  2  0  0  0
  8  9  1  0  0  0
  9 10  2  0  0  0
 10 11  1  0  0  0
 11 12  2  0  0  0
 12 13  1  0  0  0
M  END
$$$$
