C12=C(C=NN1)CCOc3c2cccc3
  -ISIS-

 14 16  0  0  0  0  0  0  0  0  1
    1.1963    8.1883    4.4947  C  0  0  0  0  0
    0.9685    6.8199    4.2503  C  0  0  0  0  0
   -0.1889    6.2453    4.8147  C  0  0  0  0  0
   -1.0332    6.9959    5.6436  C  0  0  0  0  0
   -0.7761    8.3422    5.8823  C  0  0  0  0  0
    0.3334    8.9414    5.2990  C  0  0  0  0  0
   -0.5741    4.9349    4.6698  O  0  0  0  0  0
   -0.6087    4.5063    3.3042  C  0  0  0  0  0
    0.7011    3.8272    2.9314  C  0  0  0  0  0
    1.8429    4.7789    2.8828  C  0  0  0  0  0
    3.0869    4.5718    2.2479  C  0  0  0  0  0
    3.9121    5.6055    2.3972  N  0  0  0  0  0
    3.2036    6.4639    3.1465  N  0  0  0  0  0
    1.9311    6.0417    3.4517  C  0  0  0  0  0
  1  6  2  0  0  0
  1  2  1  0  0  0
  2 14  1  0  0  0
  2  3  2  0  0  0
  3  4  1  0  0  0
  3  7  1  0  0  0
  4  5  2  0  0  0
  5  6  1  0  0  0
  7  8  1  0  0  0
  8  9  1  0  0  0
  9 10  1  0  0  0
 10 14  2  0  0  0
 10 11  1  0  0  0
 11 12  2  0  0  0
 12 13  1  0  0  0
 13 14  1  0  0  0
M  END
$$$$
C12=C(C=NN1)CCOc3c2cccc3
  -ISIS-

 14 16  0  0  0  0  0  0  0  0  1
   -0.9207    6.5899    3.9814  C  0  0  0  0  0
   -0.3428    6.5511    5.2457  C  0  0  0  0  0
    0.5038    5.4912    5.6036  C  0  0  0  0  0
    0.7991    4.4462    4.7087  C  0  0  0  0  0
    0.2411    4.5271    3.4186  C  0  0  0  0  0
   -0.6273    5.5722    3.0761  C  0  0  0  0  0
    0.4302    3.6070    2.4162  O  0  0  0  0  0
    1.8107    3.3176    2.1713  C  0  0  0  0  0
    2.2343    2.0790    2.9474  C  0  0  0  0  0
    2.2620    2.3081    4.4168  C  0  0  0  0  0
    1.6431    3.3189    5.1391  C  0  0  0  0  0
    1.9502    3.0372    6.4493  N  0  0  0  0  0
    2.7463    1.9709    6.6195  N  0  0  0  0  0
    2.9249    1.5178    5.3808  C  0  0  0  0  0
  1  6  2  0  0  0
  1  2  1  0  0  0
  2  3  2  0  0  0
  3  4  1  0  0  0
  4 11  1  0  0  0
  4  5  2  0  0  0
  5  6  1  0  0  0
  5  7  1  0  0  0
  7  8  1  0  0  0
  8  9  1  0  0  0
  9 10  1  0  0  0
 10 14  1  0  0  0
 10 11  2  0  0  0
 11 12  1  0  0  0
 12 13  1  0  0  0
 13 14  2  0  0  0
M  END
$$$$
