C12=NN=CCN1CCN2
  -ISIS-

  9 10  0  0  0  0  0  0  0  0  1
   -2.7953    3.5530    1.0909  N  0  0  0  0  0
   -3.7567    4.4214    1.1812  C  0  0  0  0  0
   -4.8646    4.3060    2.2007  C  0  0  0  0  0
   -4.7219    3.2319    3.0153  N  0  0  0  0  0
   -3.7071    2.3262    2.8546  C  0  0  0  0  0
   -2.7814    2.4490    1.9635  N  0  0  0  0  0
   -3.8547    1.3262    3.7891  N  0  0  0  0  0
   -4.8567    1.7069    4.7825  C  0  0  0  0  0
   -5.6190    2.8310    4.0713  C  0  0  0  0  0
  1  6  1  0  0  0
  1  2  2  0  0  0
  2  3  1  0  0  0
  3  4  1  0  0  0
  4  9  1  0  0  0
  4  5  1  0  0  0
  5  6  2  0  0  0
  5  7  1  0  0  0
  7  8  1  0  0  0
  8  9  1  0  0  0
M  END
$$$$
C12=NN=CCN1CCN2
  -ISIS-

  9 10  0  0  0  0  0  0  0  0  1
   -2.7953    3.5530    1.0909  N  0  0  0  0  0
   -3.7567    4.4214    1.1812  C  0  0  0  0  0
   -4.8646    4.3060    2.2007  C  0  0  0  0  0
   -4.7219    3.2319    3.0153  N  0  0  0  0  0
   -3.7071    2.3262    2.8546  C  0  0  0  0  0
   -2.7814    2.4490    1.9635  N  0  0  0  0  0
   -3.8547    1.3262    3.7891  N  0  0  0  0  0
   -4.8567    1.7069    4.7825  C  0  0  0  0  0
   -5.6190    2.8310    4.0713  C  0  0  0  0  0
  1  6  1  0  0  0
  1  2  2  0  0  0
  2  3  1  0  0  0
  3  4  1  0  0  0
  4  9  1  0  0  0
  4  5  1  0  0  0
  5  6  2  0  0  0
  5  7  1  0  0  0
  7  8  1  0  0  0
  8  9  1  0  0  0
M  END
$$$$
C12=NN=CCN1CCN2
  -ISIS-

  9 10  0  0  0  0  0  0  0  0  1
   -2.7953    3.5530    1.0909  N  0  0  0  0  0
   -3.7567    4.4214    1.1812  C  0  0  0  0  0
   -4.8646    4.3060    2.2007  C  0  0  0  0  0
   -4.7219    3.2319    3.0153  N  0  0  0  0  0
   -3.7071    2.3262    2.8546  C  0  0  0  0  0
   -2.7814    2.4490    1.9635  N  0  0  0  0  0
   -3.8547    1.3262    3.7891  N  0  0  0  0  0
   -4.8567    1.7069    4.7825  C  0  0  0  0  0
   -5.6190    2.8310    4.0713  C  0  0  0  0  0
  1  6  1  0  0  0
  1  2  2  0  0  0
  2  3  1  0  0  0
  3  4  1  0  0  0
  4  9  1  0  0  0
  4  5  1  0  0  0
  5  6  2  0  0  0
  5  7  1  0  0  0
  7  8  1  0  0  0
  8  9  1  0  0  0
M  END
$$$$
