C12=C(C3N(CC4C(C=CCC4)C3)CC1)Nc5c2cccc5
  -ISIS-

 21 25  0  0  0  0  0  0  0  0  1
   -0.8308    1.7639   -4.6206  C  0  0  0  0  0
    0.0191    2.7978   -4.4624  C  0  0  0  0  0
    0.4059    3.3696   -3.1307  C  0  0  0  0  0
    0.0391    2.4494   -1.9657  C  0  0  0  0  0
   -1.3833    1.9096   -2.1372  C  0  0  0  0  0
   -1.7960    1.0418   -0.9482  C  0  0  0  0  0
   -3.0826    0.3007   -1.2150  N  0  0  0  0  0
   -2.9382   -1.2311   -1.2234  C  0  0  0  0  0
   -4.3149   -1.9154   -1.1018  C  0  0  0  0  0
   -5.3200   -1.2536   -1.9785  C  0  0  0  0  0
   -5.1038   -0.0131   -2.5462  C  0  0  0  0  0
   -3.8796    0.8190   -2.4055  C  0  0  0  0  0
   -3.0242    0.8094   -3.6804  C  0  0  0  0  0
   -1.5263    1.1029   -3.4429  C  0  0  0  0  0
   -6.2102    0.3154   -3.2849  N  0  0  0  0  0
   -7.1466   -0.6917   -3.1891  C  0  0  0  0  0
   -8.4189   -0.7896   -3.7644  C  0  0  0  0  0
   -9.1650   -1.9405   -3.4956  C  0  0  0  0  0
   -8.6574   -2.9525   -2.6846  C  0  0  0  0  0
   -7.3830   -2.8417   -2.1172  C  0  0  0  0  0
   -6.6118   -1.6915   -2.3734  C  0  0  0  0  0
  1 14  1  0  0  0
  1  2  2  0  0  0
  2  3  1  0  0  0
  3  4  1  0  0  0
  4  5  1  0  0  0
  5 14  1  0  0  0
  5  6  1  0  0  0
  6  7  1  0  0  0
  7 12  1  0  0  0
  7  8  1  0  0  0
  8  9  1  0  0  0
  9 10  1  0  0  0
 10 21  1  0  0  0
 10 11  2  0  0  0
 11 12  1  0  0  0
 11 15  1  0  0  0
 12 13  1  0  0  0
 13 14  1  0  0  0
 15 16  1  0  0  0
 16 21  2  0  0  0
 16 17  1  0  0  0
 17 18  2  0  0  0
 18 19  1  0  0  0
 19 20  2  0  0  0
 20 21  1  0  0  0
M  END
$$$$
