C12=C(COc3c1cccc3)CCO2
  -ISIS-

 13 15  0  0  0  0  0  0  0  0  1
    6.9332    1.1665   -1.1144  C  0  0  0  0  0
    7.8623    1.1133   -0.0548  C  0  0  0  0  0
    7.4454    1.1058    1.2780  C  0  0  0  0  0
    6.0906    1.1510    1.5776  C  0  0  0  0  0
    5.1702    1.2028    0.5330  C  0  0  0  0  0
    5.5573    1.2114   -0.8161  C  0  0  0  0  0
    4.4647    1.2699   -1.7775  C  0  0  0  0  0
    3.1880    1.3032   -1.4179  C  0  0  0  0  0
    2.7734    1.2924   -0.0181  C  0  0  0  0  0
    3.8052    1.2469    0.9123  O  0  0  0  0  0
    2.3045    1.2957   -2.6305  C  0  0  0  0  0
    3.4020    1.5930   -3.7036  C  0  0  0  0  0
    4.6949    1.2482   -3.1404  O  0  0  0  0  0
  1  6  2  0  0  0
  1  2  1  0  0  0
  2  3  2  0  0  0
  3  4  1  0  0  0
  4  5  2  0  0  0
  5 10  1  0  0  0
  5  6  1  0  0  0
  6  7  1  0  0  0
  7 13  1  0  0  0
  7  8  2  0  0  0
  8  9  1  0  0  0
  8 11  1  0  0  0
  9 10  1  0  0  0
 11 12  1  0  0  0
 12 13  1  0  0  0
M  END
$$$$
C12=C(COc3c1cccc3)CCO2
  -ISIS-

 13 15  0  0  0  0  0  0  0  0  1
    6.9332    1.1665   -1.1144  C  0  0  0  0  0
    7.8623    1.1133   -0.0548  C  0  0  0  0  0
    7.4454    1.1058    1.2780  C  0  0  0  0  0
    6.0906    1.1510    1.5776  C  0  0  0  0  0
    5.1702    1.2028    0.5330  C  0  0  0  0  0
    5.5573    1.2114   -0.8161  C  0  0  0  0  0
    4.4647    1.2699   -1.7775  C  0  0  0  0  0
    3.1880    1.3032   -1.4179  C  0  0  0  0  0
    2.7734    1.2924   -0.0181  C  0  0  0  0  0
    3.8052    1.2469    0.9123  O  0  0  0  0  0
    2.3045    1.2957   -2.6305  C  0  0  0  0  0
    3.4020    1.5930   -3.7036  C  0  0  0  0  0
    4.6949    1.2482   -3.1404  O  0  0  0  0  0
  1  6  2  0  0  0
  1  2  1  0  0  0
  2  3  2  0  0  0
  3  4  1  0  0  0
  4  5  2  0  0  0
  5 10  1  0  0  0
  5  6  1  0  0  0
  6  7  1  0  0  0
  7 13  1  0  0  0
  7  8  2  0  0  0
  8  9  1  0  0  0
  8 11  1  0  0  0
  9 10  1  0  0  0
 11 12  1  0  0  0
 12 13  1  0  0  0
M  END
$$$$
C12=C(COc3c1cccc3)CCO2
  -ISIS-

 13 15  0  0  0  0  0  0  0  0  1
    6.9332    1.1665   -1.1144  C  0  0  0  0  0
    7.8623    1.1133   -0.0548  C  0  0  0  0  0
    7.4454    1.1058    1.2780  C  0  0  0  0  0
    6.0906    1.1510    1.5776  C  0  0  0  0  0
    5.1702    1.2028    0.5330  C  0  0  0  0  0
    5.5573    1.2114   -0.8161  C  0  0  0  0  0
    4.4647    1.2699   -1.7775  C  0  0  0  0  0
    3.1880    1.3032   -1.4179  C  0  0  0  0  0
    2.7734    1.2924   -0.0181  C  0  0  0  0  0
    3.8052    1.2469    0.9123  O  0  0  0  0  0
    2.3045    1.2957   -2.6305  C  0  0  0  0  0
    3.4020    1.5930   -3.7036  C  0  0  0  0  0
    4.6949    1.2482   -3.1404  O  0  0  0  0  0
  1  6  2  0  0  0
  1  2  1  0  0  0
  2  3  2  0  0  0
  3  4  1  0  0  0
  4  5  2  0  0  0
  5 10  1  0  0  0
  5  6  1  0  0  0
  6  7  1  0  0  0
  7 13  1  0  0  0
  7  8  2  0  0  0
  8  9  1  0  0  0
  8 11  1  0  0  0
  9 10  1  0  0  0
 11 12  1  0  0  0
 12 13  1  0  0  0
M  END
$$$$
C12=C(COc3c1cccc3)CCO2
  -ISIS-

 13 15  0  0  0  0  0  0  0  0  1
    6.9332    1.1665   -1.1144  C  0  0  0  0  0
    7.8623    1.1133   -0.0548  C  0  0  0  0  0
    7.4454    1.1058    1.2780  C  0  0  0  0  0
    6.0906    1.1510    1.5776  C  0  0  0  0  0
    5.1702    1.2028    0.5330  C  0  0  0  0  0
    5.5573    1.2114   -0.8161  C  0  0  0  0  0
    4.4647    1.2699   -1.7775  C  0  0  0  0  0
    3.1880    1.3032   -1.4179  C  0  0  0  0  0
    2.7734    1.2924   -0.0181  C  0  0  0  0  0
    3.8052    1.2469    0.9123  O  0  0  0  0  0
    2.3045    1.2957   -2.6305  C  0  0  0  0  0
    3.4020    1.5930   -3.7036  C  0  0  0  0  0
    4.6949    1.2482   -3.1404  O  0  0  0  0  0
  1  6  2  0  0  0
  1  2  1  0  0  0
  2  3  2  0  0  0
  3  4  1  0  0  0
  4  5  2  0  0  0
  5 10  1  0  0  0
  5  6  1  0  0  0
  6  7  1  0  0  0
  7 13  1  0  0  0
  7  8  2  0  0  0
  8  9  1  0  0  0
  8 11  1  0  0  0
  9 10  1  0  0  0
 11 12  1  0  0  0
 12 13  1  0  0  0
M  END
$$$$
C12=C(COc3c1cccc3)CCO2
  -ISIS-

 13 15  0  0  0  0  0  0  0  0  1
    3.7781    1.2867   -0.2514  C  0  0  0  0  0
    3.5955    1.5964    1.1631  O  0  0  0  0  0
    3.5902    2.9753    1.1924  C  0  0  0  0  0
    3.9516    3.5892    0.0759  C  0  0  0  0  0
    4.2970    2.5843   -0.9774  C  0  0  0  0  0
    4.0279    5.0470   -0.0154  C  0  0  0  0  0
    3.6616    5.7500    1.1320  O  0  0  0  0  0
    3.2783    5.0924    2.3254  C  0  0  0  0  0
    2.9522    5.8889    3.4199  C  0  0  0  0  0
    2.5760    5.2739    4.6131  C  0  0  0  0  0
    2.5302    3.8791    4.6990  C  0  0  0  0  0
    2.8597    3.0912    3.5913  C  0  0  0  0  0
    3.2372    3.6985    2.3932  C  0  0  0  0  0
  1  5  1  0  0  0
  1  2  1  0  0  0
  2  3  1  0  0  0
  3 13  1  0  0  0
  3  4  2  0  0  0
  4  5  1  0  0  0
  4  6  1  0  0  0
  6  7  1  0  0  0
  7  8  1  0  0  0
  8 13  2  0  0  0
  8  9  1  0  0  0
  9 10  2  0  0  0
 10 11  1  0  0  0
 11 12  2  0  0  0
 12 13  1  0  0  0
M  END
$$$$
C12=C(COc3c1cccc3)CCO2
  -ISIS-

 13 15  0  0  0  0  0  0  0  0  1
    3.7781    1.2867   -0.2514  C  0  0  0  0  0
    3.5955    1.5964    1.1631  O  0  0  0  0  0
    3.5902    2.9753    1.1924  C  0  0  0  0  0
    3.9516    3.5892    0.0759  C  0  0  0  0  0
    4.2970    2.5843   -0.9774  C  0  0  0  0  0
    4.0279    5.0470   -0.0154  C  0  0  0  0  0
    3.6616    5.7500    1.1320  O  0  0  0  0  0
    3.2783    5.0924    2.3254  C  0  0  0  0  0
    2.9522    5.8889    3.4199  C  0  0  0  0  0
    2.5760    5.2739    4.6131  C  0  0  0  0  0
    2.5302    3.8791    4.6990  C  0  0  0  0  0
    2.8597    3.0912    3.5913  C  0  0  0  0  0
    3.2372    3.6985    2.3932  C  0  0  0  0  0
  1  5  1  0  0  0
  1  2  1  0  0  0
  2  3  1  0  0  0
  3 13  1  0  0  0
  3  4  2  0  0  0
  4  5  1  0  0  0
  4  6  1  0  0  0
  6  7  1  0  0  0
  7  8  1  0  0  0
  8 13  2  0  0  0
  8  9  1  0  0  0
  9 10  2  0  0  0
 10 11  1  0  0  0
 11 12  2  0  0  0
 12 13  1  0  0  0
M  END
$$$$
C12=C(COc3c1cccc3)CCO2
  -ISIS-

 13 15  0  0  0  0  0  0  0  0  1
    3.7781    1.2867   -0.2514  C  0  0  0  0  0
    3.5955    1.5964    1.1631  O  0  0  0  0  0
    3.5902    2.9753    1.1924  C  0  0  0  0  0
    3.9516    3.5892    0.0759  C  0  0  0  0  0
    4.2970    2.5843   -0.9774  C  0  0  0  0  0
    4.0279    5.0470   -0.0154  C  0  0  0  0  0
    3.6616    5.7500    1.1320  O  0  0  0  0  0
    3.2783    5.0924    2.3254  C  0  0  0  0  0
    2.9522    5.8889    3.4199  C  0  0  0  0  0
    2.5760    5.2739    4.6131  C  0  0  0  0  0
    2.5302    3.8791    4.6990  C  0  0  0  0  0
    2.8597    3.0912    3.5913  C  0  0  0  0  0
    3.2372    3.6985    2.3932  C  0  0  0  0  0
  1  5  1  0  0  0
  1  2  1  0  0  0
  2  3  1  0  0  0
  3 13  1  0  0  0
  3  4  2  0  0  0
  4  5  1  0  0  0
  4  6  1  0  0  0
  6  7  1  0  0  0
  7  8  1  0  0  0
  8 13  2  0  0  0
  8  9  1  0  0  0
  9 10  2  0  0  0
 10 11  1  0  0  0
 11 12  2  0  0  0
 12 13  1  0  0  0
M  END
$$$$
C12=C(COc3c1cccc3)CCO2
  -ISIS-

 13 15  0  0  0  0  0  0  0  0  1
    7.7267    2.9366   -3.0527  C  0  0  0  0  0
    7.5586    1.4932   -2.9760  C  0  0  0  0  0
    8.6698    0.7407   -3.3595  O  0  0  0  0  0
    9.8519    1.3438   -3.8570  C  0  0  0  0  0
   10.8919    0.4989   -4.2335  C  0  0  0  0  0
   12.0649    1.0581   -4.7375  C  0  0  0  0  0
   12.1848    2.4459   -4.8596  C  0  0  0  0  0
   11.1325    3.2843   -4.4770  C  0  0  0  0  0
    9.9553    2.7332   -3.9708  C  0  0  0  0  0
    8.8137    3.5078   -3.5379  C  0  0  0  0  0
    8.7930    4.8831   -3.6342  O  0  0  0  0  0
    7.5099    5.1731   -3.2270  C  0  0  0  0  0
    6.7427    3.9665   -2.6841  C  0  0  0  0  0
  1 10  2  0  0  0
  1 13  1  0  0  0
  1  2  1  0  0  0
  2  3  1  0  0  0
  3  4  1  0  0  0
  4  9  2  0  0  0
  4  5  1  0  0  0
  5  6  2  0  0  0
  6  7  1  0  0  0
  7  8  2  0  0  0
  8  9  1  0  0  0
  9 10  1  0  0  0
 10 11  1  0  0  0
 11 12  1  0  0  0
 12 13  1  0  0  0
M  END
$$$$
C12=C(COc3c1cccc3)CCO2
  -ISIS-

 13 15  0  0  0  0  0  0  0  0  1
    7.7267    2.9366   -3.0527  C  0  0  0  0  0
    7.5586    1.4932   -2.9760  C  0  0  0  0  0
    8.6698    0.7407   -3.3595  O  0  0  0  0  0
    9.8519    1.3438   -3.8570  C  0  0  0  0  0
   10.8919    0.4989   -4.2335  C  0  0  0  0  0
   12.0649    1.0581   -4.7375  C  0  0  0  0  0
   12.1848    2.4459   -4.8596  C  0  0  0  0  0
   11.1325    3.2843   -4.4770  C  0  0  0  0  0
    9.9553    2.7332   -3.9708  C  0  0  0  0  0
    8.8137    3.5078   -3.5379  C  0  0  0  0  0
    8.7930    4.8831   -3.6342  O  0  0  0  0  0
    7.5099    5.1731   -3.2270  C  0  0  0  0  0
    6.7427    3.9665   -2.6841  C  0  0  0  0  0
  1 10  2  0  0  0
  1 13  1  0  0  0
  1  2  1  0  0  0
  2  3  1  0  0  0
  3  4  1  0  0  0
  4  9  2  0  0  0
  4  5  1  0  0  0
  5  6  2  0  0  0
  6  7  1  0  0  0
  7  8  2  0  0  0
  8  9  1  0  0  0
  9 10  1  0  0  0
 10 11  1  0  0  0
 11 12  1  0  0  0
 12 13  1  0  0  0
M  END
$$$$
C12=C(COc3c1cccc3)CCO2
  -ISIS-

 13 15  0  0  0  0  0  0  0  0  1
    7.7267    2.9366   -3.0527  C  0  0  0  0  0
    7.5586    1.4932   -2.9760  C  0  0  0  0  0
    8.6698    0.7407   -3.3595  O  0  0  0  0  0
    9.8519    1.3438   -3.8570  C  0  0  0  0  0
   10.8919    0.4989   -4.2335  C  0  0  0  0  0
   12.0649    1.0581   -4.7375  C  0  0  0  0  0
   12.1848    2.4459   -4.8596  C  0  0  0  0  0
   11.1325    3.2843   -4.4770  C  0  0  0  0  0
    9.9553    2.7332   -3.9708  C  0  0  0  0  0
    8.8137    3.5078   -3.5379  C  0  0  0  0  0
    8.7930    4.8831   -3.6342  O  0  0  0  0  0
    7.5099    5.1731   -3.2270  C  0  0  0  0  0
    6.7427    3.9665   -2.6841  C  0  0  0  0  0
  1 10  2  0  0  0
  1 13  1  0  0  0
  1  2  1  0  0  0
  2  3  1  0  0  0
  3  4  1  0  0  0
  4  9  2  0  0  0
  4  5  1  0  0  0
  5  6  2  0  0  0
  6  7  1  0  0  0
  7  8  2  0  0  0
  8  9  1  0  0  0
  9 10  1  0  0  0
 10 11  1  0  0  0
 11 12  1  0  0  0
 12 13  1  0  0  0
M  END
$$$$
