C12=C(OC=CC13c4c5c(ccc4)CCCN5C3)NN=C2
  -ISIS-

 20 24  0  0  0  0  0  0  0  0  1
    1.6580   -4.2128    5.5874  C  0  0  0  0  0
    2.3396   -3.0990    5.0868  N  0  0  0  0  0
    2.2323   -3.0381    3.6924  C  0  0  0  0  0
    1.5712   -4.1634    3.1826  C  0  0  0  0  0
    1.1876   -5.0435    4.3591  C  0  0  0  0  0
   -0.2964   -5.1785    4.3539  C  0  0  0  0  0
   -0.8571   -6.4275    4.4285  C  0  0  0  0  0
   -0.2408   -7.6009    4.4950  O  0  0  0  0  0
    1.1657   -7.5753    4.4841  C  0  0  0  0  0
    1.8686   -6.4109    4.4075  C  0  0  0  0  0
   -2.2030   -6.2601    4.4351  N  0  0  0  0  0
   -2.5657   -4.9653    4.3454  N  0  0  0  0  0
   -1.4022   -4.2934    4.3222  C  0  0  0  0  0
    1.3691   -4.2933    1.8047  C  0  0  0  0  0
    1.7887   -3.2188    0.9813  C  0  0  0  0  0
    2.4393   -2.0907    1.5415  C  0  0  0  0  0
    2.6874   -1.9898    2.9125  C  0  0  0  0  0
    3.3247   -0.7917    3.5776  C  0  0  0  0  0
    3.9087   -1.1947    4.9479  C  0  0  0  0  0
    2.9139   -1.9797    5.8483  C  0  0  0  0  0
  1  5  1  0  0  0
  1  2  1  0  0  0
  2 20  1  0  0  0
  2  3  1  0  0  0
  3 17  2  0  0  0
  3  4  1  0  0  0
  4  5  1  0  0  0
  4 14  2  0  0  0
  5 10  1  0  0  0
  5  6  1  0  0  0
  6 13  1  0  0  0
  6  7  2  0  0  0
  7  8  1  0  0  0
  7 11  1  0  0  0
  8  9  1  0  0  0
  9 10  2  0  0  0
 11 12  1  0  0  0
 12 13  2  0  0  0
 14 15  1  0  0  0
 15 16  2  0  0  0
 16 17  1  0  0  0
 17 18  1  0  0  0
 18 19  1  0  0  0
 19 20  1  0  0  0
M  END
$$$$
C12=C(OC=CC13c4c5c(ccc4)CCCN5C3)NN=C2
  -ISIS-

 20 24  0  0  0  0  0  0  0  0  1
    1.6580   -4.2128    5.5874  C  0  0  0  0  0
    2.3396   -3.0990    5.0868  N  0  0  0  0  0
    2.2323   -3.0381    3.6924  C  0  0  0  0  0
    1.5712   -4.1634    3.1826  C  0  0  0  0  0
    1.1876   -5.0435    4.3591  C  0  0  0  0  0
   -0.2964   -5.1785    4.3539  C  0  0  0  0  0
   -0.8571   -6.4275    4.4285  C  0  0  0  0  0
   -0.2408   -7.6009    4.4950  O  0  0  0  0  0
    1.1657   -7.5753    4.4841  C  0  0  0  0  0
    1.8686   -6.4109    4.4075  C  0  0  0  0  0
   -2.2030   -6.2601    4.4351  N  0  0  0  0  0
   -2.5657   -4.9653    4.3454  N  0  0  0  0  0
   -1.4022   -4.2934    4.3222  C  0  0  0  0  0
    1.3691   -4.2933    1.8047  C  0  0  0  0  0
    1.7887   -3.2188    0.9813  C  0  0  0  0  0
    2.4393   -2.0907    1.5415  C  0  0  0  0  0
    2.6874   -1.9898    2.9125  C  0  0  0  0  0
    3.3247   -0.7917    3.5776  C  0  0  0  0  0
    3.9087   -1.1947    4.9479  C  0  0  0  0  0
    2.9139   -1.9797    5.8483  C  0  0  0  0  0
  1  5  1  0  0  0
  1  2  1  0  0  0
  2 20  1  0  0  0
  2  3  1  0  0  0
  3 17  2  0  0  0
  3  4  1  0  0  0
  4  5  1  0  0  0
  4 14  2  0  0  0
  5 10  1  0  0  0
  5  6  1  0  0  0
  6 13  1  0  0  0
  6  7  2  0  0  0
  7  8  1  0  0  0
  7 11  1  0  0  0
  8  9  1  0  0  0
  9 10  2  0  0  0
 11 12  1  0  0  0
 12 13  2  0  0  0
 14 15  1  0  0  0
 15 16  2  0  0  0
 16 17  1  0  0  0
 17 18  1  0  0  0
 18 19  1  0  0  0
 19 20  1  0  0  0
M  END
$$$$
C12=C(OC=CC13c4c5c(ccc4)CCCN5C3)NN=C2
  -ISIS-

 20 24  0  0  0  0  0  0  0  0  1
    1.6580   -4.2128    5.5874  C  0  0  0  0  0
    2.3396   -3.0990    5.0868  N  0  0  0  0  0
    2.2323   -3.0381    3.6924  C  0  0  0  0  0
    1.5712   -4.1634    3.1826  C  0  0  0  0  0
    1.1876   -5.0435    4.3591  C  0  0  0  0  0
   -0.2964   -5.1785    4.3539  C  0  0  0  0  0
   -0.8571   -6.4275    4.4285  C  0  0  0  0  0
   -0.2408   -7.6009    4.4950  O  0  0  0  0  0
    1.1657   -7.5753    4.4841  C  0  0  0  0  0
    1.8686   -6.4109    4.4075  C  0  0  0  0  0
   -2.2030   -6.2601    4.4351  N  0  0  0  0  0
   -2.5657   -4.9653    4.3454  N  0  0  0  0  0
   -1.4022   -4.2934    4.3222  C  0  0  0  0  0
    1.3691   -4.2933    1.8047  C  0  0  0  0  0
    1.7887   -3.2188    0.9813  C  0  0  0  0  0
    2.4393   -2.0907    1.5415  C  0  0  0  0  0
    2.6874   -1.9898    2.9125  C  0  0  0  0  0
    3.3247   -0.7917    3.5776  C  0  0  0  0  0
    3.9087   -1.1947    4.9479  C  0  0  0  0  0
    2.9139   -1.9797    5.8483  C  0  0  0  0  0
  1  5  1  0  0  0
  1  2  1  0  0  0
  2 20  1  0  0  0
  2  3  1  0  0  0
  3 17  2  0  0  0
  3  4  1  0  0  0
  4  5  1  0  0  0
  4 14  2  0  0  0
  5 10  1  0  0  0
  5  6  1  0  0  0
  6 13  1  0  0  0
  6  7  2  0  0  0
  7  8  1  0  0  0
  7 11  1  0  0  0
  8  9  1  0  0  0
  9 10  2  0  0  0
 11 12  1  0  0  0
 12 13  2  0  0  0
 14 15  1  0  0  0
 15 16  2  0  0  0
 16 17  1  0  0  0
 17 18  1  0  0  0
 18 19  1  0  0  0
 19 20  1  0  0  0
M  END
$$$$
C12=C(OC=CC13c4c5c(ccc4)CCCN5C3)NN=C2
  -ISIS-

 20 24  0  0  0  0  0  0  0  0  1
    1.6580   -4.2128    5.5874  C  0  0  0  0  0
    2.3396   -3.0990    5.0868  N  0  0  0  0  0
    2.2323   -3.0381    3.6924  C  0  0  0  0  0
    1.5712   -4.1634    3.1826  C  0  0  0  0  0
    1.1876   -5.0435    4.3591  C  0  0  0  0  0
   -0.2964   -5.1785    4.3539  C  0  0  0  0  0
   -0.8571   -6.4275    4.4285  C  0  0  0  0  0
   -0.2408   -7.6009    4.4950  O  0  0  0  0  0
    1.1657   -7.5753    4.4841  C  0  0  0  0  0
    1.8686   -6.4109    4.4075  C  0  0  0  0  0
   -2.2030   -6.2601    4.4351  N  0  0  0  0  0
   -2.5657   -4.9653    4.3454  N  0  0  0  0  0
   -1.4022   -4.2934    4.3222  C  0  0  0  0  0
    1.3691   -4.2933    1.8047  C  0  0  0  0  0
    1.7887   -3.2188    0.9813  C  0  0  0  0  0
    2.4393   -2.0907    1.5415  C  0  0  0  0  0
    2.6874   -1.9898    2.9125  C  0  0  0  0  0
    3.3247   -0.7917    3.5776  C  0  0  0  0  0
    3.9087   -1.1947    4.9479  C  0  0  0  0  0
    2.9139   -1.9797    5.8483  C  0  0  0  0  0
  1  5  1  0  0  0
  1  2  1  0  0  0
  2 20  1  0  0  0
  2  3  1  0  0  0
  3 17  2  0  0  0
  3  4  1  0  0  0
  4  5  1  0  0  0
  4 14  2  0  0  0
  5 10  1  0  0  0
  5  6  1  0  0  0
  6 13  1  0  0  0
  6  7  2  0  0  0
  7  8  1  0  0  0
  7 11  1  0  0  0
  8  9  1  0  0  0
  9 10  2  0  0  0
 11 12  1  0  0  0
 12 13  2  0  0  0
 14 15  1  0  0  0
 15 16  2  0  0  0
 16 17  1  0  0  0
 17 18  1  0  0  0
 18 19  1  0  0  0
 19 20  1  0  0  0
M  END
$$$$
C12=C(OC=CC13c4c5c(ccc4)CCCN5C3)NN=C2
  -ISIS-

 20 24  0  0  0  0  0  0  0  0  1
    1.6580   -4.2128    5.5874  C  0  0  0  0  0
    2.3396   -3.0990    5.0868  N  0  0  0  0  0
    2.2323   -3.0381    3.6924  C  0  0  0  0  0
    1.5712   -4.1634    3.1826  C  0  0  0  0  0
    1.1876   -5.0435    4.3591  C  0  0  0  0  0
   -0.2964   -5.1785    4.3539  C  0  0  0  0  0
   -0.8571   -6.4275    4.4285  C  0  0  0  0  0
   -0.2408   -7.6009    4.4950  O  0  0  0  0  0
    1.1657   -7.5753    4.4841  C  0  0  0  0  0
    1.8686   -6.4109    4.4075  C  0  0  0  0  0
   -2.2030   -6.2601    4.4351  N  0  0  0  0  0
   -2.5657   -4.9653    4.3454  N  0  0  0  0  0
   -1.4022   -4.2934    4.3222  C  0  0  0  0  0
    1.3691   -4.2933    1.8047  C  0  0  0  0  0
    1.7887   -3.2188    0.9813  C  0  0  0  0  0
    2.4393   -2.0907    1.5415  C  0  0  0  0  0
    2.6874   -1.9898    2.9125  C  0  0  0  0  0
    3.3247   -0.7917    3.5776  C  0  0  0  0  0
    3.9087   -1.1947    4.9479  C  0  0  0  0  0
    2.9139   -1.9797    5.8483  C  0  0  0  0  0
  1  5  1  0  0  0
  1  2  1  0  0  0
  2 20  1  0  0  0
  2  3  1  0  0  0
  3 17  2  0  0  0
  3  4  1  0  0  0
  4  5  1  0  0  0
  4 14  2  0  0  0
  5 10  1  0  0  0
  5  6  1  0  0  0
  6 13  1  0  0  0
  6  7  2  0  0  0
  7  8  1  0  0  0
  7 11  1  0  0  0
  8  9  1  0  0  0
  9 10  2  0  0  0
 11 12  1  0  0  0
 12 13  2  0  0  0
 14 15  1  0  0  0
 15 16  2  0  0  0
 16 17  1  0  0  0
 17 18  1  0  0  0
 18 19  1  0  0  0
 19 20  1  0  0  0
M  END
$$$$
C12=C(OC=CC13c4c5c(ccc4)CCCN5C3)NN=C2
  -ISIS-

 20 24  0  0  0  0  0  0  0  0  1
    1.6580   -4.2128    5.5874  C  0  0  0  0  0
    2.3396   -3.0990    5.0868  N  0  0  0  0  0
    2.2323   -3.0381    3.6924  C  0  0  0  0  0
    1.5712   -4.1634    3.1826  C  0  0  0  0  0
    1.1876   -5.0435    4.3591  C  0  0  0  0  0
   -0.2964   -5.1785    4.3539  C  0  0  0  0  0
   -0.8571   -6.4275    4.4285  C  0  0  0  0  0
   -0.2408   -7.6009    4.4950  O  0  0  0  0  0
    1.1657   -7.5753    4.4841  C  0  0  0  0  0
    1.8686   -6.4109    4.4075  C  0  0  0  0  0
   -2.2030   -6.2601    4.4351  N  0  0  0  0  0
   -2.5657   -4.9653    4.3454  N  0  0  0  0  0
   -1.4022   -4.2934    4.3222  C  0  0  0  0  0
    1.3691   -4.2933    1.8047  C  0  0  0  0  0
    1.7887   -3.2188    0.9813  C  0  0  0  0  0
    2.4393   -2.0907    1.5415  C  0  0  0  0  0
    2.6874   -1.9898    2.9125  C  0  0  0  0  0
    3.3247   -0.7917    3.5776  C  0  0  0  0  0
    3.9087   -1.1947    4.9479  C  0  0  0  0  0
    2.9139   -1.9797    5.8483  C  0  0  0  0  0
  1  5  1  0  0  0
  1  2  1  0  0  0
  2 20  1  0  0  0
  2  3  1  0  0  0
  3 17  2  0  0  0
  3  4  1  0  0  0
  4  5  1  0  0  0
  4 14  2  0  0  0
  5 10  1  0  0  0
  5  6  1  0  0  0
  6 13  1  0  0  0
  6  7  2  0  0  0
  7  8  1  0  0  0
  7 11  1  0  0  0
  8  9  1  0  0  0
  9 10  2  0  0  0
 11 12  1  0  0  0
 12 13  2  0  0  0
 14 15  1  0  0  0
 15 16  2  0  0  0
 16 17  1  0  0  0
 17 18  1  0  0  0
 18 19  1  0  0  0
 19 20  1  0  0  0
M  END
$$$$
C12=C(OC=CC13c4c5c(ccc4)CCCN5C3)NN=C2
  -ISIS-

 20 24  0  0  0  0  0  0  0  0  1
    1.6580   -4.2128    5.5874  C  0  0  0  0  0
    2.3396   -3.0990    5.0868  N  0  0  0  0  0
    2.2323   -3.0381    3.6924  C  0  0  0  0  0
    1.5712   -4.1634    3.1826  C  0  0  0  0  0
    1.1876   -5.0435    4.3591  C  0  0  0  0  0
   -0.2964   -5.1785    4.3539  C  0  0  0  0  0
   -0.8571   -6.4275    4.4285  C  0  0  0  0  0
   -0.2408   -7.6009    4.4950  O  0  0  0  0  0
    1.1657   -7.5753    4.4841  C  0  0  0  0  0
    1.8686   -6.4109    4.4075  C  0  0  0  0  0
   -2.2030   -6.2601    4.4351  N  0  0  0  0  0
   -2.5657   -4.9653    4.3454  N  0  0  0  0  0
   -1.4022   -4.2934    4.3222  C  0  0  0  0  0
    1.3691   -4.2933    1.8047  C  0  0  0  0  0
    1.7887   -3.2188    0.9813  C  0  0  0  0  0
    2.4393   -2.0907    1.5415  C  0  0  0  0  0
    2.6874   -1.9898    2.9125  C  0  0  0  0  0
    3.3247   -0.7917    3.5776  C  0  0  0  0  0
    3.9087   -1.1947    4.9479  C  0  0  0  0  0
    2.9139   -1.9797    5.8483  C  0  0  0  0  0
  1  5  1  0  0  0
  1  2  1  0  0  0
  2 20  1  0  0  0
  2  3  1  0  0  0
  3 17  2  0  0  0
  3  4  1  0  0  0
  4  5  1  0  0  0
  4 14  2  0  0  0
  5 10  1  0  0  0
  5  6  1  0  0  0
  6 13  1  0  0  0
  6  7  2  0  0  0
  7  8  1  0  0  0
  7 11  1  0  0  0
  8  9  1  0  0  0
  9 10  2  0  0  0
 11 12  1  0  0  0
 12 13  2  0  0  0
 14 15  1  0  0  0
 15 16  2  0  0  0
 16 17  1  0  0  0
 17 18  1  0  0  0
 18 19  1  0  0  0
 19 20  1  0  0  0
M  END
$$$$
C12=C(OC=CC13c4c5c(ccc4)CCCN5C3)NN=C2
  -ISIS-

 20 24  0  0  0  0  0  0  0  0  1
    1.6580   -4.2128    5.5874  C  0  0  0  0  0
    2.3396   -3.0990    5.0868  N  0  0  0  0  0
    2.2323   -3.0381    3.6924  C  0  0  0  0  0
    1.5712   -4.1634    3.1826  C  0  0  0  0  0
    1.1876   -5.0435    4.3591  C  0  0  0  0  0
   -0.2964   -5.1785    4.3539  C  0  0  0  0  0
   -0.8571   -6.4275    4.4285  C  0  0  0  0  0
   -0.2408   -7.6009    4.4950  O  0  0  0  0  0
    1.1657   -7.5753    4.4841  C  0  0  0  0  0
    1.8686   -6.4109    4.4075  C  0  0  0  0  0
   -2.2030   -6.2601    4.4351  N  0  0  0  0  0
   -2.5657   -4.9653    4.3454  N  0  0  0  0  0
   -1.4022   -4.2934    4.3222  C  0  0  0  0  0
    1.3691   -4.2933    1.8047  C  0  0  0  0  0
    1.7887   -3.2188    0.9813  C  0  0  0  0  0
    2.4393   -2.0907    1.5415  C  0  0  0  0  0
    2.6874   -1.9898    2.9125  C  0  0  0  0  0
    3.3247   -0.7917    3.5776  C  0  0  0  0  0
    3.9087   -1.1947    4.9479  C  0  0  0  0  0
    2.9139   -1.9797    5.8483  C  0  0  0  0  0
  1  5  1  0  0  0
  1  2  1  0  0  0
  2 20  1  0  0  0
  2  3  1  0  0  0
  3 17  2  0  0  0
  3  4  1  0  0  0
  4  5  1  0  0  0
  4 14  2  0  0  0
  5 10  1  0  0  0
  5  6  1  0  0  0
  6 13  1  0  0  0
  6  7  2  0  0  0
  7  8  1  0  0  0
  7 11  1  0  0  0
  8  9  1  0  0  0
  9 10  2  0  0  0
 11 12  1  0  0  0
 12 13  2  0  0  0
 14 15  1  0  0  0
 15 16  2  0  0  0
 16 17  1  0  0  0
 17 18  1  0  0  0
 18 19  1  0  0  0
 19 20  1  0  0  0
M  END
$$$$
C12=C(OC=CC13c4c5c(ccc4)CCCN5C3)NN=C2
  -ISIS-

 20 24  0  0  0  0  0  0  0  0  1
    6.0162    0.1454    9.9455  C  0  0  0  0  0
    6.6978    1.2592    9.4448  N  0  0  0  0  0
    6.5903    1.3200    8.0504  C  0  0  0  0  0
    5.9292    0.1947    7.5408  C  0  0  0  0  0
    5.5457   -0.6854    8.7173  C  0  0  0  0  0
    4.0617   -0.8204    8.7123  C  0  0  0  0  0
    3.5011   -2.0694    8.7869  C  0  0  0  0  0
    4.1174   -3.2428    8.8533  O  0  0  0  0  0
    5.5238   -3.2172    8.8423  C  0  0  0  0  0
    6.2267   -2.0528    8.7657  C  0  0  0  0  0
    2.1551   -1.9021    8.7935  N  0  0  0  0  0
    1.7924   -0.6073    8.7039  N  0  0  0  0  0
    2.9559    0.0647    8.6807  C  0  0  0  0  0
    5.7270    0.0646    6.1629  C  0  0  0  0  0
    6.1466    1.1390    5.3393  C  0  0  0  0  0
    6.7973    2.2672    5.8994  C  0  0  0  0  0
    7.0454    2.3682    7.2704  C  0  0  0  0  0
    7.6827    3.5664    7.9353  C  0  0  0  0  0
    8.2668    3.1635    9.3056  C  0  0  0  0  0
    7.2721    2.3785   10.2061  C  0  0  0  0  0
  1  5  1  0  0  0
  1  2  1  0  0  0
  2 20  1  0  0  0
  2  3  1  0  0  0
  3 17  2  0  0  0
  3  4  1  0  0  0
  4  5  1  0  0  0
  4 14  2  0  0  0
  5 10  1  0  0  0
  5  6  1  0  0  0
  6 13  1  0  0  0
  6  7  2  0  0  0
  7  8  1  0  0  0
  7 11  1  0  0  0
  8  9  1  0  0  0
  9 10  2  0  0  0
 11 12  1  0  0  0
 12 13  2  0  0  0
 14 15  1  0  0  0
 15 16  2  0  0  0
 16 17  1  0  0  0
 17 18  1  0  0  0
 18 19  1  0  0  0
 19 20  1  0  0  0
M  END
$$$$
C12=C(OC=CC13c4c5c(ccc4)CCCN5C3)NN=C2
  -ISIS-

 20 24  0  0  0  0  0  0  0  0  1
    6.0162    0.1454    9.9455  C  0  0  0  0  0
    6.6978    1.2592    9.4448  N  0  0  0  0  0
    6.5903    1.3200    8.0504  C  0  0  0  0  0
    5.9292    0.1947    7.5408  C  0  0  0  0  0
    5.5457   -0.6854    8.7173  C  0  0  0  0  0
    4.0617   -0.8204    8.7123  C  0  0  0  0  0
    3.5011   -2.0694    8.7869  C  0  0  0  0  0
    4.1174   -3.2428    8.8533  O  0  0  0  0  0
    5.5238   -3.2172    8.8423  C  0  0  0  0  0
    6.2267   -2.0528    8.7657  C  0  0  0  0  0
    2.1551   -1.9021    8.7935  N  0  0  0  0  0
    1.7924   -0.6073    8.7039  N  0  0  0  0  0
    2.9559    0.0647    8.6807  C  0  0  0  0  0
    5.7270    0.0646    6.1629  C  0  0  0  0  0
    6.1466    1.1390    5.3393  C  0  0  0  0  0
    6.7973    2.2672    5.8994  C  0  0  0  0  0
    7.0454    2.3682    7.2704  C  0  0  0  0  0
    7.6827    3.5664    7.9353  C  0  0  0  0  0
    8.2668    3.1635    9.3056  C  0  0  0  0  0
    7.2721    2.3785   10.2061  C  0  0  0  0  0
  1  5  1  0  0  0
  1  2  1  0  0  0
  2 20  1  0  0  0
  2  3  1  0  0  0
  3 17  2  0  0  0
  3  4  1  0  0  0
  4  5  1  0  0  0
  4 14  2  0  0  0
  5 10  1  0  0  0
  5  6  1  0  0  0
  6 13  1  0  0  0
  6  7  2  0  0  0
  7  8  1  0  0  0
  7 11  1  0  0  0
  8  9  1  0  0  0
  9 10  2  0  0  0
 11 12  1  0  0  0
 12 13  2  0  0  0
 14 15  1  0  0  0
 15 16  2  0  0  0
 16 17  1  0  0  0
 17 18  1  0  0  0
 18 19  1  0  0  0
 19 20  1  0  0  0
M  END
$$$$
C12=C(OC=CC13c4c5c(ccc4)CCCN5C3)NN=C2
  -ISIS-

 20 24  0  0  0  0  0  0  0  0  1
    6.0162    0.1454    9.9455  C  0  0  0  0  0
    6.6978    1.2592    9.4448  N  0  0  0  0  0
    6.5903    1.3200    8.0504  C  0  0  0  0  0
    5.9292    0.1947    7.5408  C  0  0  0  0  0
    5.5457   -0.6854    8.7173  C  0  0  0  0  0
    4.0617   -0.8204    8.7123  C  0  0  0  0  0
    3.5011   -2.0694    8.7869  C  0  0  0  0  0
    4.1174   -3.2428    8.8533  O  0  0  0  0  0
    5.5238   -3.2172    8.8423  C  0  0  0  0  0
    6.2267   -2.0528    8.7657  C  0  0  0  0  0
    2.1551   -1.9021    8.7935  N  0  0  0  0  0
    1.7924   -0.6073    8.7039  N  0  0  0  0  0
    2.9559    0.0647    8.6807  C  0  0  0  0  0
    5.7270    0.0646    6.1629  C  0  0  0  0  0
    6.1466    1.1390    5.3393  C  0  0  0  0  0
    6.7973    2.2672    5.8994  C  0  0  0  0  0
    7.0454    2.3682    7.2704  C  0  0  0  0  0
    7.6827    3.5664    7.9353  C  0  0  0  0  0
    8.2668    3.1635    9.3056  C  0  0  0  0  0
    7.2721    2.3785   10.2061  C  0  0  0  0  0
  1  5  1  0  0  0
  1  2  1  0  0  0
  2 20  1  0  0  0
  2  3  1  0  0  0
  3 17  2  0  0  0
  3  4  1  0  0  0
  4  5  1  0  0  0
  4 14  2  0  0  0
  5 10  1  0  0  0
  5  6  1  0  0  0
  6 13  1  0  0  0
  6  7  2  0  0  0
  7  8  1  0  0  0
  7 11  1  0  0  0
  8  9  1  0  0  0
  9 10  2  0  0  0
 11 12  1  0  0  0
 12 13  2  0  0  0
 14 15  1  0  0  0
 15 16  2  0  0  0
 16 17  1  0  0  0
 17 18  1  0  0  0
 18 19  1  0  0  0
 19 20  1  0  0  0
M  END
$$$$
C12=C(OC=CC13c4c5c(ccc4)CCCN5C3)NN=C2
  -ISIS-

 20 24  0  0  0  0  0  0  0  0  1
    6.0162    0.1454    9.9455  C  0  0  0  0  0
    6.6978    1.2592    9.4448  N  0  0  0  0  0
    6.5903    1.3200    8.0504  C  0  0  0  0  0
    5.9292    0.1947    7.5408  C  0  0  0  0  0
    5.5457   -0.6854    8.7173  C  0  0  0  0  0
    4.0617   -0.8204    8.7123  C  0  0  0  0  0
    3.5011   -2.0694    8.7869  C  0  0  0  0  0
    4.1174   -3.2428    8.8533  O  0  0  0  0  0
    5.5238   -3.2172    8.8423  C  0  0  0  0  0
    6.2267   -2.0528    8.7657  C  0  0  0  0  0
    2.1551   -1.9021    8.7935  N  0  0  0  0  0
    1.7924   -0.6073    8.7039  N  0  0  0  0  0
    2.9559    0.0647    8.6807  C  0  0  0  0  0
    5.7270    0.0646    6.1629  C  0  0  0  0  0
    6.1466    1.1390    5.3393  C  0  0  0  0  0
    6.7973    2.2672    5.8994  C  0  0  0  0  0
    7.0454    2.3682    7.2704  C  0  0  0  0  0
    7.6827    3.5664    7.9353  C  0  0  0  0  0
    8.2668    3.1635    9.3056  C  0  0  0  0  0
    7.2721    2.3785   10.2061  C  0  0  0  0  0
  1  5  1  0  0  0
  1  2  1  0  0  0
  2 20  1  0  0  0
  2  3  1  0  0  0
  3 17  2  0  0  0
  3  4  1  0  0  0
  4  5  1  0  0  0
  4 14  2  0  0  0
  5 10  1  0  0  0
  5  6  1  0  0  0
  6 13  1  0  0  0
  6  7  2  0  0  0
  7  8  1  0  0  0
  7 11  1  0  0  0
  8  9  1  0  0  0
  9 10  2  0  0  0
 11 12  1  0  0  0
 12 13  2  0  0  0
 14 15  1  0  0  0
 15 16  2  0  0  0
 16 17  1  0  0  0
 17 18  1  0  0  0
 18 19  1  0  0  0
 19 20  1  0  0  0
M  END
$$$$
C12=C(OC=CC13c4c5c(ccc4)CCCN5C3)NN=C2
  -ISIS-

 20 24  0  0  0  0  0  0  0  0  1
    6.0162    0.1454    9.9455  C  0  0  0  0  0
    6.6978    1.2592    9.4448  N  0  0  0  0  0
    6.5903    1.3200    8.0504  C  0  0  0  0  0
    5.9292    0.1947    7.5408  C  0  0  0  0  0
    5.5457   -0.6854    8.7173  C  0  0  0  0  0
    4.0617   -0.8204    8.7123  C  0  0  0  0  0
    3.5011   -2.0694    8.7869  C  0  0  0  0  0
    4.1174   -3.2428    8.8533  O  0  0  0  0  0
    5.5238   -3.2172    8.8423  C  0  0  0  0  0
    6.2267   -2.0528    8.7657  C  0  0  0  0  0
    2.1551   -1.9021    8.7935  N  0  0  0  0  0
    1.7924   -0.6073    8.7039  N  0  0  0  0  0
    2.9559    0.0647    8.6807  C  0  0  0  0  0
    5.7270    0.0646    6.1629  C  0  0  0  0  0
    6.1466    1.1390    5.3393  C  0  0  0  0  0
    6.7973    2.2672    5.8994  C  0  0  0  0  0
    7.0454    2.3682    7.2704  C  0  0  0  0  0
    7.6827    3.5664    7.9353  C  0  0  0  0  0
    8.2668    3.1635    9.3056  C  0  0  0  0  0
    7.2721    2.3785   10.2061  C  0  0  0  0  0
  1  5  1  0  0  0
  1  2  1  0  0  0
  2 20  1  0  0  0
  2  3  1  0  0  0
  3 17  2  0  0  0
  3  4  1  0  0  0
  4  5  1  0  0  0
  4 14  2  0  0  0
  5 10  1  0  0  0
  5  6  1  0  0  0
  6 13  1  0  0  0
  6  7  2  0  0  0
  7  8  1  0  0  0
  7 11  1  0  0  0
  8  9  1  0  0  0
  9 10  2  0  0  0
 11 12  1  0  0  0
 12 13  2  0  0  0
 14 15  1  0  0  0
 15 16  2  0  0  0
 16 17  1  0  0  0
 17 18  1  0  0  0
 18 19  1  0  0  0
 19 20  1  0  0  0
M  END
$$$$
C12=C(OC=CC13c4c5c(ccc4)CCCN5C3)NN=C2
  -ISIS-

 20 24  0  0  0  0  0  0  0  0  1
    6.0162    0.1454    9.9455  C  0  0  0  0  0
    6.6978    1.2592    9.4448  N  0  0  0  0  0
    6.5903    1.3200    8.0504  C  0  0  0  0  0
    5.9292    0.1947    7.5408  C  0  0  0  0  0
    5.5457   -0.6854    8.7173  C  0  0  0  0  0
    4.0617   -0.8204    8.7123  C  0  0  0  0  0
    3.5011   -2.0694    8.7869  C  0  0  0  0  0
    4.1174   -3.2428    8.8533  O  0  0  0  0  0
    5.5238   -3.2172    8.8423  C  0  0  0  0  0
    6.2267   -2.0528    8.7657  C  0  0  0  0  0
    2.1551   -1.9021    8.7935  N  0  0  0  0  0
    1.7924   -0.6073    8.7039  N  0  0  0  0  0
    2.9559    0.0647    8.6807  C  0  0  0  0  0
    5.7270    0.0646    6.1629  C  0  0  0  0  0
    6.1466    1.1390    5.3393  C  0  0  0  0  0
    6.7973    2.2672    5.8994  C  0  0  0  0  0
    7.0454    2.3682    7.2704  C  0  0  0  0  0
    7.6827    3.5664    7.9353  C  0  0  0  0  0
    8.2668    3.1635    9.3056  C  0  0  0  0  0
    7.2721    2.3785   10.2061  C  0  0  0  0  0
  1  5  1  0  0  0
  1  2  1  0  0  0
  2 20  1  0  0  0
  2  3  1  0  0  0
  3 17  2  0  0  0
  3  4  1  0  0  0
  4  5  1  0  0  0
  4 14  2  0  0  0
  5 10  1  0  0  0
  5  6  1  0  0  0
  6 13  1  0  0  0
  6  7  2  0  0  0
  7  8  1  0  0  0
  7 11  1  0  0  0
  8  9  1  0  0  0
  9 10  2  0  0  0
 11 12  1  0  0  0
 12 13  2  0  0  0
 14 15  1  0  0  0
 15 16  2  0  0  0
 16 17  1  0  0  0
 17 18  1  0  0  0
 18 19  1  0  0  0
 19 20  1  0  0  0
M  END
$$$$
C12=C(OC=CC13c4c5c(ccc4)CCCN5C3)NN=C2
  -ISIS-

 20 24  0  0  0  0  0  0  0  0  1
    6.0162    0.1454    9.9455  C  0  0  0  0  0
    6.6978    1.2592    9.4448  N  0  0  0  0  0
    6.5903    1.3200    8.0504  C  0  0  0  0  0
    5.9292    0.1947    7.5408  C  0  0  0  0  0
    5.5457   -0.6854    8.7173  C  0  0  0  0  0
    4.0617   -0.8204    8.7123  C  0  0  0  0  0
    3.5011   -2.0694    8.7869  C  0  0  0  0  0
    4.1174   -3.2428    8.8533  O  0  0  0  0  0
    5.5238   -3.2172    8.8423  C  0  0  0  0  0
    6.2267   -2.0528    8.7657  C  0  0  0  0  0
    2.1551   -1.9021    8.7935  N  0  0  0  0  0
    1.7924   -0.6073    8.7039  N  0  0  0  0  0
    2.9559    0.0647    8.6807  C  0  0  0  0  0
    5.7270    0.0646    6.1629  C  0  0  0  0  0
    6.1466    1.1390    5.3393  C  0  0  0  0  0
    6.7973    2.2672    5.8994  C  0  0  0  0  0
    7.0454    2.3682    7.2704  C  0  0  0  0  0
    7.6827    3.5664    7.9353  C  0  0  0  0  0
    8.2668    3.1635    9.3056  C  0  0  0  0  0
    7.2721    2.3785   10.2061  C  0  0  0  0  0
  1  5  1  0  0  0
  1  2  1  0  0  0
  2 20  1  0  0  0
  2  3  1  0  0  0
  3 17  2  0  0  0
  3  4  1  0  0  0
  4  5  1  0  0  0
  4 14  2  0  0  0
  5 10  1  0  0  0
  5  6  1  0  0  0
  6 13  1  0  0  0
  6  7  2  0  0  0
  7  8  1  0  0  0
  7 11  1  0  0  0
  8  9  1  0  0  0
  9 10  2  0  0  0
 11 12  1  0  0  0
 12 13  2  0  0  0
 14 15  1  0  0  0
 15 16  2  0  0  0
 16 17  1  0  0  0
 17 18  1  0  0  0
 18 19  1  0  0  0
 19 20  1  0  0  0
M  END
$$$$
C12=C(OC=CC13c4c5c(ccc4)CCCN5C3)NN=C2
  -ISIS-

 20 24  0  0  0  0  0  0  0  0  1
    6.0162    0.1454    9.9455  C  0  0  0  0  0
    6.6978    1.2592    9.4448  N  0  0  0  0  0
    6.5903    1.3200    8.0504  C  0  0  0  0  0
    5.9292    0.1947    7.5408  C  0  0  0  0  0
    5.5457   -0.6854    8.7173  C  0  0  0  0  0
    4.0617   -0.8204    8.7123  C  0  0  0  0  0
    3.5011   -2.0694    8.7869  C  0  0  0  0  0
    4.1174   -3.2428    8.8533  O  0  0  0  0  0
    5.5238   -3.2172    8.8423  C  0  0  0  0  0
    6.2267   -2.0528    8.7657  C  0  0  0  0  0
    2.1551   -1.9021    8.7935  N  0  0  0  0  0
    1.7924   -0.6073    8.7039  N  0  0  0  0  0
    2.9559    0.0647    8.6807  C  0  0  0  0  0
    5.7270    0.0646    6.1629  C  0  0  0  0  0
    6.1466    1.1390    5.3393  C  0  0  0  0  0
    6.7973    2.2672    5.8994  C  0  0  0  0  0
    7.0454    2.3682    7.2704  C  0  0  0  0  0
    7.6827    3.5664    7.9353  C  0  0  0  0  0
    8.2668    3.1635    9.3056  C  0  0  0  0  0
    7.2721    2.3785   10.2061  C  0  0  0  0  0
  1  5  1  0  0  0
  1  2  1  0  0  0
  2 20  1  0  0  0
  2  3  1  0  0  0
  3 17  2  0  0  0
  3  4  1  0  0  0
  4  5  1  0  0  0
  4 14  2  0  0  0
  5 10  1  0  0  0
  5  6  1  0  0  0
  6 13  1  0  0  0
  6  7  2  0  0  0
  7  8  1  0  0  0
  7 11  1  0  0  0
  8  9  1  0  0  0
  9 10  2  0  0  0
 11 12  1  0  0  0
 12 13  2  0  0  0
 14 15  1  0  0  0
 15 16  2  0  0  0
 16 17  1  0  0  0
 17 18  1  0  0  0
 18 19  1  0  0  0
 19 20  1  0  0  0
M  END
$$$$
C12=C(OC=CC13c4c5c(ccc4)CCCN5C3)NN=C2
  -ISIS-

 20 24  0  0  0  0  0  0  0  0  1
    0.3892    6.4028    4.3558  N  0  0  0  0  0
    1.4922    6.1109    5.2835  C  0  0  0  0  0
    2.6135    5.3391    4.5328  C  0  0  0  0  0
    2.1069    4.1115    3.7469  C  0  0  0  0  0
    0.9277    4.4984    2.8848  C  0  0  0  0  0
    0.1514    5.5859    3.2440  C  0  0  0  0  0
   -0.9980    5.9895    2.5519  C  0  0  0  0  0
   -1.5891    7.1741    3.2932  C  0  0  0  0  0
   -0.6490    7.3243    4.5232  C  0  0  0  0  0
   -1.5946    8.4984    2.5310  C  0  0  0  0  0
   -2.7288    9.2297    2.3460  C  0  0  0  0  0
   -3.9808    8.8038    2.8249  O  0  0  0  0  0
   -4.0092    7.6388    3.4597  C  0  0  0  0  0
   -2.9629    6.7945    3.7287  C  0  0  0  0  0
   -3.5488    5.7168    4.4377  C  0  0  0  0  0
   -4.8763    5.8814    4.5661  N  0  0  0  0  0
   -5.1260    7.0656    3.9733  N  0  0  0  0  0
   -1.4012    5.3039    1.4018  C  0  0  0  0  0
   -0.6496    4.1622    1.0280  C  0  0  0  0  0
    0.4972    3.7781    1.7679  C  0  0  0  0  0
  1  9  1  0  0  0
  1  6  1  0  0  0
  1  2  1  0  0  0
  2  3  1  0  0  0
  3  4  1  0  0  0
  4  5  1  0  0  0
  5 20  2  0  0  0
  5  6  2  0  0  0
  6  7  2  0  0  0
  7  8  1  0  0  0
  7 18  1  0  0  0
  8 14  1  0  0  0
  8  9  1  0  0  0
  8 10  1  0  0  0
 10 11  2  0  0  0
 11 12  1  0  0  0
 12 13  1  0  0  0
 13 17  1  0  0  0
 13 14  2  0  0  0
 14 15  1  0  0  0
 15 16  2  0  0  0
 16 17  1  0  0  0
 18 19  2  0  0  0
 19 20  1  0  0  0
M  END
$$$$
C12=C(OC=CC13c4c5c(ccc4)CCCN5C3)NN=C2
  -ISIS-

 20 24  0  0  0  0  0  0  0  0  1
    0.3892    6.4028    4.3558  N  0  0  0  0  0
    1.4922    6.1109    5.2835  C  0  0  0  0  0
    2.6135    5.3391    4.5328  C  0  0  0  0  0
    2.1069    4.1115    3.7469  C  0  0  0  0  0
    0.9277    4.4984    2.8848  C  0  0  0  0  0
    0.1514    5.5859    3.2440  C  0  0  0  0  0
   -0.9980    5.9895    2.5519  C  0  0  0  0  0
   -1.5891    7.1741    3.2932  C  0  0  0  0  0
   -0.6490    7.3243    4.5232  C  0  0  0  0  0
   -1.5946    8.4984    2.5310  C  0  0  0  0  0
   -2.7288    9.2297    2.3460  C  0  0  0  0  0
   -3.9808    8.8038    2.8249  O  0  0  0  0  0
   -4.0092    7.6388    3.4597  C  0  0  0  0  0
   -2.9629    6.7945    3.7287  C  0  0  0  0  0
   -3.5488    5.7168    4.4377  C  0  0  0  0  0
   -4.8763    5.8814    4.5661  N  0  0  0  0  0
   -5.1260    7.0656    3.9733  N  0  0  0  0  0
   -1.4012    5.3039    1.4018  C  0  0  0  0  0
   -0.6496    4.1622    1.0280  C  0  0  0  0  0
    0.4972    3.7781    1.7679  C  0  0  0  0  0
  1  9  1  0  0  0
  1  6  1  0  0  0
  1  2  1  0  0  0
  2  3  1  0  0  0
  3  4  1  0  0  0
  4  5  1  0  0  0
  5 20  2  0  0  0
  5  6  2  0  0  0
  6  7  2  0  0  0
  7  8  1  0  0  0
  7 18  1  0  0  0
  8 14  1  0  0  0
  8  9  1  0  0  0
  8 10  1  0  0  0
 10 11  2  0  0  0
 11 12  1  0  0  0
 12 13  1  0  0  0
 13 17  1  0  0  0
 13 14  2  0  0  0
 14 15  1  0  0  0
 15 16  2  0  0  0
 16 17  1  0  0  0
 18 19  2  0  0  0
 19 20  1  0  0  0
M  END
$$$$
C12=C(OC=CC13c4c5c(ccc4)CCCN5C3)NN=C2
  -ISIS-

 20 24  0  0  0  0  0  0  0  0  1
    0.3892    6.4028    4.3558  N  0  0  0  0  0
    1.4922    6.1109    5.2835  C  0  0  0  0  0
    2.6135    5.3391    4.5328  C  0  0  0  0  0
    2.1069    4.1115    3.7469  C  0  0  0  0  0
    0.9277    4.4984    2.8848  C  0  0  0  0  0
    0.1514    5.5859    3.2440  C  0  0  0  0  0
   -0.9980    5.9895    2.5519  C  0  0  0  0  0
   -1.5891    7.1741    3.2932  C  0  0  0  0  0
   -0.6490    7.3243    4.5232  C  0  0  0  0  0
   -1.5946    8.4984    2.5310  C  0  0  0  0  0
   -2.7288    9.2297    2.3460  C  0  0  0  0  0
   -3.9808    8.8038    2.8249  O  0  0  0  0  0
   -4.0092    7.6388    3.4597  C  0  0  0  0  0
   -2.9629    6.7945    3.7287  C  0  0  0  0  0
   -3.5488    5.7168    4.4377  C  0  0  0  0  0
   -4.8763    5.8814    4.5661  N  0  0  0  0  0
   -5.1260    7.0656    3.9733  N  0  0  0  0  0
   -1.4012    5.3039    1.4018  C  0  0  0  0  0
   -0.6496    4.1622    1.0280  C  0  0  0  0  0
    0.4972    3.7781    1.7679  C  0  0  0  0  0
  1  9  1  0  0  0
  1  6  1  0  0  0
  1  2  1  0  0  0
  2  3  1  0  0  0
  3  4  1  0  0  0
  4  5  1  0  0  0
  5 20  2  0  0  0
  5  6  2  0  0  0
  6  7  2  0  0  0
  7  8  1  0  0  0
  7 18  1  0  0  0
  8 14  1  0  0  0
  8  9  1  0  0  0
  8 10  1  0  0  0
 10 11  2  0  0  0
 11 12  1  0  0  0
 12 13  1  0  0  0
 13 17  1  0  0  0
 13 14  2  0  0  0
 14 15  1  0  0  0
 15 16  2  0  0  0
 16 17  1  0  0  0
 18 19  2  0  0  0
 19 20  1  0  0  0
M  END
$$$$
C12=C(OC=CC13c4c5c(ccc4)CCCN5C3)NN=C2
  -ISIS-

 20 24  0  0  0  0  0  0  0  0  1
    0.3892    6.4028    4.3558  N  0  0  0  0  0
    1.4922    6.1109    5.2835  C  0  0  0  0  0
    2.6135    5.3391    4.5328  C  0  0  0  0  0
    2.1069    4.1115    3.7469  C  0  0  0  0  0
    0.9277    4.4984    2.8848  C  0  0  0  0  0
    0.1514    5.5859    3.2440  C  0  0  0  0  0
   -0.9980    5.9895    2.5519  C  0  0  0  0  0
   -1.5891    7.1741    3.2932  C  0  0  0  0  0
   -0.6490    7.3243    4.5232  C  0  0  0  0  0
   -1.5946    8.4984    2.5310  C  0  0  0  0  0
   -2.7288    9.2297    2.3460  C  0  0  0  0  0
   -3.9808    8.8038    2.8249  O  0  0  0  0  0
   -4.0092    7.6388    3.4597  C  0  0  0  0  0
   -2.9629    6.7945    3.7287  C  0  0  0  0  0
   -3.5488    5.7168    4.4377  C  0  0  0  0  0
   -4.8763    5.8814    4.5661  N  0  0  0  0  0
   -5.1260    7.0656    3.9733  N  0  0  0  0  0
   -1.4012    5.3039    1.4018  C  0  0  0  0  0
   -0.6496    4.1622    1.0280  C  0  0  0  0  0
    0.4972    3.7781    1.7679  C  0  0  0  0  0
  1  9  1  0  0  0
  1  6  1  0  0  0
  1  2  1  0  0  0
  2  3  1  0  0  0
  3  4  1  0  0  0
  4  5  1  0  0  0
  5 20  2  0  0  0
  5  6  2  0  0  0
  6  7  2  0  0  0
  7  8  1  0  0  0
  7 18  1  0  0  0
  8 14  1  0  0  0
  8  9  1  0  0  0
  8 10  1  0  0  0
 10 11  2  0  0  0
 11 12  1  0  0  0
 12 13  1  0  0  0
 13 17  1  0  0  0
 13 14  2  0  0  0
 14 15  1  0  0  0
 15 16  2  0  0  0
 16 17  1  0  0  0
 18 19  2  0  0  0
 19 20  1  0  0  0
M  END
$$$$
C12=C(OC=CC13c4c5c(ccc4)CCCN5C3)NN=C2
  -ISIS-

 20 24  0  0  0  0  0  0  0  0  1
    0.3892    6.4028    4.3558  N  0  0  0  0  0
    1.4922    6.1109    5.2835  C  0  0  0  0  0
    2.6135    5.3391    4.5328  C  0  0  0  0  0
    2.1069    4.1115    3.7469  C  0  0  0  0  0
    0.9277    4.4984    2.8848  C  0  0  0  0  0
    0.1514    5.5859    3.2440  C  0  0  0  0  0
   -0.9980    5.9895    2.5519  C  0  0  0  0  0
   -1.5891    7.1741    3.2932  C  0  0  0  0  0
   -0.6490    7.3243    4.5232  C  0  0  0  0  0
   -1.5946    8.4984    2.5310  C  0  0  0  0  0
   -2.7288    9.2297    2.3460  C  0  0  0  0  0
   -3.9808    8.8038    2.8249  O  0  0  0  0  0
   -4.0092    7.6388    3.4597  C  0  0  0  0  0
   -2.9629    6.7945    3.7287  C  0  0  0  0  0
   -3.5488    5.7168    4.4377  C  0  0  0  0  0
   -4.8763    5.8814    4.5661  N  0  0  0  0  0
   -5.1260    7.0656    3.9733  N  0  0  0  0  0
   -1.4012    5.3039    1.4018  C  0  0  0  0  0
   -0.6496    4.1622    1.0280  C  0  0  0  0  0
    0.4972    3.7781    1.7679  C  0  0  0  0  0
  1  9  1  0  0  0
  1  6  1  0  0  0
  1  2  1  0  0  0
  2  3  1  0  0  0
  3  4  1  0  0  0
  4  5  1  0  0  0
  5 20  2  0  0  0
  5  6  2  0  0  0
  6  7  2  0  0  0
  7  8  1  0  0  0
  7 18  1  0  0  0
  8 14  1  0  0  0
  8  9  1  0  0  0
  8 10  1  0  0  0
 10 11  2  0  0  0
 11 12  1  0  0  0
 12 13  1  0  0  0
 13 17  1  0  0  0
 13 14  2  0  0  0
 14 15  1  0  0  0
 15 16  2  0  0  0
 16 17  1  0  0  0
 18 19  2  0  0  0
 19 20  1  0  0  0
M  END
$$$$
C12=C(OC=CC13c4c5c(ccc4)CCCN5C3)NN=C2
  -ISIS-

 20 24  0  0  0  0  0  0  0  0  1
    0.3892    6.4028    4.3558  N  0  0  0  0  0
    1.4922    6.1109    5.2835  C  0  0  0  0  0
    2.6135    5.3391    4.5328  C  0  0  0  0  0
    2.1069    4.1115    3.7469  C  0  0  0  0  0
    0.9277    4.4984    2.8848  C  0  0  0  0  0
    0.1514    5.5859    3.2440  C  0  0  0  0  0
   -0.9980    5.9895    2.5519  C  0  0  0  0  0
   -1.5891    7.1741    3.2932  C  0  0  0  0  0
   -0.6490    7.3243    4.5232  C  0  0  0  0  0
   -1.5946    8.4984    2.5310  C  0  0  0  0  0
   -2.7288    9.2297    2.3460  C  0  0  0  0  0
   -3.9808    8.8038    2.8249  O  0  0  0  0  0
   -4.0092    7.6388    3.4597  C  0  0  0  0  0
   -2.9629    6.7945    3.7287  C  0  0  0  0  0
   -3.5488    5.7168    4.4377  C  0  0  0  0  0
   -4.8763    5.8814    4.5661  N  0  0  0  0  0
   -5.1260    7.0656    3.9733  N  0  0  0  0  0
   -1.4012    5.3039    1.4018  C  0  0  0  0  0
   -0.6496    4.1622    1.0280  C  0  0  0  0  0
    0.4972    3.7781    1.7679  C  0  0  0  0  0
  1  9  1  0  0  0
  1  6  1  0  0  0
  1  2  1  0  0  0
  2  3  1  0  0  0
  3  4  1  0  0  0
  4  5  1  0  0  0
  5 20  2  0  0  0
  5  6  2  0  0  0
  6  7  2  0  0  0
  7  8  1  0  0  0
  7 18  1  0  0  0
  8 14  1  0  0  0
  8  9  1  0  0  0
  8 10  1  0  0  0
 10 11  2  0  0  0
 11 12  1  0  0  0
 12 13  1  0  0  0
 13 17  1  0  0  0
 13 14  2  0  0  0
 14 15  1  0  0  0
 15 16  2  0  0  0
 16 17  1  0  0  0
 18 19  2  0  0  0
 19 20  1  0  0  0
M  END
$$$$
C12=C(OC=CC13c4c5c(ccc4)CCCN5C3)NN=C2
  -ISIS-

 20 24  0  0  0  0  0  0  0  0  1
    0.3892    6.4028    4.3558  N  0  0  0  0  0
    1.4922    6.1109    5.2835  C  0  0  0  0  0
    2.6135    5.3391    4.5328  C  0  0  0  0  0
    2.1069    4.1115    3.7469  C  0  0  0  0  0
    0.9277    4.4984    2.8848  C  0  0  0  0  0
    0.1514    5.5859    3.2440  C  0  0  0  0  0
   -0.9980    5.9895    2.5519  C  0  0  0  0  0
   -1.5891    7.1741    3.2932  C  0  0  0  0  0
   -0.6490    7.3243    4.5232  C  0  0  0  0  0
   -1.5946    8.4984    2.5310  C  0  0  0  0  0
   -2.7288    9.2297    2.3460  C  0  0  0  0  0
   -3.9808    8.8038    2.8249  O  0  0  0  0  0
   -4.0092    7.6388    3.4597  C  0  0  0  0  0
   -2.9629    6.7945    3.7287  C  0  0  0  0  0
   -3.5488    5.7168    4.4377  C  0  0  0  0  0
   -4.8763    5.8814    4.5661  N  0  0  0  0  0
   -5.1260    7.0656    3.9733  N  0  0  0  0  0
   -1.4012    5.3039    1.4018  C  0  0  0  0  0
   -0.6496    4.1622    1.0280  C  0  0  0  0  0
    0.4972    3.7781    1.7679  C  0  0  0  0  0
  1  9  1  0  0  0
  1  6  1  0  0  0
  1  2  1  0  0  0
  2  3  1  0  0  0
  3  4  1  0  0  0
  4  5  1  0  0  0
  5 20  2  0  0  0
  5  6  2  0  0  0
  6  7  2  0  0  0
  7  8  1  0  0  0
  7 18  1  0  0  0
  8 14  1  0  0  0
  8  9  1  0  0  0
  8 10  1  0  0  0
 10 11  2  0  0  0
 11 12  1  0  0  0
 12 13  1  0  0  0
 13 17  1  0  0  0
 13 14  2  0  0  0
 14 15  1  0  0  0
 15 16  2  0  0  0
 16 17  1  0  0  0
 18 19  2  0  0  0
 19 20  1  0  0  0
M  END
$$$$
C12=C(OC=CC13c4c5c(ccc4)CCCN5C3)NN=C2
  -ISIS-

 20 24  0  0  0  0  0  0  0  0  1
    0.3892    6.4028    4.3558  N  0  0  0  0  0
    1.4922    6.1109    5.2835  C  0  0  0  0  0
    2.6135    5.3391    4.5328  C  0  0  0  0  0
    2.1069    4.1115    3.7469  C  0  0  0  0  0
    0.9277    4.4984    2.8848  C  0  0  0  0  0
    0.1514    5.5859    3.2440  C  0  0  0  0  0
   -0.9980    5.9895    2.5519  C  0  0  0  0  0
   -1.5891    7.1741    3.2932  C  0  0  0  0  0
   -0.6490    7.3243    4.5232  C  0  0  0  0  0
   -1.5946    8.4984    2.5310  C  0  0  0  0  0
   -2.7288    9.2297    2.3460  C  0  0  0  0  0
   -3.9808    8.8038    2.8249  O  0  0  0  0  0
   -4.0092    7.6388    3.4597  C  0  0  0  0  0
   -2.9629    6.7945    3.7287  C  0  0  0  0  0
   -3.5488    5.7168    4.4377  C  0  0  0  0  0
   -4.8763    5.8814    4.5661  N  0  0  0  0  0
   -5.1260    7.0656    3.9733  N  0  0  0  0  0
   -1.4012    5.3039    1.4018  C  0  0  0  0  0
   -0.6496    4.1622    1.0280  C  0  0  0  0  0
    0.4972    3.7781    1.7679  C  0  0  0  0  0
  1  9  1  0  0  0
  1  6  1  0  0  0
  1  2  1  0  0  0
  2  3  1  0  0  0
  3  4  1  0  0  0
  4  5  1  0  0  0
  5 20  2  0  0  0
  5  6  2  0  0  0
  6  7  2  0  0  0
  7  8  1  0  0  0
  7 18  1  0  0  0
  8 14  1  0  0  0
  8  9  1  0  0  0
  8 10  1  0  0  0
 10 11  2  0  0  0
 11 12  1  0  0  0
 12 13  1  0  0  0
 13 17  1  0  0  0
 13 14  2  0  0  0
 14 15  1  0  0  0
 15 16  2  0  0  0
 16 17  1  0  0  0
 18 19  2  0  0  0
 19 20  1  0  0  0
M  END
$$$$
C12=C(OC=CC13c4c5c(ccc4)CCCN5C3)NN=C2
  -ISIS-

 20 24  0  0  0  0  0  0  0  0  1
   -2.7559    7.5340   -3.4883  N  0  0  0  0  0
   -2.3901    8.7176   -4.2812  C  0  0  0  0  0
   -2.2197    8.3123   -5.7745  C  0  0  0  0  0
   -1.2940    7.0952   -5.9948  C  0  0  0  0  0
   -1.7016    5.9620   -5.0829  C  0  0  0  0  0
   -2.3732    6.2549   -3.9052  C  0  0  0  0  0
   -2.7357    5.2953   -2.9570  C  0  0  0  0  0
   -3.4075    5.9903   -1.7982  C  0  0  0  0  0
   -3.3005    7.4925   -2.1961  C  0  0  0  0  0
   -4.8731    5.6118   -1.5942  C  0  0  0  0  0
   -5.3366    5.0799   -0.4295  C  0  0  0  0  0
   -4.4936    4.8320    0.6681  O  0  0  0  0  0
   -3.2137    5.1461    0.5152  C  0  0  0  0  0
   -2.5989    5.6863   -0.5848  C  0  0  0  0  0
   -1.2422    5.8278   -0.1997  C  0  0  0  0  0
   -1.0427    5.3873    1.0540  N  0  0  0  0  0
   -2.2600    4.9840    1.4660  N  0  0  0  0  0
   -2.4464    3.9598   -3.1759  C  0  0  0  0  0
   -1.7474    3.6434   -4.3422  C  0  0  0  0  0
   -1.3812    4.6163   -5.2932  C  0  0  0  0  0
  1  9  1  0  0  0
  1  6  1  0  0  0
  1  2  1  0  0  0
  2  3  1  0  0  0
  3  4  1  0  0  0
  4  5  1  0  0  0
  5 20  2  0  0  0
  5  6  1  0  0  0
  6  7  2  0  0  0
  7  8  1  0  0  0
  7 18  1  0  0  0
  8 14  1  0  0  0
  8  9  1  0  0  0
  8 10  1  0  0  0
 10 11  2  0  0  0
 11 12  1  0  0  0
 12 13  1  0  0  0
 13 17  1  0  0  0
 13 14  2  0  0  0
 14 15  1  0  0  0
 15 16  2  0  0  0
 16 17  1  0  0  0
 18 19  2  0  0  0
 19 20  1  0  0  0
M  END
$$$$
C12=C(OC=CC13c4c5c(ccc4)CCCN5C3)NN=C2
  -ISIS-

 20 24  0  0  0  0  0  0  0  0  1
   -2.7559    7.5340   -3.4883  N  0  0  0  0  0
   -2.3901    8.7176   -4.2812  C  0  0  0  0  0
   -2.2197    8.3123   -5.7745  C  0  0  0  0  0
   -1.2940    7.0952   -5.9948  C  0  0  0  0  0
   -1.7016    5.9620   -5.0829  C  0  0  0  0  0
   -2.3732    6.2549   -3.9052  C  0  0  0  0  0
   -2.7357    5.2953   -2.9570  C  0  0  0  0  0
   -3.4075    5.9903   -1.7982  C  0  0  0  0  0
   -3.3005    7.4925   -2.1961  C  0  0  0  0  0
   -4.8731    5.6118   -1.5942  C  0  0  0  0  0
   -5.3366    5.0799   -0.4295  C  0  0  0  0  0
   -4.4936    4.8320    0.6681  O  0  0  0  0  0
   -3.2137    5.1461    0.5152  C  0  0  0  0  0
   -2.5989    5.6863   -0.5848  C  0  0  0  0  0
   -1.2422    5.8278   -0.1997  C  0  0  0  0  0
   -1.0427    5.3873    1.0540  N  0  0  0  0  0
   -2.2600    4.9840    1.4660  N  0  0  0  0  0
   -2.4464    3.9598   -3.1759  C  0  0  0  0  0
   -1.7474    3.6434   -4.3422  C  0  0  0  0  0
   -1.3812    4.6163   -5.2932  C  0  0  0  0  0
  1  9  1  0  0  0
  1  6  1  0  0  0
  1  2  1  0  0  0
  2  3  1  0  0  0
  3  4  1  0  0  0
  4  5  1  0  0  0
  5 20  2  0  0  0
  5  6  1  0  0  0
  6  7  2  0  0  0
  7  8  1  0  0  0
  7 18  1  0  0  0
  8 14  1  0  0  0
  8  9  1  0  0  0
  8 10  1  0  0  0
 10 11  2  0  0  0
 11 12  1  0  0  0
 12 13  1  0  0  0
 13 17  1  0  0  0
 13 14  2  0  0  0
 14 15  1  0  0  0
 15 16  2  0  0  0
 16 17  1  0  0  0
 18 19  2  0  0  0
 19 20  1  0  0  0
M  END
$$$$
C12=C(OC=CC13c4c5c(ccc4)CCCN5C3)NN=C2
  -ISIS-

 20 24  0  0  0  0  0  0  0  0  1
   -2.7559    7.5340   -3.4883  N  0  0  0  0  0
   -2.3901    8.7176   -4.2812  C  0  0  0  0  0
   -2.2197    8.3123   -5.7745  C  0  0  0  0  0
   -1.2940    7.0952   -5.9948  C  0  0  0  0  0
   -1.7016    5.9620   -5.0829  C  0  0  0  0  0
   -2.3732    6.2549   -3.9052  C  0  0  0  0  0
   -2.7357    5.2953   -2.9570  C  0  0  0  0  0
   -3.4075    5.9903   -1.7982  C  0  0  0  0  0
   -3.3005    7.4925   -2.1961  C  0  0  0  0  0
   -4.8731    5.6118   -1.5942  C  0  0  0  0  0
   -5.3366    5.0799   -0.4295  C  0  0  0  0  0
   -4.4936    4.8320    0.6681  O  0  0  0  0  0
   -3.2137    5.1461    0.5152  C  0  0  0  0  0
   -2.5989    5.6863   -0.5848  C  0  0  0  0  0
   -1.2422    5.8278   -0.1997  C  0  0  0  0  0
   -1.0427    5.3873    1.0540  N  0  0  0  0  0
   -2.2600    4.9840    1.4660  N  0  0  0  0  0
   -2.4464    3.9598   -3.1759  C  0  0  0  0  0
   -1.7474    3.6434   -4.3422  C  0  0  0  0  0
   -1.3812    4.6163   -5.2932  C  0  0  0  0  0
  1  9  1  0  0  0
  1  6  1  0  0  0
  1  2  1  0  0  0
  2  3  1  0  0  0
  3  4  1  0  0  0
  4  5  1  0  0  0
  5 20  2  0  0  0
  5  6  1  0  0  0
  6  7  2  0  0  0
  7  8  1  0  0  0
  7 18  1  0  0  0
  8 14  1  0  0  0
  8  9  1  0  0  0
  8 10  1  0  0  0
 10 11  2  0  0  0
 11 12  1  0  0  0
 12 13  1  0  0  0
 13 17  1  0  0  0
 13 14  2  0  0  0
 14 15  1  0  0  0
 15 16  2  0  0  0
 16 17  1  0  0  0
 18 19  2  0  0  0
 19 20  1  0  0  0
M  END
$$$$
C12=C(OC=CC13c4c5c(ccc4)CCCN5C3)NN=C2
  -ISIS-

 20 24  0  0  0  0  0  0  0  0  1
   -2.7559    7.5340   -3.4883  N  0  0  0  0  0
   -2.3901    8.7176   -4.2812  C  0  0  0  0  0
   -2.2197    8.3123   -5.7745  C  0  0  0  0  0
   -1.2940    7.0952   -5.9948  C  0  0  0  0  0
   -1.7016    5.9620   -5.0829  C  0  0  0  0  0
   -2.3732    6.2549   -3.9052  C  0  0  0  0  0
   -2.7357    5.2953   -2.9570  C  0  0  0  0  0
   -3.4075    5.9903   -1.7982  C  0  0  0  0  0
   -3.3005    7.4925   -2.1961  C  0  0  0  0  0
   -4.8731    5.6118   -1.5942  C  0  0  0  0  0
   -5.3366    5.0799   -0.4295  C  0  0  0  0  0
   -4.4936    4.8320    0.6681  O  0  0  0  0  0
   -3.2137    5.1461    0.5152  C  0  0  0  0  0
   -2.5989    5.6863   -0.5848  C  0  0  0  0  0
   -1.2422    5.8278   -0.1997  C  0  0  0  0  0
   -1.0427    5.3873    1.0540  N  0  0  0  0  0
   -2.2600    4.9840    1.4660  N  0  0  0  0  0
   -2.4464    3.9598   -3.1759  C  0  0  0  0  0
   -1.7474    3.6434   -4.3422  C  0  0  0  0  0
   -1.3812    4.6163   -5.2932  C  0  0  0  0  0
  1  9  1  0  0  0
  1  6  1  0  0  0
  1  2  1  0  0  0
  2  3  1  0  0  0
  3  4  1  0  0  0
  4  5  1  0  0  0
  5 20  2  0  0  0
  5  6  1  0  0  0
  6  7  2  0  0  0
  7  8  1  0  0  0
  7 18  1  0  0  0
  8 14  1  0  0  0
  8  9  1  0  0  0
  8 10  1  0  0  0
 10 11  2  0  0  0
 11 12  1  0  0  0
 12 13  1  0  0  0
 13 17  1  0  0  0
 13 14  2  0  0  0
 14 15  1  0  0  0
 15 16  2  0  0  0
 16 17  1  0  0  0
 18 19  2  0  0  0
 19 20  1  0  0  0
M  END
$$$$
C12=C(OC=CC13c4c5c(ccc4)CCCN5C3)NN=C2
  -ISIS-

 20 24  0  0  0  0  0  0  0  0  1
   -2.7559    7.5340   -3.4883  N  0  0  0  0  0
   -2.3901    8.7176   -4.2812  C  0  0  0  0  0
   -2.2197    8.3123   -5.7745  C  0  0  0  0  0
   -1.2940    7.0952   -5.9948  C  0  0  0  0  0
   -1.7016    5.9620   -5.0829  C  0  0  0  0  0
   -2.3732    6.2549   -3.9052  C  0  0  0  0  0
   -2.7357    5.2953   -2.9570  C  0  0  0  0  0
   -3.4075    5.9903   -1.7982  C  0  0  0  0  0
   -3.3005    7.4925   -2.1961  C  0  0  0  0  0
   -4.8731    5.6118   -1.5942  C  0  0  0  0  0
   -5.3366    5.0799   -0.4295  C  0  0  0  0  0
   -4.4936    4.8320    0.6681  O  0  0  0  0  0
   -3.2137    5.1461    0.5152  C  0  0  0  0  0
   -2.5989    5.6863   -0.5848  C  0  0  0  0  0
   -1.2422    5.8278   -0.1997  C  0  0  0  0  0
   -1.0427    5.3873    1.0540  N  0  0  0  0  0
   -2.2600    4.9840    1.4660  N  0  0  0  0  0
   -2.4464    3.9598   -3.1759  C  0  0  0  0  0
   -1.7474    3.6434   -4.3422  C  0  0  0  0  0
   -1.3812    4.6163   -5.2932  C  0  0  0  0  0
  1  9  1  0  0  0
  1  6  1  0  0  0
  1  2  1  0  0  0
  2  3  1  0  0  0
  3  4  1  0  0  0
  4  5  1  0  0  0
  5 20  2  0  0  0
  5  6  1  0  0  0
  6  7  2  0  0  0
  7  8  1  0  0  0
  7 18  1  0  0  0
  8 14  1  0  0  0
  8  9  1  0  0  0
  8 10  1  0  0  0
 10 11  2  0  0  0
 11 12  1  0  0  0
 12 13  1  0  0  0
 13 17  1  0  0  0
 13 14  2  0  0  0
 14 15  1  0  0  0
 15 16  2  0  0  0
 16 17  1  0  0  0
 18 19  2  0  0  0
 19 20  1  0  0  0
M  END
$$$$
C12=C(OC=CC13c4c5c(ccc4)CCCN5C3)NN=C2
  -ISIS-

 20 24  0  0  0  0  0  0  0  0  1
   -2.7559    7.5340   -3.4883  N  0  0  0  0  0
   -2.3901    8.7176   -4.2812  C  0  0  0  0  0
   -2.2197    8.3123   -5.7745  C  0  0  0  0  0
   -1.2940    7.0952   -5.9948  C  0  0  0  0  0
   -1.7016    5.9620   -5.0829  C  0  0  0  0  0
   -2.3732    6.2549   -3.9052  C  0  0  0  0  0
   -2.7357    5.2953   -2.9570  C  0  0  0  0  0
   -3.4075    5.9903   -1.7982  C  0  0  0  0  0
   -3.3005    7.4925   -2.1961  C  0  0  0  0  0
   -4.8731    5.6118   -1.5942  C  0  0  0  0  0
   -5.3366    5.0799   -0.4295  C  0  0  0  0  0
   -4.4936    4.8320    0.6681  O  0  0  0  0  0
   -3.2137    5.1461    0.5152  C  0  0  0  0  0
   -2.5989    5.6863   -0.5848  C  0  0  0  0  0
   -1.2422    5.8278   -0.1997  C  0  0  0  0  0
   -1.0427    5.3873    1.0540  N  0  0  0  0  0
   -2.2600    4.9840    1.4660  N  0  0  0  0  0
   -2.4464    3.9598   -3.1759  C  0  0  0  0  0
   -1.7474    3.6434   -4.3422  C  0  0  0  0  0
   -1.3812    4.6163   -5.2932  C  0  0  0  0  0
  1  9  1  0  0  0
  1  6  1  0  0  0
  1  2  1  0  0  0
  2  3  1  0  0  0
  3  4  1  0  0  0
  4  5  1  0  0  0
  5 20  2  0  0  0
  5  6  1  0  0  0
  6  7  2  0  0  0
  7  8  1  0  0  0
  7 18  1  0  0  0
  8 14  1  0  0  0
  8  9  1  0  0  0
  8 10  1  0  0  0
 10 11  2  0  0  0
 11 12  1  0  0  0
 12 13  1  0  0  0
 13 17  1  0  0  0
 13 14  2  0  0  0
 14 15  1  0  0  0
 15 16  2  0  0  0
 16 17  1  0  0  0
 18 19  2  0  0  0
 19 20  1  0  0  0
M  END
$$$$
C12=C(OC=CC13c4c5c(ccc4)CCCN5C3)NN=C2
  -ISIS-

 20 24  0  0  0  0  0  0  0  0  1
   -2.7559    7.5340   -3.4883  N  0  0  0  0  0
   -2.3901    8.7176   -4.2812  C  0  0  0  0  0
   -2.2197    8.3123   -5.7745  C  0  0  0  0  0
   -1.2940    7.0952   -5.9948  C  0  0  0  0  0
   -1.7016    5.9620   -5.0829  C  0  0  0  0  0
   -2.3732    6.2549   -3.9052  C  0  0  0  0  0
   -2.7357    5.2953   -2.9570  C  0  0  0  0  0
   -3.4075    5.9903   -1.7982  C  0  0  0  0  0
   -3.3005    7.4925   -2.1961  C  0  0  0  0  0
   -4.8731    5.6118   -1.5942  C  0  0  0  0  0
   -5.3366    5.0799   -0.4295  C  0  0  0  0  0
   -4.4936    4.8320    0.6681  O  0  0  0  0  0
   -3.2137    5.1461    0.5152  C  0  0  0  0  0
   -2.5989    5.6863   -0.5848  C  0  0  0  0  0
   -1.2422    5.8278   -0.1997  C  0  0  0  0  0
   -1.0427    5.3873    1.0540  N  0  0  0  0  0
   -2.2600    4.9840    1.4660  N  0  0  0  0  0
   -2.4464    3.9598   -3.1759  C  0  0  0  0  0
   -1.7474    3.6434   -4.3422  C  0  0  0  0  0
   -1.3812    4.6163   -5.2932  C  0  0  0  0  0
  1  9  1  0  0  0
  1  6  1  0  0  0
  1  2  1  0  0  0
  2  3  1  0  0  0
  3  4  1  0  0  0
  4  5  1  0  0  0
  5 20  2  0  0  0
  5  6  1  0  0  0
  6  7  2  0  0  0
  7  8  1  0  0  0
  7 18  1  0  0  0
  8 14  1  0  0  0
  8  9  1  0  0  0
  8 10  1  0  0  0
 10 11  2  0  0  0
 11 12  1  0  0  0
 12 13  1  0  0  0
 13 17  1  0  0  0
 13 14  2  0  0  0
 14 15  1  0  0  0
 15 16  2  0  0  0
 16 17  1  0  0  0
 18 19  2  0  0  0
 19 20  1  0  0  0
M  END
$$$$
C12=C(OC=CC13c4c5c(ccc4)CCCN5C3)NN=C2
  -ISIS-

 20 24  0  0  0  0  0  0  0  0  1
    3.1625   -8.7723    0.5220  N  0  0  0  0  0
    1.7914   -8.5331    0.9961  C  0  0  0  0  0
    0.8034   -9.5231    0.3046  C  0  0  0  0  0
    1.2457  -11.0006    0.2255  C  0  0  0  0  0
    2.7011  -11.1087   -0.1389  C  0  0  0  0  0
    3.5411  -10.0286    0.0410  C  0  0  0  0  0
    4.9058  -10.0696   -0.2321  C  0  0  0  0  0
    5.5143   -8.7423    0.1488  C  0  0  0  0  0
    4.2869   -7.9491    0.6883  C  0  0  0  0  0
    6.5925   -8.8306    1.2271  C  0  0  0  0  0
    7.8685   -8.4013    1.0227  C  0  0  0  0  0
    8.2859   -7.8513   -0.2024  O  0  0  0  0  0
    7.3666   -7.7584   -1.1547  C  0  0  0  0  0
    6.0508   -8.1395   -1.1026  C  0  0  0  0  0
    5.5292   -7.7918   -2.3736  C  0  0  0  0  0
    6.4775   -7.2542   -3.1595  N  0  0  0  0  0
    7.5831   -7.2400   -2.3893  N  0  0  0  0  0
    5.4822  -11.2292   -0.7277  C  0  0  0  0  0
    4.6620  -12.3508   -0.9308  C  0  0  0  0  0
    3.2790  -12.2809   -0.6425  C  0  0  0  0  0
  1  9  1  0  0  0
  1  6  1  0  0  0
  1  2  1  0  0  0
  2  3  1  0  0  0
  3  4  1  0  0  0
  4  5  1  0  0  0
  5 20  2  0  0  0
  5  6  1  0  0  0
  6  7  2  0  0  0
  7  8  1  0  0  0
  7 18  1  0  0  0
  8 14  1  0  0  0
  8  9  1  0  0  0
  8 10  1  0  0  0
 10 11  2  0  0  0
 11 12  1  0  0  0
 12 13  1  0  0  0
 13 17  1  0  0  0
 13 14  2  0  0  0
 14 15  1  0  0  0
 15 16  2  0  0  0
 16 17  1  0  0  0
 18 19  2  0  0  0
 19 20  1  0  0  0
M  END
$$$$
C12=C(OC=CC13c4c5c(ccc4)CCCN5C3)NN=C2
  -ISIS-

 20 24  0  0  0  0  0  0  0  0  1
    3.1625   -8.7723    0.5220  N  0  0  0  0  0
    1.7914   -8.5331    0.9961  C  0  0  0  0  0
    0.8034   -9.5231    0.3046  C  0  0  0  0  0
    1.2457  -11.0006    0.2255  C  0  0  0  0  0
    2.7011  -11.1087   -0.1389  C  0  0  0  0  0
    3.5411  -10.0286    0.0410  C  0  0  0  0  0
    4.9058  -10.0696   -0.2321  C  0  0  0  0  0
    5.5143   -8.7423    0.1488  C  0  0  0  0  0
    4.2869   -7.9491    0.6883  C  0  0  0  0  0
    6.5925   -8.8306    1.2271  C  0  0  0  0  0
    7.8685   -8.4013    1.0227  C  0  0  0  0  0
    8.2859   -7.8513   -0.2024  O  0  0  0  0  0
    7.3666   -7.7584   -1.1547  C  0  0  0  0  0
    6.0508   -8.1395   -1.1026  C  0  0  0  0  0
    5.5292   -7.7918   -2.3736  C  0  0  0  0  0
    6.4775   -7.2542   -3.1595  N  0  0  0  0  0
    7.5831   -7.2400   -2.3893  N  0  0  0  0  0
    5.4822  -11.2292   -0.7277  C  0  0  0  0  0
    4.6620  -12.3508   -0.9308  C  0  0  0  0  0
    3.2790  -12.2809   -0.6425  C  0  0  0  0  0
  1  9  1  0  0  0
  1  6  1  0  0  0
  1  2  1  0  0  0
  2  3  1  0  0  0
  3  4  1  0  0  0
  4  5  1  0  0  0
  5 20  2  0  0  0
  5  6  1  0  0  0
  6  7  2  0  0  0
  7  8  1  0  0  0
  7 18  1  0  0  0
  8 14  1  0  0  0
  8  9  1  0  0  0
  8 10  1  0  0  0
 10 11  2  0  0  0
 11 12  1  0  0  0
 12 13  1  0  0  0
 13 17  1  0  0  0
 13 14  2  0  0  0
 14 15  1  0  0  0
 15 16  2  0  0  0
 16 17  1  0  0  0
 18 19  2  0  0  0
 19 20  1  0  0  0
M  END
$$$$
C12=C(OC=CC13c4c5c(ccc4)CCCN5C3)NN=C2
  -ISIS-

 20 24  0  0  0  0  0  0  0  0  1
    3.1625   -8.7723    0.5220  N  0  0  0  0  0
    1.7914   -8.5331    0.9961  C  0  0  0  0  0
    0.8034   -9.5231    0.3046  C  0  0  0  0  0
    1.2457  -11.0006    0.2255  C  0  0  0  0  0
    2.7011  -11.1087   -0.1389  C  0  0  0  0  0
    3.5411  -10.0286    0.0410  C  0  0  0  0  0
    4.9058  -10.0696   -0.2321  C  0  0  0  0  0
    5.5143   -8.7423    0.1488  C  0  0  0  0  0
    4.2869   -7.9491    0.6883  C  0  0  0  0  0
    6.5925   -8.8306    1.2271  C  0  0  0  0  0
    7.8685   -8.4013    1.0227  C  0  0  0  0  0
    8.2859   -7.8513   -0.2024  O  0  0  0  0  0
    7.3666   -7.7584   -1.1547  C  0  0  0  0  0
    6.0508   -8.1395   -1.1026  C  0  0  0  0  0
    5.5292   -7.7918   -2.3736  C  0  0  0  0  0
    6.4775   -7.2542   -3.1595  N  0  0  0  0  0
    7.5831   -7.2400   -2.3893  N  0  0  0  0  0
    5.4822  -11.2292   -0.7277  C  0  0  0  0  0
    4.6620  -12.3508   -0.9308  C  0  0  0  0  0
    3.2790  -12.2809   -0.6425  C  0  0  0  0  0
  1  9  1  0  0  0
  1  6  1  0  0  0
  1  2  1  0  0  0
  2  3  1  0  0  0
  3  4  1  0  0  0
  4  5  1  0  0  0
  5 20  2  0  0  0
  5  6  1  0  0  0
  6  7  2  0  0  0
  7  8  1  0  0  0
  7 18  1  0  0  0
  8 14  1  0  0  0
  8  9  1  0  0  0
  8 10  1  0  0  0
 10 11  2  0  0  0
 11 12  1  0  0  0
 12 13  1  0  0  0
 13 17  1  0  0  0
 13 14  2  0  0  0
 14 15  1  0  0  0
 15 16  2  0  0  0
 16 17  1  0  0  0
 18 19  2  0  0  0
 19 20  1  0  0  0
M  END
$$$$
C12=C(OC=CC13c4c5c(ccc4)CCCN5C3)NN=C2
  -ISIS-

 20 24  0  0  0  0  0  0  0  0  1
    3.1625   -8.7723    0.5220  N  0  0  0  0  0
    1.7914   -8.5331    0.9961  C  0  0  0  0  0
    0.8034   -9.5231    0.3046  C  0  0  0  0  0
    1.2457  -11.0006    0.2255  C  0  0  0  0  0
    2.7011  -11.1087   -0.1389  C  0  0  0  0  0
    3.5411  -10.0286    0.0410  C  0  0  0  0  0
    4.9058  -10.0696   -0.2321  C  0  0  0  0  0
    5.5143   -8.7423    0.1488  C  0  0  0  0  0
    4.2869   -7.9491    0.6883  C  0  0  0  0  0
    6.5925   -8.8306    1.2271  C  0  0  0  0  0
    7.8685   -8.4013    1.0227  C  0  0  0  0  0
    8.2859   -7.8513   -0.2024  O  0  0  0  0  0
    7.3666   -7.7584   -1.1547  C  0  0  0  0  0
    6.0508   -8.1395   -1.1026  C  0  0  0  0  0
    5.5292   -7.7918   -2.3736  C  0  0  0  0  0
    6.4775   -7.2542   -3.1595  N  0  0  0  0  0
    7.5831   -7.2400   -2.3893  N  0  0  0  0  0
    5.4822  -11.2292   -0.7277  C  0  0  0  0  0
    4.6620  -12.3508   -0.9308  C  0  0  0  0  0
    3.2790  -12.2809   -0.6425  C  0  0  0  0  0
  1  9  1  0  0  0
  1  6  1  0  0  0
  1  2  1  0  0  0
  2  3  1  0  0  0
  3  4  1  0  0  0
  4  5  1  0  0  0
  5 20  2  0  0  0
  5  6  1  0  0  0
  6  7  2  0  0  0
  7  8  1  0  0  0
  7 18  1  0  0  0
  8 14  1  0  0  0
  8  9  1  0  0  0
  8 10  1  0  0  0
 10 11  2  0  0  0
 11 12  1  0  0  0
 12 13  1  0  0  0
 13 17  1  0  0  0
 13 14  2  0  0  0
 14 15  1  0  0  0
 15 16  2  0  0  0
 16 17  1  0  0  0
 18 19  2  0  0  0
 19 20  1  0  0  0
M  END
$$$$
C12=C(OC=CC13c4c5c(ccc4)CCCN5C3)NN=C2
  -ISIS-

 20 24  0  0  0  0  0  0  0  0  1
    3.1625   -8.7723    0.5220  N  0  0  0  0  0
    1.7914   -8.5331    0.9961  C  0  0  0  0  0
    0.8034   -9.5231    0.3046  C  0  0  0  0  0
    1.2457  -11.0006    0.2255  C  0  0  0  0  0
    2.7011  -11.1087   -0.1389  C  0  0  0  0  0
    3.5411  -10.0286    0.0410  C  0  0  0  0  0
    4.9058  -10.0696   -0.2321  C  0  0  0  0  0
    5.5143   -8.7423    0.1488  C  0  0  0  0  0
    4.2869   -7.9491    0.6883  C  0  0  0  0  0
    6.5925   -8.8306    1.2271  C  0  0  0  0  0
    7.8685   -8.4013    1.0227  C  0  0  0  0  0
    8.2859   -7.8513   -0.2024  O  0  0  0  0  0
    7.3666   -7.7584   -1.1547  C  0  0  0  0  0
    6.0508   -8.1395   -1.1026  C  0  0  0  0  0
    5.5292   -7.7918   -2.3736  C  0  0  0  0  0
    6.4775   -7.2542   -3.1595  N  0  0  0  0  0
    7.5831   -7.2400   -2.3893  N  0  0  0  0  0
    5.4822  -11.2292   -0.7277  C  0  0  0  0  0
    4.6620  -12.3508   -0.9308  C  0  0  0  0  0
    3.2790  -12.2809   -0.6425  C  0  0  0  0  0
  1  9  1  0  0  0
  1  6  1  0  0  0
  1  2  1  0  0  0
  2  3  1  0  0  0
  3  4  1  0  0  0
  4  5  1  0  0  0
  5 20  2  0  0  0
  5  6  1  0  0  0
  6  7  2  0  0  0
  7  8  1  0  0  0
  7 18  1  0  0  0
  8 14  1  0  0  0
  8  9  1  0  0  0
  8 10  1  0  0  0
 10 11  2  0  0  0
 11 12  1  0  0  0
 12 13  1  0  0  0
 13 17  1  0  0  0
 13 14  2  0  0  0
 14 15  1  0  0  0
 15 16  2  0  0  0
 16 17  1  0  0  0
 18 19  2  0  0  0
 19 20  1  0  0  0
M  END
$$$$
C12=C(OC=CC13c4c5c(ccc4)CCCN5C3)NN=C2
  -ISIS-

 20 24  0  0  0  0  0  0  0  0  1
    3.1625   -8.7723    0.5220  N  0  0  0  0  0
    1.7914   -8.5331    0.9961  C  0  0  0  0  0
    0.8034   -9.5231    0.3046  C  0  0  0  0  0
    1.2457  -11.0006    0.2255  C  0  0  0  0  0
    2.7011  -11.1087   -0.1389  C  0  0  0  0  0
    3.5411  -10.0286    0.0410  C  0  0  0  0  0
    4.9058  -10.0696   -0.2321  C  0  0  0  0  0
    5.5143   -8.7423    0.1488  C  0  0  0  0  0
    4.2869   -7.9491    0.6883  C  0  0  0  0  0
    6.5925   -8.8306    1.2271  C  0  0  0  0  0
    7.8685   -8.4013    1.0227  C  0  0  0  0  0
    8.2859   -7.8513   -0.2024  O  0  0  0  0  0
    7.3666   -7.7584   -1.1547  C  0  0  0  0  0
    6.0508   -8.1395   -1.1026  C  0  0  0  0  0
    5.5292   -7.7918   -2.3736  C  0  0  0  0  0
    6.4775   -7.2542   -3.1595  N  0  0  0  0  0
    7.5831   -7.2400   -2.3893  N  0  0  0  0  0
    5.4822  -11.2292   -0.7277  C  0  0  0  0  0
    4.6620  -12.3508   -0.9308  C  0  0  0  0  0
    3.2790  -12.2809   -0.6425  C  0  0  0  0  0
  1  9  1  0  0  0
  1  6  1  0  0  0
  1  2  1  0  0  0
  2  3  1  0  0  0
  3  4  1  0  0  0
  4  5  1  0  0  0
  5 20  2  0  0  0
  5  6  1  0  0  0
  6  7  2  0  0  0
  7  8  1  0  0  0
  7 18  1  0  0  0
  8 14  1  0  0  0
  8  9  1  0  0  0
  8 10  1  0  0  0
 10 11  2  0  0  0
 11 12  1  0  0  0
 12 13  1  0  0  0
 13 17  1  0  0  0
 13 14  2  0  0  0
 14 15  1  0  0  0
 15 16  2  0  0  0
 16 17  1  0  0  0
 18 19  2  0  0  0
 19 20  1  0  0  0
M  END
$$$$
C12=C(OC=CC13c4c5c(ccc4)CCCN5C3)NN=C2
  -ISIS-

 20 24  0  0  0  0  0  0  0  0  1
    3.1625   -8.7723    0.5220  N  0  0  0  0  0
    1.7914   -8.5331    0.9961  C  0  0  0  0  0
    0.8034   -9.5231    0.3046  C  0  0  0  0  0
    1.2457  -11.0006    0.2255  C  0  0  0  0  0
    2.7011  -11.1087   -0.1389  C  0  0  0  0  0
    3.5411  -10.0286    0.0410  C  0  0  0  0  0
    4.9058  -10.0696   -0.2321  C  0  0  0  0  0
    5.5143   -8.7423    0.1488  C  0  0  0  0  0
    4.2869   -7.9491    0.6883  C  0  0  0  0  0
    6.5925   -8.8306    1.2271  C  0  0  0  0  0
    7.8685   -8.4013    1.0227  C  0  0  0  0  0
    8.2859   -7.8513   -0.2024  O  0  0  0  0  0
    7.3666   -7.7584   -1.1547  C  0  0  0  0  0
    6.0508   -8.1395   -1.1026  C  0  0  0  0  0
    5.5292   -7.7918   -2.3736  C  0  0  0  0  0
    6.4775   -7.2542   -3.1595  N  0  0  0  0  0
    7.5831   -7.2400   -2.3893  N  0  0  0  0  0
    5.4822  -11.2292   -0.7277  C  0  0  0  0  0
    4.6620  -12.3508   -0.9308  C  0  0  0  0  0
    3.2790  -12.2809   -0.6425  C  0  0  0  0  0
  1  9  1  0  0  0
  1  6  1  0  0  0
  1  2  1  0  0  0
  2  3  1  0  0  0
  3  4  1  0  0  0
  4  5  1  0  0  0
  5 20  2  0  0  0
  5  6  1  0  0  0
  6  7  2  0  0  0
  7  8  1  0  0  0
  7 18  1  0  0  0
  8 14  1  0  0  0
  8  9  1  0  0  0
  8 10  1  0  0  0
 10 11  2  0  0  0
 11 12  1  0  0  0
 12 13  1  0  0  0
 13 17  1  0  0  0
 13 14  2  0  0  0
 14 15  1  0  0  0
 15 16  2  0  0  0
 16 17  1  0  0  0
 18 19  2  0  0  0
 19 20  1  0  0  0
M  END
$$$$
C12=C(OC=CC13c4c5c(ccc4)CCCN5C3)NN=C2
  -ISIS-

 20 24  0  0  0  0  0  0  0  0  1
    4.5491    1.9344   -4.4307  N  0  0  0  0  0
    3.3669    2.0724   -5.2917  C  0  0  0  0  0
    2.2947    1.0069   -4.9046  C  0  0  0  0  0
    2.0182    0.8192   -3.3967  C  0  0  0  0  0
    3.2987    0.8282   -2.6076  C  0  0  0  0  0
    4.4400    1.3829   -3.1506  C  0  0  0  0  0
    5.6483    1.4651   -2.4628  C  0  0  0  0  0
    6.6503    2.1877   -3.3325  C  0  0  0  0  0
    5.8161    2.5176   -4.6109  C  0  0  0  0  0
    7.2487    3.4391   -2.6956  C  0  0  0  0  0
    8.5884    3.6174   -2.5305  C  0  0  0  0  0
    9.5214    2.6299   -2.8932  O  0  0  0  0  0
    9.0307    1.5100   -3.4065  C  0  0  0  0  0
    7.7199    1.1913   -3.6494  C  0  0  0  0  0
    7.7725   -0.1073   -4.2189  C  0  0  0  0  0
    9.0365   -0.5592   -4.2908  N  0  0  0  0  0
    9.7810    0.4554   -3.8104  N  0  0  0  0  0
    5.7541    0.9587   -1.1760  C  0  0  0  0  0
    4.6172    0.3811   -0.5881  C  0  0  0  0  0
    3.4019    0.3141   -1.3087  C  0  0  0  0  0
  1  9  1  0  0  0
  1  6  1  0  0  0
  1  2  1  0  0  0
  2  3  1  0  0  0
  3  4  1  0  0  0
  4  5  1  0  0  0
  5 20  2  0  0  0
  5  6  1  0  0  0
  6  7  2  0  0  0
  7  8  1  0  0  0
  7 18  1  0  0  0
  8 14  1  0  0  0
  8  9  1  0  0  0
  8 10  1  0  0  0
 10 11  2  0  0  0
 11 12  1  0  0  0
 12 13  1  0  0  0
 13 17  1  0  0  0
 13 14  2  0  0  0
 14 15  1  0  0  0
 15 16  2  0  0  0
 16 17  1  0  0  0
 18 19  2  0  0  0
 19 20  1  0  0  0
M  END
$$$$
C12=C(OC=CC13c4c5c(ccc4)CCCN5C3)NN=C2
  -ISIS-

 20 24  0  0  0  0  0  0  0  0  1
    4.5491    1.9344   -4.4307  N  0  0  0  0  0
    3.3669    2.0724   -5.2917  C  0  0  0  0  0
    2.2947    1.0069   -4.9046  C  0  0  0  0  0
    2.0182    0.8192   -3.3967  C  0  0  0  0  0
    3.2987    0.8282   -2.6076  C  0  0  0  0  0
    4.4400    1.3829   -3.1506  C  0  0  0  0  0
    5.6483    1.4651   -2.4628  C  0  0  0  0  0
    6.6503    2.1877   -3.3325  C  0  0  0  0  0
    5.8161    2.5176   -4.6109  C  0  0  0  0  0
    7.2487    3.4391   -2.6956  C  0  0  0  0  0
    8.5884    3.6174   -2.5305  C  0  0  0  0  0
    9.5214    2.6299   -2.8932  O  0  0  0  0  0
    9.0307    1.5100   -3.4065  C  0  0  0  0  0
    7.7199    1.1913   -3.6494  C  0  0  0  0  0
    7.7725   -0.1073   -4.2189  C  0  0  0  0  0
    9.0365   -0.5592   -4.2908  N  0  0  0  0  0
    9.7810    0.4554   -3.8104  N  0  0  0  0  0
    5.7541    0.9587   -1.1760  C  0  0  0  0  0
    4.6172    0.3811   -0.5881  C  0  0  0  0  0
    3.4019    0.3141   -1.3087  C  0  0  0  0  0
  1  9  1  0  0  0
  1  6  1  0  0  0
  1  2  1  0  0  0
  2  3  1  0  0  0
  3  4  1  0  0  0
  4  5  1  0  0  0
  5 20  2  0  0  0
  5  6  1  0  0  0
  6  7  2  0  0  0
  7  8  1  0  0  0
  7 18  1  0  0  0
  8 14  1  0  0  0
  8  9  1  0  0  0
  8 10  1  0  0  0
 10 11  2  0  0  0
 11 12  1  0  0  0
 12 13  1  0  0  0
 13 17  1  0  0  0
 13 14  2  0  0  0
 14 15  1  0  0  0
 15 16  2  0  0  0
 16 17  1  0  0  0
 18 19  2  0  0  0
 19 20  1  0  0  0
M  END
$$$$
C12=C(OC=CC13c4c5c(ccc4)CCCN5C3)NN=C2
  -ISIS-

 20 24  0  0  0  0  0  0  0  0  1
    4.5491    1.9344   -4.4307  N  0  0  0  0  0
    3.3669    2.0724   -5.2917  C  0  0  0  0  0
    2.2947    1.0069   -4.9046  C  0  0  0  0  0
    2.0182    0.8192   -3.3967  C  0  0  0  0  0
    3.2987    0.8282   -2.6076  C  0  0  0  0  0
    4.4400    1.3829   -3.1506  C  0  0  0  0  0
    5.6483    1.4651   -2.4628  C  0  0  0  0  0
    6.6503    2.1877   -3.3325  C  0  0  0  0  0
    5.8161    2.5176   -4.6109  C  0  0  0  0  0
    7.2487    3.4391   -2.6956  C  0  0  0  0  0
    8.5884    3.6174   -2.5305  C  0  0  0  0  0
    9.5214    2.6299   -2.8932  O  0  0  0  0  0
    9.0307    1.5100   -3.4065  C  0  0  0  0  0
    7.7199    1.1913   -3.6494  C  0  0  0  0  0
    7.7725   -0.1073   -4.2189  C  0  0  0  0  0
    9.0365   -0.5592   -4.2908  N  0  0  0  0  0
    9.7810    0.4554   -3.8104  N  0  0  0  0  0
    5.7541    0.9587   -1.1760  C  0  0  0  0  0
    4.6172    0.3811   -0.5881  C  0  0  0  0  0
    3.4019    0.3141   -1.3087  C  0  0  0  0  0
  1  9  1  0  0  0
  1  6  1  0  0  0
  1  2  1  0  0  0
  2  3  1  0  0  0
  3  4  1  0  0  0
  4  5  1  0  0  0
  5 20  2  0  0  0
  5  6  1  0  0  0
  6  7  2  0  0  0
  7  8  1  0  0  0
  7 18  1  0  0  0
  8 14  1  0  0  0
  8  9  1  0  0  0
  8 10  1  0  0  0
 10 11  2  0  0  0
 11 12  1  0  0  0
 12 13  1  0  0  0
 13 17  1  0  0  0
 13 14  2  0  0  0
 14 15  1  0  0  0
 15 16  2  0  0  0
 16 17  1  0  0  0
 18 19  2  0  0  0
 19 20  1  0  0  0
M  END
$$$$
C12=C(OC=CC13c4c5c(ccc4)CCCN5C3)NN=C2
  -ISIS-

 20 24  0  0  0  0  0  0  0  0  1
    4.5491    1.9344   -4.4307  N  0  0  0  0  0
    3.3669    2.0724   -5.2917  C  0  0  0  0  0
    2.2947    1.0069   -4.9046  C  0  0  0  0  0
    2.0182    0.8192   -3.3967  C  0  0  0  0  0
    3.2987    0.8282   -2.6076  C  0  0  0  0  0
    4.4400    1.3829   -3.1506  C  0  0  0  0  0
    5.6483    1.4651   -2.4628  C  0  0  0  0  0
    6.6503    2.1877   -3.3325  C  0  0  0  0  0
    5.8161    2.5176   -4.6109  C  0  0  0  0  0
    7.2487    3.4391   -2.6956  C  0  0  0  0  0
    8.5884    3.6174   -2.5305  C  0  0  0  0  0
    9.5214    2.6299   -2.8932  O  0  0  0  0  0
    9.0307    1.5100   -3.4065  C  0  0  0  0  0
    7.7199    1.1913   -3.6494  C  0  0  0  0  0
    7.7725   -0.1073   -4.2189  C  0  0  0  0  0
    9.0365   -0.5592   -4.2908  N  0  0  0  0  0
    9.7810    0.4554   -3.8104  N  0  0  0  0  0
    5.7541    0.9587   -1.1760  C  0  0  0  0  0
    4.6172    0.3811   -0.5881  C  0  0  0  0  0
    3.4019    0.3141   -1.3087  C  0  0  0  0  0
  1  9  1  0  0  0
  1  6  1  0  0  0
  1  2  1  0  0  0
  2  3  1  0  0  0
  3  4  1  0  0  0
  4  5  1  0  0  0
  5 20  2  0  0  0
  5  6  1  0  0  0
  6  7  2  0  0  0
  7  8  1  0  0  0
  7 18  1  0  0  0
  8 14  1  0  0  0
  8  9  1  0  0  0
  8 10  1  0  0  0
 10 11  2  0  0  0
 11 12  1  0  0  0
 12 13  1  0  0  0
 13 17  1  0  0  0
 13 14  2  0  0  0
 14 15  1  0  0  0
 15 16  2  0  0  0
 16 17  1  0  0  0
 18 19  2  0  0  0
 19 20  1  0  0  0
M  END
$$$$
C12=C(OC=CC13c4c5c(ccc4)CCCN5C3)NN=C2
  -ISIS-

 20 24  0  0  0  0  0  0  0  0  1
    4.5491    1.9344   -4.4307  N  0  0  0  0  0
    3.3669    2.0724   -5.2917  C  0  0  0  0  0
    2.2947    1.0069   -4.9046  C  0  0  0  0  0
    2.0182    0.8192   -3.3967  C  0  0  0  0  0
    3.2987    0.8282   -2.6076  C  0  0  0  0  0
    4.4400    1.3829   -3.1506  C  0  0  0  0  0
    5.6483    1.4651   -2.4628  C  0  0  0  0  0
    6.6503    2.1877   -3.3325  C  0  0  0  0  0
    5.8161    2.5176   -4.6109  C  0  0  0  0  0
    7.2487    3.4391   -2.6956  C  0  0  0  0  0
    8.5884    3.6174   -2.5305  C  0  0  0  0  0
    9.5214    2.6299   -2.8932  O  0  0  0  0  0
    9.0307    1.5100   -3.4065  C  0  0  0  0  0
    7.7199    1.1913   -3.6494  C  0  0  0  0  0
    7.7725   -0.1073   -4.2189  C  0  0  0  0  0
    9.0365   -0.5592   -4.2908  N  0  0  0  0  0
    9.7810    0.4554   -3.8104  N  0  0  0  0  0
    5.7541    0.9587   -1.1760  C  0  0  0  0  0
    4.6172    0.3811   -0.5881  C  0  0  0  0  0
    3.4019    0.3141   -1.3087  C  0  0  0  0  0
  1  9  1  0  0  0
  1  6  1  0  0  0
  1  2  1  0  0  0
  2  3  1  0  0  0
  3  4  1  0  0  0
  4  5  1  0  0  0
  5 20  2  0  0  0
  5  6  1  0  0  0
  6  7  2  0  0  0
  7  8  1  0  0  0
  7 18  1  0  0  0
  8 14  1  0  0  0
  8  9  1  0  0  0
  8 10  1  0  0  0
 10 11  2  0  0  0
 11 12  1  0  0  0
 12 13  1  0  0  0
 13 17  1  0  0  0
 13 14  2  0  0  0
 14 15  1  0  0  0
 15 16  2  0  0  0
 16 17  1  0  0  0
 18 19  2  0  0  0
 19 20  1  0  0  0
M  END
$$$$
C12=C(OC=CC13c4c5c(ccc4)CCCN5C3)NN=C2
  -ISIS-

 20 24  0  0  0  0  0  0  0  0  1
    4.5491    1.9344   -4.4307  N  0  0  0  0  0
    3.3669    2.0724   -5.2917  C  0  0  0  0  0
    2.2947    1.0069   -4.9046  C  0  0  0  0  0
    2.0182    0.8192   -3.3967  C  0  0  0  0  0
    3.2987    0.8282   -2.6076  C  0  0  0  0  0
    4.4400    1.3829   -3.1506  C  0  0  0  0  0
    5.6483    1.4651   -2.4628  C  0  0  0  0  0
    6.6503    2.1877   -3.3325  C  0  0  0  0  0
    5.8161    2.5176   -4.6109  C  0  0  0  0  0
    7.2487    3.4391   -2.6956  C  0  0  0  0  0
    8.5884    3.6174   -2.5305  C  0  0  0  0  0
    9.5214    2.6299   -2.8932  O  0  0  0  0  0
    9.0307    1.5100   -3.4065  C  0  0  0  0  0
    7.7199    1.1913   -3.6494  C  0  0  0  0  0
    7.7725   -0.1073   -4.2189  C  0  0  0  0  0
    9.0365   -0.5592   -4.2908  N  0  0  0  0  0
    9.7810    0.4554   -3.8104  N  0  0  0  0  0
    5.7541    0.9587   -1.1760  C  0  0  0  0  0
    4.6172    0.3811   -0.5881  C  0  0  0  0  0
    3.4019    0.3141   -1.3087  C  0  0  0  0  0
  1  9  1  0  0  0
  1  6  1  0  0  0
  1  2  1  0  0  0
  2  3  1  0  0  0
  3  4  1  0  0  0
  4  5  1  0  0  0
  5 20  2  0  0  0
  5  6  1  0  0  0
  6  7  2  0  0  0
  7  8  1  0  0  0
  7 18  1  0  0  0
  8 14  1  0  0  0
  8  9  1  0  0  0
  8 10  1  0  0  0
 10 11  2  0  0  0
 11 12  1  0  0  0
 12 13  1  0  0  0
 13 17  1  0  0  0
 13 14  2  0  0  0
 14 15  1  0  0  0
 15 16  2  0  0  0
 16 17  1  0  0  0
 18 19  2  0  0  0
 19 20  1  0  0  0
M  END
$$$$
C12=C(OC=CC13c4c5c(ccc4)CCCN5C3)NN=C2
  -ISIS-

 20 24  0  0  0  0  0  0  0  0  1
    4.5491    1.9344   -4.4307  N  0  0  0  0  0
    3.3669    2.0724   -5.2917  C  0  0  0  0  0
    2.2947    1.0069   -4.9046  C  0  0  0  0  0
    2.0182    0.8192   -3.3967  C  0  0  0  0  0
    3.2987    0.8282   -2.6076  C  0  0  0  0  0
    4.4400    1.3829   -3.1506  C  0  0  0  0  0
    5.6483    1.4651   -2.4628  C  0  0  0  0  0
    6.6503    2.1877   -3.3325  C  0  0  0  0  0
    5.8161    2.5176   -4.6109  C  0  0  0  0  0
    7.2487    3.4391   -2.6956  C  0  0  0  0  0
    8.5884    3.6174   -2.5305  C  0  0  0  0  0
    9.5214    2.6299   -2.8932  O  0  0  0  0  0
    9.0307    1.5100   -3.4065  C  0  0  0  0  0
    7.7199    1.1913   -3.6494  C  0  0  0  0  0
    7.7725   -0.1073   -4.2189  C  0  0  0  0  0
    9.0365   -0.5592   -4.2908  N  0  0  0  0  0
    9.7810    0.4554   -3.8104  N  0  0  0  0  0
    5.7541    0.9587   -1.1760  C  0  0  0  0  0
    4.6172    0.3811   -0.5881  C  0  0  0  0  0
    3.4019    0.3141   -1.3087  C  0  0  0  0  0
  1  9  1  0  0  0
  1  6  1  0  0  0
  1  2  1  0  0  0
  2  3  1  0  0  0
  3  4  1  0  0  0
  4  5  1  0  0  0
  5 20  2  0  0  0
  5  6  1  0  0  0
  6  7  2  0  0  0
  7  8  1  0  0  0
  7 18  1  0  0  0
  8 14  1  0  0  0
  8  9  1  0  0  0
  8 10  1  0  0  0
 10 11  2  0  0  0
 11 12  1  0  0  0
 12 13  1  0  0  0
 13 17  1  0  0  0
 13 14  2  0  0  0
 14 15  1  0  0  0
 15 16  2  0  0  0
 16 17  1  0  0  0
 18 19  2  0  0  0
 19 20  1  0  0  0
M  END
$$$$
C12=C(OC=CC13c4c5c(ccc4)CCCN5C3)NN=C2
  -ISIS-

 20 24  0  0  0  0  0  0  0  0  1
   -5.6702    4.7242   -0.8618  N  0  0  0  0  0
   -6.8577    5.1609   -1.6111  C  0  0  0  0  0
   -8.0930    4.3338   -1.1567  C  0  0  0  0  0
   -7.8622    2.8080   -1.1722  C  0  0  0  0  0
   -6.5801    2.4702   -0.4473  C  0  0  0  0  0
   -5.5816    3.4230   -0.3527  C  0  0  0  0  0
   -4.3339    3.1925    0.2414  C  0  0  0  0  0
   -3.5108    4.4580    0.0890  C  0  0  0  0  0
   -4.4485    5.3911   -0.7291  C  0  0  0  0  0
   -3.1425    5.1705    1.3895  C  0  0  0  0  0
   -1.8557    5.4757    1.7158  C  0  0  0  0  0
   -0.7719    5.1348    0.8867  O  0  0  0  0  0
   -1.0622    4.4858   -0.2338  C  0  0  0  0  0
   -2.2958    4.1135   -0.7022  C  0  0  0  0  0
   -2.0286    3.4734   -1.9377  C  0  0  0  0  0
   -0.7095    3.4322   -2.1907  N  0  0  0  0  0
   -0.1474    4.0673   -1.1436  N  0  0  0  0  0
   -4.0506    1.9510    0.8194  C  0  0  0  0  0
   -5.0375    0.9403    0.7058  C  0  0  0  0  0
   -6.2806    1.2116    0.0801  C  0  0  0  0  0
  1  9  1  0  0  0
  1  6  1  0  0  0
  1  2  1  0  0  0
  2  3  1  0  0  0
  3  4  1  0  0  0
  4  5  1  0  0  0
  5 20  2  0  0  0
  5  6  1  0  0  0
  6  7  2  0  0  0
  7  8  1  0  0  0
  7 18  1  0  0  0
  8 14  1  0  0  0
  8  9  1  0  0  0
  8 10  1  0  0  0
 10 11  2  0  0  0
 11 12  1  0  0  0
 12 13  1  0  0  0
 13 17  1  0  0  0
 13 14  2  0  0  0
 14 15  1  0  0  0
 15 16  2  0  0  0
 16 17  1  0  0  0
 18 19  2  0  0  0
 19 20  1  0  0  0
M  END
$$$$
C12=C(OC=CC13c4c5c(ccc4)CCCN5C3)NN=C2
  -ISIS-

 20 24  0  0  0  0  0  0  0  0  1
   -5.6702    4.7242   -0.8618  N  0  0  0  0  0
   -6.8577    5.1609   -1.6111  C  0  0  0  0  0
   -8.0930    4.3338   -1.1567  C  0  0  0  0  0
   -7.8622    2.8080   -1.1722  C  0  0  0  0  0
   -6.5801    2.4702   -0.4473  C  0  0  0  0  0
   -5.5816    3.4230   -0.3527  C  0  0  0  0  0
   -4.3339    3.1925    0.2414  C  0  0  0  0  0
   -3.5108    4.4580    0.0890  C  0  0  0  0  0
   -4.4485    5.3911   -0.7291  C  0  0  0  0  0
   -3.1425    5.1705    1.3895  C  0  0  0  0  0
   -1.8557    5.4757    1.7158  C  0  0  0  0  0
   -0.7719    5.1348    0.8867  O  0  0  0  0  0
   -1.0622    4.4858   -0.2338  C  0  0  0  0  0
   -2.2958    4.1135   -0.7022  C  0  0  0  0  0
   -2.0286    3.4734   -1.9377  C  0  0  0  0  0
   -0.7095    3.4322   -2.1907  N  0  0  0  0  0
   -0.1474    4.0673   -1.1436  N  0  0  0  0  0
   -4.0506    1.9510    0.8194  C  0  0  0  0  0
   -5.0375    0.9403    0.7058  C  0  0  0  0  0
   -6.2806    1.2116    0.0801  C  0  0  0  0  0
  1  9  1  0  0  0
  1  6  1  0  0  0
  1  2  1  0  0  0
  2  3  1  0  0  0
  3  4  1  0  0  0
  4  5  1  0  0  0
  5 20  2  0  0  0
  5  6  1  0  0  0
  6  7  2  0  0  0
  7  8  1  0  0  0
  7 18  1  0  0  0
  8 14  1  0  0  0
  8  9  1  0  0  0
  8 10  1  0  0  0
 10 11  2  0  0  0
 11 12  1  0  0  0
 12 13  1  0  0  0
 13 17  1  0  0  0
 13 14  2  0  0  0
 14 15  1  0  0  0
 15 16  2  0  0  0
 16 17  1  0  0  0
 18 19  2  0  0  0
 19 20  1  0  0  0
M  END
$$$$
C12=C(OC=CC13c4c5c(ccc4)CCCN5C3)NN=C2
  -ISIS-

 20 24  0  0  0  0  0  0  0  0  1
   -5.6702    4.7242   -0.8618  N  0  0  0  0  0
   -6.8577    5.1609   -1.6111  C  0  0  0  0  0
   -8.0930    4.3338   -1.1567  C  0  0  0  0  0
   -7.8622    2.8080   -1.1722  C  0  0  0  0  0
   -6.5801    2.4702   -0.4473  C  0  0  0  0  0
   -5.5816    3.4230   -0.3527  C  0  0  0  0  0
   -4.3339    3.1925    0.2414  C  0  0  0  0  0
   -3.5108    4.4580    0.0890  C  0  0  0  0  0
   -4.4485    5.3911   -0.7291  C  0  0  0  0  0
   -3.1425    5.1705    1.3895  C  0  0  0  0  0
   -1.8557    5.4757    1.7158  C  0  0  0  0  0
   -0.7719    5.1348    0.8867  O  0  0  0  0  0
   -1.0622    4.4858   -0.2338  C  0  0  0  0  0
   -2.2958    4.1135   -0.7022  C  0  0  0  0  0
   -2.0286    3.4734   -1.9377  C  0  0  0  0  0
   -0.7095    3.4322   -2.1907  N  0  0  0  0  0
   -0.1474    4.0673   -1.1436  N  0  0  0  0  0
   -4.0506    1.9510    0.8194  C  0  0  0  0  0
   -5.0375    0.9403    0.7058  C  0  0  0  0  0
   -6.2806    1.2116    0.0801  C  0  0  0  0  0
  1  9  1  0  0  0
  1  6  1  0  0  0
  1  2  1  0  0  0
  2  3  1  0  0  0
  3  4  1  0  0  0
  4  5  1  0  0  0
  5 20  2  0  0  0
  5  6  1  0  0  0
  6  7  2  0  0  0
  7  8  1  0  0  0
  7 18  1  0  0  0
  8 14  1  0  0  0
  8  9  1  0  0  0
  8 10  1  0  0  0
 10 11  2  0  0  0
 11 12  1  0  0  0
 12 13  1  0  0  0
 13 17  1  0  0  0
 13 14  2  0  0  0
 14 15  1  0  0  0
 15 16  2  0  0  0
 16 17  1  0  0  0
 18 19  2  0  0  0
 19 20  1  0  0  0
M  END
$$$$
C12=C(OC=CC13c4c5c(ccc4)CCCN5C3)NN=C2
  -ISIS-

 20 24  0  0  0  0  0  0  0  0  1
   -5.6702    4.7242   -0.8618  N  0  0  0  0  0
   -6.8577    5.1609   -1.6111  C  0  0  0  0  0
   -8.0930    4.3338   -1.1567  C  0  0  0  0  0
   -7.8622    2.8080   -1.1722  C  0  0  0  0  0
   -6.5801    2.4702   -0.4473  C  0  0  0  0  0
   -5.5816    3.4230   -0.3527  C  0  0  0  0  0
   -4.3339    3.1925    0.2414  C  0  0  0  0  0
   -3.5108    4.4580    0.0890  C  0  0  0  0  0
   -4.4485    5.3911   -0.7291  C  0  0  0  0  0
   -3.1425    5.1705    1.3895  C  0  0  0  0  0
   -1.8557    5.4757    1.7158  C  0  0  0  0  0
   -0.7719    5.1348    0.8867  O  0  0  0  0  0
   -1.0622    4.4858   -0.2338  C  0  0  0  0  0
   -2.2958    4.1135   -0.7022  C  0  0  0  0  0
   -2.0286    3.4734   -1.9377  C  0  0  0  0  0
   -0.7095    3.4322   -2.1907  N  0  0  0  0  0
   -0.1474    4.0673   -1.1436  N  0  0  0  0  0
   -4.0506    1.9510    0.8194  C  0  0  0  0  0
   -5.0375    0.9403    0.7058  C  0  0  0  0  0
   -6.2806    1.2116    0.0801  C  0  0  0  0  0
  1  9  1  0  0  0
  1  6  1  0  0  0
  1  2  1  0  0  0
  2  3  1  0  0  0
  3  4  1  0  0  0
  4  5  1  0  0  0
  5 20  2  0  0  0
  5  6  1  0  0  0
  6  7  2  0  0  0
  7  8  1  0  0  0
  7 18  1  0  0  0
  8 14  1  0  0  0
  8  9  1  0  0  0
  8 10  1  0  0  0
 10 11  2  0  0  0
 11 12  1  0  0  0
 12 13  1  0  0  0
 13 17  1  0  0  0
 13 14  2  0  0  0
 14 15  1  0  0  0
 15 16  2  0  0  0
 16 17  1  0  0  0
 18 19  2  0  0  0
 19 20  1  0  0  0
M  END
$$$$
C12=C(OC=CC13c4c5c(ccc4)CCCN5C3)NN=C2
  -ISIS-

 20 24  0  0  0  0  0  0  0  0  1
   -5.6702    4.7242   -0.8618  N  0  0  0  0  0
   -6.8577    5.1609   -1.6111  C  0  0  0  0  0
   -8.0930    4.3338   -1.1567  C  0  0  0  0  0
   -7.8622    2.8080   -1.1722  C  0  0  0  0  0
   -6.5801    2.4702   -0.4473  C  0  0  0  0  0
   -5.5816    3.4230   -0.3527  C  0  0  0  0  0
   -4.3339    3.1925    0.2414  C  0  0  0  0  0
   -3.5108    4.4580    0.0890  C  0  0  0  0  0
   -4.4485    5.3911   -0.7291  C  0  0  0  0  0
   -3.1425    5.1705    1.3895  C  0  0  0  0  0
   -1.8557    5.4757    1.7158  C  0  0  0  0  0
   -0.7719    5.1348    0.8867  O  0  0  0  0  0
   -1.0622    4.4858   -0.2338  C  0  0  0  0  0
   -2.2958    4.1135   -0.7022  C  0  0  0  0  0
   -2.0286    3.4734   -1.9377  C  0  0  0  0  0
   -0.7095    3.4322   -2.1907  N  0  0  0  0  0
   -0.1474    4.0673   -1.1436  N  0  0  0  0  0
   -4.0506    1.9510    0.8194  C  0  0  0  0  0
   -5.0375    0.9403    0.7058  C  0  0  0  0  0
   -6.2806    1.2116    0.0801  C  0  0  0  0  0
  1  9  1  0  0  0
  1  6  1  0  0  0
  1  2  1  0  0  0
  2  3  1  0  0  0
  3  4  1  0  0  0
  4  5  1  0  0  0
  5 20  2  0  0  0
  5  6  1  0  0  0
  6  7  2  0  0  0
  7  8  1  0  0  0
  7 18  1  0  0  0
  8 14  1  0  0  0
  8  9  1  0  0  0
  8 10  1  0  0  0
 10 11  2  0  0  0
 11 12  1  0  0  0
 12 13  1  0  0  0
 13 17  1  0  0  0
 13 14  2  0  0  0
 14 15  1  0  0  0
 15 16  2  0  0  0
 16 17  1  0  0  0
 18 19  2  0  0  0
 19 20  1  0  0  0
M  END
$$$$
C12=C(OC=CC13c4c5c(ccc4)CCCN5C3)NN=C2
  -ISIS-

 20 24  0  0  0  0  0  0  0  0  1
   -5.6702    4.7242   -0.8618  N  0  0  0  0  0
   -6.8577    5.1609   -1.6111  C  0  0  0  0  0
   -8.0930    4.3338   -1.1567  C  0  0  0  0  0
   -7.8622    2.8080   -1.1722  C  0  0  0  0  0
   -6.5801    2.4702   -0.4473  C  0  0  0  0  0
   -5.5816    3.4230   -0.3527  C  0  0  0  0  0
   -4.3339    3.1925    0.2414  C  0  0  0  0  0
   -3.5108    4.4580    0.0890  C  0  0  0  0  0
   -4.4485    5.3911   -0.7291  C  0  0  0  0  0
   -3.1425    5.1705    1.3895  C  0  0  0  0  0
   -1.8557    5.4757    1.7158  C  0  0  0  0  0
   -0.7719    5.1348    0.8867  O  0  0  0  0  0
   -1.0622    4.4858   -0.2338  C  0  0  0  0  0
   -2.2958    4.1135   -0.7022  C  0  0  0  0  0
   -2.0286    3.4734   -1.9377  C  0  0  0  0  0
   -0.7095    3.4322   -2.1907  N  0  0  0  0  0
   -0.1474    4.0673   -1.1436  N  0  0  0  0  0
   -4.0506    1.9510    0.8194  C  0  0  0  0  0
   -5.0375    0.9403    0.7058  C  0  0  0  0  0
   -6.2806    1.2116    0.0801  C  0  0  0  0  0
  1  9  1  0  0  0
  1  6  1  0  0  0
  1  2  1  0  0  0
  2  3  1  0  0  0
  3  4  1  0  0  0
  4  5  1  0  0  0
  5 20  2  0  0  0
  5  6  1  0  0  0
  6  7  2  0  0  0
  7  8  1  0  0  0
  7 18  1  0  0  0
  8 14  1  0  0  0
  8  9  1  0  0  0
  8 10  1  0  0  0
 10 11  2  0  0  0
 11 12  1  0  0  0
 12 13  1  0  0  0
 13 17  1  0  0  0
 13 14  2  0  0  0
 14 15  1  0  0  0
 15 16  2  0  0  0
 16 17  1  0  0  0
 18 19  2  0  0  0
 19 20  1  0  0  0
M  END
$$$$
C12=C(OC=CC13c4c5c(ccc4)CCCN5C3)NN=C2
  -ISIS-

 20 24  0  0  0  0  0  0  0  0  1
   -5.6702    4.7242   -0.8618  N  0  0  0  0  0
   -6.8577    5.1609   -1.6111  C  0  0  0  0  0
   -8.0930    4.3338   -1.1567  C  0  0  0  0  0
   -7.8622    2.8080   -1.1722  C  0  0  0  0  0
   -6.5801    2.4702   -0.4473  C  0  0  0  0  0
   -5.5816    3.4230   -0.3527  C  0  0  0  0  0
   -4.3339    3.1925    0.2414  C  0  0  0  0  0
   -3.5108    4.4580    0.0890  C  0  0  0  0  0
   -4.4485    5.3911   -0.7291  C  0  0  0  0  0
   -3.1425    5.1705    1.3895  C  0  0  0  0  0
   -1.8557    5.4757    1.7158  C  0  0  0  0  0
   -0.7719    5.1348    0.8867  O  0  0  0  0  0
   -1.0622    4.4858   -0.2338  C  0  0  0  0  0
   -2.2958    4.1135   -0.7022  C  0  0  0  0  0
   -2.0286    3.4734   -1.9377  C  0  0  0  0  0
   -0.7095    3.4322   -2.1907  N  0  0  0  0  0
   -0.1474    4.0673   -1.1436  N  0  0  0  0  0
   -4.0506    1.9510    0.8194  C  0  0  0  0  0
   -5.0375    0.9403    0.7058  C  0  0  0  0  0
   -6.2806    1.2116    0.0801  C  0  0  0  0  0
  1  9  1  0  0  0
  1  6  1  0  0  0
  1  2  1  0  0  0
  2  3  1  0  0  0
  3  4  1  0  0  0
  4  5  1  0  0  0
  5 20  2  0  0  0
  5  6  1  0  0  0
  6  7  2  0  0  0
  7  8  1  0  0  0
  7 18  1  0  0  0
  8 14  1  0  0  0
  8  9  1  0  0  0
  8 10  1  0  0  0
 10 11  2  0  0  0
 11 12  1  0  0  0
 12 13  1  0  0  0
 13 17  1  0  0  0
 13 14  2  0  0  0
 14 15  1  0  0  0
 15 16  2  0  0  0
 16 17  1  0  0  0
 18 19  2  0  0  0
 19 20  1  0  0  0
M  END
$$$$
C12=C(OC=CC13c4c5c(ccc4)CCCN5C3)NN=C2
  -ISIS-

 20 24  0  0  0  0  0  0  0  0  1
   -5.6702    4.7242   -0.8618  N  0  0  0  0  0
   -6.8577    5.1609   -1.6111  C  0  0  0  0  0
   -8.0930    4.3338   -1.1567  C  0  0  0  0  0
   -7.8622    2.8080   -1.1722  C  0  0  0  0  0
   -6.5801    2.4702   -0.4473  C  0  0  0  0  0
   -5.5816    3.4230   -0.3527  C  0  0  0  0  0
   -4.3339    3.1925    0.2414  C  0  0  0  0  0
   -3.5108    4.4580    0.0890  C  0  0  0  0  0
   -4.4485    5.3911   -0.7291  C  0  0  0  0  0
   -3.1425    5.1705    1.3895  C  0  0  0  0  0
   -1.8557    5.4757    1.7158  C  0  0  0  0  0
   -0.7719    5.1348    0.8867  O  0  0  0  0  0
   -1.0622    4.4858   -0.2338  C  0  0  0  0  0
   -2.2958    4.1135   -0.7022  C  0  0  0  0  0
   -2.0286    3.4734   -1.9377  C  0  0  0  0  0
   -0.7095    3.4322   -2.1907  N  0  0  0  0  0
   -0.1474    4.0673   -1.1436  N  0  0  0  0  0
   -4.0506    1.9510    0.8194  C  0  0  0  0  0
   -5.0375    0.9403    0.7058  C  0  0  0  0  0
   -6.2806    1.2116    0.0801  C  0  0  0  0  0
  1  9  1  0  0  0
  1  6  1  0  0  0
  1  2  1  0  0  0
  2  3  1  0  0  0
  3  4  1  0  0  0
  4  5  1  0  0  0
  5 20  2  0  0  0
  5  6  1  0  0  0
  6  7  2  0  0  0
  7  8  1  0  0  0
  7 18  1  0  0  0
  8 14  1  0  0  0
  8  9  1  0  0  0
  8 10  1  0  0  0
 10 11  2  0  0  0
 11 12  1  0  0  0
 12 13  1  0  0  0
 13 17  1  0  0  0
 13 14  2  0  0  0
 14 15  1  0  0  0
 15 16  2  0  0  0
 16 17  1  0  0  0
 18 19  2  0  0  0
 19 20  1  0  0  0
M  END
$$$$
C12=C(OC=CC13c4c5c(ccc4)CCCN5C3)NN=C2
  -ISIS-

 20 24  0  0  0  0  0  0  0  0  1
   -4.3575    5.7408   -1.6886  N  0  0  0  0  0
   -5.6593    5.7698   -2.3661  C  0  0  0  0  0
   -5.6117    6.7283   -3.5941  C  0  0  0  0  0
   -4.8895    8.1040   -3.4184  C  0  0  0  0  0
   -3.6214    7.9288   -2.5875  C  0  0  0  0  0
   -3.4548    6.8007   -1.8072  C  0  0  0  0  0
   -2.3404    6.5952   -0.9938  C  0  0  0  0  0
   -2.5019    5.2787   -0.2713  C  0  0  0  0  0
   -3.9172    4.8183   -0.7250  C  0  0  0  0  0
   -1.4557    4.2299   -0.6442  C  0  0  0  0  0
   -0.6105    3.6805    0.2714  C  0  0  0  0  0
   -0.6341    4.0506    1.6280  O  0  0  0  0  0
   -1.5455    4.9476    1.9821  C  0  0  0  0  0
   -2.4630    5.5829    1.1860  C  0  0  0  0  0
   -3.1962    6.4065    2.0757  C  0  0  0  0  0
   -2.7329    6.3006    3.3325  N  0  0  0  0  0
   -1.7421    5.3910    3.2489  N  0  0  0  0  0
   -1.3205    7.5343   -0.9503  C  0  0  0  0  0
   -1.4582    8.7064   -1.7070  C  0  0  0  0  0
   -2.6011    8.8941   -2.5169  C  0  0  0  0  0
  1  9  1  0  0  0
  1  6  1  0  0  0
  1  2  1  0  0  0
  2  3  1  0  0  0
  3  4  1  0  0  0
  4  5  1  0  0  0
  5 20  2  0  0  0
  5  6  1  0  0  0
  6  7  2  0  0  0
  7  8  1  0  0  0
  7 18  1  0  0  0
  8 14  1  0  0  0
  8  9  1  0  0  0
  8 10  1  0  0  0
 10 11  2  0  0  0
 11 12  1  0  0  0
 12 13  1  0  0  0
 13 17  1  0  0  0
 13 14  2  0  0  0
 14 15  1  0  0  0
 15 16  2  0  0  0
 16 17  1  0  0  0
 18 19  2  0  0  0
 19 20  1  0  0  0
M  END
$$$$
C12=C(OC=CC13c4c5c(ccc4)CCCN5C3)NN=C2
  -ISIS-

 20 24  0  0  0  0  0  0  0  0  1
   -4.3575    5.7408   -1.6886  N  0  0  0  0  0
   -5.6593    5.7698   -2.3661  C  0  0  0  0  0
   -5.6117    6.7283   -3.5941  C  0  0  0  0  0
   -4.8895    8.1040   -3.4184  C  0  0  0  0  0
   -3.6214    7.9288   -2.5875  C  0  0  0  0  0
   -3.4548    6.8007   -1.8072  C  0  0  0  0  0
   -2.3404    6.5952   -0.9938  C  0  0  0  0  0
   -2.5019    5.2787   -0.2713  C  0  0  0  0  0
   -3.9172    4.8183   -0.7250  C  0  0  0  0  0
   -1.4557    4.2299   -0.6442  C  0  0  0  0  0
   -0.6105    3.6805    0.2714  C  0  0  0  0  0
   -0.6341    4.0506    1.6280  O  0  0  0  0  0
   -1.5455    4.9476    1.9821  C  0  0  0  0  0
   -2.4630    5.5829    1.1860  C  0  0  0  0  0
   -3.1962    6.4065    2.0757  C  0  0  0  0  0
   -2.7329    6.3006    3.3325  N  0  0  0  0  0
   -1.7421    5.3910    3.2489  N  0  0  0  0  0
   -1.3205    7.5343   -0.9503  C  0  0  0  0  0
   -1.4582    8.7064   -1.7070  C  0  0  0  0  0
   -2.6011    8.8941   -2.5169  C  0  0  0  0  0
  1  9  1  0  0  0
  1  6  1  0  0  0
  1  2  1  0  0  0
  2  3  1  0  0  0
  3  4  1  0  0  0
  4  5  1  0  0  0
  5 20  2  0  0  0
  5  6  1  0  0  0
  6  7  2  0  0  0
  7  8  1  0  0  0
  7 18  1  0  0  0
  8 14  1  0  0  0
  8  9  1  0  0  0
  8 10  1  0  0  0
 10 11  2  0  0  0
 11 12  1  0  0  0
 12 13  1  0  0  0
 13 17  1  0  0  0
 13 14  2  0  0  0
 14 15  1  0  0  0
 15 16  2  0  0  0
 16 17  1  0  0  0
 18 19  2  0  0  0
 19 20  1  0  0  0
M  END
$$$$
C12=C(OC=CC13c4c5c(ccc4)CCCN5C3)NN=C2
  -ISIS-

 20 24  0  0  0  0  0  0  0  0  1
   -4.3575    5.7408   -1.6886  N  0  0  0  0  0
   -5.6593    5.7698   -2.3661  C  0  0  0  0  0
   -5.6117    6.7283   -3.5941  C  0  0  0  0  0
   -4.8895    8.1040   -3.4184  C  0  0  0  0  0
   -3.6214    7.9288   -2.5875  C  0  0  0  0  0
   -3.4548    6.8007   -1.8072  C  0  0  0  0  0
   -2.3404    6.5952   -0.9938  C  0  0  0  0  0
   -2.5019    5.2787   -0.2713  C  0  0  0  0  0
   -3.9172    4.8183   -0.7250  C  0  0  0  0  0
   -1.4557    4.2299   -0.6442  C  0  0  0  0  0
   -0.6105    3.6805    0.2714  C  0  0  0  0  0
   -0.6341    4.0506    1.6280  O  0  0  0  0  0
   -1.5455    4.9476    1.9821  C  0  0  0  0  0
   -2.4630    5.5829    1.1860  C  0  0  0  0  0
   -3.1962    6.4065    2.0757  C  0  0  0  0  0
   -2.7329    6.3006    3.3325  N  0  0  0  0  0
   -1.7421    5.3910    3.2489  N  0  0  0  0  0
   -1.3205    7.5343   -0.9503  C  0  0  0  0  0
   -1.4582    8.7064   -1.7070  C  0  0  0  0  0
   -2.6011    8.8941   -2.5169  C  0  0  0  0  0
  1  9  1  0  0  0
  1  6  1  0  0  0
  1  2  1  0  0  0
  2  3  1  0  0  0
  3  4  1  0  0  0
  4  5  1  0  0  0
  5 20  2  0  0  0
  5  6  1  0  0  0
  6  7  2  0  0  0
  7  8  1  0  0  0
  7 18  1  0  0  0
  8 14  1  0  0  0
  8  9  1  0  0  0
  8 10  1  0  0  0
 10 11  2  0  0  0
 11 12  1  0  0  0
 12 13  1  0  0  0
 13 17  1  0  0  0
 13 14  2  0  0  0
 14 15  1  0  0  0
 15 16  2  0  0  0
 16 17  1  0  0  0
 18 19  2  0  0  0
 19 20  1  0  0  0
M  END
$$$$
C12=C(OC=CC13c4c5c(ccc4)CCCN5C3)NN=C2
  -ISIS-

 20 24  0  0  0  0  0  0  0  0  1
   -4.3575    5.7408   -1.6886  N  0  0  0  0  0
   -5.6593    5.7698   -2.3661  C  0  0  0  0  0
   -5.6117    6.7283   -3.5941  C  0  0  0  0  0
   -4.8895    8.1040   -3.4184  C  0  0  0  0  0
   -3.6214    7.9288   -2.5875  C  0  0  0  0  0
   -3.4548    6.8007   -1.8072  C  0  0  0  0  0
   -2.3404    6.5952   -0.9938  C  0  0  0  0  0
   -2.5019    5.2787   -0.2713  C  0  0  0  0  0
   -3.9172    4.8183   -0.7250  C  0  0  0  0  0
   -1.4557    4.2299   -0.6442  C  0  0  0  0  0
   -0.6105    3.6805    0.2714  C  0  0  0  0  0
   -0.6341    4.0506    1.6280  O  0  0  0  0  0
   -1.5455    4.9476    1.9821  C  0  0  0  0  0
   -2.4630    5.5829    1.1860  C  0  0  0  0  0
   -3.1962    6.4065    2.0757  C  0  0  0  0  0
   -2.7329    6.3006    3.3325  N  0  0  0  0  0
   -1.7421    5.3910    3.2489  N  0  0  0  0  0
   -1.3205    7.5343   -0.9503  C  0  0  0  0  0
   -1.4582    8.7064   -1.7070  C  0  0  0  0  0
   -2.6011    8.8941   -2.5169  C  0  0  0  0  0
  1  9  1  0  0  0
  1  6  1  0  0  0
  1  2  1  0  0  0
  2  3  1  0  0  0
  3  4  1  0  0  0
  4  5  1  0  0  0
  5 20  2  0  0  0
  5  6  1  0  0  0
  6  7  2  0  0  0
  7  8  1  0  0  0
  7 18  1  0  0  0
  8 14  1  0  0  0
  8  9  1  0  0  0
  8 10  1  0  0  0
 10 11  2  0  0  0
 11 12  1  0  0  0
 12 13  1  0  0  0
 13 17  1  0  0  0
 13 14  2  0  0  0
 14 15  1  0  0  0
 15 16  2  0  0  0
 16 17  1  0  0  0
 18 19  2  0  0  0
 19 20  1  0  0  0
M  END
$$$$
C12=C(OC=CC13c4c5c(ccc4)CCCN5C3)NN=C2
  -ISIS-

 20 24  0  0  0  0  0  0  0  0  1
   -4.3575    5.7408   -1.6886  N  0  0  0  0  0
   -5.6593    5.7698   -2.3661  C  0  0  0  0  0
   -5.6117    6.7283   -3.5941  C  0  0  0  0  0
   -4.8895    8.1040   -3.4184  C  0  0  0  0  0
   -3.6214    7.9288   -2.5875  C  0  0  0  0  0
   -3.4548    6.8007   -1.8072  C  0  0  0  0  0
   -2.3404    6.5952   -0.9938  C  0  0  0  0  0
   -2.5019    5.2787   -0.2713  C  0  0  0  0  0
   -3.9172    4.8183   -0.7250  C  0  0  0  0  0
   -1.4557    4.2299   -0.6442  C  0  0  0  0  0
   -0.6105    3.6805    0.2714  C  0  0  0  0  0
   -0.6341    4.0506    1.6280  O  0  0  0  0  0
   -1.5455    4.9476    1.9821  C  0  0  0  0  0
   -2.4630    5.5829    1.1860  C  0  0  0  0  0
   -3.1962    6.4065    2.0757  C  0  0  0  0  0
   -2.7329    6.3006    3.3325  N  0  0  0  0  0
   -1.7421    5.3910    3.2489  N  0  0  0  0  0
   -1.3205    7.5343   -0.9503  C  0  0  0  0  0
   -1.4582    8.7064   -1.7070  C  0  0  0  0  0
   -2.6011    8.8941   -2.5169  C  0  0  0  0  0
  1  9  1  0  0  0
  1  6  1  0  0  0
  1  2  1  0  0  0
  2  3  1  0  0  0
  3  4  1  0  0  0
  4  5  1  0  0  0
  5 20  2  0  0  0
  5  6  1  0  0  0
  6  7  2  0  0  0
  7  8  1  0  0  0
  7 18  1  0  0  0
  8 14  1  0  0  0
  8  9  1  0  0  0
  8 10  1  0  0  0
 10 11  2  0  0  0
 11 12  1  0  0  0
 12 13  1  0  0  0
 13 17  1  0  0  0
 13 14  2  0  0  0
 14 15  1  0  0  0
 15 16  2  0  0  0
 16 17  1  0  0  0
 18 19  2  0  0  0
 19 20  1  0  0  0
M  END
$$$$
C12=C(OC=CC13c4c5c(ccc4)CCCN5C3)NN=C2
  -ISIS-

 20 24  0  0  0  0  0  0  0  0  1
   -4.3575    5.7408   -1.6886  N  0  0  0  0  0
   -5.6593    5.7698   -2.3661  C  0  0  0  0  0
   -5.6117    6.7283   -3.5941  C  0  0  0  0  0
   -4.8895    8.1040   -3.4184  C  0  0  0  0  0
   -3.6214    7.9288   -2.5875  C  0  0  0  0  0
   -3.4548    6.8007   -1.8072  C  0  0  0  0  0
   -2.3404    6.5952   -0.9938  C  0  0  0  0  0
   -2.5019    5.2787   -0.2713  C  0  0  0  0  0
   -3.9172    4.8183   -0.7250  C  0  0  0  0  0
   -1.4557    4.2299   -0.6442  C  0  0  0  0  0
   -0.6105    3.6805    0.2714  C  0  0  0  0  0
   -0.6341    4.0506    1.6280  O  0  0  0  0  0
   -1.5455    4.9476    1.9821  C  0  0  0  0  0
   -2.4630    5.5829    1.1860  C  0  0  0  0  0
   -3.1962    6.4065    2.0757  C  0  0  0  0  0
   -2.7329    6.3006    3.3325  N  0  0  0  0  0
   -1.7421    5.3910    3.2489  N  0  0  0  0  0
   -1.3205    7.5343   -0.9503  C  0  0  0  0  0
   -1.4582    8.7064   -1.7070  C  0  0  0  0  0
   -2.6011    8.8941   -2.5169  C  0  0  0  0  0
  1  9  1  0  0  0
  1  6  1  0  0  0
  1  2  1  0  0  0
  2  3  1  0  0  0
  3  4  1  0  0  0
  4  5  1  0  0  0
  5 20  2  0  0  0
  5  6  1  0  0  0
  6  7  2  0  0  0
  7  8  1  0  0  0
  7 18  1  0  0  0
  8 14  1  0  0  0
  8  9  1  0  0  0
  8 10  1  0  0  0
 10 11  2  0  0  0
 11 12  1  0  0  0
 12 13  1  0  0  0
 13 17  1  0  0  0
 13 14  2  0  0  0
 14 15  1  0  0  0
 15 16  2  0  0  0
 16 17  1  0  0  0
 18 19  2  0  0  0
 19 20  1  0  0  0
M  END
$$$$
C12=C(OC=CC13c4c5c(ccc4)CCCN5C3)NN=C2
  -ISIS-

 20 24  0  0  0  0  0  0  0  0  1
   -4.3575    5.7408   -1.6886  N  0  0  0  0  0
   -5.6593    5.7698   -2.3661  C  0  0  0  0  0
   -5.6117    6.7283   -3.5941  C  0  0  0  0  0
   -4.8895    8.1040   -3.4184  C  0  0  0  0  0
   -3.6214    7.9288   -2.5875  C  0  0  0  0  0
   -3.4548    6.8007   -1.8072  C  0  0  0  0  0
   -2.3404    6.5952   -0.9938  C  0  0  0  0  0
   -2.5019    5.2787   -0.2713  C  0  0  0  0  0
   -3.9172    4.8183   -0.7250  C  0  0  0  0  0
   -1.4557    4.2299   -0.6442  C  0  0  0  0  0
   -0.6105    3.6805    0.2714  C  0  0  0  0  0
   -0.6341    4.0506    1.6280  O  0  0  0  0  0
   -1.5455    4.9476    1.9821  C  0  0  0  0  0
   -2.4630    5.5829    1.1860  C  0  0  0  0  0
   -3.1962    6.4065    2.0757  C  0  0  0  0  0
   -2.7329    6.3006    3.3325  N  0  0  0  0  0
   -1.7421    5.3910    3.2489  N  0  0  0  0  0
   -1.3205    7.5343   -0.9503  C  0  0  0  0  0
   -1.4582    8.7064   -1.7070  C  0  0  0  0  0
   -2.6011    8.8941   -2.5169  C  0  0  0  0  0
  1  9  1  0  0  0
  1  6  1  0  0  0
  1  2  1  0  0  0
  2  3  1  0  0  0
  3  4  1  0  0  0
  4  5  1  0  0  0
  5 20  2  0  0  0
  5  6  1  0  0  0
  6  7  2  0  0  0
  7  8  1  0  0  0
  7 18  1  0  0  0
  8 14  1  0  0  0
  8  9  1  0  0  0
  8 10  1  0  0  0
 10 11  2  0  0  0
 11 12  1  0  0  0
 12 13  1  0  0  0
 13 17  1  0  0  0
 13 14  2  0  0  0
 14 15  1  0  0  0
 15 16  2  0  0  0
 16 17  1  0  0  0
 18 19  2  0  0  0
 19 20  1  0  0  0
M  END
$$$$
