C12=C(C3(c4c5c(C=CCN5C3)ccc4)C=CO1)COc6c2cccc6
  -ISIS-

 25 30  0  0  0  0  0  0  0  0  1
    2.7380   -2.9687   -0.3273  C  0  0  0  0  0
    2.9882   -4.3970   -0.6239  C  0  0  0  0  0
    1.9442   -5.2866   -0.4078  O  0  0  0  0  0
    0.6886   -4.8607    0.0545  C  0  0  0  0  0
    0.4451   -3.5173    0.3155  C  0  0  0  0  0
    1.5320   -2.5665    0.0997  C  0  0  0  0  0
    1.2303   -1.2449    0.3675  O  0  0  0  0  0
    2.1403   -0.2399    0.0724  C  0  0  0  0  0
    3.3858   -0.5269   -0.3601  C  0  0  0  0  0
    3.8501   -1.9688   -0.5374  C  0  0  0  0  0
    4.4008   -2.0963   -2.0007  C  0  0  0  0  0
    5.7754   -2.3353   -1.9015  N  0  0  0  0  0
    6.1684   -2.4416   -0.5664  C  0  0  0  0  0
    5.0878   -2.2521    0.2892  C  0  0  0  0  0
    5.2726   -2.3211    1.6581  C  0  0  0  0  0
    6.5609   -2.5848    2.1457  C  0  0  0  0  0
    7.6414   -2.7719    1.2554  C  0  0  0  0  0
    7.4545   -2.7013   -0.1326  C  0  0  0  0  0
    8.4974   -2.8727   -1.1560  C  0  0  0  0  0
    8.1338   -2.7930   -2.4532  C  0  0  0  0  0
    6.7236   -2.5423   -2.9995  C  0  0  0  0  0
   -0.8283   -3.1522    0.7681  C  0  0  0  0  0
   -1.8204   -4.1217    0.9527  C  0  0  0  0  0
   -1.5498   -5.4642    0.6859  C  0  0  0  0  0
   -0.2879   -5.8395    0.2330  C  0  0  0  0  0
  1 10  1  0  0  0
  1  6  2  0  0  0
  1  2  1  0  0  0
  2  3  1  0  0  0
  3  4  1  0  0  0
  4 25  2  0  0  0
  4  5  1  0  0  0
  5  6  1  0  0  0
  5 22  2  0  0  0
  6  7  1  0  0  0
  7  8  1  0  0  0
  8  9  2  0  0  0
  9 10  1  0  0  0
 10 14  1  0  0  0
 10 11  1  0  0  0
 11 12  1  0  0  0
 12 21  1  0  0  0
 12 13  1  0  0  0
 13 18  2  0  0  0
 13 14  1  0  0  0
 14 15  2  0  0  0
 15 16  1  0  0  0
 16 17  2  0  0  0
 17 18  1  0  0  0
 18 19  1  0  0  0
 19 20  2  0  0  0
 20 21  1  0  0  0
 22 23  1  0  0  0
 23 24  2  0  0  0
 24 25  1  0  0  0
M  END
$$$$
C12=C(C3(c4c5c(C=CCN5C3)ccc4)C=CO1)COc6c2cccc6
  -ISIS-

 25 30  0  0  0  0  0  0  0  0  1
    2.7380   -2.9687   -0.3273  C  0  0  0  0  0
    2.9882   -4.3970   -0.6239  C  0  0  0  0  0
    1.9442   -5.2866   -0.4078  O  0  0  0  0  0
    0.6886   -4.8607    0.0545  C  0  0  0  0  0
    0.4451   -3.5173    0.3155  C  0  0  0  0  0
    1.5320   -2.5665    0.0997  C  0  0  0  0  0
    1.2303   -1.2449    0.3675  O  0  0  0  0  0
    2.1403   -0.2399    0.0724  C  0  0  0  0  0
    3.3858   -0.5269   -0.3601  C  0  0  0  0  0
    3.8501   -1.9688   -0.5374  C  0  0  0  0  0
    4.4008   -2.0963   -2.0007  C  0  0  0  0  0
    5.7754   -2.3353   -1.9015  N  0  0  0  0  0
    6.1684   -2.4416   -0.5664  C  0  0  0  0  0
    5.0878   -2.2521    0.2892  C  0  0  0  0  0
    5.2726   -2.3211    1.6581  C  0  0  0  0  0
    6.5609   -2.5848    2.1457  C  0  0  0  0  0
    7.6414   -2.7719    1.2554  C  0  0  0  0  0
    7.4545   -2.7013   -0.1326  C  0  0  0  0  0
    8.4974   -2.8727   -1.1560  C  0  0  0  0  0
    8.1338   -2.7930   -2.4532  C  0  0  0  0  0
    6.7236   -2.5423   -2.9995  C  0  0  0  0  0
   -0.8283   -3.1522    0.7681  C  0  0  0  0  0
   -1.8204   -4.1217    0.9527  C  0  0  0  0  0
   -1.5498   -5.4642    0.6859  C  0  0  0  0  0
   -0.2879   -5.8395    0.2330  C  0  0  0  0  0
  1 10  1  0  0  0
  1  6  2  0  0  0
  1  2  1  0  0  0
  2  3  1  0  0  0
  3  4  1  0  0  0
  4 25  2  0  0  0
  4  5  1  0  0  0
  5  6  1  0  0  0
  5 22  2  0  0  0
  6  7  1  0  0  0
  7  8  1  0  0  0
  8  9  2  0  0  0
  9 10  1  0  0  0
 10 14  1  0  0  0
 10 11  1  0  0  0
 11 12  1  0  0  0
 12 21  1  0  0  0
 12 13  1  0  0  0
 13 18  2  0  0  0
 13 14  1  0  0  0
 14 15  2  0  0  0
 15 16  1  0  0  0
 16 17  2  0  0  0
 17 18  1  0  0  0
 18 19  1  0  0  0
 19 20  2  0  0  0
 20 21  1  0  0  0
 22 23  1  0  0  0
 23 24  2  0  0  0
 24 25  1  0  0  0
M  END
$$$$
C12=C(C3(c4c5c(C=CCN5C3)ccc4)C=CO1)COc6c2cccc6
  -ISIS-

 25 30  0  0  0  0  0  0  0  0  1
    2.7380   -2.9687   -0.3273  C  0  0  0  0  0
    2.9882   -4.3970   -0.6239  C  0  0  0  0  0
    1.9442   -5.2866   -0.4078  O  0  0  0  0  0
    0.6886   -4.8607    0.0545  C  0  0  0  0  0
    0.4451   -3.5173    0.3155  C  0  0  0  0  0
    1.5320   -2.5665    0.0997  C  0  0  0  0  0
    1.2303   -1.2449    0.3675  O  0  0  0  0  0
    2.1403   -0.2399    0.0724  C  0  0  0  0  0
    3.3858   -0.5269   -0.3601  C  0  0  0  0  0
    3.8501   -1.9688   -0.5374  C  0  0  0  0  0
    4.4008   -2.0963   -2.0007  C  0  0  0  0  0
    5.7754   -2.3353   -1.9015  N  0  0  0  0  0
    6.1684   -2.4416   -0.5664  C  0  0  0  0  0
    5.0878   -2.2521    0.2892  C  0  0  0  0  0
    5.2726   -2.3211    1.6581  C  0  0  0  0  0
    6.5609   -2.5848    2.1457  C  0  0  0  0  0
    7.6414   -2.7719    1.2554  C  0  0  0  0  0
    7.4545   -2.7013   -0.1326  C  0  0  0  0  0
    8.4974   -2.8727   -1.1560  C  0  0  0  0  0
    8.1338   -2.7930   -2.4532  C  0  0  0  0  0
    6.7236   -2.5423   -2.9995  C  0  0  0  0  0
   -0.8283   -3.1522    0.7681  C  0  0  0  0  0
   -1.8204   -4.1217    0.9527  C  0  0  0  0  0
   -1.5498   -5.4642    0.6859  C  0  0  0  0  0
   -0.2879   -5.8395    0.2330  C  0  0  0  0  0
  1 10  1  0  0  0
  1  6  2  0  0  0
  1  2  1  0  0  0
  2  3  1  0  0  0
  3  4  1  0  0  0
  4 25  2  0  0  0
  4  5  1  0  0  0
  5  6  1  0  0  0
  5 22  2  0  0  0
  6  7  1  0  0  0
  7  8  1  0  0  0
  8  9  2  0  0  0
  9 10  1  0  0  0
 10 14  1  0  0  0
 10 11  1  0  0  0
 11 12  1  0  0  0
 12 21  1  0  0  0
 12 13  1  0  0  0
 13 18  2  0  0  0
 13 14  1  0  0  0
 14 15  2  0  0  0
 15 16  1  0  0  0
 16 17  2  0  0  0
 17 18  1  0  0  0
 18 19  1  0  0  0
 19 20  2  0  0  0
 20 21  1  0  0  0
 22 23  1  0  0  0
 23 24  2  0  0  0
 24 25  1  0  0  0
M  END
$$$$
C12=C(C3(c4c5c(C=CCN5C3)ccc4)C=CO1)COc6c2cccc6
  -ISIS-

 25 30  0  0  0  0  0  0  0  0  1
    2.7380   -2.9687   -0.3273  C  0  0  0  0  0
    2.9882   -4.3970   -0.6239  C  0  0  0  0  0
    1.9442   -5.2866   -0.4078  O  0  0  0  0  0
    0.6886   -4.8607    0.0545  C  0  0  0  0  0
    0.4451   -3.5173    0.3155  C  0  0  0  0  0
    1.5320   -2.5665    0.0997  C  0  0  0  0  0
    1.2303   -1.2449    0.3675  O  0  0  0  0  0
    2.1403   -0.2399    0.0724  C  0  0  0  0  0
    3.3858   -0.5269   -0.3601  C  0  0  0  0  0
    3.8501   -1.9688   -0.5374  C  0  0  0  0  0
    4.4008   -2.0963   -2.0007  C  0  0  0  0  0
    5.7754   -2.3353   -1.9015  N  0  0  0  0  0
    6.1684   -2.4416   -0.5664  C  0  0  0  0  0
    5.0878   -2.2521    0.2892  C  0  0  0  0  0
    5.2726   -2.3211    1.6581  C  0  0  0  0  0
    6.5609   -2.5848    2.1457  C  0  0  0  0  0
    7.6414   -2.7719    1.2554  C  0  0  0  0  0
    7.4545   -2.7013   -0.1326  C  0  0  0  0  0
    8.4974   -2.8727   -1.1560  C  0  0  0  0  0
    8.1338   -2.7930   -2.4532  C  0  0  0  0  0
    6.7236   -2.5423   -2.9995  C  0  0  0  0  0
   -0.8283   -3.1522    0.7681  C  0  0  0  0  0
   -1.8204   -4.1217    0.9527  C  0  0  0  0  0
   -1.5498   -5.4642    0.6859  C  0  0  0  0  0
   -0.2879   -5.8395    0.2330  C  0  0  0  0  0
  1 10  1  0  0  0
  1  6  2  0  0  0
  1  2  1  0  0  0
  2  3  1  0  0  0
  3  4  1  0  0  0
  4 25  2  0  0  0
  4  5  1  0  0  0
  5  6  1  0  0  0
  5 22  2  0  0  0
  6  7  1  0  0  0
  7  8  1  0  0  0
  8  9  2  0  0  0
  9 10  1  0  0  0
 10 14  1  0  0  0
 10 11  1  0  0  0
 11 12  1  0  0  0
 12 21  1  0  0  0
 12 13  1  0  0  0
 13 18  2  0  0  0
 13 14  1  0  0  0
 14 15  2  0  0  0
 15 16  1  0  0  0
 16 17  2  0  0  0
 17 18  1  0  0  0
 18 19  1  0  0  0
 19 20  2  0  0  0
 20 21  1  0  0  0
 22 23  1  0  0  0
 23 24  2  0  0  0
 24 25  1  0  0  0
M  END
$$$$
C12=C(C3(c4c5c(C=CCN5C3)ccc4)C=CO1)COc6c2cccc6
  -ISIS-

 25 30  0  0  0  0  0  0  0  0  1
    2.7380   -2.9687   -0.3273  C  0  0  0  0  0
    2.9882   -4.3970   -0.6239  C  0  0  0  0  0
    1.9442   -5.2866   -0.4078  O  0  0  0  0  0
    0.6886   -4.8607    0.0545  C  0  0  0  0  0
    0.4451   -3.5173    0.3155  C  0  0  0  0  0
    1.5320   -2.5665    0.0997  C  0  0  0  0  0
    1.2303   -1.2449    0.3675  O  0  0  0  0  0
    2.1403   -0.2399    0.0724  C  0  0  0  0  0
    3.3858   -0.5269   -0.3601  C  0  0  0  0  0
    3.8501   -1.9688   -0.5374  C  0  0  0  0  0
    4.4008   -2.0963   -2.0007  C  0  0  0  0  0
    5.7754   -2.3353   -1.9015  N  0  0  0  0  0
    6.1684   -2.4416   -0.5664  C  0  0  0  0  0
    5.0878   -2.2521    0.2892  C  0  0  0  0  0
    5.2726   -2.3211    1.6581  C  0  0  0  0  0
    6.5609   -2.5848    2.1457  C  0  0  0  0  0
    7.6414   -2.7719    1.2554  C  0  0  0  0  0
    7.4545   -2.7013   -0.1326  C  0  0  0  0  0
    8.4974   -2.8727   -1.1560  C  0  0  0  0  0
    8.1338   -2.7930   -2.4532  C  0  0  0  0  0
    6.7236   -2.5423   -2.9995  C  0  0  0  0  0
   -0.8283   -3.1522    0.7681  C  0  0  0  0  0
   -1.8204   -4.1217    0.9527  C  0  0  0  0  0
   -1.5498   -5.4642    0.6859  C  0  0  0  0  0
   -0.2879   -5.8395    0.2330  C  0  0  0  0  0
  1 10  1  0  0  0
  1  6  2  0  0  0
  1  2  1  0  0  0
  2  3  1  0  0  0
  3  4  1  0  0  0
  4 25  2  0  0  0
  4  5  1  0  0  0
  5  6  1  0  0  0
  5 22  2  0  0  0
  6  7  1  0  0  0
  7  8  1  0  0  0
  8  9  2  0  0  0
  9 10  1  0  0  0
 10 14  1  0  0  0
 10 11  1  0  0  0
 11 12  1  0  0  0
 12 21  1  0  0  0
 12 13  1  0  0  0
 13 18  2  0  0  0
 13 14  1  0  0  0
 14 15  2  0  0  0
 15 16  1  0  0  0
 16 17  2  0  0  0
 17 18  1  0  0  0
 18 19  1  0  0  0
 19 20  2  0  0  0
 20 21  1  0  0  0
 22 23  1  0  0  0
 23 24  2  0  0  0
 24 25  1  0  0  0
M  END
$$$$
C12=C(C3(c4c5c(C=CCN5C3)ccc4)C=CO1)COc6c2cccc6
  -ISIS-

 25 30  0  0  0  0  0  0  0  0  1
    2.7380   -2.9687   -0.3273  C  0  0  0  0  0
    2.9882   -4.3970   -0.6239  C  0  0  0  0  0
    1.9442   -5.2866   -0.4078  O  0  0  0  0  0
    0.6886   -4.8607    0.0545  C  0  0  0  0  0
    0.4451   -3.5173    0.3155  C  0  0  0  0  0
    1.5320   -2.5665    0.0997  C  0  0  0  0  0
    1.2303   -1.2449    0.3675  O  0  0  0  0  0
    2.1403   -0.2399    0.0724  C  0  0  0  0  0
    3.3858   -0.5269   -0.3601  C  0  0  0  0  0
    3.8501   -1.9688   -0.5374  C  0  0  0  0  0
    4.4008   -2.0963   -2.0007  C  0  0  0  0  0
    5.7754   -2.3353   -1.9015  N  0  0  0  0  0
    6.1684   -2.4416   -0.5664  C  0  0  0  0  0
    5.0878   -2.2521    0.2892  C  0  0  0  0  0
    5.2726   -2.3211    1.6581  C  0  0  0  0  0
    6.5609   -2.5848    2.1457  C  0  0  0  0  0
    7.6414   -2.7719    1.2554  C  0  0  0  0  0
    7.4545   -2.7013   -0.1326  C  0  0  0  0  0
    8.4974   -2.8727   -1.1560  C  0  0  0  0  0
    8.1338   -2.7930   -2.4532  C  0  0  0  0  0
    6.7236   -2.5423   -2.9995  C  0  0  0  0  0
   -0.8283   -3.1522    0.7681  C  0  0  0  0  0
   -1.8204   -4.1217    0.9527  C  0  0  0  0  0
   -1.5498   -5.4642    0.6859  C  0  0  0  0  0
   -0.2879   -5.8395    0.2330  C  0  0  0  0  0
  1 10  1  0  0  0
  1  6  2  0  0  0
  1  2  1  0  0  0
  2  3  1  0  0  0
  3  4  1  0  0  0
  4 25  2  0  0  0
  4  5  1  0  0  0
  5  6  1  0  0  0
  5 22  2  0  0  0
  6  7  1  0  0  0
  7  8  1  0  0  0
  8  9  2  0  0  0
  9 10  1  0  0  0
 10 14  1  0  0  0
 10 11  1  0  0  0
 11 12  1  0  0  0
 12 21  1  0  0  0
 12 13  1  0  0  0
 13 18  2  0  0  0
 13 14  1  0  0  0
 14 15  2  0  0  0
 15 16  1  0  0  0
 16 17  2  0  0  0
 17 18  1  0  0  0
 18 19  1  0  0  0
 19 20  2  0  0  0
 20 21  1  0  0  0
 22 23  1  0  0  0
 23 24  2  0  0  0
 24 25  1  0  0  0
M  END
$$$$
C12=C(C3(c4c5c(C=CCN5C3)ccc4)C=CO1)COc6c2cccc6
  -ISIS-

 25 30  0  0  0  0  0  0  0  0  1
    2.7380   -2.9687   -0.3273  C  0  0  0  0  0
    2.9882   -4.3970   -0.6239  C  0  0  0  0  0
    1.9442   -5.2866   -0.4078  O  0  0  0  0  0
    0.6886   -4.8607    0.0545  C  0  0  0  0  0
    0.4451   -3.5173    0.3155  C  0  0  0  0  0
    1.5320   -2.5665    0.0997  C  0  0  0  0  0
    1.2303   -1.2449    0.3675  O  0  0  0  0  0
    2.1403   -0.2399    0.0724  C  0  0  0  0  0
    3.3858   -0.5269   -0.3601  C  0  0  0  0  0
    3.8501   -1.9688   -0.5374  C  0  0  0  0  0
    4.4008   -2.0963   -2.0007  C  0  0  0  0  0
    5.7754   -2.3353   -1.9015  N  0  0  0  0  0
    6.1684   -2.4416   -0.5664  C  0  0  0  0  0
    5.0878   -2.2521    0.2892  C  0  0  0  0  0
    5.2726   -2.3211    1.6581  C  0  0  0  0  0
    6.5609   -2.5848    2.1457  C  0  0  0  0  0
    7.6414   -2.7719    1.2554  C  0  0  0  0  0
    7.4545   -2.7013   -0.1326  C  0  0  0  0  0
    8.4974   -2.8727   -1.1560  C  0  0  0  0  0
    8.1338   -2.7930   -2.4532  C  0  0  0  0  0
    6.7236   -2.5423   -2.9995  C  0  0  0  0  0
   -0.8283   -3.1522    0.7681  C  0  0  0  0  0
   -1.8204   -4.1217    0.9527  C  0  0  0  0  0
   -1.5498   -5.4642    0.6859  C  0  0  0  0  0
   -0.2879   -5.8395    0.2330  C  0  0  0  0  0
  1 10  1  0  0  0
  1  6  2  0  0  0
  1  2  1  0  0  0
  2  3  1  0  0  0
  3  4  1  0  0  0
  4 25  2  0  0  0
  4  5  1  0  0  0
  5  6  1  0  0  0
  5 22  2  0  0  0
  6  7  1  0  0  0
  7  8  1  0  0  0
  8  9  2  0  0  0
  9 10  1  0  0  0
 10 14  1  0  0  0
 10 11  1  0  0  0
 11 12  1  0  0  0
 12 21  1  0  0  0
 12 13  1  0  0  0
 13 18  2  0  0  0
 13 14  1  0  0  0
 14 15  2  0  0  0
 15 16  1  0  0  0
 16 17  2  0  0  0
 17 18  1  0  0  0
 18 19  1  0  0  0
 19 20  2  0  0  0
 20 21  1  0  0  0
 22 23  1  0  0  0
 23 24  2  0  0  0
 24 25  1  0  0  0
M  END
$$$$
C12=C(C3(c4c5c(C=CCN5C3)ccc4)C=CO1)COc6c2cccc6
  -ISIS-

 25 30  0  0  0  0  0  0  0  0  1
    6.5403    0.0147    3.5382  C  0  0  0  0  0
    5.0762    0.0938    3.3347  C  0  0  0  0  0
    4.2721   -0.6597    4.1792  O  0  0  0  0  0
    4.8102   -1.4577    5.2016  C  0  0  0  0  0
    6.1834   -1.5181    5.4079  C  0  0  0  0  0
    7.0462   -0.7313    4.5313  C  0  0  0  0  0
    8.3992   -0.8115    4.7988  O  0  0  0  0  0
    9.3054   -0.0275    4.0996  C  0  0  0  0  0
    8.9108    0.7577    3.0757  C  0  0  0  0  0
    7.4522    0.8100    2.6343  C  0  0  0  0  0
    7.0265    2.3190    2.6638  C  0  0  0  0  0
    6.7704    2.6988    1.3427  N  0  0  0  0  0
    6.9188    1.6153    0.4749  C  0  0  0  0  0
    7.3052    0.4710    1.1657  C  0  0  0  0  0
    7.5043   -0.7133    0.4801  C  0  0  0  0  0
    7.3044   -0.7230   -0.9081  C  0  0  0  0  0
    6.9127    0.4529   -1.5856  C  0  0  0  0  0
    6.7127    1.6544   -0.8910  C  0  0  0  0  0
    6.3112    2.9400   -1.4832  C  0  0  0  0  0
    6.1447    3.9952   -0.6584  C  0  0  0  0  0
    6.3262    4.0105    0.8635  C  0  0  0  0  0
    6.6612   -2.3318    6.4420  C  0  0  0  0  0
    5.7718   -3.0589    7.2411  C  0  0  0  0  0
    4.3974   -2.9799    7.0143  C  0  0  0  0  0
    3.9101   -2.1747    5.9882  C  0  0  0  0  0
  1 10  1  0  0  0
  1  6  2  0  0  0
  1  2  1  0  0  0
  2  3  1  0  0  0
  3  4  1  0  0  0
  4 25  2  0  0  0
  4  5  1  0  0  0
  5  6  1  0  0  0
  5 22  2  0  0  0
  6  7  1  0  0  0
  7  8  1  0  0  0
  8  9  2  0  0  0
  9 10  1  0  0  0
 10 14  1  0  0  0
 10 11  1  0  0  0
 11 12  1  0  0  0
 12 21  1  0  0  0
 12 13  1  0  0  0
 13 18  2  0  0  0
 13 14  1  0  0  0
 14 15  2  0  0  0
 15 16  1  0  0  0
 16 17  2  0  0  0
 17 18  1  0  0  0
 18 19  1  0  0  0
 19 20  2  0  0  0
 20 21  1  0  0  0
 22 23  1  0  0  0
 23 24  2  0  0  0
 24 25  1  0  0  0
M  END
$$$$
C12=C(C3(c4c5c(C=CCN5C3)ccc4)C=CO1)COc6c2cccc6
  -ISIS-

 25 30  0  0  0  0  0  0  0  0  1
    6.5403    0.0147    3.5382  C  0  0  0  0  0
    5.0762    0.0938    3.3347  C  0  0  0  0  0
    4.2721   -0.6597    4.1792  O  0  0  0  0  0
    4.8102   -1.4577    5.2016  C  0  0  0  0  0
    6.1834   -1.5181    5.4079  C  0  0  0  0  0
    7.0462   -0.7313    4.5313  C  0  0  0  0  0
    8.3992   -0.8115    4.7988  O  0  0  0  0  0
    9.3054   -0.0275    4.0996  C  0  0  0  0  0
    8.9108    0.7577    3.0757  C  0  0  0  0  0
    7.4522    0.8100    2.6343  C  0  0  0  0  0
    7.0265    2.3190    2.6638  C  0  0  0  0  0
    6.7704    2.6988    1.3427  N  0  0  0  0  0
    6.9188    1.6153    0.4749  C  0  0  0  0  0
    7.3052    0.4710    1.1657  C  0  0  0  0  0
    7.5043   -0.7133    0.4801  C  0  0  0  0  0
    7.3044   -0.7230   -0.9081  C  0  0  0  0  0
    6.9127    0.4529   -1.5856  C  0  0  0  0  0
    6.7127    1.6544   -0.8910  C  0  0  0  0  0
    6.3112    2.9400   -1.4832  C  0  0  0  0  0
    6.1447    3.9952   -0.6584  C  0  0  0  0  0
    6.3262    4.0105    0.8635  C  0  0  0  0  0
    6.6612   -2.3318    6.4420  C  0  0  0  0  0
    5.7718   -3.0589    7.2411  C  0  0  0  0  0
    4.3974   -2.9799    7.0143  C  0  0  0  0  0
    3.9101   -2.1747    5.9882  C  0  0  0  0  0
  1 10  1  0  0  0
  1  6  2  0  0  0
  1  2  1  0  0  0
  2  3  1  0  0  0
  3  4  1  0  0  0
  4 25  2  0  0  0
  4  5  1  0  0  0
  5  6  1  0  0  0
  5 22  2  0  0  0
  6  7  1  0  0  0
  7  8  1  0  0  0
  8  9  2  0  0  0
  9 10  1  0  0  0
 10 14  1  0  0  0
 10 11  1  0  0  0
 11 12  1  0  0  0
 12 21  1  0  0  0
 12 13  1  0  0  0
 13 18  2  0  0  0
 13 14  1  0  0  0
 14 15  2  0  0  0
 15 16  1  0  0  0
 16 17  2  0  0  0
 17 18  1  0  0  0
 18 19  1  0  0  0
 19 20  2  0  0  0
 20 21  1  0  0  0
 22 23  1  0  0  0
 23 24  2  0  0  0
 24 25  1  0  0  0
M  END
$$$$
C12=C(C3(c4c5c(C=CCN5C3)ccc4)C=CO1)COc6c2cccc6
  -ISIS-

 25 30  0  0  0  0  0  0  0  0  1
    6.5403    0.0147    3.5382  C  0  0  0  0  0
    5.0762    0.0938    3.3347  C  0  0  0  0  0
    4.2721   -0.6597    4.1792  O  0  0  0  0  0
    4.8102   -1.4577    5.2016  C  0  0  0  0  0
    6.1834   -1.5181    5.4079  C  0  0  0  0  0
    7.0462   -0.7313    4.5313  C  0  0  0  0  0
    8.3992   -0.8115    4.7988  O  0  0  0  0  0
    9.3054   -0.0275    4.0996  C  0  0  0  0  0
    8.9108    0.7577    3.0757  C  0  0  0  0  0
    7.4522    0.8100    2.6343  C  0  0  0  0  0
    7.0265    2.3190    2.6638  C  0  0  0  0  0
    6.7704    2.6988    1.3427  N  0  0  0  0  0
    6.9188    1.6153    0.4749  C  0  0  0  0  0
    7.3052    0.4710    1.1657  C  0  0  0  0  0
    7.5043   -0.7133    0.4801  C  0  0  0  0  0
    7.3044   -0.7230   -0.9081  C  0  0  0  0  0
    6.9127    0.4529   -1.5856  C  0  0  0  0  0
    6.7127    1.6544   -0.8910  C  0  0  0  0  0
    6.3112    2.9400   -1.4832  C  0  0  0  0  0
    6.1447    3.9952   -0.6584  C  0  0  0  0  0
    6.3262    4.0105    0.8635  C  0  0  0  0  0
    6.6612   -2.3318    6.4420  C  0  0  0  0  0
    5.7718   -3.0589    7.2411  C  0  0  0  0  0
    4.3974   -2.9799    7.0143  C  0  0  0  0  0
    3.9101   -2.1747    5.9882  C  0  0  0  0  0
  1 10  1  0  0  0
  1  6  2  0  0  0
  1  2  1  0  0  0
  2  3  1  0  0  0
  3  4  1  0  0  0
  4 25  2  0  0  0
  4  5  1  0  0  0
  5  6  1  0  0  0
  5 22  2  0  0  0
  6  7  1  0  0  0
  7  8  1  0  0  0
  8  9  2  0  0  0
  9 10  1  0  0  0
 10 14  1  0  0  0
 10 11  1  0  0  0
 11 12  1  0  0  0
 12 21  1  0  0  0
 12 13  1  0  0  0
 13 18  2  0  0  0
 13 14  1  0  0  0
 14 15  2  0  0  0
 15 16  1  0  0  0
 16 17  2  0  0  0
 17 18  1  0  0  0
 18 19  1  0  0  0
 19 20  2  0  0  0
 20 21  1  0  0  0
 22 23  1  0  0  0
 23 24  2  0  0  0
 24 25  1  0  0  0
M  END
$$$$
C12=C(C3(c4c5c(C=CCN5C3)ccc4)C=CO1)COc6c2cccc6
  -ISIS-

 25 30  0  0  0  0  0  0  0  0  1
    6.5403    0.0147    3.5382  C  0  0  0  0  0
    5.0762    0.0938    3.3347  C  0  0  0  0  0
    4.2721   -0.6597    4.1792  O  0  0  0  0  0
    4.8102   -1.4577    5.2016  C  0  0  0  0  0
    6.1834   -1.5181    5.4079  C  0  0  0  0  0
    7.0462   -0.7313    4.5313  C  0  0  0  0  0
    8.3992   -0.8115    4.7988  O  0  0  0  0  0
    9.3054   -0.0275    4.0996  C  0  0  0  0  0
    8.9108    0.7577    3.0757  C  0  0  0  0  0
    7.4522    0.8100    2.6343  C  0  0  0  0  0
    7.0265    2.3190    2.6638  C  0  0  0  0  0
    6.7704    2.6988    1.3427  N  0  0  0  0  0
    6.9188    1.6153    0.4749  C  0  0  0  0  0
    7.3052    0.4710    1.1657  C  0  0  0  0  0
    7.5043   -0.7133    0.4801  C  0  0  0  0  0
    7.3044   -0.7230   -0.9081  C  0  0  0  0  0
    6.9127    0.4529   -1.5856  C  0  0  0  0  0
    6.7127    1.6544   -0.8910  C  0  0  0  0  0
    6.3112    2.9400   -1.4832  C  0  0  0  0  0
    6.1447    3.9952   -0.6584  C  0  0  0  0  0
    6.3262    4.0105    0.8635  C  0  0  0  0  0
    6.6612   -2.3318    6.4420  C  0  0  0  0  0
    5.7718   -3.0589    7.2411  C  0  0  0  0  0
    4.3974   -2.9799    7.0143  C  0  0  0  0  0
    3.9101   -2.1747    5.9882  C  0  0  0  0  0
  1 10  1  0  0  0
  1  6  2  0  0  0
  1  2  1  0  0  0
  2  3  1  0  0  0
  3  4  1  0  0  0
  4 25  2  0  0  0
  4  5  1  0  0  0
  5  6  1  0  0  0
  5 22  2  0  0  0
  6  7  1  0  0  0
  7  8  1  0  0  0
  8  9  2  0  0  0
  9 10  1  0  0  0
 10 14  1  0  0  0
 10 11  1  0  0  0
 11 12  1  0  0  0
 12 21  1  0  0  0
 12 13  1  0  0  0
 13 18  2  0  0  0
 13 14  1  0  0  0
 14 15  2  0  0  0
 15 16  1  0  0  0
 16 17  2  0  0  0
 17 18  1  0  0  0
 18 19  1  0  0  0
 19 20  2  0  0  0
 20 21  1  0  0  0
 22 23  1  0  0  0
 23 24  2  0  0  0
 24 25  1  0  0  0
M  END
$$$$
C12=C(C3(c4c5c(C=CCN5C3)ccc4)C=CO1)COc6c2cccc6
  -ISIS-

 25 30  0  0  0  0  0  0  0  0  1
    6.5403    0.0147    3.5382  C  0  0  0  0  0
    5.0762    0.0938    3.3347  C  0  0  0  0  0
    4.2721   -0.6597    4.1792  O  0  0  0  0  0
    4.8102   -1.4577    5.2016  C  0  0  0  0  0
    6.1834   -1.5181    5.4079  C  0  0  0  0  0
    7.0462   -0.7313    4.5313  C  0  0  0  0  0
    8.3992   -0.8115    4.7988  O  0  0  0  0  0
    9.3054   -0.0275    4.0996  C  0  0  0  0  0
    8.9108    0.7577    3.0757  C  0  0  0  0  0
    7.4522    0.8100    2.6343  C  0  0  0  0  0
    7.0265    2.3190    2.6638  C  0  0  0  0  0
    6.7704    2.6988    1.3427  N  0  0  0  0  0
    6.9188    1.6153    0.4749  C  0  0  0  0  0
    7.3052    0.4710    1.1657  C  0  0  0  0  0
    7.5043   -0.7133    0.4801  C  0  0  0  0  0
    7.3044   -0.7230   -0.9081  C  0  0  0  0  0
    6.9127    0.4529   -1.5856  C  0  0  0  0  0
    6.7127    1.6544   -0.8910  C  0  0  0  0  0
    6.3112    2.9400   -1.4832  C  0  0  0  0  0
    6.1447    3.9952   -0.6584  C  0  0  0  0  0
    6.3262    4.0105    0.8635  C  0  0  0  0  0
    6.6612   -2.3318    6.4420  C  0  0  0  0  0
    5.7718   -3.0589    7.2411  C  0  0  0  0  0
    4.3974   -2.9799    7.0143  C  0  0  0  0  0
    3.9101   -2.1747    5.9882  C  0  0  0  0  0
  1 10  1  0  0  0
  1  6  2  0  0  0
  1  2  1  0  0  0
  2  3  1  0  0  0
  3  4  1  0  0  0
  4 25  2  0  0  0
  4  5  1  0  0  0
  5  6  1  0  0  0
  5 22  2  0  0  0
  6  7  1  0  0  0
  7  8  1  0  0  0
  8  9  2  0  0  0
  9 10  1  0  0  0
 10 14  1  0  0  0
 10 11  1  0  0  0
 11 12  1  0  0  0
 12 21  1  0  0  0
 12 13  1  0  0  0
 13 18  2  0  0  0
 13 14  1  0  0  0
 14 15  2  0  0  0
 15 16  1  0  0  0
 16 17  2  0  0  0
 17 18  1  0  0  0
 18 19  1  0  0  0
 19 20  2  0  0  0
 20 21  1  0  0  0
 22 23  1  0  0  0
 23 24  2  0  0  0
 24 25  1  0  0  0
M  END
$$$$
C12=C(C3(c4c5c(C=CCN5C3)ccc4)C=CO1)COc6c2cccc6
  -ISIS-

 25 30  0  0  0  0  0  0  0  0  1
    6.5403    0.0147    3.5382  C  0  0  0  0  0
    5.0762    0.0938    3.3347  C  0  0  0  0  0
    4.2721   -0.6597    4.1792  O  0  0  0  0  0
    4.8102   -1.4577    5.2016  C  0  0  0  0  0
    6.1834   -1.5181    5.4079  C  0  0  0  0  0
    7.0462   -0.7313    4.5313  C  0  0  0  0  0
    8.3992   -0.8115    4.7988  O  0  0  0  0  0
    9.3054   -0.0275    4.0996  C  0  0  0  0  0
    8.9108    0.7577    3.0757  C  0  0  0  0  0
    7.4522    0.8100    2.6343  C  0  0  0  0  0
    7.0265    2.3190    2.6638  C  0  0  0  0  0
    6.7704    2.6988    1.3427  N  0  0  0  0  0
    6.9188    1.6153    0.4749  C  0  0  0  0  0
    7.3052    0.4710    1.1657  C  0  0  0  0  0
    7.5043   -0.7133    0.4801  C  0  0  0  0  0
    7.3044   -0.7230   -0.9081  C  0  0  0  0  0
    6.9127    0.4529   -1.5856  C  0  0  0  0  0
    6.7127    1.6544   -0.8910  C  0  0  0  0  0
    6.3112    2.9400   -1.4832  C  0  0  0  0  0
    6.1447    3.9952   -0.6584  C  0  0  0  0  0
    6.3262    4.0105    0.8635  C  0  0  0  0  0
    6.6612   -2.3318    6.4420  C  0  0  0  0  0
    5.7718   -3.0589    7.2411  C  0  0  0  0  0
    4.3974   -2.9799    7.0143  C  0  0  0  0  0
    3.9101   -2.1747    5.9882  C  0  0  0  0  0
  1 10  1  0  0  0
  1  6  2  0  0  0
  1  2  1  0  0  0
  2  3  1  0  0  0
  3  4  1  0  0  0
  4 25  2  0  0  0
  4  5  1  0  0  0
  5  6  1  0  0  0
  5 22  2  0  0  0
  6  7  1  0  0  0
  7  8  1  0  0  0
  8  9  2  0  0  0
  9 10  1  0  0  0
 10 14  1  0  0  0
 10 11  1  0  0  0
 11 12  1  0  0  0
 12 21  1  0  0  0
 12 13  1  0  0  0
 13 18  2  0  0  0
 13 14  1  0  0  0
 14 15  2  0  0  0
 15 16  1  0  0  0
 16 17  2  0  0  0
 17 18  1  0  0  0
 18 19  1  0  0  0
 19 20  2  0  0  0
 20 21  1  0  0  0
 22 23  1  0  0  0
 23 24  2  0  0  0
 24 25  1  0  0  0
M  END
$$$$
C12=C(C3(c4c5c(C=CCN5C3)ccc4)C=CO1)COc6c2cccc6
  -ISIS-

 25 30  0  0  0  0  0  0  0  0  1
    6.5403    0.0147    3.5382  C  0  0  0  0  0
    5.0762    0.0938    3.3347  C  0  0  0  0  0
    4.2721   -0.6597    4.1792  O  0  0  0  0  0
    4.8102   -1.4577    5.2016  C  0  0  0  0  0
    6.1834   -1.5181    5.4079  C  0  0  0  0  0
    7.0462   -0.7313    4.5313  C  0  0  0  0  0
    8.3992   -0.8115    4.7988  O  0  0  0  0  0
    9.3054   -0.0275    4.0996  C  0  0  0  0  0
    8.9108    0.7577    3.0757  C  0  0  0  0  0
    7.4522    0.8100    2.6343  C  0  0  0  0  0
    7.0265    2.3190    2.6638  C  0  0  0  0  0
    6.7704    2.6988    1.3427  N  0  0  0  0  0
    6.9188    1.6153    0.4749  C  0  0  0  0  0
    7.3052    0.4710    1.1657  C  0  0  0  0  0
    7.5043   -0.7133    0.4801  C  0  0  0  0  0
    7.3044   -0.7230   -0.9081  C  0  0  0  0  0
    6.9127    0.4529   -1.5856  C  0  0  0  0  0
    6.7127    1.6544   -0.8910  C  0  0  0  0  0
    6.3112    2.9400   -1.4832  C  0  0  0  0  0
    6.1447    3.9952   -0.6584  C  0  0  0  0  0
    6.3262    4.0105    0.8635  C  0  0  0  0  0
    6.6612   -2.3318    6.4420  C  0  0  0  0  0
    5.7718   -3.0589    7.2411  C  0  0  0  0  0
    4.3974   -2.9799    7.0143  C  0  0  0  0  0
    3.9101   -2.1747    5.9882  C  0  0  0  0  0
  1 10  1  0  0  0
  1  6  2  0  0  0
  1  2  1  0  0  0
  2  3  1  0  0  0
  3  4  1  0  0  0
  4 25  2  0  0  0
  4  5  1  0  0  0
  5  6  1  0  0  0
  5 22  2  0  0  0
  6  7  1  0  0  0
  7  8  1  0  0  0
  8  9  2  0  0  0
  9 10  1  0  0  0
 10 14  1  0  0  0
 10 11  1  0  0  0
 11 12  1  0  0  0
 12 21  1  0  0  0
 12 13  1  0  0  0
 13 18  2  0  0  0
 13 14  1  0  0  0
 14 15  2  0  0  0
 15 16  1  0  0  0
 16 17  2  0  0  0
 17 18  1  0  0  0
 18 19  1  0  0  0
 19 20  2  0  0  0
 20 21  1  0  0  0
 22 23  1  0  0  0
 23 24  2  0  0  0
 24 25  1  0  0  0
M  END
$$$$
C12=C(C3(c4c5c(C=CCN5C3)ccc4)C=CO1)COc6c2cccc6
  -ISIS-

 25 30  0  0  0  0  0  0  0  0  1
   -1.4901    3.8913    3.3925  C  0  0  0  0  0
   -1.4309    3.9976    4.7281  C  0  0  0  0  0
   -2.1353    3.1703    5.5815  O  0  0  0  0  0
   -3.0302    2.2357    5.0809  C  0  0  0  0  0
   -3.1693    2.0378    3.7535  C  0  0  0  0  0
   -2.3408    2.8250    2.7441  C  0  0  0  0  0
   -1.5697    1.9040    1.8217  C  0  0  0  0  0
   -2.1029    1.9995    0.5400  C  0  0  0  0  0
   -1.6385    1.2739   -0.5406  C  0  0  0  0  0
   -2.3071    1.4760   -1.8355  C  0  0  0  0  0
   -3.3140    2.3725   -1.8976  C  0  0  0  0  0
   -3.8543    3.2298   -0.7476  C  0  0  0  0  0
   -3.1545    2.9169    0.5014  N  0  0  0  0  0
   -3.3555    3.4989    1.7567  C  0  0  0  0  0
   -0.5670    0.4041   -0.2924  C  0  0  0  0  0
   -0.0070    0.2891    0.9994  C  0  0  0  0  0
   -0.5143    1.0447    2.0665  C  0  0  0  0  0
   -0.6044    5.0125    5.3752  C  0  0  0  0  0
    0.1110    5.8878    4.5666  C  0  0  0  0  0
    0.9270    6.8868    5.0953  C  0  0  0  0  0
    1.0326    7.0156    6.4776  C  0  0  0  0  0
    0.3252    6.1488    7.3113  C  0  0  0  0  0
   -0.4894    5.1516    6.7636  C  0  0  0  0  0
    0.0352    5.7975    3.1673  O  0  0  0  0  0
   -0.7463    4.8405    2.5339  C  0  0  0  0  0
  1  6  1  0  0  0
  1 25  1  0  0  0
  1  2  2  0  0  0
  2  3  1  0  0  0
  2 18  1  0  0  0
  3  4  1  0  0  0
  4  5  2  0  0  0
  5  6  1  0  0  0
  6 14  1  0  0  0
  6  7  1  0  0  0
  7 17  2  0  0  0
  7  8  1  0  0  0
  8 13  1  0  0  0
  8  9  2  0  0  0
  9 10  1  0  0  0
  9 15  1  0  0  0
 10 11  2  0  0  0
 11 12  1  0  0  0
 12 13  1  0  0  0
 13 14  1  0  0  0
 15 16  2  0  0  0
 16 17  1  0  0  0
 18 23  2  0  0  0
 18 19  1  0  0  0
 19 20  2  0  0  0
 19 24  1  0  0  0
 20 21  1  0  0  0
 21 22  2  0  0  0
 22 23  1  0  0  0
 24 25  1  0  0  0
M  END
$$$$
C12=C(C3(c4c5c(C=CCN5C3)ccc4)C=CO1)COc6c2cccc6
  -ISIS-

 25 30  0  0  0  0  0  0  0  0  1
   -1.4901    3.8913    3.3925  C  0  0  0  0  0
   -1.4309    3.9976    4.7281  C  0  0  0  0  0
   -2.1353    3.1703    5.5815  O  0  0  0  0  0
   -3.0302    2.2357    5.0809  C  0  0  0  0  0
   -3.1693    2.0378    3.7535  C  0  0  0  0  0
   -2.3408    2.8250    2.7441  C  0  0  0  0  0
   -1.5697    1.9040    1.8217  C  0  0  0  0  0
   -2.1029    1.9995    0.5400  C  0  0  0  0  0
   -1.6385    1.2739   -0.5406  C  0  0  0  0  0
   -2.3071    1.4760   -1.8355  C  0  0  0  0  0
   -3.3140    2.3725   -1.8976  C  0  0  0  0  0
   -3.8543    3.2298   -0.7476  C  0  0  0  0  0
   -3.1545    2.9169    0.5014  N  0  0  0  0  0
   -3.3555    3.4989    1.7567  C  0  0  0  0  0
   -0.5670    0.4041   -0.2924  C  0  0  0  0  0
   -0.0070    0.2891    0.9994  C  0  0  0  0  0
   -0.5143    1.0447    2.0665  C  0  0  0  0  0
   -0.6044    5.0125    5.3752  C  0  0  0  0  0
    0.1110    5.8878    4.5666  C  0  0  0  0  0
    0.9270    6.8868    5.0953  C  0  0  0  0  0
    1.0326    7.0156    6.4776  C  0  0  0  0  0
    0.3252    6.1488    7.3113  C  0  0  0  0  0
   -0.4894    5.1516    6.7636  C  0  0  0  0  0
    0.0352    5.7975    3.1673  O  0  0  0  0  0
   -0.7463    4.8405    2.5339  C  0  0  0  0  0
  1  6  1  0  0  0
  1 25  1  0  0  0
  1  2  2  0  0  0
  2  3  1  0  0  0
  2 18  1  0  0  0
  3  4  1  0  0  0
  4  5  2  0  0  0
  5  6  1  0  0  0
  6 14  1  0  0  0
  6  7  1  0  0  0
  7 17  2  0  0  0
  7  8  1  0  0  0
  8 13  1  0  0  0
  8  9  2  0  0  0
  9 10  1  0  0  0
  9 15  1  0  0  0
 10 11  2  0  0  0
 11 12  1  0  0  0
 12 13  1  0  0  0
 13 14  1  0  0  0
 15 16  2  0  0  0
 16 17  1  0  0  0
 18 23  2  0  0  0
 18 19  1  0  0  0
 19 20  2  0  0  0
 19 24  1  0  0  0
 20 21  1  0  0  0
 21 22  2  0  0  0
 22 23  1  0  0  0
 24 25  1  0  0  0
M  END
$$$$
C12=C(C3(c4c5c(C=CCN5C3)ccc4)C=CO1)COc6c2cccc6
  -ISIS-

 25 30  0  0  0  0  0  0  0  0  1
   -1.4901    3.8913    3.3925  C  0  0  0  0  0
   -1.4309    3.9976    4.7281  C  0  0  0  0  0
   -2.1353    3.1703    5.5815  O  0  0  0  0  0
   -3.0302    2.2357    5.0809  C  0  0  0  0  0
   -3.1693    2.0378    3.7535  C  0  0  0  0  0
   -2.3408    2.8250    2.7441  C  0  0  0  0  0
   -1.5697    1.9040    1.8217  C  0  0  0  0  0
   -2.1029    1.9995    0.5400  C  0  0  0  0  0
   -1.6385    1.2739   -0.5406  C  0  0  0  0  0
   -2.3071    1.4760   -1.8355  C  0  0  0  0  0
   -3.3140    2.3725   -1.8976  C  0  0  0  0  0
   -3.8543    3.2298   -0.7476  C  0  0  0  0  0
   -3.1545    2.9169    0.5014  N  0  0  0  0  0
   -3.3555    3.4989    1.7567  C  0  0  0  0  0
   -0.5670    0.4041   -0.2924  C  0  0  0  0  0
   -0.0070    0.2891    0.9994  C  0  0  0  0  0
   -0.5143    1.0447    2.0665  C  0  0  0  0  0
   -0.6044    5.0125    5.3752  C  0  0  0  0  0
    0.1110    5.8878    4.5666  C  0  0  0  0  0
    0.9270    6.8868    5.0953  C  0  0  0  0  0
    1.0326    7.0156    6.4776  C  0  0  0  0  0
    0.3252    6.1488    7.3113  C  0  0  0  0  0
   -0.4894    5.1516    6.7636  C  0  0  0  0  0
    0.0352    5.7975    3.1673  O  0  0  0  0  0
   -0.7463    4.8405    2.5339  C  0  0  0  0  0
  1  6  1  0  0  0
  1 25  1  0  0  0
  1  2  2  0  0  0
  2  3  1  0  0  0
  2 18  1  0  0  0
  3  4  1  0  0  0
  4  5  2  0  0  0
  5  6  1  0  0  0
  6 14  1  0  0  0
  6  7  1  0  0  0
  7 17  2  0  0  0
  7  8  1  0  0  0
  8 13  1  0  0  0
  8  9  2  0  0  0
  9 10  1  0  0  0
  9 15  1  0  0  0
 10 11  2  0  0  0
 11 12  1  0  0  0
 12 13  1  0  0  0
 13 14  1  0  0  0
 15 16  2  0  0  0
 16 17  1  0  0  0
 18 23  2  0  0  0
 18 19  1  0  0  0
 19 20  2  0  0  0
 19 24  1  0  0  0
 20 21  1  0  0  0
 21 22  2  0  0  0
 22 23  1  0  0  0
 24 25  1  0  0  0
M  END
$$$$
C12=C(C3(c4c5c(C=CCN5C3)ccc4)C=CO1)COc6c2cccc6
  -ISIS-

 25 30  0  0  0  0  0  0  0  0  1
   -1.4901    3.8913    3.3925  C  0  0  0  0  0
   -1.4309    3.9976    4.7281  C  0  0  0  0  0
   -2.1353    3.1703    5.5815  O  0  0  0  0  0
   -3.0302    2.2357    5.0809  C  0  0  0  0  0
   -3.1693    2.0378    3.7535  C  0  0  0  0  0
   -2.3408    2.8250    2.7441  C  0  0  0  0  0
   -1.5697    1.9040    1.8217  C  0  0  0  0  0
   -2.1029    1.9995    0.5400  C  0  0  0  0  0
   -1.6385    1.2739   -0.5406  C  0  0  0  0  0
   -2.3071    1.4760   -1.8355  C  0  0  0  0  0
   -3.3140    2.3725   -1.8976  C  0  0  0  0  0
   -3.8543    3.2298   -0.7476  C  0  0  0  0  0
   -3.1545    2.9169    0.5014  N  0  0  0  0  0
   -3.3555    3.4989    1.7567  C  0  0  0  0  0
   -0.5670    0.4041   -0.2924  C  0  0  0  0  0
   -0.0070    0.2891    0.9994  C  0  0  0  0  0
   -0.5143    1.0447    2.0665  C  0  0  0  0  0
   -0.6044    5.0125    5.3752  C  0  0  0  0  0
    0.1110    5.8878    4.5666  C  0  0  0  0  0
    0.9270    6.8868    5.0953  C  0  0  0  0  0
    1.0326    7.0156    6.4776  C  0  0  0  0  0
    0.3252    6.1488    7.3113  C  0  0  0  0  0
   -0.4894    5.1516    6.7636  C  0  0  0  0  0
    0.0352    5.7975    3.1673  O  0  0  0  0  0
   -0.7463    4.8405    2.5339  C  0  0  0  0  0
  1  6  1  0  0  0
  1 25  1  0  0  0
  1  2  2  0  0  0
  2  3  1  0  0  0
  2 18  1  0  0  0
  3  4  1  0  0  0
  4  5  2  0  0  0
  5  6  1  0  0  0
  6 14  1  0  0  0
  6  7  1  0  0  0
  7 17  2  0  0  0
  7  8  1  0  0  0
  8 13  1  0  0  0
  8  9  2  0  0  0
  9 10  1  0  0  0
  9 15  1  0  0  0
 10 11  2  0  0  0
 11 12  1  0  0  0
 12 13  1  0  0  0
 13 14  1  0  0  0
 15 16  2  0  0  0
 16 17  1  0  0  0
 18 23  2  0  0  0
 18 19  1  0  0  0
 19 20  2  0  0  0
 19 24  1  0  0  0
 20 21  1  0  0  0
 21 22  2  0  0  0
 22 23  1  0  0  0
 24 25  1  0  0  0
M  END
$$$$
C12=C(C3(c4c5c(C=CCN5C3)ccc4)C=CO1)COc6c2cccc6
  -ISIS-

 25 30  0  0  0  0  0  0  0  0  1
   -1.4901    3.8913    3.3925  C  0  0  0  0  0
   -1.4309    3.9976    4.7281  C  0  0  0  0  0
   -2.1353    3.1703    5.5815  O  0  0  0  0  0
   -3.0302    2.2357    5.0809  C  0  0  0  0  0
   -3.1693    2.0378    3.7535  C  0  0  0  0  0
   -2.3408    2.8250    2.7441  C  0  0  0  0  0
   -1.5697    1.9040    1.8217  C  0  0  0  0  0
   -2.1029    1.9995    0.5400  C  0  0  0  0  0
   -1.6385    1.2739   -0.5406  C  0  0  0  0  0
   -2.3071    1.4760   -1.8355  C  0  0  0  0  0
   -3.3140    2.3725   -1.8976  C  0  0  0  0  0
   -3.8543    3.2298   -0.7476  C  0  0  0  0  0
   -3.1545    2.9169    0.5014  N  0  0  0  0  0
   -3.3555    3.4989    1.7567  C  0  0  0  0  0
   -0.5670    0.4041   -0.2924  C  0  0  0  0  0
   -0.0070    0.2891    0.9994  C  0  0  0  0  0
   -0.5143    1.0447    2.0665  C  0  0  0  0  0
   -0.6044    5.0125    5.3752  C  0  0  0  0  0
    0.1110    5.8878    4.5666  C  0  0  0  0  0
    0.9270    6.8868    5.0953  C  0  0  0  0  0
    1.0326    7.0156    6.4776  C  0  0  0  0  0
    0.3252    6.1488    7.3113  C  0  0  0  0  0
   -0.4894    5.1516    6.7636  C  0  0  0  0  0
    0.0352    5.7975    3.1673  O  0  0  0  0  0
   -0.7463    4.8405    2.5339  C  0  0  0  0  0
  1  6  1  0  0  0
  1 25  1  0  0  0
  1  2  2  0  0  0
  2  3  1  0  0  0
  2 18  1  0  0  0
  3  4  1  0  0  0
  4  5  2  0  0  0
  5  6  1  0  0  0
  6 14  1  0  0  0
  6  7  1  0  0  0
  7 17  2  0  0  0
  7  8  1  0  0  0
  8 13  1  0  0  0
  8  9  2  0  0  0
  9 10  1  0  0  0
  9 15  1  0  0  0
 10 11  2  0  0  0
 11 12  1  0  0  0
 12 13  1  0  0  0
 13 14  1  0  0  0
 15 16  2  0  0  0
 16 17  1  0  0  0
 18 23  2  0  0  0
 18 19  1  0  0  0
 19 20  2  0  0  0
 19 24  1  0  0  0
 20 21  1  0  0  0
 21 22  2  0  0  0
 22 23  1  0  0  0
 24 25  1  0  0  0
M  END
$$$$
C12=C(C3(c4c5c(C=CCN5C3)ccc4)C=CO1)COc6c2cccc6
  -ISIS-

 25 30  0  0  0  0  0  0  0  0  1
   -1.4901    3.8913    3.3925  C  0  0  0  0  0
   -1.4309    3.9976    4.7281  C  0  0  0  0  0
   -2.1353    3.1703    5.5815  O  0  0  0  0  0
   -3.0302    2.2357    5.0809  C  0  0  0  0  0
   -3.1693    2.0378    3.7535  C  0  0  0  0  0
   -2.3408    2.8250    2.7441  C  0  0  0  0  0
   -1.5697    1.9040    1.8217  C  0  0  0  0  0
   -2.1029    1.9995    0.5400  C  0  0  0  0  0
   -1.6385    1.2739   -0.5406  C  0  0  0  0  0
   -2.3071    1.4760   -1.8355  C  0  0  0  0  0
   -3.3140    2.3725   -1.8976  C  0  0  0  0  0
   -3.8543    3.2298   -0.7476  C  0  0  0  0  0
   -3.1545    2.9169    0.5014  N  0  0  0  0  0
   -3.3555    3.4989    1.7567  C  0  0  0  0  0
   -0.5670    0.4041   -0.2924  C  0  0  0  0  0
   -0.0070    0.2891    0.9994  C  0  0  0  0  0
   -0.5143    1.0447    2.0665  C  0  0  0  0  0
   -0.6044    5.0125    5.3752  C  0  0  0  0  0
    0.1110    5.8878    4.5666  C  0  0  0  0  0
    0.9270    6.8868    5.0953  C  0  0  0  0  0
    1.0326    7.0156    6.4776  C  0  0  0  0  0
    0.3252    6.1488    7.3113  C  0  0  0  0  0
   -0.4894    5.1516    6.7636  C  0  0  0  0  0
    0.0352    5.7975    3.1673  O  0  0  0  0  0
   -0.7463    4.8405    2.5339  C  0  0  0  0  0
  1  6  1  0  0  0
  1 25  1  0  0  0
  1  2  2  0  0  0
  2  3  1  0  0  0
  2 18  1  0  0  0
  3  4  1  0  0  0
  4  5  2  0  0  0
  5  6  1  0  0  0
  6 14  1  0  0  0
  6  7  1  0  0  0
  7 17  2  0  0  0
  7  8  1  0  0  0
  8 13  1  0  0  0
  8  9  2  0  0  0
  9 10  1  0  0  0
  9 15  1  0  0  0
 10 11  2  0  0  0
 11 12  1  0  0  0
 12 13  1  0  0  0
 13 14  1  0  0  0
 15 16  2  0  0  0
 16 17  1  0  0  0
 18 23  2  0  0  0
 18 19  1  0  0  0
 19 20  2  0  0  0
 19 24  1  0  0  0
 20 21  1  0  0  0
 21 22  2  0  0  0
 22 23  1  0  0  0
 24 25  1  0  0  0
M  END
$$$$
C12=C(C3(c4c5c(C=CCN5C3)ccc4)C=CO1)COc6c2cccc6
  -ISIS-

 25 30  0  0  0  0  0  0  0  0  1
   -1.4901    3.8913    3.3925  C  0  0  0  0  0
   -1.4309    3.9976    4.7281  C  0  0  0  0  0
   -2.1353    3.1703    5.5815  O  0  0  0  0  0
   -3.0302    2.2357    5.0809  C  0  0  0  0  0
   -3.1693    2.0378    3.7535  C  0  0  0  0  0
   -2.3408    2.8250    2.7441  C  0  0  0  0  0
   -1.5697    1.9040    1.8217  C  0  0  0  0  0
   -2.1029    1.9995    0.5400  C  0  0  0  0  0
   -1.6385    1.2739   -0.5406  C  0  0  0  0  0
   -2.3071    1.4760   -1.8355  C  0  0  0  0  0
   -3.3140    2.3725   -1.8976  C  0  0  0  0  0
   -3.8543    3.2298   -0.7476  C  0  0  0  0  0
   -3.1545    2.9169    0.5014  N  0  0  0  0  0
   -3.3555    3.4989    1.7567  C  0  0  0  0  0
   -0.5670    0.4041   -0.2924  C  0  0  0  0  0
   -0.0070    0.2891    0.9994  C  0  0  0  0  0
   -0.5143    1.0447    2.0665  C  0  0  0  0  0
   -0.6044    5.0125    5.3752  C  0  0  0  0  0
    0.1110    5.8878    4.5666  C  0  0  0  0  0
    0.9270    6.8868    5.0953  C  0  0  0  0  0
    1.0326    7.0156    6.4776  C  0  0  0  0  0
    0.3252    6.1488    7.3113  C  0  0  0  0  0
   -0.4894    5.1516    6.7636  C  0  0  0  0  0
    0.0352    5.7975    3.1673  O  0  0  0  0  0
   -0.7463    4.8405    2.5339  C  0  0  0  0  0
  1  6  1  0  0  0
  1 25  1  0  0  0
  1  2  2  0  0  0
  2  3  1  0  0  0
  2 18  1  0  0  0
  3  4  1  0  0  0
  4  5  2  0  0  0
  5  6  1  0  0  0
  6 14  1  0  0  0
  6  7  1  0  0  0
  7 17  2  0  0  0
  7  8  1  0  0  0
  8 13  1  0  0  0
  8  9  2  0  0  0
  9 10  1  0  0  0
  9 15  1  0  0  0
 10 11  2  0  0  0
 11 12  1  0  0  0
 12 13  1  0  0  0
 13 14  1  0  0  0
 15 16  2  0  0  0
 16 17  1  0  0  0
 18 23  2  0  0  0
 18 19  1  0  0  0
 19 20  2  0  0  0
 19 24  1  0  0  0
 20 21  1  0  0  0
 21 22  2  0  0  0
 22 23  1  0  0  0
 24 25  1  0  0  0
M  END
$$$$
C12=C(C3(c4c5c(C=CCN5C3)ccc4)C=CO1)COc6c2cccc6
  -ISIS-

 25 30  0  0  0  0  0  0  0  0  1
   -1.1993   -2.3452    4.8210  C  0  0  0  0  0
   -2.4707   -1.9163    4.7611  C  0  0  0  0  0
   -3.5210   -2.5715    5.3779  O  0  0  0  0  0
   -3.3053   -3.7622    6.0555  C  0  0  0  0  0
   -2.0696   -4.2871    6.1485  C  0  0  0  0  0
   -0.8432   -3.6112    5.5779  C  0  0  0  0  0
    0.2069   -3.4003    6.6517  C  0  0  0  0  0
    1.3257   -4.1729    6.3466  C  0  0  0  0  0
    2.4664   -4.2181    7.1270  C  0  0  0  0  0
    3.5727   -5.0740    6.6751  C  0  0  0  0  0
    3.4317   -5.7248    5.5015  C  0  0  0  0  0
    2.2204   -5.6725    4.5625  C  0  0  0  0  0
    1.1406   -4.8781    5.1559  N  0  0  0  0  0
   -0.1081   -4.5864    4.5917  C  0  0  0  0  0
    2.4516   -3.4348    8.2857  C  0  0  0  0  0
    1.3268   -2.6479    8.6158  C  0  0  0  0  0
    0.1923   -2.6248    7.7975  C  0  0  0  0  0
   -2.8348   -0.7056    4.0297  C  0  0  0  0  0
   -1.8259   -0.0007    3.3854  C  0  0  0  0  0
   -2.0789    1.1668    2.6667  C  0  0  0  0  0
   -3.3838    1.6457    2.5876  C  0  0  0  0  0
   -4.4158    0.9548    3.2232  C  0  0  0  0  0
   -4.1433   -0.2153    3.9407  C  0  0  0  0  0
   -0.4964   -0.4475    3.4328  O  0  0  0  0  0
   -0.1311   -1.6032    4.1112  C  0  0  0  0  0
  1  6  1  0  0  0
  1 25  1  0  0  0
  1  2  2  0  0  0
  2  3  1  0  0  0
  2 18  1  0  0  0
  3  4  1  0  0  0
  4  5  2  0  0  0
  5  6  1  0  0  0
  6 14  1  0  0  0
  6  7  1  0  0  0
  7 17  2  0  0  0
  7  8  1  0  0  0
  8 13  1  0  0  0
  8  9  2  0  0  0
  9 10  1  0  0  0
  9 15  1  0  0  0
 10 11  2  0  0  0
 11 12  1  0  0  0
 12 13  1  0  0  0
 13 14  1  0  0  0
 15 16  2  0  0  0
 16 17  1  0  0  0
 18 23  2  0  0  0
 18 19  1  0  0  0
 19 20  2  0  0  0
 19 24  1  0  0  0
 20 21  1  0  0  0
 21 22  2  0  0  0
 22 23  1  0  0  0
 24 25  1  0  0  0
M  END
$$$$
C12=C(C3(c4c5c(C=CCN5C3)ccc4)C=CO1)COc6c2cccc6
  -ISIS-

 25 30  0  0  0  0  0  0  0  0  1
   -1.1993   -2.3452    4.8210  C  0  0  0  0  0
   -2.4707   -1.9163    4.7611  C  0  0  0  0  0
   -3.5210   -2.5715    5.3779  O  0  0  0  0  0
   -3.3053   -3.7622    6.0555  C  0  0  0  0  0
   -2.0696   -4.2871    6.1485  C  0  0  0  0  0
   -0.8432   -3.6112    5.5779  C  0  0  0  0  0
    0.2069   -3.4003    6.6517  C  0  0  0  0  0
    1.3257   -4.1729    6.3466  C  0  0  0  0  0
    2.4664   -4.2181    7.1270  C  0  0  0  0  0
    3.5727   -5.0740    6.6751  C  0  0  0  0  0
    3.4317   -5.7248    5.5015  C  0  0  0  0  0
    2.2204   -5.6725    4.5625  C  0  0  0  0  0
    1.1406   -4.8781    5.1559  N  0  0  0  0  0
   -0.1081   -4.5864    4.5917  C  0  0  0  0  0
    2.4516   -3.4348    8.2857  C  0  0  0  0  0
    1.3268   -2.6479    8.6158  C  0  0  0  0  0
    0.1923   -2.6248    7.7975  C  0  0  0  0  0
   -2.8348   -0.7056    4.0297  C  0  0  0  0  0
   -1.8259   -0.0007    3.3854  C  0  0  0  0  0
   -2.0789    1.1668    2.6667  C  0  0  0  0  0
   -3.3838    1.6457    2.5876  C  0  0  0  0  0
   -4.4158    0.9548    3.2232  C  0  0  0  0  0
   -4.1433   -0.2153    3.9407  C  0  0  0  0  0
   -0.4964   -0.4475    3.4328  O  0  0  0  0  0
   -0.1311   -1.6032    4.1112  C  0  0  0  0  0
  1  6  1  0  0  0
  1 25  1  0  0  0
  1  2  2  0  0  0
  2  3  1  0  0  0
  2 18  1  0  0  0
  3  4  1  0  0  0
  4  5  2  0  0  0
  5  6  1  0  0  0
  6 14  1  0  0  0
  6  7  1  0  0  0
  7 17  2  0  0  0
  7  8  1  0  0  0
  8 13  1  0  0  0
  8  9  2  0  0  0
  9 10  1  0  0  0
  9 15  1  0  0  0
 10 11  2  0  0  0
 11 12  1  0  0  0
 12 13  1  0  0  0
 13 14  1  0  0  0
 15 16  2  0  0  0
 16 17  1  0  0  0
 18 23  2  0  0  0
 18 19  1  0  0  0
 19 20  2  0  0  0
 19 24  1  0  0  0
 20 21  1  0  0  0
 21 22  2  0  0  0
 22 23  1  0  0  0
 24 25  1  0  0  0
M  END
$$$$
C12=C(C3(c4c5c(C=CCN5C3)ccc4)C=CO1)COc6c2cccc6
  -ISIS-

 25 30  0  0  0  0  0  0  0  0  1
   -1.1993   -2.3452    4.8210  C  0  0  0  0  0
   -2.4707   -1.9163    4.7611  C  0  0  0  0  0
   -3.5210   -2.5715    5.3779  O  0  0  0  0  0
   -3.3053   -3.7622    6.0555  C  0  0  0  0  0
   -2.0696   -4.2871    6.1485  C  0  0  0  0  0
   -0.8432   -3.6112    5.5779  C  0  0  0  0  0
    0.2069   -3.4003    6.6517  C  0  0  0  0  0
    1.3257   -4.1729    6.3466  C  0  0  0  0  0
    2.4664   -4.2181    7.1270  C  0  0  0  0  0
    3.5727   -5.0740    6.6751  C  0  0  0  0  0
    3.4317   -5.7248    5.5015  C  0  0  0  0  0
    2.2204   -5.6725    4.5625  C  0  0  0  0  0
    1.1406   -4.8781    5.1559  N  0  0  0  0  0
   -0.1081   -4.5864    4.5917  C  0  0  0  0  0
    2.4516   -3.4348    8.2857  C  0  0  0  0  0
    1.3268   -2.6479    8.6158  C  0  0  0  0  0
    0.1923   -2.6248    7.7975  C  0  0  0  0  0
   -2.8348   -0.7056    4.0297  C  0  0  0  0  0
   -1.8259   -0.0007    3.3854  C  0  0  0  0  0
   -2.0789    1.1668    2.6667  C  0  0  0  0  0
   -3.3838    1.6457    2.5876  C  0  0  0  0  0
   -4.4158    0.9548    3.2232  C  0  0  0  0  0
   -4.1433   -0.2153    3.9407  C  0  0  0  0  0
   -0.4964   -0.4475    3.4328  O  0  0  0  0  0
   -0.1311   -1.6032    4.1112  C  0  0  0  0  0
  1  6  1  0  0  0
  1 25  1  0  0  0
  1  2  2  0  0  0
  2  3  1  0  0  0
  2 18  1  0  0  0
  3  4  1  0  0  0
  4  5  2  0  0  0
  5  6  1  0  0  0
  6 14  1  0  0  0
  6  7  1  0  0  0
  7 17  2  0  0  0
  7  8  1  0  0  0
  8 13  1  0  0  0
  8  9  2  0  0  0
  9 10  1  0  0  0
  9 15  1  0  0  0
 10 11  2  0  0  0
 11 12  1  0  0  0
 12 13  1  0  0  0
 13 14  1  0  0  0
 15 16  2  0  0  0
 16 17  1  0  0  0
 18 23  2  0  0  0
 18 19  1  0  0  0
 19 20  2  0  0  0
 19 24  1  0  0  0
 20 21  1  0  0  0
 21 22  2  0  0  0
 22 23  1  0  0  0
 24 25  1  0  0  0
M  END
$$$$
C12=C(C3(c4c5c(C=CCN5C3)ccc4)C=CO1)COc6c2cccc6
  -ISIS-

 25 30  0  0  0  0  0  0  0  0  1
   -1.1993   -2.3452    4.8210  C  0  0  0  0  0
   -2.4707   -1.9163    4.7611  C  0  0  0  0  0
   -3.5210   -2.5715    5.3779  O  0  0  0  0  0
   -3.3053   -3.7622    6.0555  C  0  0  0  0  0
   -2.0696   -4.2871    6.1485  C  0  0  0  0  0
   -0.8432   -3.6112    5.5779  C  0  0  0  0  0
    0.2069   -3.4003    6.6517  C  0  0  0  0  0
    1.3257   -4.1729    6.3466  C  0  0  0  0  0
    2.4664   -4.2181    7.1270  C  0  0  0  0  0
    3.5727   -5.0740    6.6751  C  0  0  0  0  0
    3.4317   -5.7248    5.5015  C  0  0  0  0  0
    2.2204   -5.6725    4.5625  C  0  0  0  0  0
    1.1406   -4.8781    5.1559  N  0  0  0  0  0
   -0.1081   -4.5864    4.5917  C  0  0  0  0  0
    2.4516   -3.4348    8.2857  C  0  0  0  0  0
    1.3268   -2.6479    8.6158  C  0  0  0  0  0
    0.1923   -2.6248    7.7975  C  0  0  0  0  0
   -2.8348   -0.7056    4.0297  C  0  0  0  0  0
   -1.8259   -0.0007    3.3854  C  0  0  0  0  0
   -2.0789    1.1668    2.6667  C  0  0  0  0  0
   -3.3838    1.6457    2.5876  C  0  0  0  0  0
   -4.4158    0.9548    3.2232  C  0  0  0  0  0
   -4.1433   -0.2153    3.9407  C  0  0  0  0  0
   -0.4964   -0.4475    3.4328  O  0  0  0  0  0
   -0.1311   -1.6032    4.1112  C  0  0  0  0  0
  1  6  1  0  0  0
  1 25  1  0  0  0
  1  2  2  0  0  0
  2  3  1  0  0  0
  2 18  1  0  0  0
  3  4  1  0  0  0
  4  5  2  0  0  0
  5  6  1  0  0  0
  6 14  1  0  0  0
  6  7  1  0  0  0
  7 17  2  0  0  0
  7  8  1  0  0  0
  8 13  1  0  0  0
  8  9  2  0  0  0
  9 10  1  0  0  0
  9 15  1  0  0  0
 10 11  2  0  0  0
 11 12  1  0  0  0
 12 13  1  0  0  0
 13 14  1  0  0  0
 15 16  2  0  0  0
 16 17  1  0  0  0
 18 23  2  0  0  0
 18 19  1  0  0  0
 19 20  2  0  0  0
 19 24  1  0  0  0
 20 21  1  0  0  0
 21 22  2  0  0  0
 22 23  1  0  0  0
 24 25  1  0  0  0
M  END
$$$$
C12=C(C3(c4c5c(C=CCN5C3)ccc4)C=CO1)COc6c2cccc6
  -ISIS-

 25 30  0  0  0  0  0  0  0  0  1
   -1.1993   -2.3452    4.8210  C  0  0  0  0  0
   -2.4707   -1.9163    4.7611  C  0  0  0  0  0
   -3.5210   -2.5715    5.3779  O  0  0  0  0  0
   -3.3053   -3.7622    6.0555  C  0  0  0  0  0
   -2.0696   -4.2871    6.1485  C  0  0  0  0  0
   -0.8432   -3.6112    5.5779  C  0  0  0  0  0
    0.2069   -3.4003    6.6517  C  0  0  0  0  0
    1.3257   -4.1729    6.3466  C  0  0  0  0  0
    2.4664   -4.2181    7.1270  C  0  0  0  0  0
    3.5727   -5.0740    6.6751  C  0  0  0  0  0
    3.4317   -5.7248    5.5015  C  0  0  0  0  0
    2.2204   -5.6725    4.5625  C  0  0  0  0  0
    1.1406   -4.8781    5.1559  N  0  0  0  0  0
   -0.1081   -4.5864    4.5917  C  0  0  0  0  0
    2.4516   -3.4348    8.2857  C  0  0  0  0  0
    1.3268   -2.6479    8.6158  C  0  0  0  0  0
    0.1923   -2.6248    7.7975  C  0  0  0  0  0
   -2.8348   -0.7056    4.0297  C  0  0  0  0  0
   -1.8259   -0.0007    3.3854  C  0  0  0  0  0
   -2.0789    1.1668    2.6667  C  0  0  0  0  0
   -3.3838    1.6457    2.5876  C  0  0  0  0  0
   -4.4158    0.9548    3.2232  C  0  0  0  0  0
   -4.1433   -0.2153    3.9407  C  0  0  0  0  0
   -0.4964   -0.4475    3.4328  O  0  0  0  0  0
   -0.1311   -1.6032    4.1112  C  0  0  0  0  0
  1  6  1  0  0  0
  1 25  1  0  0  0
  1  2  2  0  0  0
  2  3  1  0  0  0
  2 18  1  0  0  0
  3  4  1  0  0  0
  4  5  2  0  0  0
  5  6  1  0  0  0
  6 14  1  0  0  0
  6  7  1  0  0  0
  7 17  2  0  0  0
  7  8  1  0  0  0
  8 13  1  0  0  0
  8  9  2  0  0  0
  9 10  1  0  0  0
  9 15  1  0  0  0
 10 11  2  0  0  0
 11 12  1  0  0  0
 12 13  1  0  0  0
 13 14  1  0  0  0
 15 16  2  0  0  0
 16 17  1  0  0  0
 18 23  2  0  0  0
 18 19  1  0  0  0
 19 20  2  0  0  0
 19 24  1  0  0  0
 20 21  1  0  0  0
 21 22  2  0  0  0
 22 23  1  0  0  0
 24 25  1  0  0  0
M  END
$$$$
C12=C(C3(c4c5c(C=CCN5C3)ccc4)C=CO1)COc6c2cccc6
  -ISIS-

 25 30  0  0  0  0  0  0  0  0  1
   -1.1993   -2.3452    4.8210  C  0  0  0  0  0
   -2.4707   -1.9163    4.7611  C  0  0  0  0  0
   -3.5210   -2.5715    5.3779  O  0  0  0  0  0
   -3.3053   -3.7622    6.0555  C  0  0  0  0  0
   -2.0696   -4.2871    6.1485  C  0  0  0  0  0
   -0.8432   -3.6112    5.5779  C  0  0  0  0  0
    0.2069   -3.4003    6.6517  C  0  0  0  0  0
    1.3257   -4.1729    6.3466  C  0  0  0  0  0
    2.4664   -4.2181    7.1270  C  0  0  0  0  0
    3.5727   -5.0740    6.6751  C  0  0  0  0  0
    3.4317   -5.7248    5.5015  C  0  0  0  0  0
    2.2204   -5.6725    4.5625  C  0  0  0  0  0
    1.1406   -4.8781    5.1559  N  0  0  0  0  0
   -0.1081   -4.5864    4.5917  C  0  0  0  0  0
    2.4516   -3.4348    8.2857  C  0  0  0  0  0
    1.3268   -2.6479    8.6158  C  0  0  0  0  0
    0.1923   -2.6248    7.7975  C  0  0  0  0  0
   -2.8348   -0.7056    4.0297  C  0  0  0  0  0
   -1.8259   -0.0007    3.3854  C  0  0  0  0  0
   -2.0789    1.1668    2.6667  C  0  0  0  0  0
   -3.3838    1.6457    2.5876  C  0  0  0  0  0
   -4.4158    0.9548    3.2232  C  0  0  0  0  0
   -4.1433   -0.2153    3.9407  C  0  0  0  0  0
   -0.4964   -0.4475    3.4328  O  0  0  0  0  0
   -0.1311   -1.6032    4.1112  C  0  0  0  0  0
  1  6  1  0  0  0
  1 25  1  0  0  0
  1  2  2  0  0  0
  2  3  1  0  0  0
  2 18  1  0  0  0
  3  4  1  0  0  0
  4  5  2  0  0  0
  5  6  1  0  0  0
  6 14  1  0  0  0
  6  7  1  0  0  0
  7 17  2  0  0  0
  7  8  1  0  0  0
  8 13  1  0  0  0
  8  9  2  0  0  0
  9 10  1  0  0  0
  9 15  1  0  0  0
 10 11  2  0  0  0
 11 12  1  0  0  0
 12 13  1  0  0  0
 13 14  1  0  0  0
 15 16  2  0  0  0
 16 17  1  0  0  0
 18 23  2  0  0  0
 18 19  1  0  0  0
 19 20  2  0  0  0
 19 24  1  0  0  0
 20 21  1  0  0  0
 21 22  2  0  0  0
 22 23  1  0  0  0
 24 25  1  0  0  0
M  END
$$$$
C12=C(C3(c4c5c(C=CCN5C3)ccc4)C=CO1)COc6c2cccc6
  -ISIS-

 25 30  0  0  0  0  0  0  0  0  1
    1.9335   -1.1970   -6.2116  C  0  0  0  0  0
    1.2782   -2.3350   -6.4846  C  0  0  0  0  0
    1.7188   -3.5763   -6.0677  O  0  0  0  0  0
    2.9402   -3.7129   -5.4244  C  0  0  0  0  0
    3.6840   -2.6365   -5.0943  C  0  0  0  0  0
    3.2087   -1.2207   -5.4023  C  0  0  0  0  0
    3.1527   -0.3723   -4.1479  C  0  0  0  0  0
    4.1457    0.6022   -4.2208  C  0  0  0  0  0
    4.3799    1.5367   -3.2309  C  0  0  0  0  0
    5.4650    2.5050   -3.4463  C  0  0  0  0  0
    6.1540    2.4390   -4.6048  C  0  0  0  0  0
    5.9278    1.4491   -5.7530  C  0  0  0  0  0
    4.8575    0.5054   -5.4185  N  0  0  0  0  0
    4.3550   -0.5269   -6.2158  C  0  0  0  0  0
    3.5497    1.4639   -2.1063  C  0  0  0  0  0
    2.5381    0.4752   -1.9967  C  0  0  0  0  0
    2.3318   -0.4470   -3.0361  C  0  0  0  0  0
    0.0365   -2.3336   -7.2527  C  0  0  0  0  0
   -0.4448   -1.1152   -7.7172  C  0  0  0  0  0
   -1.6217   -1.0166   -8.4577  C  0  0  0  0  0
   -2.3427   -2.1730   -8.7430  C  0  0  0  0  0
   -1.8815   -3.4083   -8.2871  C  0  0  0  0  0
   -0.6976   -3.4891   -7.5454  C  0  0  0  0  0
    0.2483    0.0773   -7.4551  O  0  0  0  0  0
    1.4313    0.0962   -6.7282  C  0  0  0  0  0
  1  6  1  0  0  0
  1 25  1  0  0  0
  1  2  2  0  0  0
  2  3  1  0  0  0
  2 18  1  0  0  0
  3  4  1  0  0  0
  4  5  2  0  0  0
  5  6  1  0  0  0
  6 14  1  0  0  0
  6  7  1  0  0  0
  7 17  2  0  0  0
  7  8  1  0  0  0
  8 13  1  0  0  0
  8  9  2  0  0  0
  9 10  1  0  0  0
  9 15  1  0  0  0
 10 11  2  0  0  0
 11 12  1  0  0  0
 12 13  1  0  0  0
 13 14  1  0  0  0
 15 16  2  0  0  0
 16 17  1  0  0  0
 18 23  2  0  0  0
 18 19  1  0  0  0
 19 20  2  0  0  0
 19 24  1  0  0  0
 20 21  1  0  0  0
 21 22  2  0  0  0
 22 23  1  0  0  0
 24 25  1  0  0  0
M  END
$$$$
C12=C(C3(c4c5c(C=CCN5C3)ccc4)C=CO1)COc6c2cccc6
  -ISIS-

 25 30  0  0  0  0  0  0  0  0  1
    1.9335   -1.1970   -6.2116  C  0  0  0  0  0
    1.2782   -2.3350   -6.4846  C  0  0  0  0  0
    1.7188   -3.5763   -6.0677  O  0  0  0  0  0
    2.9402   -3.7129   -5.4244  C  0  0  0  0  0
    3.6840   -2.6365   -5.0943  C  0  0  0  0  0
    3.2087   -1.2207   -5.4023  C  0  0  0  0  0
    3.1527   -0.3723   -4.1479  C  0  0  0  0  0
    4.1457    0.6022   -4.2208  C  0  0  0  0  0
    4.3799    1.5367   -3.2309  C  0  0  0  0  0
    5.4650    2.5050   -3.4463  C  0  0  0  0  0
    6.1540    2.4390   -4.6048  C  0  0  0  0  0
    5.9278    1.4491   -5.7530  C  0  0  0  0  0
    4.8575    0.5054   -5.4185  N  0  0  0  0  0
    4.3550   -0.5269   -6.2158  C  0  0  0  0  0
    3.5497    1.4639   -2.1063  C  0  0  0  0  0
    2.5381    0.4752   -1.9967  C  0  0  0  0  0
    2.3318   -0.4470   -3.0361  C  0  0  0  0  0
    0.0365   -2.3336   -7.2527  C  0  0  0  0  0
   -0.4448   -1.1152   -7.7172  C  0  0  0  0  0
   -1.6217   -1.0166   -8.4577  C  0  0  0  0  0
   -2.3427   -2.1730   -8.7430  C  0  0  0  0  0
   -1.8815   -3.4083   -8.2871  C  0  0  0  0  0
   -0.6976   -3.4891   -7.5454  C  0  0  0  0  0
    0.2483    0.0773   -7.4551  O  0  0  0  0  0
    1.4313    0.0962   -6.7282  C  0  0  0  0  0
  1  6  1  0  0  0
  1 25  1  0  0  0
  1  2  2  0  0  0
  2  3  1  0  0  0
  2 18  1  0  0  0
  3  4  1  0  0  0
  4  5  2  0  0  0
  5  6  1  0  0  0
  6 14  1  0  0  0
  6  7  1  0  0  0
  7 17  2  0  0  0
  7  8  1  0  0  0
  8 13  1  0  0  0
  8  9  2  0  0  0
  9 10  1  0  0  0
  9 15  1  0  0  0
 10 11  2  0  0  0
 11 12  1  0  0  0
 12 13  1  0  0  0
 13 14  1  0  0  0
 15 16  2  0  0  0
 16 17  1  0  0  0
 18 23  2  0  0  0
 18 19  1  0  0  0
 19 20  2  0  0  0
 19 24  1  0  0  0
 20 21  1  0  0  0
 21 22  2  0  0  0
 22 23  1  0  0  0
 24 25  1  0  0  0
M  END
$$$$
C12=C(C3(c4c5c(C=CCN5C3)ccc4)C=CO1)COc6c2cccc6
  -ISIS-

 25 30  0  0  0  0  0  0  0  0  1
    1.9335   -1.1970   -6.2116  C  0  0  0  0  0
    1.2782   -2.3350   -6.4846  C  0  0  0  0  0
    1.7188   -3.5763   -6.0677  O  0  0  0  0  0
    2.9402   -3.7129   -5.4244  C  0  0  0  0  0
    3.6840   -2.6365   -5.0943  C  0  0  0  0  0
    3.2087   -1.2207   -5.4023  C  0  0  0  0  0
    3.1527   -0.3723   -4.1479  C  0  0  0  0  0
    4.1457    0.6022   -4.2208  C  0  0  0  0  0
    4.3799    1.5367   -3.2309  C  0  0  0  0  0
    5.4650    2.5050   -3.4463  C  0  0  0  0  0
    6.1540    2.4390   -4.6048  C  0  0  0  0  0
    5.9278    1.4491   -5.7530  C  0  0  0  0  0
    4.8575    0.5054   -5.4185  N  0  0  0  0  0
    4.3550   -0.5269   -6.2158  C  0  0  0  0  0
    3.5497    1.4639   -2.1063  C  0  0  0  0  0
    2.5381    0.4752   -1.9967  C  0  0  0  0  0
    2.3318   -0.4470   -3.0361  C  0  0  0  0  0
    0.0365   -2.3336   -7.2527  C  0  0  0  0  0
   -0.4448   -1.1152   -7.7172  C  0  0  0  0  0
   -1.6217   -1.0166   -8.4577  C  0  0  0  0  0
   -2.3427   -2.1730   -8.7430  C  0  0  0  0  0
   -1.8815   -3.4083   -8.2871  C  0  0  0  0  0
   -0.6976   -3.4891   -7.5454  C  0  0  0  0  0
    0.2483    0.0773   -7.4551  O  0  0  0  0  0
    1.4313    0.0962   -6.7282  C  0  0  0  0  0
  1  6  1  0  0  0
  1 25  1  0  0  0
  1  2  2  0  0  0
  2  3  1  0  0  0
  2 18  1  0  0  0
  3  4  1  0  0  0
  4  5  2  0  0  0
  5  6  1  0  0  0
  6 14  1  0  0  0
  6  7  1  0  0  0
  7 17  2  0  0  0
  7  8  1  0  0  0
  8 13  1  0  0  0
  8  9  2  0  0  0
  9 10  1  0  0  0
  9 15  1  0  0  0
 10 11  2  0  0  0
 11 12  1  0  0  0
 12 13  1  0  0  0
 13 14  1  0  0  0
 15 16  2  0  0  0
 16 17  1  0  0  0
 18 23  2  0  0  0
 18 19  1  0  0  0
 19 20  2  0  0  0
 19 24  1  0  0  0
 20 21  1  0  0  0
 21 22  2  0  0  0
 22 23  1  0  0  0
 24 25  1  0  0  0
M  END
$$$$
C12=C(C3(c4c5c(C=CCN5C3)ccc4)C=CO1)COc6c2cccc6
  -ISIS-

 25 30  0  0  0  0  0  0  0  0  1
    1.9335   -1.1970   -6.2116  C  0  0  0  0  0
    1.2782   -2.3350   -6.4846  C  0  0  0  0  0
    1.7188   -3.5763   -6.0677  O  0  0  0  0  0
    2.9402   -3.7129   -5.4244  C  0  0  0  0  0
    3.6840   -2.6365   -5.0943  C  0  0  0  0  0
    3.2087   -1.2207   -5.4023  C  0  0  0  0  0
    3.1527   -0.3723   -4.1479  C  0  0  0  0  0
    4.1457    0.6022   -4.2208  C  0  0  0  0  0
    4.3799    1.5367   -3.2309  C  0  0  0  0  0
    5.4650    2.5050   -3.4463  C  0  0  0  0  0
    6.1540    2.4390   -4.6048  C  0  0  0  0  0
    5.9278    1.4491   -5.7530  C  0  0  0  0  0
    4.8575    0.5054   -5.4185  N  0  0  0  0  0
    4.3550   -0.5269   -6.2158  C  0  0  0  0  0
    3.5497    1.4639   -2.1063  C  0  0  0  0  0
    2.5381    0.4752   -1.9967  C  0  0  0  0  0
    2.3318   -0.4470   -3.0361  C  0  0  0  0  0
    0.0365   -2.3336   -7.2527  C  0  0  0  0  0
   -0.4448   -1.1152   -7.7172  C  0  0  0  0  0
   -1.6217   -1.0166   -8.4577  C  0  0  0  0  0
   -2.3427   -2.1730   -8.7430  C  0  0  0  0  0
   -1.8815   -3.4083   -8.2871  C  0  0  0  0  0
   -0.6976   -3.4891   -7.5454  C  0  0  0  0  0
    0.2483    0.0773   -7.4551  O  0  0  0  0  0
    1.4313    0.0962   -6.7282  C  0  0  0  0  0
  1  6  1  0  0  0
  1 25  1  0  0  0
  1  2  2  0  0  0
  2  3  1  0  0  0
  2 18  1  0  0  0
  3  4  1  0  0  0
  4  5  2  0  0  0
  5  6  1  0  0  0
  6 14  1  0  0  0
  6  7  1  0  0  0
  7 17  2  0  0  0
  7  8  1  0  0  0
  8 13  1  0  0  0
  8  9  2  0  0  0
  9 10  1  0  0  0
  9 15  1  0  0  0
 10 11  2  0  0  0
 11 12  1  0  0  0
 12 13  1  0  0  0
 13 14  1  0  0  0
 15 16  2  0  0  0
 16 17  1  0  0  0
 18 23  2  0  0  0
 18 19  1  0  0  0
 19 20  2  0  0  0
 19 24  1  0  0  0
 20 21  1  0  0  0
 21 22  2  0  0  0
 22 23  1  0  0  0
 24 25  1  0  0  0
M  END
$$$$
C12=C(C3(c4c5c(C=CCN5C3)ccc4)C=CO1)COc6c2cccc6
  -ISIS-

 25 30  0  0  0  0  0  0  0  0  1
    1.9335   -1.1970   -6.2116  C  0  0  0  0  0
    1.2782   -2.3350   -6.4846  C  0  0  0  0  0
    1.7188   -3.5763   -6.0677  O  0  0  0  0  0
    2.9402   -3.7129   -5.4244  C  0  0  0  0  0
    3.6840   -2.6365   -5.0943  C  0  0  0  0  0
    3.2087   -1.2207   -5.4023  C  0  0  0  0  0
    3.1527   -0.3723   -4.1479  C  0  0  0  0  0
    4.1457    0.6022   -4.2208  C  0  0  0  0  0
    4.3799    1.5367   -3.2309  C  0  0  0  0  0
    5.4650    2.5050   -3.4463  C  0  0  0  0  0
    6.1540    2.4390   -4.6048  C  0  0  0  0  0
    5.9278    1.4491   -5.7530  C  0  0  0  0  0
    4.8575    0.5054   -5.4185  N  0  0  0  0  0
    4.3550   -0.5269   -6.2158  C  0  0  0  0  0
    3.5497    1.4639   -2.1063  C  0  0  0  0  0
    2.5381    0.4752   -1.9967  C  0  0  0  0  0
    2.3318   -0.4470   -3.0361  C  0  0  0  0  0
    0.0365   -2.3336   -7.2527  C  0  0  0  0  0
   -0.4448   -1.1152   -7.7172  C  0  0  0  0  0
   -1.6217   -1.0166   -8.4577  C  0  0  0  0  0
   -2.3427   -2.1730   -8.7430  C  0  0  0  0  0
   -1.8815   -3.4083   -8.2871  C  0  0  0  0  0
   -0.6976   -3.4891   -7.5454  C  0  0  0  0  0
    0.2483    0.0773   -7.4551  O  0  0  0  0  0
    1.4313    0.0962   -6.7282  C  0  0  0  0  0
  1  6  1  0  0  0
  1 25  1  0  0  0
  1  2  2  0  0  0
  2  3  1  0  0  0
  2 18  1  0  0  0
  3  4  1  0  0  0
  4  5  2  0  0  0
  5  6  1  0  0  0
  6 14  1  0  0  0
  6  7  1  0  0  0
  7 17  2  0  0  0
  7  8  1  0  0  0
  8 13  1  0  0  0
  8  9  2  0  0  0
  9 10  1  0  0  0
  9 15  1  0  0  0
 10 11  2  0  0  0
 11 12  1  0  0  0
 12 13  1  0  0  0
 13 14  1  0  0  0
 15 16  2  0  0  0
 16 17  1  0  0  0
 18 23  2  0  0  0
 18 19  1  0  0  0
 19 20  2  0  0  0
 19 24  1  0  0  0
 20 21  1  0  0  0
 21 22  2  0  0  0
 22 23  1  0  0  0
 24 25  1  0  0  0
M  END
$$$$
C12=C(C3(c4c5c(C=CCN5C3)ccc4)C=CO1)COc6c2cccc6
  -ISIS-

 25 30  0  0  0  0  0  0  0  0  1
    1.9335   -1.1970   -6.2116  C  0  0  0  0  0
    1.2782   -2.3350   -6.4846  C  0  0  0  0  0
    1.7188   -3.5763   -6.0677  O  0  0  0  0  0
    2.9402   -3.7129   -5.4244  C  0  0  0  0  0
    3.6840   -2.6365   -5.0943  C  0  0  0  0  0
    3.2087   -1.2207   -5.4023  C  0  0  0  0  0
    3.1527   -0.3723   -4.1479  C  0  0  0  0  0
    4.1457    0.6022   -4.2208  C  0  0  0  0  0
    4.3799    1.5367   -3.2309  C  0  0  0  0  0
    5.4650    2.5050   -3.4463  C  0  0  0  0  0
    6.1540    2.4390   -4.6048  C  0  0  0  0  0
    5.9278    1.4491   -5.7530  C  0  0  0  0  0
    4.8575    0.5054   -5.4185  N  0  0  0  0  0
    4.3550   -0.5269   -6.2158  C  0  0  0  0  0
    3.5497    1.4639   -2.1063  C  0  0  0  0  0
    2.5381    0.4752   -1.9967  C  0  0  0  0  0
    2.3318   -0.4470   -3.0361  C  0  0  0  0  0
    0.0365   -2.3336   -7.2527  C  0  0  0  0  0
   -0.4448   -1.1152   -7.7172  C  0  0  0  0  0
   -1.6217   -1.0166   -8.4577  C  0  0  0  0  0
   -2.3427   -2.1730   -8.7430  C  0  0  0  0  0
   -1.8815   -3.4083   -8.2871  C  0  0  0  0  0
   -0.6976   -3.4891   -7.5454  C  0  0  0  0  0
    0.2483    0.0773   -7.4551  O  0  0  0  0  0
    1.4313    0.0962   -6.7282  C  0  0  0  0  0
  1  6  1  0  0  0
  1 25  1  0  0  0
  1  2  2  0  0  0
  2  3  1  0  0  0
  2 18  1  0  0  0
  3  4  1  0  0  0
  4  5  2  0  0  0
  5  6  1  0  0  0
  6 14  1  0  0  0
  6  7  1  0  0  0
  7 17  2  0  0  0
  7  8  1  0  0  0
  8 13  1  0  0  0
  8  9  2  0  0  0
  9 10  1  0  0  0
  9 15  1  0  0  0
 10 11  2  0  0  0
 11 12  1  0  0  0
 12 13  1  0  0  0
 13 14  1  0  0  0
 15 16  2  0  0  0
 16 17  1  0  0  0
 18 23  2  0  0  0
 18 19  1  0  0  0
 19 20  2  0  0  0
 19 24  1  0  0  0
 20 21  1  0  0  0
 21 22  2  0  0  0
 22 23  1  0  0  0
 24 25  1  0  0  0
M  END
$$$$
C12=C(C3(c4c5c(C=CCN5C3)ccc4)C=CO1)COc6c2cccc6
  -ISIS-

 25 30  0  0  0  0  0  0  0  0  1
    1.9335   -1.1970   -6.2116  C  0  0  0  0  0
    1.2782   -2.3350   -6.4846  C  0  0  0  0  0
    1.7188   -3.5763   -6.0677  O  0  0  0  0  0
    2.9402   -3.7129   -5.4244  C  0  0  0  0  0
    3.6840   -2.6365   -5.0943  C  0  0  0  0  0
    3.2087   -1.2207   -5.4023  C  0  0  0  0  0
    3.1527   -0.3723   -4.1479  C  0  0  0  0  0
    4.1457    0.6022   -4.2208  C  0  0  0  0  0
    4.3799    1.5367   -3.2309  C  0  0  0  0  0
    5.4650    2.5050   -3.4463  C  0  0  0  0  0
    6.1540    2.4390   -4.6048  C  0  0  0  0  0
    5.9278    1.4491   -5.7530  C  0  0  0  0  0
    4.8575    0.5054   -5.4185  N  0  0  0  0  0
    4.3550   -0.5269   -6.2158  C  0  0  0  0  0
    3.5497    1.4639   -2.1063  C  0  0  0  0  0
    2.5381    0.4752   -1.9967  C  0  0  0  0  0
    2.3318   -0.4470   -3.0361  C  0  0  0  0  0
    0.0365   -2.3336   -7.2527  C  0  0  0  0  0
   -0.4448   -1.1152   -7.7172  C  0  0  0  0  0
   -1.6217   -1.0166   -8.4577  C  0  0  0  0  0
   -2.3427   -2.1730   -8.7430  C  0  0  0  0  0
   -1.8815   -3.4083   -8.2871  C  0  0  0  0  0
   -0.6976   -3.4891   -7.5454  C  0  0  0  0  0
    0.2483    0.0773   -7.4551  O  0  0  0  0  0
    1.4313    0.0962   -6.7282  C  0  0  0  0  0
  1  6  1  0  0  0
  1 25  1  0  0  0
  1  2  2  0  0  0
  2  3  1  0  0  0
  2 18  1  0  0  0
  3  4  1  0  0  0
  4  5  2  0  0  0
  5  6  1  0  0  0
  6 14  1  0  0  0
  6  7  1  0  0  0
  7 17  2  0  0  0
  7  8  1  0  0  0
  8 13  1  0  0  0
  8  9  2  0  0  0
  9 10  1  0  0  0
  9 15  1  0  0  0
 10 11  2  0  0  0
 11 12  1  0  0  0
 12 13  1  0  0  0
 13 14  1  0  0  0
 15 16  2  0  0  0
 16 17  1  0  0  0
 18 23  2  0  0  0
 18 19  1  0  0  0
 19 20  2  0  0  0
 19 24  1  0  0  0
 20 21  1  0  0  0
 21 22  2  0  0  0
 22 23  1  0  0  0
 24 25  1  0  0  0
M  END
$$$$
