C12=CCC3C(C1CCCC2)CCC4C5OCOC5CC34
  -ISIS-

 20 24  0  0  0  0  0  0  0  0  1
    0.7620    3.1836    5.9554  C  0  0  0  0  0
    0.5443    3.4678    7.4517  C  0  0  0  0  0
    0.6209    2.1155    8.1902  C  0  0  0  0  0
    1.1398    1.1489    7.1302  C  0  0  0  0  0
    0.5049    1.6462    5.8106  C  0  0  0  0  0
    1.2245    0.9502    4.6253  C  0  0  0  0  0
    1.8381   -0.4300    4.9644  C  0  0  0  0  0
    1.0548   -1.1715    6.0606  C  0  0  0  0  0
    1.0909   -0.3649    7.3838  C  0  0  0  0  0
   -0.0054   -0.8921    8.3134  C  0  0  0  0  0
    0.1211   -2.3839    8.4689  C  0  0  0  0  0
    0.8015   -3.1790    7.6180  C  0  0  0  0  0
    1.4293   -2.6781    6.3036  C  0  0  0  0  0
    2.9603   -2.9046    6.4023  C  0  0  0  0  0
    3.3401   -4.3432    6.7794  C  0  0  0  0  0
    2.6241   -4.8308    8.0430  C  0  0  0  0  0
    1.1057   -4.6136    7.9827  C  0  0  0  0  0
    1.6161    4.3115    7.8693  O  0  0  0  0  0
    2.5449    4.3779    6.7922  C  0  0  0  0  0
    2.1388    3.5080    5.7314  O  0  0  0  0  0
  1  5  1  0  0  0
  1 20  1  0  0  0
  1  2  1  0  0  0
  2  3  1  0  0  0
  2 18  1  0  0  0
  3  4  1  0  0  0
  4  9  1  0  0  0
  4  5  1  0  0  0
  5  6  1  0  0  0
  6  7  1  0  0  0
  7  8  1  0  0  0
  8 13  1  0  0  0
  8  9  1  0  0  0
  9 10  1  0  0  0
 10 11  1  0  0  0
 11 12  2  0  0  0
 12 17  1  0  0  0
 12 13  1  0  0  0
 13 14  1  0  0  0
 14 15  1  0  0  0
 15 16  1  0  0  0
 16 17  1  0  0  0
 18 19  1  0  0  0
 19 20  1  0  0  0
M  END
$$$$
C12=CCC3C(C1CCCC2)CCC4C5OCOC5CC34
  -ISIS-

 20 24  0  0  0  0  0  0  0  0  1
    0.7620    3.1836    5.9554  C  0  0  0  0  0
    0.5443    3.4678    7.4517  C  0  0  0  0  0
    0.6209    2.1155    8.1902  C  0  0  0  0  0
    1.1398    1.1489    7.1302  C  0  0  0  0  0
    0.5049    1.6462    5.8106  C  0  0  0  0  0
    1.2245    0.9502    4.6253  C  0  0  0  0  0
    1.8381   -0.4300    4.9644  C  0  0  0  0  0
    1.0548   -1.1715    6.0606  C  0  0  0  0  0
    1.0909   -0.3649    7.3838  C  0  0  0  0  0
   -0.0054   -0.8921    8.3134  C  0  0  0  0  0
    0.1211   -2.3839    8.4689  C  0  0  0  0  0
    0.8015   -3.1790    7.6180  C  0  0  0  0  0
    1.4293   -2.6781    6.3036  C  0  0  0  0  0
    2.9603   -2.9046    6.4023  C  0  0  0  0  0
    3.3401   -4.3432    6.7794  C  0  0  0  0  0
    2.6241   -4.8308    8.0430  C  0  0  0  0  0
    1.1057   -4.6136    7.9827  C  0  0  0  0  0
    1.6161    4.3115    7.8693  O  0  0  0  0  0
    2.5449    4.3779    6.7922  C  0  0  0  0  0
    2.1388    3.5080    5.7314  O  0  0  0  0  0
  1  5  1  0  0  0
  1 20  1  0  0  0
  1  2  1  0  0  0
  2  3  1  0  0  0
  2 18  1  0  0  0
  3  4  1  0  0  0
  4  9  1  0  0  0
  4  5  1  0  0  0
  5  6  1  0  0  0
  6  7  1  0  0  0
  7  8  1  0  0  0
  8 13  1  0  0  0
  8  9  1  0  0  0
  9 10  1  0  0  0
 10 11  1  0  0  0
 11 12  2  0  0  0
 12 17  1  0  0  0
 12 13  1  0  0  0
 13 14  1  0  0  0
 14 15  1  0  0  0
 15 16  1  0  0  0
 16 17  1  0  0  0
 18 19  1  0  0  0
 19 20  1  0  0  0
M  END
$$$$
C12=CCC3C(C1CCCC2)CCC4C5OCOC5CC34
  -ISIS-

 20 24  0  0  0  0  0  0  0  0  1
    0.7620    3.1836    5.9554  C  0  0  0  0  0
    0.5443    3.4678    7.4517  C  0  0  0  0  0
    0.6209    2.1155    8.1902  C  0  0  0  0  0
    1.1398    1.1489    7.1302  C  0  0  0  0  0
    0.5049    1.6462    5.8106  C  0  0  0  0  0
    1.2245    0.9502    4.6253  C  0  0  0  0  0
    1.8381   -0.4300    4.9644  C  0  0  0  0  0
    1.0548   -1.1715    6.0606  C  0  0  0  0  0
    1.0909   -0.3649    7.3838  C  0  0  0  0  0
   -0.0054   -0.8921    8.3134  C  0  0  0  0  0
    0.1211   -2.3839    8.4689  C  0  0  0  0  0
    0.8015   -3.1790    7.6180  C  0  0  0  0  0
    1.4293   -2.6781    6.3036  C  0  0  0  0  0
    2.9603   -2.9046    6.4023  C  0  0  0  0  0
    3.3401   -4.3432    6.7794  C  0  0  0  0  0
    2.6241   -4.8308    8.0430  C  0  0  0  0  0
    1.1057   -4.6136    7.9827  C  0  0  0  0  0
    1.6161    4.3115    7.8693  O  0  0  0  0  0
    2.5449    4.3779    6.7922  C  0  0  0  0  0
    2.1388    3.5080    5.7314  O  0  0  0  0  0
  1  5  1  0  0  0
  1 20  1  0  0  0
  1  2  1  0  0  0
  2  3  1  0  0  0
  2 18  1  0  0  0
  3  4  1  0  0  0
  4  9  1  0  0  0
  4  5  1  0  0  0
  5  6  1  0  0  0
  6  7  1  0  0  0
  7  8  1  0  0  0
  8 13  1  0  0  0
  8  9  1  0  0  0
  9 10  1  0  0  0
 10 11  1  0  0  0
 11 12  2  0  0  0
 12 17  1  0  0  0
 12 13  1  0  0  0
 13 14  1  0  0  0
 14 15  1  0  0  0
 15 16  1  0  0  0
 16 17  1  0  0  0
 18 19  1  0  0  0
 19 20  1  0  0  0
M  END
$$$$
C12=CCC3C(C1CCCC2)CCC4C5OCOC5CC34
  -ISIS-

 20 24  0  0  0  0  0  0  0  0  1
    0.7620    3.1836    5.9554  C  0  0  0  0  0
    0.5443    3.4678    7.4517  C  0  0  0  0  0
    0.6209    2.1155    8.1902  C  0  0  0  0  0
    1.1398    1.1489    7.1302  C  0  0  0  0  0
    0.5049    1.6462    5.8106  C  0  0  0  0  0
    1.2245    0.9502    4.6253  C  0  0  0  0  0
    1.8381   -0.4300    4.9644  C  0  0  0  0  0
    1.0548   -1.1715    6.0606  C  0  0  0  0  0
    1.0909   -0.3649    7.3838  C  0  0  0  0  0
   -0.0054   -0.8921    8.3134  C  0  0  0  0  0
    0.1211   -2.3839    8.4689  C  0  0  0  0  0
    0.8015   -3.1790    7.6180  C  0  0  0  0  0
    1.4293   -2.6781    6.3036  C  0  0  0  0  0
    2.9603   -2.9046    6.4023  C  0  0  0  0  0
    3.3401   -4.3432    6.7794  C  0  0  0  0  0
    2.6241   -4.8308    8.0430  C  0  0  0  0  0
    1.1057   -4.6136    7.9827  C  0  0  0  0  0
    1.6161    4.3115    7.8693  O  0  0  0  0  0
    2.5449    4.3779    6.7922  C  0  0  0  0  0
    2.1388    3.5080    5.7314  O  0  0  0  0  0
  1  5  1  0  0  0
  1 20  1  0  0  0
  1  2  1  0  0  0
  2  3  1  0  0  0
  2 18  1  0  0  0
  3  4  1  0  0  0
  4  9  1  0  0  0
  4  5  1  0  0  0
  5  6  1  0  0  0
  6  7  1  0  0  0
  7  8  1  0  0  0
  8 13  1  0  0  0
  8  9  1  0  0  0
  9 10  1  0  0  0
 10 11  1  0  0  0
 11 12  2  0  0  0
 12 17  1  0  0  0
 12 13  1  0  0  0
 13 14  1  0  0  0
 14 15  1  0  0  0
 15 16  1  0  0  0
 16 17  1  0  0  0
 18 19  1  0  0  0
 19 20  1  0  0  0
M  END
$$$$
C12=CCC3C(C1CCCC2)CCC4C5OCOC5CC34
  -ISIS-

 20 24  0  0  0  0  0  0  0  0  1
    0.7620    3.1836    5.9554  C  0  0  0  0  0
    0.5443    3.4678    7.4517  C  0  0  0  0  0
    0.6209    2.1155    8.1902  C  0  0  0  0  0
    1.1398    1.1489    7.1302  C  0  0  0  0  0
    0.5049    1.6462    5.8106  C  0  0  0  0  0
    1.2245    0.9502    4.6253  C  0  0  0  0  0
    1.8381   -0.4300    4.9644  C  0  0  0  0  0
    1.0548   -1.1715    6.0606  C  0  0  0  0  0
    1.0909   -0.3649    7.3838  C  0  0  0  0  0
   -0.0054   -0.8921    8.3134  C  0  0  0  0  0
    0.1211   -2.3839    8.4689  C  0  0  0  0  0
    0.8015   -3.1790    7.6180  C  0  0  0  0  0
    1.4293   -2.6781    6.3036  C  0  0  0  0  0
    2.9603   -2.9046    6.4023  C  0  0  0  0  0
    3.3401   -4.3432    6.7794  C  0  0  0  0  0
    2.6241   -4.8308    8.0430  C  0  0  0  0  0
    1.1057   -4.6136    7.9827  C  0  0  0  0  0
    1.6161    4.3115    7.8693  O  0  0  0  0  0
    2.5449    4.3779    6.7922  C  0  0  0  0  0
    2.1388    3.5080    5.7314  O  0  0  0  0  0
  1  5  1  0  0  0
  1 20  1  0  0  0
  1  2  1  0  0  0
  2  3  1  0  0  0
  2 18  1  0  0  0
  3  4  1  0  0  0
  4  9  1  0  0  0
  4  5  1  0  0  0
  5  6  1  0  0  0
  6  7  1  0  0  0
  7  8  1  0  0  0
  8 13  1  0  0  0
  8  9  1  0  0  0
  9 10  1  0  0  0
 10 11  1  0  0  0
 11 12  2  0  0  0
 12 17  1  0  0  0
 12 13  1  0  0  0
 13 14  1  0  0  0
 14 15  1  0  0  0
 15 16  1  0  0  0
 16 17  1  0  0  0
 18 19  1  0  0  0
 19 20  1  0  0  0
M  END
$$$$
C12=CCC3C(C1CCCC2)CCC4C5OCOC5CC34
  -ISIS-

 20 24  0  0  0  0  0  0  0  0  1
    2.6463   -9.1750   -4.1817  C  0  0  0  0  0
    4.1366   -9.1807   -3.7996  C  0  0  0  0  0
    4.8365   -8.1172   -4.6729  C  0  0  0  0  0
    3.6836   -7.3789   -5.3475  C  0  0  0  0  0
    2.6123   -8.4698   -5.5788  C  0  0  0  0  0
    1.2751   -7.7788   -5.9502  C  0  0  0  0  0
    1.4307   -6.3965   -6.6294  C  0  0  0  0  0
    2.7265   -6.2811   -7.4497  C  0  0  0  0  0
    3.9619   -6.4336   -6.5255  C  0  0  0  0  0
    5.1926   -6.7219   -7.3894  C  0  0  0  0  0
    5.3251   -5.6785   -8.4659  C  0  0  0  0  0
    4.3173   -4.8806   -8.8744  C  0  0  0  0  0
    2.8654   -5.0224   -8.3805  C  0  0  0  0  0
    2.4888   -3.7020   -7.6595  C  0  0  0  0  0
    2.7584   -2.4481   -8.5028  C  0  0  0  0  0
    4.1907   -2.3960   -9.0441  C  0  0  0  0  0
    4.5889   -3.6897   -9.7655  C  0  0  0  0  0
    4.2101   -8.8036   -2.4257  O  0  0  0  0  0
    2.9146   -8.3545   -2.0437  C  0  0  0  0  0
    2.0304   -8.3673   -3.1691  O  0  0  0  0  0
  1  5  1  0  0  0
  1 20  1  0  0  0
  1  2  1  0  0  0
  2  3  1  0  0  0
  2 18  1  0  0  0
  3  4  1  0  0  0
  4  9  1  0  0  0
  4  5  1  0  0  0
  5  6  1  0  0  0
  6  7  1  0  0  0
  7  8  1  0  0  0
  8 13  1  0  0  0
  8  9  1  0  0  0
  9 10  1  0  0  0
 10 11  1  0  0  0
 11 12  2  0  0  0
 12 17  1  0  0  0
 12 13  1  0  0  0
 13 14  1  0  0  0
 14 15  1  0  0  0
 15 16  1  0  0  0
 16 17  1  0  0  0
 18 19  1  0  0  0
 19 20  1  0  0  0
M  END
$$$$
C12=CCC3C(C1CCCC2)CCC4C5OCOC5CC34
  -ISIS-

 20 24  0  0  0  0  0  0  0  0  1
    2.6463   -9.1750   -4.1817  C  0  0  0  0  0
    4.1366   -9.1807   -3.7996  C  0  0  0  0  0
    4.8365   -8.1172   -4.6729  C  0  0  0  0  0
    3.6836   -7.3789   -5.3475  C  0  0  0  0  0
    2.6123   -8.4698   -5.5788  C  0  0  0  0  0
    1.2751   -7.7788   -5.9502  C  0  0  0  0  0
    1.4307   -6.3965   -6.6294  C  0  0  0  0  0
    2.7265   -6.2811   -7.4497  C  0  0  0  0  0
    3.9619   -6.4336   -6.5255  C  0  0  0  0  0
    5.1926   -6.7219   -7.3894  C  0  0  0  0  0
    5.3251   -5.6785   -8.4659  C  0  0  0  0  0
    4.3173   -4.8806   -8.8744  C  0  0  0  0  0
    2.8654   -5.0224   -8.3805  C  0  0  0  0  0
    2.4888   -3.7020   -7.6595  C  0  0  0  0  0
    2.7584   -2.4481   -8.5028  C  0  0  0  0  0
    4.1907   -2.3960   -9.0441  C  0  0  0  0  0
    4.5889   -3.6897   -9.7655  C  0  0  0  0  0
    4.2101   -8.8036   -2.4257  O  0  0  0  0  0
    2.9146   -8.3545   -2.0437  C  0  0  0  0  0
    2.0304   -8.3673   -3.1691  O  0  0  0  0  0
  1  5  1  0  0  0
  1 20  1  0  0  0
  1  2  1  0  0  0
  2  3  1  0  0  0
  2 18  1  0  0  0
  3  4  1  0  0  0
  4  9  1  0  0  0
  4  5  1  0  0  0
  5  6  1  0  0  0
  6  7  1  0  0  0
  7  8  1  0  0  0
  8 13  1  0  0  0
  8  9  1  0  0  0
  9 10  1  0  0  0
 10 11  1  0  0  0
 11 12  2  0  0  0
 12 17  1  0  0  0
 12 13  1  0  0  0
 13 14  1  0  0  0
 14 15  1  0  0  0
 15 16  1  0  0  0
 16 17  1  0  0  0
 18 19  1  0  0  0
 19 20  1  0  0  0
M  END
$$$$
C12=CCC3C(C1CCCC2)CCC4C5OCOC5CC34
  -ISIS-

 20 24  0  0  0  0  0  0  0  0  1
    2.6463   -9.1750   -4.1817  C  0  0  0  0  0
    4.1366   -9.1807   -3.7996  C  0  0  0  0  0
    4.8365   -8.1172   -4.6729  C  0  0  0  0  0
    3.6836   -7.3789   -5.3475  C  0  0  0  0  0
    2.6123   -8.4698   -5.5788  C  0  0  0  0  0
    1.2751   -7.7788   -5.9502  C  0  0  0  0  0
    1.4307   -6.3965   -6.6294  C  0  0  0  0  0
    2.7265   -6.2811   -7.4497  C  0  0  0  0  0
    3.9619   -6.4336   -6.5255  C  0  0  0  0  0
    5.1926   -6.7219   -7.3894  C  0  0  0  0  0
    5.3251   -5.6785   -8.4659  C  0  0  0  0  0
    4.3173   -4.8806   -8.8744  C  0  0  0  0  0
    2.8654   -5.0224   -8.3805  C  0  0  0  0  0
    2.4888   -3.7020   -7.6595  C  0  0  0  0  0
    2.7584   -2.4481   -8.5028  C  0  0  0  0  0
    4.1907   -2.3960   -9.0441  C  0  0  0  0  0
    4.5889   -3.6897   -9.7655  C  0  0  0  0  0
    4.2101   -8.8036   -2.4257  O  0  0  0  0  0
    2.9146   -8.3545   -2.0437  C  0  0  0  0  0
    2.0304   -8.3673   -3.1691  O  0  0  0  0  0
  1  5  1  0  0  0
  1 20  1  0  0  0
  1  2  1  0  0  0
  2  3  1  0  0  0
  2 18  1  0  0  0
  3  4  1  0  0  0
  4  9  1  0  0  0
  4  5  1  0  0  0
  5  6  1  0  0  0
  6  7  1  0  0  0
  7  8  1  0  0  0
  8 13  1  0  0  0
  8  9  1  0  0  0
  9 10  1  0  0  0
 10 11  1  0  0  0
 11 12  2  0  0  0
 12 17  1  0  0  0
 12 13  1  0  0  0
 13 14  1  0  0  0
 14 15  1  0  0  0
 15 16  1  0  0  0
 16 17  1  0  0  0
 18 19  1  0  0  0
 19 20  1  0  0  0
M  END
$$$$
C12=CCC3C(C1CCCC2)CCC4C5OCOC5CC34
  -ISIS-

 20 24  0  0  0  0  0  0  0  0  1
    2.6463   -9.1750   -4.1817  C  0  0  0  0  0
    4.1366   -9.1807   -3.7996  C  0  0  0  0  0
    4.8365   -8.1172   -4.6729  C  0  0  0  0  0
    3.6836   -7.3789   -5.3475  C  0  0  0  0  0
    2.6123   -8.4698   -5.5788  C  0  0  0  0  0
    1.2751   -7.7788   -5.9502  C  0  0  0  0  0
    1.4307   -6.3965   -6.6294  C  0  0  0  0  0
    2.7265   -6.2811   -7.4497  C  0  0  0  0  0
    3.9619   -6.4336   -6.5255  C  0  0  0  0  0
    5.1926   -6.7219   -7.3894  C  0  0  0  0  0
    5.3251   -5.6785   -8.4659  C  0  0  0  0  0
    4.3173   -4.8806   -8.8744  C  0  0  0  0  0
    2.8654   -5.0224   -8.3805  C  0  0  0  0  0
    2.4888   -3.7020   -7.6595  C  0  0  0  0  0
    2.7584   -2.4481   -8.5028  C  0  0  0  0  0
    4.1907   -2.3960   -9.0441  C  0  0  0  0  0
    4.5889   -3.6897   -9.7655  C  0  0  0  0  0
    4.2101   -8.8036   -2.4257  O  0  0  0  0  0
    2.9146   -8.3545   -2.0437  C  0  0  0  0  0
    2.0304   -8.3673   -3.1691  O  0  0  0  0  0
  1  5  1  0  0  0
  1 20  1  0  0  0
  1  2  1  0  0  0
  2  3  1  0  0  0
  2 18  1  0  0  0
  3  4  1  0  0  0
  4  9  1  0  0  0
  4  5  1  0  0  0
  5  6  1  0  0  0
  6  7  1  0  0  0
  7  8  1  0  0  0
  8 13  1  0  0  0
  8  9  1  0  0  0
  9 10  1  0  0  0
 10 11  1  0  0  0
 11 12  2  0  0  0
 12 17  1  0  0  0
 12 13  1  0  0  0
 13 14  1  0  0  0
 14 15  1  0  0  0
 15 16  1  0  0  0
 16 17  1  0  0  0
 18 19  1  0  0  0
 19 20  1  0  0  0
M  END
$$$$
C12=CCC3C(C1CCCC2)CCC4C5OCOC5CC34
  -ISIS-

 20 24  0  0  0  0  0  0  0  0  1
    2.6463   -9.1750   -4.1817  C  0  0  0  0  0
    4.1366   -9.1807   -3.7996  C  0  0  0  0  0
    4.8365   -8.1172   -4.6729  C  0  0  0  0  0
    3.6836   -7.3789   -5.3475  C  0  0  0  0  0
    2.6123   -8.4698   -5.5788  C  0  0  0  0  0
    1.2751   -7.7788   -5.9502  C  0  0  0  0  0
    1.4307   -6.3965   -6.6294  C  0  0  0  0  0
    2.7265   -6.2811   -7.4497  C  0  0  0  0  0
    3.9619   -6.4336   -6.5255  C  0  0  0  0  0
    5.1926   -6.7219   -7.3894  C  0  0  0  0  0
    5.3251   -5.6785   -8.4659  C  0  0  0  0  0
    4.3173   -4.8806   -8.8744  C  0  0  0  0  0
    2.8654   -5.0224   -8.3805  C  0  0  0  0  0
    2.4888   -3.7020   -7.6595  C  0  0  0  0  0
    2.7584   -2.4481   -8.5028  C  0  0  0  0  0
    4.1907   -2.3960   -9.0441  C  0  0  0  0  0
    4.5889   -3.6897   -9.7655  C  0  0  0  0  0
    4.2101   -8.8036   -2.4257  O  0  0  0  0  0
    2.9146   -8.3545   -2.0437  C  0  0  0  0  0
    2.0304   -8.3673   -3.1691  O  0  0  0  0  0
  1  5  1  0  0  0
  1 20  1  0  0  0
  1  2  1  0  0  0
  2  3  1  0  0  0
  2 18  1  0  0  0
  3  4  1  0  0  0
  4  9  1  0  0  0
  4  5  1  0  0  0
  5  6  1  0  0  0
  6  7  1  0  0  0
  7  8  1  0  0  0
  8 13  1  0  0  0
  8  9  1  0  0  0
  9 10  1  0  0  0
 10 11  1  0  0  0
 11 12  2  0  0  0
 12 17  1  0  0  0
 12 13  1  0  0  0
 13 14  1  0  0  0
 14 15  1  0  0  0
 15 16  1  0  0  0
 16 17  1  0  0  0
 18 19  1  0  0  0
 19 20  1  0  0  0
M  END
$$$$
C12=CCC3C(C1CCCC2)CCC4C5OCOC5CC34
  -ISIS-

 20 24  0  0  0  0  0  0  0  0  1
    2.4462   -2.8528   12.3233  C  0  0  0  0  0
    1.8446   -4.0199   13.0831  C  0  0  0  0  0
    1.4630   -5.2063   12.1994  C  0  0  0  0  0
    0.6227   -4.7564   11.0111  C  0  0  0  0  0
    1.3515   -3.7035   10.1789  C  0  0  0  0  0
    1.8400   -2.4524   10.9754  C  0  0  0  0  0
    2.9365   -1.7342   10.0943  C  0  0  0  0  0
    3.8509   -0.7073   10.8075  C  0  0  0  0  0
    3.8091    0.7512   10.3023  C  0  0  0  0  0
    2.7026    1.6848   10.8662  C  0  0  0  0  0
    2.8368    2.8054    9.8702  C  0  0  0  0  0
    2.7484    2.1192    8.5243  C  0  0  0  0  0
    3.7869    0.9558    8.7204  C  0  0  0  0  0
    3.4746   -0.3786    8.0070  C  0  0  0  0  0
    2.4430   -1.2485    8.7225  C  0  0  0  0  0
    3.0372    3.2547    7.6890  O  0  0  0  0  0
    2.4103    4.3792    8.3982  C  0  0  0  0  0
    2.0136    3.9345    9.7260  O  0  0  0  0  0
    3.8745   -0.8042   12.3407  C  0  0  0  0  0
    3.4023   -2.1055   12.9028  C  0  0  0  0  0
  1  6  1  0  0  0
  1 20  2  0  0  0
  1  2  1  0  0  0
  2  3  1  0  0  0
  3  4  1  0  0  0
  4  5  1  0  0  0
  5  6  1  0  0  0
  6  7  1  0  0  0
  7 15  1  0  0  0
  7  8  1  0  0  0
  8  9  1  0  0  0
  8 19  1  0  0  0
  9 13  1  0  0  0
  9 10  1  0  0  0
 10 11  1  0  0  0
 11 18  1  0  0  0
 11 12  1  0  0  0
 12 13  1  0  0  0
 12 16  1  0  0  0
 13 14  1  0  0  0
 14 15  1  0  0  0
 16 17  1  0  0  0
 17 18  1  0  0  0
 19 20  1  0  0  0
M  END
$$$$
C12=CCC3C(C1CCCC2)CCC4C5OCOC5CC34
  -ISIS-

 20 24  0  0  0  0  0  0  0  0  1
    2.4462   -2.8528   12.3233  C  0  0  0  0  0
    1.8446   -4.0199   13.0831  C  0  0  0  0  0
    1.4630   -5.2063   12.1994  C  0  0  0  0  0
    0.6227   -4.7564   11.0111  C  0  0  0  0  0
    1.3515   -3.7035   10.1789  C  0  0  0  0  0
    1.8400   -2.4524   10.9754  C  0  0  0  0  0
    2.9365   -1.7342   10.0943  C  0  0  0  0  0
    3.8509   -0.7073   10.8075  C  0  0  0  0  0
    3.8091    0.7512   10.3023  C  0  0  0  0  0
    2.7026    1.6848   10.8662  C  0  0  0  0  0
    2.8368    2.8054    9.8702  C  0  0  0  0  0
    2.7484    2.1192    8.5243  C  0  0  0  0  0
    3.7869    0.9558    8.7204  C  0  0  0  0  0
    3.4746   -0.3786    8.0070  C  0  0  0  0  0
    2.4430   -1.2485    8.7225  C  0  0  0  0  0
    3.0372    3.2547    7.6890  O  0  0  0  0  0
    2.4103    4.3792    8.3982  C  0  0  0  0  0
    2.0136    3.9345    9.7260  O  0  0  0  0  0
    3.8745   -0.8042   12.3407  C  0  0  0  0  0
    3.4023   -2.1055   12.9028  C  0  0  0  0  0
  1  6  1  0  0  0
  1 20  2  0  0  0
  1  2  1  0  0  0
  2  3  1  0  0  0
  3  4  1  0  0  0
  4  5  1  0  0  0
  5  6  1  0  0  0
  6  7  1  0  0  0
  7 15  1  0  0  0
  7  8  1  0  0  0
  8  9  1  0  0  0
  8 19  1  0  0  0
  9 13  1  0  0  0
  9 10  1  0  0  0
 10 11  1  0  0  0
 11 18  1  0  0  0
 11 12  1  0  0  0
 12 13  1  0  0  0
 12 16  1  0  0  0
 13 14  1  0  0  0
 14 15  1  0  0  0
 16 17  1  0  0  0
 17 18  1  0  0  0
 19 20  1  0  0  0
M  END
$$$$
C12=CCC3C(C1CCCC2)CCC4C5OCOC5CC34
  -ISIS-

 20 24  0  0  0  0  0  0  0  0  1
    2.4462   -2.8528   12.3233  C  0  0  0  0  0
    1.8446   -4.0199   13.0831  C  0  0  0  0  0
    1.4630   -5.2063   12.1994  C  0  0  0  0  0
    0.6227   -4.7564   11.0111  C  0  0  0  0  0
    1.3515   -3.7035   10.1789  C  0  0  0  0  0
    1.8400   -2.4524   10.9754  C  0  0  0  0  0
    2.9365   -1.7342   10.0943  C  0  0  0  0  0
    3.8509   -0.7073   10.8075  C  0  0  0  0  0
    3.8091    0.7512   10.3023  C  0  0  0  0  0
    2.7026    1.6848   10.8662  C  0  0  0  0  0
    2.8368    2.8054    9.8702  C  0  0  0  0  0
    2.7484    2.1192    8.5243  C  0  0  0  0  0
    3.7869    0.9558    8.7204  C  0  0  0  0  0
    3.4746   -0.3786    8.0070  C  0  0  0  0  0
    2.4430   -1.2485    8.7225  C  0  0  0  0  0
    3.0372    3.2547    7.6890  O  0  0  0  0  0
    2.4103    4.3792    8.3982  C  0  0  0  0  0
    2.0136    3.9345    9.7260  O  0  0  0  0  0
    3.8745   -0.8042   12.3407  C  0  0  0  0  0
    3.4023   -2.1055   12.9028  C  0  0  0  0  0
  1  6  1  0  0  0
  1 20  2  0  0  0
  1  2  1  0  0  0
  2  3  1  0  0  0
  3  4  1  0  0  0
  4  5  1  0  0  0
  5  6  1  0  0  0
  6  7  1  0  0  0
  7 15  1  0  0  0
  7  8  1  0  0  0
  8  9  1  0  0  0
  8 19  1  0  0  0
  9 13  1  0  0  0
  9 10  1  0  0  0
 10 11  1  0  0  0
 11 18  1  0  0  0
 11 12  1  0  0  0
 12 13  1  0  0  0
 12 16  1  0  0  0
 13 14  1  0  0  0
 14 15  1  0  0  0
 16 17  1  0  0  0
 17 18  1  0  0  0
 19 20  1  0  0  0
M  END
$$$$
C12=CCC3C(C1CCCC2)CCC4C5OCOC5CC34
  -ISIS-

 20 24  0  0  0  0  0  0  0  0  1
    2.4462   -2.8528   12.3233  C  0  0  0  0  0
    1.8446   -4.0199   13.0831  C  0  0  0  0  0
    1.4630   -5.2063   12.1994  C  0  0  0  0  0
    0.6227   -4.7564   11.0111  C  0  0  0  0  0
    1.3515   -3.7035   10.1789  C  0  0  0  0  0
    1.8400   -2.4524   10.9754  C  0  0  0  0  0
    2.9365   -1.7342   10.0943  C  0  0  0  0  0
    3.8509   -0.7073   10.8075  C  0  0  0  0  0
    3.8091    0.7512   10.3023  C  0  0  0  0  0
    2.7026    1.6848   10.8662  C  0  0  0  0  0
    2.8368    2.8054    9.8702  C  0  0  0  0  0
    2.7484    2.1192    8.5243  C  0  0  0  0  0
    3.7869    0.9558    8.7204  C  0  0  0  0  0
    3.4746   -0.3786    8.0070  C  0  0  0  0  0
    2.4430   -1.2485    8.7225  C  0  0  0  0  0
    3.0372    3.2547    7.6890  O  0  0  0  0  0
    2.4103    4.3792    8.3982  C  0  0  0  0  0
    2.0136    3.9345    9.7260  O  0  0  0  0  0
    3.8745   -0.8042   12.3407  C  0  0  0  0  0
    3.4023   -2.1055   12.9028  C  0  0  0  0  0
  1  6  1  0  0  0
  1 20  2  0  0  0
  1  2  1  0  0  0
  2  3  1  0  0  0
  3  4  1  0  0  0
  4  5  1  0  0  0
  5  6  1  0  0  0
  6  7  1  0  0  0
  7 15  1  0  0  0
  7  8  1  0  0  0
  8  9  1  0  0  0
  8 19  1  0  0  0
  9 13  1  0  0  0
  9 10  1  0  0  0
 10 11  1  0  0  0
 11 18  1  0  0  0
 11 12  1  0  0  0
 12 13  1  0  0  0
 12 16  1  0  0  0
 13 14  1  0  0  0
 14 15  1  0  0  0
 16 17  1  0  0  0
 17 18  1  0  0  0
 19 20  1  0  0  0
M  END
$$$$
C12=CCC3C(C1CCCC2)CCC4C5OCOC5CC34
  -ISIS-

 20 24  0  0  0  0  0  0  0  0  1
    2.4462   -2.8528   12.3233  C  0  0  0  0  0
    1.8446   -4.0199   13.0831  C  0  0  0  0  0
    1.4630   -5.2063   12.1994  C  0  0  0  0  0
    0.6227   -4.7564   11.0111  C  0  0  0  0  0
    1.3515   -3.7035   10.1789  C  0  0  0  0  0
    1.8400   -2.4524   10.9754  C  0  0  0  0  0
    2.9365   -1.7342   10.0943  C  0  0  0  0  0
    3.8509   -0.7073   10.8075  C  0  0  0  0  0
    3.8091    0.7512   10.3023  C  0  0  0  0  0
    2.7026    1.6848   10.8662  C  0  0  0  0  0
    2.8368    2.8054    9.8702  C  0  0  0  0  0
    2.7484    2.1192    8.5243  C  0  0  0  0  0
    3.7869    0.9558    8.7204  C  0  0  0  0  0
    3.4746   -0.3786    8.0070  C  0  0  0  0  0
    2.4430   -1.2485    8.7225  C  0  0  0  0  0
    3.0372    3.2547    7.6890  O  0  0  0  0  0
    2.4103    4.3792    8.3982  C  0  0  0  0  0
    2.0136    3.9345    9.7260  O  0  0  0  0  0
    3.8745   -0.8042   12.3407  C  0  0  0  0  0
    3.4023   -2.1055   12.9028  C  0  0  0  0  0
  1  6  1  0  0  0
  1 20  2  0  0  0
  1  2  1  0  0  0
  2  3  1  0  0  0
  3  4  1  0  0  0
  4  5  1  0  0  0
  5  6  1  0  0  0
  6  7  1  0  0  0
  7 15  1  0  0  0
  7  8  1  0  0  0
  8  9  1  0  0  0
  8 19  1  0  0  0
  9 13  1  0  0  0
  9 10  1  0  0  0
 10 11  1  0  0  0
 11 18  1  0  0  0
 11 12  1  0  0  0
 12 13  1  0  0  0
 12 16  1  0  0  0
 13 14  1  0  0  0
 14 15  1  0  0  0
 16 17  1  0  0  0
 17 18  1  0  0  0
 19 20  1  0  0  0
M  END
$$$$
