C12=C(COc3c1cccc3)CCCO2
  -ISIS-

 14 16  0  0  0  0  0  0  0  0  1
   -1.4925    0.7938   -4.1981  C  0  0  0  0  0
   -2.0219    1.3412   -2.8999  C  0  0  0  0  0
   -3.4986    0.9865   -2.7048  C  0  0  0  0  0
   -4.2999    1.0797   -3.9679  C  0  0  0  0  0
   -3.7290    0.5220   -5.0714  O  0  0  0  0  0
   -2.3322    0.3667   -5.1507  C  0  0  0  0  0
   -1.8363   -0.2174   -6.3932  C  0  0  0  0  0
   -0.4598   -0.3260   -6.5620  C  0  0  0  0  0
    0.4260    0.1616   -5.5866  O  0  0  0  0  0
   -0.0310    0.8212   -4.4537  C  0  0  0  0  0
    0.1033   -0.8957   -7.7026  C  0  0  0  0  0
   -0.7350   -1.3701   -8.7082  C  0  0  0  0  0
   -2.1192   -1.2691   -8.5638  C  0  0  0  0  0
   -2.6686   -0.6965   -7.4113  C  0  0  0  0  0
  1 10  1  0  0  0
  1  6  2  0  0  0
  1  2  1  0  0  0
  2  3  1  0  0  0
  3  4  1  0  0  0
  4  5  1  0  0  0
  5  6  1  0  0  0
  6  7  1  0  0  0
  7 14  2  0  0  0
  7  8  1  0  0  0
  8  9  1  0  0  0
  8 11  2  0  0  0
  9 10  1  0  0  0
 11 12  1  0  0  0
 12 13  2  0  0  0
 13 14  1  0  0  0
M  END
$$$$
