C12=CC3C45C=CC(C4CCCC6C5OCC6)C3C1CCCC7C2OCC7
  -ISIS-

 26 32  0  0  0  0  0  0  0  0  1
   12.5477    4.0458   -0.4971  C  0  0  0  0  0
   11.4317    4.5759    0.0418  C  0  0  0  0  0
   10.3463    4.5681   -1.0344  C  0  0  0  0  0
   10.1072    3.0517   -1.2138  C  0  0  0  0  0
   11.2426    2.6642   -2.1907  C  0  0  0  0  0
   12.2818    3.8239   -1.9851  C  0  0  0  0  0
   11.2303    4.9899   -2.2323  C  0  0  0  0  0
   11.6381    6.4983   -2.3051  C  0  0  0  0  0
   13.1304    6.8590   -2.1881  C  0  0  0  0  0
   14.0729    6.2719   -3.2366  C  0  0  0  0  0
   14.5031    4.8594   -2.8873  C  0  0  0  0  0
   15.6206    4.2575   -3.7401  C  0  0  0  0  0
   15.4030    2.7869   -3.4830  C  0  0  0  0  0
   14.1529    2.5806   -2.9690  O  0  0  0  0  0
   13.4174    3.8083   -3.0122  C  0  0  0  0  0
   11.0974    1.1840   -2.0663  C  0  0  0  0  0
    9.7616    0.9127   -1.9767  C  0  0  0  0  0
    9.0435   -0.4073   -2.1086  C  0  0  0  0  0
    8.2740   -0.8024   -0.8632  C  0  0  0  0  0
    6.8449   -0.2583   -0.8176  C  0  0  0  0  0
    6.6446    1.1684   -1.3379  C  0  0  0  0  0
    7.6706    2.2191   -0.8654  C  0  0  0  0  0
    8.9419    2.2381   -1.7777  C  0  0  0  0  0
    8.3076   -2.3257   -0.9073  C  0  0  0  0  0
    9.5854   -2.5872   -1.6505  C  0  0  0  0  0
    9.9542   -1.4815   -2.3520  O  0  0  0  0  0
  1  6  1  0  0  0
  1  2  2  0  0  0
  2  3  1  0  0  0
  3  7  1  0  0  0
  3  4  1  0  0  0
  4 23  1  0  0  0
  4  5  1  0  0  0
  5  6  1  0  0  0
  5 16  1  0  0  0
  6 15  1  0  0  0
  6  7  1  0  0  0
  7  8  1  0  0  0
  8  9  1  0  0  0
  9 10  1  0  0  0
 10 11  1  0  0  0
 11 15  1  0  0  0
 11 12  1  0  0  0
 12 13  1  0  0  0
 13 14  1  0  0  0
 14 15  1  0  0  0
 16 17  2  0  0  0
 17 23  1  0  0  0
 17 18  1  0  0  0
 18 26  1  0  0  0
 18 19  1  0  0  0
 19 20  1  0  0  0
 19 24  1  0  0  0
 20 21  1  0  0  0
 21 22  1  0  0  0
 22 23  1  0  0  0
 24 25  1  0  0  0
 25 26  1  0  0  0
M  END
$$$$
