C12=Nc3c(cc[s]3)CN1CCS2
  -ISIS-

 12 14  0  0  0  0  0  0  0  0  1
   -2.1347    1.9803   -5.7686  N  0  0  0  0  0
   -3.5202    2.2591   -6.0765  C  0  0  0  0  0
   -3.9478    3.3626   -5.1552  C  0  0  0  0  0
   -2.6703    3.8779   -4.0987  S  0  0  0  0  0
   -1.5429    2.7276   -4.7714  C  0  0  0  0  0
   -0.3238    2.6237   -4.3586  N  0  0  0  0  0
    0.3875    1.6681   -5.0124  C  0  0  0  0  0
   -0.0634    0.8461   -6.0250  C  0  0  0  0  0
   -1.4458    0.9999   -6.4566  C  0  0  0  0  0
    0.9490   -0.0607   -6.5027  C  0  0  0  0  0
    2.1386    0.1256   -5.8120  C  0  0  0  0  0
    2.0154    1.3596   -4.6309  S  0  0  0  0  0
  1  9  1  0  0  0
  1  5  1  0  0  0
  1  2  1  0  0  0
  2  3  1  0  0  0
  3  4  1  0  0  0
  4  5  1  0  0  0
  5  6  2  0  0  0
  6  7  1  0  0  0
  7 12  1  0  0  0
  7  8  2  0  0  0
  8  9  1  0  0  0
  8 10  1  0  0  0
 10 11  2  0  0  0
 11 12  1  0  0  0
M  END
$$$$
