C12=C(CN3C(=N1)CCSCC3)CCCN2
  -ISIS-

 15 17  0  0  0  0  0  0  0  0  1
    2.1257   -1.5782   -0.7119  C  0  0  0  0  0
    2.5559   -2.3255   -1.7929  N  0  0  0  0  0
    3.7674   -1.8790   -2.4828  C  0  0  0  0  0
    3.4602   -1.1072   -3.7649  C  0  0  0  0  0
    3.2867   -2.1810   -5.2310  S  0  0  0  0  0
    1.8910   -3.2344   -4.7173  C  0  0  0  0  0
    2.2031   -4.0990   -3.5046  C  0  0  0  0  0
    1.8035   -3.3872   -2.2285  C  0  0  0  0  0
    0.7337   -3.8057   -1.6337  N  0  0  0  0  0
    0.3077   -3.1665   -0.5078  C  0  0  0  0  0
   -0.8070   -3.6551    0.1461  N  0  0  0  0  0
   -1.1152   -3.3018    1.5180  C  0  0  0  0  0
   -0.9263   -1.7984    1.6861  C  0  0  0  0  0
    0.4732   -1.3697    1.2304  C  0  0  0  0  0
    0.9296   -2.0839   -0.0118  C  0  0  0  0  0
  1 15  1  0  0  0
  1  2  1  0  0  0
  2  8  1  0  0  0
  2  3  1  0  0  0
  3  4  1  0  0  0
  4  5  1  0  0  0
  5  6  1  0  0  0
  6  7  1  0  0  0
  7  8  1  0  0  0
  8  9  2  0  0  0
  9 10  1  0  0  0
 10 15  2  0  0  0
 10 11  1  0  0  0
 11 12  1  0  0  0
 12 13  1  0  0  0
 13 14  1  0  0  0
 14 15  1  0  0  0
M  END
$$$$
