C12=C(CNCC1)CCC3(O2)CNCCC3
  -ISIS-

 15 17  0  0  0  0  0  0  0  0  1
   -0.1210    2.2934    0.6647  C  0  0  0  0  0
   -0.5945    1.6955    1.9753  C  0  0  0  0  0
    0.1164    0.3442    2.2684  C  0  0  0  0  0
    1.6150    0.5422    2.1386  N  0  0  0  0  0
    2.1508    1.2004    0.8699  C  0  0  0  0  0
    1.1113    2.0737    0.1609  C  0  0  0  0  0
    1.5022    2.7002   -1.1602  C  0  0  0  0  0
    0.5010    3.7681   -1.6144  C  0  0  0  0  0
   -0.9425    3.2910   -1.3813  C  0  0  0  0  0
   -1.0994    3.0244    0.0234  O  0  0  0  0  0
   -2.0484    4.3343   -1.7809  C  0  0  0  0  0
   -2.1886    4.4549   -3.3037  N  0  0  0  0  0
   -2.2915    3.2019   -4.1766  C  0  0  0  0  0
   -1.2086    2.1950   -3.7431  C  0  0  0  0  0
   -1.2450    2.0310   -2.2269  C  0  0  0  0  0
  1 10  1  0  0  0
  1  6  2  0  0  0
  1  2  1  0  0  0
  2  3  1  0  0  0
  3  4  1  0  0  0
  4  5  1  0  0  0
  5  6  1  0  0  0
  6  7  1  0  0  0
  7  8  1  0  0  0
  8  9  1  0  0  0
  9 15  1  0  0  0
  9 10  1  0  0  0
  9 11  1  0  0  0
 11 12  1  0  0  0
 12 13  1  0  0  0
 13 14  1  0  0  0
 14 15  1  0  0  0
M  END
$$$$
