C12=C(CCC3c4c(cccc4)CC[N]1=3)CCCC2
  -ISIS-

 18 21  0  0  0  0  0  0  0  0  1
   -6.4859    4.3115   -0.6215  C  0  0  0  0  0
   -6.3991    3.9258   -1.9619  C  0  0  0  0  0
   -5.1997    4.0774   -2.6602  C  0  0  0  0  0
   -4.0974    4.6751   -2.0394  C  0  0  0  0  0
   -2.7947    4.8335   -2.7694  C  0  0  0  0  0
   -2.0775    6.1069   -2.3296  C  0  0  0  0  0
   -2.0136    6.1744   -0.8296  N  0  0  0  0  0
   -2.9730    5.6997   -0.0864  C  0  0  0  0  0
   -4.1884    5.0869   -0.6997  C  0  0  0  0  0
   -5.3885    4.9216   -0.0031  C  0  0  0  0  0
   -2.7744    5.6758    1.4190  C  0  0  0  0  0
   -2.1805    6.9733    1.9322  C  0  0  0  0  0
   -1.0271    7.3582    1.0615  C  0  0  0  0  0
   -0.9374    6.9382   -0.2186  C  0  0  0  0  0
    0.2831    7.3015   -1.0531  C  0  0  0  0  0
    1.4934    7.7299   -0.2255  C  0  0  0  0  0
    1.1155    8.7745    0.8030  C  0  0  0  0  0
   -0.0085    8.2666    1.6683  C  0  0  0  0  0
  1 10  2  0  0  0
  1  2  1  0  0  0
  2  3  2  0  0  0
  3  4  1  0  0  0
  4  9  2  0  0  0
  4  5  1  0  0  0
  5  6  1  0  0  0
  6  7  1  0  0  0
  7 14  1  0  0  0
  7  8  2  0  0  0
  8  9  1  0  0  0
  8 11  1  0  0  0
  9 10  1  0  0  0
 11 12  1  0  0  0
 12 13  1  0  0  0
 13 18  1  0  0  0
 13 14  2  0  0  0
 14 15  1  0  0  0
 15 16  1  0  0  0
 16 17  1  0  0  0
 17 18  1  0  0  0
M  END
$$$$
C12=C(CCC3c4c(cccc4)CC[N]1=3)CCCC2
  -ISIS-

 18 21  0  0  0  0  0  0  0  0  1
   -6.4859    4.3115   -0.6215  C  0  0  0  0  0
   -6.3991    3.9258   -1.9619  C  0  0  0  0  0
   -5.1997    4.0774   -2.6602  C  0  0  0  0  0
   -4.0974    4.6751   -2.0394  C  0  0  0  0  0
   -2.7947    4.8335   -2.7694  C  0  0  0  0  0
   -2.0775    6.1069   -2.3296  C  0  0  0  0  0
   -2.0136    6.1744   -0.8296  N  0  0  0  0  0
   -2.9730    5.6997   -0.0864  C  0  0  0  0  0
   -4.1884    5.0869   -0.6997  C  0  0  0  0  0
   -5.3885    4.9216   -0.0031  C  0  0  0  0  0
   -2.7744    5.6758    1.4190  C  0  0  0  0  0
   -2.1805    6.9733    1.9322  C  0  0  0  0  0
   -1.0271    7.3582    1.0615  C  0  0  0  0  0
   -0.9374    6.9382   -0.2186  C  0  0  0  0  0
    0.2831    7.3015   -1.0531  C  0  0  0  0  0
    1.4934    7.7299   -0.2255  C  0  0  0  0  0
    1.1155    8.7745    0.8030  C  0  0  0  0  0
   -0.0085    8.2666    1.6683  C  0  0  0  0  0
  1 10  2  0  0  0
  1  2  1  0  0  0
  2  3  2  0  0  0
  3  4  1  0  0  0
  4  9  2  0  0  0
  4  5  1  0  0  0
  5  6  1  0  0  0
  6  7  1  0  0  0
  7 14  1  0  0  0
  7  8  2  0  0  0
  8  9  1  0  0  0
  8 11  1  0  0  0
  9 10  1  0  0  0
 11 12  1  0  0  0
 12 13  1  0  0  0
 13 18  1  0  0  0
 13 14  2  0  0  0
 14 15  1  0  0  0
 15 16  1  0  0  0
 16 17  1  0  0  0
 17 18  1  0  0  0
M  END
$$$$
C12=C(CCC3c4c(cccc4)CC[N]1=3)CCCC2
  -ISIS-

 18 21  0  0  0  0  0  0  0  0  1
   -6.4859    4.3115   -0.6215  C  0  0  0  0  0
   -6.3991    3.9258   -1.9619  C  0  0  0  0  0
   -5.1997    4.0774   -2.6602  C  0  0  0  0  0
   -4.0974    4.6751   -2.0394  C  0  0  0  0  0
   -2.7947    4.8335   -2.7694  C  0  0  0  0  0
   -2.0775    6.1069   -2.3296  C  0  0  0  0  0
   -2.0136    6.1744   -0.8296  N  0  0  0  0  0
   -2.9730    5.6997   -0.0864  C  0  0  0  0  0
   -4.1884    5.0869   -0.6997  C  0  0  0  0  0
   -5.3885    4.9216   -0.0031  C  0  0  0  0  0
   -2.7744    5.6758    1.4190  C  0  0  0  0  0
   -2.1805    6.9733    1.9322  C  0  0  0  0  0
   -1.0271    7.3582    1.0615  C  0  0  0  0  0
   -0.9374    6.9382   -0.2186  C  0  0  0  0  0
    0.2831    7.3015   -1.0531  C  0  0  0  0  0
    1.4934    7.7299   -0.2255  C  0  0  0  0  0
    1.1155    8.7745    0.8030  C  0  0  0  0  0
   -0.0085    8.2666    1.6683  C  0  0  0  0  0
  1 10  2  0  0  0
  1  2  1  0  0  0
  2  3  2  0  0  0
  3  4  1  0  0  0
  4  9  2  0  0  0
  4  5  1  0  0  0
  5  6  1  0  0  0
  6  7  1  0  0  0
  7 14  1  0  0  0
  7  8  2  0  0  0
  8  9  1  0  0  0
  8 11  1  0  0  0
  9 10  1  0  0  0
 11 12  1  0  0  0
 12 13  1  0  0  0
 13 18  1  0  0  0
 13 14  2  0  0  0
 14 15  1  0  0  0
 15 16  1  0  0  0
 16 17  1  0  0  0
 17 18  1  0  0  0
M  END
$$$$
