C12=C(Sc3c(cccc3)N1)Cc4[c]5c2ccc[c]5ccc4
  -ISIS-

 21 25  0  0  0  0  0  0  0  0  1
    1.3164   -1.0730   -0.9091  C  0  0  0  0  0
    0.2808   -2.0562   -0.4544  C  0  0  0  0  0
    0.5816   -3.3566   -0.2400  C  0  0  0  0  0
    2.0031   -3.8119   -0.3845  C  0  0  0  0  0
    2.9792   -2.9220   -0.8829  C  0  0  0  0  0
    2.6752   -1.5863   -1.1734  C  0  0  0  0  0
    3.6465   -0.7098   -1.6807  C  0  0  0  0  0
    4.9437   -1.1580   -1.9002  C  0  0  0  0  0
    5.2763   -2.4763   -1.5991  C  0  0  0  0  0
    4.3149   -3.3609   -1.0845  C  0  0  0  0  0
    4.6689   -4.6728   -0.7556  C  0  0  0  0  0
    3.7271   -5.5390   -0.2146  C  0  0  0  0  0
    2.4128   -5.1112   -0.0251  C  0  0  0  0  0
   -0.3516   -4.3285    0.1023  N  0  0  0  0  0
   -1.7416   -4.1091    0.1770  C  0  0  0  0  0
   -2.5830   -5.1934    0.4756  C  0  0  0  0  0
   -3.9600   -5.0154    0.6205  C  0  0  0  0  0
   -4.5116   -3.7460    0.4874  C  0  0  0  0  0
   -3.6839   -2.6562    0.2169  C  0  0  0  0  0
   -2.2993   -2.8276    0.0697  C  0  0  0  0  0
   -1.3159   -1.3845   -0.2713  S  0  0  0  0  0
  1  6  1  0  0  0
  1  2  1  0  0  0
  2 21  1  0  0  0
  2  3  2  0  0  0
  3  4  1  0  0  0
  3 14  1  0  0  0
  4 13  2  0  0  0
  4  5  2  0  0  0
  5 10  2  0  0  0
  5  6  1  0  0  0
  6  7  2  0  0  0
  7  8  1  0  0  0
  8  9  2  0  0  0
  9 10  1  0  0  0
 10 11  1  0  0  0
 11 12  2  0  0  0
 12 13  1  0  0  0
 14 15  1  0  0  0
 15 20  2  0  0  0
 15 16  1  0  0  0
 16 17  2  0  0  0
 17 18  1  0  0  0
 18 19  2  0  0  0
 19 20  1  0  0  0
 20 21  1  0  0  0
M  END
$$$$
