C12=C(NN=C1)NPN=C2
  -ISIS-

  9 10  0  0  0  0  0  0  0  0  1
   -2.5933    3.6313   -5.5613  C  0  0  0  0  0
   -1.7830    4.4159   -6.3179  N  0  0  0  0  0
   -0.6303    4.7202   -5.6994  N  0  0  0  0  0
   -0.7290    4.1234   -4.4991  C  0  0  0  0  0
   -1.9631    3.4283   -4.3581  C  0  0  0  0  0
   -2.6185    2.6624   -3.3288  C  0  0  0  0  0
   -3.7510    2.0814   -3.5360  N  0  0  0  0  0
   -4.5111    2.0567   -4.9533  P  0  0  0  0  0
   -3.8010    3.1738   -5.9369  N  0  0  0  0  0
  1  9  1  0  0  0
  1  5  2  0  0  0
  1  2  1  0  0  0
  2  3  1  0  0  0
  3  4  2  0  0  0
  4  5  1  0  0  0
  5  6  1  0  0  0
  6  7  2  0  0  0
  7  8  1  0  0  0
  8  9  1  0  0  0
M  END
$$$$
C12=C(NN=C1)NPN=C2
  -ISIS-

  9 10  0  0  0  0  0  0  0  0  1
   -2.5933    3.6313   -5.5613  C  0  0  0  0  0
   -1.7830    4.4159   -6.3179  N  0  0  0  0  0
   -0.6303    4.7202   -5.6994  N  0  0  0  0  0
   -0.7290    4.1234   -4.4991  C  0  0  0  0  0
   -1.9631    3.4283   -4.3581  C  0  0  0  0  0
   -2.6185    2.6624   -3.3288  C  0  0  0  0  0
   -3.7510    2.0814   -3.5360  N  0  0  0  0  0
   -4.5111    2.0567   -4.9533  P  0  0  0  0  0
   -3.8010    3.1738   -5.9369  N  0  0  0  0  0
  1  9  1  0  0  0
  1  5  2  0  0  0
  1  2  1  0  0  0
  2  3  1  0  0  0
  3  4  2  0  0  0
  4  5  1  0  0  0
  5  6  1  0  0  0
  6  7  2  0  0  0
  7  8  1  0  0  0
  8  9  1  0  0  0
M  END
$$$$
C12=C(NN=C1)NPN=C2
  -ISIS-

  9 10  0  0  0  0  0  0  0  0  1
   -2.5933    3.6313   -5.5613  C  0  0  0  0  0
   -1.7830    4.4159   -6.3179  N  0  0  0  0  0
   -0.6303    4.7202   -5.6994  N  0  0  0  0  0
   -0.7290    4.1234   -4.4991  C  0  0  0  0  0
   -1.9631    3.4283   -4.3581  C  0  0  0  0  0
   -2.6185    2.6624   -3.3288  C  0  0  0  0  0
   -3.7510    2.0814   -3.5360  N  0  0  0  0  0
   -4.5111    2.0567   -4.9533  P  0  0  0  0  0
   -3.8010    3.1738   -5.9369  N  0  0  0  0  0
  1  9  1  0  0  0
  1  5  2  0  0  0
  1  2  1  0  0  0
  2  3  1  0  0  0
  3  4  2  0  0  0
  4  5  1  0  0  0
  5  6  1  0  0  0
  6  7  2  0  0  0
  7  8  1  0  0  0
  8  9  1  0  0  0
M  END
$$$$
