C12=C(CCCO1)CCCCCC2
  -ISIS-

 12 13  0  0  0  0  0  0  0  0  1
    3.3177   -1.6270   -5.1090  C  0  0  0  0  0
    2.5966   -2.9320   -4.8327  C  0  0  0  0  0
    1.2460   -2.8211   -4.6935  O  0  0  0  0  0
    0.5819   -1.6197   -4.3543  C  0  0  0  0  0
    1.2506   -0.4904   -4.0404  C  0  0  0  0  0
    2.7624   -0.4868   -4.1659  C  0  0  0  0  0
    0.5406    0.6678   -3.3690  C  0  0  0  0  0
   -0.4528    1.4586   -4.2375  C  0  0  0  0  0
   -1.9152    1.0582   -4.0279  C  0  0  0  0  0
   -2.4899    0.0703   -5.0436  C  0  0  0  0  0
   -1.6193   -1.1197   -5.4421  C  0  0  0  0  0
   -0.9151   -1.8128   -4.2758  C  0  0  0  0  0
  1  6  1  0  0  0
  1  2  1  0  0  0
  2  3  1  0  0  0
  3  4  1  0  0  0
  4 12  1  0  0  0
  4  5  2  0  0  0
  5  6  1  0  0  0
  5  7  1  0  0  0
  7  8  1  0  0  0
  8  9  1  0  0  0
  9 10  1  0  0  0
 10 11  1  0  0  0
 11 12  1  0  0  0
M  END
$$$$
C12=C(CCCO1)CCCCCC2
  -ISIS-

 12 13  0  0  0  0  0  0  0  0  1
    3.3177   -1.6270   -5.1090  C  0  0  0  0  0
    2.5966   -2.9320   -4.8327  C  0  0  0  0  0
    1.2460   -2.8211   -4.6935  O  0  0  0  0  0
    0.5819   -1.6197   -4.3543  C  0  0  0  0  0
    1.2506   -0.4904   -4.0404  C  0  0  0  0  0
    2.7624   -0.4868   -4.1659  C  0  0  0  0  0
    0.5406    0.6678   -3.3690  C  0  0  0  0  0
   -0.4528    1.4586   -4.2375  C  0  0  0  0  0
   -1.9152    1.0582   -4.0279  C  0  0  0  0  0
   -2.4899    0.0703   -5.0436  C  0  0  0  0  0
   -1.6193   -1.1197   -5.4421  C  0  0  0  0  0
   -0.9151   -1.8128   -4.2758  C  0  0  0  0  0
  1  6  1  0  0  0
  1  2  1  0  0  0
  2  3  1  0  0  0
  3  4  1  0  0  0
  4 12  1  0  0  0
  4  5  2  0  0  0
  5  6  1  0  0  0
  5  7  1  0  0  0
  7  8  1  0  0  0
  8  9  1  0  0  0
  9 10  1  0  0  0
 10 11  1  0  0  0
 11 12  1  0  0  0
M  END
$$$$
C12=C(CCCO1)CCCCCC2
  -ISIS-

 12 13  0  0  0  0  0  0  0  0  1
    3.3177   -1.6270   -5.1090  C  0  0  0  0  0
    2.5966   -2.9320   -4.8327  C  0  0  0  0  0
    1.2460   -2.8211   -4.6935  O  0  0  0  0  0
    0.5819   -1.6197   -4.3543  C  0  0  0  0  0
    1.2506   -0.4904   -4.0404  C  0  0  0  0  0
    2.7624   -0.4868   -4.1659  C  0  0  0  0  0
    0.5406    0.6678   -3.3690  C  0  0  0  0  0
   -0.4528    1.4586   -4.2375  C  0  0  0  0  0
   -1.9152    1.0582   -4.0279  C  0  0  0  0  0
   -2.4899    0.0703   -5.0436  C  0  0  0  0  0
   -1.6193   -1.1197   -5.4421  C  0  0  0  0  0
   -0.9151   -1.8128   -4.2758  C  0  0  0  0  0
  1  6  1  0  0  0
  1  2  1  0  0  0
  2  3  1  0  0  0
  3  4  1  0  0  0
  4 12  1  0  0  0
  4  5  2  0  0  0
  5  6  1  0  0  0
  5  7  1  0  0  0
  7  8  1  0  0  0
  8  9  1  0  0  0
  9 10  1  0  0  0
 10 11  1  0  0  0
 11 12  1  0  0  0
M  END
$$$$
