C12=C(C=CCO1)CN3c4c2cccc4CCC3
  -ISIS-

 17 20  0  0  0  0  0  0  0  0  1
    2.9769    2.0743   -2.0474  C  0  0  0  0  0
    3.9698    1.5284   -2.9504  C  0  0  0  0  0
    4.7125    0.4763   -2.5992  C  0  0  0  0  0
    4.5464   -0.1568   -1.2843  C  0  0  0  0  0
    3.6084    0.3817   -0.4493  O  0  0  0  0  0
    2.8320    1.4968   -0.8469  C  0  0  0  0  0
    1.8597    1.9871    0.1339  C  0  0  0  0  0
    1.7374    1.4091    1.4058  C  0  0  0  0  0
    0.8101    1.9018    2.3227  C  0  0  0  0  0
   -0.0093    2.9723    1.9762  C  0  0  0  0  0
    0.0846    3.5548    0.7049  C  0  0  0  0  0
   -0.8046    4.7207    0.3651  C  0  0  0  0  0
   -0.9912    4.8352   -1.1383  C  0  0  0  0  0
    0.3650    4.8373   -1.8232  C  0  0  0  0  0
    1.1659    3.6608   -1.5011  N  0  0  0  0  0
    1.0341    3.0684   -0.2141  C  0  0  0  0  0
    2.1290    3.2500   -2.4104  C  0  0  0  0  0
  1  6  2  0  0  0
  1 17  1  0  0  0
  1  2  1  0  0  0
  2  3  2  0  0  0
  3  4  1  0  0  0
  4  5  1  0  0  0
  5  6  1  0  0  0
  6  7  1  0  0  0
  7 16  2  0  0  0
  7  8  1  0  0  0
  8  9  2  0  0  0
  9 10  1  0  0  0
 10 11  2  0  0  0
 11 16  1  0  0  0
 11 12  1  0  0  0
 12 13  1  0  0  0
 13 14  1  0  0  0
 14 15  1  0  0  0
 15 16  1  0  0  0
 15 17  1  0  0  0
M  END
$$$$
C12=C(C=CCO1)CN3c4c2cccc4CCC3
  -ISIS-

 17 20  0  0  0  0  0  0  0  0  1
    2.9769    2.0743   -2.0474  C  0  0  0  0  0
    3.9698    1.5284   -2.9504  C  0  0  0  0  0
    4.7125    0.4763   -2.5992  C  0  0  0  0  0
    4.5464   -0.1568   -1.2843  C  0  0  0  0  0
    3.6084    0.3817   -0.4493  O  0  0  0  0  0
    2.8320    1.4968   -0.8469  C  0  0  0  0  0
    1.8597    1.9871    0.1339  C  0  0  0  0  0
    1.7374    1.4091    1.4058  C  0  0  0  0  0
    0.8101    1.9018    2.3227  C  0  0  0  0  0
   -0.0093    2.9723    1.9762  C  0  0  0  0  0
    0.0846    3.5548    0.7049  C  0  0  0  0  0
   -0.8046    4.7207    0.3651  C  0  0  0  0  0
   -0.9912    4.8352   -1.1383  C  0  0  0  0  0
    0.3650    4.8373   -1.8232  C  0  0  0  0  0
    1.1659    3.6608   -1.5011  N  0  0  0  0  0
    1.0341    3.0684   -0.2141  C  0  0  0  0  0
    2.1290    3.2500   -2.4104  C  0  0  0  0  0
  1  6  2  0  0  0
  1 17  1  0  0  0
  1  2  1  0  0  0
  2  3  2  0  0  0
  3  4  1  0  0  0
  4  5  1  0  0  0
  5  6  1  0  0  0
  6  7  1  0  0  0
  7 16  2  0  0  0
  7  8  1  0  0  0
  8  9  2  0  0  0
  9 10  1  0  0  0
 10 11  2  0  0  0
 11 16  1  0  0  0
 11 12  1  0  0  0
 12 13  1  0  0  0
 13 14  1  0  0  0
 14 15  1  0  0  0
 15 16  1  0  0  0
 15 17  1  0  0  0
M  END
$$$$
C12=C(C=CCO1)CN3c4c2cccc4CCC3
  -ISIS-

 17 20  0  0  0  0  0  0  0  0  1
    2.9769    2.0743   -2.0474  C  0  0  0  0  0
    3.9698    1.5284   -2.9504  C  0  0  0  0  0
    4.7125    0.4763   -2.5992  C  0  0  0  0  0
    4.5464   -0.1568   -1.2843  C  0  0  0  0  0
    3.6084    0.3817   -0.4493  O  0  0  0  0  0
    2.8320    1.4968   -0.8469  C  0  0  0  0  0
    1.8597    1.9871    0.1339  C  0  0  0  0  0
    1.7374    1.4091    1.4058  C  0  0  0  0  0
    0.8101    1.9018    2.3227  C  0  0  0  0  0
   -0.0093    2.9723    1.9762  C  0  0  0  0  0
    0.0846    3.5548    0.7049  C  0  0  0  0  0
   -0.8046    4.7207    0.3651  C  0  0  0  0  0
   -0.9912    4.8352   -1.1383  C  0  0  0  0  0
    0.3650    4.8373   -1.8232  C  0  0  0  0  0
    1.1659    3.6608   -1.5011  N  0  0  0  0  0
    1.0341    3.0684   -0.2141  C  0  0  0  0  0
    2.1290    3.2500   -2.4104  C  0  0  0  0  0
  1  6  2  0  0  0
  1 17  1  0  0  0
  1  2  1  0  0  0
  2  3  2  0  0  0
  3  4  1  0  0  0
  4  5  1  0  0  0
  5  6  1  0  0  0
  6  7  1  0  0  0
  7 16  2  0  0  0
  7  8  1  0  0  0
  8  9  2  0  0  0
  9 10  1  0  0  0
 10 11  2  0  0  0
 11 16  1  0  0  0
 11 12  1  0  0  0
 12 13  1  0  0  0
 13 14  1  0  0  0
 14 15  1  0  0  0
 15 16  1  0  0  0
 15 17  1  0  0  0
M  END
$$$$
C12=C(C=CCO1)CN3c4c2cccc4CCC3
  -ISIS-

 17 20  0  0  0  0  0  0  0  0  1
  -10.8666   -3.0650    4.1979  C  0  0  0  0  0
   -9.9889   -3.6161    5.2105  C  0  0  0  0  0
  -10.3683   -3.6764    6.4889  C  0  0  0  0  0
  -11.6870   -3.1827    6.9066  C  0  0  0  0  0
  -12.4924   -2.6617    5.9334  O  0  0  0  0  0
  -12.0668   -2.6110    4.5840  C  0  0  0  0  0
  -13.0157   -2.0286    3.6310  C  0  0  0  0  0
  -14.2545   -1.5153    4.0416  C  0  0  0  0  0
  -15.1341   -0.9582    3.1146  C  0  0  0  0  0
  -14.7883   -0.9144    1.7670  C  0  0  0  0  0
  -13.5623   -1.4361    1.3321  C  0  0  0  0  0
  -13.2101   -1.3602   -0.1293  C  0  0  0  0  0
  -12.1970   -2.4317   -0.4952  C  0  0  0  0  0
  -11.0151   -2.3644    0.4571  C  0  0  0  0  0
  -11.4054   -2.4941    1.8573  N  0  0  0  0  0
  -12.6668   -1.9821    2.2716  C  0  0  0  0  0
  -10.4724   -2.9835    2.7589  C  0  0  0  0  0
  1  6  2  0  0  0
  1 17  1  0  0  0
  1  2  1  0  0  0
  2  3  2  0  0  0
  3  4  1  0  0  0
  4  5  1  0  0  0
  5  6  1  0  0  0
  6  7  1  0  0  0
  7 16  2  0  0  0
  7  8  1  0  0  0
  8  9  2  0  0  0
  9 10  1  0  0  0
 10 11  2  0  0  0
 11 16  1  0  0  0
 11 12  1  0  0  0
 12 13  1  0  0  0
 13 14  1  0  0  0
 14 15  1  0  0  0
 15 16  1  0  0  0
 15 17  1  0  0  0
M  END
$$$$
C12=C(C=CCO1)CN3c4c2cccc4CCC3
  -ISIS-

 17 20  0  0  0  0  0  0  0  0  1
  -10.8666   -3.0650    4.1979  C  0  0  0  0  0
   -9.9889   -3.6161    5.2105  C  0  0  0  0  0
  -10.3683   -3.6764    6.4889  C  0  0  0  0  0
  -11.6870   -3.1827    6.9066  C  0  0  0  0  0
  -12.4924   -2.6617    5.9334  O  0  0  0  0  0
  -12.0668   -2.6110    4.5840  C  0  0  0  0  0
  -13.0157   -2.0286    3.6310  C  0  0  0  0  0
  -14.2545   -1.5153    4.0416  C  0  0  0  0  0
  -15.1341   -0.9582    3.1146  C  0  0  0  0  0
  -14.7883   -0.9144    1.7670  C  0  0  0  0  0
  -13.5623   -1.4361    1.3321  C  0  0  0  0  0
  -13.2101   -1.3602   -0.1293  C  0  0  0  0  0
  -12.1970   -2.4317   -0.4952  C  0  0  0  0  0
  -11.0151   -2.3644    0.4571  C  0  0  0  0  0
  -11.4054   -2.4941    1.8573  N  0  0  0  0  0
  -12.6668   -1.9821    2.2716  C  0  0  0  0  0
  -10.4724   -2.9835    2.7589  C  0  0  0  0  0
  1  6  2  0  0  0
  1 17  1  0  0  0
  1  2  1  0  0  0
  2  3  2  0  0  0
  3  4  1  0  0  0
  4  5  1  0  0  0
  5  6  1  0  0  0
  6  7  1  0  0  0
  7 16  2  0  0  0
  7  8  1  0  0  0
  8  9  2  0  0  0
  9 10  1  0  0  0
 10 11  2  0  0  0
 11 16  1  0  0  0
 11 12  1  0  0  0
 12 13  1  0  0  0
 13 14  1  0  0  0
 14 15  1  0  0  0
 15 16  1  0  0  0
 15 17  1  0  0  0
M  END
$$$$
C12=C(C=CCO1)CN3c4c2cccc4CCC3
  -ISIS-

 17 20  0  0  0  0  0  0  0  0  1
  -10.8666   -3.0650    4.1979  C  0  0  0  0  0
   -9.9889   -3.6161    5.2105  C  0  0  0  0  0
  -10.3683   -3.6764    6.4889  C  0  0  0  0  0
  -11.6870   -3.1827    6.9066  C  0  0  0  0  0
  -12.4924   -2.6617    5.9334  O  0  0  0  0  0
  -12.0668   -2.6110    4.5840  C  0  0  0  0  0
  -13.0157   -2.0286    3.6310  C  0  0  0  0  0
  -14.2545   -1.5153    4.0416  C  0  0  0  0  0
  -15.1341   -0.9582    3.1146  C  0  0  0  0  0
  -14.7883   -0.9144    1.7670  C  0  0  0  0  0
  -13.5623   -1.4361    1.3321  C  0  0  0  0  0
  -13.2101   -1.3602   -0.1293  C  0  0  0  0  0
  -12.1970   -2.4317   -0.4952  C  0  0  0  0  0
  -11.0151   -2.3644    0.4571  C  0  0  0  0  0
  -11.4054   -2.4941    1.8573  N  0  0  0  0  0
  -12.6668   -1.9821    2.2716  C  0  0  0  0  0
  -10.4724   -2.9835    2.7589  C  0  0  0  0  0
  1  6  2  0  0  0
  1 17  1  0  0  0
  1  2  1  0  0  0
  2  3  2  0  0  0
  3  4  1  0  0  0
  4  5  1  0  0  0
  5  6  1  0  0  0
  6  7  1  0  0  0
  7 16  2  0  0  0
  7  8  1  0  0  0
  8  9  2  0  0  0
  9 10  1  0  0  0
 10 11  2  0  0  0
 11 16  1  0  0  0
 11 12  1  0  0  0
 12 13  1  0  0  0
 13 14  1  0  0  0
 14 15  1  0  0  0
 15 16  1  0  0  0
 15 17  1  0  0  0
M  END
$$$$
C12=C(C=CCO1)CN3c4c2cccc4CCC3
  -ISIS-

 17 20  0  0  0  0  0  0  0  0  1
    4.6918   -1.5525    2.6628  C  0  0  0  0  0
    5.3307   -1.2105    1.4081  C  0  0  0  0  0
    6.4873   -1.7731    1.0510  C  0  0  0  0  0
    7.1477   -2.7540    1.9222  C  0  0  0  0  0
    6.5278   -3.0536    3.1025  O  0  0  0  0  0
    5.3001   -2.4441    3.4570  C  0  0  0  0  0
    4.7324   -2.8428    4.7480  C  0  0  0  0  0
    5.3899   -3.7440    5.5978  C  0  0  0  0  0
    4.8312   -4.0985    6.8248  C  0  0  0  0  0
    3.6068   -3.5619    7.2124  C  0  0  0  0  0
    2.9245   -2.6719    6.3718  C  0  0  0  0  0
    1.6098   -2.0965    6.8255  C  0  0  0  0  0
    0.7735   -1.6602    5.6344  C  0  0  0  0  0
    1.5976   -0.7545    4.7353  C  0  0  0  0  0
    2.8366   -1.3783    4.2822  N  0  0  0  0  0
    3.4982   -2.3003    5.1407  C  0  0  0  0  0
    3.3974   -0.9415    3.0916  C  0  0  0  0  0
  1  6  2  0  0  0
  1 17  1  0  0  0
  1  2  1  0  0  0
  2  3  2  0  0  0
  3  4  1  0  0  0
  4  5  1  0  0  0
  5  6  1  0  0  0
  6  7  1  0  0  0
  7 16  2  0  0  0
  7  8  1  0  0  0
  8  9  2  0  0  0
  9 10  1  0  0  0
 10 11  2  0  0  0
 11 16  1  0  0  0
 11 12  1  0  0  0
 12 13  1  0  0  0
 13 14  1  0  0  0
 14 15  1  0  0  0
 15 16  1  0  0  0
 15 17  1  0  0  0
M  END
$$$$
C12=C(C=CCO1)CN3c4c2cccc4CCC3
  -ISIS-

 17 20  0  0  0  0  0  0  0  0  1
    4.6918   -1.5525    2.6628  C  0  0  0  0  0
    5.3307   -1.2105    1.4081  C  0  0  0  0  0
    6.4873   -1.7731    1.0510  C  0  0  0  0  0
    7.1477   -2.7540    1.9222  C  0  0  0  0  0
    6.5278   -3.0536    3.1025  O  0  0  0  0  0
    5.3001   -2.4441    3.4570  C  0  0  0  0  0
    4.7324   -2.8428    4.7480  C  0  0  0  0  0
    5.3899   -3.7440    5.5978  C  0  0  0  0  0
    4.8312   -4.0985    6.8248  C  0  0  0  0  0
    3.6068   -3.5619    7.2124  C  0  0  0  0  0
    2.9245   -2.6719    6.3718  C  0  0  0  0  0
    1.6098   -2.0965    6.8255  C  0  0  0  0  0
    0.7735   -1.6602    5.6344  C  0  0  0  0  0
    1.5976   -0.7545    4.7353  C  0  0  0  0  0
    2.8366   -1.3783    4.2822  N  0  0  0  0  0
    3.4982   -2.3003    5.1407  C  0  0  0  0  0
    3.3974   -0.9415    3.0916  C  0  0  0  0  0
  1  6  2  0  0  0
  1 17  1  0  0  0
  1  2  1  0  0  0
  2  3  2  0  0  0
  3  4  1  0  0  0
  4  5  1  0  0  0
  5  6  1  0  0  0
  6  7  1  0  0  0
  7 16  2  0  0  0
  7  8  1  0  0  0
  8  9  2  0  0  0
  9 10  1  0  0  0
 10 11  2  0  0  0
 11 16  1  0  0  0
 11 12  1  0  0  0
 12 13  1  0  0  0
 13 14  1  0  0  0
 14 15  1  0  0  0
 15 16  1  0  0  0
 15 17  1  0  0  0
M  END
$$$$
C12=C(C=CCO1)CN3c4c2cccc4CCC3
  -ISIS-

 17 20  0  0  0  0  0  0  0  0  1
    4.6918   -1.5525    2.6628  C  0  0  0  0  0
    5.3307   -1.2105    1.4081  C  0  0  0  0  0
    6.4873   -1.7731    1.0510  C  0  0  0  0  0
    7.1477   -2.7540    1.9222  C  0  0  0  0  0
    6.5278   -3.0536    3.1025  O  0  0  0  0  0
    5.3001   -2.4441    3.4570  C  0  0  0  0  0
    4.7324   -2.8428    4.7480  C  0  0  0  0  0
    5.3899   -3.7440    5.5978  C  0  0  0  0  0
    4.8312   -4.0985    6.8248  C  0  0  0  0  0
    3.6068   -3.5619    7.2124  C  0  0  0  0  0
    2.9245   -2.6719    6.3718  C  0  0  0  0  0
    1.6098   -2.0965    6.8255  C  0  0  0  0  0
    0.7735   -1.6602    5.6344  C  0  0  0  0  0
    1.5976   -0.7545    4.7353  C  0  0  0  0  0
    2.8366   -1.3783    4.2822  N  0  0  0  0  0
    3.4982   -2.3003    5.1407  C  0  0  0  0  0
    3.3974   -0.9415    3.0916  C  0  0  0  0  0
  1  6  2  0  0  0
  1 17  1  0  0  0
  1  2  1  0  0  0
  2  3  2  0  0  0
  3  4  1  0  0  0
  4  5  1  0  0  0
  5  6  1  0  0  0
  6  7  1  0  0  0
  7 16  2  0  0  0
  7  8  1  0  0  0
  8  9  2  0  0  0
  9 10  1  0  0  0
 10 11  2  0  0  0
 11 16  1  0  0  0
 11 12  1  0  0  0
 12 13  1  0  0  0
 13 14  1  0  0  0
 14 15  1  0  0  0
 15 16  1  0  0  0
 15 17  1  0  0  0
M  END
$$$$
C12=C(C=CCO1)CN3c4c2cccc4CCC3
  -ISIS-

 17 20  0  0  0  0  0  0  0  0  1
   -4.9433    1.2046   -7.4284  C  0  0  0  0  0
   -4.5315    1.1498   -6.0403  C  0  0  0  0  0
   -5.2946    1.6703   -5.0767  C  0  0  0  0  0
   -6.5740    2.3168   -5.3968  C  0  0  0  0  0
   -6.9359    2.3606   -6.7137  O  0  0  0  0  0
   -6.1090    1.7994   -7.7165  C  0  0  0  0  0
   -6.6006    1.9096   -9.0928  C  0  0  0  0  0
   -7.8001    2.5690   -9.3984  C  0  0  0  0  0
   -8.2393    2.6670  -10.7178  C  0  0  0  0  0
   -7.4889    2.1013  -11.7445  C  0  0  0  0  0
   -6.2952    1.4239  -11.4603  C  0  0  0  0  0
   -5.4979    0.8362  -12.5936  C  0  0  0  0  0
   -4.6175   -0.2994  -12.1002  C  0  0  0  0  0
   -3.7977    0.1693  -10.9100  C  0  0  0  0  0
   -4.6209    0.6814   -9.8194  N  0  0  0  0  0
   -5.8429    1.3412  -10.1294  C  0  0  0  0  0
   -4.1124    0.6318   -8.5303  C  0  0  0  0  0
  1  6  2  0  0  0
  1 17  1  0  0  0
  1  2  1  0  0  0
  2  3  2  0  0  0
  3  4  1  0  0  0
  4  5  1  0  0  0
  5  6  1  0  0  0
  6  7  1  0  0  0
  7 16  2  0  0  0
  7  8  1  0  0  0
  8  9  2  0  0  0
  9 10  1  0  0  0
 10 11  2  0  0  0
 11 16  1  0  0  0
 11 12  1  0  0  0
 12 13  1  0  0  0
 13 14  1  0  0  0
 14 15  1  0  0  0
 15 16  1  0  0  0
 15 17  1  0  0  0
M  END
$$$$
C12=C(C=CCO1)CN3c4c2cccc4CCC3
  -ISIS-

 17 20  0  0  0  0  0  0  0  0  1
   -4.9433    1.2046   -7.4284  C  0  0  0  0  0
   -4.5315    1.1498   -6.0403  C  0  0  0  0  0
   -5.2946    1.6703   -5.0767  C  0  0  0  0  0
   -6.5740    2.3168   -5.3968  C  0  0  0  0  0
   -6.9359    2.3606   -6.7137  O  0  0  0  0  0
   -6.1090    1.7994   -7.7165  C  0  0  0  0  0
   -6.6006    1.9096   -9.0928  C  0  0  0  0  0
   -7.8001    2.5690   -9.3984  C  0  0  0  0  0
   -8.2393    2.6670  -10.7178  C  0  0  0  0  0
   -7.4889    2.1013  -11.7445  C  0  0  0  0  0
   -6.2952    1.4239  -11.4603  C  0  0  0  0  0
   -5.4979    0.8362  -12.5936  C  0  0  0  0  0
   -4.6175   -0.2994  -12.1002  C  0  0  0  0  0
   -3.7977    0.1693  -10.9100  C  0  0  0  0  0
   -4.6209    0.6814   -9.8194  N  0  0  0  0  0
   -5.8429    1.3412  -10.1294  C  0  0  0  0  0
   -4.1124    0.6318   -8.5303  C  0  0  0  0  0
  1  6  2  0  0  0
  1 17  1  0  0  0
  1  2  1  0  0  0
  2  3  2  0  0  0
  3  4  1  0  0  0
  4  5  1  0  0  0
  5  6  1  0  0  0
  6  7  1  0  0  0
  7 16  2  0  0  0
  7  8  1  0  0  0
  8  9  2  0  0  0
  9 10  1  0  0  0
 10 11  2  0  0  0
 11 16  1  0  0  0
 11 12  1  0  0  0
 12 13  1  0  0  0
 13 14  1  0  0  0
 14 15  1  0  0  0
 15 16  1  0  0  0
 15 17  1  0  0  0
M  END
$$$$
C12=C(C=CCO1)CN3c4c2cccc4CCC3
  -ISIS-

 17 20  0  0  0  0  0  0  0  0  1
   -4.9433    1.2046   -7.4284  C  0  0  0  0  0
   -4.5315    1.1498   -6.0403  C  0  0  0  0  0
   -5.2946    1.6703   -5.0767  C  0  0  0  0  0
   -6.5740    2.3168   -5.3968  C  0  0  0  0  0
   -6.9359    2.3606   -6.7137  O  0  0  0  0  0
   -6.1090    1.7994   -7.7165  C  0  0  0  0  0
   -6.6006    1.9096   -9.0928  C  0  0  0  0  0
   -7.8001    2.5690   -9.3984  C  0  0  0  0  0
   -8.2393    2.6670  -10.7178  C  0  0  0  0  0
   -7.4889    2.1013  -11.7445  C  0  0  0  0  0
   -6.2952    1.4239  -11.4603  C  0  0  0  0  0
   -5.4979    0.8362  -12.5936  C  0  0  0  0  0
   -4.6175   -0.2994  -12.1002  C  0  0  0  0  0
   -3.7977    0.1693  -10.9100  C  0  0  0  0  0
   -4.6209    0.6814   -9.8194  N  0  0  0  0  0
   -5.8429    1.3412  -10.1294  C  0  0  0  0  0
   -4.1124    0.6318   -8.5303  C  0  0  0  0  0
  1  6  2  0  0  0
  1 17  1  0  0  0
  1  2  1  0  0  0
  2  3  2  0  0  0
  3  4  1  0  0  0
  4  5  1  0  0  0
  5  6  1  0  0  0
  6  7  1  0  0  0
  7 16  2  0  0  0
  7  8  1  0  0  0
  8  9  2  0  0  0
  9 10  1  0  0  0
 10 11  2  0  0  0
 11 16  1  0  0  0
 11 12  1  0  0  0
 12 13  1  0  0  0
 13 14  1  0  0  0
 14 15  1  0  0  0
 15 16  1  0  0  0
 15 17  1  0  0  0
M  END
$$$$
C12=C(C=CCO1)CN3c4c2cccc4CCC3
  -ISIS-

 17 20  0  0  0  0  0  0  0  0  1
   -1.5748   -1.7264   -3.0184  C  0  0  0  0  0
   -0.7710   -0.7936   -3.5471  C  0  0  0  0  0
   -0.9811    0.6361   -3.3025  C  0  0  0  0  0
   -2.0327    1.0309   -2.4597  C  0  0  0  0  0
   -2.2526    2.3971   -2.1995  C  0  0  0  0  0
   -3.3801    2.8510   -1.3116  C  0  0  0  0  0
   -3.7595    1.7608   -0.3237  C  0  0  0  0  0
   -4.0085    0.4601   -1.0682  C  0  0  0  0  0
   -2.8664    0.0384   -1.8727  N  0  0  0  0  0
   -2.7199   -1.3119   -2.1524  C  0  0  0  0  0
   -1.4348    3.3580   -2.8096  C  0  0  0  0  0
   -0.3936    2.9676   -3.6468  C  0  0  0  0  0
   -0.1652    1.6140   -3.8897  C  0  0  0  0  0
    0.3273   -1.1283   -4.3755  O  0  0  0  0  0
    0.6144   -2.4308   -4.6721  C  0  0  0  0  0
   -0.2673   -3.4564   -4.0990  C  0  0  0  0  0
   -1.2974   -3.1158   -3.3215  C  0  0  0  0  0
  1 10  1  0  0  0
  1 17  1  0  0  0
  1  2  2  0  0  0
  2  3  1  0  0  0
  2 14  1  0  0  0
  3 13  2  0  0  0
  3  4  1  0  0  0
  4  9  1  0  0  0
  4  5  2  0  0  0
  5  6  1  0  0  0
  5 11  1  0  0  0
  6  7  1  0  0  0
  7  8  1  0  0  0
  8  9  1  0  0  0
  9 10  1  0  0  0
 11 12  2  0  0  0
 12 13  1  0  0  0
 14 15  1  0  0  0
 15 16  1  0  0  0
 16 17  2  0  0  0
M  END
$$$$
C12=C(C=CCO1)CN3c4c2cccc4CCC3
  -ISIS-

 17 20  0  0  0  0  0  0  0  0  1
   -1.5748   -1.7264   -3.0184  C  0  0  0  0  0
   -0.7710   -0.7936   -3.5471  C  0  0  0  0  0
   -0.9811    0.6361   -3.3025  C  0  0  0  0  0
   -2.0327    1.0309   -2.4597  C  0  0  0  0  0
   -2.2526    2.3971   -2.1995  C  0  0  0  0  0
   -3.3801    2.8510   -1.3116  C  0  0  0  0  0
   -3.7595    1.7608   -0.3237  C  0  0  0  0  0
   -4.0085    0.4601   -1.0682  C  0  0  0  0  0
   -2.8664    0.0384   -1.8727  N  0  0  0  0  0
   -2.7199   -1.3119   -2.1524  C  0  0  0  0  0
   -1.4348    3.3580   -2.8096  C  0  0  0  0  0
   -0.3936    2.9676   -3.6468  C  0  0  0  0  0
   -0.1652    1.6140   -3.8897  C  0  0  0  0  0
    0.3273   -1.1283   -4.3755  O  0  0  0  0  0
    0.6144   -2.4308   -4.6721  C  0  0  0  0  0
   -0.2673   -3.4564   -4.0990  C  0  0  0  0  0
   -1.2974   -3.1158   -3.3215  C  0  0  0  0  0
  1 10  1  0  0  0
  1 17  1  0  0  0
  1  2  2  0  0  0
  2  3  1  0  0  0
  2 14  1  0  0  0
  3 13  2  0  0  0
  3  4  1  0  0  0
  4  9  1  0  0  0
  4  5  2  0  0  0
  5  6  1  0  0  0
  5 11  1  0  0  0
  6  7  1  0  0  0
  7  8  1  0  0  0
  8  9  1  0  0  0
  9 10  1  0  0  0
 11 12  2  0  0  0
 12 13  1  0  0  0
 14 15  1  0  0  0
 15 16  1  0  0  0
 16 17  2  0  0  0
M  END
$$$$
C12=C(C=CCO1)CN3c4c2cccc4CCC3
  -ISIS-

 17 20  0  0  0  0  0  0  0  0  1
   -1.5748   -1.7264   -3.0184  C  0  0  0  0  0
   -0.7710   -0.7936   -3.5471  C  0  0  0  0  0
   -0.9811    0.6361   -3.3025  C  0  0  0  0  0
   -2.0327    1.0309   -2.4597  C  0  0  0  0  0
   -2.2526    2.3971   -2.1995  C  0  0  0  0  0
   -3.3801    2.8510   -1.3116  C  0  0  0  0  0
   -3.7595    1.7608   -0.3237  C  0  0  0  0  0
   -4.0085    0.4601   -1.0682  C  0  0  0  0  0
   -2.8664    0.0384   -1.8727  N  0  0  0  0  0
   -2.7199   -1.3119   -2.1524  C  0  0  0  0  0
   -1.4348    3.3580   -2.8096  C  0  0  0  0  0
   -0.3936    2.9676   -3.6468  C  0  0  0  0  0
   -0.1652    1.6140   -3.8897  C  0  0  0  0  0
    0.3273   -1.1283   -4.3755  O  0  0  0  0  0
    0.6144   -2.4308   -4.6721  C  0  0  0  0  0
   -0.2673   -3.4564   -4.0990  C  0  0  0  0  0
   -1.2974   -3.1158   -3.3215  C  0  0  0  0  0
  1 10  1  0  0  0
  1 17  1  0  0  0
  1  2  2  0  0  0
  2  3  1  0  0  0
  2 14  1  0  0  0
  3 13  2  0  0  0
  3  4  1  0  0  0
  4  9  1  0  0  0
  4  5  2  0  0  0
  5  6  1  0  0  0
  5 11  1  0  0  0
  6  7  1  0  0  0
  7  8  1  0  0  0
  8  9  1  0  0  0
  9 10  1  0  0  0
 11 12  2  0  0  0
 12 13  1  0  0  0
 14 15  1  0  0  0
 15 16  1  0  0  0
 16 17  2  0  0  0
M  END
$$$$
C12=C(C=CCO1)CN3c4c2cccc4CCC3
  -ISIS-

 17 20  0  0  0  0  0  0  0  0  1
   -3.0376    5.5777    0.6172  C  0  0  0  0  0
   -4.1823    5.0463    1.3371  C  0  0  0  0  0
   -5.0489    4.2183    0.7446  C  0  0  0  0  0
   -4.8658    3.8143   -0.6548  C  0  0  0  0  0
   -3.7765    4.3097   -1.3047  O  0  0  0  0  0
   -2.8754    5.1907   -0.6587  C  0  0  0  0  0
   -1.7530    5.6492   -1.4817  C  0  0  0  0  0
   -1.6193    5.2729   -2.8272  C  0  0  0  0  0
   -0.5420    5.7234   -3.5884  C  0  0  0  0  0
    0.4177    6.5489   -3.0115  C  0  0  0  0  0
    0.3118    6.9243   -1.6654  C  0  0  0  0  0
    1.3554    7.8345   -1.0759  C  0  0  0  0  0
    1.4186    7.6744    0.4328  C  0  0  0  0  0
    0.0254    7.8210    1.0203  C  0  0  0  0  0
   -0.9335    6.8767    0.4539  N  0  0  0  0  0
   -0.7876    6.4829   -0.9028  C  0  0  0  0  0
   -2.0469    6.5367    1.2228  C  0  0  0  0  0
  1  6  2  0  0  0
  1 17  1  0  0  0
  1  2  1  0  0  0
  2  3  2  0  0  0
  3  4  1  0  0  0
  4  5  1  0  0  0
  5  6  1  0  0  0
  6  7  1  0  0  0
  7 16  2  0  0  0
  7  8  1  0  0  0
  8  9  2  0  0  0
  9 10  1  0  0  0
 10 11  2  0  0  0
 11 16  1  0  0  0
 11 12  1  0  0  0
 12 13  1  0  0  0
 13 14  1  0  0  0
 14 15  1  0  0  0
 15 16  1  0  0  0
 15 17  1  0  0  0
M  END
$$$$
C12=C(C=CCO1)CN3c4c2cccc4CCC3
  -ISIS-

 17 20  0  0  0  0  0  0  0  0  1
   -3.0376    5.5777    0.6172  C  0  0  0  0  0
   -4.1823    5.0463    1.3371  C  0  0  0  0  0
   -5.0489    4.2183    0.7446  C  0  0  0  0  0
   -4.8658    3.8143   -0.6548  C  0  0  0  0  0
   -3.7765    4.3097   -1.3047  O  0  0  0  0  0
   -2.8754    5.1907   -0.6587  C  0  0  0  0  0
   -1.7530    5.6492   -1.4817  C  0  0  0  0  0
   -1.6193    5.2729   -2.8272  C  0  0  0  0  0
   -0.5420    5.7234   -3.5884  C  0  0  0  0  0
    0.4177    6.5489   -3.0115  C  0  0  0  0  0
    0.3118    6.9243   -1.6654  C  0  0  0  0  0
    1.3554    7.8345   -1.0759  C  0  0  0  0  0
    1.4186    7.6744    0.4328  C  0  0  0  0  0
    0.0254    7.8210    1.0203  C  0  0  0  0  0
   -0.9335    6.8767    0.4539  N  0  0  0  0  0
   -0.7876    6.4829   -0.9028  C  0  0  0  0  0
   -2.0469    6.5367    1.2228  C  0  0  0  0  0
  1  6  2  0  0  0
  1 17  1  0  0  0
  1  2  1  0  0  0
  2  3  2  0  0  0
  3  4  1  0  0  0
  4  5  1  0  0  0
  5  6  1  0  0  0
  6  7  1  0  0  0
  7 16  2  0  0  0
  7  8  1  0  0  0
  8  9  2  0  0  0
  9 10  1  0  0  0
 10 11  2  0  0  0
 11 16  1  0  0  0
 11 12  1  0  0  0
 12 13  1  0  0  0
 13 14  1  0  0  0
 14 15  1  0  0  0
 15 16  1  0  0  0
 15 17  1  0  0  0
M  END
$$$$
C12=C(C=CCO1)CN3c4c2cccc4CCC3
  -ISIS-

 17 20  0  0  0  0  0  0  0  0  1
   -3.0376    5.5777    0.6172  C  0  0  0  0  0
   -4.1823    5.0463    1.3371  C  0  0  0  0  0
   -5.0489    4.2183    0.7446  C  0  0  0  0  0
   -4.8658    3.8143   -0.6548  C  0  0  0  0  0
   -3.7765    4.3097   -1.3047  O  0  0  0  0  0
   -2.8754    5.1907   -0.6587  C  0  0  0  0  0
   -1.7530    5.6492   -1.4817  C  0  0  0  0  0
   -1.6193    5.2729   -2.8272  C  0  0  0  0  0
   -0.5420    5.7234   -3.5884  C  0  0  0  0  0
    0.4177    6.5489   -3.0115  C  0  0  0  0  0
    0.3118    6.9243   -1.6654  C  0  0  0  0  0
    1.3554    7.8345   -1.0759  C  0  0  0  0  0
    1.4186    7.6744    0.4328  C  0  0  0  0  0
    0.0254    7.8210    1.0203  C  0  0  0  0  0
   -0.9335    6.8767    0.4539  N  0  0  0  0  0
   -0.7876    6.4829   -0.9028  C  0  0  0  0  0
   -2.0469    6.5367    1.2228  C  0  0  0  0  0
  1  6  2  0  0  0
  1 17  1  0  0  0
  1  2  1  0  0  0
  2  3  2  0  0  0
  3  4  1  0  0  0
  4  5  1  0  0  0
  5  6  1  0  0  0
  6  7  1  0  0  0
  7 16  2  0  0  0
  7  8  1  0  0  0
  8  9  2  0  0  0
  9 10  1  0  0  0
 10 11  2  0  0  0
 11 16  1  0  0  0
 11 12  1  0  0  0
 12 13  1  0  0  0
 13 14  1  0  0  0
 14 15  1  0  0  0
 15 16  1  0  0  0
 15 17  1  0  0  0
M  END
$$$$
C12=C(C=CCO1)CN3c4c2cccc4CCC3
  -ISIS-

 17 20  0  0  0  0  0  0  0  0  1
   -0.7136    4.7307   -9.1397  C  0  0  0  0  0
    0.2703    3.8471   -8.5475  C  0  0  0  0  0
   -0.0271    3.1081   -7.4764  C  0  0  0  0  0
   -1.3630    3.1672   -6.8686  C  0  0  0  0  0
   -2.2741    4.0029   -7.4507  O  0  0  0  0  0
   -1.9326    4.7779   -8.5852  C  0  0  0  0  0
   -2.9929    5.6354   -9.1222  C  0  0  0  0  0
   -4.2809    5.6531   -8.5676  C  0  0  0  0  0
   -5.2732    6.4718   -9.1045  C  0  0  0  0  0
   -4.9873    7.2864  -10.1964  C  0  0  0  0  0
   -3.7026    7.2967  -10.7565  C  0  0  0  0  0
   -3.4284    8.1766  -11.9464  C  0  0  0  0  0
   -1.9479    8.5036  -12.0444  C  0  0  0  0  0
   -1.1363    7.2204  -11.9907  C  0  0  0  0  0
   -1.4017    6.4298  -10.7933  N  0  0  0  0  0
   -2.7059    6.4560  -10.2250  C  0  0  0  0  0
   -0.4122    5.5717  -10.3374  C  0  0  0  0  0
  1  6  2  0  0  0
  1 17  1  0  0  0
  1  2  1  0  0  0
  2  3  2  0  0  0
  3  4  1  0  0  0
  4  5  1  0  0  0
  5  6  1  0  0  0
  6  7  1  0  0  0
  7 16  2  0  0  0
  7  8  1  0  0  0
  8  9  2  0  0  0
  9 10  1  0  0  0
 10 11  2  0  0  0
 11 16  1  0  0  0
 11 12  1  0  0  0
 12 13  1  0  0  0
 13 14  1  0  0  0
 14 15  1  0  0  0
 15 16  1  0  0  0
 15 17  1  0  0  0
M  END
$$$$
C12=C(C=CCO1)CN3c4c2cccc4CCC3
  -ISIS-

 17 20  0  0  0  0  0  0  0  0  1
   -0.7136    4.7307   -9.1397  C  0  0  0  0  0
    0.2703    3.8471   -8.5475  C  0  0  0  0  0
   -0.0271    3.1081   -7.4764  C  0  0  0  0  0
   -1.3630    3.1672   -6.8686  C  0  0  0  0  0
   -2.2741    4.0029   -7.4507  O  0  0  0  0  0
   -1.9326    4.7779   -8.5852  C  0  0  0  0  0
   -2.9929    5.6354   -9.1222  C  0  0  0  0  0
   -4.2809    5.6531   -8.5676  C  0  0  0  0  0
   -5.2732    6.4718   -9.1045  C  0  0  0  0  0
   -4.9873    7.2864  -10.1964  C  0  0  0  0  0
   -3.7026    7.2967  -10.7565  C  0  0  0  0  0
   -3.4284    8.1766  -11.9464  C  0  0  0  0  0
   -1.9479    8.5036  -12.0444  C  0  0  0  0  0
   -1.1363    7.2204  -11.9907  C  0  0  0  0  0
   -1.4017    6.4298  -10.7933  N  0  0  0  0  0
   -2.7059    6.4560  -10.2250  C  0  0  0  0  0
   -0.4122    5.5717  -10.3374  C  0  0  0  0  0
  1  6  2  0  0  0
  1 17  1  0  0  0
  1  2  1  0  0  0
  2  3  2  0  0  0
  3  4  1  0  0  0
  4  5  1  0  0  0
  5  6  1  0  0  0
  6  7  1  0  0  0
  7 16  2  0  0  0
  7  8  1  0  0  0
  8  9  2  0  0  0
  9 10  1  0  0  0
 10 11  2  0  0  0
 11 16  1  0  0  0
 11 12  1  0  0  0
 12 13  1  0  0  0
 13 14  1  0  0  0
 14 15  1  0  0  0
 15 16  1  0  0  0
 15 17  1  0  0  0
M  END
$$$$
C12=C(C=CCO1)CN3c4c2cccc4CCC3
  -ISIS-

 17 20  0  0  0  0  0  0  0  0  1
   -0.7136    4.7307   -9.1397  C  0  0  0  0  0
    0.2703    3.8471   -8.5475  C  0  0  0  0  0
   -0.0271    3.1081   -7.4764  C  0  0  0  0  0
   -1.3630    3.1672   -6.8686  C  0  0  0  0  0
   -2.2741    4.0029   -7.4507  O  0  0  0  0  0
   -1.9326    4.7779   -8.5852  C  0  0  0  0  0
   -2.9929    5.6354   -9.1222  C  0  0  0  0  0
   -4.2809    5.6531   -8.5676  C  0  0  0  0  0
   -5.2732    6.4718   -9.1045  C  0  0  0  0  0
   -4.9873    7.2864  -10.1964  C  0  0  0  0  0
   -3.7026    7.2967  -10.7565  C  0  0  0  0  0
   -3.4284    8.1766  -11.9464  C  0  0  0  0  0
   -1.9479    8.5036  -12.0444  C  0  0  0  0  0
   -1.1363    7.2204  -11.9907  C  0  0  0  0  0
   -1.4017    6.4298  -10.7933  N  0  0  0  0  0
   -2.7059    6.4560  -10.2250  C  0  0  0  0  0
   -0.4122    5.5717  -10.3374  C  0  0  0  0  0
  1  6  2  0  0  0
  1 17  1  0  0  0
  1  2  1  0  0  0
  2  3  2  0  0  0
  3  4  1  0  0  0
  4  5  1  0  0  0
  5  6  1  0  0  0
  6  7  1  0  0  0
  7 16  2  0  0  0
  7  8  1  0  0  0
  8  9  2  0  0  0
  9 10  1  0  0  0
 10 11  2  0  0  0
 11 16  1  0  0  0
 11 12  1  0  0  0
 12 13  1  0  0  0
 13 14  1  0  0  0
 14 15  1  0  0  0
 15 16  1  0  0  0
 15 17  1  0  0  0
M  END
$$$$
C12=C(C=CCO1)CN3c4c2cccc4CCC3
  -ISIS-

 17 20  0  0  0  0  0  0  0  0  1
    0.5569    2.5974  -12.4365  C  0  0  0  0  0
   -0.5437    2.4597  -11.6846  C  0  0  0  0  0
   -1.7636    3.2265  -11.9529  C  0  0  0  0  0
   -2.9012    3.1133  -11.1406  C  0  0  0  0  0
   -4.0451    3.8619  -11.4136  C  0  0  0  0  0
   -4.0668    4.7260  -12.5046  C  0  0  0  0  0
   -2.9469    4.8428  -13.3392  C  0  0  0  0  0
   -1.7856    4.0999  -13.0521  C  0  0  0  0  0
   -0.6274    4.2217  -13.8697  N  0  0  0  0  0
    0.5540    3.5539  -13.5845  C  0  0  0  0  0
   -0.6292    5.1941  -14.9578  C  0  0  0  0  0
   -2.0032    5.3865  -15.5770  C  0  0  0  0  0
   -2.9954    5.7970  -14.5021  C  0  0  0  0  0
   -0.5974    1.5700  -10.5846  O  0  0  0  0  0
    0.4833    0.8070  -10.2428  C  0  0  0  0  0
    1.6937    0.9586  -11.0609  C  0  0  0  0  0
    1.7204    1.8056  -12.0923  C  0  0  0  0  0
  1 10  1  0  0  0
  1 17  1  0  0  0
  1  2  2  0  0  0
  2  3  1  0  0  0
  2 14  1  0  0  0
  3  8  2  0  0  0
  3  4  1  0  0  0
  4  5  2  0  0  0
  5  6  1  0  0  0
  6  7  2  0  0  0
  7 13  1  0  0  0
  7  8  1  0  0  0
  8  9  1  0  0  0
  9 10  1  0  0  0
  9 11  1  0  0  0
 11 12  1  0  0  0
 12 13  1  0  0  0
 14 15  1  0  0  0
 15 16  1  0  0  0
 16 17  2  0  0  0
M  END
$$$$
C12=C(C=CCO1)CN3c4c2cccc4CCC3
  -ISIS-

 17 20  0  0  0  0  0  0  0  0  1
    0.5569    2.5974  -12.4365  C  0  0  0  0  0
   -0.5437    2.4597  -11.6846  C  0  0  0  0  0
   -1.7636    3.2265  -11.9529  C  0  0  0  0  0
   -2.9012    3.1133  -11.1406  C  0  0  0  0  0
   -4.0451    3.8619  -11.4136  C  0  0  0  0  0
   -4.0668    4.7260  -12.5046  C  0  0  0  0  0
   -2.9469    4.8428  -13.3392  C  0  0  0  0  0
   -1.7856    4.0999  -13.0521  C  0  0  0  0  0
   -0.6274    4.2217  -13.8697  N  0  0  0  0  0
    0.5540    3.5539  -13.5845  C  0  0  0  0  0
   -0.6292    5.1941  -14.9578  C  0  0  0  0  0
   -2.0032    5.3865  -15.5770  C  0  0  0  0  0
   -2.9954    5.7970  -14.5021  C  0  0  0  0  0
   -0.5974    1.5700  -10.5846  O  0  0  0  0  0
    0.4833    0.8070  -10.2428  C  0  0  0  0  0
    1.6937    0.9586  -11.0609  C  0  0  0  0  0
    1.7204    1.8056  -12.0923  C  0  0  0  0  0
  1 10  1  0  0  0
  1 17  1  0  0  0
  1  2  2  0  0  0
  2  3  1  0  0  0
  2 14  1  0  0  0
  3  8  2  0  0  0
  3  4  1  0  0  0
  4  5  2  0  0  0
  5  6  1  0  0  0
  6  7  2  0  0  0
  7 13  1  0  0  0
  7  8  1  0  0  0
  8  9  1  0  0  0
  9 10  1  0  0  0
  9 11  1  0  0  0
 11 12  1  0  0  0
 12 13  1  0  0  0
 14 15  1  0  0  0
 15 16  1  0  0  0
 16 17  2  0  0  0
M  END
$$$$
C12=C(C=CCO1)CN3c4c2cccc4CCC3
  -ISIS-

 17 20  0  0  0  0  0  0  0  0  1
    0.5569    2.5974  -12.4365  C  0  0  0  0  0
   -0.5437    2.4597  -11.6846  C  0  0  0  0  0
   -1.7636    3.2265  -11.9529  C  0  0  0  0  0
   -2.9012    3.1133  -11.1406  C  0  0  0  0  0
   -4.0451    3.8619  -11.4136  C  0  0  0  0  0
   -4.0668    4.7260  -12.5046  C  0  0  0  0  0
   -2.9469    4.8428  -13.3392  C  0  0  0  0  0
   -1.7856    4.0999  -13.0521  C  0  0  0  0  0
   -0.6274    4.2217  -13.8697  N  0  0  0  0  0
    0.5540    3.5539  -13.5845  C  0  0  0  0  0
   -0.6292    5.1941  -14.9578  C  0  0  0  0  0
   -2.0032    5.3865  -15.5770  C  0  0  0  0  0
   -2.9954    5.7970  -14.5021  C  0  0  0  0  0
   -0.5974    1.5700  -10.5846  O  0  0  0  0  0
    0.4833    0.8070  -10.2428  C  0  0  0  0  0
    1.6937    0.9586  -11.0609  C  0  0  0  0  0
    1.7204    1.8056  -12.0923  C  0  0  0  0  0
  1 10  1  0  0  0
  1 17  1  0  0  0
  1  2  2  0  0  0
  2  3  1  0  0  0
  2 14  1  0  0  0
  3  8  2  0  0  0
  3  4  1  0  0  0
  4  5  2  0  0  0
  5  6  1  0  0  0
  6  7  2  0  0  0
  7 13  1  0  0  0
  7  8  1  0  0  0
  8  9  1  0  0  0
  9 10  1  0  0  0
  9 11  1  0  0  0
 11 12  1  0  0  0
 12 13  1  0  0  0
 14 15  1  0  0  0
 15 16  1  0  0  0
 16 17  2  0  0  0
M  END
$$$$
C12=C(C=CCO1)CN3c4c2cccc4CCC3
  -ISIS-

 17 20  0  0  0  0  0  0  0  0  1
   -3.4020    3.4693    2.7277  C  0  0  0  0  0
   -1.9072    3.4230    2.6981  C  0  0  0  0  0
   -1.2365    3.2582    3.9005  N  0  0  0  0  0
   -1.9206    3.0319    5.1268  C  0  0  0  0  0
   -1.2033    2.8057    6.3171  C  0  0  0  0  0
   -1.8997    2.5592    7.5081  C  0  0  0  0  0
   -3.2915    2.5641    7.5239  C  0  0  0  0  0
   -4.0005    2.8061    6.3482  C  0  0  0  0  0
   -3.3241    3.0392    5.1418  C  0  0  0  0  0
   -4.0421    3.2866    3.8885  C  0  0  0  0  0
   -5.4497    3.3193    3.9790  O  0  0  0  0  0
   -6.2298    3.5432    2.8798  C  0  0  0  0  0
   -5.5383    3.7217    1.5778  C  0  0  0  0  0
   -4.1961    3.6957    1.5347  C  0  0  0  0  0
    0.3015    2.7787    6.3284  C  0  0  0  0  0
    0.8631    3.6008    5.1807  C  0  0  0  0  0
    0.2195    3.1635    3.8758  C  0  0  0  0  0
  1 10  2  0  0  0
  1 14  1  0  0  0
  1  2  1  0  0  0
  2  3  1  0  0  0
  3 17  1  0  0  0
  3  4  1  0  0  0
  4  9  2  0  0  0
  4  5  1  0  0  0
  5  6  2  0  0  0
  5 15  1  0  0  0
  6  7  1  0  0  0
  7  8  2  0  0  0
  8  9  1  0  0  0
  9 10  1  0  0  0
 10 11  1  0  0  0
 11 12  1  0  0  0
 12 13  1  0  0  0
 13 14  2  0  0  0
 15 16  1  0  0  0
 16 17  1  0  0  0
M  END
$$$$
C12=C(C=CCO1)CN3c4c2cccc4CCC3
  -ISIS-

 17 20  0  0  0  0  0  0  0  0  1
   -3.4020    3.4693    2.7277  C  0  0  0  0  0
   -1.9072    3.4230    2.6981  C  0  0  0  0  0
   -1.2365    3.2582    3.9005  N  0  0  0  0  0
   -1.9206    3.0319    5.1268  C  0  0  0  0  0
   -1.2033    2.8057    6.3171  C  0  0  0  0  0
   -1.8997    2.5592    7.5081  C  0  0  0  0  0
   -3.2915    2.5641    7.5239  C  0  0  0  0  0
   -4.0005    2.8061    6.3482  C  0  0  0  0  0
   -3.3241    3.0392    5.1418  C  0  0  0  0  0
   -4.0421    3.2866    3.8885  C  0  0  0  0  0
   -5.4497    3.3193    3.9790  O  0  0  0  0  0
   -6.2298    3.5432    2.8798  C  0  0  0  0  0
   -5.5383    3.7217    1.5778  C  0  0  0  0  0
   -4.1961    3.6957    1.5347  C  0  0  0  0  0
    0.3015    2.7787    6.3284  C  0  0  0  0  0
    0.8631    3.6008    5.1807  C  0  0  0  0  0
    0.2195    3.1635    3.8758  C  0  0  0  0  0
  1 10  2  0  0  0
  1 14  1  0  0  0
  1  2  1  0  0  0
  2  3  1  0  0  0
  3 17  1  0  0  0
  3  4  1  0  0  0
  4  9  2  0  0  0
  4  5  1  0  0  0
  5  6  2  0  0  0
  5 15  1  0  0  0
  6  7  1  0  0  0
  7  8  2  0  0  0
  8  9  1  0  0  0
  9 10  1  0  0  0
 10 11  1  0  0  0
 11 12  1  0  0  0
 12 13  1  0  0  0
 13 14  2  0  0  0
 15 16  1  0  0  0
 16 17  1  0  0  0
M  END
$$$$
C12=C(C=CCO1)CN3c4c2cccc4CCC3
  -ISIS-

 17 20  0  0  0  0  0  0  0  0  1
   -3.4020    3.4693    2.7277  C  0  0  0  0  0
   -1.9072    3.4230    2.6981  C  0  0  0  0  0
   -1.2365    3.2582    3.9005  N  0  0  0  0  0
   -1.9206    3.0319    5.1268  C  0  0  0  0  0
   -1.2033    2.8057    6.3171  C  0  0  0  0  0
   -1.8997    2.5592    7.5081  C  0  0  0  0  0
   -3.2915    2.5641    7.5239  C  0  0  0  0  0
   -4.0005    2.8061    6.3482  C  0  0  0  0  0
   -3.3241    3.0392    5.1418  C  0  0  0  0  0
   -4.0421    3.2866    3.8885  C  0  0  0  0  0
   -5.4497    3.3193    3.9790  O  0  0  0  0  0
   -6.2298    3.5432    2.8798  C  0  0  0  0  0
   -5.5383    3.7217    1.5778  C  0  0  0  0  0
   -4.1961    3.6957    1.5347  C  0  0  0  0  0
    0.3015    2.7787    6.3284  C  0  0  0  0  0
    0.8631    3.6008    5.1807  C  0  0  0  0  0
    0.2195    3.1635    3.8758  C  0  0  0  0  0
  1 10  2  0  0  0
  1 14  1  0  0  0
  1  2  1  0  0  0
  2  3  1  0  0  0
  3 17  1  0  0  0
  3  4  1  0  0  0
  4  9  2  0  0  0
  4  5  1  0  0  0
  5  6  2  0  0  0
  5 15  1  0  0  0
  6  7  1  0  0  0
  7  8  2  0  0  0
  8  9  1  0  0  0
  9 10  1  0  0  0
 10 11  1  0  0  0
 11 12  1  0  0  0
 12 13  1  0  0  0
 13 14  2  0  0  0
 15 16  1  0  0  0
 16 17  1  0  0  0
M  END
$$$$
C12=C(C=CCO1)CN3c4c2cccc4CCC3
  -ISIS-

 17 20  0  0  0  0  0  0  0  0  1
   -3.4020    3.4693    2.7277  C  0  0  0  0  0
   -1.9072    3.4230    2.6981  C  0  0  0  0  0
   -1.2365    3.2582    3.9005  N  0  0  0  0  0
   -1.9206    3.0319    5.1268  C  0  0  0  0  0
   -1.2033    2.8057    6.3171  C  0  0  0  0  0
   -1.8997    2.5592    7.5081  C  0  0  0  0  0
   -3.2915    2.5641    7.5239  C  0  0  0  0  0
   -4.0005    2.8061    6.3482  C  0  0  0  0  0
   -3.3241    3.0392    5.1418  C  0  0  0  0  0
   -4.0421    3.2866    3.8885  C  0  0  0  0  0
   -5.4497    3.3193    3.9790  O  0  0  0  0  0
   -6.2298    3.5432    2.8798  C  0  0  0  0  0
   -5.5383    3.7217    1.5778  C  0  0  0  0  0
   -4.1961    3.6957    1.5347  C  0  0  0  0  0
    0.3015    2.7787    6.3284  C  0  0  0  0  0
    0.8631    3.6008    5.1807  C  0  0  0  0  0
    0.2195    3.1635    3.8758  C  0  0  0  0  0
  1 10  2  0  0  0
  1 14  1  0  0  0
  1  2  1  0  0  0
  2  3  1  0  0  0
  3 17  1  0  0  0
  3  4  1  0  0  0
  4  9  2  0  0  0
  4  5  1  0  0  0
  5  6  2  0  0  0
  5 15  1  0  0  0
  6  7  1  0  0  0
  7  8  2  0  0  0
  8  9  1  0  0  0
  9 10  1  0  0  0
 10 11  1  0  0  0
 11 12  1  0  0  0
 12 13  1  0  0  0
 13 14  2  0  0  0
 15 16  1  0  0  0
 16 17  1  0  0  0
M  END
$$$$
C12=C(C=CCO1)CN3c4c2cccc4CCC3
  -ISIS-

 17 20  0  0  0  0  0  0  0  0  1
   -0.6476    3.0775    3.2265  C  0  0  0  0  0
   -1.1342    3.4497    4.4229  C  0  0  0  0  0
   -2.4951    3.1186    4.8569  C  0  0  0  0  0
   -3.0050    3.5549    6.0899  C  0  0  0  0  0
   -4.3034    3.2296    6.4791  C  0  0  0  0  0
   -5.1049    2.4584    5.6438  C  0  0  0  0  0
   -4.6108    1.9990    4.4154  C  0  0  0  0  0
   -3.3045    2.3444    4.0160  C  0  0  0  0  0
   -2.7930    1.9165    2.7625  N  0  0  0  0  0
   -1.5407    2.2998    2.2927  C  0  0  0  0  0
   -3.6738    1.1876    1.8541  C  0  0  0  0  0
   -4.6892    0.3218    2.5802  C  0  0  0  0  0
   -5.5088    1.1819    3.5260  C  0  0  0  0  0
   -0.3721    4.1891    5.3584  O  0  0  0  0  0
    0.9069    4.5648    5.0845  C  0  0  0  0  0
    1.4489    4.1587    3.7808  C  0  0  0  0  0
    0.7256    3.4560    2.8936  C  0  0  0  0  0
  1 10  1  0  0  0
  1 17  1  0  0  0
  1  2  2  0  0  0
  2  3  1  0  0  0
  2 14  1  0  0  0
  3  8  2  0  0  0
  3  4  1  0  0  0
  4  5  2  0  0  0
  5  6  1  0  0  0
  6  7  2  0  0  0
  7 13  1  0  0  0
  7  8  1  0  0  0
  8  9  1  0  0  0
  9 10  1  0  0  0
  9 11  1  0  0  0
 11 12  1  0  0  0
 12 13  1  0  0  0
 14 15  1  0  0  0
 15 16  1  0  0  0
 16 17  2  0  0  0
M  END
$$$$
C12=C(C=CCO1)CN3c4c2cccc4CCC3
  -ISIS-

 17 20  0  0  0  0  0  0  0  0  1
   -0.6476    3.0775    3.2265  C  0  0  0  0  0
   -1.1342    3.4497    4.4229  C  0  0  0  0  0
   -2.4951    3.1186    4.8569  C  0  0  0  0  0
   -3.0050    3.5549    6.0899  C  0  0  0  0  0
   -4.3034    3.2296    6.4791  C  0  0  0  0  0
   -5.1049    2.4584    5.6438  C  0  0  0  0  0
   -4.6108    1.9990    4.4154  C  0  0  0  0  0
   -3.3045    2.3444    4.0160  C  0  0  0  0  0
   -2.7930    1.9165    2.7625  N  0  0  0  0  0
   -1.5407    2.2998    2.2927  C  0  0  0  0  0
   -3.6738    1.1876    1.8541  C  0  0  0  0  0
   -4.6892    0.3218    2.5802  C  0  0  0  0  0
   -5.5088    1.1819    3.5260  C  0  0  0  0  0
   -0.3721    4.1891    5.3584  O  0  0  0  0  0
    0.9069    4.5648    5.0845  C  0  0  0  0  0
    1.4489    4.1587    3.7808  C  0  0  0  0  0
    0.7256    3.4560    2.8936  C  0  0  0  0  0
  1 10  1  0  0  0
  1 17  1  0  0  0
  1  2  2  0  0  0
  2  3  1  0  0  0
  2 14  1  0  0  0
  3  8  2  0  0  0
  3  4  1  0  0  0
  4  5  2  0  0  0
  5  6  1  0  0  0
  6  7  2  0  0  0
  7 13  1  0  0  0
  7  8  1  0  0  0
  8  9  1  0  0  0
  9 10  1  0  0  0
  9 11  1  0  0  0
 11 12  1  0  0  0
 12 13  1  0  0  0
 14 15  1  0  0  0
 15 16  1  0  0  0
 16 17  2  0  0  0
M  END
$$$$
C12=C(C=CCO1)CN3c4c2cccc4CCC3
  -ISIS-

 17 20  0  0  0  0  0  0  0  0  1
   -0.6476    3.0775    3.2265  C  0  0  0  0  0
   -1.1342    3.4497    4.4229  C  0  0  0  0  0
   -2.4951    3.1186    4.8569  C  0  0  0  0  0
   -3.0050    3.5549    6.0899  C  0  0  0  0  0
   -4.3034    3.2296    6.4791  C  0  0  0  0  0
   -5.1049    2.4584    5.6438  C  0  0  0  0  0
   -4.6108    1.9990    4.4154  C  0  0  0  0  0
   -3.3045    2.3444    4.0160  C  0  0  0  0  0
   -2.7930    1.9165    2.7625  N  0  0  0  0  0
   -1.5407    2.2998    2.2927  C  0  0  0  0  0
   -3.6738    1.1876    1.8541  C  0  0  0  0  0
   -4.6892    0.3218    2.5802  C  0  0  0  0  0
   -5.5088    1.1819    3.5260  C  0  0  0  0  0
   -0.3721    4.1891    5.3584  O  0  0  0  0  0
    0.9069    4.5648    5.0845  C  0  0  0  0  0
    1.4489    4.1587    3.7808  C  0  0  0  0  0
    0.7256    3.4560    2.8936  C  0  0  0  0  0
  1 10  1  0  0  0
  1 17  1  0  0  0
  1  2  2  0  0  0
  2  3  1  0  0  0
  2 14  1  0  0  0
  3  8  2  0  0  0
  3  4  1  0  0  0
  4  5  2  0  0  0
  5  6  1  0  0  0
  6  7  2  0  0  0
  7 13  1  0  0  0
  7  8  1  0  0  0
  8  9  1  0  0  0
  9 10  1  0  0  0
  9 11  1  0  0  0
 11 12  1  0  0  0
 12 13  1  0  0  0
 14 15  1  0  0  0
 15 16  1  0  0  0
 16 17  2  0  0  0
M  END
$$$$
C12=C(C=CCO1)CN3c4c2cccc4CCC3
  -ISIS-

 17 20  0  0  0  0  0  0  0  0  1
    1.4350   -1.6706    1.1149  C  0  0  0  0  0
    0.9570   -0.8464    2.0616  C  0  0  0  0  0
    0.3948   -1.3401    3.3216  C  0  0  0  0  0
   -0.0603   -0.4669    4.3218  C  0  0  0  0  0
   -0.5910   -0.9626    5.5116  C  0  0  0  0  0
   -0.6794   -2.3363    5.7123  C  0  0  0  0  0
   -0.2449   -3.2261    4.7204  C  0  0  0  0  0
    0.3079   -2.7231    3.5261  C  0  0  0  0  0
    0.7851   -3.6053    2.5204  N  0  0  0  0  0
    1.4189   -3.1561    1.3616  C  0  0  0  0  0
    0.7780   -5.0417    2.7823  C  0  0  0  0  0
   -0.3776   -5.4765    3.6675  C  0  0  0  0  0
   -0.3354   -4.7066    4.9758  C  0  0  0  0  0
    0.9594    0.5619    1.9131  O  0  0  0  0  0
    1.4599    1.1517    0.7924  C  0  0  0  0  0
    1.9731    0.2627   -0.2571  C  0  0  0  0  0
    1.9550   -1.0648   -0.0989  C  0  0  0  0  0
  1 10  1  0  0  0
  1 17  1  0  0  0
  1  2  2  0  0  0
  2  3  1  0  0  0
  2 14  1  0  0  0
  3  8  2  0  0  0
  3  4  1  0  0  0
  4  5  2  0  0  0
  5  6  1  0  0  0
  6  7  2  0  0  0
  7 13  1  0  0  0
  7  8  1  0  0  0
  8  9  1  0  0  0
  9 10  1  0  0  0
  9 11  1  0  0  0
 11 12  1  0  0  0
 12 13  1  0  0  0
 14 15  1  0  0  0
 15 16  1  0  0  0
 16 17  2  0  0  0
M  END
$$$$
C12=C(C=CCO1)CN3c4c2cccc4CCC3
  -ISIS-

 17 20  0  0  0  0  0  0  0  0  1
    1.4350   -1.6706    1.1149  C  0  0  0  0  0
    0.9570   -0.8464    2.0616  C  0  0  0  0  0
    0.3948   -1.3401    3.3216  C  0  0  0  0  0
   -0.0603   -0.4669    4.3218  C  0  0  0  0  0
   -0.5910   -0.9626    5.5116  C  0  0  0  0  0
   -0.6794   -2.3363    5.7123  C  0  0  0  0  0
   -0.2449   -3.2261    4.7204  C  0  0  0  0  0
    0.3079   -2.7231    3.5261  C  0  0  0  0  0
    0.7851   -3.6053    2.5204  N  0  0  0  0  0
    1.4189   -3.1561    1.3616  C  0  0  0  0  0
    0.7780   -5.0417    2.7823  C  0  0  0  0  0
   -0.3776   -5.4765    3.6675  C  0  0  0  0  0
   -0.3354   -4.7066    4.9758  C  0  0  0  0  0
    0.9594    0.5619    1.9131  O  0  0  0  0  0
    1.4599    1.1517    0.7924  C  0  0  0  0  0
    1.9731    0.2627   -0.2571  C  0  0  0  0  0
    1.9550   -1.0648   -0.0989  C  0  0  0  0  0
  1 10  1  0  0  0
  1 17  1  0  0  0
  1  2  2  0  0  0
  2  3  1  0  0  0
  2 14  1  0  0  0
  3  8  2  0  0  0
  3  4  1  0  0  0
  4  5  2  0  0  0
  5  6  1  0  0  0
  6  7  2  0  0  0
  7 13  1  0  0  0
  7  8  1  0  0  0
  8  9  1  0  0  0
  9 10  1  0  0  0
  9 11  1  0  0  0
 11 12  1  0  0  0
 12 13  1  0  0  0
 14 15  1  0  0  0
 15 16  1  0  0  0
 16 17  2  0  0  0
M  END
$$$$
C12=C(C=CCO1)CN3c4c2cccc4CCC3
  -ISIS-

 17 20  0  0  0  0  0  0  0  0  1
    1.4350   -1.6706    1.1149  C  0  0  0  0  0
    0.9570   -0.8464    2.0616  C  0  0  0  0  0
    0.3948   -1.3401    3.3216  C  0  0  0  0  0
   -0.0603   -0.4669    4.3218  C  0  0  0  0  0
   -0.5910   -0.9626    5.5116  C  0  0  0  0  0
   -0.6794   -2.3363    5.7123  C  0  0  0  0  0
   -0.2449   -3.2261    4.7204  C  0  0  0  0  0
    0.3079   -2.7231    3.5261  C  0  0  0  0  0
    0.7851   -3.6053    2.5204  N  0  0  0  0  0
    1.4189   -3.1561    1.3616  C  0  0  0  0  0
    0.7780   -5.0417    2.7823  C  0  0  0  0  0
   -0.3776   -5.4765    3.6675  C  0  0  0  0  0
   -0.3354   -4.7066    4.9758  C  0  0  0  0  0
    0.9594    0.5619    1.9131  O  0  0  0  0  0
    1.4599    1.1517    0.7924  C  0  0  0  0  0
    1.9731    0.2627   -0.2571  C  0  0  0  0  0
    1.9550   -1.0648   -0.0989  C  0  0  0  0  0
  1 10  1  0  0  0
  1 17  1  0  0  0
  1  2  2  0  0  0
  2  3  1  0  0  0
  2 14  1  0  0  0
  3  8  2  0  0  0
  3  4  1  0  0  0
  4  5  2  0  0  0
  5  6  1  0  0  0
  6  7  2  0  0  0
  7 13  1  0  0  0
  7  8  1  0  0  0
  8  9  1  0  0  0
  9 10  1  0  0  0
  9 11  1  0  0  0
 11 12  1  0  0  0
 12 13  1  0  0  0
 14 15  1  0  0  0
 15 16  1  0  0  0
 16 17  2  0  0  0
M  END
$$$$
C12=C(C=CCO1)CN3c4c2cccc4CCC3
  -ISIS-

 17 20  0  0  0  0  0  0  0  0  1
    4.6081   -6.9660   -3.6547  C  0  0  0  0  0
    4.6334   -5.6290   -3.5452  C  0  0  0  0  0
    4.7104   -4.9541   -2.2470  C  0  0  0  0  0
    4.6884   -3.5555   -2.1377  C  0  0  0  0  0
    4.7571   -2.9392   -0.8893  C  0  0  0  0  0
    4.8551   -3.7133    0.2627  C  0  0  0  0  0
    4.8939   -5.1116    0.1754  C  0  0  0  0  0
    4.8067   -5.7334   -1.0855  C  0  0  0  0  0
    4.8157   -7.1504   -1.1971  N  0  0  0  0  0
    4.6550   -7.8077   -2.4132  C  0  0  0  0  0
    4.8250   -7.9535    0.0220  C  0  0  0  0  0
    5.5781   -7.2902    1.1627  C  0  0  0  0  0
    4.9809   -5.9217    1.4408  C  0  0  0  0  0
    4.5902   -4.7763   -4.6754  O  0  0  0  0  0
    4.5320   -5.2813   -5.9409  C  0  0  0  0  0
    4.5083   -6.7418   -6.0746  C  0  0  0  0  0
    4.5232   -7.5263   -4.9915  C  0  0  0  0  0
  1 10  1  0  0  0
  1 17  1  0  0  0
  1  2  2  0  0  0
  2  3  1  0  0  0
  2 14  1  0  0  0
  3  8  2  0  0  0
  3  4  1  0  0  0
  4  5  2  0  0  0
  5  6  1  0  0  0
  6  7  2  0  0  0
  7 13  1  0  0  0
  7  8  1  0  0  0
  8  9  1  0  0  0
  9 10  1  0  0  0
  9 11  1  0  0  0
 11 12  1  0  0  0
 12 13  1  0  0  0
 14 15  1  0  0  0
 15 16  1  0  0  0
 16 17  2  0  0  0
M  END
$$$$
C12=C(C=CCO1)CN3c4c2cccc4CCC3
  -ISIS-

 17 20  0  0  0  0  0  0  0  0  1
    4.6081   -6.9660   -3.6547  C  0  0  0  0  0
    4.6334   -5.6290   -3.5452  C  0  0  0  0  0
    4.7104   -4.9541   -2.2470  C  0  0  0  0  0
    4.6884   -3.5555   -2.1377  C  0  0  0  0  0
    4.7571   -2.9392   -0.8893  C  0  0  0  0  0
    4.8551   -3.7133    0.2627  C  0  0  0  0  0
    4.8939   -5.1116    0.1754  C  0  0  0  0  0
    4.8067   -5.7334   -1.0855  C  0  0  0  0  0
    4.8157   -7.1504   -1.1971  N  0  0  0  0  0
    4.6550   -7.8077   -2.4132  C  0  0  0  0  0
    4.8250   -7.9535    0.0220  C  0  0  0  0  0
    5.5781   -7.2902    1.1627  C  0  0  0  0  0
    4.9809   -5.9217    1.4408  C  0  0  0  0  0
    4.5902   -4.7763   -4.6754  O  0  0  0  0  0
    4.5320   -5.2813   -5.9409  C  0  0  0  0  0
    4.5083   -6.7418   -6.0746  C  0  0  0  0  0
    4.5232   -7.5263   -4.9915  C  0  0  0  0  0
  1 10  1  0  0  0
  1 17  1  0  0  0
  1  2  2  0  0  0
  2  3  1  0  0  0
  2 14  1  0  0  0
  3  8  2  0  0  0
  3  4  1  0  0  0
  4  5  2  0  0  0
  5  6  1  0  0  0
  6  7  2  0  0  0
  7 13  1  0  0  0
  7  8  1  0  0  0
  8  9  1  0  0  0
  9 10  1  0  0  0
  9 11  1  0  0  0
 11 12  1  0  0  0
 12 13  1  0  0  0
 14 15  1  0  0  0
 15 16  1  0  0  0
 16 17  2  0  0  0
M  END
$$$$
C12=C(C=CCO1)CN3c4c2cccc4CCC3
  -ISIS-

 17 20  0  0  0  0  0  0  0  0  1
    4.6081   -6.9660   -3.6547  C  0  0  0  0  0
    4.6334   -5.6290   -3.5452  C  0  0  0  0  0
    4.7104   -4.9541   -2.2470  C  0  0  0  0  0
    4.6884   -3.5555   -2.1377  C  0  0  0  0  0
    4.7571   -2.9392   -0.8893  C  0  0  0  0  0
    4.8551   -3.7133    0.2627  C  0  0  0  0  0
    4.8939   -5.1116    0.1754  C  0  0  0  0  0
    4.8067   -5.7334   -1.0855  C  0  0  0  0  0
    4.8157   -7.1504   -1.1971  N  0  0  0  0  0
    4.6550   -7.8077   -2.4132  C  0  0  0  0  0
    4.8250   -7.9535    0.0220  C  0  0  0  0  0
    5.5781   -7.2902    1.1627  C  0  0  0  0  0
    4.9809   -5.9217    1.4408  C  0  0  0  0  0
    4.5902   -4.7763   -4.6754  O  0  0  0  0  0
    4.5320   -5.2813   -5.9409  C  0  0  0  0  0
    4.5083   -6.7418   -6.0746  C  0  0  0  0  0
    4.5232   -7.5263   -4.9915  C  0  0  0  0  0
  1 10  1  0  0  0
  1 17  1  0  0  0
  1  2  2  0  0  0
  2  3  1  0  0  0
  2 14  1  0  0  0
  3  8  2  0  0  0
  3  4  1  0  0  0
  4  5  2  0  0  0
  5  6  1  0  0  0
  6  7  2  0  0  0
  7 13  1  0  0  0
  7  8  1  0  0  0
  8  9  1  0  0  0
  9 10  1  0  0  0
  9 11  1  0  0  0
 11 12  1  0  0  0
 12 13  1  0  0  0
 14 15  1  0  0  0
 15 16  1  0  0  0
 16 17  2  0  0  0
M  END
$$$$
C12=C(C=CCO1)CN3c4c2cccc4CCC3
  -ISIS-

 17 20  0  0  0  0  0  0  0  0  1
    6.5265    6.1792   -1.4128  C  0  0  0  0  0
    7.1191    6.9373   -2.3474  C  0  0  0  0  0
    8.3071    6.4875   -3.0772  C  0  0  0  0  0
    8.9463    7.3029   -4.0234  C  0  0  0  0  0
   10.0791    6.8528   -4.6996  C  0  0  0  0  0
   10.5813    5.5810   -4.4426  C  0  0  0  0  0
    9.9494    4.7442   -3.5126  C  0  0  0  0  0
    8.8152    5.2069   -2.8170  C  0  0  0  0  0
    8.1742    4.3869   -1.8485  N  0  0  0  0  0
    7.0971    4.8293   -1.0856  C  0  0  0  0  0
    8.7662    3.0936   -1.5185  C  0  0  0  0  0
    9.4649    2.4431   -2.7003  C  0  0  0  0  0
   10.5284    3.3813   -3.2437  C  0  0  0  0  0
    6.6387    8.2232   -2.6943  O  0  0  0  0  0
    5.5328    8.7506   -2.0946  C  0  0  0  0  0
    4.8738    7.9286   -1.0738  C  0  0  0  0  0
    5.3618    6.7261   -0.7426  C  0  0  0  0  0
  1 10  1  0  0  0
  1 17  1  0  0  0
  1  2  2  0  0  0
  2  3  1  0  0  0
  2 14  1  0  0  0
  3  8  2  0  0  0
  3  4  1  0  0  0
  4  5  2  0  0  0
  5  6  1  0  0  0
  6  7  2  0  0  0
  7 13  1  0  0  0
  7  8  1  0  0  0
  8  9  1  0  0  0
  9 10  1  0  0  0
  9 11  1  0  0  0
 11 12  1  0  0  0
 12 13  1  0  0  0
 14 15  1  0  0  0
 15 16  1  0  0  0
 16 17  2  0  0  0
M  END
$$$$
C12=C(C=CCO1)CN3c4c2cccc4CCC3
  -ISIS-

 17 20  0  0  0  0  0  0  0  0  1
    6.5265    6.1792   -1.4128  C  0  0  0  0  0
    7.1191    6.9373   -2.3474  C  0  0  0  0  0
    8.3071    6.4875   -3.0772  C  0  0  0  0  0
    8.9463    7.3029   -4.0234  C  0  0  0  0  0
   10.0791    6.8528   -4.6996  C  0  0  0  0  0
   10.5813    5.5810   -4.4426  C  0  0  0  0  0
    9.9494    4.7442   -3.5126  C  0  0  0  0  0
    8.8152    5.2069   -2.8170  C  0  0  0  0  0
    8.1742    4.3869   -1.8485  N  0  0  0  0  0
    7.0971    4.8293   -1.0856  C  0  0  0  0  0
    8.7662    3.0936   -1.5185  C  0  0  0  0  0
    9.4649    2.4431   -2.7003  C  0  0  0  0  0
   10.5284    3.3813   -3.2437  C  0  0  0  0  0
    6.6387    8.2232   -2.6943  O  0  0  0  0  0
    5.5328    8.7506   -2.0946  C  0  0  0  0  0
    4.8738    7.9286   -1.0738  C  0  0  0  0  0
    5.3618    6.7261   -0.7426  C  0  0  0  0  0
  1 10  1  0  0  0
  1 17  1  0  0  0
  1  2  2  0  0  0
  2  3  1  0  0  0
  2 14  1  0  0  0
  3  8  2  0  0  0
  3  4  1  0  0  0
  4  5  2  0  0  0
  5  6  1  0  0  0
  6  7  2  0  0  0
  7 13  1  0  0  0
  7  8  1  0  0  0
  8  9  1  0  0  0
  9 10  1  0  0  0
  9 11  1  0  0  0
 11 12  1  0  0  0
 12 13  1  0  0  0
 14 15  1  0  0  0
 15 16  1  0  0  0
 16 17  2  0  0  0
M  END
$$$$
C12=C(C=CCO1)CN3c4c2cccc4CCC3
  -ISIS-

 17 20  0  0  0  0  0  0  0  0  1
    6.5265    6.1792   -1.4128  C  0  0  0  0  0
    7.1191    6.9373   -2.3474  C  0  0  0  0  0
    8.3071    6.4875   -3.0772  C  0  0  0  0  0
    8.9463    7.3029   -4.0234  C  0  0  0  0  0
   10.0791    6.8528   -4.6996  C  0  0  0  0  0
   10.5813    5.5810   -4.4426  C  0  0  0  0  0
    9.9494    4.7442   -3.5126  C  0  0  0  0  0
    8.8152    5.2069   -2.8170  C  0  0  0  0  0
    8.1742    4.3869   -1.8485  N  0  0  0  0  0
    7.0971    4.8293   -1.0856  C  0  0  0  0  0
    8.7662    3.0936   -1.5185  C  0  0  0  0  0
    9.4649    2.4431   -2.7003  C  0  0  0  0  0
   10.5284    3.3813   -3.2437  C  0  0  0  0  0
    6.6387    8.2232   -2.6943  O  0  0  0  0  0
    5.5328    8.7506   -2.0946  C  0  0  0  0  0
    4.8738    7.9286   -1.0738  C  0  0  0  0  0
    5.3618    6.7261   -0.7426  C  0  0  0  0  0
  1 10  1  0  0  0
  1 17  1  0  0  0
  1  2  2  0  0  0
  2  3  1  0  0  0
  2 14  1  0  0  0
  3  8  2  0  0  0
  3  4  1  0  0  0
  4  5  2  0  0  0
  5  6  1  0  0  0
  6  7  2  0  0  0
  7 13  1  0  0  0
  7  8  1  0  0  0
  8  9  1  0  0  0
  9 10  1  0  0  0
  9 11  1  0  0  0
 11 12  1  0  0  0
 12 13  1  0  0  0
 14 15  1  0  0  0
 15 16  1  0  0  0
 16 17  2  0  0  0
M  END
$$$$
