C12=C(CCSC1)CCC3c4c(cccc4)CCN23
  -ISIS-

 18 21  0  0  0  0  0  0  0  0  1
   -0.7823   -2.4613    4.4717  N  0  0  0  0  0
   -1.3512   -1.5712    5.5050  C  0  0  0  0  0
   -2.8718   -1.5710    5.4313  C  0  0  0  0  0
   -3.4022   -2.9687    5.5847  C  0  0  0  0  0
   -2.6280   -4.0610    5.1530  C  0  0  0  0  0
   -1.2520   -3.8736    4.5258  C  0  0  0  0  0
   -0.1590   -4.6887    5.2064  C  0  0  0  0  0
    1.1007   -4.5354    4.3899  C  0  0  0  0  0
    1.4589   -3.1771    3.8851  C  0  0  0  0  0
    2.8350   -2.8795    3.3929  C  0  0  0  0  0
    3.0806   -1.7894    2.3734  C  0  0  0  0  0
    1.6071   -0.9017    1.8364  S  0  0  0  0  0
    0.7867   -0.8127    3.4450  C  0  0  0  0  0
    0.5125   -2.2129    3.9602  C  0  0  0  0  0
   -3.1809   -5.3511    5.2553  C  0  0  0  0  0
   -4.4542   -5.5497    5.7921  C  0  0  0  0  0
   -5.2064   -4.4613    6.2197  C  0  0  0  0  0
   -4.6873   -3.1739    6.1085  C  0  0  0  0  0
  1  6  1  0  0  0
  1 14  1  0  0  0
  1  2  1  0  0  0
  2  3  1  0  0  0
  3  4  1  0  0  0
  4 18  2  0  0  0
  4  5  2  0  0  0
  5  6  1  0  0  0
  5 15  2  0  0  0
  6  7  1  0  0  0
  7  8  1  0  0  0
  8  9  1  0  0  0
  9 14  2  0  0  0
  9 10  1  0  0  0
 10 11  1  0  0  0
 11 12  1  0  0  0
 12 13  1  0  0  0
 13 14  1  0  0  0
 15 16  1  0  0  0
 16 17  2  0  0  0
 17 18  1  0  0  0
M  END
$$$$
C12=C(CCSC1)CCC3c4c(cccc4)CCN23
  -ISIS-

 18 21  0  0  0  0  0  0  0  0  1
   -0.7823   -2.4613    4.4717  N  0  0  0  0  0
   -1.3512   -1.5712    5.5050  C  0  0  0  0  0
   -2.8718   -1.5710    5.4313  C  0  0  0  0  0
   -3.4022   -2.9687    5.5847  C  0  0  0  0  0
   -2.6280   -4.0610    5.1530  C  0  0  0  0  0
   -1.2520   -3.8736    4.5258  C  0  0  0  0  0
   -0.1590   -4.6887    5.2064  C  0  0  0  0  0
    1.1007   -4.5354    4.3899  C  0  0  0  0  0
    1.4589   -3.1771    3.8851  C  0  0  0  0  0
    2.8350   -2.8795    3.3929  C  0  0  0  0  0
    3.0806   -1.7894    2.3734  C  0  0  0  0  0
    1.6071   -0.9017    1.8364  S  0  0  0  0  0
    0.7867   -0.8127    3.4450  C  0  0  0  0  0
    0.5125   -2.2129    3.9602  C  0  0  0  0  0
   -3.1809   -5.3511    5.2553  C  0  0  0  0  0
   -4.4542   -5.5497    5.7921  C  0  0  0  0  0
   -5.2064   -4.4613    6.2197  C  0  0  0  0  0
   -4.6873   -3.1739    6.1085  C  0  0  0  0  0
  1  6  1  0  0  0
  1 14  1  0  0  0
  1  2  1  0  0  0
  2  3  1  0  0  0
  3  4  1  0  0  0
  4 18  2  0  0  0
  4  5  2  0  0  0
  5  6  1  0  0  0
  5 15  2  0  0  0
  6  7  1  0  0  0
  7  8  1  0  0  0
  8  9  1  0  0  0
  9 14  2  0  0  0
  9 10  1  0  0  0
 10 11  1  0  0  0
 11 12  1  0  0  0
 12 13  1  0  0  0
 13 14  1  0  0  0
 15 16  1  0  0  0
 16 17  2  0  0  0
 17 18  1  0  0  0
M  END
$$$$
C12=C(CCSC1)CCC3c4c(cccc4)CCN23
  -ISIS-

 18 21  0  0  0  0  0  0  0  0  1
   -1.2837    0.1097   -2.7268  N  0  0  0  0  0
   -1.5913   -0.4696   -4.0566  C  0  0  0  0  0
   -2.5641    0.3743   -4.8700  C  0  0  0  0  0
   -1.9916    1.7461   -5.0539  C  0  0  0  0  0
   -1.3431    2.3434   -3.9590  C  0  0  0  0  0
   -1.3147    1.6081   -2.6168  C  0  0  0  0  0
   -0.2137    2.0613   -1.6491  C  0  0  0  0  0
   -0.4978    1.3340   -0.3596  C  0  0  0  0  0
   -0.5829   -0.1496   -0.4086  C  0  0  0  0  0
   -0.2700   -0.9425    0.8158  C  0  0  0  0  0
   -0.7881   -2.3508    0.8916  C  0  0  0  0  0
   -0.2218   -3.2497   -0.5595  S  0  0  0  0  0
   -1.0110   -2.2170   -1.8056  C  0  0  0  0  0
   -0.9443   -0.7015   -1.5949  C  0  0  0  0  0
   -0.8489    3.6477   -4.1277  C  0  0  0  0  0
   -0.9571    4.3100   -5.3566  C  0  0  0  0  0
   -1.6397    3.7202   -6.4205  C  0  0  0  0  0
   -2.1363    2.4276   -6.2716  C  0  0  0  0  0
  1  6  1  0  0  0
  1 14  1  0  0  0
  1  2  1  0  0  0
  2  3  1  0  0  0
  3  4  1  0  0  0
  4 18  2  0  0  0
  4  5  1  0  0  0
  5  6  1  0  0  0
  5 15  2  0  0  0
  6  7  1  0  0  0
  7  8  1  0  0  0
  8  9  1  0  0  0
  9 14  2  0  0  0
  9 10  1  0  0  0
 10 11  1  0  0  0
 11 12  1  0  0  0
 12 13  1  0  0  0
 13 14  1  0  0  0
 15 16  1  0  0  0
 16 17  2  0  0  0
 17 18  1  0  0  0
M  END
$$$$
C12=C(CCSC1)CCC3c4c(cccc4)CCN23
  -ISIS-

 18 21  0  0  0  0  0  0  0  0  1
   -1.2837    0.1097   -2.7268  N  0  0  0  0  0
   -1.5913   -0.4696   -4.0566  C  0  0  0  0  0
   -2.5641    0.3743   -4.8700  C  0  0  0  0  0
   -1.9916    1.7461   -5.0539  C  0  0  0  0  0
   -1.3431    2.3434   -3.9590  C  0  0  0  0  0
   -1.3147    1.6081   -2.6168  C  0  0  0  0  0
   -0.2137    2.0613   -1.6491  C  0  0  0  0  0
   -0.4978    1.3340   -0.3596  C  0  0  0  0  0
   -0.5829   -0.1496   -0.4086  C  0  0  0  0  0
   -0.2700   -0.9425    0.8158  C  0  0  0  0  0
   -0.7881   -2.3508    0.8916  C  0  0  0  0  0
   -0.2218   -3.2497   -0.5595  S  0  0  0  0  0
   -1.0110   -2.2170   -1.8056  C  0  0  0  0  0
   -0.9443   -0.7015   -1.5949  C  0  0  0  0  0
   -0.8489    3.6477   -4.1277  C  0  0  0  0  0
   -0.9571    4.3100   -5.3566  C  0  0  0  0  0
   -1.6397    3.7202   -6.4205  C  0  0  0  0  0
   -2.1363    2.4276   -6.2716  C  0  0  0  0  0
  1  6  1  0  0  0
  1 14  1  0  0  0
  1  2  1  0  0  0
  2  3  1  0  0  0
  3  4  1  0  0  0
  4 18  2  0  0  0
  4  5  1  0  0  0
  5  6  1  0  0  0
  5 15  2  0  0  0
  6  7  1  0  0  0
  7  8  1  0  0  0
  8  9  1  0  0  0
  9 14  2  0  0  0
  9 10  1  0  0  0
 10 11  1  0  0  0
 11 12  1  0  0  0
 12 13  1  0  0  0
 13 14  1  0  0  0
 15 16  1  0  0  0
 16 17  2  0  0  0
 17 18  1  0  0  0
M  END
$$$$
C12=C(CCSC1)CCC3c4c(cccc4)CCN23
  -ISIS-

 18 21  0  0  0  0  0  0  0  0  1
   -1.2837    0.1097   -2.7268  N  0  0  0  0  0
   -1.5913   -0.4696   -4.0566  C  0  0  0  0  0
   -2.5641    0.3743   -4.8700  C  0  0  0  0  0
   -1.9916    1.7461   -5.0539  C  0  0  0  0  0
   -1.3431    2.3434   -3.9590  C  0  0  0  0  0
   -1.3147    1.6081   -2.6168  C  0  0  0  0  0
   -0.2137    2.0613   -1.6491  C  0  0  0  0  0
   -0.4978    1.3340   -0.3596  C  0  0  0  0  0
   -0.5829   -0.1496   -0.4086  C  0  0  0  0  0
   -0.2700   -0.9425    0.8158  C  0  0  0  0  0
   -0.7881   -2.3508    0.8916  C  0  0  0  0  0
   -0.2218   -3.2497   -0.5595  S  0  0  0  0  0
   -1.0110   -2.2170   -1.8056  C  0  0  0  0  0
   -0.9443   -0.7015   -1.5949  C  0  0  0  0  0
   -0.8489    3.6477   -4.1277  C  0  0  0  0  0
   -0.9571    4.3100   -5.3566  C  0  0  0  0  0
   -1.6397    3.7202   -6.4205  C  0  0  0  0  0
   -2.1363    2.4276   -6.2716  C  0  0  0  0  0
  1  6  1  0  0  0
  1 14  1  0  0  0
  1  2  1  0  0  0
  2  3  1  0  0  0
  3  4  1  0  0  0
  4 18  2  0  0  0
  4  5  1  0  0  0
  5  6  1  0  0  0
  5 15  2  0  0  0
  6  7  1  0  0  0
  7  8  1  0  0  0
  8  9  1  0  0  0
  9 14  2  0  0  0
  9 10  1  0  0  0
 10 11  1  0  0  0
 11 12  1  0  0  0
 12 13  1  0  0  0
 13 14  1  0  0  0
 15 16  1  0  0  0
 16 17  2  0  0  0
 17 18  1  0  0  0
M  END
$$$$
C12=C(CCSC1)CCC3c4c(cccc4)CCN23
  -ISIS-

 18 21  0  0  0  0  0  0  0  0  1
   -1.2837    0.1097   -2.7268  N  0  0  0  0  0
   -1.5913   -0.4696   -4.0566  C  0  0  0  0  0
   -2.5641    0.3743   -4.8700  C  0  0  0  0  0
   -1.9916    1.7461   -5.0539  C  0  0  0  0  0
   -1.3431    2.3434   -3.9590  C  0  0  0  0  0
   -1.3147    1.6081   -2.6168  C  0  0  0  0  0
   -0.2137    2.0613   -1.6491  C  0  0  0  0  0
   -0.4978    1.3340   -0.3596  C  0  0  0  0  0
   -0.5829   -0.1496   -0.4086  C  0  0  0  0  0
   -0.2700   -0.9425    0.8158  C  0  0  0  0  0
   -0.7881   -2.3508    0.8916  C  0  0  0  0  0
   -0.2218   -3.2497   -0.5595  S  0  0  0  0  0
   -1.0110   -2.2170   -1.8056  C  0  0  0  0  0
   -0.9443   -0.7015   -1.5949  C  0  0  0  0  0
   -0.8489    3.6477   -4.1277  C  0  0  0  0  0
   -0.9571    4.3100   -5.3566  C  0  0  0  0  0
   -1.6397    3.7202   -6.4205  C  0  0  0  0  0
   -2.1363    2.4276   -6.2716  C  0  0  0  0  0
  1  6  1  0  0  0
  1 14  1  0  0  0
  1  2  1  0  0  0
  2  3  1  0  0  0
  3  4  1  0  0  0
  4 18  2  0  0  0
  4  5  1  0  0  0
  5  6  1  0  0  0
  5 15  2  0  0  0
  6  7  1  0  0  0
  7  8  1  0  0  0
  8  9  1  0  0  0
  9 14  2  0  0  0
  9 10  1  0  0  0
 10 11  1  0  0  0
 11 12  1  0  0  0
 12 13  1  0  0  0
 13 14  1  0  0  0
 15 16  1  0  0  0
 16 17  2  0  0  0
 17 18  1  0  0  0
M  END
$$$$
C12=C(CCSC1)CCC3c4c(cccc4)CCN23
  -ISIS-

 18 21  0  0  0  0  0  0  0  0  1
   -1.2837    0.1097   -2.7268  N  0  0  0  0  0
   -1.5913   -0.4696   -4.0566  C  0  0  0  0  0
   -2.5641    0.3743   -4.8700  C  0  0  0  0  0
   -1.9916    1.7461   -5.0539  C  0  0  0  0  0
   -1.3431    2.3434   -3.9590  C  0  0  0  0  0
   -1.3147    1.6081   -2.6168  C  0  0  0  0  0
   -0.2137    2.0613   -1.6491  C  0  0  0  0  0
   -0.4978    1.3340   -0.3596  C  0  0  0  0  0
   -0.5829   -0.1496   -0.4086  C  0  0  0  0  0
   -0.2700   -0.9425    0.8158  C  0  0  0  0  0
   -0.7881   -2.3508    0.8916  C  0  0  0  0  0
   -0.2218   -3.2497   -0.5595  S  0  0  0  0  0
   -1.0110   -2.2170   -1.8056  C  0  0  0  0  0
   -0.9443   -0.7015   -1.5949  C  0  0  0  0  0
   -0.8489    3.6477   -4.1277  C  0  0  0  0  0
   -0.9571    4.3100   -5.3566  C  0  0  0  0  0
   -1.6397    3.7202   -6.4205  C  0  0  0  0  0
   -2.1363    2.4276   -6.2716  C  0  0  0  0  0
  1  6  1  0  0  0
  1 14  1  0  0  0
  1  2  1  0  0  0
  2  3  1  0  0  0
  3  4  1  0  0  0
  4 18  2  0  0  0
  4  5  1  0  0  0
  5  6  1  0  0  0
  5 15  2  0  0  0
  6  7  1  0  0  0
  7  8  1  0  0  0
  8  9  1  0  0  0
  9 14  2  0  0  0
  9 10  1  0  0  0
 10 11  1  0  0  0
 11 12  1  0  0  0
 12 13  1  0  0  0
 13 14  1  0  0  0
 15 16  1  0  0  0
 16 17  2  0  0  0
 17 18  1  0  0  0
M  END
$$$$
C12=C(CCSC1)CCC3c4c(cccc4)CCN23
  -ISIS-

 18 21  0  0  0  0  0  0  0  0  1
    5.0709    3.6851   -3.7434  N  0  0  0  0  0
    4.9787    4.7315   -2.7748  C  0  0  0  0  0
    4.6782    4.4769   -1.4763  C  0  0  0  0  0
    4.4905    3.0521   -1.1101  C  0  0  0  0  0
    5.2464    2.0436   -1.9176  C  0  0  0  0  0
    4.8781    2.2359   -3.3925  C  0  0  0  0  0
    5.7802    1.3102   -4.2418  C  0  0  0  0  0
    6.5927    1.8117   -5.2806  C  0  0  0  0  0
    7.4313    0.9499   -6.0056  C  0  0  0  0  0
    7.4476   -0.4154   -5.7346  C  0  0  0  0  0
    6.6300   -0.9309   -4.7363  C  0  0  0  0  0
    5.8053   -0.0789   -3.9989  C  0  0  0  0  0
    6.5920    3.2806   -5.6100  C  0  0  0  0  0
    5.2710    3.9108   -5.1899  C  0  0  0  0  0
    4.5112    5.5315   -0.4352  C  0  0  0  0  0
    4.2388    6.9359   -0.8948  C  0  0  0  0  0
    5.5263    7.4258   -2.0508  S  0  0  0  0  0
    5.2377    6.1497   -3.2881  C  0  0  0  0  0
  1  6  1  0  0  0
  1 14  1  0  0  0
  1  2  1  0  0  0
  2 18  1  0  0  0
  2  3  2  0  0  0
  3  4  1  0  0  0
  3 15  1  0  0  0
  4  5  1  0  0  0
  5  6  1  0  0  0
  6  7  1  0  0  0
  7 12  2  0  0  0
  7  8  1  0  0  0
  8  9  2  0  0  0
  8 13  1  0  0  0
  9 10  1  0  0  0
 10 11  2  0  0  0
 11 12  1  0  0  0
 13 14  1  0  0  0
 15 16  1  0  0  0
 16 17  1  0  0  0
 17 18  1  0  0  0
M  END
$$$$
C12=C(CCSC1)CCC3c4c(cccc4)CCN23
  -ISIS-

 18 21  0  0  0  0  0  0  0  0  1
    5.0709    3.6851   -3.7434  N  0  0  0  0  0
    4.9787    4.7315   -2.7748  C  0  0  0  0  0
    4.6782    4.4769   -1.4763  C  0  0  0  0  0
    4.4905    3.0521   -1.1101  C  0  0  0  0  0
    5.2464    2.0436   -1.9176  C  0  0  0  0  0
    4.8781    2.2359   -3.3925  C  0  0  0  0  0
    5.7802    1.3102   -4.2418  C  0  0  0  0  0
    6.5927    1.8117   -5.2806  C  0  0  0  0  0
    7.4313    0.9499   -6.0056  C  0  0  0  0  0
    7.4476   -0.4154   -5.7346  C  0  0  0  0  0
    6.6300   -0.9309   -4.7363  C  0  0  0  0  0
    5.8053   -0.0789   -3.9989  C  0  0  0  0  0
    6.5920    3.2806   -5.6100  C  0  0  0  0  0
    5.2710    3.9108   -5.1899  C  0  0  0  0  0
    4.5112    5.5315   -0.4352  C  0  0  0  0  0
    4.2388    6.9359   -0.8948  C  0  0  0  0  0
    5.5263    7.4258   -2.0508  S  0  0  0  0  0
    5.2377    6.1497   -3.2881  C  0  0  0  0  0
  1  6  1  0  0  0
  1 14  1  0  0  0
  1  2  1  0  0  0
  2 18  1  0  0  0
  2  3  2  0  0  0
  3  4  1  0  0  0
  3 15  1  0  0  0
  4  5  1  0  0  0
  5  6  1  0  0  0
  6  7  1  0  0  0
  7 12  2  0  0  0
  7  8  1  0  0  0
  8  9  2  0  0  0
  8 13  1  0  0  0
  9 10  1  0  0  0
 10 11  2  0  0  0
 11 12  1  0  0  0
 13 14  1  0  0  0
 15 16  1  0  0  0
 16 17  1  0  0  0
 17 18  1  0  0  0
M  END
$$$$
C12=C(CCSC1)CCC3c4c(cccc4)CCN23
  -ISIS-

 18 21  0  0  0  0  0  0  0  0  1
    5.0709    3.6851   -3.7434  N  0  0  0  0  0
    4.9787    4.7315   -2.7748  C  0  0  0  0  0
    4.6782    4.4769   -1.4763  C  0  0  0  0  0
    4.4905    3.0521   -1.1101  C  0  0  0  0  0
    5.2464    2.0436   -1.9176  C  0  0  0  0  0
    4.8781    2.2359   -3.3925  C  0  0  0  0  0
    5.7802    1.3102   -4.2418  C  0  0  0  0  0
    6.5927    1.8117   -5.2806  C  0  0  0  0  0
    7.4313    0.9499   -6.0056  C  0  0  0  0  0
    7.4476   -0.4154   -5.7346  C  0  0  0  0  0
    6.6300   -0.9309   -4.7363  C  0  0  0  0  0
    5.8053   -0.0789   -3.9989  C  0  0  0  0  0
    6.5920    3.2806   -5.6100  C  0  0  0  0  0
    5.2710    3.9108   -5.1899  C  0  0  0  0  0
    4.5112    5.5315   -0.4352  C  0  0  0  0  0
    4.2388    6.9359   -0.8948  C  0  0  0  0  0
    5.5263    7.4258   -2.0508  S  0  0  0  0  0
    5.2377    6.1497   -3.2881  C  0  0  0  0  0
  1  6  1  0  0  0
  1 14  1  0  0  0
  1  2  1  0  0  0
  2 18  1  0  0  0
  2  3  2  0  0  0
  3  4  1  0  0  0
  3 15  1  0  0  0
  4  5  1  0  0  0
  5  6  1  0  0  0
  6  7  1  0  0  0
  7 12  2  0  0  0
  7  8  1  0  0  0
  8  9  2  0  0  0
  8 13  1  0  0  0
  9 10  1  0  0  0
 10 11  2  0  0  0
 11 12  1  0  0  0
 13 14  1  0  0  0
 15 16  1  0  0  0
 16 17  1  0  0  0
 17 18  1  0  0  0
M  END
$$$$
