C12=NN=CCN1CC=CS2
  -ISIS-

 10 11  0  0  0  0  0  0  0  0  1
    1.3058   -1.1077    5.4813  N  0  0  0  0  0
    1.9460    0.1051    5.5586  C  0  0  0  0  0
    2.1547    0.8385    4.2989  C  0  0  0  0  0
    2.2829    0.2147    3.1255  C  0  0  0  0  0
    2.2321   -1.4946    2.9785  S  0  0  0  0  0
    1.3852   -1.9808    4.4254  C  0  0  0  0  0
    0.8778   -3.1710    4.4182  N  0  0  0  0  0
    0.2642   -3.6790    5.5635  N  0  0  0  0  0
    0.0861   -2.8881    6.5719  C  0  0  0  0  0
    0.4937   -1.4439    6.5302  C  0  0  0  0  0
  1  6  1  0  0  0
  1 10  1  0  0  0
  1  2  1  0  0  0
  2  3  1  0  0  0
  3  4  2  0  0  0
  4  5  1  0  0  0
  5  6  1  0  0  0
  6  7  2  0  0  0
  7  8  1  0  0  0
  8  9  2  0  0  0
  9 10  1  0  0  0
M  END
$$$$
C12=NN=CCN1CC=CS2
  -ISIS-

 10 11  0  0  0  0  0  0  0  0  1
    1.3058   -1.1077    5.4813  N  0  0  0  0  0
    1.9460    0.1051    5.5586  C  0  0  0  0  0
    2.1547    0.8385    4.2989  C  0  0  0  0  0
    2.2829    0.2147    3.1255  C  0  0  0  0  0
    2.2321   -1.4946    2.9785  S  0  0  0  0  0
    1.3852   -1.9808    4.4254  C  0  0  0  0  0
    0.8778   -3.1710    4.4182  N  0  0  0  0  0
    0.2642   -3.6790    5.5635  N  0  0  0  0  0
    0.0861   -2.8881    6.5719  C  0  0  0  0  0
    0.4937   -1.4439    6.5302  C  0  0  0  0  0
  1  6  1  0  0  0
  1 10  1  0  0  0
  1  2  1  0  0  0
  2  3  1  0  0  0
  3  4  2  0  0  0
  4  5  1  0  0  0
  5  6  1  0  0  0
  6  7  2  0  0  0
  7  8  1  0  0  0
  8  9  2  0  0  0
  9 10  1  0  0  0
M  END
$$$$
C12=NN=CCN1CC=CS2
  -ISIS-

 10 11  0  0  0  0  0  0  0  0  1
    1.3058   -1.1077    5.4813  N  0  0  0  0  0
    1.9460    0.1051    5.5586  C  0  0  0  0  0
    2.1547    0.8385    4.2989  C  0  0  0  0  0
    2.2829    0.2147    3.1255  C  0  0  0  0  0
    2.2321   -1.4946    2.9785  S  0  0  0  0  0
    1.3852   -1.9808    4.4254  C  0  0  0  0  0
    0.8778   -3.1710    4.4182  N  0  0  0  0  0
    0.2642   -3.6790    5.5635  N  0  0  0  0  0
    0.0861   -2.8881    6.5719  C  0  0  0  0  0
    0.4937   -1.4439    6.5302  C  0  0  0  0  0
  1  6  1  0  0  0
  1 10  1  0  0  0
  1  2  1  0  0  0
  2  3  1  0  0  0
  3  4  2  0  0  0
  4  5  1  0  0  0
  5  6  1  0  0  0
  6  7  2  0  0  0
  7  8  1  0  0  0
  8  9  2  0  0  0
  9 10  1  0  0  0
M  END
$$$$
C12=NN=CCN1CC=CS2
  -ISIS-

 10 11  0  0  0  0  0  0  0  0  1
    1.3058   -1.1077    5.4813  N  0  0  0  0  0
    1.9460    0.1051    5.5586  C  0  0  0  0  0
    2.1547    0.8385    4.2989  C  0  0  0  0  0
    2.2829    0.2147    3.1255  C  0  0  0  0  0
    2.2321   -1.4946    2.9785  S  0  0  0  0  0
    1.3852   -1.9808    4.4254  C  0  0  0  0  0
    0.8778   -3.1710    4.4182  N  0  0  0  0  0
    0.2642   -3.6790    5.5635  N  0  0  0  0  0
    0.0861   -2.8881    6.5719  C  0  0  0  0  0
    0.4937   -1.4439    6.5302  C  0  0  0  0  0
  1  6  1  0  0  0
  1 10  1  0  0  0
  1  2  1  0  0  0
  2  3  1  0  0  0
  3  4  2  0  0  0
  4  5  1  0  0  0
  5  6  1  0  0  0
  6  7  2  0  0  0
  7  8  1  0  0  0
  8  9  2  0  0  0
  9 10  1  0  0  0
M  END
$$$$
