C12=C(Oc3c(cccc3)C1)COc4c2cccc4
  -ISIS-

 18 21  0  0  0  0  0  0  0  0  1
    3.1415    0.7193    5.2005  C  0  0  0  0  0
    3.9694   -0.4857    5.3865  C  0  0  0  0  0
    3.4002   -1.7459    5.2074  C  0  0  0  0  0
    2.0808   -1.8909    4.8529  O  0  0  0  0  0
    1.3032   -0.7643    4.6699  C  0  0  0  0  0
   -0.1180   -1.0744    4.2968  C  0  0  0  0  0
   -1.0661   -0.0629    4.6550  O  0  0  0  0  0
   -0.6199    1.2224    4.4862  C  0  0  0  0  0
    0.7366    1.5663    4.5373  C  0  0  0  0  0
    1.7251    0.5051    4.8024  C  0  0  0  0  0
    1.0673    2.9113    4.3427  C  0  0  0  0  0
    0.0793    3.8838    4.1150  C  0  0  0  0  0
   -1.2799    3.5331    4.1331  C  0  0  0  0  0
   -1.6164    2.1891    4.3096  C  0  0  0  0  0
    4.1632   -2.9232    5.3819  C  0  0  0  0  0
    5.5109   -2.7742    5.7441  C  0  0  0  0  0
    6.0821   -1.5120    5.9161  C  0  0  0  0  0
    5.3142   -0.3648    5.7405  C  0  0  0  0  0
  1 10  1  0  0  0
  1  2  1  0  0  0
  2 18  2  0  0  0
  2  3  1  0  0  0
  3  4  1  0  0  0
  3 15  2  0  0  0
  4  5  1  0  0  0
  5 10  2  0  0  0
  5  6  1  0  0  0
  6  7  1  0  0  0
  7  8  1  0  0  0
  8 14  2  0  0  0
  8  9  2  0  0  0
  9 10  1  0  0  0
  9 11  2  0  0  0
 11 12  1  0  0  0
 12 13  2  0  0  0
 13 14  1  0  0  0
 15 16  1  0  0  0
 16 17  2  0  0  0
 17 18  1  0  0  0
M  END
$$$$
