C12=C(Cc3c(cccc3)C1)CC4C(C2)CC=CC4
  -ISIS-

 18 21  0  0  0  0  0  0  0  0  1
    3.2179    0.8070   -2.1580  C  0  0  0  0  0
    4.0990    1.0326   -3.3617  C  0  0  0  0  0
    4.7497    2.3993   -3.1895  C  0  0  0  0  0
    5.4223    2.5336   -1.8316  C  0  0  0  0  0
    4.9772    1.6519   -0.6998  C  0  0  0  0  0
    3.9090    0.8482   -0.8408  C  0  0  0  0  0
    3.4266   -0.0039    0.2732  C  0  0  0  0  0
    3.9204    0.2969    1.6241  C  0  0  0  0  0
    3.2966   -0.2680    2.7433  C  0  0  0  0  0
    3.7872    0.0007    4.0218  C  0  0  0  0  0
    4.9031    0.8220    4.1827  C  0  0  0  0  0
    5.5302    1.3759    3.0651  C  0  0  0  0  0
    5.0315    1.1148    1.7826  C  0  0  0  0  0
    5.7069    1.6744    0.5996  C  0  0  0  0  0
    5.7518    2.6620   -4.3239  C  0  0  0  0  0
    5.2288    2.2462   -5.6702  C  0  0  0  0  0
    4.1285    1.4965   -5.8332  C  0  0  0  0  0
    3.3259    0.9583   -4.6833  C  0  0  0  0  0
  1  6  1  0  0  0
  1  2  1  0  0  0
  2 18  1  0  0  0
  2  3  1  0  0  0
  3  4  1  0  0  0
  3 15  1  0  0  0
  4  5  1  0  0  0
  5 14  1  0  0  0
  5  6  2  0  0  0
  6  7  1  0  0  0
  7  8  1  0  0  0
  8 13  2  0  0  0
  8  9  1  0  0  0
  9 10  2  0  0  0
 10 11  1  0  0  0
 11 12  2  0  0  0
 12 13  1  0  0  0
 13 14  1  0  0  0
 15 16  1  0  0  0
 16 17  2  0  0  0
 17 18  1  0  0  0
M  END
$$$$
