C12=C3Cc4c(N1Cc5c(N2CC3)cccc5)cccc4
  -ISIS-

 20 24  0  0  0  0  0  0  0  0  1
   -2.1044   -2.9637    4.1962  C  0  0  0  0  0
   -1.1643   -2.3996    4.9547  C  0  0  0  0  0
   -1.2910   -0.9121    4.9887  C  0  0  0  0  0
   -2.5233   -0.6534    4.0823  C  0  0  0  0  0
   -2.9210   -1.9969    3.6640  N  0  0  0  0  0
   -3.9738   -2.3418    2.8416  C  0  0  0  0  0
   -4.1916   -3.7053    2.5592  C  0  0  0  0  0
   -3.2863   -4.7553    3.1500  C  0  0  0  0  0
   -2.2283   -4.3193    3.9853  N  0  0  0  0  0
   -1.2833   -5.2114    4.6212  C  0  0  0  0  0
   -1.3099   -6.6061    4.4802  C  0  0  0  0  0
   -0.3672   -7.4225    5.1216  C  0  0  0  0  0
    0.6257   -6.8653    5.9198  C  0  0  0  0  0
    0.6800   -5.4858    6.0802  C  0  0  0  0  0
   -0.2635   -4.6688    5.4383  C  0  0  0  0  0
   -0.1645   -3.2028    5.6404  C  0  0  0  0  0
   -5.2511   -4.1007    1.7276  C  0  0  0  0  0
   -6.0996   -3.1451    1.1722  C  0  0  0  0  0
   -5.8930   -1.7957    1.4449  C  0  0  0  0  0
   -4.8385   -1.3982    2.2729  C  0  0  0  0  0
  1  9  1  0  0  0
  1  5  1  0  0  0
  1  2  2  0  0  0
  2 16  1  0  0  0
  2  3  1  0  0  0
  3  4  1  0  0  0
  4  5  1  0  0  0
  5  6  1  0  0  0
  6 20  2  0  0  0
  6  7  1  0  0  0
  7  8  1  0  0  0
  7 17  2  0  0  0
  8  9  1  0  0  0
  9 10  1  0  0  0
 10 15  2  0  0  0
 10 11  1  0  0  0
 11 12  2  0  0  0
 12 13  1  0  0  0
 13 14  2  0  0  0
 14 15  1  0  0  0
 15 16  1  0  0  0
 17 18  1  0  0  0
 18 19  2  0  0  0
 19 20  1  0  0  0
M  END
$$$$
