C12=C(C3C(C4C1CCSC4)CNC3)Nc5c2cccc5
  -ISIS-

 20 24  0  0  0  0  0  0  0  0  1
   -4.5755    1.5096    1.6183  C  0  0  0  0  0
   -4.1578    1.6251    0.2928  N  0  0  0  0  0
   -2.9743    0.9153    0.0987  C  0  0  0  0  0
   -2.5001    0.5456    1.4703  C  0  0  0  0  0
   -1.6949   -0.6753    1.6653  C  0  0  0  0  0
   -0.7679   -1.1870    0.8078  N  0  0  0  0  0
   -0.2519   -2.3490    1.3380  C  0  0  0  0  0
    0.6989   -3.2278    0.8042  C  0  0  0  0  0
    1.0220   -4.3668    1.5456  C  0  0  0  0  0
    0.4102   -4.6202    2.7695  C  0  0  0  0  0
   -0.5393   -3.7329    3.2908  C  0  0  0  0  0
   -0.8730   -2.5642    2.5750  C  0  0  0  0  0
   -1.7692   -1.4722    2.7936  C  0  0  0  0  0
   -2.7653   -1.2017    3.9108  C  0  0  0  0  0
   -3.5454    0.1594    3.6973  C  0  0  0  0  0
   -3.8276    0.3394    2.1949  C  0  0  0  0  0
   -4.7985    0.1727    4.5729  C  0  0  0  0  0
   -4.3488    0.1828    6.3411  S  0  0  0  0  0
   -3.2348   -1.2516    6.3949  C  0  0  0  0  0
   -2.1563   -1.2223    5.3162  C  0  0  0  0  0
  1 16  1  0  0  0
  1  2  1  0  0  0
  2  3  1  0  0  0
  3  4  1  0  0  0
  4 16  1  0  0  0
  4  5  1  0  0  0
  5 13  2  0  0  0
  5  6  1  0  0  0
  6  7  1  0  0  0
  7 12  2  0  0  0
  7  8  1  0  0  0
  8  9  2  0  0  0
  9 10  1  0  0  0
 10 11  2  0  0  0
 11 12  1  0  0  0
 12 13  1  0  0  0
 13 14  1  0  0  0
 14 20  1  0  0  0
 14 15  1  0  0  0
 15 16  1  0  0  0
 15 17  1  0  0  0
 17 18  1  0  0  0
 18 19  1  0  0  0
 19 20  1  0  0  0
M  END
$$$$
C12=C(C3C(C4C1CCSC4)CNC3)Nc5c2cccc5
  -ISIS-

 20 24  0  0  0  0  0  0  0  0  1
   -4.5755    1.5096    1.6183  C  0  0  0  0  0
   -4.1578    1.6251    0.2928  N  0  0  0  0  0
   -2.9743    0.9153    0.0987  C  0  0  0  0  0
   -2.5001    0.5456    1.4703  C  0  0  0  0  0
   -1.6949   -0.6753    1.6653  C  0  0  0  0  0
   -0.7679   -1.1870    0.8078  N  0  0  0  0  0
   -0.2519   -2.3490    1.3380  C  0  0  0  0  0
    0.6989   -3.2278    0.8042  C  0  0  0  0  0
    1.0220   -4.3668    1.5456  C  0  0  0  0  0
    0.4102   -4.6202    2.7695  C  0  0  0  0  0
   -0.5393   -3.7329    3.2908  C  0  0  0  0  0
   -0.8730   -2.5642    2.5750  C  0  0  0  0  0
   -1.7692   -1.4722    2.7936  C  0  0  0  0  0
   -2.7653   -1.2017    3.9108  C  0  0  0  0  0
   -3.5454    0.1594    3.6973  C  0  0  0  0  0
   -3.8276    0.3394    2.1949  C  0  0  0  0  0
   -4.7985    0.1727    4.5729  C  0  0  0  0  0
   -4.3488    0.1828    6.3411  S  0  0  0  0  0
   -3.2348   -1.2516    6.3949  C  0  0  0  0  0
   -2.1563   -1.2223    5.3162  C  0  0  0  0  0
  1 16  1  0  0  0
  1  2  1  0  0  0
  2  3  1  0  0  0
  3  4  1  0  0  0
  4 16  1  0  0  0
  4  5  1  0  0  0
  5 13  2  0  0  0
  5  6  1  0  0  0
  6  7  1  0  0  0
  7 12  2  0  0  0
  7  8  1  0  0  0
  8  9  2  0  0  0
  9 10  1  0  0  0
 10 11  2  0  0  0
 11 12  1  0  0  0
 12 13  1  0  0  0
 13 14  1  0  0  0
 14 20  1  0  0  0
 14 15  1  0  0  0
 15 16  1  0  0  0
 15 17  1  0  0  0
 17 18  1  0  0  0
 18 19  1  0  0  0
 19 20  1  0  0  0
M  END
$$$$
C12=C(C3C(C4C1CCSC4)CNC3)Nc5c2cccc5
  -ISIS-

 20 24  0  0  0  0  0  0  0  0  1
   -4.5755    1.5096    1.6183  C  0  0  0  0  0
   -4.1578    1.6251    0.2928  N  0  0  0  0  0
   -2.9743    0.9153    0.0987  C  0  0  0  0  0
   -2.5001    0.5456    1.4703  C  0  0  0  0  0
   -1.6949   -0.6753    1.6653  C  0  0  0  0  0
   -0.7679   -1.1870    0.8078  N  0  0  0  0  0
   -0.2519   -2.3490    1.3380  C  0  0  0  0  0
    0.6989   -3.2278    0.8042  C  0  0  0  0  0
    1.0220   -4.3668    1.5456  C  0  0  0  0  0
    0.4102   -4.6202    2.7695  C  0  0  0  0  0
   -0.5393   -3.7329    3.2908  C  0  0  0  0  0
   -0.8730   -2.5642    2.5750  C  0  0  0  0  0
   -1.7692   -1.4722    2.7936  C  0  0  0  0  0
   -2.7653   -1.2017    3.9108  C  0  0  0  0  0
   -3.5454    0.1594    3.6973  C  0  0  0  0  0
   -3.8276    0.3394    2.1949  C  0  0  0  0  0
   -4.7985    0.1727    4.5729  C  0  0  0  0  0
   -4.3488    0.1828    6.3411  S  0  0  0  0  0
   -3.2348   -1.2516    6.3949  C  0  0  0  0  0
   -2.1563   -1.2223    5.3162  C  0  0  0  0  0
  1 16  1  0  0  0
  1  2  1  0  0  0
  2  3  1  0  0  0
  3  4  1  0  0  0
  4 16  1  0  0  0
  4  5  1  0  0  0
  5 13  2  0  0  0
  5  6  1  0  0  0
  6  7  1  0  0  0
  7 12  2  0  0  0
  7  8  1  0  0  0
  8  9  2  0  0  0
  9 10  1  0  0  0
 10 11  2  0  0  0
 11 12  1  0  0  0
 12 13  1  0  0  0
 13 14  1  0  0  0
 14 20  1  0  0  0
 14 15  1  0  0  0
 15 16  1  0  0  0
 15 17  1  0  0  0
 17 18  1  0  0  0
 18 19  1  0  0  0
 19 20  1  0  0  0
M  END
$$$$
