C12=C(COC1)CCC3C2CCCC3
  -ISIS-

 13 15  0  0  0  0  0  0  0  0  1
    4.1160   -5.7618   -3.6961  C  0  0  0  0  0
    3.7524   -4.7993   -4.9175  C  0  0  0  0  0
    2.3833   -4.0887   -4.6625  C  0  0  0  0  0
    1.2248   -5.0663   -4.4437  C  0  0  0  0  0
    1.6244   -6.1276   -3.5076  C  0  0  0  0  0
    0.7100   -6.9686   -2.7399  C  0  0  0  0  0
    1.4450   -7.7717   -1.9231  O  0  0  0  0  0
    2.8366   -7.5086   -2.1245  C  0  0  0  0  0
    2.8670   -6.4403   -3.1512  C  0  0  0  0  0
    4.8846   -3.7588   -5.3090  C  0  0  0  0  0
    5.4554   -3.0679   -4.0515  C  0  0  0  0  0
    5.8868   -4.0385   -2.9599  C  0  0  0  0  0
    4.7458   -4.9546   -2.5361  C  0  0  0  0  0
  1  9  1  0  0  0
  1 13  1  0  0  0
  1  2  1  0  0  0
  2  3  1  0  0  0
  2 10  1  0  0  0
  3  4  1  0  0  0
  4  5  1  0  0  0
  5  9  2  0  0  0
  5  6  1  0  0  0
  6  7  1  0  0  0
  7  8  1  0  0  0
  8  9  1  0  0  0
 10 11  1  0  0  0
 11 12  1  0  0  0
 12 13  1  0  0  0
M  END
$$$$
C12=C(COC1)CCC3C2CCCC3
  -ISIS-

 13 15  0  0  0  0  0  0  0  0  1
    4.1160   -5.7618   -3.6961  C  0  0  0  0  0
    3.7524   -4.7993   -4.9175  C  0  0  0  0  0
    2.3833   -4.0887   -4.6625  C  0  0  0  0  0
    1.2248   -5.0663   -4.4437  C  0  0  0  0  0
    1.6244   -6.1276   -3.5076  C  0  0  0  0  0
    0.7100   -6.9686   -2.7399  C  0  0  0  0  0
    1.4450   -7.7717   -1.9231  O  0  0  0  0  0
    2.8366   -7.5086   -2.1245  C  0  0  0  0  0
    2.8670   -6.4403   -3.1512  C  0  0  0  0  0
    4.8846   -3.7588   -5.3090  C  0  0  0  0  0
    5.4554   -3.0679   -4.0515  C  0  0  0  0  0
    5.8868   -4.0385   -2.9599  C  0  0  0  0  0
    4.7458   -4.9546   -2.5361  C  0  0  0  0  0
  1  9  1  0  0  0
  1 13  1  0  0  0
  1  2  1  0  0  0
  2  3  1  0  0  0
  2 10  1  0  0  0
  3  4  1  0  0  0
  4  5  1  0  0  0
  5  9  2  0  0  0
  5  6  1  0  0  0
  6  7  1  0  0  0
  7  8  1  0  0  0
  8  9  1  0  0  0
 10 11  1  0  0  0
 11 12  1  0  0  0
 12 13  1  0  0  0
M  END
$$$$
C12=C(COC1)CCC3C2CCCC3
  -ISIS-

 13 15  0  0  0  0  0  0  0  0  1
    4.1160   -5.7618   -3.6961  C  0  0  0  0  0
    3.7524   -4.7993   -4.9175  C  0  0  0  0  0
    2.3833   -4.0887   -4.6625  C  0  0  0  0  0
    1.2248   -5.0663   -4.4437  C  0  0  0  0  0
    1.6244   -6.1276   -3.5076  C  0  0  0  0  0
    0.7100   -6.9686   -2.7399  C  0  0  0  0  0
    1.4450   -7.7717   -1.9231  O  0  0  0  0  0
    2.8366   -7.5086   -2.1245  C  0  0  0  0  0
    2.8670   -6.4403   -3.1512  C  0  0  0  0  0
    4.8846   -3.7588   -5.3090  C  0  0  0  0  0
    5.4554   -3.0679   -4.0515  C  0  0  0  0  0
    5.8868   -4.0385   -2.9599  C  0  0  0  0  0
    4.7458   -4.9546   -2.5361  C  0  0  0  0  0
  1  9  1  0  0  0
  1 13  1  0  0  0
  1  2  1  0  0  0
  2  3  1  0  0  0
  2 10  1  0  0  0
  3  4  1  0  0  0
  4  5  1  0  0  0
  5  9  2  0  0  0
  5  6  1  0  0  0
  6  7  1  0  0  0
  7  8  1  0  0  0
  8  9  1  0  0  0
 10 11  1  0  0  0
 11 12  1  0  0  0
 12 13  1  0  0  0
M  END
$$$$
