C12=C(NC=N1)CNCN2
  -ISIS-

  9 10  0  0  0  0  0  0  0  0  1
    0.0014    2.0537    1.5183  C  0  0  0  0  0
    0.3444    1.6611    2.7758  N  0  0  0  0  0
   -0.5447    2.2443    3.5564  C  0  0  0  0  0
   -1.4413    2.9946    2.8384  N  0  0  0  0  0
   -1.0890    2.8712    1.5276  C  0  0  0  0  0
   -1.6550    3.4231    0.3526  C  0  0  0  0  0
   -0.9770    3.0363   -0.7815  N  0  0  0  0  0
    0.1331    2.2108   -0.8556  C  0  0  0  0  0
    0.6320    1.7071    0.3431  N  0  0  0  0  0
  1  5  2  0  0  0
  1  9  1  0  0  0
  1  2  1  0  0  0
  2  3  2  0  0  0
  3  4  1  0  0  0
  4  5  1  0  0  0
  5  6  1  0  0  0
  6  7  1  0  0  0
  7  8  1  0  0  0
  8  9  1  0  0  0
M  END
$$$$
