C12=C(NCS1)Cc3c(S2)cccc3
  -ISIS-

 13 15  0  0  0  0  0  0  0  0  1
    8.7889    1.1245   -0.8162  C  0  0  0  0  0
    8.9603   -0.6331   -0.7313  S  0  0  0  0  0
    8.6199   -0.6029    1.0073  C  0  0  0  0  0
    8.4090    0.6790    1.3939  N  0  0  0  0  0
    8.5012    1.6253    0.3936  C  0  0  0  0  0
    8.2891    3.0526    0.6986  C  0  0  0  0  0
    8.3955    4.0429   -0.3976  C  0  0  0  0  0
    8.1889    5.3954   -0.0747  C  0  0  0  0  0
    8.2744    6.3795   -1.0582  C  0  0  0  0  0
    8.5665    6.0203   -2.3692  C  0  0  0  0  0
    8.7727    4.6778   -2.6954  C  0  0  0  0  0
    8.6904    3.6733   -1.7168  C  0  0  0  0  0
    8.9754    2.0022   -2.2686  S  0  0  0  0  0
  1  5  2  0  0  0
  1 13  1  0  0  0
  1  2  1  0  0  0
  2  3  1  0  0  0
  3  4  1  0  0  0
  4  5  1  0  0  0
  5  6  1  0  0  0
  6  7  1  0  0  0
  7 12  2  0  0  0
  7  8  1  0  0  0
  8  9  2  0  0  0
  9 10  1  0  0  0
 10 11  2  0  0  0
 11 12  1  0  0  0
 12 13  1  0  0  0
M  END
$$$$
