C12=C(Cc3c(nccc3)C1)CCCO2
  -ISIS-

 14 16  0  0  0  0  0  0  0  0  1
    5.2488   -4.4346   -5.0032  C  0  0  0  0  0
    5.3568   -4.7688   -3.6508  C  0  0  0  0  0
    4.2046   -4.8474   -2.8612  C  0  0  0  0  0
    2.9840   -4.5778   -3.4458  C  0  0  0  0  0
    2.8514   -4.2337   -4.7553  N  0  0  0  0  0
    3.9781   -4.1668   -5.4980  C  0  0  0  0  0
    1.7370   -4.6361   -2.6460  C  0  0  0  0  0
    1.8529   -5.0465   -1.2101  C  0  0  0  0  0
    3.0450   -5.3329   -0.6632  C  0  0  0  0  0
    4.2957   -5.2016   -1.4431  C  0  0  0  0  0
    3.1790   -5.7747    0.7642  C  0  0  0  0  0
    1.8310   -6.1928    1.3397  C  0  0  0  0  0
    0.7240   -5.2205    0.9255  C  0  0  0  0  0
    0.6631   -5.0883   -0.5045  O  0  0  0  0  0
  1  6  2  0  0  0
  1  2  1  0  0  0
  2  3  2  0  0  0
  3 10  1  0  0  0
  3  4  1  0  0  0
  4  5  2  0  0  0
  4  7  1  0  0  0
  5  6  1  0  0  0
  7  8  1  0  0  0
  8 14  1  0  0  0
  8  9  2  0  0  0
  9 10  1  0  0  0
  9 11  1  0  0  0
 11 12  1  0  0  0
 12 13  1  0  0  0
 13 14  1  0  0  0
M  END
$$$$
