C12=C(C=CCO1)CCSc3c2cccc3
  -ISIS-

 15 17  0  0  0  0  0  0  0  0  1
   -1.8017    5.3063   -5.5193  C  0  0  0  0  0
   -1.7151    3.9038   -5.9257  C  0  0  0  0  0
   -0.6379    3.4518   -6.8901  C  0  0  0  0  0
    0.5526    2.7796   -6.2080  C  0  0  0  0  0
    0.1819    1.4902   -4.9556  S  0  0  0  0  0
   -1.3629    0.8113   -5.5687  C  0  0  0  0  0
   -1.3873   -0.5647   -5.8391  C  0  0  0  0  0
   -2.5619   -1.1861   -6.2649  C  0  0  0  0  0
   -3.7284   -0.4418   -6.4105  C  0  0  0  0  0
   -3.7220    0.9258   -6.1320  C  0  0  0  0  0
   -2.5455    1.5708   -5.7134  C  0  0  0  0  0
   -2.6007    3.0197   -5.4307  C  0  0  0  0  0
   -3.6632    3.3994   -4.5932  O  0  0  0  0  0
   -3.8392    4.7046   -4.2371  C  0  0  0  0  0
   -2.8225    5.6765   -4.7148  C  0  0  0  0  0
  1 15  2  0  0  0
  1  2  1  0  0  0
  2 12  2  0  0  0
  2  3  1  0  0  0
  3  4  1  0  0  0
  4  5  1  0  0  0
  5  6  1  0  0  0
  6 11  2  0  0  0
  6  7  1  0  0  0
  7  8  2  0  0  0
  8  9  1  0  0  0
  9 10  2  0  0  0
 10 11  1  0  0  0
 11 12  1  0  0  0
 12 13  1  0  0  0
 13 14  1  0  0  0
 14 15  1  0  0  0
M  END
$$$$
