C12=NCCCN1CCS2
  -ISIS-

  9 10  0  0  0  0  0  0  0  0  1
   -9.1603   -1.5984   -0.2227  C  0  0  0  0  0
  -10.3922   -1.8039    0.6149  C  0  0  0  0  0
  -10.0552   -1.8736    1.9487  N  0  0  0  0  0
   -8.7614   -1.6177    2.2722  C  0  0  0  0  0
   -7.8421   -1.2310    0.8556  S  0  0  0  0  0
   -8.2477   -1.6305    3.4458  N  0  0  0  0  0
   -9.1336   -1.9942    4.5572  C  0  0  0  0  0
  -10.5698   -1.5614    4.3044  C  0  0  0  0  0
  -11.0307   -2.1421    2.9806  C  0  0  0  0  0
  1  5  1  0  0  0
  1  2  1  0  0  0
  2  3  1  0  0  0
  3  9  1  0  0  0
  3  4  1  0  0  0
  4  5  1  0  0  0
  4  6  2  0  0  0
  6  7  1  0  0  0
  7  8  1  0  0  0
  8  9  1  0  0  0
M  END
$$$$
C12=NCCCN1CCS2
  -ISIS-

  9 10  0  0  0  0  0  0  0  0  1
   -9.1603   -1.5984   -0.2227  C  0  0  0  0  0
  -10.3922   -1.8039    0.6149  C  0  0  0  0  0
  -10.0552   -1.8736    1.9487  N  0  0  0  0  0
   -8.7614   -1.6177    2.2722  C  0  0  0  0  0
   -7.8421   -1.2310    0.8556  S  0  0  0  0  0
   -8.2477   -1.6305    3.4458  N  0  0  0  0  0
   -9.1336   -1.9942    4.5572  C  0  0  0  0  0
  -10.5698   -1.5614    4.3044  C  0  0  0  0  0
  -11.0307   -2.1421    2.9806  C  0  0  0  0  0
  1  5  1  0  0  0
  1  2  1  0  0  0
  2  3  1  0  0  0
  3  9  1  0  0  0
  3  4  1  0  0  0
  4  5  1  0  0  0
  4  6  2  0  0  0
  6  7  1  0  0  0
  7  8  1  0  0  0
  8  9  1  0  0  0
M  END
$$$$
C12=NCCCN1CCS2
  -ISIS-

  9 10  0  0  0  0  0  0  0  0  1
    1.5463    2.5020    2.3715  C  0  0  0  0  0
    2.0358    0.8450    2.1638  S  0  0  0  0  0
    3.7242    1.2366    2.2364  C  0  0  0  0  0
    4.6429    0.3538    2.1071  N  0  0  0  0  0
    6.0375    0.7900    2.2465  C  0  0  0  0  0
    6.2341    2.2612    1.9094  C  0  0  0  0  0
    5.2266    3.0813    2.6908  C  0  0  0  0  0
    3.9015    2.5674    2.4452  N  0  0  0  0  0
    2.7692    3.2974    2.7250  C  0  0  0  0  0
  1  9  1  0  0  0
  1  2  1  0  0  0
  2  3  1  0  0  0
  3  8  1  0  0  0
  3  4  2  0  0  0
  4  5  1  0  0  0
  5  6  1  0  0  0
  6  7  1  0  0  0
  7  8  1  0  0  0
  8  9  1  0  0  0
M  END
$$$$
C12=NCCCN1CCS2
  -ISIS-

  9 10  0  0  0  0  0  0  0  0  1
    1.5463    2.5020    2.3715  C  0  0  0  0  0
    2.0358    0.8450    2.1638  S  0  0  0  0  0
    3.7242    1.2366    2.2364  C  0  0  0  0  0
    4.6429    0.3538    2.1071  N  0  0  0  0  0
    6.0375    0.7900    2.2465  C  0  0  0  0  0
    6.2341    2.2612    1.9094  C  0  0  0  0  0
    5.2266    3.0813    2.6908  C  0  0  0  0  0
    3.9015    2.5674    2.4452  N  0  0  0  0  0
    2.7692    3.2974    2.7250  C  0  0  0  0  0
  1  9  1  0  0  0
  1  2  1  0  0  0
  2  3  1  0  0  0
  3  8  1  0  0  0
  3  4  2  0  0  0
  4  5  1  0  0  0
  5  6  1  0  0  0
  6  7  1  0  0  0
  7  8  1  0  0  0
  8  9  1  0  0  0
M  END
$$$$
C12=NCCCN1CCS2
  -ISIS-

  9 10  0  0  0  0  0  0  0  0  1
   -3.0770    0.4214    3.5541  N  0  0  0  0  0
   -3.6269    1.2148    2.5765  C  0  0  0  0  0
   -4.7504    0.4898    1.9156  C  0  0  0  0  0
   -4.9755   -1.0520    2.6527  S  0  0  0  0  0
   -3.6795   -0.7802    3.7817  C  0  0  0  0  0
   -3.3635   -1.6298    4.6871  N  0  0  0  0  0
   -2.2778   -1.2710    5.6059  C  0  0  0  0  0
   -1.2630   -0.3334    4.9682  C  0  0  0  0  0
   -1.9952    0.8661    4.3983  C  0  0  0  0  0
  1  5  1  0  0  0
  1  9  1  0  0  0
  1  2  1  0  0  0
  2  3  1  0  0  0
  3  4  1  0  0  0
  4  5  1  0  0  0
  5  6  2  0  0  0
  6  7  1  0  0  0
  7  8  1  0  0  0
  8  9  1  0  0  0
M  END
$$$$
C12=NCCCN1CCS2
  -ISIS-

  9 10  0  0  0  0  0  0  0  0  1
   -3.0770    0.4214    3.5541  N  0  0  0  0  0
   -3.6269    1.2148    2.5765  C  0  0  0  0  0
   -4.7504    0.4898    1.9156  C  0  0  0  0  0
   -4.9755   -1.0520    2.6527  S  0  0  0  0  0
   -3.6795   -0.7802    3.7817  C  0  0  0  0  0
   -3.3635   -1.6298    4.6871  N  0  0  0  0  0
   -2.2778   -1.2710    5.6059  C  0  0  0  0  0
   -1.2630   -0.3334    4.9682  C  0  0  0  0  0
   -1.9952    0.8661    4.3983  C  0  0  0  0  0
  1  5  1  0  0  0
  1  9  1  0  0  0
  1  2  1  0  0  0
  2  3  1  0  0  0
  3  4  1  0  0  0
  4  5  1  0  0  0
  5  6  2  0  0  0
  6  7  1  0  0  0
  7  8  1  0  0  0
  8  9  1  0  0  0
M  END
$$$$
C12=NCCCN1CCS2
  -ISIS-

  9 10  0  0  0  0  0  0  0  0  1
   -0.8774    3.3076   -0.5383  N  0  0  0  0  0
   -1.6349    2.3911    0.1497  C  0  0  0  0  0
   -0.9424    2.0107    1.4175  C  0  0  0  0  0
    0.5322    2.8914    1.5626  S  0  0  0  0  0
    0.2659    3.7357    0.0660  C  0  0  0  0  0
    1.0700    4.6309   -0.3737  N  0  0  0  0  0
    0.7179    5.3010   -1.6304  C  0  0  0  0  0
   -0.1081    4.4133   -2.5500  C  0  0  0  0  0
   -1.3096    3.8966   -1.7824  C  0  0  0  0  0
  1  5  1  0  0  0
  1  9  1  0  0  0
  1  2  1  0  0  0
  2  3  1  0  0  0
  3  4  1  0  0  0
  4  5  1  0  0  0
  5  6  2  0  0  0
  6  7  1  0  0  0
  7  8  1  0  0  0
  8  9  1  0  0  0
M  END
$$$$
C12=NCCCN1CCS2
  -ISIS-

  9 10  0  0  0  0  0  0  0  0  1
   -0.8774    3.3076   -0.5383  N  0  0  0  0  0
   -1.6349    2.3911    0.1497  C  0  0  0  0  0
   -0.9424    2.0107    1.4175  C  0  0  0  0  0
    0.5322    2.8914    1.5626  S  0  0  0  0  0
    0.2659    3.7357    0.0660  C  0  0  0  0  0
    1.0700    4.6309   -0.3737  N  0  0  0  0  0
    0.7179    5.3010   -1.6304  C  0  0  0  0  0
   -0.1081    4.4133   -2.5500  C  0  0  0  0  0
   -1.3096    3.8966   -1.7824  C  0  0  0  0  0
  1  5  1  0  0  0
  1  9  1  0  0  0
  1  2  1  0  0  0
  2  3  1  0  0  0
  3  4  1  0  0  0
  4  5  1  0  0  0
  5  6  2  0  0  0
  6  7  1  0  0  0
  7  8  1  0  0  0
  8  9  1  0  0  0
M  END
$$$$
C12=NCCCN1CCS2
  -ISIS-

  9 10  0  0  0  0  0  0  0  0  1
   -5.5630   -0.1673   -2.8581  N  0  0  0  0  0
   -4.6930    0.8952   -2.8524  C  0  0  0  0  0
   -4.9689    1.7724   -1.6756  C  0  0  0  0  0
   -6.3057    1.1468   -0.7867  S  0  0  0  0  0
   -6.5179   -0.1824   -1.8862  C  0  0  0  0  0
   -7.4574   -1.0440   -1.7578  N  0  0  0  0  0
   -7.5563   -2.0988   -2.7720  C  0  0  0  0  0
   -6.2072   -2.4400   -3.3877  C  0  0  0  0  0
   -5.5669   -1.1646   -3.9004  C  0  0  0  0  0
  1  5  1  0  0  0
  1  9  1  0  0  0
  1  2  1  0  0  0
  2  3  1  0  0  0
  3  4  1  0  0  0
  4  5  1  0  0  0
  5  6  2  0  0  0
  6  7  1  0  0  0
  7  8  1  0  0  0
  8  9  1  0  0  0
M  END
$$$$
C12=NCCCN1CCS2
  -ISIS-

  9 10  0  0  0  0  0  0  0  0  1
   -5.5630   -0.1673   -2.8581  N  0  0  0  0  0
   -4.6930    0.8952   -2.8524  C  0  0  0  0  0
   -4.9689    1.7724   -1.6756  C  0  0  0  0  0
   -6.3057    1.1468   -0.7867  S  0  0  0  0  0
   -6.5179   -0.1824   -1.8862  C  0  0  0  0  0
   -7.4574   -1.0440   -1.7578  N  0  0  0  0  0
   -7.5563   -2.0988   -2.7720  C  0  0  0  0  0
   -6.2072   -2.4400   -3.3877  C  0  0  0  0  0
   -5.5669   -1.1646   -3.9004  C  0  0  0  0  0
  1  5  1  0  0  0
  1  9  1  0  0  0
  1  2  1  0  0  0
  2  3  1  0  0  0
  3  4  1  0  0  0
  4  5  1  0  0  0
  5  6  2  0  0  0
  6  7  1  0  0  0
  7  8  1  0  0  0
  8  9  1  0  0  0
M  END
$$$$
C12=NCCCN1CCS2
  -ISIS-

  9 10  0  0  0  0  0  0  0  0  1
    0.2712   -3.0764    2.2077  N  0  0  0  0  0
    1.0923   -2.5759    1.2227  C  0  0  0  0  0
    1.2696   -1.1021    1.4156  C  0  0  0  0  0
    0.3336   -0.5788    2.7799  S  0  0  0  0  0
   -0.2688   -2.1810    3.0802  C  0  0  0  0  0
   -1.1049   -2.4378    4.0163  N  0  0  0  0  0
   -1.5711   -3.8225    4.1486  C  0  0  0  0  0
   -0.5377   -4.8307    3.6685  C  0  0  0  0  0
   -0.1164   -4.4656    2.2581  C  0  0  0  0  0
  1  5  1  0  0  0
  1  9  1  0  0  0
  1  2  1  0  0  0
  2  3  1  0  0  0
  3  4  1  0  0  0
  4  5  1  0  0  0
  5  6  2  0  0  0
  6  7  1  0  0  0
  7  8  1  0  0  0
  8  9  1  0  0  0
M  END
$$$$
C12=NCCCN1CCS2
  -ISIS-

  9 10  0  0  0  0  0  0  0  0  1
    0.2712   -3.0764    2.2077  N  0  0  0  0  0
    1.0923   -2.5759    1.2227  C  0  0  0  0  0
    1.2696   -1.1021    1.4156  C  0  0  0  0  0
    0.3336   -0.5788    2.7799  S  0  0  0  0  0
   -0.2688   -2.1810    3.0802  C  0  0  0  0  0
   -1.1049   -2.4378    4.0163  N  0  0  0  0  0
   -1.5711   -3.8225    4.1486  C  0  0  0  0  0
   -0.5377   -4.8307    3.6685  C  0  0  0  0  0
   -0.1164   -4.4656    2.2581  C  0  0  0  0  0
  1  5  1  0  0  0
  1  9  1  0  0  0
  1  2  1  0  0  0
  2  3  1  0  0  0
  3  4  1  0  0  0
  4  5  1  0  0  0
  5  6  2  0  0  0
  6  7  1  0  0  0
  7  8  1  0  0  0
  8  9  1  0  0  0
M  END
$$$$
C12=NCCCN1CCS2
  -ISIS-

  9 10  0  0  0  0  0  0  0  0  1
   -4.8710   -4.8493    5.0674  N  0  0  0  0  0
   -4.3240   -3.7107    4.5270  C  0  0  0  0  0
   -3.7281   -4.0236    3.1959  C  0  0  0  0  0
   -3.9917   -5.6812    2.8043  S  0  0  0  0  0
   -4.8445   -5.9711    4.2931  C  0  0  0  0  0
   -5.3573   -7.1084    4.5846  N  0  0  0  0  0
   -6.0869   -7.2200    5.8522  C  0  0  0  0  0
   -5.5645   -6.2584    6.9096  C  0  0  0  0  0
   -5.5590   -4.8549    6.3352  C  0  0  0  0  0
  1  5  1  0  0  0
  1  9  1  0  0  0
  1  2  1  0  0  0
  2  3  1  0  0  0
  3  4  1  0  0  0
  4  5  1  0  0  0
  5  6  2  0  0  0
  6  7  1  0  0  0
  7  8  1  0  0  0
  8  9  1  0  0  0
M  END
$$$$
C12=NCCCN1CCS2
  -ISIS-

  9 10  0  0  0  0  0  0  0  0  1
   -4.8710   -4.8493    5.0674  N  0  0  0  0  0
   -4.3240   -3.7107    4.5270  C  0  0  0  0  0
   -3.7281   -4.0236    3.1959  C  0  0  0  0  0
   -3.9917   -5.6812    2.8043  S  0  0  0  0  0
   -4.8445   -5.9711    4.2931  C  0  0  0  0  0
   -5.3573   -7.1084    4.5846  N  0  0  0  0  0
   -6.0869   -7.2200    5.8522  C  0  0  0  0  0
   -5.5645   -6.2584    6.9096  C  0  0  0  0  0
   -5.5590   -4.8549    6.3352  C  0  0  0  0  0
  1  5  1  0  0  0
  1  9  1  0  0  0
  1  2  1  0  0  0
  2  3  1  0  0  0
  3  4  1  0  0  0
  4  5  1  0  0  0
  5  6  2  0  0  0
  6  7  1  0  0  0
  7  8  1  0  0  0
  8  9  1  0  0  0
M  END
$$$$
C12=NCCCN1CCS2
  -ISIS-

  9 10  0  0  0  0  0  0  0  0  1
   -4.4846   -1.7503    0.6797  N  0  0  0  0  0
   -3.2239   -1.2653    0.4283  C  0  0  0  0  0
   -2.2273   -2.3680    0.5568  C  0  0  0  0  0
   -3.0271   -3.8467    0.9380  S  0  0  0  0  0
   -4.5931   -3.0890    0.9127  C  0  0  0  0  0
   -5.6790   -3.7430    1.0994  N  0  0  0  0  0
   -6.9415   -3.0003    1.0167  C  0  0  0  0  0
   -6.7825   -1.5394    1.4123  C  0  0  0  0  0
   -5.6661   -0.9277    0.5881  C  0  0  0  0  0
  1  5  1  0  0  0
  1  9  1  0  0  0
  1  2  1  0  0  0
  2  3  1  0  0  0
  3  4  1  0  0  0
  4  5  1  0  0  0
  5  6  2  0  0  0
  6  7  1  0  0  0
  7  8  1  0  0  0
  8  9  1  0  0  0
M  END
$$$$
C12=NCCCN1CCS2
  -ISIS-

  9 10  0  0  0  0  0  0  0  0  1
   -4.4846   -1.7503    0.6797  N  0  0  0  0  0
   -3.2239   -1.2653    0.4283  C  0  0  0  0  0
   -2.2273   -2.3680    0.5568  C  0  0  0  0  0
   -3.0271   -3.8467    0.9380  S  0  0  0  0  0
   -4.5931   -3.0890    0.9127  C  0  0  0  0  0
   -5.6790   -3.7430    1.0994  N  0  0  0  0  0
   -6.9415   -3.0003    1.0167  C  0  0  0  0  0
   -6.7825   -1.5394    1.4123  C  0  0  0  0  0
   -5.6661   -0.9277    0.5881  C  0  0  0  0  0
  1  5  1  0  0  0
  1  9  1  0  0  0
  1  2  1  0  0  0
  2  3  1  0  0  0
  3  4  1  0  0  0
  4  5  1  0  0  0
  5  6  2  0  0  0
  6  7  1  0  0  0
  7  8  1  0  0  0
  8  9  1  0  0  0
M  END
$$$$
C12=NCCCN1CCS2
  -ISIS-

  9 10  0  0  0  0  0  0  0  0  1
    0.6492    1.2240    8.6896  N  0  0  0  0  0
   -0.4405    0.4753    8.3063  C  0  0  0  0  0
   -0.1030   -0.9810    8.3837  C  0  0  0  0  0
    1.5170   -1.1709    8.9749  S  0  0  0  0  0
    1.7463    0.5452    9.1258  C  0  0  0  0  0
    2.8267    1.0574    9.5858  N  0  0  0  0  0
    2.8895    2.5185    9.7014  C  0  0  0  0  0
    2.0209    3.2201    8.6677  C  0  0  0  0  0
    0.6122    2.6652    8.7548  C  0  0  0  0  0
  1  5  1  0  0  0
  1  9  1  0  0  0
  1  2  1  0  0  0
  2  3  1  0  0  0
  3  4  1  0  0  0
  4  5  1  0  0  0
  5  6  2  0  0  0
  6  7  1  0  0  0
  7  8  1  0  0  0
  8  9  1  0  0  0
M  END
$$$$
C12=NCCCN1CCS2
  -ISIS-

  9 10  0  0  0  0  0  0  0  0  1
    0.6492    1.2240    8.6896  N  0  0  0  0  0
   -0.4405    0.4753    8.3063  C  0  0  0  0  0
   -0.1030   -0.9810    8.3837  C  0  0  0  0  0
    1.5170   -1.1709    8.9749  S  0  0  0  0  0
    1.7463    0.5452    9.1258  C  0  0  0  0  0
    2.8267    1.0574    9.5858  N  0  0  0  0  0
    2.8895    2.5185    9.7014  C  0  0  0  0  0
    2.0209    3.2201    8.6677  C  0  0  0  0  0
    0.6122    2.6652    8.7548  C  0  0  0  0  0
  1  5  1  0  0  0
  1  9  1  0  0  0
  1  2  1  0  0  0
  2  3  1  0  0  0
  3  4  1  0  0  0
  4  5  1  0  0  0
  5  6  2  0  0  0
  6  7  1  0  0  0
  7  8  1  0  0  0
  8  9  1  0  0  0
M  END
$$$$
C12=NCCCN1CCS2
  -ISIS-

  9 10  0  0  0  0  0  0  0  0  1
    7.2251   -3.6697   -2.9980  N  0  0  0  0  0
    6.3918   -4.5704   -2.3717  C  0  0  0  0  0
    6.8742   -4.8125   -0.9740  C  0  0  0  0  0
    8.1605   -3.6978   -0.6130  S  0  0  0  0  0
    8.1575   -3.0492   -2.2245  C  0  0  0  0  0
    8.9502   -2.1112   -2.5897  N  0  0  0  0  0
    8.8251   -1.6081   -3.9623  C  0  0  0  0  0
    8.2801   -2.6554   -4.9224  C  0  0  0  0  0
    6.9956   -3.2223   -4.3500  C  0  0  0  0  0
  1  5  1  0  0  0
  1  9  1  0  0  0
  1  2  1  0  0  0
  2  3  1  0  0  0
  3  4  1  0  0  0
  4  5  1  0  0  0
  5  6  2  0  0  0
  6  7  1  0  0  0
  7  8  1  0  0  0
  8  9  1  0  0  0
M  END
$$$$
C12=NCCCN1CCS2
  -ISIS-

  9 10  0  0  0  0  0  0  0  0  1
    7.2251   -3.6697   -2.9980  N  0  0  0  0  0
    6.3918   -4.5704   -2.3717  C  0  0  0  0  0
    6.8742   -4.8125   -0.9740  C  0  0  0  0  0
    8.1605   -3.6978   -0.6130  S  0  0  0  0  0
    8.1575   -3.0492   -2.2245  C  0  0  0  0  0
    8.9502   -2.1112   -2.5897  N  0  0  0  0  0
    8.8251   -1.6081   -3.9623  C  0  0  0  0  0
    8.2801   -2.6554   -4.9224  C  0  0  0  0  0
    6.9956   -3.2223   -4.3500  C  0  0  0  0  0
  1  5  1  0  0  0
  1  9  1  0  0  0
  1  2  1  0  0  0
  2  3  1  0  0  0
  3  4  1  0  0  0
  4  5  1  0  0  0
  5  6  2  0  0  0
  6  7  1  0  0  0
  7  8  1  0  0  0
  8  9  1  0  0  0
M  END
$$$$
C12=NCCCN1CCS2
  -ISIS-

  9 10  0  0  0  0  0  0  0  0  1
   -4.5952   -2.4674    3.6034  N  0  0  0  0  0
   -4.3095   -1.2414    4.1607  C  0  0  0  0  0
   -3.1357   -1.3672    5.0811  C  0  0  0  0  0
   -2.6122   -3.0215    5.1291  S  0  0  0  0  0
   -3.8556   -3.5295    4.0270  C  0  0  0  0  0
   -4.0113   -4.7532    3.6812  N  0  0  0  0  0
   -5.1216   -5.0666    2.7751  C  0  0  0  0  0
   -5.4691   -3.9023    1.8594  C  0  0  0  0  0
   -5.7083   -2.6679    2.7073  C  0  0  0  0  0
  1  5  1  0  0  0
  1  9  1  0  0  0
  1  2  1  0  0  0
  2  3  1  0  0  0
  3  4  1  0  0  0
  4  5  1  0  0  0
  5  6  2  0  0  0
  6  7  1  0  0  0
  7  8  1  0  0  0
  8  9  1  0  0  0
M  END
$$$$
C12=NCCCN1CCS2
  -ISIS-

  9 10  0  0  0  0  0  0  0  0  1
   -4.5952   -2.4674    3.6034  N  0  0  0  0  0
   -4.3095   -1.2414    4.1607  C  0  0  0  0  0
   -3.1357   -1.3672    5.0811  C  0  0  0  0  0
   -2.6122   -3.0215    5.1291  S  0  0  0  0  0
   -3.8556   -3.5295    4.0270  C  0  0  0  0  0
   -4.0113   -4.7532    3.6812  N  0  0  0  0  0
   -5.1216   -5.0666    2.7751  C  0  0  0  0  0
   -5.4691   -3.9023    1.8594  C  0  0  0  0  0
   -5.7083   -2.6679    2.7073  C  0  0  0  0  0
  1  5  1  0  0  0
  1  9  1  0  0  0
  1  2  1  0  0  0
  2  3  1  0  0  0
  3  4  1  0  0  0
  4  5  1  0  0  0
  5  6  2  0  0  0
  6  7  1  0  0  0
  7  8  1  0  0  0
  8  9  1  0  0  0
M  END
$$$$
C12=NCCCN1CCS2
  -ISIS-

  9 10  0  0  0  0  0  0  0  0  1
   -0.9449   -1.1851   -3.3382  N  0  0  0  0  0
   -0.3884   -0.1254   -4.0173  C  0  0  0  0  0
   -0.1425   -0.5105   -5.4428  C  0  0  0  0  0
   -0.6868   -2.1386   -5.7033  S  0  0  0  0  0
   -1.2268   -2.3050   -4.0602  C  0  0  0  0  0
   -1.8027   -3.3651   -3.6288  N  0  0  0  0  0
   -2.2490   -3.3739   -2.2315  C  0  0  0  0  0
   -1.3906   -2.4852   -1.3436  C  0  0  0  0  0
   -1.3331   -1.0968   -1.9511  C  0  0  0  0  0
  1  5  1  0  0  0
  1  9  1  0  0  0
  1  2  1  0  0  0
  2  3  1  0  0  0
  3  4  1  0  0  0
  4  5  1  0  0  0
  5  6  2  0  0  0
  6  7  1  0  0  0
  7  8  1  0  0  0
  8  9  1  0  0  0
M  END
$$$$
C12=NCCCN1CCS2
  -ISIS-

  9 10  0  0  0  0  0  0  0  0  1
   -0.9449   -1.1851   -3.3382  N  0  0  0  0  0
   -0.3884   -0.1254   -4.0173  C  0  0  0  0  0
   -0.1425   -0.5105   -5.4428  C  0  0  0  0  0
   -0.6868   -2.1386   -5.7033  S  0  0  0  0  0
   -1.2268   -2.3050   -4.0602  C  0  0  0  0  0
   -1.8027   -3.3651   -3.6288  N  0  0  0  0  0
   -2.2490   -3.3739   -2.2315  C  0  0  0  0  0
   -1.3906   -2.4852   -1.3436  C  0  0  0  0  0
   -1.3331   -1.0968   -1.9511  C  0  0  0  0  0
  1  5  1  0  0  0
  1  9  1  0  0  0
  1  2  1  0  0  0
  2  3  1  0  0  0
  3  4  1  0  0  0
  4  5  1  0  0  0
  5  6  2  0  0  0
  6  7  1  0  0  0
  7  8  1  0  0  0
  8  9  1  0  0  0
M  END
$$$$
C12=NCCCN1CCS2
  -ISIS-

  9 10  0  0  0  0  0  0  0  0  1
    2.3269    2.2331   -5.6635  N  0  0  0  0  0
    3.6318    2.0129   -5.2801  C  0  0  0  0  0
    3.6546    1.2064   -4.0173  C  0  0  0  0  0
    2.0390    0.6727   -3.6523  S  0  0  0  0  0
    1.3607    1.5548   -4.9860  C  0  0  0  0  0
    0.1081    1.5393   -5.2548  N  0  0  0  0  0
   -0.3455    2.2829   -6.4354  C  0  0  0  0  0
    0.5612    3.4577   -6.7716  C  0  0  0  0  0
    1.9911    2.9617   -6.8623  C  0  0  0  0  0
  1  5  1  0  0  0
  1  9  1  0  0  0
  1  2  1  0  0  0
  2  3  1  0  0  0
  3  4  1  0  0  0
  4  5  1  0  0  0
  5  6  2  0  0  0
  6  7  1  0  0  0
  7  8  1  0  0  0
  8  9  1  0  0  0
M  END
$$$$
C12=NCCCN1CCS2
  -ISIS-

  9 10  0  0  0  0  0  0  0  0  1
    2.3269    2.2331   -5.6635  N  0  0  0  0  0
    3.6318    2.0129   -5.2801  C  0  0  0  0  0
    3.6546    1.2064   -4.0173  C  0  0  0  0  0
    2.0390    0.6727   -3.6523  S  0  0  0  0  0
    1.3607    1.5548   -4.9860  C  0  0  0  0  0
    0.1081    1.5393   -5.2548  N  0  0  0  0  0
   -0.3455    2.2829   -6.4354  C  0  0  0  0  0
    0.5612    3.4577   -6.7716  C  0  0  0  0  0
    1.9911    2.9617   -6.8623  C  0  0  0  0  0
  1  5  1  0  0  0
  1  9  1  0  0  0
  1  2  1  0  0  0
  2  3  1  0  0  0
  3  4  1  0  0  0
  4  5  1  0  0  0
  5  6  2  0  0  0
  6  7  1  0  0  0
  7  8  1  0  0  0
  8  9  1  0  0  0
M  END
$$$$
C12=NCCCN1CCS2
  -ISIS-

  9 10  0  0  0  0  0  0  0  0  1
   -7.2701    5.2331   -8.8004  N  0  0  0  0  0
   -6.0686    5.4168   -8.1539  C  0  0  0  0  0
   -6.2919    5.4476   -6.6742  C  0  0  0  0  0
   -7.9756    5.1923   -6.3372  S  0  0  0  0  0
   -8.3705    5.0387   -8.0223  C  0  0  0  0  0
   -9.5579    4.7841   -8.4307  N  0  0  0  0  0
   -9.7611    4.6378   -9.8762  C  0  0  0  0  0
   -8.7707    5.4601  -10.6874  C  0  0  0  0  0
   -7.3643    5.1170  -10.2356  C  0  0  0  0  0
  1  5  1  0  0  0
  1  9  1  0  0  0
  1  2  1  0  0  0
  2  3  1  0  0  0
  3  4  1  0  0  0
  4  5  1  0  0  0
  5  6  2  0  0  0
  6  7  1  0  0  0
  7  8  1  0  0  0
  8  9  1  0  0  0
M  END
$$$$
C12=NCCCN1CCS2
  -ISIS-

  9 10  0  0  0  0  0  0  0  0  1
   -7.2701    5.2331   -8.8004  N  0  0  0  0  0
   -6.0686    5.4168   -8.1539  C  0  0  0  0  0
   -6.2919    5.4476   -6.6742  C  0  0  0  0  0
   -7.9756    5.1923   -6.3372  S  0  0  0  0  0
   -8.3705    5.0387   -8.0223  C  0  0  0  0  0
   -9.5579    4.7841   -8.4307  N  0  0  0  0  0
   -9.7611    4.6378   -9.8762  C  0  0  0  0  0
   -8.7707    5.4601  -10.6874  C  0  0  0  0  0
   -7.3643    5.1170  -10.2356  C  0  0  0  0  0
  1  5  1  0  0  0
  1  9  1  0  0  0
  1  2  1  0  0  0
  2  3  1  0  0  0
  3  4  1  0  0  0
  4  5  1  0  0  0
  5  6  2  0  0  0
  6  7  1  0  0  0
  7  8  1  0  0  0
  8  9  1  0  0  0
M  END
$$$$
C12=NCCCN1CCS2
  -ISIS-

  9 10  0  0  0  0  0  0  0  0  1
    3.6586    1.2240    0.1413  N  0  0  0  0  0
    4.9834    0.8628    0.1472  C  0  0  0  0  0
    5.1110   -0.5681    0.5438  C  0  0  0  0  0
    3.5514   -1.2573    0.7902  S  0  0  0  0  0
    2.7518    0.2386    0.3996  C  0  0  0  0  0
    1.4764    0.3545    0.3752  N  0  0  0  0  0
    0.9181    1.6559   -0.0073  C  0  0  0  0  0
    1.8427    2.8114    0.3476  C  0  0  0  0  0
    3.2131    2.5412   -0.2430  C  0  0  0  0  0
  1  5  1  0  0  0
  1  9  1  0  0  0
  1  2  1  0  0  0
  2  3  1  0  0  0
  3  4  1  0  0  0
  4  5  1  0  0  0
  5  6  2  0  0  0
  6  7  1  0  0  0
  7  8  1  0  0  0
  8  9  1  0  0  0
M  END
$$$$
C12=NCCCN1CCS2
  -ISIS-

  9 10  0  0  0  0  0  0  0  0  1
    3.6586    1.2240    0.1413  N  0  0  0  0  0
    4.9834    0.8628    0.1472  C  0  0  0  0  0
    5.1110   -0.5681    0.5438  C  0  0  0  0  0
    3.5514   -1.2573    0.7902  S  0  0  0  0  0
    2.7518    0.2386    0.3996  C  0  0  0  0  0
    1.4764    0.3545    0.3752  N  0  0  0  0  0
    0.9181    1.6559   -0.0073  C  0  0  0  0  0
    1.8427    2.8114    0.3476  C  0  0  0  0  0
    3.2131    2.5412   -0.2430  C  0  0  0  0  0
  1  5  1  0  0  0
  1  9  1  0  0  0
  1  2  1  0  0  0
  2  3  1  0  0  0
  3  4  1  0  0  0
  4  5  1  0  0  0
  5  6  2  0  0  0
  6  7  1  0  0  0
  7  8  1  0  0  0
  8  9  1  0  0  0
M  END
$$$$
