C12=CCCCC1C3(c4c(cccc4)NC3)C=CC2
  -ISIS-

 18 21  0  0  0  0  0  0  0  0  1
    5.5718    2.8074   -7.1489  C  0  0  0  0  0
    6.4108    1.5390   -7.4507  C  0  0  0  0  0
    7.2653    1.0068   -6.3045  C  0  0  0  0  0
    6.4579    0.8922   -4.9779  C  0  0  0  0  0
    5.6907    2.1736   -4.6650  C  0  0  0  0  0
    5.3148    3.0713   -5.6163  C  0  0  0  0  0
    5.5612   -0.3284   -4.8581  C  0  0  0  0  0
    6.0037   -1.1311   -3.8004  C  0  0  0  0  0
    7.1344   -0.5595   -3.2092  N  0  0  0  0  0
    7.4908    0.6354   -3.8330  C  0  0  0  0  0
    5.3605   -2.3058   -3.4573  C  0  0  0  0  0
    4.2411   -2.6789   -4.2038  C  0  0  0  0  0
    3.7894   -1.8800   -5.2664  C  0  0  0  0  0
    4.4479   -0.6940   -5.6014  C  0  0  0  0  0
    8.0252   -0.3024   -6.6521  C  0  0  0  0  0
    8.5437   -0.2971   -8.0827  C  0  0  0  0  0
    7.3820   -0.1554   -9.0573  C  0  0  0  0  0
    6.4604    0.9662   -8.6765  C  0  0  0  0  0
  1  6  1  0  0  0
  1  2  1  0  0  0
  2 18  2  0  0  0
  2  3  1  0  0  0
  3  4  1  0  0  0
  3 15  1  0  0  0
  4 10  1  0  0  0
  4  5  1  0  0  0
  4  7  1  0  0  0
  5  6  2  0  0  0
  7 14  2  0  0  0
  7  8  1  0  0  0
  8  9  1  0  0  0
  8 11  2  0  0  0
  9 10  1  0  0  0
 11 12  1  0  0  0
 12 13  2  0  0  0
 13 14  1  0  0  0
 15 16  1  0  0  0
 16 17  1  0  0  0
 17 18  1  0  0  0
M  END
$$$$
