C12=C3C(=CNC1C=CC=C2)CNCN3
  -ISIS-

 14 16  0  0  0  0  0  0  0  0  1
   -4.1548    0.6951    3.8795  C  0  0  0  0  0
   -2.8039    0.5647    4.2528  N  0  0  0  0  0
   -1.7365    1.0429    3.5187  C  0  0  0  0  0
   -0.3476    0.9866    3.9694  C  0  0  0  0  0
    0.6312    1.4386    3.1649  C  0  0  0  0  0
    0.3433    1.9869    1.8478  C  0  0  0  0  0
   -0.9131    2.0723    1.3723  C  0  0  0  0  0
   -2.0404    1.6055    2.1853  C  0  0  0  0  0
   -3.3317    1.6798    1.7776  C  0  0  0  0  0
   -4.4114    1.2183    2.6480  C  0  0  0  0  0
   -5.7843    1.3512    2.0810  C  0  0  0  0  0
   -5.9824    1.8759    0.9093  N  0  0  0  0  0
   -4.9101    2.3154    0.1989  C  0  0  0  0  0
   -3.6701    2.2171    0.5619  N  0  0  0  0  0
  1 10  2  0  0  0
  1  2  1  0  0  0
  2  3  1  0  0  0
  3  8  1  0  0  0
  3  4  1  0  0  0
  4  5  2  0  0  0
  5  6  1  0  0  0
  6  7  2  0  0  0
  7  8  1  0  0  0
  8  9  2  0  0  0
  9 14  1  0  0  0
  9 10  1  0  0  0
 10 11  1  0  0  0
 11 12  1  0  0  0
 12 13  1  0  0  0
 13 14  1  0  0  0
M  END
$$$$
C12=C3C(=CNC1C=CC=C2)CNCN3
  -ISIS-

 14 16  0  0  0  0  0  0  0  0  1
   -4.1548    0.6951    3.8795  C  0  0  0  0  0
   -2.8039    0.5647    4.2528  N  0  0  0  0  0
   -1.7365    1.0429    3.5187  C  0  0  0  0  0
   -0.3476    0.9866    3.9694  C  0  0  0  0  0
    0.6312    1.4386    3.1649  C  0  0  0  0  0
    0.3433    1.9869    1.8478  C  0  0  0  0  0
   -0.9131    2.0723    1.3723  C  0  0  0  0  0
   -2.0404    1.6055    2.1853  C  0  0  0  0  0
   -3.3317    1.6798    1.7776  C  0  0  0  0  0
   -4.4114    1.2183    2.6480  C  0  0  0  0  0
   -5.7843    1.3512    2.0810  C  0  0  0  0  0
   -5.9824    1.8759    0.9093  N  0  0  0  0  0
   -4.9101    2.3154    0.1989  C  0  0  0  0  0
   -3.6701    2.2171    0.5619  N  0  0  0  0  0
  1 10  2  0  0  0
  1  2  1  0  0  0
  2  3  1  0  0  0
  3  8  1  0  0  0
  3  4  1  0  0  0
  4  5  2  0  0  0
  5  6  1  0  0  0
  6  7  2  0  0  0
  7  8  1  0  0  0
  8  9  2  0  0  0
  9 14  1  0  0  0
  9 10  1  0  0  0
 10 11  1  0  0  0
 11 12  1  0  0  0
 12 13  1  0  0  0
 13 14  1  0  0  0
M  END
$$$$
C12=C3C(=CNC1C=CC=C2)CNCN3
  -ISIS-

 14 16  0  0  0  0  0  0  0  0  1
   -4.1548    0.6951    3.8795  C  0  0  0  0  0
   -2.8039    0.5647    4.2528  N  0  0  0  0  0
   -1.7365    1.0429    3.5187  C  0  0  0  0  0
   -0.3476    0.9866    3.9694  C  0  0  0  0  0
    0.6312    1.4386    3.1649  C  0  0  0  0  0
    0.3433    1.9869    1.8478  C  0  0  0  0  0
   -0.9131    2.0723    1.3723  C  0  0  0  0  0
   -2.0404    1.6055    2.1853  C  0  0  0  0  0
   -3.3317    1.6798    1.7776  C  0  0  0  0  0
   -4.4114    1.2183    2.6480  C  0  0  0  0  0
   -5.7843    1.3512    2.0810  C  0  0  0  0  0
   -5.9824    1.8759    0.9093  N  0  0  0  0  0
   -4.9101    2.3154    0.1989  C  0  0  0  0  0
   -3.6701    2.2171    0.5619  N  0  0  0  0  0
  1 10  2  0  0  0
  1  2  1  0  0  0
  2  3  1  0  0  0
  3  8  1  0  0  0
  3  4  1  0  0  0
  4  5  2  0  0  0
  5  6  1  0  0  0
  6  7  2  0  0  0
  7  8  1  0  0  0
  8  9  2  0  0  0
  9 14  1  0  0  0
  9 10  1  0  0  0
 10 11  1  0  0  0
 11 12  1  0  0  0
 12 13  1  0  0  0
 13 14  1  0  0  0
M  END
$$$$
C12=C3C(=CNC1C=CC=C2)CNCN3
  -ISIS-

 14 16  0  0  0  0  0  0  0  0  1
   -4.1548    0.6951    3.8795  C  0  0  0  0  0
   -2.8039    0.5647    4.2528  N  0  0  0  0  0
   -1.7365    1.0429    3.5187  C  0  0  0  0  0
   -0.3476    0.9866    3.9694  C  0  0  0  0  0
    0.6312    1.4386    3.1649  C  0  0  0  0  0
    0.3433    1.9869    1.8478  C  0  0  0  0  0
   -0.9131    2.0723    1.3723  C  0  0  0  0  0
   -2.0404    1.6055    2.1853  C  0  0  0  0  0
   -3.3317    1.6798    1.7776  C  0  0  0  0  0
   -4.4114    1.2183    2.6480  C  0  0  0  0  0
   -5.7843    1.3512    2.0810  C  0  0  0  0  0
   -5.9824    1.8759    0.9093  N  0  0  0  0  0
   -4.9101    2.3154    0.1989  C  0  0  0  0  0
   -3.6701    2.2171    0.5619  N  0  0  0  0  0
  1 10  2  0  0  0
  1  2  1  0  0  0
  2  3  1  0  0  0
  3  8  1  0  0  0
  3  4  1  0  0  0
  4  5  2  0  0  0
  5  6  1  0  0  0
  6  7  2  0  0  0
  7  8  1  0  0  0
  8  9  2  0  0  0
  9 14  1  0  0  0
  9 10  1  0  0  0
 10 11  1  0  0  0
 11 12  1  0  0  0
 12 13  1  0  0  0
 13 14  1  0  0  0
M  END
$$$$
