C12=C(CN3C(=N1)CCCCC3)CCO2
  -ISIS-

 14 16  0  0  0  0  0  0  0  0  1
   -2.3550    2.4305   -6.6580  C  0  0  0  0  0
   -1.7805    1.3144   -7.2730  N  0  0  0  0  0
   -0.5186    1.4201   -7.8390  C  0  0  0  0  0
    0.1427    2.5361   -7.9287  N  0  0  0  0  0
   -0.4395    3.6451   -7.4164  C  0  0  0  0  0
   -1.6147    3.6660   -6.8164  C  0  0  0  0  0
   -1.9698    5.0223   -6.3903  C  0  0  0  0  0
   -0.6215    5.7187   -6.6230  C  0  0  0  0  0
    0.1761    4.8878   -7.5028  O  0  0  0  0  0
    0.1760    0.2151   -8.4635  C  0  0  0  0  0
    0.1001   -1.0632   -7.6511  C  0  0  0  0  0
   -1.1544   -1.8630   -7.9773  C  0  0  0  0  0
   -2.4014   -1.0011   -8.1404  C  0  0  0  0  0
   -2.5226    0.0649   -7.0609  C  0  0  0  0  0
  1  6  1  0  0  0
  1  2  1  0  0  0
  2 14  1  0  0  0
  2  3  1  0  0  0
  3  4  2  0  0  0
  3 10  1  0  0  0
  4  5  1  0  0  0
  5  9  1  0  0  0
  5  6  2  0  0  0
  6  7  1  0  0  0
  7  8  1  0  0  0
  8  9  1  0  0  0
 10 11  1  0  0  0
 11 12  1  0  0  0
 12 13  1  0  0  0
 13 14  1  0  0  0
M  END
$$$$
C12=C(CN3C(=N1)CCCCC3)CCO2
  -ISIS-

 14 16  0  0  0  0  0  0  0  0  1
   -2.3550    2.4305   -6.6580  C  0  0  0  0  0
   -1.7805    1.3144   -7.2730  N  0  0  0  0  0
   -0.5186    1.4201   -7.8390  C  0  0  0  0  0
    0.1427    2.5361   -7.9287  N  0  0  0  0  0
   -0.4395    3.6451   -7.4164  C  0  0  0  0  0
   -1.6147    3.6660   -6.8164  C  0  0  0  0  0
   -1.9698    5.0223   -6.3903  C  0  0  0  0  0
   -0.6215    5.7187   -6.6230  C  0  0  0  0  0
    0.1761    4.8878   -7.5028  O  0  0  0  0  0
    0.1760    0.2151   -8.4635  C  0  0  0  0  0
    0.1001   -1.0632   -7.6511  C  0  0  0  0  0
   -1.1544   -1.8630   -7.9773  C  0  0  0  0  0
   -2.4014   -1.0011   -8.1404  C  0  0  0  0  0
   -2.5226    0.0649   -7.0609  C  0  0  0  0  0
  1  6  1  0  0  0
  1  2  1  0  0  0
  2 14  1  0  0  0
  2  3  1  0  0  0
  3  4  2  0  0  0
  3 10  1  0  0  0
  4  5  1  0  0  0
  5  9  1  0  0  0
  5  6  2  0  0  0
  6  7  1  0  0  0
  7  8  1  0  0  0
  8  9  1  0  0  0
 10 11  1  0  0  0
 11 12  1  0  0  0
 12 13  1  0  0  0
 13 14  1  0  0  0
M  END
$$$$
