C12=NC=NCN1C=CC=C2
  -ISIS-

 10 11  0  0  0  0  0  0  0  0  1
   -0.6166   -0.4918    0.2742  C  0  0  0  0  0
   -0.9069   -0.4395    1.5268  N  0  0  0  0  0
   -0.4561   -1.4637    2.2974  C  0  0  0  0  0
    0.2263   -2.4639    1.8763  N  0  0  0  0  0
    0.5407   -2.5322    0.5518  C  0  0  0  0  0
    0.1074   -1.5139   -0.2849  N  0  0  0  0  0
    0.4007   -1.5353   -1.6429  C  0  0  0  0  0
   -0.0112   -0.5591   -2.4619  C  0  0  0  0  0
   -0.7751    0.5418   -1.9354  C  0  0  0  0  0
   -1.0770    0.5961   -0.6322  C  0  0  0  0  0
  1  6  1  0  0  0
  1 10  1  0  0  0
  1  2  2  0  0  0
  2  3  1  0  0  0
  3  4  2  0  0  0
  4  5  1  0  0  0
  5  6  1  0  0  0
  6  7  1  0  0  0
  7  8  2  0  0  0
  8  9  1  0  0  0
  9 10  2  0  0  0
M  END
$$$$
C12=NC=NCN1C=CC=C2
  -ISIS-

 10 11  0  0  0  0  0  0  0  0  1
   -0.6166   -0.4918    0.2742  C  0  0  0  0  0
   -0.9069   -0.4395    1.5268  N  0  0  0  0  0
   -0.4561   -1.4637    2.2974  C  0  0  0  0  0
    0.2263   -2.4639    1.8763  N  0  0  0  0  0
    0.5407   -2.5322    0.5518  C  0  0  0  0  0
    0.1074   -1.5139   -0.2849  N  0  0  0  0  0
    0.4007   -1.5353   -1.6429  C  0  0  0  0  0
   -0.0112   -0.5591   -2.4619  C  0  0  0  0  0
   -0.7751    0.5418   -1.9354  C  0  0  0  0  0
   -1.0770    0.5961   -0.6322  C  0  0  0  0  0
  1  6  1  0  0  0
  1 10  1  0  0  0
  1  2  2  0  0  0
  2  3  1  0  0  0
  3  4  2  0  0  0
  4  5  1  0  0  0
  5  6  1  0  0  0
  6  7  1  0  0  0
  7  8  2  0  0  0
  8  9  1  0  0  0
  9 10  2  0  0  0
M  END
$$$$
C12=NC=NCN1C=CC=C2
  -ISIS-

 10 11  0  0  0  0  0  0  0  0  1
   -6.5878   -0.8704    2.1016  C  0  0  0  0  0
   -5.9157   -1.3849    3.0710  N  0  0  0  0  0
   -6.3220   -1.0657    4.3275  C  0  0  0  0  0
   -7.3125   -0.3049    4.6160  N  0  0  0  0  0
   -8.0340    0.2459    3.5993  C  0  0  0  0  0
   -7.6642   -0.0420    2.2935  N  0  0  0  0  0
   -8.3658    0.4940    1.2205  C  0  0  0  0  0
   -8.0200    0.2245   -0.0449  C  0  0  0  0  0
   -6.8982   -0.6375   -0.3119  C  0  0  0  0  0
   -6.1987   -1.1725    0.6965  C  0  0  0  0  0
  1  6  1  0  0  0
  1 10  1  0  0  0
  1  2  2  0  0  0
  2  3  1  0  0  0
  3  4  2  0  0  0
  4  5  1  0  0  0
  5  6  1  0  0  0
  6  7  1  0  0  0
  7  8  2  0  0  0
  8  9  1  0  0  0
  9 10  2  0  0  0
M  END
$$$$
C12=NC=NCN1C=CC=C2
  -ISIS-

 10 11  0  0  0  0  0  0  0  0  1
   -6.5878   -0.8704    2.1016  C  0  0  0  0  0
   -5.9157   -1.3849    3.0710  N  0  0  0  0  0
   -6.3220   -1.0657    4.3275  C  0  0  0  0  0
   -7.3125   -0.3049    4.6160  N  0  0  0  0  0
   -8.0340    0.2459    3.5993  C  0  0  0  0  0
   -7.6642   -0.0420    2.2935  N  0  0  0  0  0
   -8.3658    0.4940    1.2205  C  0  0  0  0  0
   -8.0200    0.2245   -0.0449  C  0  0  0  0  0
   -6.8982   -0.6375   -0.3119  C  0  0  0  0  0
   -6.1987   -1.1725    0.6965  C  0  0  0  0  0
  1  6  1  0  0  0
  1 10  1  0  0  0
  1  2  2  0  0  0
  2  3  1  0  0  0
  3  4  2  0  0  0
  4  5  1  0  0  0
  5  6  1  0  0  0
  6  7  1  0  0  0
  7  8  2  0  0  0
  8  9  1  0  0  0
  9 10  2  0  0  0
M  END
$$$$
C12=NC=NCN1C=CC=C2
  -ISIS-

 10 11  0  0  0  0  0  0  0  0  1
   -6.3211   -6.4981    3.6434  C  0  0  0  0  0
   -7.4386   -6.6304    3.0148  N  0  0  0  0  0
   -7.3773   -6.9175    1.6815  C  0  0  0  0  0
   -6.2723   -7.0589    1.0353  N  0  0  0  0  0
   -5.0795   -6.9219    1.6849  C  0  0  0  0  0
   -5.0979   -6.6310    3.0390  N  0  0  0  0  0
   -3.9152   -6.4805    3.7521  C  0  0  0  0  0
   -3.9200   -6.1991    5.0613  C  0  0  0  0  0
   -5.1724   -6.0470    5.7550  C  0  0  0  0  0
   -6.3319   -6.1849    5.0996  C  0  0  0  0  0
  1  6  1  0  0  0
  1 10  1  0  0  0
  1  2  2  0  0  0
  2  3  1  0  0  0
  3  4  2  0  0  0
  4  5  1  0  0  0
  5  6  1  0  0  0
  6  7  1  0  0  0
  7  8  2  0  0  0
  8  9  1  0  0  0
  9 10  2  0  0  0
M  END
$$$$
C12=NC=NCN1C=CC=C2
  -ISIS-

 10 11  0  0  0  0  0  0  0  0  1
   -6.3211   -6.4981    3.6434  C  0  0  0  0  0
   -7.4386   -6.6304    3.0148  N  0  0  0  0  0
   -7.3773   -6.9175    1.6815  C  0  0  0  0  0
   -6.2723   -7.0589    1.0353  N  0  0  0  0  0
   -5.0795   -6.9219    1.6849  C  0  0  0  0  0
   -5.0979   -6.6310    3.0390  N  0  0  0  0  0
   -3.9152   -6.4805    3.7521  C  0  0  0  0  0
   -3.9200   -6.1991    5.0613  C  0  0  0  0  0
   -5.1724   -6.0470    5.7550  C  0  0  0  0  0
   -6.3319   -6.1849    5.0996  C  0  0  0  0  0
  1  6  1  0  0  0
  1 10  1  0  0  0
  1  2  2  0  0  0
  2  3  1  0  0  0
  3  4  2  0  0  0
  4  5  1  0  0  0
  5  6  1  0  0  0
  6  7  1  0  0  0
  7  8  2  0  0  0
  8  9  1  0  0  0
  9 10  2  0  0  0
M  END
$$$$
C12=NC=NCN1C=CC=C2
  -ISIS-

 10 11  0  0  0  0  0  0  0  0  1
    2.0858   -2.8564    5.5692  C  0  0  0  0  0
    3.2575   -2.4310    5.2428  N  0  0  0  0  0
    3.3124   -1.5062    4.2583  C  0  0  0  0  0
    2.2990   -1.0308    3.6383  N  0  0  0  0  0
    1.0516   -1.4690    3.9705  C  0  0  0  0  0
    0.9172   -2.4257    4.9791  N  0  0  0  0  0
   -0.3302   -2.9428    5.3943  C  0  0  0  0  0
   -0.3859   -3.8644    6.3747  C  0  0  0  0  0
    0.8045   -4.3413    7.0177  C  0  0  0  0  0
    1.9983   -3.8732    6.6487  C  0  0  0  0  0
  1  6  1  0  0  0
  1 10  1  0  0  0
  1  2  2  0  0  0
  2  3  1  0  0  0
  3  4  2  0  0  0
  4  5  1  0  0  0
  5  6  1  0  0  0
  6  7  1  0  0  0
  7  8  2  0  0  0
  8  9  1  0  0  0
  9 10  2  0  0  0
M  END
$$$$
C12=NC=NCN1C=CC=C2
  -ISIS-

 10 11  0  0  0  0  0  0  0  0  1
    2.0858   -2.8564    5.5692  C  0  0  0  0  0
    3.2575   -2.4310    5.2428  N  0  0  0  0  0
    3.3124   -1.5062    4.2583  C  0  0  0  0  0
    2.2990   -1.0308    3.6383  N  0  0  0  0  0
    1.0516   -1.4690    3.9705  C  0  0  0  0  0
    0.9172   -2.4257    4.9791  N  0  0  0  0  0
   -0.3302   -2.9428    5.3943  C  0  0  0  0  0
   -0.3859   -3.8644    6.3747  C  0  0  0  0  0
    0.8045   -4.3413    7.0177  C  0  0  0  0  0
    1.9983   -3.8732    6.6487  C  0  0  0  0  0
  1  6  1  0  0  0
  1 10  1  0  0  0
  1  2  2  0  0  0
  2  3  1  0  0  0
  3  4  2  0  0  0
  4  5  1  0  0  0
  5  6  1  0  0  0
  6  7  1  0  0  0
  7  8  2  0  0  0
  8  9  1  0  0  0
  9 10  2  0  0  0
M  END
$$$$
C12=NC=NCN1C=CC=C2
  -ISIS-

 10 11  0  0  0  0  0  0  0  0  1
    2.0858   -2.8564    5.5692  C  0  0  0  0  0
    3.2575   -2.4310    5.2428  N  0  0  0  0  0
    3.3124   -1.5062    4.2583  C  0  0  0  0  0
    2.2990   -1.0308    3.6383  N  0  0  0  0  0
    1.0516   -1.4690    3.9705  C  0  0  0  0  0
    0.9172   -2.4257    4.9791  N  0  0  0  0  0
   -0.3302   -2.9428    5.3943  C  0  0  0  0  0
   -0.3859   -3.8644    6.3747  C  0  0  0  0  0
    0.8045   -4.3413    7.0177  C  0  0  0  0  0
    1.9983   -3.8732    6.6487  C  0  0  0  0  0
  1  6  1  0  0  0
  1 10  1  0  0  0
  1  2  2  0  0  0
  2  3  1  0  0  0
  3  4  2  0  0  0
  4  5  1  0  0  0
  5  6  1  0  0  0
  6  7  1  0  0  0
  7  8  2  0  0  0
  8  9  1  0  0  0
  9 10  2  0  0  0
M  END
$$$$
C12=NC=NCN1C=CC=C2
  -ISIS-

 10 11  0  0  0  0  0  0  0  0  1
    8.5517    2.3082   -3.2589  C  0  0  0  0  0
    8.5783    1.2247   -2.5638  N  0  0  0  0  0
    7.3899    0.5962   -2.3815  C  0  0  0  0  0
    6.2595    0.9898   -2.8427  N  0  0  0  0  0
    6.2175    2.1330   -3.5832  C  0  0  0  0  0
    7.4010    2.8232   -3.8012  N  0  0  0  0  0
    7.4132    3.9952   -4.5477  C  0  0  0  0  0
    8.5479    4.6712   -4.7686  C  0  0  0  0  0
    9.7886    4.1830   -4.2257  C  0  0  0  0  0
    9.8160    3.0570   -3.5018  C  0  0  0  0  0
  1  6  1  0  0  0
  1 10  1  0  0  0
  1  2  2  0  0  0
  2  3  1  0  0  0
  3  4  2  0  0  0
  4  5  1  0  0  0
  5  6  1  0  0  0
  6  7  1  0  0  0
  7  8  2  0  0  0
  8  9  1  0  0  0
  9 10  2  0  0  0
M  END
$$$$
C12=NC=NCN1C=CC=C2
  -ISIS-

 10 11  0  0  0  0  0  0  0  0  1
    8.5517    2.3082   -3.2589  C  0  0  0  0  0
    8.5783    1.2247   -2.5638  N  0  0  0  0  0
    7.3899    0.5962   -2.3815  C  0  0  0  0  0
    6.2595    0.9898   -2.8427  N  0  0  0  0  0
    6.2175    2.1330   -3.5832  C  0  0  0  0  0
    7.4010    2.8232   -3.8012  N  0  0  0  0  0
    7.4132    3.9952   -4.5477  C  0  0  0  0  0
    8.5479    4.6712   -4.7686  C  0  0  0  0  0
    9.7886    4.1830   -4.2257  C  0  0  0  0  0
    9.8160    3.0570   -3.5018  C  0  0  0  0  0
  1  6  1  0  0  0
  1 10  1  0  0  0
  1  2  2  0  0  0
  2  3  1  0  0  0
  3  4  2  0  0  0
  4  5  1  0  0  0
  5  6  1  0  0  0
  6  7  1  0  0  0
  7  8  2  0  0  0
  8  9  1  0  0  0
  9 10  2  0  0  0
M  END
$$$$
C12=NC=NCN1C=CC=C2
  -ISIS-

 10 11  0  0  0  0  0  0  0  0  1
   -4.0092    5.4425   -8.4036  N  0  0  0  0  0
   -3.3437    4.9001   -9.4727  C  0  0  0  0  0
   -3.8498    3.9877  -10.2251  N  0  0  0  0  0
   -5.1037    3.5616   -9.9221  C  0  0  0  0  0
   -5.8045    4.0065   -8.9449  N  0  0  0  0  0
   -5.2851    4.9742   -8.1372  C  0  0  0  0  0
   -1.9726    5.4098   -9.7530  C  0  0  0  0  0
   -1.4464    6.3599   -8.9686  C  0  0  0  0  0
   -2.1982    6.8887   -7.8588  C  0  0  0  0  0
   -3.4310    6.4283   -7.6102  C  0  0  0  0  0
  1  6  1  0  0  0
  1 10  1  0  0  0
  1  2  1  0  0  0
  2  3  2  0  0  0
  2  7  1  0  0  0
  3  4  1  0  0  0
  4  5  2  0  0  0
  5  6  1  0  0  0
  7  8  2  0  0  0
  8  9  1  0  0  0
  9 10  2  0  0  0
M  END
$$$$
C12=NC=NCN1C=CC=C2
  -ISIS-

 10 11  0  0  0  0  0  0  0  0  1
   -4.0092    5.4425   -8.4036  N  0  0  0  0  0
   -3.3437    4.9001   -9.4727  C  0  0  0  0  0
   -3.8498    3.9877  -10.2251  N  0  0  0  0  0
   -5.1037    3.5616   -9.9221  C  0  0  0  0  0
   -5.8045    4.0065   -8.9449  N  0  0  0  0  0
   -5.2851    4.9742   -8.1372  C  0  0  0  0  0
   -1.9726    5.4098   -9.7530  C  0  0  0  0  0
   -1.4464    6.3599   -8.9686  C  0  0  0  0  0
   -2.1982    6.8887   -7.8588  C  0  0  0  0  0
   -3.4310    6.4283   -7.6102  C  0  0  0  0  0
  1  6  1  0  0  0
  1 10  1  0  0  0
  1  2  1  0  0  0
  2  3  2  0  0  0
  2  7  1  0  0  0
  3  4  1  0  0  0
  4  5  2  0  0  0
  5  6  1  0  0  0
  7  8  2  0  0  0
  8  9  1  0  0  0
  9 10  2  0  0  0
M  END
$$$$
C12=NC=NCN1C=CC=C2
  -ISIS-

 10 11  0  0  0  0  0  0  0  0  1
   -4.0092    5.4425   -8.4036  N  0  0  0  0  0
   -3.3437    4.9001   -9.4727  C  0  0  0  0  0
   -3.8498    3.9877  -10.2251  N  0  0  0  0  0
   -5.1037    3.5616   -9.9221  C  0  0  0  0  0
   -5.8045    4.0065   -8.9449  N  0  0  0  0  0
   -5.2851    4.9742   -8.1372  C  0  0  0  0  0
   -1.9726    5.4098   -9.7530  C  0  0  0  0  0
   -1.4464    6.3599   -8.9686  C  0  0  0  0  0
   -2.1982    6.8887   -7.8588  C  0  0  0  0  0
   -3.4310    6.4283   -7.6102  C  0  0  0  0  0
  1  6  1  0  0  0
  1 10  1  0  0  0
  1  2  1  0  0  0
  2  3  2  0  0  0
  2  7  1  0  0  0
  3  4  1  0  0  0
  4  5  2  0  0  0
  5  6  1  0  0  0
  7  8  2  0  0  0
  8  9  1  0  0  0
  9 10  2  0  0  0
M  END
$$$$
