C12=C(Nc3c1cccc3)CN4C(C2)CNCC4
  -ISIS-

 17 20  0  0  0  0  0  0  0  0  1
   -0.3952   -3.0005    0.7942  C  0  0  0  0  0
   -0.7009   -4.0841    1.5911  C  0  0  0  0  0
   -0.0380   -5.4027    1.4406  C  0  0  0  0  0
    0.7578   -5.4952    0.1109  C  0  0  0  0  0
    1.7685   -6.6776    0.1450  C  0  0  0  0  0
    2.9456   -6.3963    1.0551  N  0  0  0  0  0
    3.6629   -5.0960    0.7777  C  0  0  0  0  0
    2.6854   -3.8954    0.7439  C  0  0  0  0  0
    1.5243   -4.1665   -0.2109  N  0  0  0  0  0
    0.5675   -2.9692   -0.3182  C  0  0  0  0  0
   -1.6863   -3.6715    2.5272  C  0  0  0  0  0
   -2.3732   -4.3060    3.5804  C  0  0  0  0  0
   -3.3074   -3.5768    4.3248  C  0  0  0  0  0
   -3.5615   -2.2394    4.0332  C  0  0  0  0  0
   -2.8936   -1.5891    2.9923  C  0  0  0  0  0
   -1.9610   -2.3297    2.2574  C  0  0  0  0  0
   -1.1761   -1.9458    1.1914  N  0  0  0  0  0
  1 10  1  0  0  0
  1 17  1  0  0  0
  1  2  2  0  0  0
  2  3  1  0  0  0
  2 11  1  0  0  0
  3  4  1  0  0  0
  4  9  1  0  0  0
  4  5  1  0  0  0
  5  6  1  0  0  0
  6  7  1  0  0  0
  7  8  1  0  0  0
  8  9  1  0  0  0
  9 10  1  0  0  0
 11 16  2  0  0  0
 11 12  1  0  0  0
 12 13  2  0  0  0
 13 14  1  0  0  0
 14 15  2  0  0  0
 15 16  1  0  0  0
 16 17  1  0  0  0
M  END
$$$$
C12=C(Nc3c1cccc3)CN4C(C2)CNCC4
  -ISIS-

 17 20  0  0  0  0  0  0  0  0  1
    4.0185   -1.8695    2.4139  N  0  0  0  0  0
    2.5057   -1.9993    2.5973  C  0  0  0  0  0
    1.9915   -1.1626    3.7987  C  0  0  0  0  0
    2.9416   -0.0298    4.1813  N  0  0  0  0  0
    2.2487    1.0138    5.0728  C  0  0  0  0  0
    1.4922    1.9554    4.2291  C  0  0  0  0  0
    0.5195    2.8115    4.6766  N  0  0  0  0  0
    0.0250    3.5408    3.6164  C  0  0  0  0  0
    0.7192    3.1504    2.4696  C  0  0  0  0  0
    1.6480    2.1547    2.8722  C  0  0  0  0  0
    2.6265    1.3907    2.0571  C  0  0  0  0  0
    3.6413    0.6365    2.9592  C  0  0  0  0  0
    4.4470   -0.4184    2.1375  C  0  0  0  0  0
    0.3975    3.7599    1.2415  C  0  0  0  0  0
   -0.6047    4.7361    1.2043  C  0  0  0  0  0
   -1.2804    5.1064    2.3638  C  0  0  0  0  0
   -0.9782    4.5161    3.5938  C  0  0  0  0  0
  1 13  1  0  0  0
  1  2  1  0  0  0
  2  3  1  0  0  0
  3  4  1  0  0  0
  4 12  1  0  0  0
  4  5  1  0  0  0
  5  6  1  0  0  0
  6 10  2  0  0  0
  6  7  1  0  0  0
  7  8  1  0  0  0
  8 17  2  0  0  0
  8  9  1  0  0  0
  9 10  1  0  0  0
  9 14  2  0  0  0
 10 11  1  0  0  0
 11 12  1  0  0  0
 12 13  1  0  0  0
 14 15  1  0  0  0
 15 16  2  0  0  0
 16 17  1  0  0  0
M  END
$$$$
C12=C(Nc3c1cccc3)CN4C(C2)CNCC4
  -ISIS-

 17 20  0  0  0  0  0  0  0  0  1
   -2.8914   -2.9626    6.7881  N  0  0  0  0  0
   -2.7226   -1.4606    6.5107  C  0  0  0  0  0
   -1.9877   -0.6490    7.6112  C  0  0  0  0  0
   -2.3058   -1.0964    9.0362  N  0  0  0  0  0
   -1.0323   -1.4793    9.8004  C  0  0  0  0  0
   -1.3659   -2.2414   11.0137  C  0  0  0  0  0
   -0.4634   -2.6103   11.9794  N  0  0  0  0  0
   -1.1000   -3.3602   12.9445  C  0  0  0  0  0
   -0.5812   -3.9571   14.0989  C  0  0  0  0  0
   -1.4687   -4.6565   14.9208  C  0  0  0  0  0
   -2.8207   -4.7506   14.6019  C  0  0  0  0  0
   -3.3261   -4.1472   13.4447  C  0  0  0  0  0
   -2.4495   -3.4422   12.5978  C  0  0  0  0  0
   -2.6022   -2.7291   11.3798  C  0  0  0  0  0
   -3.8225   -2.4802   10.5792  C  0  0  0  0  0
   -3.4684   -2.1250    9.1210  C  0  0  0  0  0
   -3.1163   -3.3626    8.2538  C  0  0  0  0  0
  1 17  1  0  0  0
  1  2  1  0  0  0
  2  3  1  0  0  0
  3  4  1  0  0  0
  4 16  1  0  0  0
  4  5  1  0  0  0
  5  6  1  0  0  0
  6 14  2  0  0  0
  6  7  1  0  0  0
  7  8  1  0  0  0
  8 13  2  0  0  0
  8  9  1  0  0  0
  9 10  2  0  0  0
 10 11  1  0  0  0
 11 12  2  0  0  0
 12 13  1  0  0  0
 13 14  1  0  0  0
 14 15  1  0  0  0
 15 16  1  0  0  0
 16 17  1  0  0  0
M  END
$$$$
C12=C(Nc3c1cccc3)CN4C(C2)CNCC4
  -ISIS-

 17 20  0  0  0  0  0  0  0  0  1
   -2.5451   -0.5095    9.2516  N  0  0  0  0  0
   -2.9157    0.7413   10.0383  C  0  0  0  0  0
   -2.8983    0.4918   11.5747  C  0  0  0  0  0
   -1.6063   -0.1607   12.0381  N  0  0  0  0  0
   -0.4342    0.8214   12.1099  C  0  0  0  0  0
    0.8368    0.0896   12.2193  C  0  0  0  0  0
    2.0545    0.6668   12.4785  N  0  0  0  0  0
    3.0366   -0.2998   12.4705  C  0  0  0  0  0
    4.4152   -0.1757   12.6765  C  0  0  0  0  0
    5.1855   -1.3404   12.6213  C  0  0  0  0  0
    4.5989   -2.5783   12.3721  C  0  0  0  0  0
    3.2187   -2.6872   12.1685  C  0  0  0  0  0
    2.4223   -1.5268   12.2160  C  0  0  0  0  0
    1.0349   -1.2661   12.0616  C  0  0  0  0  0
   -0.0761   -2.2117   11.7984  C  0  0  0  0  0
   -1.3194   -1.4788   11.2552  C  0  0  0  0  0
   -1.2424   -1.1847    9.7328  C  0  0  0  0  0
  1 17  1  0  0  0
  1  2  1  0  0  0
  2  3  1  0  0  0
  3  4  1  0  0  0
  4 16  1  0  0  0
  4  5  1  0  0  0
  5  6  1  0  0  0
  6 14  2  0  0  0
  6  7  1  0  0  0
  7  8  1  0  0  0
  8 13  2  0  0  0
  8  9  1  0  0  0
  9 10  2  0  0  0
 10 11  1  0  0  0
 11 12  2  0  0  0
 12 13  1  0  0  0
 13 14  1  0  0  0
 14 15  1  0  0  0
 15 16  1  0  0  0
 16 17  1  0  0  0
M  END
$$$$
C12=C(Nc3c1cccc3)CN4C(C2)CNCC4
  -ISIS-

 17 20  0  0  0  0  0  0  0  0  1
    8.1540   -0.0428    3.0966  N  0  0  0  0  0
    6.8702    0.6938    3.5194  C  0  0  0  0  0
    7.0967    2.2184    3.7143  C  0  0  0  0  0
    7.7765    2.8530    2.5130  N  0  0  0  0  0
    6.8194    3.0735    1.3367  C  0  0  0  0  0
    7.5782    3.2910    0.0945  C  0  0  0  0  0
    7.0230    3.6402   -1.1109  N  0  0  0  0  0
    8.0092    3.7136   -2.0707  C  0  0  0  0  0
    7.9096    4.0194   -3.4326  C  0  0  0  0  0
    9.0899    4.0371   -4.1802  C  0  0  0  0  0
   10.3196    3.7632   -3.5875  C  0  0  0  0  0
   10.4044    3.4601   -2.2239  C  0  0  0  0  0
    9.2275    3.4311   -1.4512  C  0  0  0  0  0
    8.9404    3.1692   -0.0858  C  0  0  0  0  0
    9.8627    2.8334    1.0242  C  0  0  0  0  0
    9.1093    2.1279    2.1692  C  0  0  0  0  0
    8.8411    0.6226    1.8875  C  0  0  0  0  0
  1 17  1  0  0  0
  1  2  1  0  0  0
  2  3  1  0  0  0
  3  4  1  0  0  0
  4 16  1  0  0  0
  4  5  1  0  0  0
  5  6  1  0  0  0
  6 14  2  0  0  0
  6  7  1  0  0  0
  7  8  1  0  0  0
  8 13  2  0  0  0
  8  9  1  0  0  0
  9 10  2  0  0  0
 10 11  1  0  0  0
 11 12  2  0  0  0
 12 13  1  0  0  0
 13 14  1  0  0  0
 14 15  1  0  0  0
 15 16  1  0  0  0
 16 17  1  0  0  0
M  END
$$$$
C12=C(Nc3c1cccc3)CN4C(C2)CNCC4
  -ISIS-

 17 20  0  0  0  0  0  0  0  0  1
    3.7719   -5.9691    1.7044  N  0  0  0  0  0
    4.9078   -5.0319    2.0776  C  0  0  0  0  0
    4.6742   -3.5935    1.5241  C  0  0  0  0  0
    3.3063   -3.0436    1.9091  N  0  0  0  0  0
    3.2560   -2.5542    3.3637  C  0  0  0  0  0
    1.8885   -2.6171    3.9050  C  0  0  0  0  0
    1.5384   -2.2884    5.1904  N  0  0  0  0  0
    0.2122   -2.5972    5.4011  C  0  0  0  0  0
   -0.5567   -2.4897    6.5652  C  0  0  0  0  0
   -1.8966   -2.8788    6.4940  C  0  0  0  0  0
   -2.4462   -3.3465    5.3036  C  0  0  0  0  0
   -1.6678   -3.4399    4.1445  C  0  0  0  0  0
   -0.3125   -3.0622    4.1939  C  0  0  0  0  0
    0.7502   -3.0435    3.2536  C  0  0  0  0  0
    0.7719   -3.4465    1.8273  C  0  0  0  0  0
    2.1604   -4.0115    1.4659  C  0  0  0  0  0
    2.3889   -5.4212    2.0753  C  0  0  0  0  0
  1 17  1  0  0  0
  1  2  1  0  0  0
  2  3  1  0  0  0
  3  4  1  0  0  0
  4 16  1  0  0  0
  4  5  1  0  0  0
  5  6  1  0  0  0
  6 14  2  0  0  0
  6  7  1  0  0  0
  7  8  1  0  0  0
  8 13  2  0  0  0
  8  9  1  0  0  0
  9 10  2  0  0  0
 10 11  1  0  0  0
 11 12  2  0  0  0
 12 13  1  0  0  0
 13 14  1  0  0  0
 14 15  1  0  0  0
 15 16  1  0  0  0
 16 17  1  0  0  0
M  END
$$$$
C12=C(Nc3c1cccc3)CN4C(C2)CNCC4
  -ISIS-

 17 20  0  0  0  0  0  0  0  0  1
   -0.7764   -6.8069    1.7723  N  0  0  0  0  0
    0.1840   -7.6103    0.8991  C  0  0  0  0  0
   -0.5203   -8.2266   -0.3288  C  0  0  0  0  0
   -1.1364   -7.1754   -1.2514  N  0  0  0  0  0
   -0.1814   -6.7670   -2.3839  C  0  0  0  0  0
    0.7228   -5.7412   -1.8540  C  0  0  0  0  0
    2.0671   -5.6101   -2.0632  N  0  0  0  0  0
    2.5380   -4.5592   -1.2996  C  0  0  0  0  0
    3.8432   -4.0782   -1.1483  C  0  0  0  0  0
    4.0311   -2.9615   -0.3284  C  0  0  0  0  0
    2.9558   -2.3450    0.3071  C  0  0  0  0  0
    1.6549   -2.8332    0.1457  C  0  0  0  0  0
    1.4427   -3.9640   -0.6654  C  0  0  0  0  0
    0.3054   -4.7197   -1.0357  C  0  0  0  0  0
   -1.1293   -4.5844   -0.6983  C  0  0  0  0  0
   -1.8175   -5.9606   -0.4795  C  0  0  0  0  0
   -2.0211   -6.3051    1.0322  C  0  0  0  0  0
  1 17  1  0  0  0
  1  2  1  0  0  0
  2  3  1  0  0  0
  3  4  1  0  0  0
  4 16  1  0  0  0
  4  5  1  0  0  0
  5  6  1  0  0  0
  6 14  2  0  0  0
  6  7  1  0  0  0
  7  8  1  0  0  0
  8 13  2  0  0  0
  8  9  1  0  0  0
  9 10  2  0  0  0
 10 11  1  0  0  0
 11 12  2  0  0  0
 12 13  1  0  0  0
 13 14  1  0  0  0
 14 15  1  0  0  0
 15 16  1  0  0  0
 16 17  1  0  0  0
M  END
$$$$
