C12=C(NC=N1)NCNC2
  -ISIS-

  9 10  0  0  0  0  0  0  0  0  1
    0.5458    4.5456   -1.0408  C  0  0  0  0  0
    0.6659    3.7649   -2.1513  N  0  0  0  0  0
    0.0124    4.4095   -3.1746  C  0  0  0  0  0
   -0.5090    5.5440   -2.7635  N  0  0  0  0  0
   -0.1772    5.6363   -1.4332  C  0  0  0  0  0
   -0.4900    6.6789   -0.4829  C  0  0  0  0  0
    0.0146    6.4178    0.8046  N  0  0  0  0  0
    0.7632    5.2886    1.2037  C  0  0  0  0  0
    1.0329    4.3149    0.2262  N  0  0  0  0  0
  1  9  1  0  0  0
  1  5  2  0  0  0
  1  2  1  0  0  0
  2  3  1  0  0  0
  3  4  2  0  0  0
  4  5  1  0  0  0
  5  6  1  0  0  0
  6  7  1  0  0  0
  7  8  1  0  0  0
  8  9  1  0  0  0
M  END
$$$$
