C12=C(CC3(OCCO3)CC1)CCC4c5c(cccc5)CCN24
  -ISIS-

 22 26  0  0  0  0  0  0  0  0  1
    0.9750    1.2890   -2.4556  C  0  0  0  0  0
    1.2284    2.2629   -1.3530  C  0  0  0  0  0
    0.5072    3.4022   -1.3282  C  0  0  0  0  0
   -0.3849    3.7413   -2.3582  N  0  0  0  0  0
   -0.1577    3.1074   -3.6827  C  0  0  0  0  0
   -0.0932    1.5977   -3.4758  C  0  0  0  0  0
   -1.1562    3.5222   -4.7575  C  0  0  0  0  0
   -2.2088    4.4173   -4.4951  C  0  0  0  0  0
   -2.3641    4.9928   -3.1120  C  0  0  0  0  0
   -1.7949    4.0513   -2.0596  C  0  0  0  0  0
   -3.0654    4.8177   -5.5392  C  0  0  0  0  0
   -2.9352    4.2873   -6.8337  C  0  0  0  0  0
   -1.8870    3.4046   -7.0897  C  0  0  0  0  0
   -1.0031    3.0380   -6.0686  C  0  0  0  0  0
    0.7033    4.4045   -0.2037  C  0  0  0  0  0
    1.4485    3.8446    1.0076  C  0  0  0  0  0
    2.6721    3.0341    0.5923  C  0  0  0  0  0
    2.2712    1.8811   -0.3397  C  0  0  0  0  0
    3.2837    2.4985    1.7820  O  0  0  0  0  0
    4.6774    2.7564    1.6197  C  0  0  0  0  0
    4.6969    4.0425    0.8423  C  0  0  0  0  0
    3.6183    3.8892   -0.0789  O  0  0  0  0  0
  1  6  1  0  0  0
  1  2  1  0  0  0
  2 18  1  0  0  0
  2  3  2  0  0  0
  3  4  1  0  0  0
  3 15  1  0  0  0
  4 10  1  0  0  0
  4  5  1  0  0  0
  5  6  1  0  0  0
  5  7  1  0  0  0
  7 14  2  0  0  0
  7  8  1  0  0  0
  8  9  1  0  0  0
  8 11  2  0  0  0
  9 10  1  0  0  0
 11 12  1  0  0  0
 12 13  2  0  0  0
 13 14  1  0  0  0
 15 16  1  0  0  0
 16 17  1  0  0  0
 17 22  1  0  0  0
 17 18  1  0  0  0
 17 19  1  0  0  0
 19 20  1  0  0  0
 20 21  1  0  0  0
 21 22  1  0  0  0
M  END
$$$$
C12=C(CC3(OCCO3)CC1)CCC4c5c(cccc5)CCN24
  -ISIS-

 22 26  0  0  0  0  0  0  0  0  1
    0.9750    1.2890   -2.4556  C  0  0  0  0  0
    1.2284    2.2629   -1.3530  C  0  0  0  0  0
    0.5072    3.4022   -1.3282  C  0  0  0  0  0
   -0.3849    3.7413   -2.3582  N  0  0  0  0  0
   -0.1577    3.1074   -3.6827  C  0  0  0  0  0
   -0.0932    1.5977   -3.4758  C  0  0  0  0  0
   -1.1562    3.5222   -4.7575  C  0  0  0  0  0
   -2.2088    4.4173   -4.4951  C  0  0  0  0  0
   -2.3641    4.9928   -3.1120  C  0  0  0  0  0
   -1.7949    4.0513   -2.0596  C  0  0  0  0  0
   -3.0654    4.8177   -5.5392  C  0  0  0  0  0
   -2.9352    4.2873   -6.8337  C  0  0  0  0  0
   -1.8870    3.4046   -7.0897  C  0  0  0  0  0
   -1.0031    3.0380   -6.0686  C  0  0  0  0  0
    0.7033    4.4045   -0.2037  C  0  0  0  0  0
    1.4485    3.8446    1.0076  C  0  0  0  0  0
    2.6721    3.0341    0.5923  C  0  0  0  0  0
    2.2712    1.8811   -0.3397  C  0  0  0  0  0
    3.2837    2.4985    1.7820  O  0  0  0  0  0
    4.6774    2.7564    1.6197  C  0  0  0  0  0
    4.6969    4.0425    0.8423  C  0  0  0  0  0
    3.6183    3.8892   -0.0789  O  0  0  0  0  0
  1  6  1  0  0  0
  1  2  1  0  0  0
  2 18  1  0  0  0
  2  3  2  0  0  0
  3  4  1  0  0  0
  3 15  1  0  0  0
  4 10  1  0  0  0
  4  5  1  0  0  0
  5  6  1  0  0  0
  5  7  1  0  0  0
  7 14  2  0  0  0
  7  8  1  0  0  0
  8  9  1  0  0  0
  8 11  2  0  0  0
  9 10  1  0  0  0
 11 12  1  0  0  0
 12 13  2  0  0  0
 13 14  1  0  0  0
 15 16  1  0  0  0
 16 17  1  0  0  0
 17 22  1  0  0  0
 17 18  1  0  0  0
 17 19  1  0  0  0
 19 20  1  0  0  0
 20 21  1  0  0  0
 21 22  1  0  0  0
M  END
$$$$
C12=C(CC3(OCCO3)CC1)CCC4c5c(cccc5)CCN24
  -ISIS-

 22 26  0  0  0  0  0  0  0  0  1
    0.9750    1.2890   -2.4556  C  0  0  0  0  0
    1.2284    2.2629   -1.3530  C  0  0  0  0  0
    0.5072    3.4022   -1.3282  C  0  0  0  0  0
   -0.3849    3.7413   -2.3582  N  0  0  0  0  0
   -0.1577    3.1074   -3.6827  C  0  0  0  0  0
   -0.0932    1.5977   -3.4758  C  0  0  0  0  0
   -1.1562    3.5222   -4.7575  C  0  0  0  0  0
   -2.2088    4.4173   -4.4951  C  0  0  0  0  0
   -2.3641    4.9928   -3.1120  C  0  0  0  0  0
   -1.7949    4.0513   -2.0596  C  0  0  0  0  0
   -3.0654    4.8177   -5.5392  C  0  0  0  0  0
   -2.9352    4.2873   -6.8337  C  0  0  0  0  0
   -1.8870    3.4046   -7.0897  C  0  0  0  0  0
   -1.0031    3.0380   -6.0686  C  0  0  0  0  0
    0.7033    4.4045   -0.2037  C  0  0  0  0  0
    1.4485    3.8446    1.0076  C  0  0  0  0  0
    2.6721    3.0341    0.5923  C  0  0  0  0  0
    2.2712    1.8811   -0.3397  C  0  0  0  0  0
    3.2837    2.4985    1.7820  O  0  0  0  0  0
    4.6774    2.7564    1.6197  C  0  0  0  0  0
    4.6969    4.0425    0.8423  C  0  0  0  0  0
    3.6183    3.8892   -0.0789  O  0  0  0  0  0
  1  6  1  0  0  0
  1  2  1  0  0  0
  2 18  1  0  0  0
  2  3  2  0  0  0
  3  4  1  0  0  0
  3 15  1  0  0  0
  4 10  1  0  0  0
  4  5  1  0  0  0
  5  6  1  0  0  0
  5  7  1  0  0  0
  7 14  2  0  0  0
  7  8  1  0  0  0
  8  9  1  0  0  0
  8 11  2  0  0  0
  9 10  1  0  0  0
 11 12  1  0  0  0
 12 13  2  0  0  0
 13 14  1  0  0  0
 15 16  1  0  0  0
 16 17  1  0  0  0
 17 22  1  0  0  0
 17 18  1  0  0  0
 17 19  1  0  0  0
 19 20  1  0  0  0
 20 21  1  0  0  0
 21 22  1  0  0  0
M  END
$$$$
C12=C(CC3(OCCO3)CC1)CCC4c5c(cccc5)CCN24
  -ISIS-

 22 26  0  0  0  0  0  0  0  0  1
   -0.9891    8.9550   -6.1449  C  0  0  0  0  0
    0.2067    9.5533   -5.7290  C  0  0  0  0  0
    1.3438    9.3973   -6.5286  C  0  0  0  0  0
    1.2989    8.6327   -7.6993  C  0  0  0  0  0
    0.1198    7.9841   -8.0930  C  0  0  0  0  0
   -1.0259    8.1405   -7.2871  C  0  0  0  0  0
   -2.2570    7.3923   -7.7143  C  0  0  0  0  0
   -1.8649    5.9787   -8.1404  C  0  0  0  0  0
   -0.8289    5.9417   -9.1970  N  0  0  0  0  0
   -0.0221    7.1809   -9.3896  C  0  0  0  0  0
    1.3165    6.8220  -10.0481  C  0  0  0  0  0
    1.0985    6.0244  -11.3267  C  0  0  0  0  0
    0.1526    4.8754  -11.1216  C  0  0  0  0  0
   -0.7152    4.8558  -10.0872  C  0  0  0  0  0
   -1.5966    3.6360   -9.8597  C  0  0  0  0  0
   -1.1462    2.3801  -10.6016  C  0  0  0  0  0
   -0.8259    2.6870  -12.0581  C  0  0  0  0  0
    0.2615    3.7697  -12.1496  C  0  0  0  0  0
   -2.0149    3.1322  -12.7413  O  0  0  0  0  0
   -2.3878    2.0413  -13.5801  C  0  0  0  0  0
   -1.0721    1.3957  -13.9115  C  0  0  0  0  0
   -0.3505    1.4775  -12.6840  O  0  0  0  0  0
  1  6  2  0  0  0
  1  2  1  0  0  0
  2  3  2  0  0  0
  3  4  1  0  0  0
  4  5  2  0  0  0
  5 10  1  0  0  0
  5  6  1  0  0  0
  6  7  1  0  0  0
  7  8  1  0  0  0
  8  9  1  0  0  0
  9 14  1  0  0  0
  9 10  1  0  0  0
 10 11  1  0  0  0
 11 12  1  0  0  0
 12 13  1  0  0  0
 13 18  1  0  0  0
 13 14  2  0  0  0
 14 15  1  0  0  0
 15 16  1  0  0  0
 16 17  1  0  0  0
 17 22  1  0  0  0
 17 18  1  0  0  0
 17 19  1  0  0  0
 19 20  1  0  0  0
 20 21  1  0  0  0
 21 22  1  0  0  0
M  END
$$$$
C12=C(CC3(OCCO3)CC1)CCC4c5c(cccc5)CCN24
  -ISIS-

 22 26  0  0  0  0  0  0  0  0  1
   -0.9891    8.9550   -6.1449  C  0  0  0  0  0
    0.2067    9.5533   -5.7290  C  0  0  0  0  0
    1.3438    9.3973   -6.5286  C  0  0  0  0  0
    1.2989    8.6327   -7.6993  C  0  0  0  0  0
    0.1198    7.9841   -8.0930  C  0  0  0  0  0
   -1.0259    8.1405   -7.2871  C  0  0  0  0  0
   -2.2570    7.3923   -7.7143  C  0  0  0  0  0
   -1.8649    5.9787   -8.1404  C  0  0  0  0  0
   -0.8289    5.9417   -9.1970  N  0  0  0  0  0
   -0.0221    7.1809   -9.3896  C  0  0  0  0  0
    1.3165    6.8220  -10.0481  C  0  0  0  0  0
    1.0985    6.0244  -11.3267  C  0  0  0  0  0
    0.1526    4.8754  -11.1216  C  0  0  0  0  0
   -0.7152    4.8558  -10.0872  C  0  0  0  0  0
   -1.5966    3.6360   -9.8597  C  0  0  0  0  0
   -1.1462    2.3801  -10.6016  C  0  0  0  0  0
   -0.8259    2.6870  -12.0581  C  0  0  0  0  0
    0.2615    3.7697  -12.1496  C  0  0  0  0  0
   -2.0149    3.1322  -12.7413  O  0  0  0  0  0
   -2.3878    2.0413  -13.5801  C  0  0  0  0  0
   -1.0721    1.3957  -13.9115  C  0  0  0  0  0
   -0.3505    1.4775  -12.6840  O  0  0  0  0  0
  1  6  2  0  0  0
  1  2  1  0  0  0
  2  3  2  0  0  0
  3  4  1  0  0  0
  4  5  2  0  0  0
  5 10  1  0  0  0
  5  6  1  0  0  0
  6  7  1  0  0  0
  7  8  1  0  0  0
  8  9  1  0  0  0
  9 14  1  0  0  0
  9 10  1  0  0  0
 10 11  1  0  0  0
 11 12  1  0  0  0
 12 13  1  0  0  0
 13 18  1  0  0  0
 13 14  2  0  0  0
 14 15  1  0  0  0
 15 16  1  0  0  0
 16 17  1  0  0  0
 17 22  1  0  0  0
 17 18  1  0  0  0
 17 19  1  0  0  0
 19 20  1  0  0  0
 20 21  1  0  0  0
 21 22  1  0  0  0
M  END
$$$$
