C12=C(Nc3nnc[n]13)NCNC2
  -ISIS-

 12 14  0  0  0  0  0  0  0  0  1
    4.0836   -3.1215   -1.6585  N  0  0  0  0  0
    4.2930   -4.0118   -2.6787  C  0  0  0  0  0
    3.7739   -3.4762   -3.8238  N  0  0  0  0  0
    3.2453   -2.1993   -3.4783  C  0  0  0  0  0
    3.4327   -2.0124   -2.1498  C  0  0  0  0  0
    2.9708   -0.8000   -1.4898  C  0  0  0  0  0
    2.2365    0.0563   -2.2964  N  0  0  0  0  0
    2.1404   -0.0508   -3.6843  C  0  0  0  0  0
    2.6816   -1.2102   -4.2499  N  0  0  0  0  0
    4.8572   -5.1059   -2.2482  N  0  0  0  0  0
    5.0633   -4.9177   -0.8869  N  0  0  0  0  0
    4.5958   -3.7261   -0.5518  C  0  0  0  0  0
  1  5  1  0  0  0
  1 12  1  0  0  0
  1  2  1  0  0  0
  2  3  1  0  0  0
  2 10  2  0  0  0
  3  4  1  0  0  0
  4  9  1  0  0  0
  4  5  2  0  0  0
  5  6  1  0  0  0
  6  7  1  0  0  0
  7  8  1  0  0  0
  8  9  1  0  0  0
 10 11  1  0  0  0
 11 12  2  0  0  0
M  END
$$$$
