C12=C(NCC=C1)CCC2
  -ISIS-

  9 10  0  0  0  0  0  0  0  0  1
   -5.1346   -3.1268   -0.0977  C  0  0  0  0  0
   -4.0918   -2.5509    0.8382  C  0  0  0  0  0
   -3.2927   -1.5452    0.3134  N  0  0  0  0  0
   -3.4237   -1.0929   -0.9650  C  0  0  0  0  0
   -4.3388   -1.5986   -1.7903  C  0  0  0  0  0
   -5.2211   -2.6406   -1.3541  C  0  0  0  0  0
   -4.2998   -0.9456   -3.1264  C  0  0  0  0  0
   -2.9753   -0.1664   -3.0669  C  0  0  0  0  0
   -2.6053   -0.0196   -1.5829  C  0  0  0  0  0
  1  6  2  0  0  0
  1  2  1  0  0  0
  2  3  1  0  0  0
  3  4  1  0  0  0
  4  9  1  0  0  0
  4  5  2  0  0  0
  5  6  1  0  0  0
  5  7  1  0  0  0
  7  8  1  0  0  0
  8  9  1  0  0  0
M  END
$$$$
C12=C(NCC=C1)CCC2
  -ISIS-

  9 10  0  0  0  0  0  0  0  0  1
   -5.1346   -3.1268   -0.0977  C  0  0  0  0  0
   -4.0918   -2.5509    0.8382  C  0  0  0  0  0
   -3.2927   -1.5452    0.3134  N  0  0  0  0  0
   -3.4237   -1.0929   -0.9650  C  0  0  0  0  0
   -4.3388   -1.5986   -1.7903  C  0  0  0  0  0
   -5.2211   -2.6406   -1.3541  C  0  0  0  0  0
   -4.2998   -0.9456   -3.1264  C  0  0  0  0  0
   -2.9753   -0.1664   -3.0669  C  0  0  0  0  0
   -2.6053   -0.0196   -1.5829  C  0  0  0  0  0
  1  6  2  0  0  0
  1  2  1  0  0  0
  2  3  1  0  0  0
  3  4  1  0  0  0
  4  9  1  0  0  0
  4  5  2  0  0  0
  5  6  1  0  0  0
  5  7  1  0  0  0
  7  8  1  0  0  0
  8  9  1  0  0  0
M  END
$$$$
C12=C(NCC=C1)CCC2
  -ISIS-

  9 10  0  0  0  0  0  0  0  0  1
   -0.1988   -2.0458    3.5074  C  0  0  0  0  0
   -1.0962   -3.0706    2.8205  C  0  0  0  0  0
   -1.1338   -4.3401    3.3696  N  0  0  0  0  0
   -0.4595   -4.6738    4.5008  C  0  0  0  0  0
    0.2910   -3.7814    5.1424  C  0  0  0  0  0
    0.4212   -2.4441    4.6452  C  0  0  0  0  0
    0.9307   -4.3639    6.3522  C  0  0  0  0  0
    0.1727   -5.6931    6.5095  C  0  0  0  0  0
   -0.4731   -6.0073    5.1510  C  0  0  0  0  0
  1  6  2  0  0  0
  1  2  1  0  0  0
  2  3  1  0  0  0
  3  4  1  0  0  0
  4  9  1  0  0  0
  4  5  2  0  0  0
  5  6  1  0  0  0
  5  7  1  0  0  0
  7  8  1  0  0  0
  8  9  1  0  0  0
M  END
$$$$
C12=C(NCC=C1)CCC2
  -ISIS-

  9 10  0  0  0  0  0  0  0  0  1
   -0.1988   -2.0458    3.5074  C  0  0  0  0  0
   -1.0962   -3.0706    2.8205  C  0  0  0  0  0
   -1.1338   -4.3401    3.3696  N  0  0  0  0  0
   -0.4595   -4.6738    4.5008  C  0  0  0  0  0
    0.2910   -3.7814    5.1424  C  0  0  0  0  0
    0.4212   -2.4441    4.6452  C  0  0  0  0  0
    0.9307   -4.3639    6.3522  C  0  0  0  0  0
    0.1727   -5.6931    6.5095  C  0  0  0  0  0
   -0.4731   -6.0073    5.1510  C  0  0  0  0  0
  1  6  2  0  0  0
  1  2  1  0  0  0
  2  3  1  0  0  0
  3  4  1  0  0  0
  4  9  1  0  0  0
  4  5  2  0  0  0
  5  6  1  0  0  0
  5  7  1  0  0  0
  7  8  1  0  0  0
  8  9  1  0  0  0
M  END
$$$$
C12=C(NCC=C1)CCC2
  -ISIS-

  9 10  0  0  0  0  0  0  0  0  1
   -2.2896   -3.1723   -2.9191  C  0  0  0  0  0
   -3.3596   -2.4895   -2.4304  C  0  0  0  0  0
   -3.8827   -1.3713   -3.1890  C  0  0  0  0  0
   -3.3345   -0.9998   -4.3445  C  0  0  0  0  0
   -2.2651   -1.6561   -4.8651  N  0  0  0  0  0
   -1.6778   -2.7416   -4.2406  C  0  0  0  0  0
   -3.9979    0.1721   -4.9696  C  0  0  0  0  0
   -5.2838    0.2754   -4.1399  C  0  0  0  0  0
   -5.0334   -0.4902   -2.8312  C  0  0  0  0  0
  1  6  1  0  0  0
  1  2  2  0  0  0
  2  3  1  0  0  0
  3  9  1  0  0  0
  3  4  2  0  0  0
  4  5  1  0  0  0
  4  7  1  0  0  0
  5  6  1  0  0  0
  7  8  1  0  0  0
  8  9  1  0  0  0
M  END
$$$$
C12=C(NCC=C1)CCC2
  -ISIS-

  9 10  0  0  0  0  0  0  0  0  1
   -2.2896   -3.1723   -2.9191  C  0  0  0  0  0
   -3.3596   -2.4895   -2.4304  C  0  0  0  0  0
   -3.8827   -1.3713   -3.1890  C  0  0  0  0  0
   -3.3345   -0.9998   -4.3445  C  0  0  0  0  0
   -2.2651   -1.6561   -4.8651  N  0  0  0  0  0
   -1.6778   -2.7416   -4.2406  C  0  0  0  0  0
   -3.9979    0.1721   -4.9696  C  0  0  0  0  0
   -5.2838    0.2754   -4.1399  C  0  0  0  0  0
   -5.0334   -0.4902   -2.8312  C  0  0  0  0  0
  1  6  1  0  0  0
  1  2  2  0  0  0
  2  3  1  0  0  0
  3  9  1  0  0  0
  3  4  2  0  0  0
  4  5  1  0  0  0
  4  7  1  0  0  0
  5  6  1  0  0  0
  7  8  1  0  0  0
  8  9  1  0  0  0
M  END
$$$$
C12=C(NCC=C1)CCC2
  -ISIS-

  9 10  0  0  0  0  0  0  0  0  1
   -2.2896   -3.1723   -2.9191  C  0  0  0  0  0
   -3.3596   -2.4895   -2.4304  C  0  0  0  0  0
   -3.8827   -1.3713   -3.1890  C  0  0  0  0  0
   -3.3345   -0.9998   -4.3445  C  0  0  0  0  0
   -2.2651   -1.6561   -4.8651  N  0  0  0  0  0
   -1.6778   -2.7416   -4.2406  C  0  0  0  0  0
   -3.9979    0.1721   -4.9696  C  0  0  0  0  0
   -5.2838    0.2754   -4.1399  C  0  0  0  0  0
   -5.0334   -0.4902   -2.8312  C  0  0  0  0  0
  1  6  1  0  0  0
  1  2  2  0  0  0
  2  3  1  0  0  0
  3  9  1  0  0  0
  3  4  2  0  0  0
  4  5  1  0  0  0
  4  7  1  0  0  0
  5  6  1  0  0  0
  7  8  1  0  0  0
  8  9  1  0  0  0
M  END
$$$$
C12=C(NCC=C1)CCC2
  -ISIS-

  9 10  0  0  0  0  0  0  0  0  1
    0.8011    2.5573    0.7988  C  0  0  0  0  0
    1.1730    1.9928   -0.3791  C  0  0  0  0  0
    2.3920    2.4591   -1.0149  C  0  0  0  0  0
    3.1227    3.4330   -0.4675  C  0  0  0  0  0
    2.7658    4.0186    0.7056  N  0  0  0  0  0
    1.6379    3.6503    1.4059  C  0  0  0  0  0
    4.3273    3.7968   -1.2559  C  0  0  0  0  0
    4.4034    2.6342   -2.2508  C  0  0  0  0  0
    3.0058    1.9976   -2.2968  C  0  0  0  0  0
  1  6  1  0  0  0
  1  2  2  0  0  0
  2  3  1  0  0  0
  3  9  1  0  0  0
  3  4  2  0  0  0
  4  5  1  0  0  0
  4  7  1  0  0  0
  5  6  1  0  0  0
  7  8  1  0  0  0
  8  9  1  0  0  0
M  END
$$$$
C12=C(NCC=C1)CCC2
  -ISIS-

  9 10  0  0  0  0  0  0  0  0  1
    0.8011    2.5573    0.7988  C  0  0  0  0  0
    1.1730    1.9928   -0.3791  C  0  0  0  0  0
    2.3920    2.4591   -1.0149  C  0  0  0  0  0
    3.1227    3.4330   -0.4675  C  0  0  0  0  0
    2.7658    4.0186    0.7056  N  0  0  0  0  0
    1.6379    3.6503    1.4059  C  0  0  0  0  0
    4.3273    3.7968   -1.2559  C  0  0  0  0  0
    4.4034    2.6342   -2.2508  C  0  0  0  0  0
    3.0058    1.9976   -2.2968  C  0  0  0  0  0
  1  6  1  0  0  0
  1  2  2  0  0  0
  2  3  1  0  0  0
  3  9  1  0  0  0
  3  4  2  0  0  0
  4  5  1  0  0  0
  4  7  1  0  0  0
  5  6  1  0  0  0
  7  8  1  0  0  0
  8  9  1  0  0  0
M  END
$$$$
C12=C(NCC=C1)CCC2
  -ISIS-

  9 10  0  0  0  0  0  0  0  0  1
    0.8011    2.5573    0.7988  C  0  0  0  0  0
    1.1730    1.9928   -0.3791  C  0  0  0  0  0
    2.3920    2.4591   -1.0149  C  0  0  0  0  0
    3.1227    3.4330   -0.4675  C  0  0  0  0  0
    2.7658    4.0186    0.7056  N  0  0  0  0  0
    1.6379    3.6503    1.4059  C  0  0  0  0  0
    4.3273    3.7968   -1.2559  C  0  0  0  0  0
    4.4034    2.6342   -2.2508  C  0  0  0  0  0
    3.0058    1.9976   -2.2968  C  0  0  0  0  0
  1  6  1  0  0  0
  1  2  2  0  0  0
  2  3  1  0  0  0
  3  9  1  0  0  0
  3  4  2  0  0  0
  4  5  1  0  0  0
  4  7  1  0  0  0
  5  6  1  0  0  0
  7  8  1  0  0  0
  8  9  1  0  0  0
M  END
$$$$
C12=C(NCC=C1)CCC2
  -ISIS-

  9 10  0  0  0  0  0  0  0  0  1
   -2.2106   -0.9448    9.6557  C  0  0  0  0  0
   -1.6119    0.0309   10.6538  C  0  0  0  0  0
   -0.2542    0.2700   10.5408  N  0  0  0  0  0
    0.5191   -0.3218    9.5937  C  0  0  0  0  0
    1.9792   -0.1057    9.4333  C  0  0  0  0  0
    2.2361   -0.7481    8.0645  C  0  0  0  0  0
    1.0563   -1.6925    7.7857  C  0  0  0  0  0
    0.0046   -1.1755    8.7103  C  0  0  0  0  0
   -1.4035   -1.5171    8.7226  C  0  0  0  0  0
  1  9  2  0  0  0
  1  2  1  0  0  0
  2  3  1  0  0  0
  3  4  1  0  0  0
  4  8  2  0  0  0
  4  5  1  0  0  0
  5  6  1  0  0  0
  6  7  1  0  0  0
  7  8  1  0  0  0
  8  9  1  0  0  0
M  END
$$$$
C12=C(NCC=C1)CCC2
  -ISIS-

  9 10  0  0  0  0  0  0  0  0  1
   -2.2106   -0.9448    9.6557  C  0  0  0  0  0
   -1.6119    0.0309   10.6538  C  0  0  0  0  0
   -0.2542    0.2700   10.5408  N  0  0  0  0  0
    0.5191   -0.3218    9.5937  C  0  0  0  0  0
    1.9792   -0.1057    9.4333  C  0  0  0  0  0
    2.2361   -0.7481    8.0645  C  0  0  0  0  0
    1.0563   -1.6925    7.7857  C  0  0  0  0  0
    0.0046   -1.1755    8.7103  C  0  0  0  0  0
   -1.4035   -1.5171    8.7226  C  0  0  0  0  0
  1  9  2  0  0  0
  1  2  1  0  0  0
  2  3  1  0  0  0
  3  4  1  0  0  0
  4  8  2  0  0  0
  4  5  1  0  0  0
  5  6  1  0  0  0
  6  7  1  0  0  0
  7  8  1  0  0  0
  8  9  1  0  0  0
M  END
$$$$
C12=C(NCC=C1)CCC2
  -ISIS-

  9 10  0  0  0  0  0  0  0  0  1
   -2.2106   -0.9448    9.6557  C  0  0  0  0  0
   -1.6119    0.0309   10.6538  C  0  0  0  0  0
   -0.2542    0.2700   10.5408  N  0  0  0  0  0
    0.5191   -0.3218    9.5937  C  0  0  0  0  0
    1.9792   -0.1057    9.4333  C  0  0  0  0  0
    2.2361   -0.7481    8.0645  C  0  0  0  0  0
    1.0563   -1.6925    7.7857  C  0  0  0  0  0
    0.0046   -1.1755    8.7103  C  0  0  0  0  0
   -1.4035   -1.5171    8.7226  C  0  0  0  0  0
  1  9  2  0  0  0
  1  2  1  0  0  0
  2  3  1  0  0  0
  3  4  1  0  0  0
  4  8  2  0  0  0
  4  5  1  0  0  0
  5  6  1  0  0  0
  6  7  1  0  0  0
  7  8  1  0  0  0
  8  9  1  0  0  0
M  END
$$$$
C12=C(NCC=C1)CCC2
  -ISIS-

  9 10  0  0  0  0  0  0  0  0  1
    1.8385   -7.2891   -0.4793  C  0  0  0  0  0
    1.4967   -6.6744    0.8625  C  0  0  0  0  0
    0.4174   -5.8023    0.8746  N  0  0  0  0  0
   -0.3031   -5.5077   -0.2432  C  0  0  0  0  0
   -0.0057   -6.0481   -1.4238  C  0  0  0  0  0
    1.0913   -6.9614   -1.5547  C  0  0  0  0  0
   -0.9224   -5.5747   -2.4956  C  0  0  0  0  0
   -2.0382   -4.8908   -1.6878  C  0  0  0  0  0
   -1.4629   -4.5826   -0.2968  C  0  0  0  0  0
  1  6  2  0  0  0
  1  2  1  0  0  0
  2  3  1  0  0  0
  3  4  1  0  0  0
  4  9  1  0  0  0
  4  5  2  0  0  0
  5  6  1  0  0  0
  5  7  1  0  0  0
  7  8  1  0  0  0
  8  9  1  0  0  0
M  END
$$$$
C12=C(NCC=C1)CCC2
  -ISIS-

  9 10  0  0  0  0  0  0  0  0  1
    1.8385   -7.2891   -0.4793  C  0  0  0  0  0
    1.4967   -6.6744    0.8625  C  0  0  0  0  0
    0.4174   -5.8023    0.8746  N  0  0  0  0  0
   -0.3031   -5.5077   -0.2432  C  0  0  0  0  0
   -0.0057   -6.0481   -1.4238  C  0  0  0  0  0
    1.0913   -6.9614   -1.5547  C  0  0  0  0  0
   -0.9224   -5.5747   -2.4956  C  0  0  0  0  0
   -2.0382   -4.8908   -1.6878  C  0  0  0  0  0
   -1.4629   -4.5826   -0.2968  C  0  0  0  0  0
  1  6  2  0  0  0
  1  2  1  0  0  0
  2  3  1  0  0  0
  3  4  1  0  0  0
  4  9  1  0  0  0
  4  5  2  0  0  0
  5  6  1  0  0  0
  5  7  1  0  0  0
  7  8  1  0  0  0
  8  9  1  0  0  0
M  END
$$$$
C12=C(NCC=C1)CCC2
  -ISIS-

  9 10  0  0  0  0  0  0  0  0  1
    1.6887    5.9373   -2.1385  C  0  0  0  0  0
    0.7818    6.4433   -2.9981  C  0  0  0  0  0
    0.4899    7.8456   -2.9707  C  0  0  0  0  0
   -0.4735    8.5858   -3.8243  C  0  0  0  0  0
   -0.0989   10.0497   -3.5355  C  0  0  0  0  0
    0.6847   10.0632   -2.2131  C  0  0  0  0  0
    1.1100    8.6478   -2.1050  C  0  0  0  0  0
    2.0266    8.1632   -1.2224  N  0  0  0  0  0
    2.3717    6.8194   -1.1548  C  0  0  0  0  0
  1  9  1  0  0  0
  1  2  2  0  0  0
  2  3  1  0  0  0
  3  7  2  0  0  0
  3  4  1  0  0  0
  4  5  1  0  0  0
  5  6  1  0  0  0
  6  7  1  0  0  0
  7  8  1  0  0  0
  8  9  1  0  0  0
M  END
$$$$
C12=C(NCC=C1)CCC2
  -ISIS-

  9 10  0  0  0  0  0  0  0  0  1
    1.6887    5.9373   -2.1385  C  0  0  0  0  0
    0.7818    6.4433   -2.9981  C  0  0  0  0  0
    0.4899    7.8456   -2.9707  C  0  0  0  0  0
   -0.4735    8.5858   -3.8243  C  0  0  0  0  0
   -0.0989   10.0497   -3.5355  C  0  0  0  0  0
    0.6847   10.0632   -2.2131  C  0  0  0  0  0
    1.1100    8.6478   -2.1050  C  0  0  0  0  0
    2.0266    8.1632   -1.2224  N  0  0  0  0  0
    2.3717    6.8194   -1.1548  C  0  0  0  0  0
  1  9  1  0  0  0
  1  2  2  0  0  0
  2  3  1  0  0  0
  3  7  2  0  0  0
  3  4  1  0  0  0
  4  5  1  0  0  0
  5  6  1  0  0  0
  6  7  1  0  0  0
  7  8  1  0  0  0
  8  9  1  0  0  0
M  END
$$$$
C12=C(NCC=C1)CCC2
  -ISIS-

  9 10  0  0  0  0  0  0  0  0  1
    5.6431    1.8761    1.6402  C  0  0  0  0  0
    6.8156    1.5129    1.0548  C  0  0  0  0  0
    8.0499    1.6739    1.8003  C  0  0  0  0  0
    8.0426    2.1509    3.0458  C  0  0  0  0  0
    6.8892    2.5162    3.6650  N  0  0  0  0  0
    5.6523    2.4233    3.0554  C  0  0  0  0  0
    9.3892    2.2344    3.6666  C  0  0  0  0  0
   10.2990    2.0257    2.4525  C  0  0  0  0  0
    9.4441    1.3501    1.3697  C  0  0  0  0  0
  1  6  1  0  0  0
  1  2  2  0  0  0
  2  3  1  0  0  0
  3  9  1  0  0  0
  3  4  2  0  0  0
  4  5  1  0  0  0
  4  7  1  0  0  0
  5  6  1  0  0  0
  7  8  1  0  0  0
  8  9  1  0  0  0
M  END
$$$$
C12=C(NCC=C1)CCC2
  -ISIS-

  9 10  0  0  0  0  0  0  0  0  1
    5.6431    1.8761    1.6402  C  0  0  0  0  0
    6.8156    1.5129    1.0548  C  0  0  0  0  0
    8.0499    1.6739    1.8003  C  0  0  0  0  0
    8.0426    2.1509    3.0458  C  0  0  0  0  0
    6.8892    2.5162    3.6650  N  0  0  0  0  0
    5.6523    2.4233    3.0554  C  0  0  0  0  0
    9.3892    2.2344    3.6666  C  0  0  0  0  0
   10.2990    2.0257    2.4525  C  0  0  0  0  0
    9.4441    1.3501    1.3697  C  0  0  0  0  0
  1  6  1  0  0  0
  1  2  2  0  0  0
  2  3  1  0  0  0
  3  9  1  0  0  0
  3  4  2  0  0  0
  4  5  1  0  0  0
  4  7  1  0  0  0
  5  6  1  0  0  0
  7  8  1  0  0  0
  8  9  1  0  0  0
M  END
$$$$
C12=C(NCC=C1)CCC2
  -ISIS-

  9 10  0  0  0  0  0  0  0  0  1
    5.6431    1.8761    1.6402  C  0  0  0  0  0
    6.8156    1.5129    1.0548  C  0  0  0  0  0
    8.0499    1.6739    1.8003  C  0  0  0  0  0
    8.0426    2.1509    3.0458  C  0  0  0  0  0
    6.8892    2.5162    3.6650  N  0  0  0  0  0
    5.6523    2.4233    3.0554  C  0  0  0  0  0
    9.3892    2.2344    3.6666  C  0  0  0  0  0
   10.2990    2.0257    2.4525  C  0  0  0  0  0
    9.4441    1.3501    1.3697  C  0  0  0  0  0
  1  6  1  0  0  0
  1  2  2  0  0  0
  2  3  1  0  0  0
  3  9  1  0  0  0
  3  4  2  0  0  0
  4  5  1  0  0  0
  4  7  1  0  0  0
  5  6  1  0  0  0
  7  8  1  0  0  0
  8  9  1  0  0  0
M  END
$$$$
C12=C(NCC=C1)CCC2
  -ISIS-

  9 10  0  0  0  0  0  0  0  0  1
   -4.4905    0.1728   -0.2769  N  0  0  0  0  0
   -4.1163   -1.1572   -0.4682  C  0  0  0  0  0
   -4.3445   -1.9977   -1.6903  C  0  0  0  0  0
   -3.5121   -3.2543   -1.4223  C  0  0  0  0  0
   -3.2542   -3.2867    0.0777  C  0  0  0  0  0
   -3.5037   -1.8693    0.4823  C  0  0  0  0  0
   -3.1616   -1.3201    1.7670  C  0  0  0  0  0
   -3.4848   -0.0334    2.0291  C  0  0  0  0  0
   -4.2180    0.8074    0.9786  C  0  0  0  0  0
  1  9  1  0  0  0
  1  2  1  0  0  0
  2  6  2  0  0  0
  2  3  1  0  0  0
  3  4  1  0  0  0
  4  5  1  0  0  0
  5  6  1  0  0  0
  6  7  1  0  0  0
  7  8  2  0  0  0
  8  9  1  0  0  0
M  END
$$$$
C12=C(NCC=C1)CCC2
  -ISIS-

  9 10  0  0  0  0  0  0  0  0  1
   -4.4905    0.1728   -0.2769  N  0  0  0  0  0
   -4.1163   -1.1572   -0.4682  C  0  0  0  0  0
   -4.3445   -1.9977   -1.6903  C  0  0  0  0  0
   -3.5121   -3.2543   -1.4223  C  0  0  0  0  0
   -3.2542   -3.2867    0.0777  C  0  0  0  0  0
   -3.5037   -1.8693    0.4823  C  0  0  0  0  0
   -3.1616   -1.3201    1.7670  C  0  0  0  0  0
   -3.4848   -0.0334    2.0291  C  0  0  0  0  0
   -4.2180    0.8074    0.9786  C  0  0  0  0  0
  1  9  1  0  0  0
  1  2  1  0  0  0
  2  6  2  0  0  0
  2  3  1  0  0  0
  3  4  1  0  0  0
  4  5  1  0  0  0
  5  6  1  0  0  0
  6  7  1  0  0  0
  7  8  2  0  0  0
  8  9  1  0  0  0
M  END
$$$$
C12=C(NCC=C1)CCC2
  -ISIS-

  9 10  0  0  0  0  0  0  0  0  1
   -4.4905    0.1728   -0.2769  N  0  0  0  0  0
   -4.1163   -1.1572   -0.4682  C  0  0  0  0  0
   -4.3445   -1.9977   -1.6903  C  0  0  0  0  0
   -3.5121   -3.2543   -1.4223  C  0  0  0  0  0
   -3.2542   -3.2867    0.0777  C  0  0  0  0  0
   -3.5037   -1.8693    0.4823  C  0  0  0  0  0
   -3.1616   -1.3201    1.7670  C  0  0  0  0  0
   -3.4848   -0.0334    2.0291  C  0  0  0  0  0
   -4.2180    0.8074    0.9786  C  0  0  0  0  0
  1  9  1  0  0  0
  1  2  1  0  0  0
  2  6  2  0  0  0
  2  3  1  0  0  0
  3  4  1  0  0  0
  4  5  1  0  0  0
  5  6  1  0  0  0
  6  7  1  0  0  0
  7  8  2  0  0  0
  8  9  1  0  0  0
M  END
$$$$
C12=C(NCC=C1)CCC2
  -ISIS-

  9 10  0  0  0  0  0  0  0  0  1
   -4.4905    0.1728   -0.2769  N  0  0  0  0  0
   -4.1163   -1.1572   -0.4682  C  0  0  0  0  0
   -4.3445   -1.9977   -1.6903  C  0  0  0  0  0
   -3.5121   -3.2543   -1.4223  C  0  0  0  0  0
   -3.2542   -3.2867    0.0777  C  0  0  0  0  0
   -3.5037   -1.8693    0.4823  C  0  0  0  0  0
   -3.1616   -1.3201    1.7670  C  0  0  0  0  0
   -3.4848   -0.0334    2.0291  C  0  0  0  0  0
   -4.2180    0.8074    0.9786  C  0  0  0  0  0
  1  9  1  0  0  0
  1  2  1  0  0  0
  2  6  2  0  0  0
  2  3  1  0  0  0
  3  4  1  0  0  0
  4  5  1  0  0  0
  5  6  1  0  0  0
  6  7  1  0  0  0
  7  8  2  0  0  0
  8  9  1  0  0  0
M  END
$$$$
C12=C(NCC=C1)CCC2
  -ISIS-

  9 10  0  0  0  0  0  0  0  0  1
    3.5650    4.7025   -1.5552  C  0  0  0  0  0
    4.4374    5.8446   -2.0837  C  0  0  0  0  0
    3.9058    6.7838   -2.8826  C  0  0  0  0  0
    2.5331    6.7182   -3.2475  C  0  0  0  0  0
    1.7466    5.7238   -2.8337  C  0  0  0  0  0
    2.2026    4.6953   -2.0076  N  0  0  0  0  0
    0.3504    5.9066   -3.3462  C  0  0  0  0  0
    0.5015    7.0266   -4.3824  C  0  0  0  0  0
    1.8230    7.7298   -4.0774  C  0  0  0  0  0
  1  6  1  0  0  0
  1  2  1  0  0  0
  2  3  2  0  0  0
  3  4  1  0  0  0
  4  9  1  0  0  0
  4  5  2  0  0  0
  5  6  1  0  0  0
  5  7  1  0  0  0
  7  8  1  0  0  0
  8  9  1  0  0  0
M  END
$$$$
C12=C(NCC=C1)CCC2
  -ISIS-

  9 10  0  0  0  0  0  0  0  0  1
    3.5650    4.7025   -1.5552  C  0  0  0  0  0
    4.4374    5.8446   -2.0837  C  0  0  0  0  0
    3.9058    6.7838   -2.8826  C  0  0  0  0  0
    2.5331    6.7182   -3.2475  C  0  0  0  0  0
    1.7466    5.7238   -2.8337  C  0  0  0  0  0
    2.2026    4.6953   -2.0076  N  0  0  0  0  0
    0.3504    5.9066   -3.3462  C  0  0  0  0  0
    0.5015    7.0266   -4.3824  C  0  0  0  0  0
    1.8230    7.7298   -4.0774  C  0  0  0  0  0
  1  6  1  0  0  0
  1  2  1  0  0  0
  2  3  2  0  0  0
  3  4  1  0  0  0
  4  9  1  0  0  0
  4  5  2  0  0  0
  5  6  1  0  0  0
  5  7  1  0  0  0
  7  8  1  0  0  0
  8  9  1  0  0  0
M  END
$$$$
C12=C(NCC=C1)CCC2
  -ISIS-

  9 10  0  0  0  0  0  0  0  0  1
    3.5650    4.7025   -1.5552  C  0  0  0  0  0
    4.4374    5.8446   -2.0837  C  0  0  0  0  0
    3.9058    6.7838   -2.8826  C  0  0  0  0  0
    2.5331    6.7182   -3.2475  C  0  0  0  0  0
    1.7466    5.7238   -2.8337  C  0  0  0  0  0
    2.2026    4.6953   -2.0076  N  0  0  0  0  0
    0.3504    5.9066   -3.3462  C  0  0  0  0  0
    0.5015    7.0266   -4.3824  C  0  0  0  0  0
    1.8230    7.7298   -4.0774  C  0  0  0  0  0
  1  6  1  0  0  0
  1  2  1  0  0  0
  2  3  2  0  0  0
  3  4  1  0  0  0
  4  9  1  0  0  0
  4  5  2  0  0  0
  5  6  1  0  0  0
  5  7  1  0  0  0
  7  8  1  0  0  0
  8  9  1  0  0  0
M  END
$$$$
C12=C(NCC=C1)CCC2
  -ISIS-

  9 10  0  0  0  0  0  0  0  0  1
    2.8110   -1.2315    1.6113  C  0  0  0  0  0
    1.5397   -1.3955    2.3995  C  0  0  0  0  0
    1.2217   -2.5964    2.9216  C  0  0  0  0  0
    2.0957   -3.7161    2.7321  C  0  0  0  0  0
    3.2276   -3.5934    2.0355  C  0  0  0  0  0
    3.5882   -2.3958    1.4769  N  0  0  0  0  0
    4.0087   -4.8596    1.9945  C  0  0  0  0  0
    2.9878   -5.8803    2.5176  C  0  0  0  0  0
    1.9166   -5.0883    3.2797  C  0  0  0  0  0
  1  6  1  0  0  0
  1  2  1  0  0  0
  2  3  2  0  0  0
  3  4  1  0  0  0
  4  9  1  0  0  0
  4  5  2  0  0  0
  5  6  1  0  0  0
  5  7  1  0  0  0
  7  8  1  0  0  0
  8  9  1  0  0  0
M  END
$$$$
C12=C(NCC=C1)CCC2
  -ISIS-

  9 10  0  0  0  0  0  0  0  0  1
    2.8110   -1.2315    1.6113  C  0  0  0  0  0
    1.5397   -1.3955    2.3995  C  0  0  0  0  0
    1.2217   -2.5964    2.9216  C  0  0  0  0  0
    2.0957   -3.7161    2.7321  C  0  0  0  0  0
    3.2276   -3.5934    2.0355  C  0  0  0  0  0
    3.5882   -2.3958    1.4769  N  0  0  0  0  0
    4.0087   -4.8596    1.9945  C  0  0  0  0  0
    2.9878   -5.8803    2.5176  C  0  0  0  0  0
    1.9166   -5.0883    3.2797  C  0  0  0  0  0
  1  6  1  0  0  0
  1  2  1  0  0  0
  2  3  2  0  0  0
  3  4  1  0  0  0
  4  9  1  0  0  0
  4  5  2  0  0  0
  5  6  1  0  0  0
  5  7  1  0  0  0
  7  8  1  0  0  0
  8  9  1  0  0  0
M  END
$$$$
C12=C(NCC=C1)CCC2
  -ISIS-

  9 10  0  0  0  0  0  0  0  0  1
    2.8110   -1.2315    1.6113  C  0  0  0  0  0
    1.5397   -1.3955    2.3995  C  0  0  0  0  0
    1.2217   -2.5964    2.9216  C  0  0  0  0  0
    2.0957   -3.7161    2.7321  C  0  0  0  0  0
    3.2276   -3.5934    2.0355  C  0  0  0  0  0
    3.5882   -2.3958    1.4769  N  0  0  0  0  0
    4.0087   -4.8596    1.9945  C  0  0  0  0  0
    2.9878   -5.8803    2.5176  C  0  0  0  0  0
    1.9166   -5.0883    3.2797  C  0  0  0  0  0
  1  6  1  0  0  0
  1  2  1  0  0  0
  2  3  2  0  0  0
  3  4  1  0  0  0
  4  9  1  0  0  0
  4  5  2  0  0  0
  5  6  1  0  0  0
  5  7  1  0  0  0
  7  8  1  0  0  0
  8  9  1  0  0  0
M  END
$$$$
C12=C(NCC=C1)CCC2
  -ISIS-

  9 10  0  0  0  0  0  0  0  0  1
   -2.1524   -8.7937   -4.7857  C  0  0  0  0  0
   -2.9994   -9.8846   -4.1938  C  0  0  0  0  0
   -4.3147   -9.6707   -3.9880  C  0  0  0  0  0
   -4.8998   -8.4039   -4.3228  C  0  0  0  0  0
   -4.1564   -7.4172   -4.8282  C  0  0  0  0  0
   -2.8206   -7.5910   -5.0523  N  0  0  0  0  0
   -4.9416   -6.1843   -5.1000  C  0  0  0  0  0
   -6.2630   -6.4863   -4.3772  C  0  0  0  0  0
   -6.3255   -8.0066   -4.1693  C  0  0  0  0  0
  1  6  1  0  0  0
  1  2  1  0  0  0
  2  3  2  0  0  0
  3  4  1  0  0  0
  4  9  1  0  0  0
  4  5  2  0  0  0
  5  6  1  0  0  0
  5  7  1  0  0  0
  7  8  1  0  0  0
  8  9  1  0  0  0
M  END
$$$$
C12=C(NCC=C1)CCC2
  -ISIS-

  9 10  0  0  0  0  0  0  0  0  1
   -2.1524   -8.7937   -4.7857  C  0  0  0  0  0
   -2.9994   -9.8846   -4.1938  C  0  0  0  0  0
   -4.3147   -9.6707   -3.9880  C  0  0  0  0  0
   -4.8998   -8.4039   -4.3228  C  0  0  0  0  0
   -4.1564   -7.4172   -4.8282  C  0  0  0  0  0
   -2.8206   -7.5910   -5.0523  N  0  0  0  0  0
   -4.9416   -6.1843   -5.1000  C  0  0  0  0  0
   -6.2630   -6.4863   -4.3772  C  0  0  0  0  0
   -6.3255   -8.0066   -4.1693  C  0  0  0  0  0
  1  6  1  0  0  0
  1  2  1  0  0  0
  2  3  2  0  0  0
  3  4  1  0  0  0
  4  9  1  0  0  0
  4  5  2  0  0  0
  5  6  1  0  0  0
  5  7  1  0  0  0
  7  8  1  0  0  0
  8  9  1  0  0  0
M  END
$$$$
C12=C(NCC=C1)CCC2
  -ISIS-

  9 10  0  0  0  0  0  0  0  0  1
   -2.1524   -8.7937   -4.7857  C  0  0  0  0  0
   -2.9994   -9.8846   -4.1938  C  0  0  0  0  0
   -4.3147   -9.6707   -3.9880  C  0  0  0  0  0
   -4.8998   -8.4039   -4.3228  C  0  0  0  0  0
   -4.1564   -7.4172   -4.8282  C  0  0  0  0  0
   -2.8206   -7.5910   -5.0523  N  0  0  0  0  0
   -4.9416   -6.1843   -5.1000  C  0  0  0  0  0
   -6.2630   -6.4863   -4.3772  C  0  0  0  0  0
   -6.3255   -8.0066   -4.1693  C  0  0  0  0  0
  1  6  1  0  0  0
  1  2  1  0  0  0
  2  3  2  0  0  0
  3  4  1  0  0  0
  4  9  1  0  0  0
  4  5  2  0  0  0
  5  6  1  0  0  0
  5  7  1  0  0  0
  7  8  1  0  0  0
  8  9  1  0  0  0
M  END
$$$$
C12=C(NCC=C1)CCC2
  -ISIS-

  9 10  0  0  0  0  0  0  0  0  1
    0.8534    1.4085    3.2161  N  0  0  0  0  0
    0.8333    2.0817    4.4469  C  0  0  0  0  0
   -0.4919    2.0836    5.1828  C  0  0  0  0  0
   -1.5756    1.5172    4.6278  C  0  0  0  0  0
   -1.4541    0.8636    3.3613  C  0  0  0  0  0
   -0.2872    0.8176    2.7130  C  0  0  0  0  0
   -0.3940    0.0855    1.4182  C  0  0  0  0  0
   -1.7639   -0.5946    1.5441  C  0  0  0  0  0
   -2.5433    0.1741    2.6183  C  0  0  0  0  0
  1  6  1  0  0  0
  1  2  1  0  0  0
  2  3  1  0  0  0
  3  4  2  0  0  0
  4  5  1  0  0  0
  5  9  1  0  0  0
  5  6  2  0  0  0
  6  7  1  0  0  0
  7  8  1  0  0  0
  8  9  1  0  0  0
M  END
$$$$
C12=C(NCC=C1)CCC2
  -ISIS-

  9 10  0  0  0  0  0  0  0  0  1
    0.8534    1.4085    3.2161  N  0  0  0  0  0
    0.8333    2.0817    4.4469  C  0  0  0  0  0
   -0.4919    2.0836    5.1828  C  0  0  0  0  0
   -1.5756    1.5172    4.6278  C  0  0  0  0  0
   -1.4541    0.8636    3.3613  C  0  0  0  0  0
   -0.2872    0.8176    2.7130  C  0  0  0  0  0
   -0.3940    0.0855    1.4182  C  0  0  0  0  0
   -1.7639   -0.5946    1.5441  C  0  0  0  0  0
   -2.5433    0.1741    2.6183  C  0  0  0  0  0
  1  6  1  0  0  0
  1  2  1  0  0  0
  2  3  1  0  0  0
  3  4  2  0  0  0
  4  5  1  0  0  0
  5  9  1  0  0  0
  5  6  2  0  0  0
  6  7  1  0  0  0
  7  8  1  0  0  0
  8  9  1  0  0  0
M  END
$$$$
C12=C(NCC=C1)CCC2
  -ISIS-

  9 10  0  0  0  0  0  0  0  0  1
    0.8534    1.4085    3.2161  N  0  0  0  0  0
    0.8333    2.0817    4.4469  C  0  0  0  0  0
   -0.4919    2.0836    5.1828  C  0  0  0  0  0
   -1.5756    1.5172    4.6278  C  0  0  0  0  0
   -1.4541    0.8636    3.3613  C  0  0  0  0  0
   -0.2872    0.8176    2.7130  C  0  0  0  0  0
   -0.3940    0.0855    1.4182  C  0  0  0  0  0
   -1.7639   -0.5946    1.5441  C  0  0  0  0  0
   -2.5433    0.1741    2.6183  C  0  0  0  0  0
  1  6  1  0  0  0
  1  2  1  0  0  0
  2  3  1  0  0  0
  3  4  2  0  0  0
  4  5  1  0  0  0
  5  9  1  0  0  0
  5  6  2  0  0  0
  6  7  1  0  0  0
  7  8  1  0  0  0
  8  9  1  0  0  0
M  END
$$$$
C12=C(NCC=C1)CCC2
  -ISIS-

  9 10  0  0  0  0  0  0  0  0  1
   -1.9658    2.3578   -0.5378  C  0  0  0  0  0
   -1.8413    3.2886   -1.5075  C  0  0  0  0  0
   -1.4585    2.9056   -2.8346  C  0  0  0  0  0
   -1.2819    3.7911   -4.0170  C  0  0  0  0  0
   -0.5807    2.8577   -5.0181  C  0  0  0  0  0
   -0.8451    1.4176   -4.5524  C  0  0  0  0  0
   -1.2226    1.6289   -3.1324  C  0  0  0  0  0
   -1.3339    0.6483   -2.1935  N  0  0  0  0  0
   -1.6956    0.9067   -0.8790  C  0  0  0  0  0
  1  9  1  0  0  0
  1  2  2  0  0  0
  2  3  1  0  0  0
  3  7  2  0  0  0
  3  4  1  0  0  0
  4  5  1  0  0  0
  5  6  1  0  0  0
  6  7  1  0  0  0
  7  8  1  0  0  0
  8  9  1  0  0  0
M  END
$$$$
C12=C(NCC=C1)CCC2
  -ISIS-

  9 10  0  0  0  0  0  0  0  0  1
   -1.9658    2.3578   -0.5378  C  0  0  0  0  0
   -1.8413    3.2886   -1.5075  C  0  0  0  0  0
   -1.4585    2.9056   -2.8346  C  0  0  0  0  0
   -1.2819    3.7911   -4.0170  C  0  0  0  0  0
   -0.5807    2.8577   -5.0181  C  0  0  0  0  0
   -0.8451    1.4176   -4.5524  C  0  0  0  0  0
   -1.2226    1.6289   -3.1324  C  0  0  0  0  0
   -1.3339    0.6483   -2.1935  N  0  0  0  0  0
   -1.6956    0.9067   -0.8790  C  0  0  0  0  0
  1  9  1  0  0  0
  1  2  2  0  0  0
  2  3  1  0  0  0
  3  7  2  0  0  0
  3  4  1  0  0  0
  4  5  1  0  0  0
  5  6  1  0  0  0
  6  7  1  0  0  0
  7  8  1  0  0  0
  8  9  1  0  0  0
M  END
$$$$
C12=C(NCC=C1)CCC2
  -ISIS-

  9 10  0  0  0  0  0  0  0  0  1
    0.9651   -3.6554   -2.9884  C  0  0  0  0  0
   -0.0514   -4.4535   -2.5650  C  0  0  0  0  0
   -0.8797   -5.1167   -3.5545  C  0  0  0  0  0
   -2.0419   -6.0298   -3.3317  C  0  0  0  0  0
   -2.6638   -6.1353   -4.7324  C  0  0  0  0  0
   -1.5756   -5.7279   -5.7301  C  0  0  0  0  0
   -0.6443   -4.9669   -4.8588  C  0  0  0  0  0
    0.3672   -4.1837   -5.3176  N  0  0  0  0  0
    1.2162   -3.4905   -4.4756  C  0  0  0  0  0
  1  9  1  0  0  0
  1  2  2  0  0  0
  2  3  1  0  0  0
  3  7  2  0  0  0
  3  4  1  0  0  0
  4  5  1  0  0  0
  5  6  1  0  0  0
  6  7  1  0  0  0
  7  8  1  0  0  0
  8  9  1  0  0  0
M  END
$$$$
C12=C(NCC=C1)CCC2
  -ISIS-

  9 10  0  0  0  0  0  0  0  0  1
    0.9651   -3.6554   -2.9884  C  0  0  0  0  0
   -0.0514   -4.4535   -2.5650  C  0  0  0  0  0
   -0.8797   -5.1167   -3.5545  C  0  0  0  0  0
   -2.0419   -6.0298   -3.3317  C  0  0  0  0  0
   -2.6638   -6.1353   -4.7324  C  0  0  0  0  0
   -1.5756   -5.7279   -5.7301  C  0  0  0  0  0
   -0.6443   -4.9669   -4.8588  C  0  0  0  0  0
    0.3672   -4.1837   -5.3176  N  0  0  0  0  0
    1.2162   -3.4905   -4.4756  C  0  0  0  0  0
  1  9  1  0  0  0
  1  2  2  0  0  0
  2  3  1  0  0  0
  3  7  2  0  0  0
  3  4  1  0  0  0
  4  5  1  0  0  0
  5  6  1  0  0  0
  6  7  1  0  0  0
  7  8  1  0  0  0
  8  9  1  0  0  0
M  END
$$$$
C12=C(NCC=C1)CCC2
  -ISIS-

  9 10  0  0  0  0  0  0  0  0  1
    0.9651   -3.6554   -2.9884  C  0  0  0  0  0
   -0.0514   -4.4535   -2.5650  C  0  0  0  0  0
   -0.8797   -5.1167   -3.5545  C  0  0  0  0  0
   -2.0419   -6.0298   -3.3317  C  0  0  0  0  0
   -2.6638   -6.1353   -4.7324  C  0  0  0  0  0
   -1.5756   -5.7279   -5.7301  C  0  0  0  0  0
   -0.6443   -4.9669   -4.8588  C  0  0  0  0  0
    0.3672   -4.1837   -5.3176  N  0  0  0  0  0
    1.2162   -3.4905   -4.4756  C  0  0  0  0  0
  1  9  1  0  0  0
  1  2  2  0  0  0
  2  3  1  0  0  0
  3  7  2  0  0  0
  3  4  1  0  0  0
  4  5  1  0  0  0
  5  6  1  0  0  0
  6  7  1  0  0  0
  7  8  1  0  0  0
  8  9  1  0  0  0
M  END
$$$$
C12=C(NCC=C1)CCC2
  -ISIS-

  9 10  0  0  0  0  0  0  0  0  1
   -1.8542    1.0327    2.5063  C  0  0  0  0  0
   -3.1096    1.1505    3.3527  C  0  0  0  0  0
   -3.5420    2.4335    3.6358  N  0  0  0  0  0
   -2.8968    3.5414    3.1866  C  0  0  0  0  0
   -3.3144    4.9386    3.4652  C  0  0  0  0  0
   -2.4443    5.7222    2.4745  C  0  0  0  0  0
   -1.2768    4.8031    2.0822  C  0  0  0  0  0
   -1.7981    3.4506    2.4393  C  0  0  0  0  0
   -1.2364    2.1654    2.0758  C  0  0  0  0  0
  1  9  2  0  0  0
  1  2  1  0  0  0
  2  3  1  0  0  0
  3  4  1  0  0  0
  4  8  2  0  0  0
  4  5  1  0  0  0
  5  6  1  0  0  0
  6  7  1  0  0  0
  7  8  1  0  0  0
  8  9  1  0  0  0
M  END
$$$$
C12=C(NCC=C1)CCC2
  -ISIS-

  9 10  0  0  0  0  0  0  0  0  1
   -1.8542    1.0327    2.5063  C  0  0  0  0  0
   -3.1096    1.1505    3.3527  C  0  0  0  0  0
   -3.5420    2.4335    3.6358  N  0  0  0  0  0
   -2.8968    3.5414    3.1866  C  0  0  0  0  0
   -3.3144    4.9386    3.4652  C  0  0  0  0  0
   -2.4443    5.7222    2.4745  C  0  0  0  0  0
   -1.2768    4.8031    2.0822  C  0  0  0  0  0
   -1.7981    3.4506    2.4393  C  0  0  0  0  0
   -1.2364    2.1654    2.0758  C  0  0  0  0  0
  1  9  2  0  0  0
  1  2  1  0  0  0
  2  3  1  0  0  0
  3  4  1  0  0  0
  4  8  2  0  0  0
  4  5  1  0  0  0
  5  6  1  0  0  0
  6  7  1  0  0  0
  7  8  1  0  0  0
  8  9  1  0  0  0
M  END
$$$$
C12=C(NCC=C1)CCC2
  -ISIS-

  9 10  0  0  0  0  0  0  0  0  1
   -1.8542    1.0327    2.5063  C  0  0  0  0  0
   -3.1096    1.1505    3.3527  C  0  0  0  0  0
   -3.5420    2.4335    3.6358  N  0  0  0  0  0
   -2.8968    3.5414    3.1866  C  0  0  0  0  0
   -3.3144    4.9386    3.4652  C  0  0  0  0  0
   -2.4443    5.7222    2.4745  C  0  0  0  0  0
   -1.2768    4.8031    2.0822  C  0  0  0  0  0
   -1.7981    3.4506    2.4393  C  0  0  0  0  0
   -1.2364    2.1654    2.0758  C  0  0  0  0  0
  1  9  2  0  0  0
  1  2  1  0  0  0
  2  3  1  0  0  0
  3  4  1  0  0  0
  4  8  2  0  0  0
  4  5  1  0  0  0
  5  6  1  0  0  0
  6  7  1  0  0  0
  7  8  1  0  0  0
  8  9  1  0  0  0
M  END
$$$$
