C12=C(CCC3C1CCC3)CCCC2
  -ISIS-

 13 15  0  0  0  0  0  0  0  0  1
   -4.6582   -6.6334    2.0714  C  0  0  0  0  0
   -4.7952   -6.8661    0.5536  C  0  0  0  0  0
   -6.0722   -6.2453   -0.0193  C  0  0  0  0  0
   -6.3964   -4.8736    0.5310  C  0  0  0  0  0
   -5.7845   -4.3626    1.6214  C  0  0  0  0  0
   -4.7248   -5.1263    2.3897  C  0  0  0  0  0
   -3.3120   -4.6146    2.0724  C  0  0  0  0  0
   -2.3641   -5.7758    2.4082  C  0  0  0  0  0
   -3.2568   -7.0226    2.5817  C  0  0  0  0  0
   -6.1111   -2.9859    2.1541  C  0  0  0  0  0
   -7.4768   -2.4763    1.7221  C  0  0  0  0  0
   -7.6596   -2.7053    0.2467  C  0  0  0  0  0
   -7.4450   -4.1211   -0.2549  C  0  0  0  0  0
  1  6  1  0  0  0
  1  9  1  0  0  0
  1  2  1  0  0  0
  2  3  1  0  0  0
  3  4  1  0  0  0
  4 13  1  0  0  0
  4  5  2  0  0  0
  5  6  1  0  0  0
  5 10  1  0  0  0
  6  7  1  0  0  0
  7  8  1  0  0  0
  8  9  1  0  0  0
 10 11  1  0  0  0
 11 12  1  0  0  0
 12 13  1  0  0  0
M  END
$$$$
C12=C(CCC3C1CCC3)CCCC2
  -ISIS-

 13 15  0  0  0  0  0  0  0  0  1
   -4.6582   -6.6334    2.0714  C  0  0  0  0  0
   -4.7952   -6.8661    0.5536  C  0  0  0  0  0
   -6.0722   -6.2453   -0.0193  C  0  0  0  0  0
   -6.3964   -4.8736    0.5310  C  0  0  0  0  0
   -5.7845   -4.3626    1.6214  C  0  0  0  0  0
   -4.7248   -5.1263    2.3897  C  0  0  0  0  0
   -3.3120   -4.6146    2.0724  C  0  0  0  0  0
   -2.3641   -5.7758    2.4082  C  0  0  0  0  0
   -3.2568   -7.0226    2.5817  C  0  0  0  0  0
   -6.1111   -2.9859    2.1541  C  0  0  0  0  0
   -7.4768   -2.4763    1.7221  C  0  0  0  0  0
   -7.6596   -2.7053    0.2467  C  0  0  0  0  0
   -7.4450   -4.1211   -0.2549  C  0  0  0  0  0
  1  6  1  0  0  0
  1  9  1  0  0  0
  1  2  1  0  0  0
  2  3  1  0  0  0
  3  4  1  0  0  0
  4 13  1  0  0  0
  4  5  2  0  0  0
  5  6  1  0  0  0
  5 10  1  0  0  0
  6  7  1  0  0  0
  7  8  1  0  0  0
  8  9  1  0  0  0
 10 11  1  0  0  0
 11 12  1  0  0  0
 12 13  1  0  0  0
M  END
$$$$
C12=C(CCC3C1CCC3)CCCC2
  -ISIS-

 13 15  0  0  0  0  0  0  0  0  1
   -4.6582   -6.6334    2.0714  C  0  0  0  0  0
   -4.7952   -6.8661    0.5536  C  0  0  0  0  0
   -6.0722   -6.2453   -0.0193  C  0  0  0  0  0
   -6.3964   -4.8736    0.5310  C  0  0  0  0  0
   -5.7845   -4.3626    1.6214  C  0  0  0  0  0
   -4.7248   -5.1263    2.3897  C  0  0  0  0  0
   -3.3120   -4.6146    2.0724  C  0  0  0  0  0
   -2.3641   -5.7758    2.4082  C  0  0  0  0  0
   -3.2568   -7.0226    2.5817  C  0  0  0  0  0
   -6.1111   -2.9859    2.1541  C  0  0  0  0  0
   -7.4768   -2.4763    1.7221  C  0  0  0  0  0
   -7.6596   -2.7053    0.2467  C  0  0  0  0  0
   -7.4450   -4.1211   -0.2549  C  0  0  0  0  0
  1  6  1  0  0  0
  1  9  1  0  0  0
  1  2  1  0  0  0
  2  3  1  0  0  0
  3  4  1  0  0  0
  4 13  1  0  0  0
  4  5  2  0  0  0
  5  6  1  0  0  0
  5 10  1  0  0  0
  6  7  1  0  0  0
  7  8  1  0  0  0
  8  9  1  0  0  0
 10 11  1  0  0  0
 11 12  1  0  0  0
 12 13  1  0  0  0
M  END
$$$$
C12=C(CCC3C1CCC3)CCCC2
  -ISIS-

 13 15  0  0  0  0  0  0  0  0  1
    3.1110    1.3987   -2.1648  C  0  0  0  0  0
    4.2734    0.5232   -2.6797  C  0  0  0  0  0
    3.7759   -0.9313   -2.6549  C  0  0  0  0  0
    3.4269   -1.4422   -4.0546  C  0  0  0  0  0
    2.7829   -2.8257   -3.9907  C  0  0  0  0  0
    1.7008   -2.9410   -2.9419  C  0  0  0  0  0
    1.5870   -2.0625   -1.9229  C  0  0  0  0  0
    2.5482   -0.9090   -1.7349  C  0  0  0  0  0
    1.9144    0.4518   -2.0326  C  0  0  0  0  0
    0.4987   -2.1817   -0.8799  C  0  0  0  0  0
   -0.0813   -3.5825   -0.7649  C  0  0  0  0  0
   -0.3818   -4.1208   -2.1371  C  0  0  0  0  0
    0.7557   -4.1027   -3.1412  C  0  0  0  0  0
  1  9  1  0  0  0
  1  2  1  0  0  0
  2  3  1  0  0  0
  3  8  1  0  0  0
  3  4  1  0  0  0
  4  5  1  0  0  0
  5  6  1  0  0  0
  6 13  1  0  0  0
  6  7  2  0  0  0
  7  8  1  0  0  0
  7 10  1  0  0  0
  8  9  1  0  0  0
 10 11  1  0  0  0
 11 12  1  0  0  0
 12 13  1  0  0  0
M  END
$$$$
C12=C(CCC3C1CCC3)CCCC2
  -ISIS-

 13 15  0  0  0  0  0  0  0  0  1
    3.1110    1.3987   -2.1648  C  0  0  0  0  0
    4.2734    0.5232   -2.6797  C  0  0  0  0  0
    3.7759   -0.9313   -2.6549  C  0  0  0  0  0
    3.4269   -1.4422   -4.0546  C  0  0  0  0  0
    2.7829   -2.8257   -3.9907  C  0  0  0  0  0
    1.7008   -2.9410   -2.9419  C  0  0  0  0  0
    1.5870   -2.0625   -1.9229  C  0  0  0  0  0
    2.5482   -0.9090   -1.7349  C  0  0  0  0  0
    1.9144    0.4518   -2.0326  C  0  0  0  0  0
    0.4987   -2.1817   -0.8799  C  0  0  0  0  0
   -0.0813   -3.5825   -0.7649  C  0  0  0  0  0
   -0.3818   -4.1208   -2.1371  C  0  0  0  0  0
    0.7557   -4.1027   -3.1412  C  0  0  0  0  0
  1  9  1  0  0  0
  1  2  1  0  0  0
  2  3  1  0  0  0
  3  8  1  0  0  0
  3  4  1  0  0  0
  4  5  1  0  0  0
  5  6  1  0  0  0
  6 13  1  0  0  0
  6  7  2  0  0  0
  7  8  1  0  0  0
  7 10  1  0  0  0
  8  9  1  0  0  0
 10 11  1  0  0  0
 11 12  1  0  0  0
 12 13  1  0  0  0
M  END
$$$$
