C12=CCC3C(C1CCCC2)CC4C5N6C(CC5CCC34)CCCC6
  -ISIS-

 24 29  0  0  0  0  0  0  0  0  1
   -5.3131    1.8896   -0.6630  C  0  0  0  0  0
   -5.5595    1.1988   -2.0159  C  0  0  0  0  0
   -6.7648    0.2254   -1.9102  C  0  0  0  0  0
   -8.0528    0.9274   -1.4839  C  0  0  0  0  0
   -7.8334    1.7301   -0.1805  C  0  0  0  0  0
   -6.6458    2.6939   -0.3311  C  0  0  0  0  0
   -6.2380    3.6549    0.8089  C  0  0  0  0  0
   -4.7211    3.8928    0.5917  C  0  0  0  0  0
   -4.2876    5.3378    0.3002  C  0  0  0  0  0
   -2.7680    5.3656    0.0810  C  0  0  0  0  0
   -2.2540    4.3600   -0.9788  C  0  0  0  0  0
   -2.8900    2.9594   -0.8583  C  0  0  0  0  0
   -4.3697    3.0901   -0.6841  N  0  0  0  0  0
   -6.7271   -0.4509   -3.2872  C  0  0  0  0  0
   -7.7451   -1.5492   -3.5416  C  0  0  0  0  0
   -7.3658   -2.8681   -2.9740  C  0  0  0  0  0
   -6.1108   -3.2419   -2.6797  C  0  0  0  0  0
   -4.8835   -2.3440   -2.8764  C  0  0  0  0  0
   -5.2437   -0.8967   -3.3978  C  0  0  0  0  0
   -4.5574    0.2449   -2.6328  C  0  0  0  0  0
   -4.1008   -2.3361   -1.5264  C  0  0  0  0  0
   -3.8243   -3.7193   -0.9275  C  0  0  0  0  0
   -5.1046   -4.5327   -0.7741  C  0  0  0  0  0
   -5.8647   -4.6208   -2.0973  C  0  0  0  0  0
  1  6  1  0  0  0
  1 13  1  0  0  0
  1  2  1  0  0  0
  2 20  1  0  0  0
  2  3  1  0  0  0
  3  4  1  0  0  0
  3 14  1  0  0  0
  4  5  1  0  0  0
  5  6  1  0  0  0
  6  7  1  0  0  0
  7  8  1  0  0  0
  8 13  1  0  0  0
  8  9  1  0  0  0
  9 10  1  0  0  0
 10 11  1  0  0  0
 11 12  1  0  0  0
 12 13  1  0  0  0
 14 19  1  0  0  0
 14 15  1  0  0  0
 15 16  1  0  0  0
 16 17  2  0  0  0
 17 24  1  0  0  0
 17 18  1  0  0  0
 18 19  1  0  0  0
 18 21  1  0  0  0
 19 20  1  0  0  0
 21 22  1  0  0  0
 22 23  1  0  0  0
 23 24  1  0  0  0
M  END
$$$$
