C12=Nc3c(ccn3)CN1C=CC=C2
  -ISIS-

 13 15  0  0  0  0  0  0  0  0  1
    5.3736   -3.1954   -3.2278  C  0  0  0  0  0
    4.7289   -4.1030   -3.9908  N  0  0  0  0  0
    3.4622   -3.8430   -4.1874  C  0  0  0  0  0
    2.7831   -2.7160   -3.6676  N  0  0  0  0  0
    3.4503   -1.7617   -2.8718  C  0  0  0  0  0
    4.8460   -2.0643   -2.6643  C  0  0  0  0  0
    5.8754   -1.4197   -1.9459  C  0  0  0  0  0
    7.0404   -2.1659   -2.1001  C  0  0  0  0  0
    6.6952   -3.2703   -2.8706  N  0  0  0  0  0
    1.4313   -2.5182   -3.9289  C  0  0  0  0  0
    0.7191   -3.3698   -4.6728  C  0  0  0  0  0
    1.3454   -4.5343   -5.2321  C  0  0  0  0  0
    2.6453   -4.7940   -5.0244  C  0  0  0  0  0
  1  6  2  0  0  0
  1  9  1  0  0  0
  1  2  1  0  0  0
  2  3  2  0  0  0
  3 13  1  0  0  0
  3  4  1  0  0  0
  4  5  1  0  0  0
  4 10  1  0  0  0
  5  6  1  0  0  0
  6  7  1  0  0  0
  7  8  2  0  0  0
  8  9  1  0  0  0
 10 11  2  0  0  0
 11 12  1  0  0  0
 12 13  2  0  0  0
M  END
$$$$
