C12=C(COC=C1)CNN2
  -ISIS-

  9 10  0  0  0  0  0  0  0  0  1
    5.7392   -4.7167   -5.4126  C  0  0  0  0  0
    4.8068   -5.6801   -5.3469  C  0  0  0  0  0
    3.5051   -5.5678   -5.9819  C  0  0  0  0  0
    3.2999   -4.3795   -6.6499  O  0  0  0  0  0
    4.2871   -3.3484   -6.7009  C  0  0  0  0  0
    5.4836   -3.4963   -6.1078  C  0  0  0  0  0
    5.4674   -6.7035   -4.5057  C  0  0  0  0  0
    6.7022   -6.2278   -4.0671  N  0  0  0  0  0
    6.9134   -5.0307   -4.7354  N  0  0  0  0  0
  1  6  1  0  0  0
  1  9  1  0  0  0
  1  2  2  0  0  0
  2  3  1  0  0  0
  2  7  1  0  0  0
  3  4  1  0  0  0
  4  5  1  0  0  0
  5  6  2  0  0  0
  7  8  1  0  0  0
  8  9  1  0  0  0
M  END
$$$$
C12=C(COC=C1)CNN2
  -ISIS-

  9 10  0  0  0  0  0  0  0  0  1
    5.7392   -4.7167   -5.4126  C  0  0  0  0  0
    4.8068   -5.6801   -5.3469  C  0  0  0  0  0
    3.5051   -5.5678   -5.9819  C  0  0  0  0  0
    3.2999   -4.3795   -6.6499  O  0  0  0  0  0
    4.2871   -3.3484   -6.7009  C  0  0  0  0  0
    5.4836   -3.4963   -6.1078  C  0  0  0  0  0
    5.4674   -6.7035   -4.5057  C  0  0  0  0  0
    6.7022   -6.2278   -4.0671  N  0  0  0  0  0
    6.9134   -5.0307   -4.7354  N  0  0  0  0  0
  1  6  1  0  0  0
  1  9  1  0  0  0
  1  2  2  0  0  0
  2  3  1  0  0  0
  2  7  1  0  0  0
  3  4  1  0  0  0
  4  5  1  0  0  0
  5  6  2  0  0  0
  7  8  1  0  0  0
  8  9  1  0  0  0
M  END
$$$$
C12=C(COC=C1)CNN2
  -ISIS-

  9 10  0  0  0  0  0  0  0  0  1
    5.7392   -4.7167   -5.4126  C  0  0  0  0  0
    4.8068   -5.6801   -5.3469  C  0  0  0  0  0
    3.5051   -5.5678   -5.9819  C  0  0  0  0  0
    3.2999   -4.3795   -6.6499  O  0  0  0  0  0
    4.2871   -3.3484   -6.7009  C  0  0  0  0  0
    5.4836   -3.4963   -6.1078  C  0  0  0  0  0
    5.4674   -6.7035   -4.5057  C  0  0  0  0  0
    6.7022   -6.2278   -4.0671  N  0  0  0  0  0
    6.9134   -5.0307   -4.7354  N  0  0  0  0  0
  1  6  1  0  0  0
  1  9  1  0  0  0
  1  2  2  0  0  0
  2  3  1  0  0  0
  2  7  1  0  0  0
  3  4  1  0  0  0
  4  5  1  0  0  0
  5  6  2  0  0  0
  7  8  1  0  0  0
  8  9  1  0  0  0
M  END
$$$$
