C12=CCCCC1C3C(C4C(C5(OCC5)CC4)CC3)CC2
  -ISIS-

 20 24  0  0  0  0  0  0  0  0  1
   -2.3028    0.5516    1.2061  C  0  0  0  0  0
   -1.1864    0.9320    0.1781  C  0  0  0  0  0
   -1.0768    2.4655    0.2247  C  0  0  0  0  0
   -2.4872    2.9278    0.5543  C  0  0  0  0  0
   -2.9066    1.9239    1.6166  C  0  0  0  0  0
   -2.4572    2.3714    2.9298  O  0  0  0  0  0
   -3.7904    2.4768    3.4829  C  0  0  0  0  0
   -4.3391    2.0207    2.1396  C  0  0  0  0  0
    0.1868    0.2382    0.4047  C  0  0  0  0  0
    1.0467    0.4244   -0.8608  C  0  0  0  0  0
    2.3794   -0.2999   -0.7740  C  0  0  0  0  0
    2.1970   -1.7646   -0.4687  C  0  0  0  0  0
    1.3356   -2.0980    0.7587  C  0  0  0  0  0
   -0.0131   -1.2638    0.7292  C  0  0  0  0  0
   -0.8716   -1.4387    2.0252  C  0  0  0  0  0
   -1.7201   -0.2151    2.4001  C  0  0  0  0  0
    0.9830   -3.6150    0.7647  C  0  0  0  0  0
    2.1591   -4.5227    0.4356  C  0  0  0  0  0
    2.7790   -4.1288   -0.8790  C  0  0  0  0  0
    2.8045   -2.6905   -1.2319  C  0  0  0  0  0
  1  5  1  0  0  0
  1 16  1  0  0  0
  1  2  1  0  0  0
  2  3  1  0  0  0
  2  9  1  0  0  0
  3  4  1  0  0  0
  4  5  1  0  0  0
  5  8  1  0  0  0
  5  6  1  0  0  0
  6  7  1  0  0  0
  7  8  1  0  0  0
  9 14  1  0  0  0
  9 10  1  0  0  0
 10 11  1  0  0  0
 11 12  1  0  0  0
 12 20  2  0  0  0
 12 13  1  0  0  0
 13 14  1  0  0  0
 13 17  1  0  0  0
 14 15  1  0  0  0
 15 16  1  0  0  0
 17 18  1  0  0  0
 18 19  1  0  0  0
 19 20  1  0  0  0
M  END
$$$$
C12=CCCCC1C3C(C4C(C5(OCC5)CC4)CC3)CC2
  -ISIS-

 20 24  0  0  0  0  0  0  0  0  1
   -2.3028    0.5516    1.2061  C  0  0  0  0  0
   -1.1864    0.9320    0.1781  C  0  0  0  0  0
   -1.0768    2.4655    0.2247  C  0  0  0  0  0
   -2.4872    2.9278    0.5543  C  0  0  0  0  0
   -2.9066    1.9239    1.6166  C  0  0  0  0  0
   -2.4572    2.3714    2.9298  O  0  0  0  0  0
   -3.7904    2.4768    3.4829  C  0  0  0  0  0
   -4.3391    2.0207    2.1396  C  0  0  0  0  0
    0.1868    0.2382    0.4047  C  0  0  0  0  0
    1.0467    0.4244   -0.8608  C  0  0  0  0  0
    2.3794   -0.2999   -0.7740  C  0  0  0  0  0
    2.1970   -1.7646   -0.4687  C  0  0  0  0  0
    1.3356   -2.0980    0.7587  C  0  0  0  0  0
   -0.0131   -1.2638    0.7292  C  0  0  0  0  0
   -0.8716   -1.4387    2.0252  C  0  0  0  0  0
   -1.7201   -0.2151    2.4001  C  0  0  0  0  0
    0.9830   -3.6150    0.7647  C  0  0  0  0  0
    2.1591   -4.5227    0.4356  C  0  0  0  0  0
    2.7790   -4.1288   -0.8790  C  0  0  0  0  0
    2.8045   -2.6905   -1.2319  C  0  0  0  0  0
  1  5  1  0  0  0
  1 16  1  0  0  0
  1  2  1  0  0  0
  2  3  1  0  0  0
  2  9  1  0  0  0
  3  4  1  0  0  0
  4  5  1  0  0  0
  5  8  1  0  0  0
  5  6  1  0  0  0
  6  7  1  0  0  0
  7  8  1  0  0  0
  9 14  1  0  0  0
  9 10  1  0  0  0
 10 11  1  0  0  0
 11 12  1  0  0  0
 12 20  2  0  0  0
 12 13  1  0  0  0
 13 14  1  0  0  0
 13 17  1  0  0  0
 14 15  1  0  0  0
 15 16  1  0  0  0
 17 18  1  0  0  0
 18 19  1  0  0  0
 19 20  1  0  0  0
M  END
$$$$
C12=CCCCC1C3C(C4C(C5(OCC5)CC4)CC3)CC2
  -ISIS-

 20 24  0  0  0  0  0  0  0  0  1
   -2.3028    0.5516    1.2061  C  0  0  0  0  0
   -1.1864    0.9320    0.1781  C  0  0  0  0  0
   -1.0768    2.4655    0.2247  C  0  0  0  0  0
   -2.4872    2.9278    0.5543  C  0  0  0  0  0
   -2.9066    1.9239    1.6166  C  0  0  0  0  0
   -2.4572    2.3714    2.9298  O  0  0  0  0  0
   -3.7904    2.4768    3.4829  C  0  0  0  0  0
   -4.3391    2.0207    2.1396  C  0  0  0  0  0
    0.1868    0.2382    0.4047  C  0  0  0  0  0
    1.0467    0.4244   -0.8608  C  0  0  0  0  0
    2.3794   -0.2999   -0.7740  C  0  0  0  0  0
    2.1970   -1.7646   -0.4687  C  0  0  0  0  0
    1.3356   -2.0980    0.7587  C  0  0  0  0  0
   -0.0131   -1.2638    0.7292  C  0  0  0  0  0
   -0.8716   -1.4387    2.0252  C  0  0  0  0  0
   -1.7201   -0.2151    2.4001  C  0  0  0  0  0
    0.9830   -3.6150    0.7647  C  0  0  0  0  0
    2.1591   -4.5227    0.4356  C  0  0  0  0  0
    2.7790   -4.1288   -0.8790  C  0  0  0  0  0
    2.8045   -2.6905   -1.2319  C  0  0  0  0  0
  1  5  1  0  0  0
  1 16  1  0  0  0
  1  2  1  0  0  0
  2  3  1  0  0  0
  2  9  1  0  0  0
  3  4  1  0  0  0
  4  5  1  0  0  0
  5  8  1  0  0  0
  5  6  1  0  0  0
  6  7  1  0  0  0
  7  8  1  0  0  0
  9 14  1  0  0  0
  9 10  1  0  0  0
 10 11  1  0  0  0
 11 12  1  0  0  0
 12 20  2  0  0  0
 12 13  1  0  0  0
 13 14  1  0  0  0
 13 17  1  0  0  0
 14 15  1  0  0  0
 15 16  1  0  0  0
 17 18  1  0  0  0
 18 19  1  0  0  0
 19 20  1  0  0  0
M  END
$$$$
C12=CCCCC1C3C(C4C(C5(OCC5)CC4)CC3)CC2
  -ISIS-

 20 24  0  0  0  0  0  0  0  0  1
   -2.3028    0.5516    1.2061  C  0  0  0  0  0
   -1.1864    0.9320    0.1781  C  0  0  0  0  0
   -1.0768    2.4655    0.2247  C  0  0  0  0  0
   -2.4872    2.9278    0.5543  C  0  0  0  0  0
   -2.9066    1.9239    1.6166  C  0  0  0  0  0
   -2.4572    2.3714    2.9298  O  0  0  0  0  0
   -3.7904    2.4768    3.4829  C  0  0  0  0  0
   -4.3391    2.0207    2.1396  C  0  0  0  0  0
    0.1868    0.2382    0.4047  C  0  0  0  0  0
    1.0467    0.4244   -0.8608  C  0  0  0  0  0
    2.3794   -0.2999   -0.7740  C  0  0  0  0  0
    2.1970   -1.7646   -0.4687  C  0  0  0  0  0
    1.3356   -2.0980    0.7587  C  0  0  0  0  0
   -0.0131   -1.2638    0.7292  C  0  0  0  0  0
   -0.8716   -1.4387    2.0252  C  0  0  0  0  0
   -1.7201   -0.2151    2.4001  C  0  0  0  0  0
    0.9830   -3.6150    0.7647  C  0  0  0  0  0
    2.1591   -4.5227    0.4356  C  0  0  0  0  0
    2.7790   -4.1288   -0.8790  C  0  0  0  0  0
    2.8045   -2.6905   -1.2319  C  0  0  0  0  0
  1  5  1  0  0  0
  1 16  1  0  0  0
  1  2  1  0  0  0
  2  3  1  0  0  0
  2  9  1  0  0  0
  3  4  1  0  0  0
  4  5  1  0  0  0
  5  8  1  0  0  0
  5  6  1  0  0  0
  6  7  1  0  0  0
  7  8  1  0  0  0
  9 14  1  0  0  0
  9 10  1  0  0  0
 10 11  1  0  0  0
 11 12  1  0  0  0
 12 20  2  0  0  0
 12 13  1  0  0  0
 13 14  1  0  0  0
 13 17  1  0  0  0
 14 15  1  0  0  0
 15 16  1  0  0  0
 17 18  1  0  0  0
 18 19  1  0  0  0
 19 20  1  0  0  0
M  END
$$$$
C12=CCCCC1C3C(C4C(C5(OCC5)CC4)CC3)CC2
  -ISIS-

 20 24  0  0  0  0  0  0  0  0  1
   -2.3028    0.5516    1.2061  C  0  0  0  0  0
   -1.1864    0.9320    0.1781  C  0  0  0  0  0
   -1.0768    2.4655    0.2247  C  0  0  0  0  0
   -2.4872    2.9278    0.5543  C  0  0  0  0  0
   -2.9066    1.9239    1.6166  C  0  0  0  0  0
   -2.4572    2.3714    2.9298  O  0  0  0  0  0
   -3.7904    2.4768    3.4829  C  0  0  0  0  0
   -4.3391    2.0207    2.1396  C  0  0  0  0  0
    0.1868    0.2382    0.4047  C  0  0  0  0  0
    1.0467    0.4244   -0.8608  C  0  0  0  0  0
    2.3794   -0.2999   -0.7740  C  0  0  0  0  0
    2.1970   -1.7646   -0.4687  C  0  0  0  0  0
    1.3356   -2.0980    0.7587  C  0  0  0  0  0
   -0.0131   -1.2638    0.7292  C  0  0  0  0  0
   -0.8716   -1.4387    2.0252  C  0  0  0  0  0
   -1.7201   -0.2151    2.4001  C  0  0  0  0  0
    0.9830   -3.6150    0.7647  C  0  0  0  0  0
    2.1591   -4.5227    0.4356  C  0  0  0  0  0
    2.7790   -4.1288   -0.8790  C  0  0  0  0  0
    2.8045   -2.6905   -1.2319  C  0  0  0  0  0
  1  5  1  0  0  0
  1 16  1  0  0  0
  1  2  1  0  0  0
  2  3  1  0  0  0
  2  9  1  0  0  0
  3  4  1  0  0  0
  4  5  1  0  0  0
  5  8  1  0  0  0
  5  6  1  0  0  0
  6  7  1  0  0  0
  7  8  1  0  0  0
  9 14  1  0  0  0
  9 10  1  0  0  0
 10 11  1  0  0  0
 11 12  1  0  0  0
 12 20  2  0  0  0
 12 13  1  0  0  0
 13 14  1  0  0  0
 13 17  1  0  0  0
 14 15  1  0  0  0
 15 16  1  0  0  0
 17 18  1  0  0  0
 18 19  1  0  0  0
 19 20  1  0  0  0
M  END
$$$$
C12=CCCCC1C3C(C4C(C5(OCC5)CC4)CC3)CC2
  -ISIS-

 20 24  0  0  0  0  0  0  0  0  1
   -2.3028    0.5516    1.2061  C  0  0  0  0  0
   -1.1864    0.9320    0.1781  C  0  0  0  0  0
   -1.0768    2.4655    0.2247  C  0  0  0  0  0
   -2.4872    2.9278    0.5543  C  0  0  0  0  0
   -2.9066    1.9239    1.6166  C  0  0  0  0  0
   -2.4572    2.3714    2.9298  O  0  0  0  0  0
   -3.7904    2.4768    3.4829  C  0  0  0  0  0
   -4.3391    2.0207    2.1396  C  0  0  0  0  0
    0.1868    0.2382    0.4047  C  0  0  0  0  0
    1.0467    0.4244   -0.8608  C  0  0  0  0  0
    2.3794   -0.2999   -0.7740  C  0  0  0  0  0
    2.1970   -1.7646   -0.4687  C  0  0  0  0  0
    1.3356   -2.0980    0.7587  C  0  0  0  0  0
   -0.0131   -1.2638    0.7292  C  0  0  0  0  0
   -0.8716   -1.4387    2.0252  C  0  0  0  0  0
   -1.7201   -0.2151    2.4001  C  0  0  0  0  0
    0.9830   -3.6150    0.7647  C  0  0  0  0  0
    2.1591   -4.5227    0.4356  C  0  0  0  0  0
    2.7790   -4.1288   -0.8790  C  0  0  0  0  0
    2.8045   -2.6905   -1.2319  C  0  0  0  0  0
  1  5  1  0  0  0
  1 16  1  0  0  0
  1  2  1  0  0  0
  2  3  1  0  0  0
  2  9  1  0  0  0
  3  4  1  0  0  0
  4  5  1  0  0  0
  5  8  1  0  0  0
  5  6  1  0  0  0
  6  7  1  0  0  0
  7  8  1  0  0  0
  9 14  1  0  0  0
  9 10  1  0  0  0
 10 11  1  0  0  0
 11 12  1  0  0  0
 12 20  2  0  0  0
 12 13  1  0  0  0
 13 14  1  0  0  0
 13 17  1  0  0  0
 14 15  1  0  0  0
 15 16  1  0  0  0
 17 18  1  0  0  0
 18 19  1  0  0  0
 19 20  1  0  0  0
M  END
$$$$
C12=CCCCC1C3C(C4C(C5(OCC5)CC4)CC3)CC2
  -ISIS-

 20 24  0  0  0  0  0  0  0  0  1
    3.7979   -0.8121    7.9953  C  0  0  0  0  0
    2.2709   -1.1022    7.7982  C  0  0  0  0  0
    1.7474   -0.0171    6.8298  C  0  0  0  0  0
    2.7731    1.1059    6.8668  C  0  0  0  0  0
    4.0784    0.3385    7.0039  C  0  0  0  0  0
    4.5295   -0.1250    5.6976  O  0  0  0  0  0
    5.7017    0.7315    5.6724  C  0  0  0  0  0
    5.3663    1.1509    7.0986  C  0  0  0  0  0
    1.9841   -2.5256    7.2744  C  0  0  0  0  0
    0.4800   -2.7816    7.0376  C  0  0  0  0  0
    0.0536   -4.2018    7.3940  C  0  0  0  0  0
    0.3578   -4.3898    8.8537  C  0  0  0  0  0
    1.8318   -4.3045    9.2534  C  0  0  0  0  0
    2.6881   -3.6411    8.1000  C  0  0  0  0  0
    4.1412   -3.2801    8.4889  C  0  0  0  0  0
    4.6716   -2.0554    7.7452  C  0  0  0  0  0
    1.8913   -3.5371   10.5996  C  0  0  0  0  0
    1.0069   -4.1505   11.6883  C  0  0  0  0  0
   -0.3852   -4.4699   11.2014  C  0  0  0  0  0
   -0.6451   -4.4849    9.7445  C  0  0  0  0  0
  1  5  1  0  0  0
  1 16  1  0  0  0
  1  2  1  0  0  0
  2  3  1  0  0  0
  2  9  1  0  0  0
  3  4  1  0  0  0
  4  5  1  0  0  0
  5  8  1  0  0  0
  5  6  1  0  0  0
  6  7  1  0  0  0
  7  8  1  0  0  0
  9 14  1  0  0  0
  9 10  1  0  0  0
 10 11  1  0  0  0
 11 12  1  0  0  0
 12 20  2  0  0  0
 12 13  1  0  0  0
 13 14  1  0  0  0
 13 17  1  0  0  0
 14 15  1  0  0  0
 15 16  1  0  0  0
 17 18  1  0  0  0
 18 19  1  0  0  0
 19 20  1  0  0  0
M  END
$$$$
C12=CCCCC1C3C(C4C(C5(OCC5)CC4)CC3)CC2
  -ISIS-

 20 24  0  0  0  0  0  0  0  0  1
    3.7979   -0.8121    7.9953  C  0  0  0  0  0
    2.2709   -1.1022    7.7982  C  0  0  0  0  0
    1.7474   -0.0171    6.8298  C  0  0  0  0  0
    2.7731    1.1059    6.8668  C  0  0  0  0  0
    4.0784    0.3385    7.0039  C  0  0  0  0  0
    4.5295   -0.1250    5.6976  O  0  0  0  0  0
    5.7017    0.7315    5.6724  C  0  0  0  0  0
    5.3663    1.1509    7.0986  C  0  0  0  0  0
    1.9841   -2.5256    7.2744  C  0  0  0  0  0
    0.4800   -2.7816    7.0376  C  0  0  0  0  0
    0.0536   -4.2018    7.3940  C  0  0  0  0  0
    0.3578   -4.3898    8.8537  C  0  0  0  0  0
    1.8318   -4.3045    9.2534  C  0  0  0  0  0
    2.6881   -3.6411    8.1000  C  0  0  0  0  0
    4.1412   -3.2801    8.4889  C  0  0  0  0  0
    4.6716   -2.0554    7.7452  C  0  0  0  0  0
    1.8913   -3.5371   10.5996  C  0  0  0  0  0
    1.0069   -4.1505   11.6883  C  0  0  0  0  0
   -0.3852   -4.4699   11.2014  C  0  0  0  0  0
   -0.6451   -4.4849    9.7445  C  0  0  0  0  0
  1  5  1  0  0  0
  1 16  1  0  0  0
  1  2  1  0  0  0
  2  3  1  0  0  0
  2  9  1  0  0  0
  3  4  1  0  0  0
  4  5  1  0  0  0
  5  8  1  0  0  0
  5  6  1  0  0  0
  6  7  1  0  0  0
  7  8  1  0  0  0
  9 14  1  0  0  0
  9 10  1  0  0  0
 10 11  1  0  0  0
 11 12  1  0  0  0
 12 20  2  0  0  0
 12 13  1  0  0  0
 13 14  1  0  0  0
 13 17  1  0  0  0
 14 15  1  0  0  0
 15 16  1  0  0  0
 17 18  1  0  0  0
 18 19  1  0  0  0
 19 20  1  0  0  0
M  END
$$$$
C12=CCCCC1C3C(C4C(C5(OCC5)CC4)CC3)CC2
  -ISIS-

 20 24  0  0  0  0  0  0  0  0  1
    3.7979   -0.8121    7.9953  C  0  0  0  0  0
    2.2709   -1.1022    7.7982  C  0  0  0  0  0
    1.7474   -0.0171    6.8298  C  0  0  0  0  0
    2.7731    1.1059    6.8668  C  0  0  0  0  0
    4.0784    0.3385    7.0039  C  0  0  0  0  0
    4.5295   -0.1250    5.6976  O  0  0  0  0  0
    5.7017    0.7315    5.6724  C  0  0  0  0  0
    5.3663    1.1509    7.0986  C  0  0  0  0  0
    1.9841   -2.5256    7.2744  C  0  0  0  0  0
    0.4800   -2.7816    7.0376  C  0  0  0  0  0
    0.0536   -4.2018    7.3940  C  0  0  0  0  0
    0.3578   -4.3898    8.8537  C  0  0  0  0  0
    1.8318   -4.3045    9.2534  C  0  0  0  0  0
    2.6881   -3.6411    8.1000  C  0  0  0  0  0
    4.1412   -3.2801    8.4889  C  0  0  0  0  0
    4.6716   -2.0554    7.7452  C  0  0  0  0  0
    1.8913   -3.5371   10.5996  C  0  0  0  0  0
    1.0069   -4.1505   11.6883  C  0  0  0  0  0
   -0.3852   -4.4699   11.2014  C  0  0  0  0  0
   -0.6451   -4.4849    9.7445  C  0  0  0  0  0
  1  5  1  0  0  0
  1 16  1  0  0  0
  1  2  1  0  0  0
  2  3  1  0  0  0
  2  9  1  0  0  0
  3  4  1  0  0  0
  4  5  1  0  0  0
  5  8  1  0  0  0
  5  6  1  0  0  0
  6  7  1  0  0  0
  7  8  1  0  0  0
  9 14  1  0  0  0
  9 10  1  0  0  0
 10 11  1  0  0  0
 11 12  1  0  0  0
 12 20  2  0  0  0
 12 13  1  0  0  0
 13 14  1  0  0  0
 13 17  1  0  0  0
 14 15  1  0  0  0
 15 16  1  0  0  0
 17 18  1  0  0  0
 18 19  1  0  0  0
 19 20  1  0  0  0
M  END
$$$$
C12=CCCCC1C3C(C4C(C5(OCC5)CC4)CC3)CC2
  -ISIS-

 20 24  0  0  0  0  0  0  0  0  1
    3.7979   -0.8121    7.9953  C  0  0  0  0  0
    2.2709   -1.1022    7.7982  C  0  0  0  0  0
    1.7474   -0.0171    6.8298  C  0  0  0  0  0
    2.7731    1.1059    6.8668  C  0  0  0  0  0
    4.0784    0.3385    7.0039  C  0  0  0  0  0
    4.5295   -0.1250    5.6976  O  0  0  0  0  0
    5.7017    0.7315    5.6724  C  0  0  0  0  0
    5.3663    1.1509    7.0986  C  0  0  0  0  0
    1.9841   -2.5256    7.2744  C  0  0  0  0  0
    0.4800   -2.7816    7.0376  C  0  0  0  0  0
    0.0536   -4.2018    7.3940  C  0  0  0  0  0
    0.3578   -4.3898    8.8537  C  0  0  0  0  0
    1.8318   -4.3045    9.2534  C  0  0  0  0  0
    2.6881   -3.6411    8.1000  C  0  0  0  0  0
    4.1412   -3.2801    8.4889  C  0  0  0  0  0
    4.6716   -2.0554    7.7452  C  0  0  0  0  0
    1.8913   -3.5371   10.5996  C  0  0  0  0  0
    1.0069   -4.1505   11.6883  C  0  0  0  0  0
   -0.3852   -4.4699   11.2014  C  0  0  0  0  0
   -0.6451   -4.4849    9.7445  C  0  0  0  0  0
  1  5  1  0  0  0
  1 16  1  0  0  0
  1  2  1  0  0  0
  2  3  1  0  0  0
  2  9  1  0  0  0
  3  4  1  0  0  0
  4  5  1  0  0  0
  5  8  1  0  0  0
  5  6  1  0  0  0
  6  7  1  0  0  0
  7  8  1  0  0  0
  9 14  1  0  0  0
  9 10  1  0  0  0
 10 11  1  0  0  0
 11 12  1  0  0  0
 12 20  2  0  0  0
 12 13  1  0  0  0
 13 14  1  0  0  0
 13 17  1  0  0  0
 14 15  1  0  0  0
 15 16  1  0  0  0
 17 18  1  0  0  0
 18 19  1  0  0  0
 19 20  1  0  0  0
M  END
$$$$
C12=CCCCC1C3C(C4C(C5(OCC5)CC4)CC3)CC2
  -ISIS-

 20 24  0  0  0  0  0  0  0  0  1
    3.7979   -0.8121    7.9953  C  0  0  0  0  0
    2.2709   -1.1022    7.7982  C  0  0  0  0  0
    1.7474   -0.0171    6.8298  C  0  0  0  0  0
    2.7731    1.1059    6.8668  C  0  0  0  0  0
    4.0784    0.3385    7.0039  C  0  0  0  0  0
    4.5295   -0.1250    5.6976  O  0  0  0  0  0
    5.7017    0.7315    5.6724  C  0  0  0  0  0
    5.3663    1.1509    7.0986  C  0  0  0  0  0
    1.9841   -2.5256    7.2744  C  0  0  0  0  0
    0.4800   -2.7816    7.0376  C  0  0  0  0  0
    0.0536   -4.2018    7.3940  C  0  0  0  0  0
    0.3578   -4.3898    8.8537  C  0  0  0  0  0
    1.8318   -4.3045    9.2534  C  0  0  0  0  0
    2.6881   -3.6411    8.1000  C  0  0  0  0  0
    4.1412   -3.2801    8.4889  C  0  0  0  0  0
    4.6716   -2.0554    7.7452  C  0  0  0  0  0
    1.8913   -3.5371   10.5996  C  0  0  0  0  0
    1.0069   -4.1505   11.6883  C  0  0  0  0  0
   -0.3852   -4.4699   11.2014  C  0  0  0  0  0
   -0.6451   -4.4849    9.7445  C  0  0  0  0  0
  1  5  1  0  0  0
  1 16  1  0  0  0
  1  2  1  0  0  0
  2  3  1  0  0  0
  2  9  1  0  0  0
  3  4  1  0  0  0
  4  5  1  0  0  0
  5  8  1  0  0  0
  5  6  1  0  0  0
  6  7  1  0  0  0
  7  8  1  0  0  0
  9 14  1  0  0  0
  9 10  1  0  0  0
 10 11  1  0  0  0
 11 12  1  0  0  0
 12 20  2  0  0  0
 12 13  1  0  0  0
 13 14  1  0  0  0
 13 17  1  0  0  0
 14 15  1  0  0  0
 15 16  1  0  0  0
 17 18  1  0  0  0
 18 19  1  0  0  0
 19 20  1  0  0  0
M  END
$$$$
C12=CCCCC1C3C(C4C(C5(OCC5)CC4)CC3)CC2
  -ISIS-

 20 24  0  0  0  0  0  0  0  0  1
   -1.2321    3.4461   -5.5934  C  0  0  0  0  0
   -0.1006    2.3892   -5.6072  C  0  0  0  0  0
    1.1631    3.2257   -5.8676  C  0  0  0  0  0
    0.9629    4.5124   -5.0660  C  0  0  0  0  0
   -0.5529    4.6270   -4.8568  C  0  0  0  0  0
   -0.8537    4.6708   -3.4328  O  0  0  0  0  0
   -1.3688    6.0220   -3.4545  C  0  0  0  0  0
   -1.1484    6.0350   -4.9589  C  0  0  0  0  0
    0.0738    1.5298   -4.3149  C  0  0  0  0  0
    0.5687    0.1377   -4.7622  C  0  0  0  0  0
    0.7908   -0.8107   -3.6041  C  0  0  0  0  0
   -0.4610   -0.9713   -2.7881  C  0  0  0  0  0
   -1.1238    0.3154   -2.2996  C  0  0  0  0  0
   -1.1817    1.4700   -3.3948  C  0  0  0  0  0
   -2.4633    1.5908   -4.2349  C  0  0  0  0  0
   -2.5462    2.9441   -4.9592  C  0  0  0  0  0
   -2.5450   -0.0104   -1.7531  C  0  0  0  0  0
   -2.5861   -1.2144   -0.8217  C  0  0  0  0  0
   -2.0124   -2.4194   -1.5215  C  0  0  0  0  0
   -0.8962   -2.2052   -2.4727  C  0  0  0  0  0
  1  5  1  0  0  0
  1 16  1  0  0  0
  1  2  1  0  0  0
  2  3  1  0  0  0
  2  9  1  0  0  0
  3  4  1  0  0  0
  4  5  1  0  0  0
  5  8  1  0  0  0
  5  6  1  0  0  0
  6  7  1  0  0  0
  7  8  1  0  0  0
  9 14  1  0  0  0
  9 10  1  0  0  0
 10 11  1  0  0  0
 11 12  1  0  0  0
 12 20  2  0  0  0
 12 13  1  0  0  0
 13 14  1  0  0  0
 13 17  1  0  0  0
 14 15  1  0  0  0
 15 16  1  0  0  0
 17 18  1  0  0  0
 18 19  1  0  0  0
 19 20  1  0  0  0
M  END
$$$$
C12=CCCCC1C3C(C4C(C5(OCC5)CC4)CC3)CC2
  -ISIS-

 20 24  0  0  0  0  0  0  0  0  1
   -1.2321    3.4461   -5.5934  C  0  0  0  0  0
   -0.1006    2.3892   -5.6072  C  0  0  0  0  0
    1.1631    3.2257   -5.8676  C  0  0  0  0  0
    0.9629    4.5124   -5.0660  C  0  0  0  0  0
   -0.5529    4.6270   -4.8568  C  0  0  0  0  0
   -0.8537    4.6708   -3.4328  O  0  0  0  0  0
   -1.3688    6.0220   -3.4545  C  0  0  0  0  0
   -1.1484    6.0350   -4.9589  C  0  0  0  0  0
    0.0738    1.5298   -4.3149  C  0  0  0  0  0
    0.5687    0.1377   -4.7622  C  0  0  0  0  0
    0.7908   -0.8107   -3.6041  C  0  0  0  0  0
   -0.4610   -0.9713   -2.7881  C  0  0  0  0  0
   -1.1238    0.3154   -2.2996  C  0  0  0  0  0
   -1.1817    1.4700   -3.3948  C  0  0  0  0  0
   -2.4633    1.5908   -4.2349  C  0  0  0  0  0
   -2.5462    2.9441   -4.9592  C  0  0  0  0  0
   -2.5450   -0.0104   -1.7531  C  0  0  0  0  0
   -2.5861   -1.2144   -0.8217  C  0  0  0  0  0
   -2.0124   -2.4194   -1.5215  C  0  0  0  0  0
   -0.8962   -2.2052   -2.4727  C  0  0  0  0  0
  1  5  1  0  0  0
  1 16  1  0  0  0
  1  2  1  0  0  0
  2  3  1  0  0  0
  2  9  1  0  0  0
  3  4  1  0  0  0
  4  5  1  0  0  0
  5  8  1  0  0  0
  5  6  1  0  0  0
  6  7  1  0  0  0
  7  8  1  0  0  0
  9 14  1  0  0  0
  9 10  1  0  0  0
 10 11  1  0  0  0
 11 12  1  0  0  0
 12 20  2  0  0  0
 12 13  1  0  0  0
 13 14  1  0  0  0
 13 17  1  0  0  0
 14 15  1  0  0  0
 15 16  1  0  0  0
 17 18  1  0  0  0
 18 19  1  0  0  0
 19 20  1  0  0  0
M  END
$$$$
C12=CCCCC1C3C(C4C(C5(OCC5)CC4)CC3)CC2
  -ISIS-

 20 24  0  0  0  0  0  0  0  0  1
   -1.2321    3.4461   -5.5934  C  0  0  0  0  0
   -0.1006    2.3892   -5.6072  C  0  0  0  0  0
    1.1631    3.2257   -5.8676  C  0  0  0  0  0
    0.9629    4.5124   -5.0660  C  0  0  0  0  0
   -0.5529    4.6270   -4.8568  C  0  0  0  0  0
   -0.8537    4.6708   -3.4328  O  0  0  0  0  0
   -1.3688    6.0220   -3.4545  C  0  0  0  0  0
   -1.1484    6.0350   -4.9589  C  0  0  0  0  0
    0.0738    1.5298   -4.3149  C  0  0  0  0  0
    0.5687    0.1377   -4.7622  C  0  0  0  0  0
    0.7908   -0.8107   -3.6041  C  0  0  0  0  0
   -0.4610   -0.9713   -2.7881  C  0  0  0  0  0
   -1.1238    0.3154   -2.2996  C  0  0  0  0  0
   -1.1817    1.4700   -3.3948  C  0  0  0  0  0
   -2.4633    1.5908   -4.2349  C  0  0  0  0  0
   -2.5462    2.9441   -4.9592  C  0  0  0  0  0
   -2.5450   -0.0104   -1.7531  C  0  0  0  0  0
   -2.5861   -1.2144   -0.8217  C  0  0  0  0  0
   -2.0124   -2.4194   -1.5215  C  0  0  0  0  0
   -0.8962   -2.2052   -2.4727  C  0  0  0  0  0
  1  5  1  0  0  0
  1 16  1  0  0  0
  1  2  1  0  0  0
  2  3  1  0  0  0
  2  9  1  0  0  0
  3  4  1  0  0  0
  4  5  1  0  0  0
  5  8  1  0  0  0
  5  6  1  0  0  0
  6  7  1  0  0  0
  7  8  1  0  0  0
  9 14  1  0  0  0
  9 10  1  0  0  0
 10 11  1  0  0  0
 11 12  1  0  0  0
 12 20  2  0  0  0
 12 13  1  0  0  0
 13 14  1  0  0  0
 13 17  1  0  0  0
 14 15  1  0  0  0
 15 16  1  0  0  0
 17 18  1  0  0  0
 18 19  1  0  0  0
 19 20  1  0  0  0
M  END
$$$$
C12=CCCCC1C3C(C4C(C5(OCC5)CC4)CC3)CC2
  -ISIS-

 20 24  0  0  0  0  0  0  0  0  1
   -1.2321    3.4461   -5.5934  C  0  0  0  0  0
   -0.1006    2.3892   -5.6072  C  0  0  0  0  0
    1.1631    3.2257   -5.8676  C  0  0  0  0  0
    0.9629    4.5124   -5.0660  C  0  0  0  0  0
   -0.5529    4.6270   -4.8568  C  0  0  0  0  0
   -0.8537    4.6708   -3.4328  O  0  0  0  0  0
   -1.3688    6.0220   -3.4545  C  0  0  0  0  0
   -1.1484    6.0350   -4.9589  C  0  0  0  0  0
    0.0738    1.5298   -4.3149  C  0  0  0  0  0
    0.5687    0.1377   -4.7622  C  0  0  0  0  0
    0.7908   -0.8107   -3.6041  C  0  0  0  0  0
   -0.4610   -0.9713   -2.7881  C  0  0  0  0  0
   -1.1238    0.3154   -2.2996  C  0  0  0  0  0
   -1.1817    1.4700   -3.3948  C  0  0  0  0  0
   -2.4633    1.5908   -4.2349  C  0  0  0  0  0
   -2.5462    2.9441   -4.9592  C  0  0  0  0  0
   -2.5450   -0.0104   -1.7531  C  0  0  0  0  0
   -2.5861   -1.2144   -0.8217  C  0  0  0  0  0
   -2.0124   -2.4194   -1.5215  C  0  0  0  0  0
   -0.8962   -2.2052   -2.4727  C  0  0  0  0  0
  1  5  1  0  0  0
  1 16  1  0  0  0
  1  2  1  0  0  0
  2  3  1  0  0  0
  2  9  1  0  0  0
  3  4  1  0  0  0
  4  5  1  0  0  0
  5  8  1  0  0  0
  5  6  1  0  0  0
  6  7  1  0  0  0
  7  8  1  0  0  0
  9 14  1  0  0  0
  9 10  1  0  0  0
 10 11  1  0  0  0
 11 12  1  0  0  0
 12 20  2  0  0  0
 12 13  1  0  0  0
 13 14  1  0  0  0
 13 17  1  0  0  0
 14 15  1  0  0  0
 15 16  1  0  0  0
 17 18  1  0  0  0
 18 19  1  0  0  0
 19 20  1  0  0  0
M  END
$$$$
C12=CCCCC1C3C(C4C(C5(OCC5)CC4)CC3)CC2
  -ISIS-

 20 24  0  0  0  0  0  0  0  0  1
   -1.2321    3.4461   -5.5934  C  0  0  0  0  0
   -0.1006    2.3892   -5.6072  C  0  0  0  0  0
    1.1631    3.2257   -5.8676  C  0  0  0  0  0
    0.9629    4.5124   -5.0660  C  0  0  0  0  0
   -0.5529    4.6270   -4.8568  C  0  0  0  0  0
   -0.8537    4.6708   -3.4328  O  0  0  0  0  0
   -1.3688    6.0220   -3.4545  C  0  0  0  0  0
   -1.1484    6.0350   -4.9589  C  0  0  0  0  0
    0.0738    1.5298   -4.3149  C  0  0  0  0  0
    0.5687    0.1377   -4.7622  C  0  0  0  0  0
    0.7908   -0.8107   -3.6041  C  0  0  0  0  0
   -0.4610   -0.9713   -2.7881  C  0  0  0  0  0
   -1.1238    0.3154   -2.2996  C  0  0  0  0  0
   -1.1817    1.4700   -3.3948  C  0  0  0  0  0
   -2.4633    1.5908   -4.2349  C  0  0  0  0  0
   -2.5462    2.9441   -4.9592  C  0  0  0  0  0
   -2.5450   -0.0104   -1.7531  C  0  0  0  0  0
   -2.5861   -1.2144   -0.8217  C  0  0  0  0  0
   -2.0124   -2.4194   -1.5215  C  0  0  0  0  0
   -0.8962   -2.2052   -2.4727  C  0  0  0  0  0
  1  5  1  0  0  0
  1 16  1  0  0  0
  1  2  1  0  0  0
  2  3  1  0  0  0
  2  9  1  0  0  0
  3  4  1  0  0  0
  4  5  1  0  0  0
  5  8  1  0  0  0
  5  6  1  0  0  0
  6  7  1  0  0  0
  7  8  1  0  0  0
  9 14  1  0  0  0
  9 10  1  0  0  0
 10 11  1  0  0  0
 11 12  1  0  0  0
 12 20  2  0  0  0
 12 13  1  0  0  0
 13 14  1  0  0  0
 13 17  1  0  0  0
 14 15  1  0  0  0
 15 16  1  0  0  0
 17 18  1  0  0  0
 18 19  1  0  0  0
 19 20  1  0  0  0
M  END
$$$$
