C12=C(CCC3C1CCP3)CCCC2
  -ISIS-

 13 15  0  0  0  0  0  0  0  0  1
   -6.6571   -9.1157    0.0287  P  0  0  0  0  0
   -4.9981   -8.3842    0.2637  C  0  0  0  0  0
   -5.1188   -6.8925   -0.0946  C  0  0  0  0  0
   -6.5429   -6.4674    0.3057  C  0  0  0  0  0
   -7.4390   -7.5302   -0.3673  C  0  0  0  0  0
   -8.8854   -7.3083    0.0158  C  0  0  0  0  0
   -9.3433   -5.9340   -0.4826  C  0  0  0  0  0
   -8.2998   -4.8330   -0.3729  C  0  0  0  0  0
   -7.0094   -5.0664   -0.0336  C  0  0  0  0  0
   -6.0048   -3.9447    0.1072  C  0  0  0  0  0
   -6.4049   -2.6600   -0.6029  C  0  0  0  0  0
   -7.8499   -2.3529   -0.3277  C  0  0  0  0  0
   -8.8461   -3.4497   -0.6467  C  0  0  0  0  0
  1  5  1  0  0  0
  1  2  1  0  0  0
  2  3  1  0  0  0
  3  4  1  0  0  0
  4  9  1  0  0  0
  4  5  1  0  0  0
  5  6  1  0  0  0
  6  7  1  0  0  0
  7  8  1  0  0  0
  8 13  1  0  0  0
  8  9  2  0  0  0
  9 10  1  0  0  0
 10 11  1  0  0  0
 11 12  1  0  0  0
 12 13  1  0  0  0
M  END
$$$$
