C12=Cc3c(cnn3)CC1C4C(C=C2)C5C(CC4)CCC5
  -ISIS-

 20 24  0  0  0  0  0  0  0  0  1
    3.8377    0.7526   -5.2753  C  0  0  0  0  0
    4.0189    0.6024   -3.7491  C  0  0  0  0  0
    3.2096    1.6065   -2.9194  C  0  0  0  0  0
    1.7004    1.5621   -3.2448  C  0  0  0  0  0
    1.4773    1.7224   -4.7655  C  0  0  0  0  0
    2.3264    0.7519   -5.6198  C  0  0  0  0  0
    1.9511   -0.7385   -5.5186  C  0  0  0  0  0
    3.1748   -1.5244   -6.0453  C  0  0  0  0  0
    4.3353   -0.4950   -6.0856  C  0  0  0  0  0
    0.0068    1.5784   -5.0653  C  0  0  0  0  0
   -0.9388    2.1342   -4.2901  C  0  0  0  0  0
   -0.5323    2.9574   -3.1541  C  0  0  0  0  0
    0.7877    2.5523   -2.3981  C  0  0  0  0  0
    1.5773    3.8412   -1.9491  C  0  0  0  0  0
    0.6469    4.8873   -1.4492  C  0  0  0  0  0
    0.8097    6.0017   -0.6262  C  0  0  0  0  0
   -0.3176    6.7053   -0.5042  N  0  0  0  0  0
   -1.2670    5.9884   -1.1881  N  0  0  0  0  0
   -0.6677    4.9282   -1.8523  C  0  0  0  0  0
   -1.2296    4.0744   -2.8290  C  0  0  0  0  0
  1  6  1  0  0  0
  1  9  1  0  0  0
  1  2  1  0  0  0
  2  3  1  0  0  0
  3  4  1  0  0  0
  4 13  1  0  0  0
  4  5  1  0  0  0
  5  6  1  0  0  0
  5 10  1  0  0  0
  6  7  1  0  0  0
  7  8  1  0  0  0
  8  9  1  0  0  0
 10 11  2  0  0  0
 11 12  1  0  0  0
 12 20  2  0  0  0
 12 13  1  0  0  0
 13 14  1  0  0  0
 14 15  1  0  0  0
 15 19  2  0  0  0
 15 16  1  0  0  0
 16 17  2  0  0  0
 17 18  1  0  0  0
 18 19  1  0  0  0
 19 20  1  0  0  0
M  END
$$$$
