C12=C(CCOC1)CCCC2
  -ISIS-

 10 11  0  0  0  0  0  0  0  0  1
    0.0983    0.8996    5.3369  C  0  0  0  0  0
   -1.3878    0.5299    5.4877  C  0  0  0  0  0
   -1.8665    0.2183    6.7067  O  0  0  0  0  0
   -1.0603    0.1172    7.8843  C  0  0  0  0  0
    0.2360    0.8571    7.8253  C  0  0  0  0  0
    0.8801    1.1247    9.1660  C  0  0  0  0  0
    2.0460    2.1090    9.1062  C  0  0  0  0  0
    2.9357    1.8173    7.9088  C  0  0  0  0  0
    2.1394    1.9161    6.6072  C  0  0  0  0  0
    0.7912    1.2222    6.6558  C  0  0  0  0  0
  1 10  1  0  0  0
  1  2  1  0  0  0
  2  3  1  0  0  0
  3  4  1  0  0  0
  4  5  1  0  0  0
  5 10  2  0  0  0
  5  6  1  0  0  0
  6  7  1  0  0  0
  7  8  1  0  0  0
  8  9  1  0  0  0
  9 10  1  0  0  0
M  END
$$$$
C12=C(CCOC1)CCCC2
  -ISIS-

 10 11  0  0  0  0  0  0  0  0  1
    0.0983    0.8996    5.3369  C  0  0  0  0  0
   -1.3878    0.5299    5.4877  C  0  0  0  0  0
   -1.8665    0.2183    6.7067  O  0  0  0  0  0
   -1.0603    0.1172    7.8843  C  0  0  0  0  0
    0.2360    0.8571    7.8253  C  0  0  0  0  0
    0.8801    1.1247    9.1660  C  0  0  0  0  0
    2.0460    2.1090    9.1062  C  0  0  0  0  0
    2.9357    1.8173    7.9088  C  0  0  0  0  0
    2.1394    1.9161    6.6072  C  0  0  0  0  0
    0.7912    1.2222    6.6558  C  0  0  0  0  0
  1 10  1  0  0  0
  1  2  1  0  0  0
  2  3  1  0  0  0
  3  4  1  0  0  0
  4  5  1  0  0  0
  5 10  2  0  0  0
  5  6  1  0  0  0
  6  7  1  0  0  0
  7  8  1  0  0  0
  8  9  1  0  0  0
  9 10  1  0  0  0
M  END
$$$$
C12=C(CCOC1)CCCC2
  -ISIS-

 10 11  0  0  0  0  0  0  0  0  1
    2.7152    1.8791   -1.6204  C  0  0  0  0  0
    2.1022    3.2742   -1.4147  C  0  0  0  0  0
    0.6603    3.1753   -0.8473  C  0  0  0  0  0
   -0.1690    2.1085   -1.5458  C  0  0  0  0  0
    0.4836    0.7397   -1.3959  C  0  0  0  0  0
    1.9802    0.7495   -1.6132  C  0  0  0  0  0
    2.5994   -0.6127   -1.8291  C  0  0  0  0  0
    4.0274   -0.6581   -1.6745  O  0  0  0  0  0
    4.8195    0.4131   -1.8404  C  0  0  0  0  0
    4.1923    1.7887   -1.8978  C  0  0  0  0  0
  1  6  2  0  0  0
  1 10  1  0  0  0
  1  2  1  0  0  0
  2  3  1  0  0  0
  3  4  1  0  0  0
  4  5  1  0  0  0
  5  6  1  0  0  0
  6  7  1  0  0  0
  7  8  1  0  0  0
  8  9  1  0  0  0
  9 10  1  0  0  0
M  END
$$$$
C12=C(CCOC1)CCCC2
  -ISIS-

 10 11  0  0  0  0  0  0  0  0  1
    2.7152    1.8791   -1.6204  C  0  0  0  0  0
    2.1022    3.2742   -1.4147  C  0  0  0  0  0
    0.6603    3.1753   -0.8473  C  0  0  0  0  0
   -0.1690    2.1085   -1.5458  C  0  0  0  0  0
    0.4836    0.7397   -1.3959  C  0  0  0  0  0
    1.9802    0.7495   -1.6132  C  0  0  0  0  0
    2.5994   -0.6127   -1.8291  C  0  0  0  0  0
    4.0274   -0.6581   -1.6745  O  0  0  0  0  0
    4.8195    0.4131   -1.8404  C  0  0  0  0  0
    4.1923    1.7887   -1.8978  C  0  0  0  0  0
  1  6  2  0  0  0
  1 10  1  0  0  0
  1  2  1  0  0  0
  2  3  1  0  0  0
  3  4  1  0  0  0
  4  5  1  0  0  0
  5  6  1  0  0  0
  6  7  1  0  0  0
  7  8  1  0  0  0
  8  9  1  0  0  0
  9 10  1  0  0  0
M  END
$$$$
C12=C(CCOC1)CCCC2
  -ISIS-

 10 11  0  0  0  0  0  0  0  0  1
    2.7152    1.8791   -1.6204  C  0  0  0  0  0
    2.1022    3.2742   -1.4147  C  0  0  0  0  0
    0.6603    3.1753   -0.8473  C  0  0  0  0  0
   -0.1690    2.1085   -1.5458  C  0  0  0  0  0
    0.4836    0.7397   -1.3959  C  0  0  0  0  0
    1.9802    0.7495   -1.6132  C  0  0  0  0  0
    2.5994   -0.6127   -1.8291  C  0  0  0  0  0
    4.0274   -0.6581   -1.6745  O  0  0  0  0  0
    4.8195    0.4131   -1.8404  C  0  0  0  0  0
    4.1923    1.7887   -1.8978  C  0  0  0  0  0
  1  6  2  0  0  0
  1 10  1  0  0  0
  1  2  1  0  0  0
  2  3  1  0  0  0
  3  4  1  0  0  0
  4  5  1  0  0  0
  5  6  1  0  0  0
  6  7  1  0  0  0
  7  8  1  0  0  0
  8  9  1  0  0  0
  9 10  1  0  0  0
M  END
$$$$
