C12=CCNCCC1C3C(C4C(C=CC4)CC3)CC2
  -ISIS-

 18 21  0  0  0  0  0  0  0  0  1
    4.8529   -6.9493   -2.5176  C  0  0  0  0  0
    5.4432   -7.5686   -1.2359  C  0  0  0  0  0
    5.2001   -6.7128   -0.0014  C  0  0  0  0  0
    3.6998   -6.4678    0.2540  C  0  0  0  0  0
    3.0218   -5.8439   -0.9920  C  0  0  0  0  0
    3.3585   -6.5538   -2.3296  C  0  0  0  0  0
    2.5845   -7.8489   -2.6359  C  0  0  0  0  0
    3.4792   -8.5259   -3.6232  C  0  0  0  0  0
    4.7257   -8.0318   -3.5747  C  0  0  0  0  0
    1.4924   -5.6933   -0.7998  C  0  0  0  0  0
    1.0479   -5.7453    0.6593  C  0  0  0  0  0
    2.0297   -4.9681    1.5057  C  0  0  0  0  0
    3.4057   -5.6387    1.5991  C  0  0  0  0  0
    4.5372   -4.6159    1.8876  C  0  0  0  0  0
    4.4138   -3.8381    3.1880  C  0  0  0  0  0
    3.5361   -2.7061    3.1099  N  0  0  0  0  0
    2.2374   -2.6778    2.7491  C  0  0  0  0  0
    1.6100   -3.7826    1.9904  C  0  0  0  0  0
  1  6  1  0  0  0
  1  9  1  0  0  0
  1  2  1  0  0  0
  2  3  1  0  0  0
  3  4  1  0  0  0
  4 13  1  0  0  0
  4  5  1  0  0  0
  5  6  1  0  0  0
  5 10  1  0  0  0
  6  7  1  0  0  0
  7  8  1  0  0  0
  8  9  2  0  0  0
 10 11  1  0  0  0
 11 12  1  0  0  0
 12 18  2  0  0  0
 12 13  1  0  0  0
 13 14  1  0  0  0
 14 15  1  0  0  0
 15 16  1  0  0  0
 16 17  1  0  0  0
 17 18  1  0  0  0
M  END
$$$$
