C12=C(COc3c1ccc4c3C5C(O4)OC=C5)CCC2
  -ISIS-

 19 23  0  0  0  0  0  0  0  0  1
    6.9562   -2.0806   -2.4229  C  0  0  0  0  0
    5.8342   -2.8350   -2.8036  C  0  0  0  0  0
    4.7070   -2.8106   -2.0032  C  0  0  0  0  0
    3.5649   -3.5077   -2.2887  O  0  0  0  0  0
    2.6439   -3.1772   -1.2172  C  0  0  0  0  0
    1.4647   -2.5084   -1.7324  O  0  0  0  0  0
    1.4466   -1.2920   -1.0852  C  0  0  0  0  0
    2.4384   -1.0553   -0.2344  C  0  0  0  0  0
    3.3301   -2.2370   -0.1967  C  0  0  0  0  0
    4.6502   -2.0687   -0.8432  C  0  0  0  0  0
    5.7505   -1.3287   -0.4535  C  0  0  0  0  0
    6.9240   -1.3128   -1.2286  C  0  0  0  0  0
    8.0234   -0.4860   -0.7179  C  0  0  0  0  0
    7.8731    0.1921    0.4257  C  0  0  0  0  0
    6.6714    0.1876    1.2504  C  0  0  0  0  0
    5.6373   -0.6024    0.7510  O  0  0  0  0  0
    9.1325    0.9072    0.6532  C  0  0  0  0  0
   10.1183    0.6407   -0.4457  C  0  0  0  0  0
    9.3587   -0.3064   -1.3670  C  0  0  0  0  0
  1 12  2  0  0  0
  1  2  1  0  0  0
  2  3  2  0  0  0
  3 10  1  0  0  0
  3  4  1  0  0  0
  4  5  1  0  0  0
  5  9  1  0  0  0
  5  6  1  0  0  0
  6  7  1  0  0  0
  7  8  2  0  0  0
  8  9  1  0  0  0
  9 10  1  0  0  0
 10 11  2  0  0  0
 11 16  1  0  0  0
 11 12  1  0  0  0
 12 13  1  0  0  0
 13 19  1  0  0  0
 13 14  2  0  0  0
 14 15  1  0  0  0
 14 17  1  0  0  0
 15 16  1  0  0  0
 17 18  1  0  0  0
 18 19  1  0  0  0
M  END
$$$$
C12=C(COc3c1ccc4c3C5C(O4)OC=C5)CCC2
  -ISIS-

 19 23  0  0  0  0  0  0  0  0  1
    6.9562   -2.0806   -2.4229  C  0  0  0  0  0
    5.8342   -2.8350   -2.8036  C  0  0  0  0  0
    4.7070   -2.8106   -2.0032  C  0  0  0  0  0
    3.5649   -3.5077   -2.2887  O  0  0  0  0  0
    2.6439   -3.1772   -1.2172  C  0  0  0  0  0
    1.4647   -2.5084   -1.7324  O  0  0  0  0  0
    1.4466   -1.2920   -1.0852  C  0  0  0  0  0
    2.4384   -1.0553   -0.2344  C  0  0  0  0  0
    3.3301   -2.2370   -0.1967  C  0  0  0  0  0
    4.6502   -2.0687   -0.8432  C  0  0  0  0  0
    5.7505   -1.3287   -0.4535  C  0  0  0  0  0
    6.9240   -1.3128   -1.2286  C  0  0  0  0  0
    8.0234   -0.4860   -0.7179  C  0  0  0  0  0
    7.8731    0.1921    0.4257  C  0  0  0  0  0
    6.6714    0.1876    1.2504  C  0  0  0  0  0
    5.6373   -0.6024    0.7510  O  0  0  0  0  0
    9.1325    0.9072    0.6532  C  0  0  0  0  0
   10.1183    0.6407   -0.4457  C  0  0  0  0  0
    9.3587   -0.3064   -1.3670  C  0  0  0  0  0
  1 12  2  0  0  0
  1  2  1  0  0  0
  2  3  2  0  0  0
  3 10  1  0  0  0
  3  4  1  0  0  0
  4  5  1  0  0  0
  5  9  1  0  0  0
  5  6  1  0  0  0
  6  7  1  0  0  0
  7  8  2  0  0  0
  8  9  1  0  0  0
  9 10  1  0  0  0
 10 11  2  0  0  0
 11 16  1  0  0  0
 11 12  1  0  0  0
 12 13  1  0  0  0
 13 19  1  0  0  0
 13 14  2  0  0  0
 14 15  1  0  0  0
 14 17  1  0  0  0
 15 16  1  0  0  0
 17 18  1  0  0  0
 18 19  1  0  0  0
M  END
$$$$
C12=C(COc3c1ccc4c3C5C(O4)OC=C5)CCC2
  -ISIS-

 19 23  0  0  0  0  0  0  0  0  1
    6.9562   -2.0806   -2.4229  C  0  0  0  0  0
    5.8342   -2.8350   -2.8036  C  0  0  0  0  0
    4.7070   -2.8106   -2.0032  C  0  0  0  0  0
    3.5649   -3.5077   -2.2887  O  0  0  0  0  0
    2.6439   -3.1772   -1.2172  C  0  0  0  0  0
    1.4647   -2.5084   -1.7324  O  0  0  0  0  0
    1.4466   -1.2920   -1.0852  C  0  0  0  0  0
    2.4384   -1.0553   -0.2344  C  0  0  0  0  0
    3.3301   -2.2370   -0.1967  C  0  0  0  0  0
    4.6502   -2.0687   -0.8432  C  0  0  0  0  0
    5.7505   -1.3287   -0.4535  C  0  0  0  0  0
    6.9240   -1.3128   -1.2286  C  0  0  0  0  0
    8.0234   -0.4860   -0.7179  C  0  0  0  0  0
    7.8731    0.1921    0.4257  C  0  0  0  0  0
    6.6714    0.1876    1.2504  C  0  0  0  0  0
    5.6373   -0.6024    0.7510  O  0  0  0  0  0
    9.1325    0.9072    0.6532  C  0  0  0  0  0
   10.1183    0.6407   -0.4457  C  0  0  0  0  0
    9.3587   -0.3064   -1.3670  C  0  0  0  0  0
  1 12  2  0  0  0
  1  2  1  0  0  0
  2  3  2  0  0  0
  3 10  1  0  0  0
  3  4  1  0  0  0
  4  5  1  0  0  0
  5  9  1  0  0  0
  5  6  1  0  0  0
  6  7  1  0  0  0
  7  8  2  0  0  0
  8  9  1  0  0  0
  9 10  1  0  0  0
 10 11  2  0  0  0
 11 16  1  0  0  0
 11 12  1  0  0  0
 12 13  1  0  0  0
 13 19  1  0  0  0
 13 14  2  0  0  0
 14 15  1  0  0  0
 14 17  1  0  0  0
 15 16  1  0  0  0
 17 18  1  0  0  0
 18 19  1  0  0  0
M  END
$$$$
