C12=C(Cc3c([s]cc3)N1)CCCC2
  -ISIS-

 13 15  0  0  0  0  0  0  0  0  1
    2.6896   -2.0549    4.6362  C  0  0  0  0  0
    3.1225   -1.0727    3.5563  C  0  0  0  0  0
    4.5233   -1.3738    3.0409  C  0  0  0  0  0
    5.1746   -0.3415    2.1872  C  0  0  0  0  0
    6.5651   -0.6115    1.6556  C  0  0  0  0  0
    6.8397   -2.0997    1.5280  C  0  0  0  0  0
    6.5678   -2.8192    2.8439  C  0  0  0  0  0
    5.2005   -2.4927    3.3914  C  0  0  0  0  0
    4.6471   -3.4046    4.2839  N  0  0  0  0  0
    3.4775   -3.1546    4.9221  C  0  0  0  0  0
    2.8382   -4.1264    6.1514  S  0  0  0  0  0
    1.4944   -3.0756    6.3814  C  0  0  0  0  0
    1.5548   -2.0045    5.5028  C  0  0  0  0  0
  1 13  1  0  0  0
  1 10  2  0  0  0
  1  2  1  0  0  0
  2  3  1  0  0  0
  3  8  2  0  0  0
  3  4  1  0  0  0
  4  5  1  0  0  0
  5  6  1  0  0  0
  6  7  1  0  0  0
  7  8  1  0  0  0
  8  9  1  0  0  0
  9 10  1  0  0  0
 10 11  1  0  0  0
 11 12  1  0  0  0
 12 13  2  0  0  0
M  END
$$$$
