C12=C(C3C(C4C1CCC4)CNC3)Nc5c2cccc5
  -ISIS-

 19 23  0  0  0  0  0  0  0  0  1
    5.3765    1.3608   -7.7894  C  0  0  0  0  0
    6.7639    1.2177   -7.6856  N  0  0  0  0  0
    7.0868    0.3754   -6.6157  C  0  0  0  0  0
    5.8123    0.2113   -5.8531  C  0  0  0  0  0
    5.5565   -0.9812   -5.0054  C  0  0  0  0  0
    6.4385   -1.6065   -4.1758  N  0  0  0  0  0
    5.7825   -2.6035   -3.4827  C  0  0  0  0  0
    6.2757   -3.5023   -2.5288  C  0  0  0  0  0
    5.3845   -4.4354   -1.9913  C  0  0  0  0  0
    4.0527   -4.4709   -2.3962  C  0  0  0  0  0
    3.5722   -3.5677   -3.3515  C  0  0  0  0  0
    4.4456   -2.6093   -3.9021  C  0  0  0  0  0
    4.3091   -1.5755   -4.8673  C  0  0  0  0  0
    3.1680   -1.1673   -5.7492  C  0  0  0  0  0
    3.4124    0.2419   -6.3711  C  0  0  0  0  0
    4.7969    0.2307   -6.9985  C  0  0  0  0  0
    2.1632    0.4013   -7.2138  C  0  0  0  0  0
    1.0589   -0.1636   -6.2942  C  0  0  0  0  0
    1.7645   -1.0039   -5.2054  C  0  0  0  0  0
  1 16  1  0  0  0
  1  2  1  0  0  0
  2  3  1  0  0  0
  3  4  1  0  0  0
  4 16  1  0  0  0
  4  5  1  0  0  0
  5 13  2  0  0  0
  5  6  1  0  0  0
  6  7  1  0  0  0
  7 12  2  0  0  0
  7  8  1  0  0  0
  8  9  2  0  0  0
  9 10  1  0  0  0
 10 11  2  0  0  0
 11 12  1  0  0  0
 12 13  1  0  0  0
 13 14  1  0  0  0
 14 19  1  0  0  0
 14 15  1  0  0  0
 15 16  1  0  0  0
 15 17  1  0  0  0
 17 18  1  0  0  0
 18 19  1  0  0  0
M  END
$$$$
C12=C(C3C(C4C1CCC4)CNC3)Nc5c2cccc5
  -ISIS-

 19 23  0  0  0  0  0  0  0  0  1
    5.3765    1.3608   -7.7894  C  0  0  0  0  0
    6.7639    1.2177   -7.6856  N  0  0  0  0  0
    7.0868    0.3754   -6.6157  C  0  0  0  0  0
    5.8123    0.2113   -5.8531  C  0  0  0  0  0
    5.5565   -0.9812   -5.0054  C  0  0  0  0  0
    6.4385   -1.6065   -4.1758  N  0  0  0  0  0
    5.7825   -2.6035   -3.4827  C  0  0  0  0  0
    6.2757   -3.5023   -2.5288  C  0  0  0  0  0
    5.3845   -4.4354   -1.9913  C  0  0  0  0  0
    4.0527   -4.4709   -2.3962  C  0  0  0  0  0
    3.5722   -3.5677   -3.3515  C  0  0  0  0  0
    4.4456   -2.6093   -3.9021  C  0  0  0  0  0
    4.3091   -1.5755   -4.8673  C  0  0  0  0  0
    3.1680   -1.1673   -5.7492  C  0  0  0  0  0
    3.4124    0.2419   -6.3711  C  0  0  0  0  0
    4.7969    0.2307   -6.9985  C  0  0  0  0  0
    2.1632    0.4013   -7.2138  C  0  0  0  0  0
    1.0589   -0.1636   -6.2942  C  0  0  0  0  0
    1.7645   -1.0039   -5.2054  C  0  0  0  0  0
  1 16  1  0  0  0
  1  2  1  0  0  0
  2  3  1  0  0  0
  3  4  1  0  0  0
  4 16  1  0  0  0
  4  5  1  0  0  0
  5 13  2  0  0  0
  5  6  1  0  0  0
  6  7  1  0  0  0
  7 12  2  0  0  0
  7  8  1  0  0  0
  8  9  2  0  0  0
  9 10  1  0  0  0
 10 11  2  0  0  0
 11 12  1  0  0  0
 12 13  1  0  0  0
 13 14  1  0  0  0
 14 19  1  0  0  0
 14 15  1  0  0  0
 15 16  1  0  0  0
 15 17  1  0  0  0
 17 18  1  0  0  0
 18 19  1  0  0  0
M  END
$$$$
C12=C(C3C(C4C1CCC4)CNC3)Nc5c2cccc5
  -ISIS-

 19 23  0  0  0  0  0  0  0  0  1
    5.3765    1.3608   -7.7894  C  0  0  0  0  0
    6.7639    1.2177   -7.6856  N  0  0  0  0  0
    7.0868    0.3754   -6.6157  C  0  0  0  0  0
    5.8123    0.2113   -5.8531  C  0  0  0  0  0
    5.5565   -0.9812   -5.0054  C  0  0  0  0  0
    6.4385   -1.6065   -4.1758  N  0  0  0  0  0
    5.7825   -2.6035   -3.4827  C  0  0  0  0  0
    6.2757   -3.5023   -2.5288  C  0  0  0  0  0
    5.3845   -4.4354   -1.9913  C  0  0  0  0  0
    4.0527   -4.4709   -2.3962  C  0  0  0  0  0
    3.5722   -3.5677   -3.3515  C  0  0  0  0  0
    4.4456   -2.6093   -3.9021  C  0  0  0  0  0
    4.3091   -1.5755   -4.8673  C  0  0  0  0  0
    3.1680   -1.1673   -5.7492  C  0  0  0  0  0
    3.4124    0.2419   -6.3711  C  0  0  0  0  0
    4.7969    0.2307   -6.9985  C  0  0  0  0  0
    2.1632    0.4013   -7.2138  C  0  0  0  0  0
    1.0589   -0.1636   -6.2942  C  0  0  0  0  0
    1.7645   -1.0039   -5.2054  C  0  0  0  0  0
  1 16  1  0  0  0
  1  2  1  0  0  0
  2  3  1  0  0  0
  3  4  1  0  0  0
  4 16  1  0  0  0
  4  5  1  0  0  0
  5 13  2  0  0  0
  5  6  1  0  0  0
  6  7  1  0  0  0
  7 12  2  0  0  0
  7  8  1  0  0  0
  8  9  2  0  0  0
  9 10  1  0  0  0
 10 11  2  0  0  0
 11 12  1  0  0  0
 12 13  1  0  0  0
 13 14  1  0  0  0
 14 19  1  0  0  0
 14 15  1  0  0  0
 15 16  1  0  0  0
 15 17  1  0  0  0
 17 18  1  0  0  0
 18 19  1  0  0  0
M  END
$$$$
C12=C(C3C(C4C1CCC4)CNC3)Nc5c2cccc5
  -ISIS-

 19 23  0  0  0  0  0  0  0  0  1
   -3.8919   -6.1289    4.1067  C  0  0  0  0  0
   -3.2620   -7.2167    4.6653  N  0  0  0  0  0
   -2.0013   -7.4174    4.1511  C  0  0  0  0  0
   -1.8891   -6.4660    3.0043  C  0  0  0  0  0
   -0.5935   -5.8991    2.5624  C  0  0  0  0  0
    0.6038   -6.5431    2.4774  N  0  0  0  0  0
    1.5354   -5.6958    1.9118  C  0  0  0  0  0
    2.8899   -5.9155    1.6321  C  0  0  0  0  0
    3.6167   -4.8645    1.0657  C  0  0  0  0  0
    3.0127   -3.6397    0.7932  C  0  0  0  0  0
    1.6579   -3.4323    1.0778  C  0  0  0  0  0
    0.8985   -4.4775    1.6394  C  0  0  0  0  0
   -0.4550   -4.6154    2.0498  C  0  0  0  0  0
   -1.5911   -3.6369    2.1168  C  0  0  0  0  0
   -2.9593   -4.3633    2.3140  C  0  0  0  0  0
   -2.7990   -5.3166    3.4836  C  0  0  0  0  0
   -3.9027   -3.1802    2.3793  C  0  0  0  0  0
   -3.3577   -2.2514    1.2722  C  0  0  0  0  0
   -1.9175   -2.7187    0.9582  C  0  0  0  0  0
  1 16  1  0  0  0
  1  2  1  0  0  0
  2  3  1  0  0  0
  3  4  1  0  0  0
  4 16  1  0  0  0
  4  5  1  0  0  0
  5 13  2  0  0  0
  5  6  1  0  0  0
  6  7  1  0  0  0
  7 12  2  0  0  0
  7  8  1  0  0  0
  8  9  2  0  0  0
  9 10  1  0  0  0
 10 11  2  0  0  0
 11 12  1  0  0  0
 12 13  1  0  0  0
 13 14  1  0  0  0
 14 19  1  0  0  0
 14 15  1  0  0  0
 15 16  1  0  0  0
 15 17  1  0  0  0
 17 18  1  0  0  0
 18 19  1  0  0  0
M  END
$$$$
C12=C(C3C(C4C1CCC4)CNC3)Nc5c2cccc5
  -ISIS-

 19 23  0  0  0  0  0  0  0  0  1
   -3.8919   -6.1289    4.1067  C  0  0  0  0  0
   -3.2620   -7.2167    4.6653  N  0  0  0  0  0
   -2.0013   -7.4174    4.1511  C  0  0  0  0  0
   -1.8891   -6.4660    3.0043  C  0  0  0  0  0
   -0.5935   -5.8991    2.5624  C  0  0  0  0  0
    0.6038   -6.5431    2.4774  N  0  0  0  0  0
    1.5354   -5.6958    1.9118  C  0  0  0  0  0
    2.8899   -5.9155    1.6321  C  0  0  0  0  0
    3.6167   -4.8645    1.0657  C  0  0  0  0  0
    3.0127   -3.6397    0.7932  C  0  0  0  0  0
    1.6579   -3.4323    1.0778  C  0  0  0  0  0
    0.8985   -4.4775    1.6394  C  0  0  0  0  0
   -0.4550   -4.6154    2.0498  C  0  0  0  0  0
   -1.5911   -3.6369    2.1168  C  0  0  0  0  0
   -2.9593   -4.3633    2.3140  C  0  0  0  0  0
   -2.7990   -5.3166    3.4836  C  0  0  0  0  0
   -3.9027   -3.1802    2.3793  C  0  0  0  0  0
   -3.3577   -2.2514    1.2722  C  0  0  0  0  0
   -1.9175   -2.7187    0.9582  C  0  0  0  0  0
  1 16  1  0  0  0
  1  2  1  0  0  0
  2  3  1  0  0  0
  3  4  1  0  0  0
  4 16  1  0  0  0
  4  5  1  0  0  0
  5 13  2  0  0  0
  5  6  1  0  0  0
  6  7  1  0  0  0
  7 12  2  0  0  0
  7  8  1  0  0  0
  8  9  2  0  0  0
  9 10  1  0  0  0
 10 11  2  0  0  0
 11 12  1  0  0  0
 12 13  1  0  0  0
 13 14  1  0  0  0
 14 19  1  0  0  0
 14 15  1  0  0  0
 15 16  1  0  0  0
 15 17  1  0  0  0
 17 18  1  0  0  0
 18 19  1  0  0  0
M  END
$$$$
C12=C(C3C(C4C1CCC4)CNC3)Nc5c2cccc5
  -ISIS-

 19 23  0  0  0  0  0  0  0  0  1
   -6.0389   -1.6114    3.5348  C  0  0  0  0  0
   -6.9018   -2.1295    2.5627  N  0  0  0  0  0
   -6.1719   -2.7738    1.5588  C  0  0  0  0  0
   -4.7650   -2.2875    1.7100  C  0  0  0  0  0
   -3.5361   -3.0530    1.2467  C  0  0  0  0  0
   -2.2961   -2.1379    1.4855  C  0  0  0  0  0
   -2.2764   -1.6064    2.8866  C  0  0  0  0  0
   -3.4389   -1.5712    3.6452  C  0  0  0  0  0
   -4.7090   -2.2248    3.2387  C  0  0  0  0  0
   -3.1791   -0.9387    4.8241  N  0  0  0  0  0
   -1.8510   -0.5644    4.8560  C  0  0  0  0  0
   -1.2627   -0.9665    3.6494  C  0  0  0  0  0
    0.0965   -0.6672    3.4313  C  0  0  0  0  0
    0.8230    0.0032    4.4224  C  0  0  0  0  0
    0.2141    0.3824    5.6159  C  0  0  0  0  0
   -1.1355    0.1080    5.8546  C  0  0  0  0  0
   -1.1826   -3.0152    0.9540  C  0  0  0  0  0
   -1.8168   -3.6753   -0.2916  C  0  0  0  0  0
   -3.3384   -3.4260   -0.2085  C  0  0  0  0  0
  1  9  1  0  0  0
  1  2  1  0  0  0
  2  3  1  0  0  0
  3  4  1  0  0  0
  4  9  1  0  0  0
  4  5  1  0  0  0
  5 19  1  0  0  0
  5  6  1  0  0  0
  6  7  1  0  0  0
  6 17  1  0  0  0
  7 12  1  0  0  0
  7  8  2  0  0  0
  8  9  1  0  0  0
  8 10  1  0  0  0
 10 11  1  0  0  0
 11 16  2  0  0  0
 11 12  1  0  0  0
 12 13  2  0  0  0
 13 14  1  0  0  0
 14 15  2  0  0  0
 15 16  1  0  0  0
 17 18  1  0  0  0
 18 19  1  0  0  0
M  END
$$$$
C12=C(C3C(C4C1CCC4)CNC3)Nc5c2cccc5
  -ISIS-

 19 23  0  0  0  0  0  0  0  0  1
   -6.0389   -1.6114    3.5348  C  0  0  0  0  0
   -6.9018   -2.1295    2.5627  N  0  0  0  0  0
   -6.1719   -2.7738    1.5588  C  0  0  0  0  0
   -4.7650   -2.2875    1.7100  C  0  0  0  0  0
   -3.5361   -3.0530    1.2467  C  0  0  0  0  0
   -2.2961   -2.1379    1.4855  C  0  0  0  0  0
   -2.2764   -1.6064    2.8866  C  0  0  0  0  0
   -3.4389   -1.5712    3.6452  C  0  0  0  0  0
   -4.7090   -2.2248    3.2387  C  0  0  0  0  0
   -3.1791   -0.9387    4.8241  N  0  0  0  0  0
   -1.8510   -0.5644    4.8560  C  0  0  0  0  0
   -1.2627   -0.9665    3.6494  C  0  0  0  0  0
    0.0965   -0.6672    3.4313  C  0  0  0  0  0
    0.8230    0.0032    4.4224  C  0  0  0  0  0
    0.2141    0.3824    5.6159  C  0  0  0  0  0
   -1.1355    0.1080    5.8546  C  0  0  0  0  0
   -1.1826   -3.0152    0.9540  C  0  0  0  0  0
   -1.8168   -3.6753   -0.2916  C  0  0  0  0  0
   -3.3384   -3.4260   -0.2085  C  0  0  0  0  0
  1  9  1  0  0  0
  1  2  1  0  0  0
  2  3  1  0  0  0
  3  4  1  0  0  0
  4  9  1  0  0  0
  4  5  1  0  0  0
  5 19  1  0  0  0
  5  6  1  0  0  0
  6  7  1  0  0  0
  6 17  1  0  0  0
  7 12  1  0  0  0
  7  8  2  0  0  0
  8  9  1  0  0  0
  8 10  1  0  0  0
 10 11  1  0  0  0
 11 16  2  0  0  0
 11 12  1  0  0  0
 12 13  2  0  0  0
 13 14  1  0  0  0
 14 15  2  0  0  0
 15 16  1  0  0  0
 17 18  1  0  0  0
 18 19  1  0  0  0
M  END
$$$$
C12=C(C3C(C4C1CCC4)CNC3)Nc5c2cccc5
  -ISIS-

 19 23  0  0  0  0  0  0  0  0  1
   -6.0389   -1.6114    3.5348  C  0  0  0  0  0
   -6.9018   -2.1295    2.5627  N  0  0  0  0  0
   -6.1719   -2.7738    1.5588  C  0  0  0  0  0
   -4.7650   -2.2875    1.7100  C  0  0  0  0  0
   -3.5361   -3.0530    1.2467  C  0  0  0  0  0
   -2.2961   -2.1379    1.4855  C  0  0  0  0  0
   -2.2764   -1.6064    2.8866  C  0  0  0  0  0
   -3.4389   -1.5712    3.6452  C  0  0  0  0  0
   -4.7090   -2.2248    3.2387  C  0  0  0  0  0
   -3.1791   -0.9387    4.8241  N  0  0  0  0  0
   -1.8510   -0.5644    4.8560  C  0  0  0  0  0
   -1.2627   -0.9665    3.6494  C  0  0  0  0  0
    0.0965   -0.6672    3.4313  C  0  0  0  0  0
    0.8230    0.0032    4.4224  C  0  0  0  0  0
    0.2141    0.3824    5.6159  C  0  0  0  0  0
   -1.1355    0.1080    5.8546  C  0  0  0  0  0
   -1.1826   -3.0152    0.9540  C  0  0  0  0  0
   -1.8168   -3.6753   -0.2916  C  0  0  0  0  0
   -3.3384   -3.4260   -0.2085  C  0  0  0  0  0
  1  9  1  0  0  0
  1  2  1  0  0  0
  2  3  1  0  0  0
  3  4  1  0  0  0
  4  9  1  0  0  0
  4  5  1  0  0  0
  5 19  1  0  0  0
  5  6  1  0  0  0
  6  7  1  0  0  0
  6 17  1  0  0  0
  7 12  1  0  0  0
  7  8  2  0  0  0
  8  9  1  0  0  0
  8 10  1  0  0  0
 10 11  1  0  0  0
 11 16  2  0  0  0
 11 12  1  0  0  0
 12 13  2  0  0  0
 13 14  1  0  0  0
 14 15  2  0  0  0
 15 16  1  0  0  0
 17 18  1  0  0  0
 18 19  1  0  0  0
M  END
$$$$
