C12=C(Nc3c1cccc3)CCNC2
  -ISIS-

 13 15  0  0  0  0  0  0  0  0  1
    2.1163   -5.1814    2.6898  C  0  0  0  0  0
    2.2248   -6.4520    3.4493  C  0  0  0  0  0
    0.9765   -6.6561    4.3077  N  0  0  0  0  0
   -0.3094   -6.4262    3.5093  C  0  0  0  0  0
   -0.4038   -4.9604    3.0259  C  0  0  0  0  0
    0.9164   -4.5246    2.4970  C  0  0  0  0  0
    1.1496   -3.3996    1.7569  N  0  0  0  0  0
    2.4940   -3.3185    1.4594  C  0  0  0  0  0
    3.1252   -4.4253    2.0325  C  0  0  0  0  0
    4.5161   -4.5688    1.8682  C  0  0  0  0  0
    5.2244   -3.6055    1.1380  C  0  0  0  0  0
    4.5735   -2.5111    0.5605  C  0  0  0  0  0
    3.1902   -2.3477    0.7282  C  0  0  0  0  0
  1  9  1  0  0  0
  1  6  2  0  0  0
  1  2  1  0  0  0
  2  3  1  0  0  0
  3  4  1  0  0  0
  4  5  1  0  0  0
  5  6  1  0  0  0
  6  7  1  0  0  0
  7  8  1  0  0  0
  8 13  2  0  0  0
  8  9  1  0  0  0
  9 10  2  0  0  0
 10 11  1  0  0  0
 11 12  2  0  0  0
 12 13  1  0  0  0
M  END
$$$$
