C12=C(Cc3c(cc[c]4[c]3cccc4)N1)CCC2
  -ISIS-

 17 20  0  0  0  0  0  0  0  0  1
   -5.2251    2.5236    0.8038  C  0  0  0  0  0
   -4.6548    3.8426    0.5501  C  0  0  0  0  0
   -3.1621    3.8343    0.7343  C  0  0  0  0  0
   -2.8796    2.4091    1.2105  C  0  0  0  0  0
   -4.2181    1.7458    1.2015  C  0  0  0  0  0
   -4.4230    0.4534    1.6025  N  0  0  0  0  0
   -5.7324   -0.0126    1.8637  C  0  0  0  0  0
   -6.8732    0.7496    1.4765  C  0  0  0  0  0
   -6.6475    2.0902    0.7296  C  0  0  0  0  0
   -8.1870    0.2650    1.7666  C  0  0  0  0  0
   -8.3205   -1.0004    2.3935  C  0  0  0  0  0
   -7.1814   -1.7485    2.7178  C  0  0  0  0  0
   -5.9028   -1.2638    2.4536  C  0  0  0  0  0
   -9.5942   -1.5146    2.6883  C  0  0  0  0  0
  -10.7480   -0.7991    2.3783  C  0  0  0  0  0
  -10.6414    0.4420    1.7691  C  0  0  0  0  0
   -9.3810    0.9657    1.4692  C  0  0  0  0  0
  1  9  1  0  0  0
  1  5  2  0  0  0
  1  2  1  0  0  0
  2  3  1  0  0  0
  3  4  1  0  0  0
  4  5  1  0  0  0
  5  6  1  0  0  0
  6  7  1  0  0  0
  7 13  2  0  0  0
  7  8  1  0  0  0
  8  9  1  0  0  0
  8 10  2  0  0  0
 10 17  1  0  0  0
 10 11  2  0  0  0
 11 12  2  0  0  0
 11 14  1  0  0  0
 12 13  1  0  0  0
 14 15  2  0  0  0
 15 16  1  0  0  0
 16 17  2  0  0  0
M  END
$$$$
C12=C(Cc3c(cc[c]4[c]3cccc4)N1)CCC2
  -ISIS-

 17 20  0  0  0  0  0  0  0  0  1
   -5.2251    2.5236    0.8038  C  0  0  0  0  0
   -4.6548    3.8426    0.5501  C  0  0  0  0  0
   -3.1621    3.8343    0.7343  C  0  0  0  0  0
   -2.8796    2.4091    1.2105  C  0  0  0  0  0
   -4.2181    1.7458    1.2015  C  0  0  0  0  0
   -4.4230    0.4534    1.6025  N  0  0  0  0  0
   -5.7324   -0.0126    1.8637  C  0  0  0  0  0
   -6.8732    0.7496    1.4765  C  0  0  0  0  0
   -6.6475    2.0902    0.7296  C  0  0  0  0  0
   -8.1870    0.2650    1.7666  C  0  0  0  0  0
   -8.3205   -1.0004    2.3935  C  0  0  0  0  0
   -7.1814   -1.7485    2.7178  C  0  0  0  0  0
   -5.9028   -1.2638    2.4536  C  0  0  0  0  0
   -9.5942   -1.5146    2.6883  C  0  0  0  0  0
  -10.7480   -0.7991    2.3783  C  0  0  0  0  0
  -10.6414    0.4420    1.7691  C  0  0  0  0  0
   -9.3810    0.9657    1.4692  C  0  0  0  0  0
  1  9  1  0  0  0
  1  5  2  0  0  0
  1  2  1  0  0  0
  2  3  1  0  0  0
  3  4  1  0  0  0
  4  5  1  0  0  0
  5  6  1  0  0  0
  6  7  1  0  0  0
  7 13  2  0  0  0
  7  8  1  0  0  0
  8  9  1  0  0  0
  8 10  2  0  0  0
 10 17  1  0  0  0
 10 11  2  0  0  0
 11 12  2  0  0  0
 11 14  1  0  0  0
 12 13  1  0  0  0
 14 15  2  0  0  0
 15 16  1  0  0  0
 16 17  2  0  0  0
M  END
$$$$
C12=C(Cc3c(cc[c]4[c]3cccc4)N1)CCC2
  -ISIS-

 17 20  0  0  0  0  0  0  0  0  1
   -5.4399   -6.5603    4.6872  C  0  0  0  0  0
   -5.1549   -7.0177    6.0431  C  0  0  0  0  0
   -3.6738   -7.0739    6.2979  C  0  0  0  0  0
   -3.0747   -6.7052    4.9408  C  0  0  0  0  0
   -4.2614   -6.4211    4.0794  C  0  0  0  0  0
   -4.1687   -6.0815    2.7566  N  0  0  0  0  0
   -5.3148   -6.1241    1.9286  C  0  0  0  0  0
   -6.6189   -6.2698    2.4858  C  0  0  0  0  0
   -6.7589   -6.3533    4.0290  C  0  0  0  0  0
   -7.7599   -6.3241    1.6250  C  0  0  0  0  0
   -7.5642   -6.1769    0.2277  C  0  0  0  0  0
   -6.2750   -5.9859   -0.2857  C  0  0  0  0  0
   -5.1638   -5.9560    0.5531  C  0  0  0  0  0
   -8.6605   -6.2169   -0.6500  C  0  0  0  0  0
   -9.9561   -6.4042   -0.1748  C  0  0  0  0  0
  -10.1706   -6.5556    1.1868  C  0  0  0  0  0
   -9.0896   -6.5176    2.0716  C  0  0  0  0  0
  1  9  1  0  0  0
  1  5  2  0  0  0
  1  2  1  0  0  0
  2  3  1  0  0  0
  3  4  1  0  0  0
  4  5  1  0  0  0
  5  6  1  0  0  0
  6  7  1  0  0  0
  7 13  2  0  0  0
  7  8  1  0  0  0
  8  9  1  0  0  0
  8 10  2  0  0  0
 10 17  1  0  0  0
 10 11  2  0  0  0
 11 12  2  0  0  0
 11 14  1  0  0  0
 12 13  1  0  0  0
 14 15  2  0  0  0
 15 16  1  0  0  0
 16 17  2  0  0  0
M  END
$$$$
C12=C(Cc3c(cc[c]4[c]3cccc4)N1)CCC2
  -ISIS-

 17 20  0  0  0  0  0  0  0  0  1
   -5.4399   -6.5603    4.6872  C  0  0  0  0  0
   -5.1549   -7.0177    6.0431  C  0  0  0  0  0
   -3.6738   -7.0739    6.2979  C  0  0  0  0  0
   -3.0747   -6.7052    4.9408  C  0  0  0  0  0
   -4.2614   -6.4211    4.0794  C  0  0  0  0  0
   -4.1687   -6.0815    2.7566  N  0  0  0  0  0
   -5.3148   -6.1241    1.9286  C  0  0  0  0  0
   -6.6189   -6.2698    2.4858  C  0  0  0  0  0
   -6.7589   -6.3533    4.0290  C  0  0  0  0  0
   -7.7599   -6.3241    1.6250  C  0  0  0  0  0
   -7.5642   -6.1769    0.2277  C  0  0  0  0  0
   -6.2750   -5.9859   -0.2857  C  0  0  0  0  0
   -5.1638   -5.9560    0.5531  C  0  0  0  0  0
   -8.6605   -6.2169   -0.6500  C  0  0  0  0  0
   -9.9561   -6.4042   -0.1748  C  0  0  0  0  0
  -10.1706   -6.5556    1.1868  C  0  0  0  0  0
   -9.0896   -6.5176    2.0716  C  0  0  0  0  0
  1  9  1  0  0  0
  1  5  2  0  0  0
  1  2  1  0  0  0
  2  3  1  0  0  0
  3  4  1  0  0  0
  4  5  1  0  0  0
  5  6  1  0  0  0
  6  7  1  0  0  0
  7 13  2  0  0  0
  7  8  1  0  0  0
  8  9  1  0  0  0
  8 10  2  0  0  0
 10 17  1  0  0  0
 10 11  2  0  0  0
 11 12  2  0  0  0
 11 14  1  0  0  0
 12 13  1  0  0  0
 14 15  2  0  0  0
 15 16  1  0  0  0
 16 17  2  0  0  0
M  END
$$$$
C12=C(Cc3c(cc[c]4[c]3cccc4)N1)CCC2
  -ISIS-

 17 20  0  0  0  0  0  0  0  0  1
    1.6280   -2.2433    1.9991  C  0  0  0  0  0
    2.8542   -1.4906    1.7553  C  0  0  0  0  0
    3.2353   -0.6685    2.9556  C  0  0  0  0  0
    2.0812   -0.9177    3.9271  C  0  0  0  0  0
    1.1971   -1.8838    3.2083  C  0  0  0  0  0
    0.0139   -2.3470    3.7169  N  0  0  0  0  0
   -0.9147   -3.0035    2.8763  C  0  0  0  0  0
   -0.5468   -3.4255    1.5653  C  0  0  0  0  0
    0.9092   -3.1788    1.0908  C  0  0  0  0  0
   -1.5087   -4.0726    0.7278  C  0  0  0  0  0
   -2.8029   -4.3251    1.2507  C  0  0  0  0  0
   -3.1195   -3.9423    2.5604  C  0  0  0  0  0
   -2.1872   -3.2929    3.3657  C  0  0  0  0  0
   -3.7735   -4.9651    0.4620  C  0  0  0  0  0
   -3.4928   -5.3611   -0.8433  C  0  0  0  0  0
   -2.2356   -5.1205   -1.3767  C  0  0  0  0  0
   -1.2599   -4.4856   -0.6035  C  0  0  0  0  0
  1  9  1  0  0  0
  1  5  2  0  0  0
  1  2  1  0  0  0
  2  3  1  0  0  0
  3  4  1  0  0  0
  4  5  1  0  0  0
  5  6  1  0  0  0
  6  7  1  0  0  0
  7 13  2  0  0  0
  7  8  1  0  0  0
  8  9  1  0  0  0
  8 10  2  0  0  0
 10 17  1  0  0  0
 10 11  2  0  0  0
 11 12  2  0  0  0
 11 14  1  0  0  0
 12 13  1  0  0  0
 14 15  2  0  0  0
 15 16  1  0  0  0
 16 17  2  0  0  0
M  END
$$$$
C12=C(Cc3c(cc[c]4[c]3cccc4)N1)CCC2
  -ISIS-

 17 20  0  0  0  0  0  0  0  0  1
    1.6280   -2.2433    1.9991  C  0  0  0  0  0
    2.8542   -1.4906    1.7553  C  0  0  0  0  0
    3.2353   -0.6685    2.9556  C  0  0  0  0  0
    2.0812   -0.9177    3.9271  C  0  0  0  0  0
    1.1971   -1.8838    3.2083  C  0  0  0  0  0
    0.0139   -2.3470    3.7169  N  0  0  0  0  0
   -0.9147   -3.0035    2.8763  C  0  0  0  0  0
   -0.5468   -3.4255    1.5653  C  0  0  0  0  0
    0.9092   -3.1788    1.0908  C  0  0  0  0  0
   -1.5087   -4.0726    0.7278  C  0  0  0  0  0
   -2.8029   -4.3251    1.2507  C  0  0  0  0  0
   -3.1195   -3.9423    2.5604  C  0  0  0  0  0
   -2.1872   -3.2929    3.3657  C  0  0  0  0  0
   -3.7735   -4.9651    0.4620  C  0  0  0  0  0
   -3.4928   -5.3611   -0.8433  C  0  0  0  0  0
   -2.2356   -5.1205   -1.3767  C  0  0  0  0  0
   -1.2599   -4.4856   -0.6035  C  0  0  0  0  0
  1  9  1  0  0  0
  1  5  2  0  0  0
  1  2  1  0  0  0
  2  3  1  0  0  0
  3  4  1  0  0  0
  4  5  1  0  0  0
  5  6  1  0  0  0
  6  7  1  0  0  0
  7 13  2  0  0  0
  7  8  1  0  0  0
  8  9  1  0  0  0
  8 10  2  0  0  0
 10 17  1  0  0  0
 10 11  2  0  0  0
 11 12  2  0  0  0
 11 14  1  0  0  0
 12 13  1  0  0  0
 14 15  2  0  0  0
 15 16  1  0  0  0
 16 17  2  0  0  0
M  END
$$$$
C12=C(Cc3c(cc[c]4[c]3cccc4)N1)CCC2
  -ISIS-

 17 20  0  0  0  0  0  0  0  0  1
   -4.1491    0.7361   -2.1955  C  0  0  0  0  0
   -5.2904    1.3769   -2.9051  C  0  0  0  0  0
   -5.2222    1.1257   -4.4343  C  0  0  0  0  0
   -6.0501    1.8475   -5.3502  C  0  0  0  0  0
   -5.9828    1.5200   -6.7287  C  0  0  0  0  0
   -5.1184    0.5101   -7.1704  C  0  0  0  0  0
   -4.2978   -0.1759   -6.2786  C  0  0  0  0  0
   -4.3169    0.1378   -4.9207  C  0  0  0  0  0
   -3.4764   -0.5774   -4.0364  N  0  0  0  0  0
   -3.3340   -0.1686   -2.7381  C  0  0  0  0  0
   -2.2482   -0.6554   -1.8351  C  0  0  0  0  0
   -2.4724    0.1089   -0.5301  C  0  0  0  0  0
   -3.6444    0.9950   -0.8509  C  0  0  0  0  0
   -6.7854    2.2010   -7.6591  C  0  0  0  0  0
   -7.6575    3.2087   -7.2550  C  0  0  0  0  0
   -7.7368    3.5485   -5.9129  C  0  0  0  0  0
   -6.9449    2.8791   -4.9761  C  0  0  0  0  0
  1 10  2  0  0  0
  1 13  1  0  0  0
  1  2  1  0  0  0
  2  3  1  0  0  0
  3  8  2  0  0  0
  3  4  1  0  0  0
  4 17  1  0  0  0
  4  5  2  0  0  0
  5  6  1  0  0  0
  5 14  1  0  0  0
  6  7  2  0  0  0
  7  8  1  0  0  0
  8  9  1  0  0  0
  9 10  1  0  0  0
 10 11  1  0  0  0
 11 12  1  0  0  0
 12 13  1  0  0  0
 14 15  2  0  0  0
 15 16  1  0  0  0
 16 17  2  0  0  0
M  END
$$$$
C12=C(Cc3c(cc[c]4[c]3cccc4)N1)CCC2
  -ISIS-

 17 20  0  0  0  0  0  0  0  0  1
   -4.1491    0.7361   -2.1955  C  0  0  0  0  0
   -5.2904    1.3769   -2.9051  C  0  0  0  0  0
   -5.2222    1.1257   -4.4343  C  0  0  0  0  0
   -6.0501    1.8475   -5.3502  C  0  0  0  0  0
   -5.9828    1.5200   -6.7287  C  0  0  0  0  0
   -5.1184    0.5101   -7.1704  C  0  0  0  0  0
   -4.2978   -0.1759   -6.2786  C  0  0  0  0  0
   -4.3169    0.1378   -4.9207  C  0  0  0  0  0
   -3.4764   -0.5774   -4.0364  N  0  0  0  0  0
   -3.3340   -0.1686   -2.7381  C  0  0  0  0  0
   -2.2482   -0.6554   -1.8351  C  0  0  0  0  0
   -2.4724    0.1089   -0.5301  C  0  0  0  0  0
   -3.6444    0.9950   -0.8509  C  0  0  0  0  0
   -6.7854    2.2010   -7.6591  C  0  0  0  0  0
   -7.6575    3.2087   -7.2550  C  0  0  0  0  0
   -7.7368    3.5485   -5.9129  C  0  0  0  0  0
   -6.9449    2.8791   -4.9761  C  0  0  0  0  0
  1 10  2  0  0  0
  1 13  1  0  0  0
  1  2  1  0  0  0
  2  3  1  0  0  0
  3  8  2  0  0  0
  3  4  1  0  0  0
  4 17  1  0  0  0
  4  5  2  0  0  0
  5  6  1  0  0  0
  5 14  1  0  0  0
  6  7  2  0  0  0
  7  8  1  0  0  0
  8  9  1  0  0  0
  9 10  1  0  0  0
 10 11  1  0  0  0
 11 12  1  0  0  0
 12 13  1  0  0  0
 14 15  2  0  0  0
 15 16  1  0  0  0
 16 17  2  0  0  0
M  END
$$$$
C12=C(Cc3c(cc[c]4[c]3cccc4)N1)CCC2
  -ISIS-

 17 20  0  0  0  0  0  0  0  0  1
    0.3781   -7.2922    0.7907  C  0  0  0  0  0
    1.3247   -6.7272    1.7911  C  0  0  0  0  0
    0.5740   -6.0071    2.9426  C  0  0  0  0  0
   -0.8342   -6.1962    3.0590  C  0  0  0  0  0
   -1.5406   -7.0012    2.1349  N  0  0  0  0  0
   -0.9364   -7.4137    0.9780  C  0  0  0  0  0
   -1.6841   -7.9876   -0.1810  C  0  0  0  0  0
   -0.6066   -8.2452   -1.2343  C  0  0  0  0  0
    0.6445   -7.7339   -0.5744  C  0  0  0  0  0
   -1.5221   -5.6351    4.1338  C  0  0  0  0  0
   -0.8509   -4.8446    5.0634  C  0  0  0  0  0
    0.5236   -4.6007    4.9477  C  0  0  0  0  0
    1.2622   -5.1775    3.8828  C  0  0  0  0  0
    2.6466   -4.8856    3.8277  C  0  0  0  0  0
    3.2712   -4.0728    4.7774  C  0  0  0  0  0
    2.5299   -3.5233    5.8126  C  0  0  0  0  0
    1.1648   -3.7860    5.8958  C  0  0  0  0  0
  1  6  2  0  0  0
  1  9  1  0  0  0
  1  2  1  0  0  0
  2  3  1  0  0  0
  3 13  2  0  0  0
  3  4  1  0  0  0
  4  5  1  0  0  0
  4 10  2  0  0  0
  5  6  1  0  0  0
  6  7  1  0  0  0
  7  8  1  0  0  0
  8  9  1  0  0  0
 10 11  1  0  0  0
 11 12  2  0  0  0
 12 17  1  0  0  0
 12 13  2  0  0  0
 13 14  1  0  0  0
 14 15  2  0  0  0
 15 16  1  0  0  0
 16 17  2  0  0  0
M  END
$$$$
C12=C(Cc3c(cc[c]4[c]3cccc4)N1)CCC2
  -ISIS-

 17 20  0  0  0  0  0  0  0  0  1
    0.3781   -7.2922    0.7907  C  0  0  0  0  0
    1.3247   -6.7272    1.7911  C  0  0  0  0  0
    0.5740   -6.0071    2.9426  C  0  0  0  0  0
   -0.8342   -6.1962    3.0590  C  0  0  0  0  0
   -1.5406   -7.0012    2.1349  N  0  0  0  0  0
   -0.9364   -7.4137    0.9780  C  0  0  0  0  0
   -1.6841   -7.9876   -0.1810  C  0  0  0  0  0
   -0.6066   -8.2452   -1.2343  C  0  0  0  0  0
    0.6445   -7.7339   -0.5744  C  0  0  0  0  0
   -1.5221   -5.6351    4.1338  C  0  0  0  0  0
   -0.8509   -4.8446    5.0634  C  0  0  0  0  0
    0.5236   -4.6007    4.9477  C  0  0  0  0  0
    1.2622   -5.1775    3.8828  C  0  0  0  0  0
    2.6466   -4.8856    3.8277  C  0  0  0  0  0
    3.2712   -4.0728    4.7774  C  0  0  0  0  0
    2.5299   -3.5233    5.8126  C  0  0  0  0  0
    1.1648   -3.7860    5.8958  C  0  0  0  0  0
  1  6  2  0  0  0
  1  9  1  0  0  0
  1  2  1  0  0  0
  2  3  1  0  0  0
  3 13  2  0  0  0
  3  4  1  0  0  0
  4  5  1  0  0  0
  4 10  2  0  0  0
  5  6  1  0  0  0
  6  7  1  0  0  0
  7  8  1  0  0  0
  8  9  1  0  0  0
 10 11  1  0  0  0
 11 12  2  0  0  0
 12 17  1  0  0  0
 12 13  2  0  0  0
 13 14  1  0  0  0
 14 15  2  0  0  0
 15 16  1  0  0  0
 16 17  2  0  0  0
M  END
$$$$
C12=C(Cc3c(cc[c]4[c]3cccc4)N1)CCC2
  -ISIS-

 17 20  0  0  0  0  0  0  0  0  1
   -1.2906   -5.8519   -0.6987  C  0  0  0  0  0
   -0.4661   -4.6573   -1.0301  C  0  0  0  0  0
   -0.0803   -4.6306   -2.5330  C  0  0  0  0  0
   -0.7434   -5.5272   -3.4211  C  0  0  0  0  0
   -1.7132   -6.4399   -2.9454  N  0  0  0  0  0
   -1.8608   -6.6509   -1.6011  C  0  0  0  0  0
   -2.6239   -7.7998   -1.0278  C  0  0  0  0  0
   -2.4676   -7.6388    0.4842  C  0  0  0  0  0
   -1.5746   -6.4351    0.6087  C  0  0  0  0  0
   -0.4812   -5.4680   -4.7890  C  0  0  0  0  0
    0.4658   -4.5760   -5.2860  C  0  0  0  0  0
    1.1683   -3.7163   -4.4320  C  0  0  0  0  0
    0.9080   -3.7281   -3.0376  C  0  0  0  0  0
    1.6562   -2.8329   -2.2355  C  0  0  0  0  0
    2.6077   -1.9670   -2.7812  C  0  0  0  0  0
    2.8432   -1.9703   -4.1478  C  0  0  0  0  0
    2.1275   -2.8400   -4.9668  C  0  0  0  0  0
  1  6  2  0  0  0
  1  9  1  0  0  0
  1  2  1  0  0  0
  2  3  1  0  0  0
  3 13  2  0  0  0
  3  4  1  0  0  0
  4  5  1  0  0  0
  4 10  2  0  0  0
  5  6  1  0  0  0
  6  7  1  0  0  0
  7  8  1  0  0  0
  8  9  1  0  0  0
 10 11  1  0  0  0
 11 12  2  0  0  0
 12 17  1  0  0  0
 12 13  2  0  0  0
 13 14  1  0  0  0
 14 15  2  0  0  0
 15 16  1  0  0  0
 16 17  2  0  0  0
M  END
$$$$
C12=C(Cc3c(cc[c]4[c]3cccc4)N1)CCC2
  -ISIS-

 17 20  0  0  0  0  0  0  0  0  1
   -1.2906   -5.8519   -0.6987  C  0  0  0  0  0
   -0.4661   -4.6573   -1.0301  C  0  0  0  0  0
   -0.0803   -4.6306   -2.5330  C  0  0  0  0  0
   -0.7434   -5.5272   -3.4211  C  0  0  0  0  0
   -1.7132   -6.4399   -2.9454  N  0  0  0  0  0
   -1.8608   -6.6509   -1.6011  C  0  0  0  0  0
   -2.6239   -7.7998   -1.0278  C  0  0  0  0  0
   -2.4676   -7.6388    0.4842  C  0  0  0  0  0
   -1.5746   -6.4351    0.6087  C  0  0  0  0  0
   -0.4812   -5.4680   -4.7890  C  0  0  0  0  0
    0.4658   -4.5760   -5.2860  C  0  0  0  0  0
    1.1683   -3.7163   -4.4320  C  0  0  0  0  0
    0.9080   -3.7281   -3.0376  C  0  0  0  0  0
    1.6562   -2.8329   -2.2355  C  0  0  0  0  0
    2.6077   -1.9670   -2.7812  C  0  0  0  0  0
    2.8432   -1.9703   -4.1478  C  0  0  0  0  0
    2.1275   -2.8400   -4.9668  C  0  0  0  0  0
  1  6  2  0  0  0
  1  9  1  0  0  0
  1  2  1  0  0  0
  2  3  1  0  0  0
  3 13  2  0  0  0
  3  4  1  0  0  0
  4  5  1  0  0  0
  4 10  2  0  0  0
  5  6  1  0  0  0
  6  7  1  0  0  0
  7  8  1  0  0  0
  8  9  1  0  0  0
 10 11  1  0  0  0
 11 12  2  0  0  0
 12 17  1  0  0  0
 12 13  2  0  0  0
 13 14  1  0  0  0
 14 15  2  0  0  0
 15 16  1  0  0  0
 16 17  2  0  0  0
M  END
$$$$
C12=C(Cc3c(cc[c]4[c]3cccc4)N1)CCC2
  -ISIS-

 17 20  0  0  0  0  0  0  0  0  1
   -3.2007   -3.6055   -3.0639  C  0  0  0  0  0
   -3.1628   -2.5685   -1.9967  C  0  0  0  0  0
   -4.5347   -2.4338   -1.2840  C  0  0  0  0  0
   -5.5221   -3.4358   -1.5154  C  0  0  0  0  0
   -5.2722   -4.5168   -2.3927  N  0  0  0  0  0
   -4.1810   -4.4958   -3.2188  C  0  0  0  0  0
   -4.0085   -5.4226   -4.3775  C  0  0  0  0  0
   -2.6838   -4.9942   -5.0086  C  0  0  0  0  0
   -2.2711   -3.8171   -4.1685  C  0  0  0  0  0
   -6.7302   -3.3916   -0.8214  C  0  0  0  0  0
   -7.0002   -2.3436    0.0551  C  0  0  0  0  0
   -6.0694   -1.3183    0.2656  C  0  0  0  0  0
   -4.8183   -1.3437   -0.4025  C  0  0  0  0  0
   -3.9293   -0.2723   -0.1444  C  0  0  0  0  0
   -4.2540    0.7654    0.7334  C  0  0  0  0  0
   -5.4807    0.7665    1.3798  C  0  0  0  0  0
   -6.3821   -0.2689    1.1459  C  0  0  0  0  0
  1  6  2  0  0  0
  1  9  1  0  0  0
  1  2  1  0  0  0
  2  3  1  0  0  0
  3 13  2  0  0  0
  3  4  1  0  0  0
  4  5  1  0  0  0
  4 10  2  0  0  0
  5  6  1  0  0  0
  6  7  1  0  0  0
  7  8  1  0  0  0
  8  9  1  0  0  0
 10 11  1  0  0  0
 11 12  2  0  0  0
 12 17  1  0  0  0
 12 13  2  0  0  0
 13 14  1  0  0  0
 14 15  2  0  0  0
 15 16  1  0  0  0
 16 17  2  0  0  0
M  END
$$$$
C12=C(Cc3c(cc[c]4[c]3cccc4)N1)CCC2
  -ISIS-

 17 20  0  0  0  0  0  0  0  0  1
   -3.2007   -3.6055   -3.0639  C  0  0  0  0  0
   -3.1628   -2.5685   -1.9967  C  0  0  0  0  0
   -4.5347   -2.4338   -1.2840  C  0  0  0  0  0
   -5.5221   -3.4358   -1.5154  C  0  0  0  0  0
   -5.2722   -4.5168   -2.3927  N  0  0  0  0  0
   -4.1810   -4.4958   -3.2188  C  0  0  0  0  0
   -4.0085   -5.4226   -4.3775  C  0  0  0  0  0
   -2.6838   -4.9942   -5.0086  C  0  0  0  0  0
   -2.2711   -3.8171   -4.1685  C  0  0  0  0  0
   -6.7302   -3.3916   -0.8214  C  0  0  0  0  0
   -7.0002   -2.3436    0.0551  C  0  0  0  0  0
   -6.0694   -1.3183    0.2656  C  0  0  0  0  0
   -4.8183   -1.3437   -0.4025  C  0  0  0  0  0
   -3.9293   -0.2723   -0.1444  C  0  0  0  0  0
   -4.2540    0.7654    0.7334  C  0  0  0  0  0
   -5.4807    0.7665    1.3798  C  0  0  0  0  0
   -6.3821   -0.2689    1.1459  C  0  0  0  0  0
  1  6  2  0  0  0
  1  9  1  0  0  0
  1  2  1  0  0  0
  2  3  1  0  0  0
  3 13  2  0  0  0
  3  4  1  0  0  0
  4  5  1  0  0  0
  4 10  2  0  0  0
  5  6  1  0  0  0
  6  7  1  0  0  0
  7  8  1  0  0  0
  8  9  1  0  0  0
 10 11  1  0  0  0
 11 12  2  0  0  0
 12 17  1  0  0  0
 12 13  2  0  0  0
 13 14  1  0  0  0
 14 15  2  0  0  0
 15 16  1  0  0  0
 16 17  2  0  0  0
M  END
$$$$
