C12=NCCN1CCS2
  -ISIS-

  8  9  0  0  0  0  0  0  0  0  1
    5.9007    3.6178   -4.3581  N  0  0  0  0  0
    6.0340    3.7021   -5.7701  C  0  0  0  0  0
    4.5958    3.4531   -6.2291  C  0  0  0  0  0
    3.7685    3.2314   -4.9995  N  0  0  0  0  0
    4.6174    3.3509   -4.0357  C  0  0  0  0  0
    4.4044    3.2282   -2.3356  S  0  0  0  0  0
    6.0912    3.5445   -2.0509  C  0  0  0  0  0
    6.8075    3.7408   -3.3540  C  0  0  0  0  0
  1  8  1  0  0  0
  1  5  1  0  0  0
  1  2  1  0  0  0
  2  3  1  0  0  0
  3  4  1  0  0  0
  4  5  2  0  0  0
  5  6  1  0  0  0
  6  7  1  0  0  0
  7  8  1  0  0  0
M  END
$$$$
C12=NCCN1CCS2
  -ISIS-

  8  9  0  0  0  0  0  0  0  0  1
    5.9007    3.6178   -4.3581  N  0  0  0  0  0
    6.0340    3.7021   -5.7701  C  0  0  0  0  0
    4.5958    3.4531   -6.2291  C  0  0  0  0  0
    3.7685    3.2314   -4.9995  N  0  0  0  0  0
    4.6174    3.3509   -4.0357  C  0  0  0  0  0
    4.4044    3.2282   -2.3356  S  0  0  0  0  0
    6.0912    3.5445   -2.0509  C  0  0  0  0  0
    6.8075    3.7408   -3.3540  C  0  0  0  0  0
  1  8  1  0  0  0
  1  5  1  0  0  0
  1  2  1  0  0  0
  2  3  1  0  0  0
  3  4  1  0  0  0
  4  5  2  0  0  0
  5  6  1  0  0  0
  6  7  1  0  0  0
  7  8  1  0  0  0
M  END
$$$$
C12=NCCN1CCS2
  -ISIS-

  8  9  0  0  0  0  0  0  0  0  1
   -6.2169    0.8845   -4.7144  C  0  0  0  0  0
   -7.1475    2.0681   -4.6186  C  0  0  0  0  0
   -7.1962    2.6833   -5.8333  N  0  0  0  0  0
   -6.7807    1.9638   -6.8965  C  0  0  0  0  0
   -5.9789    0.5257   -6.4151  S  0  0  0  0  0
   -7.0538    2.4055   -8.0774  N  0  0  0  0  0
   -7.7825    3.6859   -7.7990  C  0  0  0  0  0
   -8.0801    3.6984   -6.2993  C  0  0  0  0  0
  1  5  1  0  0  0
  1  2  1  0  0  0
  2  3  1  0  0  0
  3  8  1  0  0  0
  3  4  1  0  0  0
  4  5  1  0  0  0
  4  6  2  0  0  0
  6  7  1  0  0  0
  7  8  1  0  0  0
M  END
$$$$
C12=NCCN1CCS2
  -ISIS-

  8  9  0  0  0  0  0  0  0  0  1
   -6.2169    0.8845   -4.7144  C  0  0  0  0  0
   -7.1475    2.0681   -4.6186  C  0  0  0  0  0
   -7.1962    2.6833   -5.8333  N  0  0  0  0  0
   -6.7807    1.9638   -6.8965  C  0  0  0  0  0
   -5.9789    0.5257   -6.4151  S  0  0  0  0  0
   -7.0538    2.4055   -8.0774  N  0  0  0  0  0
   -7.7825    3.6859   -7.7990  C  0  0  0  0  0
   -8.0801    3.6984   -6.2993  C  0  0  0  0  0
  1  5  1  0  0  0
  1  2  1  0  0  0
  2  3  1  0  0  0
  3  8  1  0  0  0
  3  4  1  0  0  0
  4  5  1  0  0  0
  4  6  2  0  0  0
  6  7  1  0  0  0
  7  8  1  0  0  0
M  END
$$$$
C12=NCCN1CCS2
  -ISIS-

  8  9  0  0  0  0  0  0  0  0  1
   -1.0448    3.1890   -4.6883  N  0  0  0  0  0
   -2.4474    3.2015   -4.4560  C  0  0  0  0  0
   -2.9174    4.2432   -5.4747  C  0  0  0  0  0
   -1.7019    4.7297   -6.2067  N  0  0  0  0  0
   -0.7386    4.0627   -5.6697  C  0  0  0  0  0
    0.9491    4.0862   -5.9958  S  0  0  0  0  0
    1.2506    2.8826   -4.7755  C  0  0  0  0  0
   -0.0376    2.4770   -4.1190  C  0  0  0  0  0
  1  8  1  0  0  0
  1  5  1  0  0  0
  1  2  1  0  0  0
  2  3  1  0  0  0
  3  4  1  0  0  0
  4  5  2  0  0  0
  5  6  1  0  0  0
  6  7  1  0  0  0
  7  8  1  0  0  0
M  END
$$$$
C12=NCCN1CCS2
  -ISIS-

  8  9  0  0  0  0  0  0  0  0  1
   -1.0448    3.1890   -4.6883  N  0  0  0  0  0
   -2.4474    3.2015   -4.4560  C  0  0  0  0  0
   -2.9174    4.2432   -5.4747  C  0  0  0  0  0
   -1.7019    4.7297   -6.2067  N  0  0  0  0  0
   -0.7386    4.0627   -5.6697  C  0  0  0  0  0
    0.9491    4.0862   -5.9958  S  0  0  0  0  0
    1.2506    2.8826   -4.7755  C  0  0  0  0  0
   -0.0376    2.4770   -4.1190  C  0  0  0  0  0
  1  8  1  0  0  0
  1  5  1  0  0  0
  1  2  1  0  0  0
  2  3  1  0  0  0
  3  4  1  0  0  0
  4  5  2  0  0  0
  5  6  1  0  0  0
  6  7  1  0  0  0
  7  8  1  0  0  0
M  END
$$$$
C12=NCCN1CCS2
  -ISIS-

  8  9  0  0  0  0  0  0  0  0  1
    3.8976   -0.4315    8.4514  N  0  0  0  0  0
    4.3297   -0.0483    9.7496  C  0  0  0  0  0
    3.0792   -0.3311   10.5846  C  0  0  0  0  0
    2.0387   -0.8793    9.6560  N  0  0  0  0  0
    2.6257   -0.8800    8.5075  C  0  0  0  0  0
    2.0586   -1.3695    6.9617  S  0  0  0  0  0
    3.5775   -0.9596    6.2191  C  0  0  0  0  0
    4.5314   -0.4327    7.2498  C  0  0  0  0  0
  1  8  1  0  0  0
  1  5  1  0  0  0
  1  2  1  0  0  0
  2  3  1  0  0  0
  3  4  1  0  0  0
  4  5  2  0  0  0
  5  6  1  0  0  0
  6  7  1  0  0  0
  7  8  1  0  0  0
M  END
$$$$
C12=NCCN1CCS2
  -ISIS-

  8  9  0  0  0  0  0  0  0  0  1
    3.8976   -0.4315    8.4514  N  0  0  0  0  0
    4.3297   -0.0483    9.7496  C  0  0  0  0  0
    3.0792   -0.3311   10.5846  C  0  0  0  0  0
    2.0387   -0.8793    9.6560  N  0  0  0  0  0
    2.6257   -0.8800    8.5075  C  0  0  0  0  0
    2.0586   -1.3695    6.9617  S  0  0  0  0  0
    3.5775   -0.9596    6.2191  C  0  0  0  0  0
    4.5314   -0.4327    7.2498  C  0  0  0  0  0
  1  8  1  0  0  0
  1  5  1  0  0  0
  1  2  1  0  0  0
  2  3  1  0  0  0
  3  4  1  0  0  0
  4  5  2  0  0  0
  5  6  1  0  0  0
  6  7  1  0  0  0
  7  8  1  0  0  0
M  END
$$$$
C12=NCCN1CCS2
  -ISIS-

  8  9  0  0  0  0  0  0  0  0  1
    1.2804   -0.2561    1.1648  C  0  0  0  0  0
    2.5334    0.1006    0.4036  C  0  0  0  0  0
    2.2954    1.2285   -0.3229  N  0  0  0  0  0
    1.2378    1.9794    0.0487  C  0  0  0  0  0
    0.2377    1.1548    1.1723  S  0  0  0  0  0
    1.1352    3.1712   -0.4338  N  0  0  0  0  0
    2.3337    3.2778   -1.3284  C  0  0  0  0  0
    3.2119    2.0640   -1.0235  C  0  0  0  0  0
  1  5  1  0  0  0
  1  2  1  0  0  0
  2  3  1  0  0  0
  3  8  1  0  0  0
  3  4  1  0  0  0
  4  5  1  0  0  0
  4  6  2  0  0  0
  6  7  1  0  0  0
  7  8  1  0  0  0
M  END
$$$$
C12=NCCN1CCS2
  -ISIS-

  8  9  0  0  0  0  0  0  0  0  1
    1.2804   -0.2561    1.1648  C  0  0  0  0  0
    2.5334    0.1006    0.4036  C  0  0  0  0  0
    2.2954    1.2285   -0.3229  N  0  0  0  0  0
    1.2378    1.9794    0.0487  C  0  0  0  0  0
    0.2377    1.1548    1.1723  S  0  0  0  0  0
    1.1352    3.1712   -0.4338  N  0  0  0  0  0
    2.3337    3.2778   -1.3284  C  0  0  0  0  0
    3.2119    2.0640   -1.0235  C  0  0  0  0  0
  1  5  1  0  0  0
  1  2  1  0  0  0
  2  3  1  0  0  0
  3  8  1  0  0  0
  3  4  1  0  0  0
  4  5  1  0  0  0
  4  6  2  0  0  0
  6  7  1  0  0  0
  7  8  1  0  0  0
M  END
$$$$
C12=NCCN1CCS2
  -ISIS-

  8  9  0  0  0  0  0  0  0  0  1
    1.9975    0.5750    5.4972  C  0  0  0  0  0
    3.0943    1.6075    5.5843  C  0  0  0  0  0
    2.5881    2.7332    6.1609  N  0  0  0  0  0
    1.2449    2.8613    6.1686  C  0  0  0  0  0
    0.4658    1.3995    5.7217  S  0  0  0  0  0
    0.7428    4.0129    6.4609  N  0  0  0  0  0
    1.9557    4.8528    6.7277  C  0  0  0  0  0
    3.1610    4.0333    6.2656  C  0  0  0  0  0
  1  5  1  0  0  0
  1  2  1  0  0  0
  2  3  1  0  0  0
  3  8  1  0  0  0
  3  4  1  0  0  0
  4  5  1  0  0  0
  4  6  2  0  0  0
  6  7  1  0  0  0
  7  8  1  0  0  0
M  END
$$$$
C12=NCCN1CCS2
  -ISIS-

  8  9  0  0  0  0  0  0  0  0  1
    1.9975    0.5750    5.4972  C  0  0  0  0  0
    3.0943    1.6075    5.5843  C  0  0  0  0  0
    2.5881    2.7332    6.1609  N  0  0  0  0  0
    1.2449    2.8613    6.1686  C  0  0  0  0  0
    0.4658    1.3995    5.7217  S  0  0  0  0  0
    0.7428    4.0129    6.4609  N  0  0  0  0  0
    1.9557    4.8528    6.7277  C  0  0  0  0  0
    3.1610    4.0333    6.2656  C  0  0  0  0  0
  1  5  1  0  0  0
  1  2  1  0  0  0
  2  3  1  0  0  0
  3  8  1  0  0  0
  3  4  1  0  0  0
  4  5  1  0  0  0
  4  6  2  0  0  0
  6  7  1  0  0  0
  7  8  1  0  0  0
M  END
$$$$
C12=NCCN1CCS2
  -ISIS-

  8  9  0  0  0  0  0  0  0  0  1
    3.3936   -1.1276    4.1433  N  0  0  0  0  0
    4.1740   -2.2898    4.3911  C  0  0  0  0  0
    3.4277   -2.9139    5.5727  C  0  0  0  0  0
    2.2374   -2.0468    5.8550  N  0  0  0  0  0
    2.3473   -1.0923    4.9953  C  0  0  0  0  0
    1.3471    0.2769    4.7167  S  0  0  0  0  0
    2.3715    0.8199    3.4198  C  0  0  0  0  0
    3.5043   -0.1410    3.2165  C  0  0  0  0  0
  1  8  1  0  0  0
  1  5  1  0  0  0
  1  2  1  0  0  0
  2  3  1  0  0  0
  3  4  1  0  0  0
  4  5  2  0  0  0
  5  6  1  0  0  0
  6  7  1  0  0  0
  7  8  1  0  0  0
M  END
$$$$
C12=NCCN1CCS2
  -ISIS-

  8  9  0  0  0  0  0  0  0  0  1
    3.3936   -1.1276    4.1433  N  0  0  0  0  0
    4.1740   -2.2898    4.3911  C  0  0  0  0  0
    3.4277   -2.9139    5.5727  C  0  0  0  0  0
    2.2374   -2.0468    5.8550  N  0  0  0  0  0
    2.3473   -1.0923    4.9953  C  0  0  0  0  0
    1.3471    0.2769    4.7167  S  0  0  0  0  0
    2.3715    0.8199    3.4198  C  0  0  0  0  0
    3.5043   -0.1410    3.2165  C  0  0  0  0  0
  1  8  1  0  0  0
  1  5  1  0  0  0
  1  2  1  0  0  0
  2  3  1  0  0  0
  3  4  1  0  0  0
  4  5  2  0  0  0
  5  6  1  0  0  0
  6  7  1  0  0  0
  7  8  1  0  0  0
M  END
$$$$
C12=NCCN1CCS2
  -ISIS-

  8  9  0  0  0  0  0  0  0  0  1
   -4.1384   -2.7224    6.5999  N  0  0  0  0  0
   -2.8263   -3.2251    6.8099  C  0  0  0  0  0
   -1.9686   -2.0502    6.3355  C  0  0  0  0  0
   -2.9040   -0.9768    5.8682  N  0  0  0  0  0
   -4.0732   -1.4815    6.0729  C  0  0  0  0  0
   -5.6375   -0.8340    5.7827  S  0  0  0  0  0
   -6.4012   -2.2758    6.3863  C  0  0  0  0  0
   -5.3630   -3.2715    6.8113  C  0  0  0  0  0
  1  8  1  0  0  0
  1  5  1  0  0  0
  1  2  1  0  0  0
  2  3  1  0  0  0
  3  4  1  0  0  0
  4  5  2  0  0  0
  5  6  1  0  0  0
  6  7  1  0  0  0
  7  8  1  0  0  0
M  END
$$$$
C12=NCCN1CCS2
  -ISIS-

  8  9  0  0  0  0  0  0  0  0  1
   -4.1384   -2.7224    6.5999  N  0  0  0  0  0
   -2.8263   -3.2251    6.8099  C  0  0  0  0  0
   -1.9686   -2.0502    6.3355  C  0  0  0  0  0
   -2.9040   -0.9768    5.8682  N  0  0  0  0  0
   -4.0732   -1.4815    6.0729  C  0  0  0  0  0
   -5.6375   -0.8340    5.7827  S  0  0  0  0  0
   -6.4012   -2.2758    6.3863  C  0  0  0  0  0
   -5.3630   -3.2715    6.8113  C  0  0  0  0  0
  1  8  1  0  0  0
  1  5  1  0  0  0
  1  2  1  0  0  0
  2  3  1  0  0  0
  3  4  1  0  0  0
  4  5  2  0  0  0
  5  6  1  0  0  0
  6  7  1  0  0  0
  7  8  1  0  0  0
M  END
$$$$
C12=NCCN1CCS2
  -ISIS-

  8  9  0  0  0  0  0  0  0  0  1
   -3.9754   -3.8517    0.4999  C  0  0  0  0  0
   -5.2096   -3.5726    1.3217  C  0  0  0  0  0
   -6.0007   -2.6999    0.6369  N  0  0  0  0  0
   -5.4132   -1.9935   -0.3512  C  0  0  0  0  0
   -3.8542   -2.6030   -0.7263  S  0  0  0  0  0
   -6.0475   -0.9820   -0.8395  N  0  0  0  0  0
   -7.3315   -0.9828   -0.0655  C  0  0  0  0  0
   -7.1477   -1.9800    1.0787  C  0  0  0  0  0
  1  5  1  0  0  0
  1  2  1  0  0  0
  2  3  1  0  0  0
  3  8  1  0  0  0
  3  4  1  0  0  0
  4  5  1  0  0  0
  4  6  2  0  0  0
  6  7  1  0  0  0
  7  8  1  0  0  0
M  END
$$$$
C12=NCCN1CCS2
  -ISIS-

  8  9  0  0  0  0  0  0  0  0  1
   -3.9754   -3.8517    0.4999  C  0  0  0  0  0
   -5.2096   -3.5726    1.3217  C  0  0  0  0  0
   -6.0007   -2.6999    0.6369  N  0  0  0  0  0
   -5.4132   -1.9935   -0.3512  C  0  0  0  0  0
   -3.8542   -2.6030   -0.7263  S  0  0  0  0  0
   -6.0475   -0.9820   -0.8395  N  0  0  0  0  0
   -7.3315   -0.9828   -0.0655  C  0  0  0  0  0
   -7.1477   -1.9800    1.0787  C  0  0  0  0  0
  1  5  1  0  0  0
  1  2  1  0  0  0
  2  3  1  0  0  0
  3  8  1  0  0  0
  3  4  1  0  0  0
  4  5  1  0  0  0
  4  6  2  0  0  0
  6  7  1  0  0  0
  7  8  1  0  0  0
M  END
$$$$
C12=NCCN1CCS2
  -ISIS-

  8  9  0  0  0  0  0  0  0  0  1
   -6.0294   -2.5429    1.6895  C  0  0  0  0  0
   -5.6500   -3.9189    1.2001  C  0  0  0  0  0
   -5.8097   -4.8044    2.2231  N  0  0  0  0  0
   -6.5894   -4.4111    3.2517  C  0  0  0  0  0
   -6.9469   -2.7350    3.1718  S  0  0  0  0  0
   -6.9761   -5.3019    4.1006  N  0  0  0  0  0
   -6.3368   -6.5574    3.5881  C  0  0  0  0  0
   -5.7860   -6.2285    2.2003  C  0  0  0  0  0
  1  5  1  0  0  0
  1  2  1  0  0  0
  2  3  1  0  0  0
  3  8  1  0  0  0
  3  4  1  0  0  0
  4  5  1  0  0  0
  4  6  2  0  0  0
  6  7  1  0  0  0
  7  8  1  0  0  0
M  END
$$$$
C12=NCCN1CCS2
  -ISIS-

  8  9  0  0  0  0  0  0  0  0  1
   -6.0294   -2.5429    1.6895  C  0  0  0  0  0
   -5.6500   -3.9189    1.2001  C  0  0  0  0  0
   -5.8097   -4.8044    2.2231  N  0  0  0  0  0
   -6.5894   -4.4111    3.2517  C  0  0  0  0  0
   -6.9469   -2.7350    3.1718  S  0  0  0  0  0
   -6.9761   -5.3019    4.1006  N  0  0  0  0  0
   -6.3368   -6.5574    3.5881  C  0  0  0  0  0
   -5.7860   -6.2285    2.2003  C  0  0  0  0  0
  1  5  1  0  0  0
  1  2  1  0  0  0
  2  3  1  0  0  0
  3  8  1  0  0  0
  3  4  1  0  0  0
  4  5  1  0  0  0
  4  6  2  0  0  0
  6  7  1  0  0  0
  7  8  1  0  0  0
M  END
$$$$
C12=NCCN1CCS2
  -ISIS-

  8  9  0  0  0  0  0  0  0  0  1
   -1.0922   -5.8830    3.5149  N  0  0  0  0  0
   -2.0667   -5.7310    4.5387  C  0  0  0  0  0
   -2.5453   -7.1731    4.7228  C  0  0  0  0  0
   -1.7373   -8.0316    3.7962  N  0  0  0  0  0
   -0.9797   -7.1868    3.1842  C  0  0  0  0  0
    0.2137   -7.4342    1.9728  S  0  0  0  0  0
    0.5640   -5.7315    1.9038  C  0  0  0  0  0
   -0.2821   -4.9876    2.8932  C  0  0  0  0  0
  1  8  1  0  0  0
  1  5  1  0  0  0
  1  2  1  0  0  0
  2  3  1  0  0  0
  3  4  1  0  0  0
  4  5  2  0  0  0
  5  6  1  0  0  0
  6  7  1  0  0  0
  7  8  1  0  0  0
M  END
$$$$
C12=NCCN1CCS2
  -ISIS-

  8  9  0  0  0  0  0  0  0  0  1
   -1.0922   -5.8830    3.5149  N  0  0  0  0  0
   -2.0667   -5.7310    4.5387  C  0  0  0  0  0
   -2.5453   -7.1731    4.7228  C  0  0  0  0  0
   -1.7373   -8.0316    3.7962  N  0  0  0  0  0
   -0.9797   -7.1868    3.1842  C  0  0  0  0  0
    0.2137   -7.4342    1.9728  S  0  0  0  0  0
    0.5640   -5.7315    1.9038  C  0  0  0  0  0
   -0.2821   -4.9876    2.8932  C  0  0  0  0  0
  1  8  1  0  0  0
  1  5  1  0  0  0
  1  2  1  0  0  0
  2  3  1  0  0  0
  3  4  1  0  0  0
  4  5  2  0  0  0
  5  6  1  0  0  0
  6  7  1  0  0  0
  7  8  1  0  0  0
M  END
$$$$
C12=NCCN1CCS2
  -ISIS-

  8  9  0  0  0  0  0  0  0  0  1
   -5.3059    3.6656    1.8457  N  0  0  0  0  0
   -5.3867    4.4308    3.0401  C  0  0  0  0  0
   -6.6476    5.2599    2.7880  C  0  0  0  0  0
   -7.1708    4.8748    1.4377  N  0  0  0  0  0
   -6.3314    3.9849    1.0285  C  0  0  0  0  0
   -6.2778    3.0870   -0.4350  S  0  0  0  0  0
   -4.8346    2.2566    0.0688  C  0  0  0  0  0
   -4.4132    2.7305    1.4282  C  0  0  0  0  0
  1  8  1  0  0  0
  1  5  1  0  0  0
  1  2  1  0  0  0
  2  3  1  0  0  0
  3  4  1  0  0  0
  4  5  2  0  0  0
  5  6  1  0  0  0
  6  7  1  0  0  0
  7  8  1  0  0  0
M  END
$$$$
C12=NCCN1CCS2
  -ISIS-

  8  9  0  0  0  0  0  0  0  0  1
   -5.3059    3.6656    1.8457  N  0  0  0  0  0
   -5.3867    4.4308    3.0401  C  0  0  0  0  0
   -6.6476    5.2599    2.7880  C  0  0  0  0  0
   -7.1708    4.8748    1.4377  N  0  0  0  0  0
   -6.3314    3.9849    1.0285  C  0  0  0  0  0
   -6.2778    3.0870   -0.4350  S  0  0  0  0  0
   -4.8346    2.2566    0.0688  C  0  0  0  0  0
   -4.4132    2.7305    1.4282  C  0  0  0  0  0
  1  8  1  0  0  0
  1  5  1  0  0  0
  1  2  1  0  0  0
  2  3  1  0  0  0
  3  4  1  0  0  0
  4  5  2  0  0  0
  5  6  1  0  0  0
  6  7  1  0  0  0
  7  8  1  0  0  0
M  END
$$$$
C12=NCCN1CCS2
  -ISIS-

  8  9  0  0  0  0  0  0  0  0  1
    2.9842    1.3378    3.2574  C  0  0  0  0  0
    1.9625    0.6895    2.3561  C  0  0  0  0  0
    0.7283    0.8505    2.9105  N  0  0  0  0  0
    0.6028    1.8142    3.8465  C  0  0  0  0  0
    2.1299    2.4098    4.3523  S  0  0  0  0  0
   -0.5851    2.1722    4.1993  N  0  0  0  0  0
   -1.4652    1.2836    3.3725  C  0  0  0  0  0
   -0.5565    0.6067    2.3459  C  0  0  0  0  0
  1  5  1  0  0  0
  1  2  1  0  0  0
  2  3  1  0  0  0
  3  8  1  0  0  0
  3  4  1  0  0  0
  4  5  1  0  0  0
  4  6  2  0  0  0
  6  7  1  0  0  0
  7  8  1  0  0  0
M  END
$$$$
C12=NCCN1CCS2
  -ISIS-

  8  9  0  0  0  0  0  0  0  0  1
    2.9842    1.3378    3.2574  C  0  0  0  0  0
    1.9625    0.6895    2.3561  C  0  0  0  0  0
    0.7283    0.8505    2.9105  N  0  0  0  0  0
    0.6028    1.8142    3.8465  C  0  0  0  0  0
    2.1299    2.4098    4.3523  S  0  0  0  0  0
   -0.5851    2.1722    4.1993  N  0  0  0  0  0
   -1.4652    1.2836    3.3725  C  0  0  0  0  0
   -0.5565    0.6067    2.3459  C  0  0  0  0  0
  1  5  1  0  0  0
  1  2  1  0  0  0
  2  3  1  0  0  0
  3  8  1  0  0  0
  3  4  1  0  0  0
  4  5  1  0  0  0
  4  6  2  0  0  0
  6  7  1  0  0  0
  7  8  1  0  0  0
M  END
$$$$
C12=NCCN1CCS2
  -ISIS-

  8  9  0  0  0  0  0  0  0  0  1
    3.4521    0.2611    0.5647  C  0  0  0  0  0
    2.7667    0.6953   -0.7075  C  0  0  0  0  0
    3.4092    0.1247   -1.7649  N  0  0  0  0  0
    4.1942   -0.9397   -1.4974  C  0  0  0  0  0
    4.4491   -1.1321    0.1883  S  0  0  0  0  0
    4.6036   -1.6604   -2.4856  N  0  0  0  0  0
    4.0139   -0.9671   -3.6768  C  0  0  0  0  0
    3.0186    0.0585   -3.1332  C  0  0  0  0  0
  1  5  1  0  0  0
  1  2  1  0  0  0
  2  3  1  0  0  0
  3  8  1  0  0  0
  3  4  1  0  0  0
  4  5  1  0  0  0
  4  6  2  0  0  0
  6  7  1  0  0  0
  7  8  1  0  0  0
M  END
$$$$
C12=NCCN1CCS2
  -ISIS-

  8  9  0  0  0  0  0  0  0  0  1
    3.4521    0.2611    0.5647  C  0  0  0  0  0
    2.7667    0.6953   -0.7075  C  0  0  0  0  0
    3.4092    0.1247   -1.7649  N  0  0  0  0  0
    4.1942   -0.9397   -1.4974  C  0  0  0  0  0
    4.4491   -1.1321    0.1883  S  0  0  0  0  0
    4.6036   -1.6604   -2.4856  N  0  0  0  0  0
    4.0139   -0.9671   -3.6768  C  0  0  0  0  0
    3.0186    0.0585   -3.1332  C  0  0  0  0  0
  1  5  1  0  0  0
  1  2  1  0  0  0
  2  3  1  0  0  0
  3  8  1  0  0  0
  3  4  1  0  0  0
  4  5  1  0  0  0
  4  6  2  0  0  0
  6  7  1  0  0  0
  7  8  1  0  0  0
M  END
$$$$
C12=NCCN1CCS2
  -ISIS-

  8  9  0  0  0  0  0  0  0  0  1
    1.4694   -4.0294   -6.2314  N  0  0  0  0  0
    2.0546   -5.1398   -6.8994  C  0  0  0  0  0
    0.8137   -5.9165   -7.3471  C  0  0  0  0  0
   -0.3855   -5.1573   -6.8622  N  0  0  0  0  0
    0.1249   -4.1360   -6.2642  C  0  0  0  0  0
   -0.6366   -2.8214   -5.4598  S  0  0  0  0  0
    0.9014   -2.1077   -5.0675  C  0  0  0  0  0
    2.0180   -2.9601   -5.5980  C  0  0  0  0  0
  1  8  1  0  0  0
  1  5  1  0  0  0
  1  2  1  0  0  0
  2  3  1  0  0  0
  3  4  1  0  0  0
  4  5  2  0  0  0
  5  6  1  0  0  0
  6  7  1  0  0  0
  7  8  1  0  0  0
M  END
$$$$
C12=NCCN1CCS2
  -ISIS-

  8  9  0  0  0  0  0  0  0  0  1
    1.4694   -4.0294   -6.2314  N  0  0  0  0  0
    2.0546   -5.1398   -6.8994  C  0  0  0  0  0
    0.8137   -5.9165   -7.3471  C  0  0  0  0  0
   -0.3855   -5.1573   -6.8622  N  0  0  0  0  0
    0.1249   -4.1360   -6.2642  C  0  0  0  0  0
   -0.6366   -2.8214   -5.4598  S  0  0  0  0  0
    0.9014   -2.1077   -5.0675  C  0  0  0  0  0
    2.0180   -2.9601   -5.5980  C  0  0  0  0  0
  1  8  1  0  0  0
  1  5  1  0  0  0
  1  2  1  0  0  0
  2  3  1  0  0  0
  3  4  1  0  0  0
  4  5  2  0  0  0
  5  6  1  0  0  0
  6  7  1  0  0  0
  7  8  1  0  0  0
M  END
$$$$
C12=NCCN1CCS2
  -ISIS-

  8  9  0  0  0  0  0  0  0  0  1
   -6.0741    5.7255   -4.3408  N  0  0  0  0  0
   -6.6870    6.5984   -3.4022  C  0  0  0  0  0
   -5.6739    7.7432   -3.3414  C  0  0  0  0  0
   -4.5624    7.4042   -4.2876  N  0  0  0  0  0
   -4.9129    6.2614   -4.7722  C  0  0  0  0  0
   -4.1350    5.2466   -5.9194  S  0  0  0  0  0
   -5.4096    4.0674   -5.8156  C  0  0  0  0  0
   -6.4584    4.5241   -4.8453  C  0  0  0  0  0
  1  8  1  0  0  0
  1  5  1  0  0  0
  1  2  1  0  0  0
  2  3  1  0  0  0
  3  4  1  0  0  0
  4  5  2  0  0  0
  5  6  1  0  0  0
  6  7  1  0  0  0
  7  8  1  0  0  0
M  END
$$$$
C12=NCCN1CCS2
  -ISIS-

  8  9  0  0  0  0  0  0  0  0  1
   -6.0741    5.7255   -4.3408  N  0  0  0  0  0
   -6.6870    6.5984   -3.4022  C  0  0  0  0  0
   -5.6739    7.7432   -3.3414  C  0  0  0  0  0
   -4.5624    7.4042   -4.2876  N  0  0  0  0  0
   -4.9129    6.2614   -4.7722  C  0  0  0  0  0
   -4.1350    5.2466   -5.9194  S  0  0  0  0  0
   -5.4096    4.0674   -5.8156  C  0  0  0  0  0
   -6.4584    4.5241   -4.8453  C  0  0  0  0  0
  1  8  1  0  0  0
  1  5  1  0  0  0
  1  2  1  0  0  0
  2  3  1  0  0  0
  3  4  1  0  0  0
  4  5  2  0  0  0
  5  6  1  0  0  0
  6  7  1  0  0  0
  7  8  1  0  0  0
M  END
$$$$
C12=NCCN1CCS2
  -ISIS-

  8  9  0  0  0  0  0  0  0  0  1
    5.3956   -2.6747   -4.3926  C  0  0  0  0  0
    6.6044   -2.8315   -3.5033  C  0  0  0  0  0
    6.6411   -4.1121   -3.0399  N  0  0  0  0  0
    5.4929   -4.8174   -3.1107  C  0  0  0  0  0
    4.3184   -4.0221   -4.0760  S  0  0  0  0  0
    5.4137   -5.9232   -2.4516  N  0  0  0  0  0
    6.7637   -6.0310   -1.8087  C  0  0  0  0  0
    7.4521   -4.6817   -2.0166  C  0  0  0  0  0
  1  5  1  0  0  0
  1  2  1  0  0  0
  2  3  1  0  0  0
  3  8  1  0  0  0
  3  4  1  0  0  0
  4  5  1  0  0  0
  4  6  2  0  0  0
  6  7  1  0  0  0
  7  8  1  0  0  0
M  END
$$$$
C12=NCCN1CCS2
  -ISIS-

  8  9  0  0  0  0  0  0  0  0  1
    5.3956   -2.6747   -4.3926  C  0  0  0  0  0
    6.6044   -2.8315   -3.5033  C  0  0  0  0  0
    6.6411   -4.1121   -3.0399  N  0  0  0  0  0
    5.4929   -4.8174   -3.1107  C  0  0  0  0  0
    4.3184   -4.0221   -4.0760  S  0  0  0  0  0
    5.4137   -5.9232   -2.4516  N  0  0  0  0  0
    6.7637   -6.0310   -1.8087  C  0  0  0  0  0
    7.4521   -4.6817   -2.0166  C  0  0  0  0  0
  1  5  1  0  0  0
  1  2  1  0  0  0
  2  3  1  0  0  0
  3  8  1  0  0  0
  3  4  1  0  0  0
  4  5  1  0  0  0
  4  6  2  0  0  0
  6  7  1  0  0  0
  7  8  1  0  0  0
M  END
$$$$
C12=NCCN1CCS2
  -ISIS-

  8  9  0  0  0  0  0  0  0  0  1
    0.9478    6.8512    3.4490  C  0  0  0  0  0
   -0.1346    5.9572    2.8963  C  0  0  0  0  0
   -1.2573    6.7036    2.6992  N  0  0  0  0  0
   -1.3261    7.8828    3.3511  C  0  0  0  0  0
    0.1839    8.3152    4.0410  S  0  0  0  0  0
   -2.4643    8.4877    3.4011  N  0  0  0  0  0
   -3.3660    7.5757    2.6247  C  0  0  0  0  0
   -2.5842    6.2813    2.3989  C  0  0  0  0  0
  1  5  1  0  0  0
  1  2  1  0  0  0
  2  3  1  0  0  0
  3  8  1  0  0  0
  3  4  1  0  0  0
  4  5  1  0  0  0
  4  6  2  0  0  0
  6  7  1  0  0  0
  7  8  1  0  0  0
M  END
$$$$
C12=NCCN1CCS2
  -ISIS-

  8  9  0  0  0  0  0  0  0  0  1
    0.9478    6.8512    3.4490  C  0  0  0  0  0
   -0.1346    5.9572    2.8963  C  0  0  0  0  0
   -1.2573    6.7036    2.6992  N  0  0  0  0  0
   -1.3261    7.8828    3.3511  C  0  0  0  0  0
    0.1839    8.3152    4.0410  S  0  0  0  0  0
   -2.4643    8.4877    3.4011  N  0  0  0  0  0
   -3.3660    7.5757    2.6247  C  0  0  0  0  0
   -2.5842    6.2813    2.3989  C  0  0  0  0  0
  1  5  1  0  0  0
  1  2  1  0  0  0
  2  3  1  0  0  0
  3  8  1  0  0  0
  3  4  1  0  0  0
  4  5  1  0  0  0
  4  6  2  0  0  0
  6  7  1  0  0  0
  7  8  1  0  0  0
M  END
$$$$
C12=NCCN1CCS2
  -ISIS-

  8  9  0  0  0  0  0  0  0  0  1
    1.3243    3.9000    1.1668  C  0  0  0  0  0
    2.8274    3.9762    1.0596  C  0  0  0  0  0
    3.2406    3.1007    0.1011  N  0  0  0  0  0
    2.3732    2.1283   -0.2493  C  0  0  0  0  0
    0.8050    2.4195    0.3828  S  0  0  0  0  0
    2.8151    1.1382   -0.9478  N  0  0  0  0  0
    4.2612    1.4816   -1.1442  C  0  0  0  0  0
    4.5576    2.6591   -0.2150  C  0  0  0  0  0
  1  5  1  0  0  0
  1  2  1  0  0  0
  2  3  1  0  0  0
  3  8  1  0  0  0
  3  4  1  0  0  0
  4  5  1  0  0  0
  4  6  2  0  0  0
  6  7  1  0  0  0
  7  8  1  0  0  0
M  END
$$$$
C12=NCCN1CCS2
  -ISIS-

  8  9  0  0  0  0  0  0  0  0  1
    1.3243    3.9000    1.1668  C  0  0  0  0  0
    2.8274    3.9762    1.0596  C  0  0  0  0  0
    3.2406    3.1007    0.1011  N  0  0  0  0  0
    2.3732    2.1283   -0.2493  C  0  0  0  0  0
    0.8050    2.4195    0.3828  S  0  0  0  0  0
    2.8151    1.1382   -0.9478  N  0  0  0  0  0
    4.2612    1.4816   -1.1442  C  0  0  0  0  0
    4.5576    2.6591   -0.2150  C  0  0  0  0  0
  1  5  1  0  0  0
  1  2  1  0  0  0
  2  3  1  0  0  0
  3  8  1  0  0  0
  3  4  1  0  0  0
  4  5  1  0  0  0
  4  6  2  0  0  0
  6  7  1  0  0  0
  7  8  1  0  0  0
M  END
$$$$
C12=NCCN1CCS2
  -ISIS-

  8  9  0  0  0  0  0  0  0  0  1
    5.5038   -2.3607   -2.5824  C  0  0  0  0  0
    5.9033   -3.7847   -2.8806  C  0  0  0  0  0
    4.8200   -4.5894   -2.6926  N  0  0  0  0  0
    3.6114   -3.9897   -2.6820  C  0  0  0  0  0
    3.7512   -2.2824   -2.5916  S  0  0  0  0  0
    2.5603   -4.7320   -2.7716  N  0  0  0  0  0
    3.1298   -6.1172   -2.8400  C  0  0  0  0  0
    4.6364   -5.9573   -3.0450  C  0  0  0  0  0
  1  5  1  0  0  0
  1  2  1  0  0  0
  2  3  1  0  0  0
  3  8  1  0  0  0
  3  4  1  0  0  0
  4  5  1  0  0  0
  4  6  2  0  0  0
  6  7  1  0  0  0
  7  8  1  0  0  0
M  END
$$$$
C12=NCCN1CCS2
  -ISIS-

  8  9  0  0  0  0  0  0  0  0  1
    5.5038   -2.3607   -2.5824  C  0  0  0  0  0
    5.9033   -3.7847   -2.8806  C  0  0  0  0  0
    4.8200   -4.5894   -2.6926  N  0  0  0  0  0
    3.6114   -3.9897   -2.6820  C  0  0  0  0  0
    3.7512   -2.2824   -2.5916  S  0  0  0  0  0
    2.5603   -4.7320   -2.7716  N  0  0  0  0  0
    3.1298   -6.1172   -2.8400  C  0  0  0  0  0
    4.6364   -5.9573   -3.0450  C  0  0  0  0  0
  1  5  1  0  0  0
  1  2  1  0  0  0
  2  3  1  0  0  0
  3  8  1  0  0  0
  3  4  1  0  0  0
  4  5  1  0  0  0
  4  6  2  0  0  0
  6  7  1  0  0  0
  7  8  1  0  0  0
M  END
$$$$
C12=NCCN1CCS2
  -ISIS-

  8  9  0  0  0  0  0  0  0  0  1
   10.5785    3.1361   -1.8779  C  0  0  0  0  0
   12.0196    2.8931   -1.5025  C  0  0  0  0  0
   12.6974    2.4914   -2.6139  N  0  0  0  0  0
   11.9579    2.0302   -3.6439  C  0  0  0  0  0
   10.2886    2.3596   -3.4236  S  0  0  0  0  0
   12.5607    1.4032   -4.5962  N  0  0  0  0  0
   13.9979    1.4437   -4.1711  C  0  0  0  0  0
   14.0091    1.9475   -2.7275  C  0  0  0  0  0
  1  5  1  0  0  0
  1  2  1  0  0  0
  2  3  1  0  0  0
  3  8  1  0  0  0
  3  4  1  0  0  0
  4  5  1  0  0  0
  4  6  2  0  0  0
  6  7  1  0  0  0
  7  8  1  0  0  0
M  END
$$$$
C12=NCCN1CCS2
  -ISIS-

  8  9  0  0  0  0  0  0  0  0  1
   10.5785    3.1361   -1.8779  C  0  0  0  0  0
   12.0196    2.8931   -1.5025  C  0  0  0  0  0
   12.6974    2.4914   -2.6139  N  0  0  0  0  0
   11.9579    2.0302   -3.6439  C  0  0  0  0  0
   10.2886    2.3596   -3.4236  S  0  0  0  0  0
   12.5607    1.4032   -4.5962  N  0  0  0  0  0
   13.9979    1.4437   -4.1711  C  0  0  0  0  0
   14.0091    1.9475   -2.7275  C  0  0  0  0  0
  1  5  1  0  0  0
  1  2  1  0  0  0
  2  3  1  0  0  0
  3  8  1  0  0  0
  3  4  1  0  0  0
  4  5  1  0  0  0
  4  6  2  0  0  0
  6  7  1  0  0  0
  7  8  1  0  0  0
M  END
$$$$
C12=NCCN1CCS2
  -ISIS-

  8  9  0  0  0  0  0  0  0  0  1
   -2.1343    0.4568    0.6539  N  0  0  0  0  0
   -2.2906    0.3006   -0.7496  C  0  0  0  0  0
   -0.8343    0.2440   -1.2155  C  0  0  0  0  0
    0.0280    0.3601    0.0045  N  0  0  0  0  0
   -0.8218    0.4725    0.9683  C  0  0  0  0  0
   -0.5782    0.6471    2.6598  S  0  0  0  0  0
   -2.2923    0.6991    2.9521  C  0  0  0  0  0
   -3.0414    0.5669    1.6593  C  0  0  0  0  0
  1  8  1  0  0  0
  1  5  1  0  0  0
  1  2  1  0  0  0
  2  3  1  0  0  0
  3  4  1  0  0  0
  4  5  2  0  0  0
  5  6  1  0  0  0
  6  7  1  0  0  0
  7  8  1  0  0  0
M  END
$$$$
C12=NCCN1CCS2
  -ISIS-

  8  9  0  0  0  0  0  0  0  0  1
   -2.1343    0.4568    0.6539  N  0  0  0  0  0
   -2.2906    0.3006   -0.7496  C  0  0  0  0  0
   -0.8343    0.2440   -1.2155  C  0  0  0  0  0
    0.0280    0.3601    0.0045  N  0  0  0  0  0
   -0.8218    0.4725    0.9683  C  0  0  0  0  0
   -0.5782    0.6471    2.6598  S  0  0  0  0  0
   -2.2923    0.6991    2.9521  C  0  0  0  0  0
   -3.0414    0.5669    1.6593  C  0  0  0  0  0
  1  8  1  0  0  0
  1  5  1  0  0  0
  1  2  1  0  0  0
  2  3  1  0  0  0
  3  4  1  0  0  0
  4  5  2  0  0  0
  5  6  1  0  0  0
  6  7  1  0  0  0
  7  8  1  0  0  0
M  END
$$$$
C12=NCCN1CCS2
  -ISIS-

  8  9  0  0  0  0  0  0  0  0  1
   -0.3464    2.3807    0.5996  N  0  0  0  0  0
    0.5372    2.7581    1.6479  C  0  0  0  0  0
   -0.4336    3.3685    2.6622  C  0  0  0  0  0
   -1.8102    3.2715    2.0744  N  0  0  0  0  0
   -1.6126    2.7081    0.9323  C  0  0  0  0  0
   -2.7265    2.2728   -0.3028  S  0  0  0  0  0
   -1.4504    1.6277   -1.2926  C  0  0  0  0  0
   -0.1283    1.7816   -0.5995  C  0  0  0  0  0
  1  8  1  0  0  0
  1  5  1  0  0  0
  1  2  1  0  0  0
  2  3  1  0  0  0
  3  4  1  0  0  0
  4  5  2  0  0  0
  5  6  1  0  0  0
  6  7  1  0  0  0
  7  8  1  0  0  0
M  END
$$$$
C12=NCCN1CCS2
  -ISIS-

  8  9  0  0  0  0  0  0  0  0  1
   -0.3464    2.3807    0.5996  N  0  0  0  0  0
    0.5372    2.7581    1.6479  C  0  0  0  0  0
   -0.4336    3.3685    2.6622  C  0  0  0  0  0
   -1.8102    3.2715    2.0744  N  0  0  0  0  0
   -1.6126    2.7081    0.9323  C  0  0  0  0  0
   -2.7265    2.2728   -0.3028  S  0  0  0  0  0
   -1.4504    1.6277   -1.2926  C  0  0  0  0  0
   -0.1283    1.7816   -0.5995  C  0  0  0  0  0
  1  8  1  0  0  0
  1  5  1  0  0  0
  1  2  1  0  0  0
  2  3  1  0  0  0
  3  4  1  0  0  0
  4  5  2  0  0  0
  5  6  1  0  0  0
  6  7  1  0  0  0
  7  8  1  0  0  0
M  END
$$$$
C12=NCCN1CCS2
  -ISIS-

  8  9  0  0  0  0  0  0  0  0  1
    4.5023   -5.7962   -5.5589  N  0  0  0  0  0
    5.6038   -5.5993   -6.4364  C  0  0  0  0  0
    5.5079   -6.8376   -7.3312  C  0  0  0  0  0
    4.3369   -7.6429   -6.8523  N  0  0  0  0  0
    3.8745   -6.9499   -5.8688  C  0  0  0  0  0
    2.5361   -7.2432   -4.8307  S  0  0  0  0  0
    2.8313   -5.7697   -3.9554  C  0  0  0  0  0
    4.0256   -5.0601   -4.5219  C  0  0  0  0  0
  1  8  1  0  0  0
  1  5  1  0  0  0
  1  2  1  0  0  0
  2  3  1  0  0  0
  3  4  1  0  0  0
  4  5  2  0  0  0
  5  6  1  0  0  0
  6  7  1  0  0  0
  7  8  1  0  0  0
M  END
$$$$
C12=NCCN1CCS2
  -ISIS-

  8  9  0  0  0  0  0  0  0  0  1
    4.5023   -5.7962   -5.5589  N  0  0  0  0  0
    5.6038   -5.5993   -6.4364  C  0  0  0  0  0
    5.5079   -6.8376   -7.3312  C  0  0  0  0  0
    4.3369   -7.6429   -6.8523  N  0  0  0  0  0
    3.8745   -6.9499   -5.8688  C  0  0  0  0  0
    2.5361   -7.2432   -4.8307  S  0  0  0  0  0
    2.8313   -5.7697   -3.9554  C  0  0  0  0  0
    4.0256   -5.0601   -4.5219  C  0  0  0  0  0
  1  8  1  0  0  0
  1  5  1  0  0  0
  1  2  1  0  0  0
  2  3  1  0  0  0
  3  4  1  0  0  0
  4  5  2  0  0  0
  5  6  1  0  0  0
  6  7  1  0  0  0
  7  8  1  0  0  0
M  END
$$$$
C12=NCCN1CCS2
  -ISIS-

  8  9  0  0  0  0  0  0  0  0  1
    3.4412  -11.7819   -5.1136  C  0  0  0  0  0
    2.4305  -10.7684   -4.6354  C  0  0  0  0  0
    1.2824  -10.9272   -5.3519  N  0  0  0  0  0
    1.3889  -11.5868   -6.5245  C  0  0  0  0  0
    2.9091  -12.3672   -6.6789  S  0  0  0  0  0
    0.4032  -11.5216   -7.3541  N  0  0  0  0  0
   -0.5947  -10.6722   -6.6259  C  0  0  0  0  0
    0.1370  -10.0830   -5.4198  C  0  0  0  0  0
  1  5  1  0  0  0
  1  2  1  0  0  0
  2  3  1  0  0  0
  3  8  1  0  0  0
  3  4  1  0  0  0
  4  5  1  0  0  0
  4  6  2  0  0  0
  6  7  1  0  0  0
  7  8  1  0  0  0
M  END
$$$$
C12=NCCN1CCS2
  -ISIS-

  8  9  0  0  0  0  0  0  0  0  1
    3.4412  -11.7819   -5.1136  C  0  0  0  0  0
    2.4305  -10.7684   -4.6354  C  0  0  0  0  0
    1.2824  -10.9272   -5.3519  N  0  0  0  0  0
    1.3889  -11.5868   -6.5245  C  0  0  0  0  0
    2.9091  -12.3672   -6.6789  S  0  0  0  0  0
    0.4032  -11.5216   -7.3541  N  0  0  0  0  0
   -0.5947  -10.6722   -6.6259  C  0  0  0  0  0
    0.1370  -10.0830   -5.4198  C  0  0  0  0  0
  1  5  1  0  0  0
  1  2  1  0  0  0
  2  3  1  0  0  0
  3  8  1  0  0  0
  3  4  1  0  0  0
  4  5  1  0  0  0
  4  6  2  0  0  0
  6  7  1  0  0  0
  7  8  1  0  0  0
M  END
$$$$
C12=NCCN1CCS2
  -ISIS-

  8  9  0  0  0  0  0  0  0  0  1
    5.5953    1.9640    0.4087  N  0  0  0  0  0
    5.4356    2.5573    1.6909  C  0  0  0  0  0
    6.4183    3.7282    1.6112  C  0  0  0  0  0
    7.0674    3.6734    0.2603  N  0  0  0  0  0
    6.5181    2.6497   -0.2982  C  0  0  0  0  0
    6.7597    1.9671   -1.8572  S  0  0  0  0  0
    5.5846    0.7230   -1.5471  C  0  0  0  0  0
    5.0149    0.8798   -0.1680  C  0  0  0  0  0
  1  8  1  0  0  0
  1  5  1  0  0  0
  1  2  1  0  0  0
  2  3  1  0  0  0
  3  4  1  0  0  0
  4  5  2  0  0  0
  5  6  1  0  0  0
  6  7  1  0  0  0
  7  8  1  0  0  0
M  END
$$$$
C12=NCCN1CCS2
  -ISIS-

  8  9  0  0  0  0  0  0  0  0  1
    5.5953    1.9640    0.4087  N  0  0  0  0  0
    5.4356    2.5573    1.6909  C  0  0  0  0  0
    6.4183    3.7282    1.6112  C  0  0  0  0  0
    7.0674    3.6734    0.2603  N  0  0  0  0  0
    6.5181    2.6497   -0.2982  C  0  0  0  0  0
    6.7597    1.9671   -1.8572  S  0  0  0  0  0
    5.5846    0.7230   -1.5471  C  0  0  0  0  0
    5.0149    0.8798   -0.1680  C  0  0  0  0  0
  1  8  1  0  0  0
  1  5  1  0  0  0
  1  2  1  0  0  0
  2  3  1  0  0  0
  3  4  1  0  0  0
  4  5  2  0  0  0
  5  6  1  0  0  0
  6  7  1  0  0  0
  7  8  1  0  0  0
M  END
$$$$
C12=NCCN1CCS2
  -ISIS-

  8  9  0  0  0  0  0  0  0  0  1
    7.2275    2.0780    2.2967  C  0  0  0  0  0
    8.3948    3.0219    2.1846  C  0  0  0  0  0
    8.3470    3.8836    3.2360  N  0  0  0  0  0
    7.3274    3.7814    4.1122  C  0  0  0  0  0
    6.2679    2.4934    3.7030  S  0  0  0  0  0
    7.2812    4.6224    5.0874  N  0  0  0  0  0
    8.4959    5.4757    4.8734  C  0  0  0  0  0
    9.1799    4.9782    3.5977  C  0  0  0  0  0
  1  5  1  0  0  0
  1  2  1  0  0  0
  2  3  1  0  0  0
  3  8  1  0  0  0
  3  4  1  0  0  0
  4  5  1  0  0  0
  4  6  2  0  0  0
  6  7  1  0  0  0
  7  8  1  0  0  0
M  END
$$$$
C12=NCCN1CCS2
  -ISIS-

  8  9  0  0  0  0  0  0  0  0  1
    7.2275    2.0780    2.2967  C  0  0  0  0  0
    8.3948    3.0219    2.1846  C  0  0  0  0  0
    8.3470    3.8836    3.2360  N  0  0  0  0  0
    7.3274    3.7814    4.1122  C  0  0  0  0  0
    6.2679    2.4934    3.7030  S  0  0  0  0  0
    7.2812    4.6224    5.0874  N  0  0  0  0  0
    8.4959    5.4757    4.8734  C  0  0  0  0  0
    9.1799    4.9782    3.5977  C  0  0  0  0  0
  1  5  1  0  0  0
  1  2  1  0  0  0
  2  3  1  0  0  0
  3  8  1  0  0  0
  3  4  1  0  0  0
  4  5  1  0  0  0
  4  6  2  0  0  0
  6  7  1  0  0  0
  7  8  1  0  0  0
M  END
$$$$
C12=NCCN1CCS2
  -ISIS-

  8  9  0  0  0  0  0  0  0  0  1
    1.2292   -0.9116   -3.4737  C  0  0  0  0  0
    1.6011   -2.3360   -3.1436  C  0  0  0  0  0
    0.8439   -2.7507   -2.0895  N  0  0  0  0  0
   -0.2731   -2.0408   -1.8269  C  0  0  0  0  0
   -0.3087   -0.5666   -2.7034  S  0  0  0  0  0
   -1.1435   -2.5474   -1.0209  N  0  0  0  0  0
   -0.5182   -3.8511   -0.6243  C  0  0  0  0  0
    0.6757   -4.0607   -1.5560  C  0  0  0  0  0
  1  5  1  0  0  0
  1  2  1  0  0  0
  2  3  1  0  0  0
  3  8  1  0  0  0
  3  4  1  0  0  0
  4  5  1  0  0  0
  4  6  2  0  0  0
  6  7  1  0  0  0
  7  8  1  0  0  0
M  END
$$$$
C12=NCCN1CCS2
  -ISIS-

  8  9  0  0  0  0  0  0  0  0  1
    1.2292   -0.9116   -3.4737  C  0  0  0  0  0
    1.6011   -2.3360   -3.1436  C  0  0  0  0  0
    0.8439   -2.7507   -2.0895  N  0  0  0  0  0
   -0.2731   -2.0408   -1.8269  C  0  0  0  0  0
   -0.3087   -0.5666   -2.7034  S  0  0  0  0  0
   -1.1435   -2.5474   -1.0209  N  0  0  0  0  0
   -0.5182   -3.8511   -0.6243  C  0  0  0  0  0
    0.6757   -4.0607   -1.5560  C  0  0  0  0  0
  1  5  1  0  0  0
  1  2  1  0  0  0
  2  3  1  0  0  0
  3  8  1  0  0  0
  3  4  1  0  0  0
  4  5  1  0  0  0
  4  6  2  0  0  0
  6  7  1  0  0  0
  7  8  1  0  0  0
M  END
$$$$
C12=NCCN1CCS2
  -ISIS-

  8  9  0  0  0  0  0  0  0  0  1
    5.7307   -2.3417   -4.0593  C  0  0  0  0  0
    6.9397   -2.5012   -3.1708  C  0  0  0  0  0
    6.9761   -3.7830   -2.7105  N  0  0  0  0  0
    5.8277   -4.4878   -2.7829  C  0  0  0  0  0
    4.6535   -3.6900   -3.7463  S  0  0  0  0  0
    5.7481   -5.5949   -2.1262  N  0  0  0  0  0
    7.0980   -5.7046   -1.4833  C  0  0  0  0  0
    7.7869   -4.3550   -1.6884  C  0  0  0  0  0
  1  5  1  0  0  0
  1  2  1  0  0  0
  2  3  1  0  0  0
  3  8  1  0  0  0
  3  4  1  0  0  0
  4  5  1  0  0  0
  4  6  2  0  0  0
  6  7  1  0  0  0
  7  8  1  0  0  0
M  END
$$$$
C12=NCCN1CCS2
  -ISIS-

  8  9  0  0  0  0  0  0  0  0  1
    5.7307   -2.3417   -4.0593  C  0  0  0  0  0
    6.9397   -2.5012   -3.1708  C  0  0  0  0  0
    6.9761   -3.7830   -2.7105  N  0  0  0  0  0
    5.8277   -4.4878   -2.7829  C  0  0  0  0  0
    4.6535   -3.6900   -3.7463  S  0  0  0  0  0
    5.7481   -5.5949   -2.1262  N  0  0  0  0  0
    7.0980   -5.7046   -1.4833  C  0  0  0  0  0
    7.7869   -4.3550   -1.6884  C  0  0  0  0  0
  1  5  1  0  0  0
  1  2  1  0  0  0
  2  3  1  0  0  0
  3  8  1  0  0  0
  3  4  1  0  0  0
  4  5  1  0  0  0
  4  6  2  0  0  0
  6  7  1  0  0  0
  7  8  1  0  0  0
M  END
$$$$
C12=NCCN1CCS2
  -ISIS-

  8  9  0  0  0  0  0  0  0  0  1
    0.5756    2.6459   -3.5631  N  0  0  0  0  0
   -0.1705    2.4465   -4.7556  C  0  0  0  0  0
   -0.1073    3.8362   -5.3926  C  0  0  0  0  0
    0.7039    4.7068   -4.4817  N  0  0  0  0  0
    1.0174    3.9202   -3.5086  C  0  0  0  0  0
    1.9372    4.2109   -2.0871  S  0  0  0  0  0
    1.7192    2.5705   -1.5502  C  0  0  0  0  0
    0.9009    1.8047   -2.5471  C  0  0  0  0  0
  1  8  1  0  0  0
  1  5  1  0  0  0
  1  2  1  0  0  0
  2  3  1  0  0  0
  3  4  1  0  0  0
  4  5  2  0  0  0
  5  6  1  0  0  0
  6  7  1  0  0  0
  7  8  1  0  0  0
M  END
$$$$
C12=NCCN1CCS2
  -ISIS-

  8  9  0  0  0  0  0  0  0  0  1
    0.5756    2.6459   -3.5631  N  0  0  0  0  0
   -0.1705    2.4465   -4.7556  C  0  0  0  0  0
   -0.1073    3.8362   -5.3926  C  0  0  0  0  0
    0.7039    4.7068   -4.4817  N  0  0  0  0  0
    1.0174    3.9202   -3.5086  C  0  0  0  0  0
    1.9372    4.2109   -2.0871  S  0  0  0  0  0
    1.7192    2.5705   -1.5502  C  0  0  0  0  0
    0.9009    1.8047   -2.5471  C  0  0  0  0  0
  1  8  1  0  0  0
  1  5  1  0  0  0
  1  2  1  0  0  0
  2  3  1  0  0  0
  3  4  1  0  0  0
  4  5  2  0  0  0
  5  6  1  0  0  0
  6  7  1  0  0  0
  7  8  1  0  0  0
M  END
$$$$
C12=NCCN1CCS2
  -ISIS-

  8  9  0  0  0  0  0  0  0  0  1
    2.7220    1.5788   -1.9339  N  0  0  0  0  0
    2.2359    0.5675   -2.8054  C  0  0  0  0  0
    2.6252    1.1296   -4.1741  C  0  0  0  0  0
    3.2863    2.4539   -3.9395  N  0  0  0  0  0
    3.2755    2.5762   -2.6555  C  0  0  0  0  0
    3.8629    3.8365   -1.6470  S  0  0  0  0  0
    3.3465    2.9979   -0.2129  C  0  0  0  0  0
    2.6926    1.6990   -0.5810  C  0  0  0  0  0
  1  8  1  0  0  0
  1  5  1  0  0  0
  1  2  1  0  0  0
  2  3  1  0  0  0
  3  4  1  0  0  0
  4  5  2  0  0  0
  5  6  1  0  0  0
  6  7  1  0  0  0
  7  8  1  0  0  0
M  END
$$$$
C12=NCCN1CCS2
  -ISIS-

  8  9  0  0  0  0  0  0  0  0  1
    2.7220    1.5788   -1.9339  N  0  0  0  0  0
    2.2359    0.5675   -2.8054  C  0  0  0  0  0
    2.6252    1.1296   -4.1741  C  0  0  0  0  0
    3.2863    2.4539   -3.9395  N  0  0  0  0  0
    3.2755    2.5762   -2.6555  C  0  0  0  0  0
    3.8629    3.8365   -1.6470  S  0  0  0  0  0
    3.3465    2.9979   -0.2129  C  0  0  0  0  0
    2.6926    1.6990   -0.5810  C  0  0  0  0  0
  1  8  1  0  0  0
  1  5  1  0  0  0
  1  2  1  0  0  0
  2  3  1  0  0  0
  3  4  1  0  0  0
  4  5  2  0  0  0
  5  6  1  0  0  0
  6  7  1  0  0  0
  7  8  1  0  0  0
M  END
$$$$
C12=NCCN1CCS2
  -ISIS-

  8  9  0  0  0  0  0  0  0  0  1
    6.2921   -1.5307    0.5568  N  0  0  0  0  0
    5.5680   -0.4294    1.0872  C  0  0  0  0  0
    6.2069   -0.2797    2.4693  C  0  0  0  0  0
    7.2474   -1.3505    2.5968  N  0  0  0  0  0
    7.1882   -1.9687    1.4662  C  0  0  0  0  0
    8.0833   -3.3113    0.8772  S  0  0  0  0  0
    7.2261   -3.2827   -0.6364  C  0  0  0  0  0
    6.2130   -2.1765   -0.6359  C  0  0  0  0  0
  1  8  1  0  0  0
  1  5  1  0  0  0
  1  2  1  0  0  0
  2  3  1  0  0  0
  3  4  1  0  0  0
  4  5  2  0  0  0
  5  6  1  0  0  0
  6  7  1  0  0  0
  7  8  1  0  0  0
M  END
$$$$
C12=NCCN1CCS2
  -ISIS-

  8  9  0  0  0  0  0  0  0  0  1
    6.2921   -1.5307    0.5568  N  0  0  0  0  0
    5.5680   -0.4294    1.0872  C  0  0  0  0  0
    6.2069   -0.2797    2.4693  C  0  0  0  0  0
    7.2474   -1.3505    2.5968  N  0  0  0  0  0
    7.1882   -1.9687    1.4662  C  0  0  0  0  0
    8.0833   -3.3113    0.8772  S  0  0  0  0  0
    7.2261   -3.2827   -0.6364  C  0  0  0  0  0
    6.2130   -2.1765   -0.6359  C  0  0  0  0  0
  1  8  1  0  0  0
  1  5  1  0  0  0
  1  2  1  0  0  0
  2  3  1  0  0  0
  3  4  1  0  0  0
  4  5  2  0  0  0
  5  6  1  0  0  0
  6  7  1  0  0  0
  7  8  1  0  0  0
M  END
$$$$
C12=NCCN1CCS2
  -ISIS-

  8  9  0  0  0  0  0  0  0  0  1
   -1.4152   -1.8974    7.2664  N  0  0  0  0  0
   -0.8454   -1.2712    6.2045  C  0  0  0  0  0
    0.4404   -0.6493    6.6638  C  0  0  0  0  0
    0.6874   -0.9584    8.3571  S  0  0  0  0  0
   -0.7821   -1.8453    8.4573  C  0  0  0  0  0
   -1.3343   -2.4364    9.4605  N  0  0  0  0  0
   -2.5896   -3.0171    8.8803  C  0  0  0  0  0
   -2.6270   -2.6296    7.3998  C  0  0  0  0  0
  1  5  1  0  0  0
  1  8  1  0  0  0
  1  2  1  0  0  0
  2  3  1  0  0  0
  3  4  1  0  0  0
  4  5  1  0  0  0
  5  6  2  0  0  0
  6  7  1  0  0  0
  7  8  1  0  0  0
M  END
$$$$
C12=NCCN1CCS2
  -ISIS-

  8  9  0  0  0  0  0  0  0  0  1
   -1.4152   -1.8974    7.2664  N  0  0  0  0  0
   -0.8454   -1.2712    6.2045  C  0  0  0  0  0
    0.4404   -0.6493    6.6638  C  0  0  0  0  0
    0.6874   -0.9584    8.3571  S  0  0  0  0  0
   -0.7821   -1.8453    8.4573  C  0  0  0  0  0
   -1.3343   -2.4364    9.4605  N  0  0  0  0  0
   -2.5896   -3.0171    8.8803  C  0  0  0  0  0
   -2.6270   -2.6296    7.3998  C  0  0  0  0  0
  1  5  1  0  0  0
  1  8  1  0  0  0
  1  2  1  0  0  0
  2  3  1  0  0  0
  3  4  1  0  0  0
  4  5  1  0  0  0
  5  6  2  0  0  0
  6  7  1  0  0  0
  7  8  1  0  0  0
M  END
$$$$
C12=NCCN1CCS2
  -ISIS-

  8  9  0  0  0  0  0  0  0  0  1
    2.3279   -1.4395    5.6143  N  0  0  0  0  0
    1.9548   -0.1337    5.6298  C  0  0  0  0  0
    2.0618    0.3994    4.2315  C  0  0  0  0  0
    2.6061   -0.8500    3.1512  S  0  0  0  0  0
    2.6939   -1.9882    4.4368  C  0  0  0  0  0
    3.0435   -3.2285    4.4321  N  0  0  0  0  0
    2.8999   -3.6409    5.8669  C  0  0  0  0  0
    2.4120   -2.4160    6.6446  C  0  0  0  0  0
  1  5  1  0  0  0
  1  8  1  0  0  0
  1  2  1  0  0  0
  2  3  1  0  0  0
  3  4  1  0  0  0
  4  5  1  0  0  0
  5  6  2  0  0  0
  6  7  1  0  0  0
  7  8  1  0  0  0
M  END
$$$$
C12=NCCN1CCS2
  -ISIS-

  8  9  0  0  0  0  0  0  0  0  1
    2.3279   -1.4395    5.6143  N  0  0  0  0  0
    1.9548   -0.1337    5.6298  C  0  0  0  0  0
    2.0618    0.3994    4.2315  C  0  0  0  0  0
    2.6061   -0.8500    3.1512  S  0  0  0  0  0
    2.6939   -1.9882    4.4368  C  0  0  0  0  0
    3.0435   -3.2285    4.4321  N  0  0  0  0  0
    2.8999   -3.6409    5.8669  C  0  0  0  0  0
    2.4120   -2.4160    6.6446  C  0  0  0  0  0
  1  5  1  0  0  0
  1  8  1  0  0  0
  1  2  1  0  0  0
  2  3  1  0  0  0
  3  4  1  0  0  0
  4  5  1  0  0  0
  5  6  2  0  0  0
  6  7  1  0  0  0
  7  8  1  0  0  0
M  END
$$$$
C12=NCCN1CCS2
  -ISIS-

  8  9  0  0  0  0  0  0  0  0  1
   -7.2928    3.4772    3.0792  N  0  0  0  0  0
   -6.0449    3.2433    3.5612  C  0  0  0  0  0
   -5.5160    2.0010    2.9065  C  0  0  0  0  0
   -6.6873    1.3651    1.7894  S  0  0  0  0  0
   -7.7947    2.6272    2.1589  C  0  0  0  0  0
   -8.9772    2.8610    1.7030  N  0  0  0  0  0
   -9.3962    4.1038    2.4308  C  0  0  0  0  0
   -8.2354    4.5089    3.3427  C  0  0  0  0  0
  1  5  1  0  0  0
  1  8  1  0  0  0
  1  2  1  0  0  0
  2  3  1  0  0  0
  3  4  1  0  0  0
  4  5  1  0  0  0
  5  6  2  0  0  0
  6  7  1  0  0  0
  7  8  1  0  0  0
M  END
$$$$
C12=NCCN1CCS2
  -ISIS-

  8  9  0  0  0  0  0  0  0  0  1
   -7.2928    3.4772    3.0792  N  0  0  0  0  0
   -6.0449    3.2433    3.5612  C  0  0  0  0  0
   -5.5160    2.0010    2.9065  C  0  0  0  0  0
   -6.6873    1.3651    1.7894  S  0  0  0  0  0
   -7.7947    2.6272    2.1589  C  0  0  0  0  0
   -8.9772    2.8610    1.7030  N  0  0  0  0  0
   -9.3962    4.1038    2.4308  C  0  0  0  0  0
   -8.2354    4.5089    3.3427  C  0  0  0  0  0
  1  5  1  0  0  0
  1  8  1  0  0  0
  1  2  1  0  0  0
  2  3  1  0  0  0
  3  4  1  0  0  0
  4  5  1  0  0  0
  5  6  2  0  0  0
  6  7  1  0  0  0
  7  8  1  0  0  0
M  END
$$$$
C12=NCCN1CCS2
  -ISIS-

  8  9  0  0  0  0  0  0  0  0  1
   -2.8453   -2.6866    1.4815  N  0  0  0  0  0
   -3.2000   -1.8039    0.5123  C  0  0  0  0  0
   -4.6276   -1.4049    0.7435  C  0  0  0  0  0
   -5.2632   -2.2253    2.1387  S  0  0  0  0  0
   -3.7669   -3.0288    2.4060  C  0  0  0  0  0
   -3.4210   -3.8679    3.3209  N  0  0  0  0  0
   -1.9931   -4.1837    2.9881  C  0  0  0  0  0
   -1.6292   -3.3775    1.7388  C  0  0  0  0  0
  1  5  1  0  0  0
  1  8  1  0  0  0
  1  2  1  0  0  0
  2  3  1  0  0  0
  3  4  1  0  0  0
  4  5  1  0  0  0
  5  6  2  0  0  0
  6  7  1  0  0  0
  7  8  1  0  0  0
M  END
$$$$
C12=NCCN1CCS2
  -ISIS-

  8  9  0  0  0  0  0  0  0  0  1
   -2.8453   -2.6866    1.4815  N  0  0  0  0  0
   -3.2000   -1.8039    0.5123  C  0  0  0  0  0
   -4.6276   -1.4049    0.7435  C  0  0  0  0  0
   -5.2632   -2.2253    2.1387  S  0  0  0  0  0
   -3.7669   -3.0288    2.4060  C  0  0  0  0  0
   -3.4210   -3.8679    3.3209  N  0  0  0  0  0
   -1.9931   -4.1837    2.9881  C  0  0  0  0  0
   -1.6292   -3.3775    1.7388  C  0  0  0  0  0
  1  5  1  0  0  0
  1  8  1  0  0  0
  1  2  1  0  0  0
  2  3  1  0  0  0
  3  4  1  0  0  0
  4  5  1  0  0  0
  5  6  2  0  0  0
  6  7  1  0  0  0
  7  8  1  0  0  0
M  END
$$$$
C12=NCCN1CCS2
  -ISIS-

  8  9  0  0  0  0  0  0  0  0  1
    1.9863    1.4732    8.1457  N  0  0  0  0  0
    3.0402    2.1975    7.6883  C  0  0  0  0  0
    2.8152    2.4820    6.2323  C  0  0  0  0  0
    1.3169    1.7731    5.7057  S  0  0  0  0  0
    1.0021    1.1548    7.2788  C  0  0  0  0  0
    0.0068    0.4664    7.7222  N  0  0  0  0  0
    0.3421    0.2535    9.1685  C  0  0  0  0  0
    1.6874    0.9364    9.4280  C  0  0  0  0  0
  1  5  1  0  0  0
  1  8  1  0  0  0
  1  2  1  0  0  0
  2  3  1  0  0  0
  3  4  1  0  0  0
  4  5  1  0  0  0
  5  6  2  0  0  0
  6  7  1  0  0  0
  7  8  1  0  0  0
M  END
$$$$
C12=NCCN1CCS2
  -ISIS-

  8  9  0  0  0  0  0  0  0  0  1
    1.9863    1.4732    8.1457  N  0  0  0  0  0
    3.0402    2.1975    7.6883  C  0  0  0  0  0
    2.8152    2.4820    6.2323  C  0  0  0  0  0
    1.3169    1.7731    5.7057  S  0  0  0  0  0
    1.0021    1.1548    7.2788  C  0  0  0  0  0
    0.0068    0.4664    7.7222  N  0  0  0  0  0
    0.3421    0.2535    9.1685  C  0  0  0  0  0
    1.6874    0.9364    9.4280  C  0  0  0  0  0
  1  5  1  0  0  0
  1  8  1  0  0  0
  1  2  1  0  0  0
  2  3  1  0  0  0
  3  4  1  0  0  0
  4  5  1  0  0  0
  5  6  2  0  0  0
  6  7  1  0  0  0
  7  8  1  0  0  0
M  END
$$$$
C12=NCCN1CCS2
  -ISIS-

  8  9  0  0  0  0  0  0  0  0  1
   -0.1263   -0.2583    1.3014  N  0  0  0  0  0
   -0.8322   -0.4383    2.4468  C  0  0  0  0  0
   -2.1078    0.3477    2.3452  C  0  0  0  0  0
   -2.1649    1.1898    0.8248  S  0  0  0  0  0
   -0.6411    0.5513    0.3532  C  0  0  0  0  0
    0.0443    0.7325   -0.7224  N  0  0  0  0  0
    1.2696   -0.1045   -0.5059  C  0  0  0  0  0
    1.1411   -0.7459    0.8780  C  0  0  0  0  0
  1  5  1  0  0  0
  1  8  1  0  0  0
  1  2  1  0  0  0
  2  3  1  0  0  0
  3  4  1  0  0  0
  4  5  1  0  0  0
  5  6  2  0  0  0
  6  7  1  0  0  0
  7  8  1  0  0  0
M  END
$$$$
C12=NCCN1CCS2
  -ISIS-

  8  9  0  0  0  0  0  0  0  0  1
   -0.1263   -0.2583    1.3014  N  0  0  0  0  0
   -0.8322   -0.4383    2.4468  C  0  0  0  0  0
   -2.1078    0.3477    2.3452  C  0  0  0  0  0
   -2.1649    1.1898    0.8248  S  0  0  0  0  0
   -0.6411    0.5513    0.3532  C  0  0  0  0  0
    0.0443    0.7325   -0.7224  N  0  0  0  0  0
    1.2696   -0.1045   -0.5059  C  0  0  0  0  0
    1.1411   -0.7459    0.8780  C  0  0  0  0  0
  1  5  1  0  0  0
  1  8  1  0  0  0
  1  2  1  0  0  0
  2  3  1  0  0  0
  3  4  1  0  0  0
  4  5  1  0  0  0
  5  6  2  0  0  0
  6  7  1  0  0  0
  7  8  1  0  0  0
M  END
$$$$
C12=NCCN1CCS2
  -ISIS-

  8  9  0  0  0  0  0  0  0  0  1
    5.0254   -9.0754   -0.5865  C  0  0  0  0  0
    3.9959   -7.8954   -1.3763  S  0  0  0  0  0
    5.3258   -6.8649   -1.7125  C  0  0  0  0  0
    5.3543   -5.7047   -2.2751  N  0  0  0  0  0
    6.8091   -5.3449   -2.2346  C  0  0  0  0  0
    7.4848   -6.3720   -1.3258  C  0  0  0  0  0
    6.4868   -7.3867   -1.2647  N  0  0  0  0  0
    6.3965   -8.4639   -0.4356  C  0  0  0  0  0
  1  8  1  0  0  0
  1  2  1  0  0  0
  2  3  1  0  0  0
  3  7  1  0  0  0
  3  4  2  0  0  0
  4  5  1  0  0  0
  5  6  1  0  0  0
  6  7  1  0  0  0
  7  8  1  0  0  0
M  END
$$$$
C12=NCCN1CCS2
  -ISIS-

  8  9  0  0  0  0  0  0  0  0  1
    5.0254   -9.0754   -0.5865  C  0  0  0  0  0
    3.9959   -7.8954   -1.3763  S  0  0  0  0  0
    5.3258   -6.8649   -1.7125  C  0  0  0  0  0
    5.3543   -5.7047   -2.2751  N  0  0  0  0  0
    6.8091   -5.3449   -2.2346  C  0  0  0  0  0
    7.4848   -6.3720   -1.3258  C  0  0  0  0  0
    6.4868   -7.3867   -1.2647  N  0  0  0  0  0
    6.3965   -8.4639   -0.4356  C  0  0  0  0  0
  1  8  1  0  0  0
  1  2  1  0  0  0
  2  3  1  0  0  0
  3  7  1  0  0  0
  3  4  2  0  0  0
  4  5  1  0  0  0
  5  6  1  0  0  0
  6  7  1  0  0  0
  7  8  1  0  0  0
M  END
$$$$
C12=NCCN1CCS2
  -ISIS-

  8  9  0  0  0  0  0  0  0  0  1
    4.3901    0.4041   -4.8283  N  0  0  0  0  0
    4.8115    0.8168   -3.6051  C  0  0  0  0  0
    3.7196    0.5351   -2.6148  C  0  0  0  0  0
    2.3594   -0.1981   -3.4126  S  0  0  0  0  0
    3.1620   -0.1454   -4.9321  C  0  0  0  0  0
    2.7742   -0.5412   -6.0956  N  0  0  0  0  0
    3.9351   -0.2097   -6.9856  C  0  0  0  0  0
    5.0151    0.4249   -6.1056  C  0  0  0  0  0
  1  5  1  0  0  0
  1  8  1  0  0  0
  1  2  1  0  0  0
  2  3  1  0  0  0
  3  4  1  0  0  0
  4  5  1  0  0  0
  5  6  2  0  0  0
  6  7  1  0  0  0
  7  8  1  0  0  0
M  END
$$$$
C12=NCCN1CCS2
  -ISIS-

  8  9  0  0  0  0  0  0  0  0  1
    4.3901    0.4041   -4.8283  N  0  0  0  0  0
    4.8115    0.8168   -3.6051  C  0  0  0  0  0
    3.7196    0.5351   -2.6148  C  0  0  0  0  0
    2.3594   -0.1981   -3.4126  S  0  0  0  0  0
    3.1620   -0.1454   -4.9321  C  0  0  0  0  0
    2.7742   -0.5412   -6.0956  N  0  0  0  0  0
    3.9351   -0.2097   -6.9856  C  0  0  0  0  0
    5.0151    0.4249   -6.1056  C  0  0  0  0  0
  1  5  1  0  0  0
  1  8  1  0  0  0
  1  2  1  0  0  0
  2  3  1  0  0  0
  3  4  1  0  0  0
  4  5  1  0  0  0
  5  6  2  0  0  0
  6  7  1  0  0  0
  7  8  1  0  0  0
M  END
$$$$
C12=NCCN1CCS2
  -ISIS-

  8  9  0  0  0  0  0  0  0  0  1
    9.1618   -2.3225    0.8064  N  0  0  0  0  0
    8.4593   -3.4852    0.7950  C  0  0  0  0  0
    8.7406   -4.1864   -0.5006  C  0  0  0  0  0
    9.8415   -3.2490   -1.4677  S  0  0  0  0  0
    9.9292   -2.0255   -0.2631  C  0  0  0  0  0
   10.5938   -0.9214   -0.2410  N  0  0  0  0  0
   10.2330   -0.3197    1.0848  C  0  0  0  0  0
    9.2667   -1.2862    1.7742  C  0  0  0  0  0
  1  5  1  0  0  0
  1  8  1  0  0  0
  1  2  1  0  0  0
  2  3  1  0  0  0
  3  4  1  0  0  0
  4  5  1  0  0  0
  5  6  2  0  0  0
  6  7  1  0  0  0
  7  8  1  0  0  0
M  END
$$$$
C12=NCCN1CCS2
  -ISIS-

  8  9  0  0  0  0  0  0  0  0  1
    9.1618   -2.3225    0.8064  N  0  0  0  0  0
    8.4593   -3.4852    0.7950  C  0  0  0  0  0
    8.7406   -4.1864   -0.5006  C  0  0  0  0  0
    9.8415   -3.2490   -1.4677  S  0  0  0  0  0
    9.9292   -2.0255   -0.2631  C  0  0  0  0  0
   10.5938   -0.9214   -0.2410  N  0  0  0  0  0
   10.2330   -0.3197    1.0848  C  0  0  0  0  0
    9.2667   -1.2862    1.7742  C  0  0  0  0  0
  1  5  1  0  0  0
  1  8  1  0  0  0
  1  2  1  0  0  0
  2  3  1  0  0  0
  3  4  1  0  0  0
  4  5  1  0  0  0
  5  6  2  0  0  0
  6  7  1  0  0  0
  7  8  1  0  0  0
M  END
$$$$
C12=NCCN1CCS2
  -ISIS-

  8  9  0  0  0  0  0  0  0  0  1
  -10.7386   -2.8369    8.0829  N  0  0  0  0  0
   -9.5035   -2.9880    7.5333  C  0  0  0  0  0
   -9.6619   -3.0615    6.0381  C  0  0  0  0  0
  -11.3570   -2.9381    5.6166  S  0  0  0  0  0
  -11.8111   -2.7967    7.2668  C  0  0  0  0  0
  -12.9752   -2.6662    7.8038  N  0  0  0  0  0
  -12.6793   -2.5993    9.2726  C  0  0  0  0  0
  -11.1632   -2.7328    9.4362  C  0  0  0  0  0
  1  5  1  0  0  0
  1  8  1  0  0  0
  1  2  1  0  0  0
  2  3  1  0  0  0
  3  4  1  0  0  0
  4  5  1  0  0  0
  5  6  2  0  0  0
  6  7  1  0  0  0
  7  8  1  0  0  0
M  END
$$$$
C12=NCCN1CCS2
  -ISIS-

  8  9  0  0  0  0  0  0  0  0  1
  -10.7386   -2.8369    8.0829  N  0  0  0  0  0
   -9.5035   -2.9880    7.5333  C  0  0  0  0  0
   -9.6619   -3.0615    6.0381  C  0  0  0  0  0
  -11.3570   -2.9381    5.6166  S  0  0  0  0  0
  -11.8111   -2.7967    7.2668  C  0  0  0  0  0
  -12.9752   -2.6662    7.8038  N  0  0  0  0  0
  -12.6793   -2.5993    9.2726  C  0  0  0  0  0
  -11.1632   -2.7328    9.4362  C  0  0  0  0  0
  1  5  1  0  0  0
  1  8  1  0  0  0
  1  2  1  0  0  0
  2  3  1  0  0  0
  3  4  1  0  0  0
  4  5  1  0  0  0
  5  6  2  0  0  0
  6  7  1  0  0  0
  7  8  1  0  0  0
M  END
$$$$
C12=NCCN1CCS2
  -ISIS-

  8  9  0  0  0  0  0  0  0  0  1
    6.6706    1.6777    5.7708  N  0  0  0  0  0
    5.7311    0.7089    5.6005  C  0  0  0  0  0
    6.1936   -0.5245    6.3290  C  0  0  0  0  0
    7.7254   -0.2080    7.1153  S  0  0  0  0  0
    7.7553    1.4039    6.5234  C  0  0  0  0  0
    8.6257    2.3391    6.6929  N  0  0  0  0  0
    8.0595    3.4908    5.9167  C  0  0  0  0  0
    6.7278    3.0260    5.3222  C  0  0  0  0  0
  1  5  1  0  0  0
  1  8  1  0  0  0
  1  2  1  0  0  0
  2  3  1  0  0  0
  3  4  1  0  0  0
  4  5  1  0  0  0
  5  6  2  0  0  0
  6  7  1  0  0  0
  7  8  1  0  0  0
M  END
$$$$
C12=NCCN1CCS2
  -ISIS-

  8  9  0  0  0  0  0  0  0  0  1
    6.6706    1.6777    5.7708  N  0  0  0  0  0
    5.7311    0.7089    5.6005  C  0  0  0  0  0
    6.1936   -0.5245    6.3290  C  0  0  0  0  0
    7.7254   -0.2080    7.1153  S  0  0  0  0  0
    7.7553    1.4039    6.5234  C  0  0  0  0  0
    8.6257    2.3391    6.6929  N  0  0  0  0  0
    8.0595    3.4908    5.9167  C  0  0  0  0  0
    6.7278    3.0260    5.3222  C  0  0  0  0  0
  1  5  1  0  0  0
  1  8  1  0  0  0
  1  2  1  0  0  0
  2  3  1  0  0  0
  3  4  1  0  0  0
  4  5  1  0  0  0
  5  6  2  0  0  0
  6  7  1  0  0  0
  7  8  1  0  0  0
M  END
$$$$
C12=NCCN1CCS2
  -ISIS-

  8  9  0  0  0  0  0  0  0  0  1
    0.0604   -0.0687    1.4836  N  0  0  0  0  0
   -0.6450   -0.2508    2.6289  C  0  0  0  0  0
   -1.9214    0.5341    2.5286  C  0  0  0  0  0
   -1.9796    1.3783    1.0094  S  0  0  0  0  0
   -0.4553    0.7419    0.5367  C  0  0  0  0  0
    0.2298    0.9253   -0.5388  N  0  0  0  0  0
    1.4559    0.0892   -0.3239  C  0  0  0  0  0
    1.3282   -0.5544    1.0592  C  0  0  0  0  0
  1  5  1  0  0  0
  1  8  1  0  0  0
  1  2  1  0  0  0
  2  3  1  0  0  0
  3  4  1  0  0  0
  4  5  1  0  0  0
  5  6  2  0  0  0
  6  7  1  0  0  0
  7  8  1  0  0  0
M  END
$$$$
C12=NCCN1CCS2
  -ISIS-

  8  9  0  0  0  0  0  0  0  0  1
    0.0604   -0.0687    1.4836  N  0  0  0  0  0
   -0.6450   -0.2508    2.6289  C  0  0  0  0  0
   -1.9214    0.5341    2.5286  C  0  0  0  0  0
   -1.9796    1.3783    1.0094  S  0  0  0  0  0
   -0.4553    0.7419    0.5367  C  0  0  0  0  0
    0.2298    0.9253   -0.5388  N  0  0  0  0  0
    1.4559    0.0892   -0.3239  C  0  0  0  0  0
    1.3282   -0.5544    1.0592  C  0  0  0  0  0
  1  5  1  0  0  0
  1  8  1  0  0  0
  1  2  1  0  0  0
  2  3  1  0  0  0
  3  4  1  0  0  0
  4  5  1  0  0  0
  5  6  2  0  0  0
  6  7  1  0  0  0
  7  8  1  0  0  0
M  END
$$$$
C12=NCCN1CCS2
  -ISIS-

  8  9  0  0  0  0  0  0  0  0  1
    1.6889   -1.8416    2.7324  N  0  0  0  0  0
    2.1736   -0.6102    2.4178  C  0  0  0  0  0
    3.6083   -0.7653    1.9894  C  0  0  0  0  0
    4.0629   -2.4571    2.0571  S  0  0  0  0  0
    2.5015   -2.9099    2.6099  C  0  0  0  0  0
    2.0248   -4.0701    2.9061  N  0  0  0  0  0
    0.6131   -3.7743    3.3185  C  0  0  0  0  0
    0.4091   -2.2629    3.1873  C  0  0  0  0  0
  1  5  1  0  0  0
  1  8  1  0  0  0
  1  2  1  0  0  0
  2  3  1  0  0  0
  3  4  1  0  0  0
  4  5  1  0  0  0
  5  6  2  0  0  0
  6  7  1  0  0  0
  7  8  1  0  0  0
M  END
$$$$
C12=NCCN1CCS2
  -ISIS-

  8  9  0  0  0  0  0  0  0  0  1
    1.6889   -1.8416    2.7324  N  0  0  0  0  0
    2.1736   -0.6102    2.4178  C  0  0  0  0  0
    3.6083   -0.7653    1.9894  C  0  0  0  0  0
    4.0629   -2.4571    2.0571  S  0  0  0  0  0
    2.5015   -2.9099    2.6099  C  0  0  0  0  0
    2.0248   -4.0701    2.9061  N  0  0  0  0  0
    0.6131   -3.7743    3.3185  C  0  0  0  0  0
    0.4091   -2.2629    3.1873  C  0  0  0  0  0
  1  5  1  0  0  0
  1  8  1  0  0  0
  1  2  1  0  0  0
  2  3  1  0  0  0
  3  4  1  0  0  0
  4  5  1  0  0  0
  5  6  2  0  0  0
  6  7  1  0  0  0
  7  8  1  0  0  0
M  END
$$$$
C12=NCCN1CCS2
  -ISIS-

  8  9  0  0  0  0  0  0  0  0  1
    1.0379   -0.9241    6.1305  C  0  0  0  0  0
   -0.2632   -1.6188    5.8300  C  0  0  0  0  0
   -0.8709   -2.3890    7.2801  S  0  0  0  0  0
    0.4768   -1.8461    8.1960  C  0  0  0  0  0
    1.3345   -1.1294    7.4420  N  0  0  0  0  0
    2.4235   -0.6893    8.2439  C  0  0  0  0  0
    2.0673   -1.2947    9.6039  C  0  0  0  0  0
    0.7645   -2.0195    9.4402  N  0  0  0  0  0
  1  5  1  0  0  0
  1  2  1  0  0  0
  2  3  1  0  0  0
  3  4  1  0  0  0
  4  8  2  0  0  0
  4  5  1  0  0  0
  5  6  1  0  0  0
  6  7  1  0  0  0
  7  8  1  0  0  0
M  END
$$$$
C12=NCCN1CCS2
  -ISIS-

  8  9  0  0  0  0  0  0  0  0  1
    1.0379   -0.9241    6.1305  C  0  0  0  0  0
   -0.2632   -1.6188    5.8300  C  0  0  0  0  0
   -0.8709   -2.3890    7.2801  S  0  0  0  0  0
    0.4768   -1.8461    8.1960  C  0  0  0  0  0
    1.3345   -1.1294    7.4420  N  0  0  0  0  0
    2.4235   -0.6893    8.2439  C  0  0  0  0  0
    2.0673   -1.2947    9.6039  C  0  0  0  0  0
    0.7645   -2.0195    9.4402  N  0  0  0  0  0
  1  5  1  0  0  0
  1  2  1  0  0  0
  2  3  1  0  0  0
  3  4  1  0  0  0
  4  8  2  0  0  0
  4  5  1  0  0  0
  5  6  1  0  0  0
  6  7  1  0  0  0
  7  8  1  0  0  0
M  END
$$$$
C12=NCCN1CCS2
  -ISIS-

  8  9  0  0  0  0  0  0  0  0  1
    2.6293   -3.0930    6.6975  C  0  0  0  0  0
    1.6265   -2.3230    5.8810  C  0  0  0  0  0
    0.0801   -2.3111    6.6967  S  0  0  0  0  0
    0.7069   -3.2302    8.0063  C  0  0  0  0  0
    2.0120   -3.5217    7.8306  N  0  0  0  0  0
    2.4793   -4.3010    8.9249  C  0  0  0  0  0
    1.2259   -4.3838    9.7997  C  0  0  0  0  0
    0.1302   -3.6589    9.0759  N  0  0  0  0  0
  1  5  1  0  0  0
  1  2  1  0  0  0
  2  3  1  0  0  0
  3  4  1  0  0  0
  4  8  2  0  0  0
  4  5  1  0  0  0
  5  6  1  0  0  0
  6  7  1  0  0  0
  7  8  1  0  0  0
M  END
$$$$
C12=NCCN1CCS2
  -ISIS-

  8  9  0  0  0  0  0  0  0  0  1
    2.6293   -3.0930    6.6975  C  0  0  0  0  0
    1.6265   -2.3230    5.8810  C  0  0  0  0  0
    0.0801   -2.3111    6.6967  S  0  0  0  0  0
    0.7069   -3.2302    8.0063  C  0  0  0  0  0
    2.0120   -3.5217    7.8306  N  0  0  0  0  0
    2.4793   -4.3010    8.9249  C  0  0  0  0  0
    1.2259   -4.3838    9.7997  C  0  0  0  0  0
    0.1302   -3.6589    9.0759  N  0  0  0  0  0
  1  5  1  0  0  0
  1  2  1  0  0  0
  2  3  1  0  0  0
  3  4  1  0  0  0
  4  8  2  0  0  0
  4  5  1  0  0  0
  5  6  1  0  0  0
  6  7  1  0  0  0
  7  8  1  0  0  0
M  END
$$$$
C12=NCCN1CCS2
  -ISIS-

  8  9  0  0  0  0  0  0  0  0  1
    1.0275   -3.8410   -0.6525  C  0  0  0  0  0
    2.2749   -4.0097    0.1718  C  0  0  0  0  0
    2.3822   -2.7298    1.3575  S  0  0  0  0  0
    0.8875   -2.0584    0.8401  C  0  0  0  0  0
    0.3418   -2.7721   -0.1659  N  0  0  0  0  0
   -0.8574   -2.1437   -0.6008  C  0  0  0  0  0
   -0.9759   -0.9884    0.3960  C  0  0  0  0  0
    0.2545   -1.0144    1.2536  N  0  0  0  0  0
  1  5  1  0  0  0
  1  2  1  0  0  0
  2  3  1  0  0  0
  3  4  1  0  0  0
  4  8  2  0  0  0
  4  5  1  0  0  0
  5  6  1  0  0  0
  6  7  1  0  0  0
  7  8  1  0  0  0
M  END
$$$$
C12=NCCN1CCS2
  -ISIS-

  8  9  0  0  0  0  0  0  0  0  1
    1.0275   -3.8410   -0.6525  C  0  0  0  0  0
    2.2749   -4.0097    0.1718  C  0  0  0  0  0
    2.3822   -2.7298    1.3575  S  0  0  0  0  0
    0.8875   -2.0584    0.8401  C  0  0  0  0  0
    0.3418   -2.7721   -0.1659  N  0  0  0  0  0
   -0.8574   -2.1437   -0.6008  C  0  0  0  0  0
   -0.9759   -0.9884    0.3960  C  0  0  0  0  0
    0.2545   -1.0144    1.2536  N  0  0  0  0  0
  1  5  1  0  0  0
  1  2  1  0  0  0
  2  3  1  0  0  0
  3  4  1  0  0  0
  4  8  2  0  0  0
  4  5  1  0  0  0
  5  6  1  0  0  0
  6  7  1  0  0  0
  7  8  1  0  0  0
M  END
$$$$
C12=NCCN1CCS2
  -ISIS-

  8  9  0  0  0  0  0  0  0  0  1
    0.3889    0.7412    0.8700  C  0  0  0  0  0
    0.2953    2.0910    1.5283  C  0  0  0  0  0
    1.5722    3.1298    0.9400  S  0  0  0  0  0
    2.2011    1.8767   -0.0534  C  0  0  0  0  0
    1.4850    0.7398    0.0649  N  0  0  0  0  0
    2.0044   -0.2452   -0.8193  C  0  0  0  0  0
    3.2183    0.4798   -1.4054  C  0  0  0  0  0
    3.2054    1.8775   -0.8614  N  0  0  0  0  0
  1  5  1  0  0  0
  1  2  1  0  0  0
  2  3  1  0  0  0
  3  4  1  0  0  0
  4  8  2  0  0  0
  4  5  1  0  0  0
  5  6  1  0  0  0
  6  7  1  0  0  0
  7  8  1  0  0  0
M  END
$$$$
C12=NCCN1CCS2
  -ISIS-

  8  9  0  0  0  0  0  0  0  0  1
    0.3889    0.7412    0.8700  C  0  0  0  0  0
    0.2953    2.0910    1.5283  C  0  0  0  0  0
    1.5722    3.1298    0.9400  S  0  0  0  0  0
    2.2011    1.8767   -0.0534  C  0  0  0  0  0
    1.4850    0.7398    0.0649  N  0  0  0  0  0
    2.0044   -0.2452   -0.8193  C  0  0  0  0  0
    3.2183    0.4798   -1.4054  C  0  0  0  0  0
    3.2054    1.8775   -0.8614  N  0  0  0  0  0
  1  5  1  0  0  0
  1  2  1  0  0  0
  2  3  1  0  0  0
  3  4  1  0  0  0
  4  8  2  0  0  0
  4  5  1  0  0  0
  5  6  1  0  0  0
  6  7  1  0  0  0
  7  8  1  0  0  0
M  END
$$$$
C12=NCCN1CCS2
  -ISIS-

  8  9  0  0  0  0  0  0  0  0  1
   -1.0804    1.1102   -0.8501  C  0  0  0  0  0
   -2.5460    1.3419   -1.0767  C  0  0  0  0  0
   -3.4826    0.4394    0.0786  S  0  0  0  0  0
   -2.0602   -0.1964    0.8056  C  0  0  0  0  0
   -0.9440    0.2561    0.1972  N  0  0  0  0  0
    0.2039   -0.2906    0.8341  C  0  0  0  0  0
   -0.4333   -1.1560    1.9242  C  0  0  0  0  0
   -1.9203   -1.0029    1.8011  N  0  0  0  0  0
  1  5  1  0  0  0
  1  2  1  0  0  0
  2  3  1  0  0  0
  3  4  1  0  0  0
  4  8  2  0  0  0
  4  5  1  0  0  0
  5  6  1  0  0  0
  6  7  1  0  0  0
  7  8  1  0  0  0
M  END
$$$$
C12=NCCN1CCS2
  -ISIS-

  8  9  0  0  0  0  0  0  0  0  1
   -1.0804    1.1102   -0.8501  C  0  0  0  0  0
   -2.5460    1.3419   -1.0767  C  0  0  0  0  0
   -3.4826    0.4394    0.0786  S  0  0  0  0  0
   -2.0602   -0.1964    0.8056  C  0  0  0  0  0
   -0.9440    0.2561    0.1972  N  0  0  0  0  0
    0.2039   -0.2906    0.8341  C  0  0  0  0  0
   -0.4333   -1.1560    1.9242  C  0  0  0  0  0
   -1.9203   -1.0029    1.8011  N  0  0  0  0  0
  1  5  1  0  0  0
  1  2  1  0  0  0
  2  3  1  0  0  0
  3  4  1  0  0  0
  4  8  2  0  0  0
  4  5  1  0  0  0
  5  6  1  0  0  0
  6  7  1  0  0  0
  7  8  1  0  0  0
M  END
$$$$
C12=NCCN1CCS2
  -ISIS-

  8  9  0  0  0  0  0  0  0  0  1
   -0.4658   -4.2696    0.8634  C  0  0  0  0  0
   -1.7719   -4.8545    1.3312  C  0  0  0  0  0
   -1.5145   -5.7706    2.8028  S  0  0  0  0  0
    0.1633   -5.4053    2.7997  C  0  0  0  0  0
    0.5017   -4.6319    1.7487  N  0  0  0  0  0
    1.8995   -4.3715    1.7768  C  0  0  0  0  0
    2.3224   -5.1051    3.0520  C  0  0  0  0  0
    1.0946   -5.7523    3.6203  N  0  0  0  0  0
  1  5  1  0  0  0
  1  2  1  0  0  0
  2  3  1  0  0  0
  3  4  1  0  0  0
  4  8  2  0  0  0
  4  5  1  0  0  0
  5  6  1  0  0  0
  6  7  1  0  0  0
  7  8  1  0  0  0
M  END
$$$$
C12=NCCN1CCS2
  -ISIS-

  8  9  0  0  0  0  0  0  0  0  1
   -0.4658   -4.2696    0.8634  C  0  0  0  0  0
   -1.7719   -4.8545    1.3312  C  0  0  0  0  0
   -1.5145   -5.7706    2.8028  S  0  0  0  0  0
    0.1633   -5.4053    2.7997  C  0  0  0  0  0
    0.5017   -4.6319    1.7487  N  0  0  0  0  0
    1.8995   -4.3715    1.7768  C  0  0  0  0  0
    2.3224   -5.1051    3.0520  C  0  0  0  0  0
    1.0946   -5.7523    3.6203  N  0  0  0  0  0
  1  5  1  0  0  0
  1  2  1  0  0  0
  2  3  1  0  0  0
  3  4  1  0  0  0
  4  8  2  0  0  0
  4  5  1  0  0  0
  5  6  1  0  0  0
  6  7  1  0  0  0
  7  8  1  0  0  0
M  END
$$$$
C12=NCCN1CCS2
  -ISIS-

  8  9  0  0  0  0  0  0  0  0  1
   -8.9193    0.1269    6.0092  C  0  0  0  0  0
   -7.4861    0.4501    6.3124  C  0  0  0  0  0
   -6.4737    0.0152    4.9670  S  0  0  0  0  0
   -7.8286   -0.5411    4.0669  C  0  0  0  0  0
   -8.9789   -0.3986    4.7583  N  0  0  0  0  0
  -10.0678   -0.8813    3.9815  C  0  0  0  0  0
   -9.3582   -1.3183    2.6974  C  0  0  0  0  0
   -7.8945   -1.0502    2.8848  N  0  0  0  0  0
  1  5  1  0  0  0
  1  2  1  0  0  0
  2  3  1  0  0  0
  3  4  1  0  0  0
  4  8  2  0  0  0
  4  5  1  0  0  0
  5  6  1  0  0  0
  6  7  1  0  0  0
  7  8  1  0  0  0
M  END
$$$$
C12=NCCN1CCS2
  -ISIS-

  8  9  0  0  0  0  0  0  0  0  1
   -8.9193    0.1269    6.0092  C  0  0  0  0  0
   -7.4861    0.4501    6.3124  C  0  0  0  0  0
   -6.4737    0.0152    4.9670  S  0  0  0  0  0
   -7.8286   -0.5411    4.0669  C  0  0  0  0  0
   -8.9789   -0.3986    4.7583  N  0  0  0  0  0
  -10.0678   -0.8813    3.9815  C  0  0  0  0  0
   -9.3582   -1.3183    2.6974  C  0  0  0  0  0
   -7.8945   -1.0502    2.8848  N  0  0  0  0  0
  1  5  1  0  0  0
  1  2  1  0  0  0
  2  3  1  0  0  0
  3  4  1  0  0  0
  4  8  2  0  0  0
  4  5  1  0  0  0
  5  6  1  0  0  0
  6  7  1  0  0  0
  7  8  1  0  0  0
M  END
$$$$
C12=NCCN1CCS2
  -ISIS-

  8  9  0  0  0  0  0  0  0  0  1
   -0.6336   -0.6318    3.0777  N  0  0  0  0  0
   -0.8108    0.2933    2.1004  C  0  0  0  0  0
   -0.5225   -0.3553    0.7795  C  0  0  0  0  0
   -0.0910   -2.0208    1.0149  S  0  0  0  0  0
   -0.2647   -1.8791    2.7192  C  0  0  0  0  0
   -0.1023   -2.7525    3.6522  N  0  0  0  0  0
   -0.4102   -1.9899    4.9066  C  0  0  0  0  0
   -0.7706   -0.5610    4.4917  C  0  0  0  0  0
  1  5  1  0  0  0
  1  8  1  0  0  0
  1  2  1  0  0  0
  2  3  1  0  0  0
  3  4  1  0  0  0
  4  5  1  0  0  0
  5  6  2  0  0  0
  6  7  1  0  0  0
  7  8  1  0  0  0
M  END
$$$$
C12=NCCN1CCS2
  -ISIS-

  8  9  0  0  0  0  0  0  0  0  1
   -0.6336   -0.6318    3.0777  N  0  0  0  0  0
   -0.8108    0.2933    2.1004  C  0  0  0  0  0
   -0.5225   -0.3553    0.7795  C  0  0  0  0  0
   -0.0910   -2.0208    1.0149  S  0  0  0  0  0
   -0.2647   -1.8791    2.7192  C  0  0  0  0  0
   -0.1023   -2.7525    3.6522  N  0  0  0  0  0
   -0.4102   -1.9899    4.9066  C  0  0  0  0  0
   -0.7706   -0.5610    4.4917  C  0  0  0  0  0
  1  5  1  0  0  0
  1  8  1  0  0  0
  1  2  1  0  0  0
  2  3  1  0  0  0
  3  4  1  0  0  0
  4  5  1  0  0  0
  5  6  2  0  0  0
  6  7  1  0  0  0
  7  8  1  0  0  0
M  END
$$$$
C12=NCCN1CCS2
  -ISIS-

  8  9  0  0  0  0  0  0  0  0  1
    7.4481    1.3536   -1.0972  N  0  0  0  0  0
    6.9986    1.4680    0.1784  C  0  0  0  0  0
    5.5893    0.9582    0.2293  C  0  0  0  0  0
    5.0870    0.4372   -1.3493  S  0  0  0  0  0
    6.6124    0.8471   -2.0274  C  0  0  0  0  0
    7.0452    0.7449   -3.2366  N  0  0  0  0  0
    8.4465    1.2738   -3.1555  C  0  0  0  0  0
    8.6929    1.6839   -1.7012  C  0  0  0  0  0
  1  5  1  0  0  0
  1  8  1  0  0  0
  1  2  1  0  0  0
  2  3  1  0  0  0
  3  4  1  0  0  0
  4  5  1  0  0  0
  5  6  2  0  0  0
  6  7  1  0  0  0
  7  8  1  0  0  0
M  END
$$$$
C12=NCCN1CCS2
  -ISIS-

  8  9  0  0  0  0  0  0  0  0  1
    7.4481    1.3536   -1.0972  N  0  0  0  0  0
    6.9986    1.4680    0.1784  C  0  0  0  0  0
    5.5893    0.9582    0.2293  C  0  0  0  0  0
    5.0870    0.4372   -1.3493  S  0  0  0  0  0
    6.6124    0.8471   -2.0274  C  0  0  0  0  0
    7.0452    0.7449   -3.2366  N  0  0  0  0  0
    8.4465    1.2738   -3.1555  C  0  0  0  0  0
    8.6929    1.6839   -1.7012  C  0  0  0  0  0
  1  5  1  0  0  0
  1  8  1  0  0  0
  1  2  1  0  0  0
  2  3  1  0  0  0
  3  4  1  0  0  0
  4  5  1  0  0  0
  5  6  2  0  0  0
  6  7  1  0  0  0
  7  8  1  0  0  0
M  END
$$$$
C12=NCCN1CCS2
  -ISIS-

  8  9  0  0  0  0  0  0  0  0  1
    3.3187    7.3982   -2.7883  N  0  0  0  0  0
    3.3858    6.0453   -2.6645  C  0  0  0  0  0
    4.0405    5.4929   -3.9027  C  0  0  0  0  0
    4.4318    6.8027   -4.9977  S  0  0  0  0  0
    3.7951    7.9712   -3.9120  C  0  0  0  0  0
    3.7130    9.2528   -4.0193  N  0  0  0  0  0
    3.0629    9.6721   -2.7343  C  0  0  0  0  0
    2.7890    8.3998   -1.9285  C  0  0  0  0  0
  1  5  1  0  0  0
  1  8  1  0  0  0
  1  2  1  0  0  0
  2  3  1  0  0  0
  3  4  1  0  0  0
  4  5  1  0  0  0
  5  6  2  0  0  0
  6  7  1  0  0  0
  7  8  1  0  0  0
M  END
$$$$
C12=NCCN1CCS2
  -ISIS-

  8  9  0  0  0  0  0  0  0  0  1
    3.3187    7.3982   -2.7883  N  0  0  0  0  0
    3.3858    6.0453   -2.6645  C  0  0  0  0  0
    4.0405    5.4929   -3.9027  C  0  0  0  0  0
    4.4318    6.8027   -4.9977  S  0  0  0  0  0
    3.7951    7.9712   -3.9120  C  0  0  0  0  0
    3.7130    9.2528   -4.0193  N  0  0  0  0  0
    3.0629    9.6721   -2.7343  C  0  0  0  0  0
    2.7890    8.3998   -1.9285  C  0  0  0  0  0
  1  5  1  0  0  0
  1  8  1  0  0  0
  1  2  1  0  0  0
  2  3  1  0  0  0
  3  4  1  0  0  0
  4  5  1  0  0  0
  5  6  2  0  0  0
  6  7  1  0  0  0
  7  8  1  0  0  0
M  END
$$$$
C12=NCCN1CCS2
  -ISIS-

  8  9  0  0  0  0  0  0  0  0  1
   15.2981    4.2173   -3.9995  N  0  0  0  0  0
   14.0929    4.1513   -3.3721  C  0  0  0  0  0
   14.1279    5.0817   -2.1888  C  0  0  0  0  0
   15.6901    5.8717   -2.1067  S  0  0  0  0  0
   16.2434    5.0410   -3.5042  C  0  0  0  0  0
   17.3778    5.0957   -4.1132  N  0  0  0  0  0
   17.2131    4.1309   -5.2499  C  0  0  0  0  0
   15.7973    3.5569   -5.1560  C  0  0  0  0  0
  1  5  1  0  0  0
  1  8  1  0  0  0
  1  2  1  0  0  0
  2  3  1  0  0  0
  3  4  1  0  0  0
  4  5  1  0  0  0
  5  6  2  0  0  0
  6  7  1  0  0  0
  7  8  1  0  0  0
M  END
$$$$
C12=NCCN1CCS2
  -ISIS-

  8  9  0  0  0  0  0  0  0  0  1
   15.2981    4.2173   -3.9995  N  0  0  0  0  0
   14.0929    4.1513   -3.3721  C  0  0  0  0  0
   14.1279    5.0817   -2.1888  C  0  0  0  0  0
   15.6901    5.8717   -2.1067  S  0  0  0  0  0
   16.2434    5.0410   -3.5042  C  0  0  0  0  0
   17.3778    5.0957   -4.1132  N  0  0  0  0  0
   17.2131    4.1309   -5.2499  C  0  0  0  0  0
   15.7973    3.5569   -5.1560  C  0  0  0  0  0
  1  5  1  0  0  0
  1  8  1  0  0  0
  1  2  1  0  0  0
  2  3  1  0  0  0
  3  4  1  0  0  0
  4  5  1  0  0  0
  5  6  2  0  0  0
  6  7  1  0  0  0
  7  8  1  0  0  0
M  END
$$$$
