C12=C(C3(Cc4c1cccc4)CCCC3)CN5C(=N2)SCC5
  -ISIS-

 21 25  0  0  0  0  0  0  0  0  1
    1.8010   -2.6578    3.2881  N  0  0  0  0  0
    1.2949   -1.4127    3.8351  C  0  0  0  0  0
   -0.1865   -1.3306    3.5393  C  0  0  0  0  0
   -0.7265   -3.0810    3.4866  S  0  0  0  0  0
    0.8717   -3.6289    3.0905  C  0  0  0  0  0
    1.1165   -4.8052    2.6367  N  0  0  0  0  0
    2.4330   -5.1076    2.3753  C  0  0  0  0  0
    3.4747   -4.2704    2.5851  C  0  0  0  0  0
    3.1168   -2.8727    2.9943  C  0  0  0  0  0
    4.9367   -4.6545    2.3464  C  0  0  0  0  0
    5.1097   -6.2068    2.3704  C  0  0  0  0  0
    3.9879   -6.9634    1.7195  C  0  0  0  0  0
    2.6888   -6.4420    1.7708  C  0  0  0  0  0
    1.6416   -7.2031    1.2243  C  0  0  0  0  0
    1.8812   -8.4497    0.6416  C  0  0  0  0  0
    3.1744   -8.9593    0.6016  C  0  0  0  0  0
    4.2247   -8.2229    1.1451  C  0  0  0  0  0
    5.9750   -4.0842    3.3483  C  0  0  0  0  0
    7.3099   -4.1579    2.6106  C  0  0  0  0  0
    6.9745   -4.0160    1.1277  C  0  0  0  0  0
    5.4493   -4.0719    1.0113  C  0  0  0  0  0
  1  9  1  0  0  0
  1  5  1  0  0  0
  1  2  1  0  0  0
  2  3  1  0  0  0
  3  4  1  0  0  0
  4  5  1  0  0  0
  5  6  2  0  0  0
  6  7  1  0  0  0
  7 13  1  0  0  0
  7  8  2  0  0  0
  8  9  1  0  0  0
  8 10  1  0  0  0
 10 21  1  0  0  0
 10 11  1  0  0  0
 10 18  1  0  0  0
 11 12  1  0  0  0
 12 17  2  0  0  0
 12 13  1  0  0  0
 13 14  2  0  0  0
 14 15  1  0  0  0
 15 16  2  0  0  0
 16 17  1  0  0  0
 18 19  1  0  0  0
 19 20  1  0  0  0
 20 21  1  0  0  0
M  END
$$$$
C12=C(C3(Cc4c1cccc4)CCCC3)CN5C(=N2)SCC5
  -ISIS-

 21 25  0  0  0  0  0  0  0  0  1
    1.8010   -2.6578    3.2881  N  0  0  0  0  0
    1.2949   -1.4127    3.8351  C  0  0  0  0  0
   -0.1865   -1.3306    3.5393  C  0  0  0  0  0
   -0.7265   -3.0810    3.4866  S  0  0  0  0  0
    0.8717   -3.6289    3.0905  C  0  0  0  0  0
    1.1165   -4.8052    2.6367  N  0  0  0  0  0
    2.4330   -5.1076    2.3753  C  0  0  0  0  0
    3.4747   -4.2704    2.5851  C  0  0  0  0  0
    3.1168   -2.8727    2.9943  C  0  0  0  0  0
    4.9367   -4.6545    2.3464  C  0  0  0  0  0
    5.1097   -6.2068    2.3704  C  0  0  0  0  0
    3.9879   -6.9634    1.7195  C  0  0  0  0  0
    2.6888   -6.4420    1.7708  C  0  0  0  0  0
    1.6416   -7.2031    1.2243  C  0  0  0  0  0
    1.8812   -8.4497    0.6416  C  0  0  0  0  0
    3.1744   -8.9593    0.6016  C  0  0  0  0  0
    4.2247   -8.2229    1.1451  C  0  0  0  0  0
    5.9750   -4.0842    3.3483  C  0  0  0  0  0
    7.3099   -4.1579    2.6106  C  0  0  0  0  0
    6.9745   -4.0160    1.1277  C  0  0  0  0  0
    5.4493   -4.0719    1.0113  C  0  0  0  0  0
  1  9  1  0  0  0
  1  5  1  0  0  0
  1  2  1  0  0  0
  2  3  1  0  0  0
  3  4  1  0  0  0
  4  5  1  0  0  0
  5  6  2  0  0  0
  6  7  1  0  0  0
  7 13  1  0  0  0
  7  8  2  0  0  0
  8  9  1  0  0  0
  8 10  1  0  0  0
 10 21  1  0  0  0
 10 11  1  0  0  0
 10 18  1  0  0  0
 11 12  1  0  0  0
 12 17  2  0  0  0
 12 13  1  0  0  0
 13 14  2  0  0  0
 14 15  1  0  0  0
 15 16  2  0  0  0
 16 17  1  0  0  0
 18 19  1  0  0  0
 19 20  1  0  0  0
 20 21  1  0  0  0
M  END
$$$$
C12=C(C3(Cc4c1cccc4)CCCC3)CN5C(=N2)SCC5
  -ISIS-

 21 25  0  0  0  0  0  0  0  0  1
    3.0288    4.1756   -1.7249  N  0  0  0  0  0
    1.9706    4.2032   -2.5889  C  0  0  0  0  0
    1.3388    2.8790   -2.8918  C  0  0  0  0  0
    0.0869    2.8027   -3.7701  C  0  0  0  0  0
   -0.6357    1.4310   -3.5814  C  0  0  0  0  0
    0.2932    0.2594   -3.4420  C  0  0  0  0  0
    1.5415    0.4388   -2.8324  C  0  0  0  0  0
    1.9881    1.7929   -2.4107  C  0  0  0  0  0
    3.0863    1.8368   -1.5798  N  0  0  0  0  0
    3.5301    2.9986   -1.2733  C  0  0  0  0  0
    4.8987    3.2522   -0.2325  S  0  0  0  0  0
    5.0869    4.9796   -0.7854  C  0  0  0  0  0
    3.6844    5.3665   -1.2273  C  0  0  0  0  0
    2.3614   -0.6873   -2.6448  C  0  0  0  0  0
    1.9492   -1.9577   -3.0535  C  0  0  0  0  0
    0.7054   -2.1239   -3.6522  C  0  0  0  0  0
   -0.1243   -1.0209   -3.8400  C  0  0  0  0  0
   -0.9874    3.8984   -3.5437  C  0  0  0  0  0
   -1.8068    3.9140   -4.8324  C  0  0  0  0  0
   -0.8500    3.4782   -5.9397  C  0  0  0  0  0
    0.4436    3.0309   -5.2550  C  0  0  0  0  0
  1 10  1  0  0  0
  1 13  1  0  0  0
  1  2  1  0  0  0
  2  3  1  0  0  0
  3  8  2  0  0  0
  3  4  1  0  0  0
  4 21  1  0  0  0
  4  5  1  0  0  0
  4 18  1  0  0  0
  5  6  1  0  0  0
  6 17  2  0  0  0
  6  7  1  0  0  0
  7  8  1  0  0  0
  7 14  2  0  0  0
  8  9  1  0  0  0
  9 10  2  0  0  0
 10 11  1  0  0  0
 11 12  1  0  0  0
 12 13  1  0  0  0
 14 15  1  0  0  0
 15 16  2  0  0  0
 16 17  1  0  0  0
 18 19  1  0  0  0
 19 20  1  0  0  0
 20 21  1  0  0  0
M  END
$$$$
C12=C(C3(Cc4c1cccc4)CCCC3)CN5C(=N2)SCC5
  -ISIS-

 21 25  0  0  0  0  0  0  0  0  1
    3.0288    4.1756   -1.7249  N  0  0  0  0  0
    1.9706    4.2032   -2.5889  C  0  0  0  0  0
    1.3388    2.8790   -2.8918  C  0  0  0  0  0
    0.0869    2.8027   -3.7701  C  0  0  0  0  0
   -0.6357    1.4310   -3.5814  C  0  0  0  0  0
    0.2932    0.2594   -3.4420  C  0  0  0  0  0
    1.5415    0.4388   -2.8324  C  0  0  0  0  0
    1.9881    1.7929   -2.4107  C  0  0  0  0  0
    3.0863    1.8368   -1.5798  N  0  0  0  0  0
    3.5301    2.9986   -1.2733  C  0  0  0  0  0
    4.8987    3.2522   -0.2325  S  0  0  0  0  0
    5.0869    4.9796   -0.7854  C  0  0  0  0  0
    3.6844    5.3665   -1.2273  C  0  0  0  0  0
    2.3614   -0.6873   -2.6448  C  0  0  0  0  0
    1.9492   -1.9577   -3.0535  C  0  0  0  0  0
    0.7054   -2.1239   -3.6522  C  0  0  0  0  0
   -0.1243   -1.0209   -3.8400  C  0  0  0  0  0
   -0.9874    3.8984   -3.5437  C  0  0  0  0  0
   -1.8068    3.9140   -4.8324  C  0  0  0  0  0
   -0.8500    3.4782   -5.9397  C  0  0  0  0  0
    0.4436    3.0309   -5.2550  C  0  0  0  0  0
  1 10  1  0  0  0
  1 13  1  0  0  0
  1  2  1  0  0  0
  2  3  1  0  0  0
  3  8  2  0  0  0
  3  4  1  0  0  0
  4 21  1  0  0  0
  4  5  1  0  0  0
  4 18  1  0  0  0
  5  6  1  0  0  0
  6 17  2  0  0  0
  6  7  1  0  0  0
  7  8  1  0  0  0
  7 14  2  0  0  0
  8  9  1  0  0  0
  9 10  2  0  0  0
 10 11  1  0  0  0
 11 12  1  0  0  0
 12 13  1  0  0  0
 14 15  1  0  0  0
 15 16  2  0  0  0
 16 17  1  0  0  0
 18 19  1  0  0  0
 19 20  1  0  0  0
 20 21  1  0  0  0
M  END
$$$$
C12=C(C3(Cc4c1cccc4)CCCC3)CN5C(=N2)SCC5
  -ISIS-

 21 25  0  0  0  0  0  0  0  0  1
   -1.7513    7.0435   -9.4101  N  0  0  0  0  0
   -1.2011    5.9431   -8.8225  C  0  0  0  0  0
   -1.7628    4.6310   -9.2684  C  0  0  0  0  0
   -1.0286    3.3308   -8.9553  C  0  0  0  0  0
   -1.5112    2.1927   -9.9081  C  0  0  0  0  0
   -2.9923    2.2011  -10.1662  C  0  0  0  0  0
   -3.6757    3.4252  -10.1959  C  0  0  0  0  0
   -2.9642    4.6930   -9.8855  C  0  0  0  0  0
   -3.6134    5.8601  -10.2200  N  0  0  0  0  0
   -2.9649    6.9523  -10.0161  C  0  0  0  0  0
   -3.6098    8.5188  -10.4134  S  0  0  0  0  0
   -2.0234    9.3528  -10.0525  C  0  0  0  0  0
   -1.2896    8.3897   -9.1454  C  0  0  0  0  0
   -5.0433    3.4203  -10.5163  C  0  0  0  0  0
   -5.7148    2.2281  -10.7968  C  0  0  0  0  0
   -5.0257    1.0201  -10.7680  C  0  0  0  0  0
   -3.6665    1.0056  -10.4614  C  0  0  0  0  0
   -1.2204    2.9211   -7.4789  C  0  0  0  0  0
   -0.0471    1.9993   -7.1380  C  0  0  0  0  0
    1.0048    2.2030   -8.2257  C  0  0  0  0  0
    0.5167    3.3834   -9.0615  C  0  0  0  0  0
  1 10  1  0  0  0
  1 13  1  0  0  0
  1  2  1  0  0  0
  2  3  1  0  0  0
  3  8  2  0  0  0
  3  4  1  0  0  0
  4 21  1  0  0  0
  4  5  1  0  0  0
  4 18  1  0  0  0
  5  6  1  0  0  0
  6 17  2  0  0  0
  6  7  1  0  0  0
  7  8  1  0  0  0
  7 14  2  0  0  0
  8  9  1  0  0  0
  9 10  2  0  0  0
 10 11  1  0  0  0
 11 12  1  0  0  0
 12 13  1  0  0  0
 14 15  1  0  0  0
 15 16  2  0  0  0
 16 17  1  0  0  0
 18 19  1  0  0  0
 19 20  1  0  0  0
 20 21  1  0  0  0
M  END
$$$$
C12=C(C3(Cc4c1cccc4)CCCC3)CN5C(=N2)SCC5
  -ISIS-

 21 25  0  0  0  0  0  0  0  0  1
   -1.7513    7.0435   -9.4101  N  0  0  0  0  0
   -1.2011    5.9431   -8.8225  C  0  0  0  0  0
   -1.7628    4.6310   -9.2684  C  0  0  0  0  0
   -1.0286    3.3308   -8.9553  C  0  0  0  0  0
   -1.5112    2.1927   -9.9081  C  0  0  0  0  0
   -2.9923    2.2011  -10.1662  C  0  0  0  0  0
   -3.6757    3.4252  -10.1959  C  0  0  0  0  0
   -2.9642    4.6930   -9.8855  C  0  0  0  0  0
   -3.6134    5.8601  -10.2200  N  0  0  0  0  0
   -2.9649    6.9523  -10.0161  C  0  0  0  0  0
   -3.6098    8.5188  -10.4134  S  0  0  0  0  0
   -2.0234    9.3528  -10.0525  C  0  0  0  0  0
   -1.2896    8.3897   -9.1454  C  0  0  0  0  0
   -5.0433    3.4203  -10.5163  C  0  0  0  0  0
   -5.7148    2.2281  -10.7968  C  0  0  0  0  0
   -5.0257    1.0201  -10.7680  C  0  0  0  0  0
   -3.6665    1.0056  -10.4614  C  0  0  0  0  0
   -1.2204    2.9211   -7.4789  C  0  0  0  0  0
   -0.0471    1.9993   -7.1380  C  0  0  0  0  0
    1.0048    2.2030   -8.2257  C  0  0  0  0  0
    0.5167    3.3834   -9.0615  C  0  0  0  0  0
  1 10  1  0  0  0
  1 13  1  0  0  0
  1  2  1  0  0  0
  2  3  1  0  0  0
  3  8  2  0  0  0
  3  4  1  0  0  0
  4 21  1  0  0  0
  4  5  1  0  0  0
  4 18  1  0  0  0
  5  6  1  0  0  0
  6 17  2  0  0  0
  6  7  1  0  0  0
  7  8  1  0  0  0
  7 14  2  0  0  0
  8  9  1  0  0  0
  9 10  2  0  0  0
 10 11  1  0  0  0
 11 12  1  0  0  0
 12 13  1  0  0  0
 14 15  1  0  0  0
 15 16  2  0  0  0
 16 17  1  0  0  0
 18 19  1  0  0  0
 19 20  1  0  0  0
 20 21  1  0  0  0
M  END
$$$$
C12=C(C3(Cc4c1cccc4)CCCC3)CN5C(=N2)SCC5
  -ISIS-

 21 25  0  0  0  0  0  0  0  0  1
   -3.7528    0.0455   -1.5955  C  0  0  0  0  0
   -4.1955    0.8466   -0.5978  C  0  0  0  0  0
   -3.6623    0.8908    0.6718  N  0  0  0  0  0
   -2.7046    0.0774    0.9221  C  0  0  0  0  0
   -1.8995   -0.0106    2.4627  S  0  0  0  0  0
   -1.1632   -1.6211    2.0669  C  0  0  0  0  0
   -1.1027   -1.6332    0.5503  C  0  0  0  0  0
   -2.1985   -0.8333    0.0516  N  0  0  0  0  0
   -2.6978   -0.9485   -1.2146  C  0  0  0  0  0
   -5.3767    1.7170   -0.8398  C  0  0  0  0  0
   -5.8265    1.9590   -2.1440  C  0  0  0  0  0
   -6.9434    2.7802   -2.3680  C  0  0  0  0  0
   -7.6293    3.3467   -1.2962  C  0  0  0  0  0
   -7.1959    3.1090    0.0034  C  0  0  0  0  0
   -6.0773    2.3034    0.2282  C  0  0  0  0  0
   -5.0498    1.4112   -3.3062  C  0  0  0  0  0
   -4.3288    0.0567   -3.0144  C  0  0  0  0  0
   -5.2938   -1.1305   -3.2234  C  0  0  0  0  0
   -5.3735   -1.3533   -4.7354  C  0  0  0  0  0
   -4.1797   -0.6274   -5.3513  C  0  0  0  0  0
   -3.3234   -0.1617   -4.1755  C  0  0  0  0  0
  1  9  1  0  0  0
  1 17  1  0  0  0
  1  2  2  0  0  0
  2  3  1  0  0  0
  2 10  1  0  0  0
  3  4  2  0  0  0
  4  8  1  0  0  0
  4  5  1  0  0  0
  5  6  1  0  0  0
  6  7  1  0  0  0
  7  8  1  0  0  0
  8  9  1  0  0  0
 10 15  2  0  0  0
 10 11  1  0  0  0
 11 12  2  0  0  0
 11 16  1  0  0  0
 12 13  1  0  0  0
 13 14  2  0  0  0
 14 15  1  0  0  0
 16 17  1  0  0  0
 17 21  1  0  0  0
 17 18  1  0  0  0
 18 19  1  0  0  0
 19 20  1  0  0  0
 20 21  1  0  0  0
M  END
$$$$
C12=C(C3(Cc4c1cccc4)CCCC3)CN5C(=N2)SCC5
  -ISIS-

 21 25  0  0  0  0  0  0  0  0  1
    3.4914    0.5757   -4.3543  N  0  0  0  0  0
    4.2310    0.0089   -5.3543  C  0  0  0  0  0
    5.5913    0.5918   -5.5636  C  0  0  0  0  0
    6.0570    1.3593   -4.5518  C  0  0  0  0  0
    5.3276    1.7142   -3.4382  N  0  0  0  0  0
    4.1057    1.3282   -3.4043  C  0  0  0  0  0
    3.0231    1.7119   -2.0995  S  0  0  0  0  0
    1.5749    1.0658   -2.9975  C  0  0  0  0  0
    2.1774    0.0944   -3.9952  C  0  0  0  0  0
    7.4675    1.8259   -4.5944  C  0  0  0  0  0
    8.1002    2.3300   -3.4456  C  0  0  0  0  0
    9.4287    2.7592   -3.4830  C  0  0  0  0  0
   10.1447    2.6969   -4.6735  C  0  0  0  0  0
    9.5322    2.2066   -5.8247  C  0  0  0  0  0
    8.2012    1.7616   -5.7871  C  0  0  0  0  0
    7.5262    1.2967   -7.0468  C  0  0  0  0  0
    6.4001    0.2415   -6.8117  C  0  0  0  0  0
    5.5991    0.1382   -8.1349  C  0  0  0  0  0
    6.4769   -0.7043   -9.0571  C  0  0  0  0  0
    7.2740   -1.6307   -8.1417  C  0  0  0  0  0
    6.9979   -1.1782   -6.7060  C  0  0  0  0  0
  1  6  1  0  0  0
  1  9  1  0  0  0
  1  2  1  0  0  0
  2  3  1  0  0  0
  3 17  1  0  0  0
  3  4  2  0  0  0
  4  5  1  0  0  0
  4 10  1  0  0  0
  5  6  2  0  0  0
  6  7  1  0  0  0
  7  8  1  0  0  0
  8  9  1  0  0  0
 10 15  2  0  0  0
 10 11  1  0  0  0
 11 12  2  0  0  0
 12 13  1  0  0  0
 13 14  2  0  0  0
 14 15  1  0  0  0
 15 16  1  0  0  0
 16 17  1  0  0  0
 17 21  1  0  0  0
 17 18  1  0  0  0
 18 19  1  0  0  0
 19 20  1  0  0  0
 20 21  1  0  0  0
M  END
$$$$
C12=C(C3(Cc4c1cccc4)CCCC3)CN5C(=N2)SCC5
  -ISIS-

 21 25  0  0  0  0  0  0  0  0  1
    3.4914    0.5757   -4.3543  N  0  0  0  0  0
    4.2310    0.0089   -5.3543  C  0  0  0  0  0
    5.5913    0.5918   -5.5636  C  0  0  0  0  0
    6.0570    1.3593   -4.5518  C  0  0  0  0  0
    5.3276    1.7142   -3.4382  N  0  0  0  0  0
    4.1057    1.3282   -3.4043  C  0  0  0  0  0
    3.0231    1.7119   -2.0995  S  0  0  0  0  0
    1.5749    1.0658   -2.9975  C  0  0  0  0  0
    2.1774    0.0944   -3.9952  C  0  0  0  0  0
    7.4675    1.8259   -4.5944  C  0  0  0  0  0
    8.1002    2.3300   -3.4456  C  0  0  0  0  0
    9.4287    2.7592   -3.4830  C  0  0  0  0  0
   10.1447    2.6969   -4.6735  C  0  0  0  0  0
    9.5322    2.2066   -5.8247  C  0  0  0  0  0
    8.2012    1.7616   -5.7871  C  0  0  0  0  0
    7.5262    1.2967   -7.0468  C  0  0  0  0  0
    6.4001    0.2415   -6.8117  C  0  0  0  0  0
    5.5991    0.1382   -8.1349  C  0  0  0  0  0
    6.4769   -0.7043   -9.0571  C  0  0  0  0  0
    7.2740   -1.6307   -8.1417  C  0  0  0  0  0
    6.9979   -1.1782   -6.7060  C  0  0  0  0  0
  1  6  1  0  0  0
  1  9  1  0  0  0
  1  2  1  0  0  0
  2  3  1  0  0  0
  3 17  1  0  0  0
  3  4  2  0  0  0
  4  5  1  0  0  0
  4 10  1  0  0  0
  5  6  2  0  0  0
  6  7  1  0  0  0
  7  8  1  0  0  0
  8  9  1  0  0  0
 10 15  2  0  0  0
 10 11  1  0  0  0
 11 12  2  0  0  0
 12 13  1  0  0  0
 13 14  2  0  0  0
 14 15  1  0  0  0
 15 16  1  0  0  0
 16 17  1  0  0  0
 17 21  1  0  0  0
 17 18  1  0  0  0
 18 19  1  0  0  0
 19 20  1  0  0  0
 20 21  1  0  0  0
M  END
$$$$
C12=C(C3(Cc4c1cccc4)CCCC3)CN5C(=N2)SCC5
  -ISIS-

 21 25  0  0  0  0  0  0  0  0  1
    2.4384   -2.1746   -1.5447  N  0  0  0  0  0
    3.2361   -1.1108   -1.2278  C  0  0  0  0  0
    3.2399   -0.7043    0.2118  C  0  0  0  0  0
    2.3820   -1.3751    1.0186  C  0  0  0  0  0
    1.5284   -2.3733    0.6065  N  0  0  0  0  0
    1.6017   -2.7207   -0.6249  C  0  0  0  0  0
    0.6188   -3.9759   -1.3185  S  0  0  0  0  0
    1.6200   -4.0396   -2.8466  C  0  0  0  0  0
    2.2706   -2.6557   -2.8990  C  0  0  0  0  0
    2.3595   -1.0529    2.4719  C  0  0  0  0  0
    1.7731   -1.9229    3.4047  C  0  0  0  0  0
    1.7454   -1.6062    4.7648  C  0  0  0  0  0
    2.2968   -0.4092    5.2115  C  0  0  0  0  0
    2.8772    0.4702    4.3000  C  0  0  0  0  0
    2.9196    0.1476    2.9357  C  0  0  0  0  0
    3.5050    1.1093    1.9404  C  0  0  0  0  0
    4.1827    0.3900    0.7445  C  0  0  0  0  0
    5.5319   -0.2357    1.1748  C  0  0  0  0  0
    6.3823   -0.2227   -0.0851  C  0  0  0  0  0
    6.0259    1.0900   -0.7670  C  0  0  0  0  0
    4.6348    1.4849   -0.2574  C  0  0  0  0  0
  1  6  1  0  0  0
  1  9  1  0  0  0
  1  2  1  0  0  0
  2  3  1  0  0  0
  3 17  1  0  0  0
  3  4  2  0  0  0
  4  5  1  0  0  0
  4 10  1  0  0  0
  5  6  2  0  0  0
  6  7  1  0  0  0
  7  8  1  0  0  0
  8  9  1  0  0  0
 10 15  2  0  0  0
 10 11  1  0  0  0
 11 12  2  0  0  0
 12 13  1  0  0  0
 13 14  2  0  0  0
 14 15  1  0  0  0
 15 16  1  0  0  0
 16 17  1  0  0  0
 17 21  1  0  0  0
 17 18  1  0  0  0
 18 19  1  0  0  0
 19 20  1  0  0  0
 20 21  1  0  0  0
M  END
$$$$
C12=C(C3(Cc4c1cccc4)CCCC3)CN5C(=N2)SCC5
  -ISIS-

 21 25  0  0  0  0  0  0  0  0  1
    2.4384   -2.1746   -1.5447  N  0  0  0  0  0
    3.2361   -1.1108   -1.2278  C  0  0  0  0  0
    3.2399   -0.7043    0.2118  C  0  0  0  0  0
    2.3820   -1.3751    1.0186  C  0  0  0  0  0
    1.5284   -2.3733    0.6065  N  0  0  0  0  0
    1.6017   -2.7207   -0.6249  C  0  0  0  0  0
    0.6188   -3.9759   -1.3185  S  0  0  0  0  0
    1.6200   -4.0396   -2.8466  C  0  0  0  0  0
    2.2706   -2.6557   -2.8990  C  0  0  0  0  0
    2.3595   -1.0529    2.4719  C  0  0  0  0  0
    1.7731   -1.9229    3.4047  C  0  0  0  0  0
    1.7454   -1.6062    4.7648  C  0  0  0  0  0
    2.2968   -0.4092    5.2115  C  0  0  0  0  0
    2.8772    0.4702    4.3000  C  0  0  0  0  0
    2.9196    0.1476    2.9357  C  0  0  0  0  0
    3.5050    1.1093    1.9404  C  0  0  0  0  0
    4.1827    0.3900    0.7445  C  0  0  0  0  0
    5.5319   -0.2357    1.1748  C  0  0  0  0  0
    6.3823   -0.2227   -0.0851  C  0  0  0  0  0
    6.0259    1.0900   -0.7670  C  0  0  0  0  0
    4.6348    1.4849   -0.2574  C  0  0  0  0  0
  1  6  1  0  0  0
  1  9  1  0  0  0
  1  2  1  0  0  0
  2  3  1  0  0  0
  3 17  1  0  0  0
  3  4  2  0  0  0
  4  5  1  0  0  0
  4 10  1  0  0  0
  5  6  2  0  0  0
  6  7  1  0  0  0
  7  8  1  0  0  0
  8  9  1  0  0  0
 10 15  2  0  0  0
 10 11  1  0  0  0
 11 12  2  0  0  0
 12 13  1  0  0  0
 13 14  2  0  0  0
 14 15  1  0  0  0
 15 16  1  0  0  0
 16 17  1  0  0  0
 17 21  1  0  0  0
 17 18  1  0  0  0
 18 19  1  0  0  0
 19 20  1  0  0  0
 20 21  1  0  0  0
M  END
$$$$
C12=C(C3(Cc4c1cccc4)CCCC3)CN5C(=N2)SCC5
  -ISIS-

 21 25  0  0  0  0  0  0  0  0  1
    4.2020   -2.6131    0.0516  N  0  0  0  0  0
    5.2254   -2.4347   -0.8342  C  0  0  0  0  0
    6.3642   -1.5894   -0.3502  C  0  0  0  0  0
    6.2520   -1.0968    0.9045  C  0  0  0  0  0
    5.1407   -1.2326    1.7041  N  0  0  0  0  0
    4.2021   -1.9892    1.2588  C  0  0  0  0  0
    2.7239   -2.2681    2.1312  S  0  0  0  0  0
    2.2330   -3.6318    1.0190  C  0  0  0  0  0
    3.0276   -3.4056   -0.2493  C  0  0  0  0  0
    7.4178   -0.3987    1.5108  C  0  0  0  0  0
    7.4881   -0.1725    2.8954  C  0  0  0  0  0
    8.5864    0.4744    3.4666  C  0  0  0  0  0
    9.6317    0.9115    2.6596  C  0  0  0  0  0
    9.5785    0.7005    1.2834  C  0  0  0  0  0
    8.4822    0.0380    0.7092  C  0  0  0  0  0
    8.3952   -0.1355   -0.7798  C  0  0  0  0  0
    7.6050   -1.4005   -1.2257  C  0  0  0  0  0
    8.5003   -2.6663   -1.1269  C  0  0  0  0  0
    9.1090   -2.8395   -2.5113  C  0  0  0  0  0
    7.9721   -2.4487   -3.4362  C  0  0  0  0  0
    7.3574   -1.2265   -2.7594  C  0  0  0  0  0
  1  6  1  0  0  0
  1  9  1  0  0  0
  1  2  1  0  0  0
  2  3  1  0  0  0
  3 17  1  0  0  0
  3  4  2  0  0  0
  4  5  1  0  0  0
  4 10  1  0  0  0
  5  6  2  0  0  0
  6  7  1  0  0  0
  7  8  1  0  0  0
  8  9  1  0  0  0
 10 15  2  0  0  0
 10 11  1  0  0  0
 11 12  2  0  0  0
 12 13  1  0  0  0
 13 14  2  0  0  0
 14 15  1  0  0  0
 15 16  1  0  0  0
 16 17  1  0  0  0
 17 21  1  0  0  0
 17 18  1  0  0  0
 18 19  1  0  0  0
 19 20  1  0  0  0
 20 21  1  0  0  0
M  END
$$$$
C12=C(C3(Cc4c1cccc4)CCCC3)CN5C(=N2)SCC5
  -ISIS-

 21 25  0  0  0  0  0  0  0  0  1
    4.2020   -2.6131    0.0516  N  0  0  0  0  0
    5.2254   -2.4347   -0.8342  C  0  0  0  0  0
    6.3642   -1.5894   -0.3502  C  0  0  0  0  0
    6.2520   -1.0968    0.9045  C  0  0  0  0  0
    5.1407   -1.2326    1.7041  N  0  0  0  0  0
    4.2021   -1.9892    1.2588  C  0  0  0  0  0
    2.7239   -2.2681    2.1312  S  0  0  0  0  0
    2.2330   -3.6318    1.0190  C  0  0  0  0  0
    3.0276   -3.4056   -0.2493  C  0  0  0  0  0
    7.4178   -0.3987    1.5108  C  0  0  0  0  0
    7.4881   -0.1725    2.8954  C  0  0  0  0  0
    8.5864    0.4744    3.4666  C  0  0  0  0  0
    9.6317    0.9115    2.6596  C  0  0  0  0  0
    9.5785    0.7005    1.2834  C  0  0  0  0  0
    8.4822    0.0380    0.7092  C  0  0  0  0  0
    8.3952   -0.1355   -0.7798  C  0  0  0  0  0
    7.6050   -1.4005   -1.2257  C  0  0  0  0  0
    8.5003   -2.6663   -1.1269  C  0  0  0  0  0
    9.1090   -2.8395   -2.5113  C  0  0  0  0  0
    7.9721   -2.4487   -3.4362  C  0  0  0  0  0
    7.3574   -1.2265   -2.7594  C  0  0  0  0  0
  1  6  1  0  0  0
  1  9  1  0  0  0
  1  2  1  0  0  0
  2  3  1  0  0  0
  3 17  1  0  0  0
  3  4  2  0  0  0
  4  5  1  0  0  0
  4 10  1  0  0  0
  5  6  2  0  0  0
  6  7  1  0  0  0
  7  8  1  0  0  0
  8  9  1  0  0  0
 10 15  2  0  0  0
 10 11  1  0  0  0
 11 12  2  0  0  0
 12 13  1  0  0  0
 13 14  2  0  0  0
 14 15  1  0  0  0
 15 16  1  0  0  0
 16 17  1  0  0  0
 17 21  1  0  0  0
 17 18  1  0  0  0
 18 19  1  0  0  0
 19 20  1  0  0  0
 20 21  1  0  0  0
M  END
$$$$
C12=C(C3(Cc4c1cccc4)CCCC3)CN5C(=N2)SCC5
  -ISIS-

 21 25  0  0  0  0  0  0  0  0  1
    1.6620    6.1556   -0.8459  N  0  0  0  0  0
    1.5295    7.3762   -0.2463  C  0  0  0  0  0
    0.2228    7.6247    0.4350  C  0  0  0  0  0
   -0.7779    6.7782    0.1005  C  0  0  0  0  0
   -0.6318    5.6739   -0.7103  N  0  0  0  0  0
    0.5570    5.4090   -1.1105  C  0  0  0  0  0
    0.9397    4.0407   -2.1162  S  0  0  0  0  0
    2.7330    4.3000   -1.9221  C  0  0  0  0  0
    2.8526    5.7710   -1.5727  C  0  0  0  0  0
   -2.1531    7.0642    0.5870  C  0  0  0  0  0
   -3.2712    6.4343    0.0152  C  0  0  0  0  0
   -4.5642    6.7120    0.4645  C  0  0  0  0  0
   -4.7592    7.6207    1.4990  C  0  0  0  0  0
   -3.6622    8.2494    2.0839  C  0  0  0  0  0
   -2.3623    7.9825    1.6255  C  0  0  0  0  0
   -1.1788    8.6108    2.3059  C  0  0  0  0  0
    0.0525    8.8210    1.3698  C  0  0  0  0  0
   -0.0880   10.1346    0.5708  C  0  0  0  0  0
    0.3023   11.2589    1.5325  C  0  0  0  0  0
    1.0643   10.6081    2.6846  C  0  0  0  0  0
    1.2605    9.1477    2.2843  C  0  0  0  0  0
  1  6  1  0  0  0
  1  9  1  0  0  0
  1  2  1  0  0  0
  2  3  1  0  0  0
  3 17  1  0  0  0
  3  4  2  0  0  0
  4  5  1  0  0  0
  4 10  1  0  0  0
  5  6  2  0  0  0
  6  7  1  0  0  0
  7  8  1  0  0  0
  8  9  1  0  0  0
 10 15  2  0  0  0
 10 11  1  0  0  0
 11 12  2  0  0  0
 12 13  1  0  0  0
 13 14  2  0  0  0
 14 15  1  0  0  0
 15 16  1  0  0  0
 16 17  1  0  0  0
 17 21  1  0  0  0
 17 18  1  0  0  0
 18 19  1  0  0  0
 19 20  1  0  0  0
 20 21  1  0  0  0
M  END
$$$$
C12=C(C3(Cc4c1cccc4)CCCC3)CN5C(=N2)SCC5
  -ISIS-

 21 25  0  0  0  0  0  0  0  0  1
    1.6620    6.1556   -0.8459  N  0  0  0  0  0
    1.5295    7.3762   -0.2463  C  0  0  0  0  0
    0.2228    7.6247    0.4350  C  0  0  0  0  0
   -0.7779    6.7782    0.1005  C  0  0  0  0  0
   -0.6318    5.6739   -0.7103  N  0  0  0  0  0
    0.5570    5.4090   -1.1105  C  0  0  0  0  0
    0.9397    4.0407   -2.1162  S  0  0  0  0  0
    2.7330    4.3000   -1.9221  C  0  0  0  0  0
    2.8526    5.7710   -1.5727  C  0  0  0  0  0
   -2.1531    7.0642    0.5870  C  0  0  0  0  0
   -3.2712    6.4343    0.0152  C  0  0  0  0  0
   -4.5642    6.7120    0.4645  C  0  0  0  0  0
   -4.7592    7.6207    1.4990  C  0  0  0  0  0
   -3.6622    8.2494    2.0839  C  0  0  0  0  0
   -2.3623    7.9825    1.6255  C  0  0  0  0  0
   -1.1788    8.6108    2.3059  C  0  0  0  0  0
    0.0525    8.8210    1.3698  C  0  0  0  0  0
   -0.0880   10.1346    0.5708  C  0  0  0  0  0
    0.3023   11.2589    1.5325  C  0  0  0  0  0
    1.0643   10.6081    2.6846  C  0  0  0  0  0
    1.2605    9.1477    2.2843  C  0  0  0  0  0
  1  6  1  0  0  0
  1  9  1  0  0  0
  1  2  1  0  0  0
  2  3  1  0  0  0
  3 17  1  0  0  0
  3  4  2  0  0  0
  4  5  1  0  0  0
  4 10  1  0  0  0
  5  6  2  0  0  0
  6  7  1  0  0  0
  7  8  1  0  0  0
  8  9  1  0  0  0
 10 15  2  0  0  0
 10 11  1  0  0  0
 11 12  2  0  0  0
 12 13  1  0  0  0
 13 14  2  0  0  0
 14 15  1  0  0  0
 15 16  1  0  0  0
 16 17  1  0  0  0
 17 21  1  0  0  0
 17 18  1  0  0  0
 18 19  1  0  0  0
 19 20  1  0  0  0
 20 21  1  0  0  0
M  END
$$$$
C12=C(C3(Cc4c1cccc4)CCCC3)CN5C(=N2)SCC5
  -ISIS-

 21 25  0  0  0  0  0  0  0  0  1
    2.4088    2.8155    1.3158  N  0  0  0  0  0
    1.3960    3.4950    0.7015  C  0  0  0  0  0
    1.8040    4.7295   -0.0410  C  0  0  0  0  0
    3.1264    4.8455   -0.2983  C  0  0  0  0  0
    4.0951    3.9921    0.1775  N  0  0  0  0  0
    3.7007    3.0501    0.9575  C  0  0  0  0  0
    4.7887    1.9138    1.6955  S  0  0  0  0  0
    3.4706    1.2639    2.7927  C  0  0  0  0  0
    2.2023    1.5689    2.0287  C  0  0  0  0  0
    3.5919    5.9371   -1.1938  C  0  0  0  0  0
    4.8757    5.9095   -1.7637  C  0  0  0  0  0
    5.3103    6.9286   -2.6142  C  0  0  0  0  0
    4.4684    7.9972   -2.9034  C  0  0  0  0  0
    3.1942    8.0458   -2.3419  C  0  0  0  0  0
    2.7498    7.0155   -1.4979  C  0  0  0  0  0
    1.4015    7.1039   -0.8407  C  0  0  0  0  0
    0.7495    5.7181   -0.5363  C  0  0  0  0  0
   -0.4396    5.9869    0.4218  C  0  0  0  0  0
   -1.5458    6.5382   -0.4746  C  0  0  0  0  0
   -1.3184    5.9144   -1.8496  C  0  0  0  0  0
    0.0199    5.1749   -1.7841  C  0  0  0  0  0
  1  6  1  0  0  0
  1  9  1  0  0  0
  1  2  1  0  0  0
  2  3  1  0  0  0
  3 17  1  0  0  0
  3  4  2  0  0  0
  4  5  1  0  0  0
  4 10  1  0  0  0
  5  6  2  0  0  0
  6  7  1  0  0  0
  7  8  1  0  0  0
  8  9  1  0  0  0
 10 15  2  0  0  0
 10 11  1  0  0  0
 11 12  2  0  0  0
 12 13  1  0  0  0
 13 14  2  0  0  0
 14 15  1  0  0  0
 15 16  1  0  0  0
 16 17  1  0  0  0
 17 21  1  0  0  0
 17 18  1  0  0  0
 18 19  1  0  0  0
 19 20  1  0  0  0
 20 21  1  0  0  0
M  END
$$$$
C12=C(C3(Cc4c1cccc4)CCCC3)CN5C(=N2)SCC5
  -ISIS-

 21 25  0  0  0  0  0  0  0  0  1
    2.4088    2.8155    1.3158  N  0  0  0  0  0
    1.3960    3.4950    0.7015  C  0  0  0  0  0
    1.8040    4.7295   -0.0410  C  0  0  0  0  0
    3.1264    4.8455   -0.2983  C  0  0  0  0  0
    4.0951    3.9921    0.1775  N  0  0  0  0  0
    3.7007    3.0501    0.9575  C  0  0  0  0  0
    4.7887    1.9138    1.6955  S  0  0  0  0  0
    3.4706    1.2639    2.7927  C  0  0  0  0  0
    2.2023    1.5689    2.0287  C  0  0  0  0  0
    3.5919    5.9371   -1.1938  C  0  0  0  0  0
    4.8757    5.9095   -1.7637  C  0  0  0  0  0
    5.3103    6.9286   -2.6142  C  0  0  0  0  0
    4.4684    7.9972   -2.9034  C  0  0  0  0  0
    3.1942    8.0458   -2.3419  C  0  0  0  0  0
    2.7498    7.0155   -1.4979  C  0  0  0  0  0
    1.4015    7.1039   -0.8407  C  0  0  0  0  0
    0.7495    5.7181   -0.5363  C  0  0  0  0  0
   -0.4396    5.9869    0.4218  C  0  0  0  0  0
   -1.5458    6.5382   -0.4746  C  0  0  0  0  0
   -1.3184    5.9144   -1.8496  C  0  0  0  0  0
    0.0199    5.1749   -1.7841  C  0  0  0  0  0
  1  6  1  0  0  0
  1  9  1  0  0  0
  1  2  1  0  0  0
  2  3  1  0  0  0
  3 17  1  0  0  0
  3  4  2  0  0  0
  4  5  1  0  0  0
  4 10  1  0  0  0
  5  6  2  0  0  0
  6  7  1  0  0  0
  7  8  1  0  0  0
  8  9  1  0  0  0
 10 15  2  0  0  0
 10 11  1  0  0  0
 11 12  2  0  0  0
 12 13  1  0  0  0
 13 14  2  0  0  0
 14 15  1  0  0  0
 15 16  1  0  0  0
 16 17  1  0  0  0
 17 21  1  0  0  0
 17 18  1  0  0  0
 18 19  1  0  0  0
 19 20  1  0  0  0
 20 21  1  0  0  0
M  END
$$$$
C12=C(C3(Cc4c1cccc4)CCCC3)CN5C(=N2)SCC5
  -ISIS-

 21 25  0  0  0  0  0  0  0  0  1
    2.7665    2.5166    1.8209  C  0  0  0  0  0
    3.2318    3.7636    2.0695  C  0  0  0  0  0
    3.2250    4.8017    1.1637  N  0  0  0  0  0
    2.6973    4.5643    0.0207  C  0  0  0  0  0
    2.6013    5.7447   -1.2547  S  0  0  0  0  0
    1.3615    4.7746   -2.1571  C  0  0  0  0  0
    1.6120    3.3479   -1.7036  C  0  0  0  0  0
    2.1266    3.3906   -0.3535  N  0  0  0  0  0
    2.0764    2.3284    0.5039  C  0  0  0  0  0
    3.7462    4.0859    3.4271  C  0  0  0  0  0
    4.0527    3.0625    4.3330  C  0  0  0  0  0
    4.5362    3.3712    5.6148  C  0  0  0  0  0
    4.6973    4.6979    6.0076  C  0  0  0  0  0
    4.3910    5.7227    5.1193  C  0  0  0  0  0
    3.9225    5.4179    3.8393  C  0  0  0  0  0
    3.9502    1.6311    3.8917  C  0  0  0  0  0
    2.8367    1.3658    2.8289  C  0  0  0  0  0
    1.4692    1.1531    3.5136  C  0  0  0  0  0
    1.4787   -0.2814    4.0470  C  0  0  0  0  0
    2.6106   -1.0114    3.3276  C  0  0  0  0  0
    3.1109   -0.0483    2.2530  C  0  0  0  0  0
  1  9  1  0  0  0
  1 17  1  0  0  0
  1  2  2  0  0  0
  2  3  1  0  0  0
  2 10  1  0  0  0
  3  4  2  0  0  0
  4  8  1  0  0  0
  4  5  1  0  0  0
  5  6  1  0  0  0
  6  7  1  0  0  0
  7  8  1  0  0  0
  8  9  1  0  0  0
 10 15  2  0  0  0
 10 11  1  0  0  0
 11 12  2  0  0  0
 11 16  1  0  0  0
 12 13  1  0  0  0
 13 14  2  0  0  0
 14 15  1  0  0  0
 16 17  1  0  0  0
 17 21  1  0  0  0
 17 18  1  0  0  0
 18 19  1  0  0  0
 19 20  1  0  0  0
 20 21  1  0  0  0
M  END
$$$$
C12=C(C3(Cc4c1cccc4)CCCC3)CN5C(=N2)SCC5
  -ISIS-

 21 25  0  0  0  0  0  0  0  0  1
    4.1372   -0.2680    8.5509  N  0  0  0  0  0
    4.5929    0.9332    8.0828  C  0  0  0  0  0
    4.4722    1.1461    6.6067  C  0  0  0  0  0
    3.8358    0.1678    5.9174  C  0  0  0  0  0
    3.3017   -0.9717    6.4759  N  0  0  0  0  0
    3.4778   -1.1312    7.7350  C  0  0  0  0  0
    2.8888   -2.5158    8.6085  S  0  0  0  0  0
    3.8931   -2.1095   10.0754  C  0  0  0  0  0
    4.1113   -0.6020    9.9585  C  0  0  0  0  0
    3.7140    0.2912    4.4387  C  0  0  0  0  0
    3.3929   -0.8153    3.6366  C  0  0  0  0  0
    3.2686   -0.6872    2.2512  C  0  0  0  0  0
    3.4550    0.5526    1.6478  C  0  0  0  0  0
    3.7673    1.6639    2.4280  C  0  0  0  0  0
    3.9074    1.5349    3.8175  C  0  0  0  0  0
    4.2001    2.7364    4.6711  C  0  0  0  0  0
    5.0603    2.3895    5.9147  C  0  0  0  0  0
    5.1844    3.6815    6.7650  C  0  0  0  0  0
    6.6328    3.7635    7.2606  C  0  0  0  0  0
    7.3470    2.5326    6.7226  C  0  0  0  0  0
    6.5301    2.1243    5.5072  C  0  0  0  0  0
  1  6  1  0  0  0
  1  9  1  0  0  0
  1  2  1  0  0  0
  2  3  1  0  0  0
  3 17  1  0  0  0
  3  4  2  0  0  0
  4  5  1  0  0  0
  4 10  1  0  0  0
  5  6  2  0  0  0
  6  7  1  0  0  0
  7  8  1  0  0  0
  8  9  1  0  0  0
 10 15  2  0  0  0
 10 11  1  0  0  0
 11 12  2  0  0  0
 12 13  1  0  0  0
 13 14  2  0  0  0
 14 15  1  0  0  0
 15 16  1  0  0  0
 16 17  1  0  0  0
 17 21  1  0  0  0
 17 18  1  0  0  0
 18 19  1  0  0  0
 19 20  1  0  0  0
 20 21  1  0  0  0
M  END
$$$$
C12=C(C3(Cc4c1cccc4)CCCC3)CN5C(=N2)SCC5
  -ISIS-

 21 25  0  0  0  0  0  0  0  0  1
    4.1372   -0.2680    8.5509  N  0  0  0  0  0
    4.5929    0.9332    8.0828  C  0  0  0  0  0
    4.4722    1.1461    6.6067  C  0  0  0  0  0
    3.8358    0.1678    5.9174  C  0  0  0  0  0
    3.3017   -0.9717    6.4759  N  0  0  0  0  0
    3.4778   -1.1312    7.7350  C  0  0  0  0  0
    2.8888   -2.5158    8.6085  S  0  0  0  0  0
    3.8931   -2.1095   10.0754  C  0  0  0  0  0
    4.1113   -0.6020    9.9585  C  0  0  0  0  0
    3.7140    0.2912    4.4387  C  0  0  0  0  0
    3.3929   -0.8153    3.6366  C  0  0  0  0  0
    3.2686   -0.6872    2.2512  C  0  0  0  0  0
    3.4550    0.5526    1.6478  C  0  0  0  0  0
    3.7673    1.6639    2.4280  C  0  0  0  0  0
    3.9074    1.5349    3.8175  C  0  0  0  0  0
    4.2001    2.7364    4.6711  C  0  0  0  0  0
    5.0603    2.3895    5.9147  C  0  0  0  0  0
    5.1844    3.6815    6.7650  C  0  0  0  0  0
    6.6328    3.7635    7.2606  C  0  0  0  0  0
    7.3470    2.5326    6.7226  C  0  0  0  0  0
    6.5301    2.1243    5.5072  C  0  0  0  0  0
  1  6  1  0  0  0
  1  9  1  0  0  0
  1  2  1  0  0  0
  2  3  1  0  0  0
  3 17  1  0  0  0
  3  4  2  0  0  0
  4  5  1  0  0  0
  4 10  1  0  0  0
  5  6  2  0  0  0
  6  7  1  0  0  0
  7  8  1  0  0  0
  8  9  1  0  0  0
 10 15  2  0  0  0
 10 11  1  0  0  0
 11 12  2  0  0  0
 12 13  1  0  0  0
 13 14  2  0  0  0
 14 15  1  0  0  0
 15 16  1  0  0  0
 16 17  1  0  0  0
 17 21  1  0  0  0
 17 18  1  0  0  0
 18 19  1  0  0  0
 19 20  1  0  0  0
 20 21  1  0  0  0
M  END
$$$$
C12=C(C3(Cc4c1cccc4)CCCC3)CN5C(=N2)SCC5
  -ISIS-

 21 25  0  0  0  0  0  0  0  0  1
    1.7453    0.7696   -3.2570  N  0  0  0  0  0
    1.9930   -0.5152   -3.6477  C  0  0  0  0  0
    2.3980   -1.4555   -2.5551  C  0  0  0  0  0
    2.1513   -1.0281   -1.2962  C  0  0  0  0  0
    1.6875    0.2258   -0.9713  N  0  0  0  0  0
    1.5272    1.0508   -1.9433  C  0  0  0  0  0
    1.0033    2.6920   -1.7160  S  0  0  0  0  0
    1.3866    3.1247   -3.4565  C  0  0  0  0  0
    1.2875    1.7973   -4.1731  C  0  0  0  0  0
    2.3429   -1.9735   -0.1650  C  0  0  0  0  0
    1.7934   -1.7102    1.1009  C  0  0  0  0  0
    1.9635   -2.6025    2.1618  C  0  0  0  0  0
    2.6926   -3.7720    1.9747  C  0  0  0  0  0
    3.2510   -4.0473    0.7282  C  0  0  0  0  0
    3.0702   -3.1583   -0.3435  C  0  0  0  0  0
    3.7309   -3.4238   -1.6666  C  0  0  0  0  0
    2.9630   -2.8344   -2.8919  C  0  0  0  0  0
    3.9347   -2.8985   -4.0984  C  0  0  0  0  0
    3.9190   -4.3615   -4.5346  C  0  0  0  0  0
    2.5359   -4.8923   -4.1651  C  0  0  0  0  0
    1.8459   -3.7979   -3.3475  C  0  0  0  0  0
  1  6  1  0  0  0
  1  9  1  0  0  0
  1  2  1  0  0  0
  2  3  1  0  0  0
  3 17  1  0  0  0
  3  4  2  0  0  0
  4  5  1  0  0  0
  4 10  1  0  0  0
  5  6  2  0  0  0
  6  7  1  0  0  0
  7  8  1  0  0  0
  8  9  1  0  0  0
 10 15  2  0  0  0
 10 11  1  0  0  0
 11 12  2  0  0  0
 12 13  1  0  0  0
 13 14  2  0  0  0
 14 15  1  0  0  0
 15 16  1  0  0  0
 16 17  1  0  0  0
 17 21  1  0  0  0
 17 18  1  0  0  0
 18 19  1  0  0  0
 19 20  1  0  0  0
 20 21  1  0  0  0
M  END
$$$$
C12=C(C3(Cc4c1cccc4)CCCC3)CN5C(=N2)SCC5
  -ISIS-

 21 25  0  0  0  0  0  0  0  0  1
    1.7453    0.7696   -3.2570  N  0  0  0  0  0
    1.9930   -0.5152   -3.6477  C  0  0  0  0  0
    2.3980   -1.4555   -2.5551  C  0  0  0  0  0
    2.1513   -1.0281   -1.2962  C  0  0  0  0  0
    1.6875    0.2258   -0.9713  N  0  0  0  0  0
    1.5272    1.0508   -1.9433  C  0  0  0  0  0
    1.0033    2.6920   -1.7160  S  0  0  0  0  0
    1.3866    3.1247   -3.4565  C  0  0  0  0  0
    1.2875    1.7973   -4.1731  C  0  0  0  0  0
    2.3429   -1.9735   -0.1650  C  0  0  0  0  0
    1.7934   -1.7102    1.1009  C  0  0  0  0  0
    1.9635   -2.6025    2.1618  C  0  0  0  0  0
    2.6926   -3.7720    1.9747  C  0  0  0  0  0
    3.2510   -4.0473    0.7282  C  0  0  0  0  0
    3.0702   -3.1583   -0.3435  C  0  0  0  0  0
    3.7309   -3.4238   -1.6666  C  0  0  0  0  0
    2.9630   -2.8344   -2.8919  C  0  0  0  0  0
    3.9347   -2.8985   -4.0984  C  0  0  0  0  0
    3.9190   -4.3615   -4.5346  C  0  0  0  0  0
    2.5359   -4.8923   -4.1651  C  0  0  0  0  0
    1.8459   -3.7979   -3.3475  C  0  0  0  0  0
  1  6  1  0  0  0
  1  9  1  0  0  0
  1  2  1  0  0  0
  2  3  1  0  0  0
  3 17  1  0  0  0
  3  4  2  0  0  0
  4  5  1  0  0  0
  4 10  1  0  0  0
  5  6  2  0  0  0
  6  7  1  0  0  0
  7  8  1  0  0  0
  8  9  1  0  0  0
 10 15  2  0  0  0
 10 11  1  0  0  0
 11 12  2  0  0  0
 12 13  1  0  0  0
 13 14  2  0  0  0
 14 15  1  0  0  0
 15 16  1  0  0  0
 16 17  1  0  0  0
 17 21  1  0  0  0
 17 18  1  0  0  0
 18 19  1  0  0  0
 19 20  1  0  0  0
 20 21  1  0  0  0
M  END
$$$$
C12=C(C3(Cc4c1cccc4)CCCC3)CN5C(=N2)SCC5
  -ISIS-

 21 25  0  0  0  0  0  0  0  0  1
    6.3958    2.5936   -2.8721  C  0  0  0  0  0
    7.0220    2.7554   -1.6836  C  0  0  0  0  0
    8.2093    2.1509   -1.3336  N  0  0  0  0  0
    8.7141    1.3404   -2.1888  C  0  0  0  0  0
   10.2054    0.4804   -1.9293  S  0  0  0  0  0
    9.8707   -0.6624   -3.2989  C  0  0  0  0  0
    8.9465    0.1222   -4.2119  C  0  0  0  0  0
    8.1686    1.0226   -3.3922  N  0  0  0  0  0
    7.0043    1.6011   -3.8120  C  0  0  0  0  0
    6.3775    3.5990   -0.6414  C  0  0  0  0  0
    5.3304    4.4690   -0.9791  C  0  0  0  0  0
    4.7245    5.2656    0.0047  C  0  0  0  0  0
    5.1428    5.1860    1.3310  C  0  0  0  0  0
    6.1765    4.3230    1.6794  C  0  0  0  0  0
    6.7904    3.5389    0.7000  C  0  0  0  0  0
    4.9247    4.6065   -2.4189  C  0  0  0  0  0
    5.0897    3.2987   -3.2464  C  0  0  0  0  0
    4.9360    3.7158   -4.7449  C  0  0  0  0  0
    3.7724    2.9000   -5.3026  C  0  0  0  0  0
    2.8898    2.6520   -4.0943  C  0  0  0  0  0
    3.8942    2.3399   -2.9940  C  0  0  0  0  0
  1  9  1  0  0  0
  1 17  1  0  0  0
  1  2  2  0  0  0
  2  3  1  0  0  0
  2 10  1  0  0  0
  3  4  2  0  0  0
  4  8  1  0  0  0
  4  5  1  0  0  0
  5  6  1  0  0  0
  6  7  1  0  0  0
  7  8  1  0  0  0
  8  9  1  0  0  0
 10 15  2  0  0  0
 10 11  1  0  0  0
 11 12  2  0  0  0
 11 16  1  0  0  0
 12 13  1  0  0  0
 13 14  2  0  0  0
 14 15  1  0  0  0
 16 17  1  0  0  0
 17 21  1  0  0  0
 17 18  1  0  0  0
 18 19  1  0  0  0
 19 20  1  0  0  0
 20 21  1  0  0  0
M  END
$$$$
C12=C(C3(Cc4c1cccc4)CCCC3)CN5C(=N2)SCC5
  -ISIS-

 21 25  0  0  0  0  0  0  0  0  1
    0.3480    3.5492   -3.3450  N  0  0  0  0  0
   -0.7448    3.4740   -2.5282  C  0  0  0  0  0
   -0.7612    4.4225   -1.3688  C  0  0  0  0  0
    0.3788    5.1240   -1.1657  C  0  0  0  0  0
    1.4696    5.1135   -2.0073  N  0  0  0  0  0
    1.3938    4.3571   -3.0382  C  0  0  0  0  0
    2.6654    4.2194   -4.2150  S  0  0  0  0  0
    1.9604    2.6831   -4.8988  C  0  0  0  0  0
    0.4792    2.7961   -4.5744  C  0  0  0  0  0
    0.5173    5.9340    0.0735  C  0  0  0  0  0
    1.7727    6.4011    0.4990  C  0  0  0  0  0
    1.9063    7.1493    1.6709  C  0  0  0  0  0
    0.7834    7.4485    2.4343  C  0  0  0  0  0
   -0.4704    7.0008    2.0247  C  0  0  0  0  0
   -0.6056    6.2371    0.8541  C  0  0  0  0  0
   -1.9682    5.8194    0.3810  C  0  0  0  0  0
   -1.9805    4.4942   -0.4455  C  0  0  0  0  0
   -3.3721    4.4155   -1.1262  C  0  0  0  0  0
   -4.3257    3.9783   -0.0163  C  0  0  0  0  0
   -3.4873    3.1432    0.9487  C  0  0  0  0  0
   -2.0322    3.2680    0.4913  C  0  0  0  0  0
  1  6  1  0  0  0
  1  9  1  0  0  0
  1  2  1  0  0  0
  2  3  1  0  0  0
  3 17  1  0  0  0
  3  4  2  0  0  0
  4  5  1  0  0  0
  4 10  1  0  0  0
  5  6  2  0  0  0
  6  7  1  0  0  0
  7  8  1  0  0  0
  8  9  1  0  0  0
 10 15  2  0  0  0
 10 11  1  0  0  0
 11 12  2  0  0  0
 12 13  1  0  0  0
 13 14  2  0  0  0
 14 15  1  0  0  0
 15 16  1  0  0  0
 16 17  1  0  0  0
 17 21  1  0  0  0
 17 18  1  0  0  0
 18 19  1  0  0  0
 19 20  1  0  0  0
 20 21  1  0  0  0
M  END
$$$$
C12=C(C3(Cc4c1cccc4)CCCC3)CN5C(=N2)SCC5
  -ISIS-

 21 25  0  0  0  0  0  0  0  0  1
    0.3480    3.5492   -3.3450  N  0  0  0  0  0
   -0.7448    3.4740   -2.5282  C  0  0  0  0  0
   -0.7612    4.4225   -1.3688  C  0  0  0  0  0
    0.3788    5.1240   -1.1657  C  0  0  0  0  0
    1.4696    5.1135   -2.0073  N  0  0  0  0  0
    1.3938    4.3571   -3.0382  C  0  0  0  0  0
    2.6654    4.2194   -4.2150  S  0  0  0  0  0
    1.9604    2.6831   -4.8988  C  0  0  0  0  0
    0.4792    2.7961   -4.5744  C  0  0  0  0  0
    0.5173    5.9340    0.0735  C  0  0  0  0  0
    1.7727    6.4011    0.4990  C  0  0  0  0  0
    1.9063    7.1493    1.6709  C  0  0  0  0  0
    0.7834    7.4485    2.4343  C  0  0  0  0  0
   -0.4704    7.0008    2.0247  C  0  0  0  0  0
   -0.6056    6.2371    0.8541  C  0  0  0  0  0
   -1.9682    5.8194    0.3810  C  0  0  0  0  0
   -1.9805    4.4942   -0.4455  C  0  0  0  0  0
   -3.3721    4.4155   -1.1262  C  0  0  0  0  0
   -4.3257    3.9783   -0.0163  C  0  0  0  0  0
   -3.4873    3.1432    0.9487  C  0  0  0  0  0
   -2.0322    3.2680    0.4913  C  0  0  0  0  0
  1  6  1  0  0  0
  1  9  1  0  0  0
  1  2  1  0  0  0
  2  3  1  0  0  0
  3 17  1  0  0  0
  3  4  2  0  0  0
  4  5  1  0  0  0
  4 10  1  0  0  0
  5  6  2  0  0  0
  6  7  1  0  0  0
  7  8  1  0  0  0
  8  9  1  0  0  0
 10 15  2  0  0  0
 10 11  1  0  0  0
 11 12  2  0  0  0
 12 13  1  0  0  0
 13 14  2  0  0  0
 14 15  1  0  0  0
 15 16  1  0  0  0
 16 17  1  0  0  0
 17 21  1  0  0  0
 17 18  1  0  0  0
 18 19  1  0  0  0
 19 20  1  0  0  0
 20 21  1  0  0  0
M  END
$$$$
C12=C(C3(Cc4c1cccc4)CCCC3)CN5C(=N2)SCC5
  -ISIS-

 21 25  0  0  0  0  0  0  0  0  1
   -0.7319    5.8391    0.6449  N  0  0  0  0  0
   -1.0938    6.1731   -0.6301  C  0  0  0  0  0
   -2.1535    7.2212   -0.7479  C  0  0  0  0  0
   -2.8370    7.4832   -2.0893  C  0  0  0  0  0
   -4.1863    8.2388   -1.8757  C  0  0  0  0  0
   -4.1314    9.2984   -0.8114  C  0  0  0  0  0
   -3.2847    9.1245    0.2922  C  0  0  0  0  0
   -2.3843    7.9446    0.3718  C  0  0  0  0  0
   -1.8051    7.6975    1.5973  N  0  0  0  0  0
   -1.0406    6.6715    1.6736  C  0  0  0  0  0
   -0.2538    6.1796    3.1452  S  0  0  0  0  0
    0.2718    4.5895    2.4223  C  0  0  0  0  0
    0.3180    4.8863    0.9329  C  0  0  0  0  0
   -3.3021   10.0943    1.3087  C  0  0  0  0  0
   -4.1407   11.2082    1.2290  C  0  0  0  0  0
   -4.9814   11.3669    0.1325  C  0  0  0  0  0
   -4.9831   10.4122   -0.8820  C  0  0  0  0  0
   -3.1553    6.2325   -2.9479  C  0  0  0  0  0
   -3.3142    6.7651   -4.3699  C  0  0  0  0  0
   -2.4229    8.0021   -4.4545  C  0  0  0  0  0
   -1.9125    8.2762   -3.0381  C  0  0  0  0  0
  1 10  1  0  0  0
  1 13  1  0  0  0
  1  2  1  0  0  0
  2  3  1  0  0  0
  3  8  2  0  0  0
  3  4  1  0  0  0
  4 21  1  0  0  0
  4  5  1  0  0  0
  4 18  1  0  0  0
  5  6  1  0  0  0
  6 17  2  0  0  0
  6  7  1  0  0  0
  7  8  1  0  0  0
  7 14  2  0  0  0
  8  9  1  0  0  0
  9 10  2  0  0  0
 10 11  1  0  0  0
 11 12  1  0  0  0
 12 13  1  0  0  0
 14 15  1  0  0  0
 15 16  2  0  0  0
 16 17  1  0  0  0
 18 19  1  0  0  0
 19 20  1  0  0  0
 20 21  1  0  0  0
M  END
$$$$
C12=C(C3(Cc4c1cccc4)CCCC3)CN5C(=N2)SCC5
  -ISIS-

 21 25  0  0  0  0  0  0  0  0  1
   -0.7319    5.8391    0.6449  N  0  0  0  0  0
   -1.0938    6.1731   -0.6301  C  0  0  0  0  0
   -2.1535    7.2212   -0.7479  C  0  0  0  0  0
   -2.8370    7.4832   -2.0893  C  0  0  0  0  0
   -4.1863    8.2388   -1.8757  C  0  0  0  0  0
   -4.1314    9.2984   -0.8114  C  0  0  0  0  0
   -3.2847    9.1245    0.2922  C  0  0  0  0  0
   -2.3843    7.9446    0.3718  C  0  0  0  0  0
   -1.8051    7.6975    1.5973  N  0  0  0  0  0
   -1.0406    6.6715    1.6736  C  0  0  0  0  0
   -0.2538    6.1796    3.1452  S  0  0  0  0  0
    0.2718    4.5895    2.4223  C  0  0  0  0  0
    0.3180    4.8863    0.9329  C  0  0  0  0  0
   -3.3021   10.0943    1.3087  C  0  0  0  0  0
   -4.1407   11.2082    1.2290  C  0  0  0  0  0
   -4.9814   11.3669    0.1325  C  0  0  0  0  0
   -4.9831   10.4122   -0.8820  C  0  0  0  0  0
   -3.1553    6.2325   -2.9479  C  0  0  0  0  0
   -3.3142    6.7651   -4.3699  C  0  0  0  0  0
   -2.4229    8.0021   -4.4545  C  0  0  0  0  0
   -1.9125    8.2762   -3.0381  C  0  0  0  0  0
  1 10  1  0  0  0
  1 13  1  0  0  0
  1  2  1  0  0  0
  2  3  1  0  0  0
  3  8  2  0  0  0
  3  4  1  0  0  0
  4 21  1  0  0  0
  4  5  1  0  0  0
  4 18  1  0  0  0
  5  6  1  0  0  0
  6 17  2  0  0  0
  6  7  1  0  0  0
  7  8  1  0  0  0
  7 14  2  0  0  0
  8  9  1  0  0  0
  9 10  2  0  0  0
 10 11  1  0  0  0
 11 12  1  0  0  0
 12 13  1  0  0  0
 14 15  1  0  0  0
 15 16  2  0  0  0
 16 17  1  0  0  0
 18 19  1  0  0  0
 19 20  1  0  0  0
 20 21  1  0  0  0
M  END
$$$$
C12=C(C3(Cc4c1cccc4)CCCC3)CN5C(=N2)SCC5
  -ISIS-

 21 25  0  0  0  0  0  0  0  0  1
    4.2680   -0.6787    1.9507  N  0  0  0  0  0
    3.6852   -1.7463    1.3304  C  0  0  0  0  0
    2.3196   -2.1220    1.8232  C  0  0  0  0  0
    1.5235   -3.2273    1.1256  C  0  0  0  0  0
    0.0106   -3.1382    1.5039  C  0  0  0  0  0
   -0.2461   -2.7819    2.9398  C  0  0  0  0  0
    0.6535   -1.9419    3.6088  C  0  0  0  0  0
    1.9002   -1.4839    2.9400  C  0  0  0  0  0
    2.5697   -0.4502    3.5532  N  0  0  0  0  0
    3.6857   -0.0913    3.0284  C  0  0  0  0  0
    4.6569    1.2002    3.6610  S  0  0  0  0  0
    6.1143    0.6740    2.6824  C  0  0  0  0  0
    5.5187   -0.0845    1.5167  C  0  0  0  0  0
    0.3547   -1.5581    4.9271  C  0  0  0  0  0
   -0.8080   -1.9994    5.5629  C  0  0  0  0  0
   -1.6961   -2.8286    4.8865  C  0  0  0  0  0
   -1.4211   -3.2137    3.5762  C  0  0  0  0  0
    1.5847   -3.2544   -0.4243  C  0  0  0  0  0
    1.1909   -4.6797   -0.8061  C  0  0  0  0  0
    1.6293   -5.5609    0.3613  C  0  0  0  0  0
    2.0908   -4.6199    1.4765  C  0  0  0  0  0
  1 10  1  0  0  0
  1 13  1  0  0  0
  1  2  1  0  0  0
  2  3  1  0  0  0
  3  8  2  0  0  0
  3  4  1  0  0  0
  4 21  1  0  0  0
  4  5  1  0  0  0
  4 18  1  0  0  0
  5  6  1  0  0  0
  6 17  2  0  0  0
  6  7  1  0  0  0
  7  8  1  0  0  0
  7 14  2  0  0  0
  8  9  1  0  0  0
  9 10  2  0  0  0
 10 11  1  0  0  0
 11 12  1  0  0  0
 12 13  1  0  0  0
 14 15  1  0  0  0
 15 16  2  0  0  0
 16 17  1  0  0  0
 18 19  1  0  0  0
 19 20  1  0  0  0
 20 21  1  0  0  0
M  END
$$$$
C12=C(C3(Cc4c1cccc4)CCCC3)CN5C(=N2)SCC5
  -ISIS-

 21 25  0  0  0  0  0  0  0  0  1
    4.2680   -0.6787    1.9507  N  0  0  0  0  0
    3.6852   -1.7463    1.3304  C  0  0  0  0  0
    2.3196   -2.1220    1.8232  C  0  0  0  0  0
    1.5235   -3.2273    1.1256  C  0  0  0  0  0
    0.0106   -3.1382    1.5039  C  0  0  0  0  0
   -0.2461   -2.7819    2.9398  C  0  0  0  0  0
    0.6535   -1.9419    3.6088  C  0  0  0  0  0
    1.9002   -1.4839    2.9400  C  0  0  0  0  0
    2.5697   -0.4502    3.5532  N  0  0  0  0  0
    3.6857   -0.0913    3.0284  C  0  0  0  0  0
    4.6569    1.2002    3.6610  S  0  0  0  0  0
    6.1143    0.6740    2.6824  C  0  0  0  0  0
    5.5187   -0.0845    1.5167  C  0  0  0  0  0
    0.3547   -1.5581    4.9271  C  0  0  0  0  0
   -0.8080   -1.9994    5.5629  C  0  0  0  0  0
   -1.6961   -2.8286    4.8865  C  0  0  0  0  0
   -1.4211   -3.2137    3.5762  C  0  0  0  0  0
    1.5847   -3.2544   -0.4243  C  0  0  0  0  0
    1.1909   -4.6797   -0.8061  C  0  0  0  0  0
    1.6293   -5.5609    0.3613  C  0  0  0  0  0
    2.0908   -4.6199    1.4765  C  0  0  0  0  0
  1 10  1  0  0  0
  1 13  1  0  0  0
  1  2  1  0  0  0
  2  3  1  0  0  0
  3  8  2  0  0  0
  3  4  1  0  0  0
  4 21  1  0  0  0
  4  5  1  0  0  0
  4 18  1  0  0  0
  5  6  1  0  0  0
  6 17  2  0  0  0
  6  7  1  0  0  0
  7  8  1  0  0  0
  7 14  2  0  0  0
  8  9  1  0  0  0
  9 10  2  0  0  0
 10 11  1  0  0  0
 11 12  1  0  0  0
 12 13  1  0  0  0
 14 15  1  0  0  0
 15 16  2  0  0  0
 16 17  1  0  0  0
 18 19  1  0  0  0
 19 20  1  0  0  0
 20 21  1  0  0  0
M  END
$$$$
