C12=C(NC=N1)CN=CN2
  -ISIS-

  9 10  0  0  0  0  0  0  0  0  1
   -1.2580   -3.5272    5.1531  C  0  0  0  0  0
   -0.2109   -3.2039    4.3131  N  0  0  0  0  0
   -0.3442   -2.1816    3.5221  C  0  0  0  0  0
   -1.4192   -1.3335    3.3667  N  0  0  0  0  0
   -2.4546   -1.6060    4.1787  C  0  0  0  0  0
   -2.3947   -2.6627    5.0472  C  0  0  0  0  0
   -3.5986   -2.6358    5.6990  N  0  0  0  0  0
   -4.3088   -1.5779    5.1932  C  0  0  0  0  0
   -3.6337   -0.9331    4.2637  N  0  0  0  0  0
  1  6  1  0  0  0
  1  2  1  0  0  0
  2  3  2  0  0  0
  3  4  1  0  0  0
  4  5  1  0  0  0
  5  9  1  0  0  0
  5  6  2  0  0  0
  6  7  1  0  0  0
  7  8  1  0  0  0
  8  9  2  0  0  0
M  END
$$$$
