C12=C(Cc3c(S1)cccc3)CCCC2
  -ISIS-

 14 16  0  0  0  0  0  0  0  0  1
    0.2860    1.9172   -3.5435  C  0  0  0  0  0
   -0.5784    2.9638   -3.2023  C  0  0  0  0  0
   -0.3340    3.7553   -2.0848  C  0  0  0  0  0
    0.7872    3.5406   -1.2672  C  0  0  0  0  0
    1.6776    2.4861   -1.6074  C  0  0  0  0  0
    1.4144    1.6644   -2.7279  C  0  0  0  0  0
    2.4167    0.2255   -3.0836  S  0  0  0  0  0
    3.9522    0.7132   -2.4551  C  0  0  0  0  0
    5.1595    0.0463   -3.0854  C  0  0  0  0  0
    6.4376    0.1612   -2.2541  C  0  0  0  0  0
    6.5980    1.5700   -1.7047  C  0  0  0  0  0
    5.4039    1.9434   -0.8279  C  0  0  0  0  0
    4.0709    1.5672   -1.4253  C  0  0  0  0  0
    2.8856    2.2026   -0.7770  C  0  0  0  0  0
  1  6  2  0  0  0
  1  2  1  0  0  0
  2  3  2  0  0  0
  3  4  1  0  0  0
  4  5  2  0  0  0
  5 14  1  0  0  0
  5  6  1  0  0  0
  6  7  1  0  0  0
  7  8  1  0  0  0
  8 13  2  0  0  0
  8  9  1  0  0  0
  9 10  1  0  0  0
 10 11  1  0  0  0
 11 12  1  0  0  0
 12 13  1  0  0  0
 13 14  1  0  0  0
M  END
$$$$
