C12=CC=NC3C1C(=CC=C3)NC=C2
  -ISIS-

 13 15  0  0  0  0  0  0  0  0  1
   -5.5034    0.1586    0.9908  C  0  0  0  0  0
   -4.9016    0.9446   -0.1602  C  0  0  0  0  0
   -5.6074    2.2380   -0.2886  N  0  0  0  0  0
   -5.8425    2.7251   -1.4477  C  0  0  0  0  0
   -5.5651    2.1211   -2.7568  C  0  0  0  0  0
   -5.1209    0.8623   -2.7579  C  0  0  0  0  0
   -4.7558    0.1183   -1.4784  C  0  0  0  0  0
   -5.3920   -1.2836   -1.4926  C  0  0  0  0  0
   -5.9480   -1.8025   -0.3876  C  0  0  0  0  0
   -5.9750   -1.0911    0.8638  C  0  0  0  0  0
   -5.3268   -1.9373   -2.7166  N  0  0  0  0  0
   -5.1354   -1.2597   -3.9008  C  0  0  0  0  0
   -5.0307    0.0770   -3.9830  C  0  0  0  0  0
  1 10  2  0  0  0
  1  2  1  0  0  0
  2  7  1  0  0  0
  2  3  1  0  0  0
  3  4  2  0  0  0
  4  5  1  0  0  0
  5  6  2  0  0  0
  6 13  1  0  0  0
  6  7  1  0  0  0
  7  8  1  0  0  0
  8  9  2  0  0  0
  8 11  1  0  0  0
  9 10  1  0  0  0
 11 12  1  0  0  0
 12 13  2  0  0  0
M  END
$$$$
