C12=C(CN3C(=N1)CCCCC3)CCCC2
  -ISIS-

 15 17  0  0  0  0  0  0  0  0  1
    0.9265    2.1682    2.4047  C  0  0  0  0  0
    1.1132    1.3309    3.3749  N  0  0  0  0  0
    2.2071    1.4934    4.1758  C  0  0  0  0  0
    3.1193    2.4577    3.9996  C  0  0  0  0  0
    2.9307    3.3799    2.8581  C  0  0  0  0  0
    1.7616    3.2259    2.1200  N  0  0  0  0  0
    1.6148    4.1281    0.9555  C  0  0  0  0  0
    0.1870    4.5838    0.5746  C  0  0  0  0  0
   -0.8339    4.4808    1.6990  C  0  0  0  0  0
   -1.3549    3.0538    1.8697  C  0  0  0  0  0
   -0.3234    1.9695    1.5781  C  0  0  0  0  0
    4.3179    2.6610    4.8794  C  0  0  0  0  0
    4.2433    1.8654    6.1842  C  0  0  0  0  0
    3.7256    0.4540    5.9350  C  0  0  0  0  0
    2.3360    0.4857    5.2949  C  0  0  0  0  0
  1  6  1  0  0  0
  1 11  1  0  0  0
  1  2  2  0  0  0
  2  3  1  0  0  0
  3 15  1  0  0  0
  3  4  2  0  0  0
  4  5  1  0  0  0
  4 12  1  0  0  0
  5  6  1  0  0  0
  6  7  1  0  0  0
  7  8  1  0  0  0
  8  9  1  0  0  0
  9 10  1  0  0  0
 10 11  1  0  0  0
 12 13  1  0  0  0
 13 14  1  0  0  0
 14 15  1  0  0  0
M  END
$$$$
C12=C(CN3C(=N1)CCCCC3)CCCC2
  -ISIS-

 15 17  0  0  0  0  0  0  0  0  1
    0.9265    2.1682    2.4047  C  0  0  0  0  0
    1.1132    1.3309    3.3749  N  0  0  0  0  0
    2.2071    1.4934    4.1758  C  0  0  0  0  0
    3.1193    2.4577    3.9996  C  0  0  0  0  0
    2.9307    3.3799    2.8581  C  0  0  0  0  0
    1.7616    3.2259    2.1200  N  0  0  0  0  0
    1.6148    4.1281    0.9555  C  0  0  0  0  0
    0.1870    4.5838    0.5746  C  0  0  0  0  0
   -0.8339    4.4808    1.6990  C  0  0  0  0  0
   -1.3549    3.0538    1.8697  C  0  0  0  0  0
   -0.3234    1.9695    1.5781  C  0  0  0  0  0
    4.3179    2.6610    4.8794  C  0  0  0  0  0
    4.2433    1.8654    6.1842  C  0  0  0  0  0
    3.7256    0.4540    5.9350  C  0  0  0  0  0
    2.3360    0.4857    5.2949  C  0  0  0  0  0
  1  6  1  0  0  0
  1 11  1  0  0  0
  1  2  2  0  0  0
  2  3  1  0  0  0
  3 15  1  0  0  0
  3  4  2  0  0  0
  4  5  1  0  0  0
  4 12  1  0  0  0
  5  6  1  0  0  0
  6  7  1  0  0  0
  7  8  1  0  0  0
  8  9  1  0  0  0
  9 10  1  0  0  0
 10 11  1  0  0  0
 12 13  1  0  0  0
 13 14  1  0  0  0
 14 15  1  0  0  0
M  END
$$$$
