c12[c]3c4c(cn[c]3[s]c1CNC=N2)CCCC4
  -ISIS-

 17 20  0  0  0  0  0  0  0  0  1
   -3.6769    3.1863   -5.0897  C  0  0  0  0  0
   -4.7832    2.6676   -3.9256  S  0  0  0  0  0
   -3.5226    2.0600   -2.9402  C  0  0  0  0  0
   -3.8242    1.4570   -1.7801  N  0  0  0  0  0
   -2.7940    0.9846   -1.0604  C  0  0  0  0  0
   -1.4603    1.1546   -1.4586  C  0  0  0  0  0
   -1.1686    1.7890   -2.6990  C  0  0  0  0  0
   -2.2538    2.2576   -3.4766  C  0  0  0  0  0
   -2.3802    2.9130   -4.7420  C  0  0  0  0  0
   -1.2993    3.2593   -5.5772  N  0  0  0  0  0
   -1.6441    3.8488   -6.6772  C  0  0  0  0  0
   -2.9242    4.1473   -7.0728  N  0  0  0  0  0
   -4.0294    3.8397   -6.3131  C  0  0  0  0  0
    0.2846    1.8797   -3.1073  C  0  0  0  0  0
    1.1461    2.3909   -1.9563  C  0  0  0  0  0
    0.8409    1.7258   -0.6124  C  0  0  0  0  0
   -0.2666    0.6709   -0.6665  C  0  0  0  0  0
  1  9  2  0  0  0
  1 13  1  0  0  0
  1  2  1  0  0  0
  2  3  1  0  0  0
  3  8  2  0  0  0
  3  4  1  0  0  0
  4  5  2  0  0  0
  5  6  1  0  0  0
  6 17  1  0  0  0
  6  7  2  0  0  0
  7  8  1  0  0  0
  7 14  1  0  0  0
  8  9  1  0  0  0
  9 10  1  0  0  0
 10 11  2  0  0  0
 11 12  1  0  0  0
 12 13  1  0  0  0
 14 15  1  0  0  0
 15 16  1  0  0  0
 16 17  1  0  0  0
M  END
$$$$
c12[c]3c4c(cn[c]3[s]c1CNC=N2)CCCC4
  -ISIS-

 17 20  0  0  0  0  0  0  0  0  1
   -3.6769    3.1863   -5.0897  C  0  0  0  0  0
   -4.7832    2.6676   -3.9256  S  0  0  0  0  0
   -3.5226    2.0600   -2.9402  C  0  0  0  0  0
   -3.8242    1.4570   -1.7801  N  0  0  0  0  0
   -2.7940    0.9846   -1.0604  C  0  0  0  0  0
   -1.4603    1.1546   -1.4586  C  0  0  0  0  0
   -1.1686    1.7890   -2.6990  C  0  0  0  0  0
   -2.2538    2.2576   -3.4766  C  0  0  0  0  0
   -2.3802    2.9130   -4.7420  C  0  0  0  0  0
   -1.2993    3.2593   -5.5772  N  0  0  0  0  0
   -1.6441    3.8488   -6.6772  C  0  0  0  0  0
   -2.9242    4.1473   -7.0728  N  0  0  0  0  0
   -4.0294    3.8397   -6.3131  C  0  0  0  0  0
    0.2846    1.8797   -3.1073  C  0  0  0  0  0
    1.1461    2.3909   -1.9563  C  0  0  0  0  0
    0.8409    1.7258   -0.6124  C  0  0  0  0  0
   -0.2666    0.6709   -0.6665  C  0  0  0  0  0
  1  9  2  0  0  0
  1 13  1  0  0  0
  1  2  1  0  0  0
  2  3  1  0  0  0
  3  8  2  0  0  0
  3  4  1  0  0  0
  4  5  2  0  0  0
  5  6  1  0  0  0
  6 17  1  0  0  0
  6  7  2  0  0  0
  7  8  1  0  0  0
  7 14  1  0  0  0
  8  9  1  0  0  0
  9 10  1  0  0  0
 10 11  2  0  0  0
 11 12  1  0  0  0
 12 13  1  0  0  0
 14 15  1  0  0  0
 15 16  1  0  0  0
 16 17  1  0  0  0
M  END
$$$$
c12[c]3c4c(cn[c]3[s]c1CNC=N2)CCCC4
  -ISIS-

 17 20  0  0  0  0  0  0  0  0  1
    3.3409   -1.0498    1.7176  C  0  0  0  0  0
    4.5638   -0.2015    0.9219  S  0  0  0  0  0
    3.9875    1.2884    1.5374  C  0  0  0  0  0
    4.6318    2.4249    1.2205  N  0  0  0  0  0
    4.1266    3.5535    1.7475  C  0  0  0  0  0
    2.9905    3.5644    2.5705  C  0  0  0  0  0
    2.3251    2.3517    2.8798  C  0  0  0  0  0
    2.8568    1.1561    2.3415  C  0  0  0  0  0
    2.5090   -0.2284    2.4318  C  0  0  0  0  0
    1.4247   -0.7348    3.1758  N  0  0  0  0  0
    1.2940   -2.0215    3.1175  C  0  0  0  0  0
    2.0953   -2.8890    2.4174  N  0  0  0  0  0
    3.1718   -2.4701    1.6697  C  0  0  0  0  0
    1.1258    2.4378    3.7960  C  0  0  0  0  0
    0.2114    3.5917    3.3862  C  0  0  0  0  0
    0.9462    4.9130    3.1331  C  0  0  0  0  0
    2.4693    4.8186    3.2353  C  0  0  0  0  0
  1  9  2  0  0  0
  1 13  1  0  0  0
  1  2  1  0  0  0
  2  3  1  0  0  0
  3  8  2  0  0  0
  3  4  1  0  0  0
  4  5  2  0  0  0
  5  6  1  0  0  0
  6 17  1  0  0  0
  6  7  2  0  0  0
  7  8  1  0  0  0
  7 14  1  0  0  0
  8  9  1  0  0  0
  9 10  1  0  0  0
 10 11  2  0  0  0
 11 12  1  0  0  0
 12 13  1  0  0  0
 14 15  1  0  0  0
 15 16  1  0  0  0
 16 17  1  0  0  0
M  END
$$$$
c12[c]3c4c(cn[c]3[s]c1CNC=N2)CCCC4
  -ISIS-

 17 20  0  0  0  0  0  0  0  0  1
    3.3409   -1.0498    1.7176  C  0  0  0  0  0
    4.5638   -0.2015    0.9219  S  0  0  0  0  0
    3.9875    1.2884    1.5374  C  0  0  0  0  0
    4.6318    2.4249    1.2205  N  0  0  0  0  0
    4.1266    3.5535    1.7475  C  0  0  0  0  0
    2.9905    3.5644    2.5705  C  0  0  0  0  0
    2.3251    2.3517    2.8798  C  0  0  0  0  0
    2.8568    1.1561    2.3415  C  0  0  0  0  0
    2.5090   -0.2284    2.4318  C  0  0  0  0  0
    1.4247   -0.7348    3.1758  N  0  0  0  0  0
    1.2940   -2.0215    3.1175  C  0  0  0  0  0
    2.0953   -2.8890    2.4174  N  0  0  0  0  0
    3.1718   -2.4701    1.6697  C  0  0  0  0  0
    1.1258    2.4378    3.7960  C  0  0  0  0  0
    0.2114    3.5917    3.3862  C  0  0  0  0  0
    0.9462    4.9130    3.1331  C  0  0  0  0  0
    2.4693    4.8186    3.2353  C  0  0  0  0  0
  1  9  2  0  0  0
  1 13  1  0  0  0
  1  2  1  0  0  0
  2  3  1  0  0  0
  3  8  2  0  0  0
  3  4  1  0  0  0
  4  5  2  0  0  0
  5  6  1  0  0  0
  6 17  1  0  0  0
  6  7  2  0  0  0
  7  8  1  0  0  0
  7 14  1  0  0  0
  8  9  1  0  0  0
  9 10  1  0  0  0
 10 11  2  0  0  0
 11 12  1  0  0  0
 12 13  1  0  0  0
 14 15  1  0  0  0
 15 16  1  0  0  0
 16 17  1  0  0  0
M  END
$$$$
c12[c]3c4c(cn[c]3[s]c1CNC=N2)CCCC4
  -ISIS-

 17 20  0  0  0  0  0  0  0  0  1
    1.5385   -0.5072   -0.0027  C  0  0  0  0  0
    0.5823   -0.3395    1.0595  C  0  0  0  0  0
   -0.4419    0.5697    0.7284  N  0  0  0  0  0
   -0.4440    1.1676   -0.5286  C  0  0  0  0  0
    0.4027    1.0051   -1.5007  N  0  0  0  0  0
    1.4487    0.1225   -1.2101  C  0  0  0  0  0
    2.5053   -0.2037   -2.1180  C  0  0  0  0  0
    3.3603   -1.1143   -1.5066  C  0  0  0  0  0
    4.4634   -1.6683   -2.0339  N  0  0  0  0  0
    4.7522   -1.3038   -3.2937  C  0  0  0  0  0
    3.9600   -0.4087   -4.0421  C  0  0  0  0  0
    2.8227    0.1910   -3.4446  C  0  0  0  0  0
    1.9544    1.1594   -4.2153  C  0  0  0  0  0
    2.6002    1.7049   -5.4843  C  0  0  0  0  0
    3.2272    0.5725   -6.2783  C  0  0  0  0  0
    4.3479   -0.0730   -5.4685  C  0  0  0  0  0
    2.8923   -1.5199    0.0877  S  0  0  0  0  0
  1  6  2  0  0  0
  1 17  1  0  0  0
  1  2  1  0  0  0
  2  3  1  0  0  0
  3  4  1  0  0  0
  4  5  2  0  0  0
  5  6  1  0  0  0
  6  7  1  0  0  0
  7 12  2  0  0  0
  7  8  1  0  0  0
  8  9  2  0  0  0
  8 17  1  0  0  0
  9 10  1  0  0  0
 10 11  2  0  0  0
 11 16  1  0  0  0
 11 12  1  0  0  0
 12 13  1  0  0  0
 13 14  1  0  0  0
 14 15  1  0  0  0
 15 16  1  0  0  0
M  END
$$$$
c12[c]3c4c(cn[c]3[s]c1CNC=N2)CCCC4
  -ISIS-

 17 20  0  0  0  0  0  0  0  0  1
    1.5385   -0.5072   -0.0027  C  0  0  0  0  0
    0.5823   -0.3395    1.0595  C  0  0  0  0  0
   -0.4419    0.5697    0.7284  N  0  0  0  0  0
   -0.4440    1.1676   -0.5286  C  0  0  0  0  0
    0.4027    1.0051   -1.5007  N  0  0  0  0  0
    1.4487    0.1225   -1.2101  C  0  0  0  0  0
    2.5053   -0.2037   -2.1180  C  0  0  0  0  0
    3.3603   -1.1143   -1.5066  C  0  0  0  0  0
    4.4634   -1.6683   -2.0339  N  0  0  0  0  0
    4.7522   -1.3038   -3.2937  C  0  0  0  0  0
    3.9600   -0.4087   -4.0421  C  0  0  0  0  0
    2.8227    0.1910   -3.4446  C  0  0  0  0  0
    1.9544    1.1594   -4.2153  C  0  0  0  0  0
    2.6002    1.7049   -5.4843  C  0  0  0  0  0
    3.2272    0.5725   -6.2783  C  0  0  0  0  0
    4.3479   -0.0730   -5.4685  C  0  0  0  0  0
    2.8923   -1.5199    0.0877  S  0  0  0  0  0
  1  6  2  0  0  0
  1 17  1  0  0  0
  1  2  1  0  0  0
  2  3  1  0  0  0
  3  4  1  0  0  0
  4  5  2  0  0  0
  5  6  1  0  0  0
  6  7  1  0  0  0
  7 12  2  0  0  0
  7  8  1  0  0  0
  8  9  2  0  0  0
  8 17  1  0  0  0
  9 10  1  0  0  0
 10 11  2  0  0  0
 11 16  1  0  0  0
 11 12  1  0  0  0
 12 13  1  0  0  0
 13 14  1  0  0  0
 14 15  1  0  0  0
 15 16  1  0  0  0
M  END
$$$$
c12[c]3c4c(cn[c]3[s]c1CNC=N2)CCCC4
  -ISIS-

 17 20  0  0  0  0  0  0  0  0  1
    1.5385   -0.5072   -0.0027  C  0  0  0  0  0
    0.5823   -0.3395    1.0595  C  0  0  0  0  0
   -0.4419    0.5697    0.7284  N  0  0  0  0  0
   -0.4440    1.1676   -0.5286  C  0  0  0  0  0
    0.4027    1.0051   -1.5007  N  0  0  0  0  0
    1.4487    0.1225   -1.2101  C  0  0  0  0  0
    2.5053   -0.2037   -2.1180  C  0  0  0  0  0
    3.3603   -1.1143   -1.5066  C  0  0  0  0  0
    4.4634   -1.6683   -2.0339  N  0  0  0  0  0
    4.7522   -1.3038   -3.2937  C  0  0  0  0  0
    3.9600   -0.4087   -4.0421  C  0  0  0  0  0
    2.8227    0.1910   -3.4446  C  0  0  0  0  0
    1.9544    1.1594   -4.2153  C  0  0  0  0  0
    2.6002    1.7049   -5.4843  C  0  0  0  0  0
    3.2272    0.5725   -6.2783  C  0  0  0  0  0
    4.3479   -0.0730   -5.4685  C  0  0  0  0  0
    2.8923   -1.5199    0.0877  S  0  0  0  0  0
  1  6  2  0  0  0
  1 17  1  0  0  0
  1  2  1  0  0  0
  2  3  1  0  0  0
  3  4  1  0  0  0
  4  5  2  0  0  0
  5  6  1  0  0  0
  6  7  1  0  0  0
  7 12  2  0  0  0
  7  8  1  0  0  0
  8  9  2  0  0  0
  8 17  1  0  0  0
  9 10  1  0  0  0
 10 11  2  0  0  0
 11 16  1  0  0  0
 11 12  1  0  0  0
 12 13  1  0  0  0
 13 14  1  0  0  0
 14 15  1  0  0  0
 15 16  1  0  0  0
M  END
$$$$
c12[c]3c4c(cn[c]3[s]c1CNC=N2)CCCC4
  -ISIS-

 17 20  0  0  0  0  0  0  0  0  1
    3.6765   -5.0480   -5.6554  C  0  0  0  0  0
    3.5043   -3.5113   -6.3380  S  0  0  0  0  0
    3.9460   -2.7599   -4.8656  C  0  0  0  0  0
    3.9768   -1.4199   -4.7909  N  0  0  0  0  0
    4.3154   -0.9127   -3.5941  C  0  0  0  0  0
    4.6319   -1.7084   -2.4742  C  0  0  0  0  0
    4.6305   -3.1211   -2.5961  C  0  0  0  0  0
    4.2400   -3.6633   -3.8493  C  0  0  0  0  0
    4.0635   -4.9941   -4.3451  C  0  0  0  0  0
    4.2559   -6.1569   -3.5811  N  0  0  0  0  0
    4.0472   -7.2597   -4.2301  C  0  0  0  0  0
    3.6546   -7.3929   -5.5497  N  0  0  0  0  0
    3.4427   -6.2776   -6.3567  C  0  0  0  0  0
    4.9851   -4.0048   -1.4219  C  0  0  0  0  0
    5.7386   -3.2856   -0.3088  C  0  0  0  0  0
    5.0446   -1.9783    0.0290  C  0  0  0  0  0
    5.0613   -1.0470   -1.1796  C  0  0  0  0  0
  1  9  2  0  0  0
  1 13  1  0  0  0
  1  2  1  0  0  0
  2  3  1  0  0  0
  3  8  2  0  0  0
  3  4  1  0  0  0
  4  5  2  0  0  0
  5  6  1  0  0  0
  6 17  1  0  0  0
  6  7  2  0  0  0
  7  8  1  0  0  0
  7 14  1  0  0  0
  8  9  1  0  0  0
  9 10  1  0  0  0
 10 11  2  0  0  0
 11 12  1  0  0  0
 12 13  1  0  0  0
 14 15  1  0  0  0
 15 16  1  0  0  0
 16 17  1  0  0  0
M  END
$$$$
c12[c]3c4c(cn[c]3[s]c1CNC=N2)CCCC4
  -ISIS-

 17 20  0  0  0  0  0  0  0  0  1
    3.6765   -5.0480   -5.6554  C  0  0  0  0  0
    3.5043   -3.5113   -6.3380  S  0  0  0  0  0
    3.9460   -2.7599   -4.8656  C  0  0  0  0  0
    3.9768   -1.4199   -4.7909  N  0  0  0  0  0
    4.3154   -0.9127   -3.5941  C  0  0  0  0  0
    4.6319   -1.7084   -2.4742  C  0  0  0  0  0
    4.6305   -3.1211   -2.5961  C  0  0  0  0  0
    4.2400   -3.6633   -3.8493  C  0  0  0  0  0
    4.0635   -4.9941   -4.3451  C  0  0  0  0  0
    4.2559   -6.1569   -3.5811  N  0  0  0  0  0
    4.0472   -7.2597   -4.2301  C  0  0  0  0  0
    3.6546   -7.3929   -5.5497  N  0  0  0  0  0
    3.4427   -6.2776   -6.3567  C  0  0  0  0  0
    4.9851   -4.0048   -1.4219  C  0  0  0  0  0
    5.7386   -3.2856   -0.3088  C  0  0  0  0  0
    5.0446   -1.9783    0.0290  C  0  0  0  0  0
    5.0613   -1.0470   -1.1796  C  0  0  0  0  0
  1  9  2  0  0  0
  1 13  1  0  0  0
  1  2  1  0  0  0
  2  3  1  0  0  0
  3  8  2  0  0  0
  3  4  1  0  0  0
  4  5  2  0  0  0
  5  6  1  0  0  0
  6 17  1  0  0  0
  6  7  2  0  0  0
  7  8  1  0  0  0
  7 14  1  0  0  0
  8  9  1  0  0  0
  9 10  1  0  0  0
 10 11  2  0  0  0
 11 12  1  0  0  0
 12 13  1  0  0  0
 14 15  1  0  0  0
 15 16  1  0  0  0
 16 17  1  0  0  0
M  END
$$$$
c12[c]3c4c(cn[c]3[s]c1CNC=N2)CCCC4
  -ISIS-

 17 20  0  0  0  0  0  0  0  0  1
    3.6765   -5.0480   -5.6554  C  0  0  0  0  0
    3.5043   -3.5113   -6.3380  S  0  0  0  0  0
    3.9460   -2.7599   -4.8656  C  0  0  0  0  0
    3.9768   -1.4199   -4.7909  N  0  0  0  0  0
    4.3154   -0.9127   -3.5941  C  0  0  0  0  0
    4.6319   -1.7084   -2.4742  C  0  0  0  0  0
    4.6305   -3.1211   -2.5961  C  0  0  0  0  0
    4.2400   -3.6633   -3.8493  C  0  0  0  0  0
    4.0635   -4.9941   -4.3451  C  0  0  0  0  0
    4.2559   -6.1569   -3.5811  N  0  0  0  0  0
    4.0472   -7.2597   -4.2301  C  0  0  0  0  0
    3.6546   -7.3929   -5.5497  N  0  0  0  0  0
    3.4427   -6.2776   -6.3567  C  0  0  0  0  0
    4.9851   -4.0048   -1.4219  C  0  0  0  0  0
    5.7386   -3.2856   -0.3088  C  0  0  0  0  0
    5.0446   -1.9783    0.0290  C  0  0  0  0  0
    5.0613   -1.0470   -1.1796  C  0  0  0  0  0
  1  9  2  0  0  0
  1 13  1  0  0  0
  1  2  1  0  0  0
  2  3  1  0  0  0
  3  8  2  0  0  0
  3  4  1  0  0  0
  4  5  2  0  0  0
  5  6  1  0  0  0
  6 17  1  0  0  0
  6  7  2  0  0  0
  7  8  1  0  0  0
  7 14  1  0  0  0
  8  9  1  0  0  0
  9 10  1  0  0  0
 10 11  2  0  0  0
 11 12  1  0  0  0
 12 13  1  0  0  0
 14 15  1  0  0  0
 15 16  1  0  0  0
 16 17  1  0  0  0
M  END
$$$$
c12[c]3c4c(cn[c]3[s]c1CNC=N2)CCCC4
  -ISIS-

 17 20  0  0  0  0  0  0  0  0  1
    4.9720    0.6574   -4.8039  C  0  0  0  0  0
    4.2095    0.8269   -6.0123  C  0  0  0  0  0
    3.4964    2.0420   -6.0382  N  0  0  0  0  0
    3.5745    2.9022   -4.9464  C  0  0  0  0  0
    4.2431    2.7465   -3.8433  N  0  0  0  0  0
    4.9832    1.5609   -3.7812  C  0  0  0  0  0
    5.8077    1.1800   -2.6757  C  0  0  0  0  0
    6.3803   -0.0572   -2.9462  C  0  0  0  0  0
    7.2007   -0.7597   -2.1503  N  0  0  0  0  0
    7.4733   -0.2106   -0.9574  C  0  0  0  0  0
    6.9679    1.0434   -0.5532  C  0  0  0  0  0
    6.1358    1.7837   -1.4333  C  0  0  0  0  0
    5.5896    3.1368   -1.0381  C  0  0  0  0  0
    6.3431    3.8012    0.1081  C  0  0  0  0  0
    6.5455    2.8109    1.2401  C  0  0  0  0  0
    7.4086    1.6445    0.7685  C  0  0  0  0  0
    5.9442   -0.6889   -4.4742  S  0  0  0  0  0
  1  6  2  0  0  0
  1 17  1  0  0  0
  1  2  1  0  0  0
  2  3  1  0  0  0
  3  4  1  0  0  0
  4  5  2  0  0  0
  5  6  1  0  0  0
  6  7  1  0  0  0
  7 12  2  0  0  0
  7  8  1  0  0  0
  8  9  2  0  0  0
  8 17  1  0  0  0
  9 10  1  0  0  0
 10 11  2  0  0  0
 11 16  1  0  0  0
 11 12  1  0  0  0
 12 13  1  0  0  0
 13 14  1  0  0  0
 14 15  1  0  0  0
 15 16  1  0  0  0
M  END
$$$$
c12[c]3c4c(cn[c]3[s]c1CNC=N2)CCCC4
  -ISIS-

 17 20  0  0  0  0  0  0  0  0  1
    4.9720    0.6574   -4.8039  C  0  0  0  0  0
    4.2095    0.8269   -6.0123  C  0  0  0  0  0
    3.4964    2.0420   -6.0382  N  0  0  0  0  0
    3.5745    2.9022   -4.9464  C  0  0  0  0  0
    4.2431    2.7465   -3.8433  N  0  0  0  0  0
    4.9832    1.5609   -3.7812  C  0  0  0  0  0
    5.8077    1.1800   -2.6757  C  0  0  0  0  0
    6.3803   -0.0572   -2.9462  C  0  0  0  0  0
    7.2007   -0.7597   -2.1503  N  0  0  0  0  0
    7.4733   -0.2106   -0.9574  C  0  0  0  0  0
    6.9679    1.0434   -0.5532  C  0  0  0  0  0
    6.1358    1.7837   -1.4333  C  0  0  0  0  0
    5.5896    3.1368   -1.0381  C  0  0  0  0  0
    6.3431    3.8012    0.1081  C  0  0  0  0  0
    6.5455    2.8109    1.2401  C  0  0  0  0  0
    7.4086    1.6445    0.7685  C  0  0  0  0  0
    5.9442   -0.6889   -4.4742  S  0  0  0  0  0
  1  6  2  0  0  0
  1 17  1  0  0  0
  1  2  1  0  0  0
  2  3  1  0  0  0
  3  4  1  0  0  0
  4  5  2  0  0  0
  5  6  1  0  0  0
  6  7  1  0  0  0
  7 12  2  0  0  0
  7  8  1  0  0  0
  8  9  2  0  0  0
  8 17  1  0  0  0
  9 10  1  0  0  0
 10 11  2  0  0  0
 11 16  1  0  0  0
 11 12  1  0  0  0
 12 13  1  0  0  0
 13 14  1  0  0  0
 14 15  1  0  0  0
 15 16  1  0  0  0
M  END
$$$$
c12[c]3c4c(cn[c]3[s]c1CNC=N2)CCCC4
  -ISIS-

 17 20  0  0  0  0  0  0  0  0  1
    4.9720    0.6574   -4.8039  C  0  0  0  0  0
    4.2095    0.8269   -6.0123  C  0  0  0  0  0
    3.4964    2.0420   -6.0382  N  0  0  0  0  0
    3.5745    2.9022   -4.9464  C  0  0  0  0  0
    4.2431    2.7465   -3.8433  N  0  0  0  0  0
    4.9832    1.5609   -3.7812  C  0  0  0  0  0
    5.8077    1.1800   -2.6757  C  0  0  0  0  0
    6.3803   -0.0572   -2.9462  C  0  0  0  0  0
    7.2007   -0.7597   -2.1503  N  0  0  0  0  0
    7.4733   -0.2106   -0.9574  C  0  0  0  0  0
    6.9679    1.0434   -0.5532  C  0  0  0  0  0
    6.1358    1.7837   -1.4333  C  0  0  0  0  0
    5.5896    3.1368   -1.0381  C  0  0  0  0  0
    6.3431    3.8012    0.1081  C  0  0  0  0  0
    6.5455    2.8109    1.2401  C  0  0  0  0  0
    7.4086    1.6445    0.7685  C  0  0  0  0  0
    5.9442   -0.6889   -4.4742  S  0  0  0  0  0
  1  6  2  0  0  0
  1 17  1  0  0  0
  1  2  1  0  0  0
  2  3  1  0  0  0
  3  4  1  0  0  0
  4  5  2  0  0  0
  5  6  1  0  0  0
  6  7  1  0  0  0
  7 12  2  0  0  0
  7  8  1  0  0  0
  8  9  2  0  0  0
  8 17  1  0  0  0
  9 10  1  0  0  0
 10 11  2  0  0  0
 11 16  1  0  0  0
 11 12  1  0  0  0
 12 13  1  0  0  0
 13 14  1  0  0  0
 14 15  1  0  0  0
 15 16  1  0  0  0
M  END
$$$$
c12[c]3c4c(cn[c]3[s]c1CNC=N2)CCCC4
  -ISIS-

 17 20  0  0  0  0  0  0  0  0  1
    2.1230   -1.4448   -3.0622  C  0  0  0  0  0
    1.9014   -2.8312   -3.3768  C  0  0  0  0  0
    2.8343   -3.3327   -4.3062  N  0  0  0  0  0
    3.8112   -2.4832   -4.8188  C  0  0  0  0  0
    4.0049   -1.2256   -4.5556  N  0  0  0  0  0
    3.1108   -0.6887   -3.6231  C  0  0  0  0  0
    3.1360    0.6679   -3.1691  C  0  0  0  0  0
    2.1040    0.8573   -2.2563  C  0  0  0  0  0
    1.7910    1.9932   -1.6131  N  0  0  0  0  0
    2.5588    3.0563   -1.9028  C  0  0  0  0  0
    3.6231    3.0144   -2.8271  C  0  0  0  0  0
    3.9548    1.7906   -3.4614  C  0  0  0  0  0
    5.0932    1.7076   -4.4529  C  0  0  0  0  0
    6.0465    2.8968   -4.4113  C  0  0  0  0  0
    5.2595    4.1952   -4.3854  C  0  0  0  0  0
    4.4218    4.2708   -3.1122  C  0  0  0  0  0
    1.1820   -0.5549   -1.9716  S  0  0  0  0  0
  1  6  2  0  0  0
  1 17  1  0  0  0
  1  2  1  0  0  0
  2  3  1  0  0  0
  3  4  1  0  0  0
  4  5  2  0  0  0
  5  6  1  0  0  0
  6  7  1  0  0  0
  7 12  2  0  0  0
  7  8  1  0  0  0
  8  9  2  0  0  0
  8 17  1  0  0  0
  9 10  1  0  0  0
 10 11  2  0  0  0
 11 16  1  0  0  0
 11 12  1  0  0  0
 12 13  1  0  0  0
 13 14  1  0  0  0
 14 15  1  0  0  0
 15 16  1  0  0  0
M  END
$$$$
c12[c]3c4c(cn[c]3[s]c1CNC=N2)CCCC4
  -ISIS-

 17 20  0  0  0  0  0  0  0  0  1
    2.1230   -1.4448   -3.0622  C  0  0  0  0  0
    1.9014   -2.8312   -3.3768  C  0  0  0  0  0
    2.8343   -3.3327   -4.3062  N  0  0  0  0  0
    3.8112   -2.4832   -4.8188  C  0  0  0  0  0
    4.0049   -1.2256   -4.5556  N  0  0  0  0  0
    3.1108   -0.6887   -3.6231  C  0  0  0  0  0
    3.1360    0.6679   -3.1691  C  0  0  0  0  0
    2.1040    0.8573   -2.2563  C  0  0  0  0  0
    1.7910    1.9932   -1.6131  N  0  0  0  0  0
    2.5588    3.0563   -1.9028  C  0  0  0  0  0
    3.6231    3.0144   -2.8271  C  0  0  0  0  0
    3.9548    1.7906   -3.4614  C  0  0  0  0  0
    5.0932    1.7076   -4.4529  C  0  0  0  0  0
    6.0465    2.8968   -4.4113  C  0  0  0  0  0
    5.2595    4.1952   -4.3854  C  0  0  0  0  0
    4.4218    4.2708   -3.1122  C  0  0  0  0  0
    1.1820   -0.5549   -1.9716  S  0  0  0  0  0
  1  6  2  0  0  0
  1 17  1  0  0  0
  1  2  1  0  0  0
  2  3  1  0  0  0
  3  4  1  0  0  0
  4  5  2  0  0  0
  5  6  1  0  0  0
  6  7  1  0  0  0
  7 12  2  0  0  0
  7  8  1  0  0  0
  8  9  2  0  0  0
  8 17  1  0  0  0
  9 10  1  0  0  0
 10 11  2  0  0  0
 11 16  1  0  0  0
 11 12  1  0  0  0
 12 13  1  0  0  0
 13 14  1  0  0  0
 14 15  1  0  0  0
 15 16  1  0  0  0
M  END
$$$$
c12[c]3c4c(cn[c]3[s]c1CNC=N2)CCCC4
  -ISIS-

 17 20  0  0  0  0  0  0  0  0  1
    2.1230   -1.4448   -3.0622  C  0  0  0  0  0
    1.9014   -2.8312   -3.3768  C  0  0  0  0  0
    2.8343   -3.3327   -4.3062  N  0  0  0  0  0
    3.8112   -2.4832   -4.8188  C  0  0  0  0  0
    4.0049   -1.2256   -4.5556  N  0  0  0  0  0
    3.1108   -0.6887   -3.6231  C  0  0  0  0  0
    3.1360    0.6679   -3.1691  C  0  0  0  0  0
    2.1040    0.8573   -2.2563  C  0  0  0  0  0
    1.7910    1.9932   -1.6131  N  0  0  0  0  0
    2.5588    3.0563   -1.9028  C  0  0  0  0  0
    3.6231    3.0144   -2.8271  C  0  0  0  0  0
    3.9548    1.7906   -3.4614  C  0  0  0  0  0
    5.0932    1.7076   -4.4529  C  0  0  0  0  0
    6.0465    2.8968   -4.4113  C  0  0  0  0  0
    5.2595    4.1952   -4.3854  C  0  0  0  0  0
    4.4218    4.2708   -3.1122  C  0  0  0  0  0
    1.1820   -0.5549   -1.9716  S  0  0  0  0  0
  1  6  2  0  0  0
  1 17  1  0  0  0
  1  2  1  0  0  0
  2  3  1  0  0  0
  3  4  1  0  0  0
  4  5  2  0  0  0
  5  6  1  0  0  0
  6  7  1  0  0  0
  7 12  2  0  0  0
  7  8  1  0  0  0
  8  9  2  0  0  0
  8 17  1  0  0  0
  9 10  1  0  0  0
 10 11  2  0  0  0
 11 16  1  0  0  0
 11 12  1  0  0  0
 12 13  1  0  0  0
 13 14  1  0  0  0
 14 15  1  0  0  0
 15 16  1  0  0  0
M  END
$$$$
c12[c]3c4c(cn[c]3[s]c1CNC=N2)CCCC4
  -ISIS-

 17 20  0  0  0  0  0  0  0  0  1
    2.5656   -0.6876   -2.0690  C  0  0  0  0  0
    2.0865   -2.0412   -2.1528  C  0  0  0  0  0
    2.8779   -2.8390   -2.9958  N  0  0  0  0  0
    3.9997   -2.2962   -3.6141  C  0  0  0  0  0
    4.4409   -1.0755   -3.5415  N  0  0  0  0  0
    3.6709   -0.2335   -2.7297  C  0  0  0  0  0
    3.9542    1.1511   -2.5063  C  0  0  0  0  0
    2.9869    1.6787   -1.6577  C  0  0  0  0  0
    2.8989    2.9443   -1.2187  N  0  0  0  0  0
    3.8479    3.7825   -1.6665  C  0  0  0  0  0
    4.8751    3.3896   -2.5493  C  0  0  0  0  0
    4.9649    2.0371   -2.9646  C  0  0  0  0  0
    6.0558    1.5794   -3.9060  C  0  0  0  0  0
    7.2159    2.5595   -4.0418  C  0  0  0  0  0
    6.6869    3.9679   -4.2476  C  0  0  0  0  0
    5.8912    4.4097   -3.0227  C  0  0  0  0  0
    1.8221    0.5301   -1.1581  S  0  0  0  0  0
  1  6  2  0  0  0
  1 17  1  0  0  0
  1  2  1  0  0  0
  2  3  1  0  0  0
  3  4  1  0  0  0
  4  5  2  0  0  0
  5  6  1  0  0  0
  6  7  1  0  0  0
  7 12  2  0  0  0
  7  8  1  0  0  0
  8  9  2  0  0  0
  8 17  1  0  0  0
  9 10  1  0  0  0
 10 11  2  0  0  0
 11 16  1  0  0  0
 11 12  1  0  0  0
 12 13  1  0  0  0
 13 14  1  0  0  0
 14 15  1  0  0  0
 15 16  1  0  0  0
M  END
$$$$
c12[c]3c4c(cn[c]3[s]c1CNC=N2)CCCC4
  -ISIS-

 17 20  0  0  0  0  0  0  0  0  1
    2.5656   -0.6876   -2.0690  C  0  0  0  0  0
    2.0865   -2.0412   -2.1528  C  0  0  0  0  0
    2.8779   -2.8390   -2.9958  N  0  0  0  0  0
    3.9997   -2.2962   -3.6141  C  0  0  0  0  0
    4.4409   -1.0755   -3.5415  N  0  0  0  0  0
    3.6709   -0.2335   -2.7297  C  0  0  0  0  0
    3.9542    1.1511   -2.5063  C  0  0  0  0  0
    2.9869    1.6787   -1.6577  C  0  0  0  0  0
    2.8989    2.9443   -1.2187  N  0  0  0  0  0
    3.8479    3.7825   -1.6665  C  0  0  0  0  0
    4.8751    3.3896   -2.5493  C  0  0  0  0  0
    4.9649    2.0371   -2.9646  C  0  0  0  0  0
    6.0558    1.5794   -3.9060  C  0  0  0  0  0
    7.2159    2.5595   -4.0418  C  0  0  0  0  0
    6.6869    3.9679   -4.2476  C  0  0  0  0  0
    5.8912    4.4097   -3.0227  C  0  0  0  0  0
    1.8221    0.5301   -1.1581  S  0  0  0  0  0
  1  6  2  0  0  0
  1 17  1  0  0  0
  1  2  1  0  0  0
  2  3  1  0  0  0
  3  4  1  0  0  0
  4  5  2  0  0  0
  5  6  1  0  0  0
  6  7  1  0  0  0
  7 12  2  0  0  0
  7  8  1  0  0  0
  8  9  2  0  0  0
  8 17  1  0  0  0
  9 10  1  0  0  0
 10 11  2  0  0  0
 11 16  1  0  0  0
 11 12  1  0  0  0
 12 13  1  0  0  0
 13 14  1  0  0  0
 14 15  1  0  0  0
 15 16  1  0  0  0
M  END
$$$$
c12[c]3c4c(cn[c]3[s]c1CNC=N2)CCCC4
  -ISIS-

 17 20  0  0  0  0  0  0  0  0  1
    2.5656   -0.6876   -2.0690  C  0  0  0  0  0
    2.0865   -2.0412   -2.1528  C  0  0  0  0  0
    2.8779   -2.8390   -2.9958  N  0  0  0  0  0
    3.9997   -2.2962   -3.6141  C  0  0  0  0  0
    4.4409   -1.0755   -3.5415  N  0  0  0  0  0
    3.6709   -0.2335   -2.7297  C  0  0  0  0  0
    3.9542    1.1511   -2.5063  C  0  0  0  0  0
    2.9869    1.6787   -1.6577  C  0  0  0  0  0
    2.8989    2.9443   -1.2187  N  0  0  0  0  0
    3.8479    3.7825   -1.6665  C  0  0  0  0  0
    4.8751    3.3896   -2.5493  C  0  0  0  0  0
    4.9649    2.0371   -2.9646  C  0  0  0  0  0
    6.0558    1.5794   -3.9060  C  0  0  0  0  0
    7.2159    2.5595   -4.0418  C  0  0  0  0  0
    6.6869    3.9679   -4.2476  C  0  0  0  0  0
    5.8912    4.4097   -3.0227  C  0  0  0  0  0
    1.8221    0.5301   -1.1581  S  0  0  0  0  0
  1  6  2  0  0  0
  1 17  1  0  0  0
  1  2  1  0  0  0
  2  3  1  0  0  0
  3  4  1  0  0  0
  4  5  2  0  0  0
  5  6  1  0  0  0
  6  7  1  0  0  0
  7 12  2  0  0  0
  7  8  1  0  0  0
  8  9  2  0  0  0
  8 17  1  0  0  0
  9 10  1  0  0  0
 10 11  2  0  0  0
 11 16  1  0  0  0
 11 12  1  0  0  0
 12 13  1  0  0  0
 13 14  1  0  0  0
 14 15  1  0  0  0
 15 16  1  0  0  0
M  END
$$$$
c12[c]3c4c(cn[c]3[s]c1CNC=N2)CCCC4
  -ISIS-

 17 20  0  0  0  0  0  0  0  0  1
   -3.1578    3.4641   -5.5498  C  0  0  0  0  0
   -4.3024    4.2434   -6.5149  S  0  0  0  0  0
   -3.6038    3.5961   -7.9372  C  0  0  0  0  0
   -4.1289    3.9159   -9.1326  N  0  0  0  0  0
   -3.5224    3.3795  -10.2050  C  0  0  0  0  0
   -2.4279    2.5085  -10.0994  C  0  0  0  0  0
   -1.8889    2.1952   -8.8264  C  0  0  0  0  0
   -2.5055    2.7741   -7.6919  C  0  0  0  0  0
   -2.2660    2.7260   -6.2825  C  0  0  0  0  0
   -1.2239    2.0008   -5.6716  N  0  0  0  0  0
   -1.1959    2.0942   -4.3806  C  0  0  0  0  0
   -2.0639    2.8154   -3.5989  N  0  0  0  0  0
   -3.1028    3.5501   -4.1223  C  0  0  0  0  0
   -0.6770    1.2931   -8.7954  C  0  0  0  0  0
   -0.8729    0.0745   -9.6957  C  0  0  0  0  0
   -1.4757    0.3961  -11.0673  C  0  0  0  0  0
   -1.7597    1.8807  -11.3018  C  0  0  0  0  0
  1  9  2  0  0  0
  1 13  1  0  0  0
  1  2  1  0  0  0
  2  3  1  0  0  0
  3  8  2  0  0  0
  3  4  1  0  0  0
  4  5  2  0  0  0
  5  6  1  0  0  0
  6 17  1  0  0  0
  6  7  2  0  0  0
  7  8  1  0  0  0
  7 14  1  0  0  0
  8  9  1  0  0  0
  9 10  1  0  0  0
 10 11  2  0  0  0
 11 12  1  0  0  0
 12 13  1  0  0  0
 14 15  1  0  0  0
 15 16  1  0  0  0
 16 17  1  0  0  0
M  END
$$$$
c12[c]3c4c(cn[c]3[s]c1CNC=N2)CCCC4
  -ISIS-

 17 20  0  0  0  0  0  0  0  0  1
   -3.1578    3.4641   -5.5498  C  0  0  0  0  0
   -4.3024    4.2434   -6.5149  S  0  0  0  0  0
   -3.6038    3.5961   -7.9372  C  0  0  0  0  0
   -4.1289    3.9159   -9.1326  N  0  0  0  0  0
   -3.5224    3.3795  -10.2050  C  0  0  0  0  0
   -2.4279    2.5085  -10.0994  C  0  0  0  0  0
   -1.8889    2.1952   -8.8264  C  0  0  0  0  0
   -2.5055    2.7741   -7.6919  C  0  0  0  0  0
   -2.2660    2.7260   -6.2825  C  0  0  0  0  0
   -1.2239    2.0008   -5.6716  N  0  0  0  0  0
   -1.1959    2.0942   -4.3806  C  0  0  0  0  0
   -2.0639    2.8154   -3.5989  N  0  0  0  0  0
   -3.1028    3.5501   -4.1223  C  0  0  0  0  0
   -0.6770    1.2931   -8.7954  C  0  0  0  0  0
   -0.8729    0.0745   -9.6957  C  0  0  0  0  0
   -1.4757    0.3961  -11.0673  C  0  0  0  0  0
   -1.7597    1.8807  -11.3018  C  0  0  0  0  0
  1  9  2  0  0  0
  1 13  1  0  0  0
  1  2  1  0  0  0
  2  3  1  0  0  0
  3  8  2  0  0  0
  3  4  1  0  0  0
  4  5  2  0  0  0
  5  6  1  0  0  0
  6 17  1  0  0  0
  6  7  2  0  0  0
  7  8  1  0  0  0
  7 14  1  0  0  0
  8  9  1  0  0  0
  9 10  1  0  0  0
 10 11  2  0  0  0
 11 12  1  0  0  0
 12 13  1  0  0  0
 14 15  1  0  0  0
 15 16  1  0  0  0
 16 17  1  0  0  0
M  END
$$$$
c12[c]3c4c(cn[c]3[s]c1CNC=N2)CCCC4
  -ISIS-

 17 20  0  0  0  0  0  0  0  0  1
    5.0414   -1.3729    0.9006  C  0  0  0  0  0
    5.0714   -2.4985   -0.3667  S  0  0  0  0  0
    3.3950   -2.3228   -0.6405  C  0  0  0  0  0
    2.8107   -3.0302   -1.6223  N  0  0  0  0  0
    1.4918   -2.8480   -1.7840  C  0  0  0  0  0
    0.7554   -1.9572   -0.9878  C  0  0  0  0  0
    1.3932   -1.2328    0.0525  C  0  0  0  0  0
    2.7843   -1.4229    0.2262  C  0  0  0  0  0
    3.7731   -0.8803    1.1072  C  0  0  0  0  0
    3.4940    0.0788    2.1029  N  0  0  0  0  0
    4.5203    0.4488    2.7985  C  0  0  0  0  0
    5.8089   -0.0031    2.6481  N  0  0  0  0  0
    6.1511   -0.9356    1.6978  C  0  0  0  0  0
    0.5370   -0.2816    0.8580  C  0  0  0  0  0
   -0.7937   -0.9343    1.2313  C  0  0  0  0  0
   -1.5057   -1.6151    0.0573  C  0  0  0  0  0
   -0.7003   -1.6318   -1.2423  C  0  0  0  0  0
  1  9  2  0  0  0
  1 13  1  0  0  0
  1  2  1  0  0  0
  2  3  1  0  0  0
  3  8  2  0  0  0
  3  4  1  0  0  0
  4  5  2  0  0  0
  5  6  1  0  0  0
  6 17  1  0  0  0
  6  7  2  0  0  0
  7  8  1  0  0  0
  7 14  1  0  0  0
  8  9  1  0  0  0
  9 10  1  0  0  0
 10 11  2  0  0  0
 11 12  1  0  0  0
 12 13  1  0  0  0
 14 15  1  0  0  0
 15 16  1  0  0  0
 16 17  1  0  0  0
M  END
$$$$
c12[c]3c4c(cn[c]3[s]c1CNC=N2)CCCC4
  -ISIS-

 17 20  0  0  0  0  0  0  0  0  1
    5.0414   -1.3729    0.9006  C  0  0  0  0  0
    5.0714   -2.4985   -0.3667  S  0  0  0  0  0
    3.3950   -2.3228   -0.6405  C  0  0  0  0  0
    2.8107   -3.0302   -1.6223  N  0  0  0  0  0
    1.4918   -2.8480   -1.7840  C  0  0  0  0  0
    0.7554   -1.9572   -0.9878  C  0  0  0  0  0
    1.3932   -1.2328    0.0525  C  0  0  0  0  0
    2.7843   -1.4229    0.2262  C  0  0  0  0  0
    3.7731   -0.8803    1.1072  C  0  0  0  0  0
    3.4940    0.0788    2.1029  N  0  0  0  0  0
    4.5203    0.4488    2.7985  C  0  0  0  0  0
    5.8089   -0.0031    2.6481  N  0  0  0  0  0
    6.1511   -0.9356    1.6978  C  0  0  0  0  0
    0.5370   -0.2816    0.8580  C  0  0  0  0  0
   -0.7937   -0.9343    1.2313  C  0  0  0  0  0
   -1.5057   -1.6151    0.0573  C  0  0  0  0  0
   -0.7003   -1.6318   -1.2423  C  0  0  0  0  0
  1  9  2  0  0  0
  1 13  1  0  0  0
  1  2  1  0  0  0
  2  3  1  0  0  0
  3  8  2  0  0  0
  3  4  1  0  0  0
  4  5  2  0  0  0
  5  6  1  0  0  0
  6 17  1  0  0  0
  6  7  2  0  0  0
  7  8  1  0  0  0
  7 14  1  0  0  0
  8  9  1  0  0  0
  9 10  1  0  0  0
 10 11  2  0  0  0
 11 12  1  0  0  0
 12 13  1  0  0  0
 14 15  1  0  0  0
 15 16  1  0  0  0
 16 17  1  0  0  0
M  END
$$$$
c12[c]3c4c(cn[c]3[s]c1CNC=N2)CCCC4
  -ISIS-

 17 20  0  0  0  0  0  0  0  0  1
   -0.6288    5.3804   -1.7874  C  0  0  0  0  0
   -1.8847    4.8381   -0.7951  S  0  0  0  0  0
   -2.3193    3.6335   -1.9299  C  0  0  0  0  0
   -3.3556    2.8216   -1.6672  N  0  0  0  0  0
   -3.6415    1.9182   -2.6192  C  0  0  0  0  0
   -2.9147    1.7998   -3.8214  C  0  0  0  0  0
   -1.7992    2.6444   -4.0515  C  0  0  0  0  0
   -1.5126    3.6235   -3.0635  C  0  0  0  0  0
   -0.5381    4.6655   -2.9496  C  0  0  0  0  0
    0.4268    4.9591   -3.9277  N  0  0  0  0  0
    1.2215    5.9344   -3.6158  C  0  0  0  0  0
    1.2079    6.6839   -2.4531  N  0  0  0  0  0
    0.2471    6.4690   -1.4649  C  0  0  0  0  0
   -0.9848    2.5311   -5.3201  C  0  0  0  0  0
   -1.1752    1.2146   -6.0649  C  0  0  0  0  0
   -2.6545    0.8990   -6.1940  C  0  0  0  0  0
   -3.2739    0.7103   -4.8124  C  0  0  0  0  0
  1  9  2  0  0  0
  1 13  1  0  0  0
  1  2  1  0  0  0
  2  3  1  0  0  0
  3  8  2  0  0  0
  3  4  1  0  0  0
  4  5  2  0  0  0
  5  6  1  0  0  0
  6 17  1  0  0  0
  6  7  2  0  0  0
  7  8  1  0  0  0
  7 14  1  0  0  0
  8  9  1  0  0  0
  9 10  1  0  0  0
 10 11  2  0  0  0
 11 12  1  0  0  0
 12 13  1  0  0  0
 14 15  1  0  0  0
 15 16  1  0  0  0
 16 17  1  0  0  0
M  END
$$$$
c12[c]3c4c(cn[c]3[s]c1CNC=N2)CCCC4
  -ISIS-

 17 20  0  0  0  0  0  0  0  0  1
   -0.6288    5.3804   -1.7874  C  0  0  0  0  0
   -1.8847    4.8381   -0.7951  S  0  0  0  0  0
   -2.3193    3.6335   -1.9299  C  0  0  0  0  0
   -3.3556    2.8216   -1.6672  N  0  0  0  0  0
   -3.6415    1.9182   -2.6192  C  0  0  0  0  0
   -2.9147    1.7998   -3.8214  C  0  0  0  0  0
   -1.7992    2.6444   -4.0515  C  0  0  0  0  0
   -1.5126    3.6235   -3.0635  C  0  0  0  0  0
   -0.5381    4.6655   -2.9496  C  0  0  0  0  0
    0.4268    4.9591   -3.9277  N  0  0  0  0  0
    1.2215    5.9344   -3.6158  C  0  0  0  0  0
    1.2079    6.6839   -2.4531  N  0  0  0  0  0
    0.2471    6.4690   -1.4649  C  0  0  0  0  0
   -0.9848    2.5311   -5.3201  C  0  0  0  0  0
   -1.1752    1.2146   -6.0649  C  0  0  0  0  0
   -2.6545    0.8990   -6.1940  C  0  0  0  0  0
   -3.2739    0.7103   -4.8124  C  0  0  0  0  0
  1  9  2  0  0  0
  1 13  1  0  0  0
  1  2  1  0  0  0
  2  3  1  0  0  0
  3  8  2  0  0  0
  3  4  1  0  0  0
  4  5  2  0  0  0
  5  6  1  0  0  0
  6 17  1  0  0  0
  6  7  2  0  0  0
  7  8  1  0  0  0
  7 14  1  0  0  0
  8  9  1  0  0  0
  9 10  1  0  0  0
 10 11  2  0  0  0
 11 12  1  0  0  0
 12 13  1  0  0  0
 14 15  1  0  0  0
 15 16  1  0  0  0
 16 17  1  0  0  0
M  END
$$$$
c12[c]3c4c(cn[c]3[s]c1CNC=N2)CCCC4
  -ISIS-

 17 20  0  0  0  0  0  0  0  0  1
   -0.6288    5.3804   -1.7874  C  0  0  0  0  0
   -1.8847    4.8381   -0.7951  S  0  0  0  0  0
   -2.3193    3.6335   -1.9299  C  0  0  0  0  0
   -3.3556    2.8216   -1.6672  N  0  0  0  0  0
   -3.6415    1.9182   -2.6192  C  0  0  0  0  0
   -2.9147    1.7998   -3.8214  C  0  0  0  0  0
   -1.7992    2.6444   -4.0515  C  0  0  0  0  0
   -1.5126    3.6235   -3.0635  C  0  0  0  0  0
   -0.5381    4.6655   -2.9496  C  0  0  0  0  0
    0.4268    4.9591   -3.9277  N  0  0  0  0  0
    1.2215    5.9344   -3.6158  C  0  0  0  0  0
    1.2079    6.6839   -2.4531  N  0  0  0  0  0
    0.2471    6.4690   -1.4649  C  0  0  0  0  0
   -0.9848    2.5311   -5.3201  C  0  0  0  0  0
   -1.1752    1.2146   -6.0649  C  0  0  0  0  0
   -2.6545    0.8990   -6.1940  C  0  0  0  0  0
   -3.2739    0.7103   -4.8124  C  0  0  0  0  0
  1  9  2  0  0  0
  1 13  1  0  0  0
  1  2  1  0  0  0
  2  3  1  0  0  0
  3  8  2  0  0  0
  3  4  1  0  0  0
  4  5  2  0  0  0
  5  6  1  0  0  0
  6 17  1  0  0  0
  6  7  2  0  0  0
  7  8  1  0  0  0
  7 14  1  0  0  0
  8  9  1  0  0  0
  9 10  1  0  0  0
 10 11  2  0  0  0
 11 12  1  0  0  0
 12 13  1  0  0  0
 14 15  1  0  0  0
 15 16  1  0  0  0
 16 17  1  0  0  0
M  END
$$$$
c12[c]3c4c(cn[c]3[s]c1CNC=N2)CCCC4
  -ISIS-

 17 20  0  0  0  0  0  0  0  0  1
   -4.7319    2.4298    1.1140  C  0  0  0  0  0
   -4.4186    3.8260    1.2761  C  0  0  0  0  0
   -3.0472    4.0911    1.1602  N  0  0  0  0  0
   -2.1719    3.0475    0.8652  C  0  0  0  0  0
   -2.4481    1.7865    0.7001  N  0  0  0  0  0
   -3.8013    1.4698    0.8449  C  0  0  0  0  0
   -4.3406    0.1508    0.7225  C  0  0  0  0  0
   -5.7170    0.2079    0.9062  C  0  0  0  0  0
   -6.5822   -0.8166    0.8601  N  0  0  0  0  0
   -6.0518   -2.0217    0.6038  C  0  0  0  0  0
   -4.6754   -2.2193    0.3612  C  0  0  0  0  0
   -3.7785   -1.1237    0.4507  C  0  0  0  0  0
   -2.2980   -1.2990    0.1983  C  0  0  0  0  0
   -1.8273   -2.7489    0.2058  C  0  0  0  0  0
   -2.7721   -3.6073   -0.6165  C  0  0  0  0  0
   -4.1599   -3.6040    0.0180  C  0  0  0  0  0
   -6.2946    1.7857    1.2248  S  0  0  0  0  0
  1  6  2  0  0  0
  1 17  1  0  0  0
  1  2  1  0  0  0
  2  3  1  0  0  0
  3  4  1  0  0  0
  4  5  2  0  0  0
  5  6  1  0  0  0
  6  7  1  0  0  0
  7 12  2  0  0  0
  7  8  1  0  0  0
  8  9  2  0  0  0
  8 17  1  0  0  0
  9 10  1  0  0  0
 10 11  2  0  0  0
 11 16  1  0  0  0
 11 12  1  0  0  0
 12 13  1  0  0  0
 13 14  1  0  0  0
 14 15  1  0  0  0
 15 16  1  0  0  0
M  END
$$$$
c12[c]3c4c(cn[c]3[s]c1CNC=N2)CCCC4
  -ISIS-

 17 20  0  0  0  0  0  0  0  0  1
   -4.7319    2.4298    1.1140  C  0  0  0  0  0
   -4.4186    3.8260    1.2761  C  0  0  0  0  0
   -3.0472    4.0911    1.1602  N  0  0  0  0  0
   -2.1719    3.0475    0.8652  C  0  0  0  0  0
   -2.4481    1.7865    0.7001  N  0  0  0  0  0
   -3.8013    1.4698    0.8449  C  0  0  0  0  0
   -4.3406    0.1508    0.7225  C  0  0  0  0  0
   -5.7170    0.2079    0.9062  C  0  0  0  0  0
   -6.5822   -0.8166    0.8601  N  0  0  0  0  0
   -6.0518   -2.0217    0.6038  C  0  0  0  0  0
   -4.6754   -2.2193    0.3612  C  0  0  0  0  0
   -3.7785   -1.1237    0.4507  C  0  0  0  0  0
   -2.2980   -1.2990    0.1983  C  0  0  0  0  0
   -1.8273   -2.7489    0.2058  C  0  0  0  0  0
   -2.7721   -3.6073   -0.6165  C  0  0  0  0  0
   -4.1599   -3.6040    0.0180  C  0  0  0  0  0
   -6.2946    1.7857    1.2248  S  0  0  0  0  0
  1  6  2  0  0  0
  1 17  1  0  0  0
  1  2  1  0  0  0
  2  3  1  0  0  0
  3  4  1  0  0  0
  4  5  2  0  0  0
  5  6  1  0  0  0
  6  7  1  0  0  0
  7 12  2  0  0  0
  7  8  1  0  0  0
  8  9  2  0  0  0
  8 17  1  0  0  0
  9 10  1  0  0  0
 10 11  2  0  0  0
 11 16  1  0  0  0
 11 12  1  0  0  0
 12 13  1  0  0  0
 13 14  1  0  0  0
 14 15  1  0  0  0
 15 16  1  0  0  0
M  END
$$$$
c12[c]3c4c(cn[c]3[s]c1CNC=N2)CCCC4
  -ISIS-

 17 20  0  0  0  0  0  0  0  0  1
   -4.7319    2.4298    1.1140  C  0  0  0  0  0
   -4.4186    3.8260    1.2761  C  0  0  0  0  0
   -3.0472    4.0911    1.1602  N  0  0  0  0  0
   -2.1719    3.0475    0.8652  C  0  0  0  0  0
   -2.4481    1.7865    0.7001  N  0  0  0  0  0
   -3.8013    1.4698    0.8449  C  0  0  0  0  0
   -4.3406    0.1508    0.7225  C  0  0  0  0  0
   -5.7170    0.2079    0.9062  C  0  0  0  0  0
   -6.5822   -0.8166    0.8601  N  0  0  0  0  0
   -6.0518   -2.0217    0.6038  C  0  0  0  0  0
   -4.6754   -2.2193    0.3612  C  0  0  0  0  0
   -3.7785   -1.1237    0.4507  C  0  0  0  0  0
   -2.2980   -1.2990    0.1983  C  0  0  0  0  0
   -1.8273   -2.7489    0.2058  C  0  0  0  0  0
   -2.7721   -3.6073   -0.6165  C  0  0  0  0  0
   -4.1599   -3.6040    0.0180  C  0  0  0  0  0
   -6.2946    1.7857    1.2248  S  0  0  0  0  0
  1  6  2  0  0  0
  1 17  1  0  0  0
  1  2  1  0  0  0
  2  3  1  0  0  0
  3  4  1  0  0  0
  4  5  2  0  0  0
  5  6  1  0  0  0
  6  7  1  0  0  0
  7 12  2  0  0  0
  7  8  1  0  0  0
  8  9  2  0  0  0
  8 17  1  0  0  0
  9 10  1  0  0  0
 10 11  2  0  0  0
 11 16  1  0  0  0
 11 12  1  0  0  0
 12 13  1  0  0  0
 13 14  1  0  0  0
 14 15  1  0  0  0
 15 16  1  0  0  0
M  END
$$$$
c12[c]3c4c(cn[c]3[s]c1CNC=N2)CCCC4
  -ISIS-

 17 20  0  0  0  0  0  0  0  0  1
    4.3326    2.9069    3.8258  C  0  0  0  0  0
    3.9613    3.2074    5.1823  C  0  0  0  0  0
    4.9646    2.8651    6.1102  N  0  0  0  0  0
    6.1401    2.2748    5.6554  C  0  0  0  0  0
    6.4724    1.9774    4.4358  N  0  0  0  0  0
    5.5132    2.3176    3.4756  C  0  0  0  0  0
    5.6605    2.1014    2.0696  C  0  0  0  0  0
    4.5262    2.5785    1.4176  C  0  0  0  0  0
    4.2895    2.5810    0.0948  N  0  0  0  0  0
    5.2601    2.0712   -0.6806  C  0  0  0  0  0
    6.4385    1.5228   -0.1507  C  0  0  0  0  0
    6.6654    1.5378    1.2487  C  0  0  0  0  0
    7.9796    0.9753    1.7388  C  0  0  0  0  0
    8.2807   -0.3717    1.0836  C  0  0  0  0  0
    8.0199   -0.4087   -0.4260  C  0  0  0  0  0
    7.5202    0.9120   -1.0140  C  0  0  0  0  0
    3.3549    3.2269    2.4818  S  0  0  0  0  0
  1  6  2  0  0  0
  1 17  1  0  0  0
  1  2  1  0  0  0
  2  3  1  0  0  0
  3  4  1  0  0  0
  4  5  2  0  0  0
  5  6  1  0  0  0
  6  7  1  0  0  0
  7 12  2  0  0  0
  7  8  1  0  0  0
  8  9  2  0  0  0
  8 17  1  0  0  0
  9 10  1  0  0  0
 10 11  2  0  0  0
 11 16  1  0  0  0
 11 12  1  0  0  0
 12 13  1  0  0  0
 13 14  1  0  0  0
 14 15  1  0  0  0
 15 16  1  0  0  0
M  END
$$$$
c12[c]3c4c(cn[c]3[s]c1CNC=N2)CCCC4
  -ISIS-

 17 20  0  0  0  0  0  0  0  0  1
    4.3326    2.9069    3.8258  C  0  0  0  0  0
    3.9613    3.2074    5.1823  C  0  0  0  0  0
    4.9646    2.8651    6.1102  N  0  0  0  0  0
    6.1401    2.2748    5.6554  C  0  0  0  0  0
    6.4724    1.9774    4.4358  N  0  0  0  0  0
    5.5132    2.3176    3.4756  C  0  0  0  0  0
    5.6605    2.1014    2.0696  C  0  0  0  0  0
    4.5262    2.5785    1.4176  C  0  0  0  0  0
    4.2895    2.5810    0.0948  N  0  0  0  0  0
    5.2601    2.0712   -0.6806  C  0  0  0  0  0
    6.4385    1.5228   -0.1507  C  0  0  0  0  0
    6.6654    1.5378    1.2487  C  0  0  0  0  0
    7.9796    0.9753    1.7388  C  0  0  0  0  0
    8.2807   -0.3717    1.0836  C  0  0  0  0  0
    8.0199   -0.4087   -0.4260  C  0  0  0  0  0
    7.5202    0.9120   -1.0140  C  0  0  0  0  0
    3.3549    3.2269    2.4818  S  0  0  0  0  0
  1  6  2  0  0  0
  1 17  1  0  0  0
  1  2  1  0  0  0
  2  3  1  0  0  0
  3  4  1  0  0  0
  4  5  2  0  0  0
  5  6  1  0  0  0
  6  7  1  0  0  0
  7 12  2  0  0  0
  7  8  1  0  0  0
  8  9  2  0  0  0
  8 17  1  0  0  0
  9 10  1  0  0  0
 10 11  2  0  0  0
 11 16  1  0  0  0
 11 12  1  0  0  0
 12 13  1  0  0  0
 13 14  1  0  0  0
 14 15  1  0  0  0
 15 16  1  0  0  0
M  END
$$$$
c12[c]3c4c(cn[c]3[s]c1CNC=N2)CCCC4
  -ISIS-

 17 20  0  0  0  0  0  0  0  0  1
    4.3326    2.9069    3.8258  C  0  0  0  0  0
    3.9613    3.2074    5.1823  C  0  0  0  0  0
    4.9646    2.8651    6.1102  N  0  0  0  0  0
    6.1401    2.2748    5.6554  C  0  0  0  0  0
    6.4724    1.9774    4.4358  N  0  0  0  0  0
    5.5132    2.3176    3.4756  C  0  0  0  0  0
    5.6605    2.1014    2.0696  C  0  0  0  0  0
    4.5262    2.5785    1.4176  C  0  0  0  0  0
    4.2895    2.5810    0.0948  N  0  0  0  0  0
    5.2601    2.0712   -0.6806  C  0  0  0  0  0
    6.4385    1.5228   -0.1507  C  0  0  0  0  0
    6.6654    1.5378    1.2487  C  0  0  0  0  0
    7.9796    0.9753    1.7388  C  0  0  0  0  0
    8.2807   -0.3717    1.0836  C  0  0  0  0  0
    8.0199   -0.4087   -0.4260  C  0  0  0  0  0
    7.5202    0.9120   -1.0140  C  0  0  0  0  0
    3.3549    3.2269    2.4818  S  0  0  0  0  0
  1  6  2  0  0  0
  1 17  1  0  0  0
  1  2  1  0  0  0
  2  3  1  0  0  0
  3  4  1  0  0  0
  4  5  2  0  0  0
  5  6  1  0  0  0
  6  7  1  0  0  0
  7 12  2  0  0  0
  7  8  1  0  0  0
  8  9  2  0  0  0
  8 17  1  0  0  0
  9 10  1  0  0  0
 10 11  2  0  0  0
 11 16  1  0  0  0
 11 12  1  0  0  0
 12 13  1  0  0  0
 13 14  1  0  0  0
 14 15  1  0  0  0
 15 16  1  0  0  0
M  END
$$$$
c12[c]3c4c(cn[c]3[s]c1CNC=N2)CCCC4
  -ISIS-

 17 20  0  0  0  0  0  0  0  0  1
   -0.0674   -5.7206    4.7901  C  0  0  0  0  0
   -1.4862   -5.9497    4.8540  C  0  0  0  0  0
   -2.2349   -4.7663    4.6954  N  0  0  0  0  0
   -1.5694   -3.5558    4.5221  C  0  0  0  0  0
   -0.2892   -3.3377    4.4840  N  0  0  0  0  0
    0.4947   -4.4885    4.6216  C  0  0  0  0  0
    1.9252   -4.4984    4.5990  C  0  0  0  0  0
    2.3701   -5.8046    4.7724  C  0  0  0  0  0
    3.6434   -6.2264    4.8180  N  0  0  0  0  0
    4.5782   -5.2700    4.6943  C  0  0  0  0  0
    4.2709   -3.9025    4.5378  C  0  0  0  0  0
    2.9164   -3.4920    4.4535  C  0  0  0  0  0
    2.5508   -2.0353    4.2800  C  0  0  0  0  0
    3.7075   -1.1495    3.8307  C  0  0  0  0  0
    4.9439   -1.4462    4.6609  C  0  0  0  0  0
    5.3913   -2.8870    4.4318  C  0  0  0  0  0
    1.0997   -6.9386    4.9334  S  0  0  0  0  0
  1  6  2  0  0  0
  1 17  1  0  0  0
  1  2  1  0  0  0
  2  3  1  0  0  0
  3  4  1  0  0  0
  4  5  2  0  0  0
  5  6  1  0  0  0
  6  7  1  0  0  0
  7 12  2  0  0  0
  7  8  1  0  0  0
  8  9  2  0  0  0
  8 17  1  0  0  0
  9 10  1  0  0  0
 10 11  2  0  0  0
 11 16  1  0  0  0
 11 12  1  0  0  0
 12 13  1  0  0  0
 13 14  1  0  0  0
 14 15  1  0  0  0
 15 16  1  0  0  0
M  END
$$$$
c12[c]3c4c(cn[c]3[s]c1CNC=N2)CCCC4
  -ISIS-

 17 20  0  0  0  0  0  0  0  0  1
   -0.0674   -5.7206    4.7901  C  0  0  0  0  0
   -1.4862   -5.9497    4.8540  C  0  0  0  0  0
   -2.2349   -4.7663    4.6954  N  0  0  0  0  0
   -1.5694   -3.5558    4.5221  C  0  0  0  0  0
   -0.2892   -3.3377    4.4840  N  0  0  0  0  0
    0.4947   -4.4885    4.6216  C  0  0  0  0  0
    1.9252   -4.4984    4.5990  C  0  0  0  0  0
    2.3701   -5.8046    4.7724  C  0  0  0  0  0
    3.6434   -6.2264    4.8180  N  0  0  0  0  0
    4.5782   -5.2700    4.6943  C  0  0  0  0  0
    4.2709   -3.9025    4.5378  C  0  0  0  0  0
    2.9164   -3.4920    4.4535  C  0  0  0  0  0
    2.5508   -2.0353    4.2800  C  0  0  0  0  0
    3.7075   -1.1495    3.8307  C  0  0  0  0  0
    4.9439   -1.4462    4.6609  C  0  0  0  0  0
    5.3913   -2.8870    4.4318  C  0  0  0  0  0
    1.0997   -6.9386    4.9334  S  0  0  0  0  0
  1  6  2  0  0  0
  1 17  1  0  0  0
  1  2  1  0  0  0
  2  3  1  0  0  0
  3  4  1  0  0  0
  4  5  2  0  0  0
  5  6  1  0  0  0
  6  7  1  0  0  0
  7 12  2  0  0  0
  7  8  1  0  0  0
  8  9  2  0  0  0
  8 17  1  0  0  0
  9 10  1  0  0  0
 10 11  2  0  0  0
 11 16  1  0  0  0
 11 12  1  0  0  0
 12 13  1  0  0  0
 13 14  1  0  0  0
 14 15  1  0  0  0
 15 16  1  0  0  0
M  END
$$$$
c12[c]3c4c(cn[c]3[s]c1CNC=N2)CCCC4
  -ISIS-

 17 20  0  0  0  0  0  0  0  0  1
   -0.0674   -5.7206    4.7901  C  0  0  0  0  0
   -1.4862   -5.9497    4.8540  C  0  0  0  0  0
   -2.2349   -4.7663    4.6954  N  0  0  0  0  0
   -1.5694   -3.5558    4.5221  C  0  0  0  0  0
   -0.2892   -3.3377    4.4840  N  0  0  0  0  0
    0.4947   -4.4885    4.6216  C  0  0  0  0  0
    1.9252   -4.4984    4.5990  C  0  0  0  0  0
    2.3701   -5.8046    4.7724  C  0  0  0  0  0
    3.6434   -6.2264    4.8180  N  0  0  0  0  0
    4.5782   -5.2700    4.6943  C  0  0  0  0  0
    4.2709   -3.9025    4.5378  C  0  0  0  0  0
    2.9164   -3.4920    4.4535  C  0  0  0  0  0
    2.5508   -2.0353    4.2800  C  0  0  0  0  0
    3.7075   -1.1495    3.8307  C  0  0  0  0  0
    4.9439   -1.4462    4.6609  C  0  0  0  0  0
    5.3913   -2.8870    4.4318  C  0  0  0  0  0
    1.0997   -6.9386    4.9334  S  0  0  0  0  0
  1  6  2  0  0  0
  1 17  1  0  0  0
  1  2  1  0  0  0
  2  3  1  0  0  0
  3  4  1  0  0  0
  4  5  2  0  0  0
  5  6  1  0  0  0
  6  7  1  0  0  0
  7 12  2  0  0  0
  7  8  1  0  0  0
  8  9  2  0  0  0
  8 17  1  0  0  0
  9 10  1  0  0  0
 10 11  2  0  0  0
 11 16  1  0  0  0
 11 12  1  0  0  0
 12 13  1  0  0  0
 13 14  1  0  0  0
 14 15  1  0  0  0
 15 16  1  0  0  0
M  END
$$$$
c12[c]3c4c(cn[c]3[s]c1CNC=N2)CCCC4
  -ISIS-

 17 20  0  0  0  0  0  0  0  0  1
    5.5688   -2.6339   -3.6318  C  0  0  0  0  0
    5.0312   -3.2640   -4.8088  C  0  0  0  0  0
    5.8969   -4.2366   -5.3468  N  0  0  0  0  0
    7.1247   -4.4696   -4.7345  C  0  0  0  0  0
    7.6260   -3.8899   -3.6855  N  0  0  0  0  0
    6.7967   -2.9219   -3.1097  C  0  0  0  0  0
    7.1271   -2.1605   -1.9451  C  0  0  0  0  0
    6.0640   -1.3138   -1.6419  C  0  0  0  0  0
    5.9752   -0.4579   -0.6095  N  0  0  0  0  0
    7.0291   -0.4234    0.2220  C  0  0  0  0  0
    8.1816   -1.1964    0.0116  C  0  0  0  0  0
    8.2466   -2.0957   -1.0825  C  0  0  0  0  0
    9.4992   -2.9305   -1.2138  C  0  0  0  0  0
   10.7527   -2.0724   -1.0503  C  0  0  0  0  0
   10.6879   -1.0800    0.1154  C  0  0  0  0  0
    9.3888   -1.1348    0.9210  C  0  0  0  0  0
    4.7610   -1.4414   -2.7422  S  0  0  0  0  0
  1  6  2  0  0  0
  1 17  1  0  0  0
  1  2  1  0  0  0
  2  3  1  0  0  0
  3  4  1  0  0  0
  4  5  2  0  0  0
  5  6  1  0  0  0
  6  7  1  0  0  0
  7 12  2  0  0  0
  7  8  1  0  0  0
  8  9  2  0  0  0
  8 17  1  0  0  0
  9 10  1  0  0  0
 10 11  2  0  0  0
 11 16  1  0  0  0
 11 12  1  0  0  0
 12 13  1  0  0  0
 13 14  1  0  0  0
 14 15  1  0  0  0
 15 16  1  0  0  0
M  END
$$$$
c12[c]3c4c(cn[c]3[s]c1CNC=N2)CCCC4
  -ISIS-

 17 20  0  0  0  0  0  0  0  0  1
    5.5688   -2.6339   -3.6318  C  0  0  0  0  0
    5.0312   -3.2640   -4.8088  C  0  0  0  0  0
    5.8969   -4.2366   -5.3468  N  0  0  0  0  0
    7.1247   -4.4696   -4.7345  C  0  0  0  0  0
    7.6260   -3.8899   -3.6855  N  0  0  0  0  0
    6.7967   -2.9219   -3.1097  C  0  0  0  0  0
    7.1271   -2.1605   -1.9451  C  0  0  0  0  0
    6.0640   -1.3138   -1.6419  C  0  0  0  0  0
    5.9752   -0.4579   -0.6095  N  0  0  0  0  0
    7.0291   -0.4234    0.2220  C  0  0  0  0  0
    8.1816   -1.1964    0.0116  C  0  0  0  0  0
    8.2466   -2.0957   -1.0825  C  0  0  0  0  0
    9.4992   -2.9305   -1.2138  C  0  0  0  0  0
   10.7527   -2.0724   -1.0503  C  0  0  0  0  0
   10.6879   -1.0800    0.1154  C  0  0  0  0  0
    9.3888   -1.1348    0.9210  C  0  0  0  0  0
    4.7610   -1.4414   -2.7422  S  0  0  0  0  0
  1  6  2  0  0  0
  1 17  1  0  0  0
  1  2  1  0  0  0
  2  3  1  0  0  0
  3  4  1  0  0  0
  4  5  2  0  0  0
  5  6  1  0  0  0
  6  7  1  0  0  0
  7 12  2  0  0  0
  7  8  1  0  0  0
  8  9  2  0  0  0
  8 17  1  0  0  0
  9 10  1  0  0  0
 10 11  2  0  0  0
 11 16  1  0  0  0
 11 12  1  0  0  0
 12 13  1  0  0  0
 13 14  1  0  0  0
 14 15  1  0  0  0
 15 16  1  0  0  0
M  END
$$$$
c12[c]3c4c(cn[c]3[s]c1CNC=N2)CCCC4
  -ISIS-

 17 20  0  0  0  0  0  0  0  0  1
    5.5688   -2.6339   -3.6318  C  0  0  0  0  0
    5.0312   -3.2640   -4.8088  C  0  0  0  0  0
    5.8969   -4.2366   -5.3468  N  0  0  0  0  0
    7.1247   -4.4696   -4.7345  C  0  0  0  0  0
    7.6260   -3.8899   -3.6855  N  0  0  0  0  0
    6.7967   -2.9219   -3.1097  C  0  0  0  0  0
    7.1271   -2.1605   -1.9451  C  0  0  0  0  0
    6.0640   -1.3138   -1.6419  C  0  0  0  0  0
    5.9752   -0.4579   -0.6095  N  0  0  0  0  0
    7.0291   -0.4234    0.2220  C  0  0  0  0  0
    8.1816   -1.1964    0.0116  C  0  0  0  0  0
    8.2466   -2.0957   -1.0825  C  0  0  0  0  0
    9.4992   -2.9305   -1.2138  C  0  0  0  0  0
   10.7527   -2.0724   -1.0503  C  0  0  0  0  0
   10.6879   -1.0800    0.1154  C  0  0  0  0  0
    9.3888   -1.1348    0.9210  C  0  0  0  0  0
    4.7610   -1.4414   -2.7422  S  0  0  0  0  0
  1  6  2  0  0  0
  1 17  1  0  0  0
  1  2  1  0  0  0
  2  3  1  0  0  0
  3  4  1  0  0  0
  4  5  2  0  0  0
  5  6  1  0  0  0
  6  7  1  0  0  0
  7 12  2  0  0  0
  7  8  1  0  0  0
  8  9  2  0  0  0
  8 17  1  0  0  0
  9 10  1  0  0  0
 10 11  2  0  0  0
 11 16  1  0  0  0
 11 12  1  0  0  0
 12 13  1  0  0  0
 13 14  1  0  0  0
 14 15  1  0  0  0
 15 16  1  0  0  0
M  END
$$$$
c12[c]3c4c(cn[c]3[s]c1CNC=N2)CCCC4
  -ISIS-

 17 20  0  0  0  0  0  0  0  0  1
   -0.0149   -0.4337   -5.5027  C  0  0  0  0  0
   -1.1156    0.7531   -5.9889  S  0  0  0  0  0
   -1.8317    0.7868   -4.4356  C  0  0  0  0  0
   -2.8711    1.6081   -4.2069  N  0  0  0  0  0
   -3.3895    1.5707   -2.9676  C  0  0  0  0  0
   -2.8673    0.7560   -1.9522  C  0  0  0  0  0
   -1.7744   -0.1050   -2.2234  C  0  0  0  0  0
   -1.2367   -0.0910   -3.5322  C  0  0  0  0  0
   -0.1815   -0.7944   -4.1939  C  0  0  0  0  0
    0.6261   -1.7707   -3.5889  N  0  0  0  0  0
    1.5211   -2.2840   -4.3739  C  0  0  0  0  0
    1.7536   -1.9651   -5.6993  N  0  0  0  0  0
    0.9858   -1.0070   -6.3565  C  0  0  0  0  0
   -1.2993   -0.9902   -1.0945  C  0  0  0  0  0
   -1.1490   -0.1952    0.2013  C  0  0  0  0  0
   -2.3199    0.7472    0.4998  C  0  0  0  0  0
   -3.4324    0.7285   -0.5500  C  0  0  0  0  0
  1  9  2  0  0  0
  1 13  1  0  0  0
  1  2  1  0  0  0
  2  3  1  0  0  0
  3  8  2  0  0  0
  3  4  1  0  0  0
  4  5  2  0  0  0
  5  6  1  0  0  0
  6 17  1  0  0  0
  6  7  2  0  0  0
  7  8  1  0  0  0
  7 14  1  0  0  0
  8  9  1  0  0  0
  9 10  1  0  0  0
 10 11  2  0  0  0
 11 12  1  0  0  0
 12 13  1  0  0  0
 14 15  1  0  0  0
 15 16  1  0  0  0
 16 17  1  0  0  0
M  END
$$$$
c12[c]3c4c(cn[c]3[s]c1CNC=N2)CCCC4
  -ISIS-

 17 20  0  0  0  0  0  0  0  0  1
   -0.0149   -0.4337   -5.5027  C  0  0  0  0  0
   -1.1156    0.7531   -5.9889  S  0  0  0  0  0
   -1.8317    0.7868   -4.4356  C  0  0  0  0  0
   -2.8711    1.6081   -4.2069  N  0  0  0  0  0
   -3.3895    1.5707   -2.9676  C  0  0  0  0  0
   -2.8673    0.7560   -1.9522  C  0  0  0  0  0
   -1.7744   -0.1050   -2.2234  C  0  0  0  0  0
   -1.2367   -0.0910   -3.5322  C  0  0  0  0  0
   -0.1815   -0.7944   -4.1939  C  0  0  0  0  0
    0.6261   -1.7707   -3.5889  N  0  0  0  0  0
    1.5211   -2.2840   -4.3739  C  0  0  0  0  0
    1.7536   -1.9651   -5.6993  N  0  0  0  0  0
    0.9858   -1.0070   -6.3565  C  0  0  0  0  0
   -1.2993   -0.9902   -1.0945  C  0  0  0  0  0
   -1.1490   -0.1952    0.2013  C  0  0  0  0  0
   -2.3199    0.7472    0.4998  C  0  0  0  0  0
   -3.4324    0.7285   -0.5500  C  0  0  0  0  0
  1  9  2  0  0  0
  1 13  1  0  0  0
  1  2  1  0  0  0
  2  3  1  0  0  0
  3  8  2  0  0  0
  3  4  1  0  0  0
  4  5  2  0  0  0
  5  6  1  0  0  0
  6 17  1  0  0  0
  6  7  2  0  0  0
  7  8  1  0  0  0
  7 14  1  0  0  0
  8  9  1  0  0  0
  9 10  1  0  0  0
 10 11  2  0  0  0
 11 12  1  0  0  0
 12 13  1  0  0  0
 14 15  1  0  0  0
 15 16  1  0  0  0
 16 17  1  0  0  0
M  END
$$$$
c12[c]3c4c(cn[c]3[s]c1CNC=N2)CCCC4
  -ISIS-

 17 20  0  0  0  0  0  0  0  0  1
   -0.0149   -0.4337   -5.5027  C  0  0  0  0  0
   -1.1156    0.7531   -5.9889  S  0  0  0  0  0
   -1.8317    0.7868   -4.4356  C  0  0  0  0  0
   -2.8711    1.6081   -4.2069  N  0  0  0  0  0
   -3.3895    1.5707   -2.9676  C  0  0  0  0  0
   -2.8673    0.7560   -1.9522  C  0  0  0  0  0
   -1.7744   -0.1050   -2.2234  C  0  0  0  0  0
   -1.2367   -0.0910   -3.5322  C  0  0  0  0  0
   -0.1815   -0.7944   -4.1939  C  0  0  0  0  0
    0.6261   -1.7707   -3.5889  N  0  0  0  0  0
    1.5211   -2.2840   -4.3739  C  0  0  0  0  0
    1.7536   -1.9651   -5.6993  N  0  0  0  0  0
    0.9858   -1.0070   -6.3565  C  0  0  0  0  0
   -1.2993   -0.9902   -1.0945  C  0  0  0  0  0
   -1.1490   -0.1952    0.2013  C  0  0  0  0  0
   -2.3199    0.7472    0.4998  C  0  0  0  0  0
   -3.4324    0.7285   -0.5500  C  0  0  0  0  0
  1  9  2  0  0  0
  1 13  1  0  0  0
  1  2  1  0  0  0
  2  3  1  0  0  0
  3  8  2  0  0  0
  3  4  1  0  0  0
  4  5  2  0  0  0
  5  6  1  0  0  0
  6 17  1  0  0  0
  6  7  2  0  0  0
  7  8  1  0  0  0
  7 14  1  0  0  0
  8  9  1  0  0  0
  9 10  1  0  0  0
 10 11  2  0  0  0
 11 12  1  0  0  0
 12 13  1  0  0  0
 14 15  1  0  0  0
 15 16  1  0  0  0
 16 17  1  0  0  0
M  END
$$$$
c12[c]3c4c(cn[c]3[s]c1CNC=N2)CCCC4
  -ISIS-

 17 20  0  0  0  0  0  0  0  0  1
    0.7244    2.4315    4.5006  C  0  0  0  0  0
    1.8074    3.6742    4.1378  S  0  0  0  0  0
    2.9927    2.5480    3.6328  C  0  0  0  0  0
    4.1774    2.9909    3.1843  N  0  0  0  0  0
    5.0414    2.0375    2.7775  C  0  0  0  0  0
    4.7681    0.6574    2.8339  C  0  0  0  0  0
    3.5215    0.2240    3.3592  C  0  0  0  0  0
    2.5862    1.2228    3.7459  C  0  0  0  0  0
    1.2471    1.1902    4.2512  C  0  0  0  0  0
    0.5069    0.0115    4.4754  N  0  0  0  0  0
   -0.6862    0.2143    4.9357  C  0  0  0  0  0
   -1.2569    1.4330    5.2076  N  0  0  0  0  0
   -0.5987    2.6254    5.0100  C  0  0  0  0  0
    3.1824   -1.2473    3.4567  C  0  0  0  0  0
    4.3894   -2.1728    3.3703  C  0  0  0  0  0
    5.2665   -1.7682    2.2008  C  0  0  0  0  0
    5.8105   -0.3596    2.4185  C  0  0  0  0  0
  1  9  2  0  0  0
  1 13  1  0  0  0
  1  2  1  0  0  0
  2  3  1  0  0  0
  3  8  2  0  0  0
  3  4  1  0  0  0
  4  5  2  0  0  0
  5  6  1  0  0  0
  6 17  1  0  0  0
  6  7  2  0  0  0
  7  8  1  0  0  0
  7 14  1  0  0  0
  8  9  1  0  0  0
  9 10  1  0  0  0
 10 11  2  0  0  0
 11 12  1  0  0  0
 12 13  1  0  0  0
 14 15  1  0  0  0
 15 16  1  0  0  0
 16 17  1  0  0  0
M  END
$$$$
c12[c]3c4c(cn[c]3[s]c1CNC=N2)CCCC4
  -ISIS-

 17 20  0  0  0  0  0  0  0  0  1
    0.7244    2.4315    4.5006  C  0  0  0  0  0
    1.8074    3.6742    4.1378  S  0  0  0  0  0
    2.9927    2.5480    3.6328  C  0  0  0  0  0
    4.1774    2.9909    3.1843  N  0  0  0  0  0
    5.0414    2.0375    2.7775  C  0  0  0  0  0
    4.7681    0.6574    2.8339  C  0  0  0  0  0
    3.5215    0.2240    3.3592  C  0  0  0  0  0
    2.5862    1.2228    3.7459  C  0  0  0  0  0
    1.2471    1.1902    4.2512  C  0  0  0  0  0
    0.5069    0.0115    4.4754  N  0  0  0  0  0
   -0.6862    0.2143    4.9357  C  0  0  0  0  0
   -1.2569    1.4330    5.2076  N  0  0  0  0  0
   -0.5987    2.6254    5.0100  C  0  0  0  0  0
    3.1824   -1.2473    3.4567  C  0  0  0  0  0
    4.3894   -2.1728    3.3703  C  0  0  0  0  0
    5.2665   -1.7682    2.2008  C  0  0  0  0  0
    5.8105   -0.3596    2.4185  C  0  0  0  0  0
  1  9  2  0  0  0
  1 13  1  0  0  0
  1  2  1  0  0  0
  2  3  1  0  0  0
  3  8  2  0  0  0
  3  4  1  0  0  0
  4  5  2  0  0  0
  5  6  1  0  0  0
  6 17  1  0  0  0
  6  7  2  0  0  0
  7  8  1  0  0  0
  7 14  1  0  0  0
  8  9  1  0  0  0
  9 10  1  0  0  0
 10 11  2  0  0  0
 11 12  1  0  0  0
 12 13  1  0  0  0
 14 15  1  0  0  0
 15 16  1  0  0  0
 16 17  1  0  0  0
M  END
$$$$
c12[c]3c4c(cn[c]3[s]c1CNC=N2)CCCC4
  -ISIS-

 17 20  0  0  0  0  0  0  0  0  1
    3.9211   -3.4058   -3.1268  C  0  0  0  0  0
    3.6649   -1.9120   -3.8697  S  0  0  0  0  0
    3.3661   -1.1653   -2.3584  C  0  0  0  0  0
    3.0853    0.1467   -2.3144  N  0  0  0  0  0
    2.8735    0.6557   -1.0897  C  0  0  0  0  0
    2.9481   -0.1109    0.0917  C  0  0  0  0  0
    3.2089   -1.5021    0.0110  C  0  0  0  0  0
    3.4471   -2.0420   -1.2806  C  0  0  0  0  0
    3.7807   -3.3463   -1.7658  C  0  0  0  0  0
    3.9604   -4.4798   -0.9474  N  0  0  0  0  0
    4.2600   -5.5595   -1.5961  C  0  0  0  0  0
    4.4087   -5.6763   -2.9560  N  0  0  0  0  0
    4.2525   -4.6144   -3.8174  C  0  0  0  0  0
    3.2902   -2.3553    1.2564  C  0  0  0  0  0
    2.7040   -1.7000    2.5022  C  0  0  0  0  0
    3.2041   -0.2714    2.6236  C  0  0  0  0  0
    2.7188    0.5532    1.4348  C  0  0  0  0  0
  1  9  2  0  0  0
  1 13  1  0  0  0
  1  2  1  0  0  0
  2  3  1  0  0  0
  3  8  2  0  0  0
  3  4  1  0  0  0
  4  5  2  0  0  0
  5  6  1  0  0  0
  6 17  1  0  0  0
  6  7  2  0  0  0
  7  8  1  0  0  0
  7 14  1  0  0  0
  8  9  1  0  0  0
  9 10  1  0  0  0
 10 11  2  0  0  0
 11 12  1  0  0  0
 12 13  1  0  0  0
 14 15  1  0  0  0
 15 16  1  0  0  0
 16 17  1  0  0  0
M  END
$$$$
c12[c]3c4c(cn[c]3[s]c1CNC=N2)CCCC4
  -ISIS-

 17 20  0  0  0  0  0  0  0  0  1
    3.9211   -3.4058   -3.1268  C  0  0  0  0  0
    3.6649   -1.9120   -3.8697  S  0  0  0  0  0
    3.3661   -1.1653   -2.3584  C  0  0  0  0  0
    3.0853    0.1467   -2.3144  N  0  0  0  0  0
    2.8735    0.6557   -1.0897  C  0  0  0  0  0
    2.9481   -0.1109    0.0917  C  0  0  0  0  0
    3.2089   -1.5021    0.0110  C  0  0  0  0  0
    3.4471   -2.0420   -1.2806  C  0  0  0  0  0
    3.7807   -3.3463   -1.7658  C  0  0  0  0  0
    3.9604   -4.4798   -0.9474  N  0  0  0  0  0
    4.2600   -5.5595   -1.5961  C  0  0  0  0  0
    4.4087   -5.6763   -2.9560  N  0  0  0  0  0
    4.2525   -4.6144   -3.8174  C  0  0  0  0  0
    3.2902   -2.3553    1.2564  C  0  0  0  0  0
    2.7040   -1.7000    2.5022  C  0  0  0  0  0
    3.2041   -0.2714    2.6236  C  0  0  0  0  0
    2.7188    0.5532    1.4348  C  0  0  0  0  0
  1  9  2  0  0  0
  1 13  1  0  0  0
  1  2  1  0  0  0
  2  3  1  0  0  0
  3  8  2  0  0  0
  3  4  1  0  0  0
  4  5  2  0  0  0
  5  6  1  0  0  0
  6 17  1  0  0  0
  6  7  2  0  0  0
  7  8  1  0  0  0
  7 14  1  0  0  0
  8  9  1  0  0  0
  9 10  1  0  0  0
 10 11  2  0  0  0
 11 12  1  0  0  0
 12 13  1  0  0  0
 14 15  1  0  0  0
 15 16  1  0  0  0
 16 17  1  0  0  0
M  END
$$$$
c12[c]3c4c(cn[c]3[s]c1CNC=N2)CCCC4
  -ISIS-

 17 20  0  0  0  0  0  0  0  0  1
   -0.1406   -4.4929   -6.1821  C  0  0  0  0  0
    0.8758   -5.7991   -5.8516  S  0  0  0  0  0
    1.7532   -4.8790   -4.7052  C  0  0  0  0  0
    2.7949   -5.4409   -4.0682  N  0  0  0  0  0
    3.4473   -4.6562   -3.1954  C  0  0  0  0  0
    3.0479   -3.3391   -2.9200  C  0  0  0  0  0
    1.9483   -2.7687   -3.6097  C  0  0  0  0  0
    1.2750   -3.5788   -4.5542  C  0  0  0  0  0
    0.1697   -3.3834   -5.4408  C  0  0  0  0  0
   -0.5523   -2.1801   -5.5676  N  0  0  0  0  0
   -1.5177   -2.2268   -6.4290  C  0  0  0  0  0
   -1.8732   -3.3102   -7.1935  N  0  0  0  0  0
   -1.2135   -4.5160   -7.1290  C  0  0  0  0  0
    1.6109   -1.3295   -3.2966  C  0  0  0  0  0
    1.5822   -1.0847   -1.7887  C  0  0  0  0  0
    2.7504   -1.7185   -1.0260  C  0  0  0  0  0
    3.7533   -2.4614   -1.9101  C  0  0  0  0  0
  1  9  2  0  0  0
  1 13  1  0  0  0
  1  2  1  0  0  0
  2  3  1  0  0  0
  3  8  2  0  0  0
  3  4  1  0  0  0
  4  5  2  0  0  0
  5  6  1  0  0  0
  6 17  1  0  0  0
  6  7  2  0  0  0
  7  8  1  0  0  0
  7 14  1  0  0  0
  8  9  1  0  0  0
  9 10  1  0  0  0
 10 11  2  0  0  0
 11 12  1  0  0  0
 12 13  1  0  0  0
 14 15  1  0  0  0
 15 16  1  0  0  0
 16 17  1  0  0  0
M  END
$$$$
c12[c]3c4c(cn[c]3[s]c1CNC=N2)CCCC4
  -ISIS-

 17 20  0  0  0  0  0  0  0  0  1
   -0.1406   -4.4929   -6.1821  C  0  0  0  0  0
    0.8758   -5.7991   -5.8516  S  0  0  0  0  0
    1.7532   -4.8790   -4.7052  C  0  0  0  0  0
    2.7949   -5.4409   -4.0682  N  0  0  0  0  0
    3.4473   -4.6562   -3.1954  C  0  0  0  0  0
    3.0479   -3.3391   -2.9200  C  0  0  0  0  0
    1.9483   -2.7687   -3.6097  C  0  0  0  0  0
    1.2750   -3.5788   -4.5542  C  0  0  0  0  0
    0.1697   -3.3834   -5.4408  C  0  0  0  0  0
   -0.5523   -2.1801   -5.5676  N  0  0  0  0  0
   -1.5177   -2.2268   -6.4290  C  0  0  0  0  0
   -1.8732   -3.3102   -7.1935  N  0  0  0  0  0
   -1.2135   -4.5160   -7.1290  C  0  0  0  0  0
    1.6109   -1.3295   -3.2966  C  0  0  0  0  0
    1.5822   -1.0847   -1.7887  C  0  0  0  0  0
    2.7504   -1.7185   -1.0260  C  0  0  0  0  0
    3.7533   -2.4614   -1.9101  C  0  0  0  0  0
  1  9  2  0  0  0
  1 13  1  0  0  0
  1  2  1  0  0  0
  2  3  1  0  0  0
  3  8  2  0  0  0
  3  4  1  0  0  0
  4  5  2  0  0  0
  5  6  1  0  0  0
  6 17  1  0  0  0
  6  7  2  0  0  0
  7  8  1  0  0  0
  7 14  1  0  0  0
  8  9  1  0  0  0
  9 10  1  0  0  0
 10 11  2  0  0  0
 11 12  1  0  0  0
 12 13  1  0  0  0
 14 15  1  0  0  0
 15 16  1  0  0  0
 16 17  1  0  0  0
M  END
$$$$
