c12[n](ncc1)C=CCN2
  -ISIS-

  9 10  0  0  0  0  0  0  0  0  1
    3.1485   -6.0942   -1.8569  C  0  0  0  0  0
    4.0968   -6.1214   -0.8579  C  0  0  0  0  0
    5.0651   -7.0161   -1.3550  C  0  0  0  0  0
    4.7612   -7.5101   -2.5563  N  0  0  0  0  0
    3.5705   -6.9402   -2.8751  N  0  0  0  0  0
    2.8047   -7.1264   -4.0317  C  0  0  0  0  0
    1.6237   -6.4834   -4.1650  C  0  0  0  0  0
    1.1690   -5.5136   -3.0936  C  0  0  0  0  0
    1.9604   -5.4028   -1.9729  N  0  0  0  0  0
  1  9  1  0  0  0
  1  5  1  0  0  0
  1  2  2  0  0  0
  2  3  1  0  0  0
  3  4  2  0  0  0
  4  5  1  0  0  0
  5  6  1  0  0  0
  6  7  2  0  0  0
  7  8  1  0  0  0
  8  9  1  0  0  0
M  END
$$$$
c12[n](ncc1)C=CCN2
  -ISIS-

  9 10  0  0  0  0  0  0  0  0  1
    3.1485   -6.0942   -1.8569  C  0  0  0  0  0
    4.0968   -6.1214   -0.8579  C  0  0  0  0  0
    5.0651   -7.0161   -1.3550  C  0  0  0  0  0
    4.7612   -7.5101   -2.5563  N  0  0  0  0  0
    3.5705   -6.9402   -2.8751  N  0  0  0  0  0
    2.8047   -7.1264   -4.0317  C  0  0  0  0  0
    1.6237   -6.4834   -4.1650  C  0  0  0  0  0
    1.1690   -5.5136   -3.0936  C  0  0  0  0  0
    1.9604   -5.4028   -1.9729  N  0  0  0  0  0
  1  9  1  0  0  0
  1  5  1  0  0  0
  1  2  2  0  0  0
  2  3  1  0  0  0
  3  4  2  0  0  0
  4  5  1  0  0  0
  5  6  1  0  0  0
  6  7  2  0  0  0
  7  8  1  0  0  0
  8  9  1  0  0  0
M  END
$$$$
c12[n](ncc1)C=CCN2
  -ISIS-

  9 10  0  0  0  0  0  0  0  0  1
    3.1485   -6.0942   -1.8569  C  0  0  0  0  0
    4.0968   -6.1214   -0.8579  C  0  0  0  0  0
    5.0651   -7.0161   -1.3550  C  0  0  0  0  0
    4.7612   -7.5101   -2.5563  N  0  0  0  0  0
    3.5705   -6.9402   -2.8751  N  0  0  0  0  0
    2.8047   -7.1264   -4.0317  C  0  0  0  0  0
    1.6237   -6.4834   -4.1650  C  0  0  0  0  0
    1.1690   -5.5136   -3.0936  C  0  0  0  0  0
    1.9604   -5.4028   -1.9729  N  0  0  0  0  0
  1  9  1  0  0  0
  1  5  1  0  0  0
  1  2  2  0  0  0
  2  3  1  0  0  0
  3  4  2  0  0  0
  4  5  1  0  0  0
  5  6  1  0  0  0
  6  7  2  0  0  0
  7  8  1  0  0  0
  8  9  1  0  0  0
M  END
$$$$
c12[n](ncc1)C=CCN2
  -ISIS-

  9 10  0  0  0  0  0  0  0  0  1
    3.1485   -6.0942   -1.8569  C  0  0  0  0  0
    4.0968   -6.1214   -0.8579  C  0  0  0  0  0
    5.0651   -7.0161   -1.3550  C  0  0  0  0  0
    4.7612   -7.5101   -2.5563  N  0  0  0  0  0
    3.5705   -6.9402   -2.8751  N  0  0  0  0  0
    2.8047   -7.1264   -4.0317  C  0  0  0  0  0
    1.6237   -6.4834   -4.1650  C  0  0  0  0  0
    1.1690   -5.5136   -3.0936  C  0  0  0  0  0
    1.9604   -5.4028   -1.9729  N  0  0  0  0  0
  1  9  1  0  0  0
  1  5  1  0  0  0
  1  2  2  0  0  0
  2  3  1  0  0  0
  3  4  2  0  0  0
  4  5  1  0  0  0
  5  6  1  0  0  0
  6  7  2  0  0  0
  7  8  1  0  0  0
  8  9  1  0  0  0
M  END
$$$$
c12[n](ncc1)C=CCN2
  -ISIS-

  9 10  0  0  0  0  0  0  0  0  1
    2.2624   -6.8891   -2.0041  C  0  0  0  0  0
    1.0876   -7.3346   -1.4631  C  0  0  0  0  0
    0.5987   -8.3011   -2.3838  C  0  0  0  0  0
    1.4372   -8.4284   -3.4270  N  0  0  0  0  0
    2.4549   -7.5670   -3.1963  N  0  0  0  0  0
    3.5865   -7.3186   -3.9842  C  0  0  0  0  0
    4.4939   -6.4106   -3.5746  C  0  0  0  0  0
    4.3053   -5.6693   -2.2929  C  0  0  0  0  0
    3.1758   -5.9545   -1.5621  N  0  0  0  0  0
  1  5  1  0  0  0
  1  9  1  0  0  0
  1  2  2  0  0  0
  2  3  1  0  0  0
  3  4  2  0  0  0
  4  5  1  0  0  0
  5  6  1  0  0  0
  6  7  2  0  0  0
  7  8  1  0  0  0
  8  9  1  0  0  0
M  END
$$$$
c12[n](ncc1)C=CCN2
  -ISIS-

  9 10  0  0  0  0  0  0  0  0  1
    2.2624   -6.8891   -2.0041  C  0  0  0  0  0
    1.0876   -7.3346   -1.4631  C  0  0  0  0  0
    0.5987   -8.3011   -2.3838  C  0  0  0  0  0
    1.4372   -8.4284   -3.4270  N  0  0  0  0  0
    2.4549   -7.5670   -3.1963  N  0  0  0  0  0
    3.5865   -7.3186   -3.9842  C  0  0  0  0  0
    4.4939   -6.4106   -3.5746  C  0  0  0  0  0
    4.3053   -5.6693   -2.2929  C  0  0  0  0  0
    3.1758   -5.9545   -1.5621  N  0  0  0  0  0
  1  5  1  0  0  0
  1  9  1  0  0  0
  1  2  2  0  0  0
  2  3  1  0  0  0
  3  4  2  0  0  0
  4  5  1  0  0  0
  5  6  1  0  0  0
  6  7  2  0  0  0
  7  8  1  0  0  0
  8  9  1  0  0  0
M  END
$$$$
c12[n](ncc1)C=CCN2
  -ISIS-

  9 10  0  0  0  0  0  0  0  0  1
    2.2624   -6.8891   -2.0041  C  0  0  0  0  0
    1.0876   -7.3346   -1.4631  C  0  0  0  0  0
    0.5987   -8.3011   -2.3838  C  0  0  0  0  0
    1.4372   -8.4284   -3.4270  N  0  0  0  0  0
    2.4549   -7.5670   -3.1963  N  0  0  0  0  0
    3.5865   -7.3186   -3.9842  C  0  0  0  0  0
    4.4939   -6.4106   -3.5746  C  0  0  0  0  0
    4.3053   -5.6693   -2.2929  C  0  0  0  0  0
    3.1758   -5.9545   -1.5621  N  0  0  0  0  0
  1  5  1  0  0  0
  1  9  1  0  0  0
  1  2  2  0  0  0
  2  3  1  0  0  0
  3  4  2  0  0  0
  4  5  1  0  0  0
  5  6  1  0  0  0
  6  7  2  0  0  0
  7  8  1  0  0  0
  8  9  1  0  0  0
M  END
$$$$
c12[n](ncc1)C=CCN2
  -ISIS-

  9 10  0  0  0  0  0  0  0  0  1
   -1.5136    3.7838   -4.5646  C  0  0  0  0  0
   -0.2063    4.0010   -4.9480  N  0  0  0  0  0
    0.5438    4.9979   -4.3711  C  0  0  0  0  0
   -0.1165    5.8291   -3.3223  C  0  0  0  0  0
   -1.3989    5.6081   -2.9697  C  0  0  0  0  0
   -2.1116    4.5704   -3.5875  N  0  0  0  0  0
   -3.3905    4.1679   -3.3724  N  0  0  0  0  0
   -3.5845    3.1461   -4.2146  C  0  0  0  0  0
   -2.4366    2.8651   -4.9858  C  0  0  0  0  0
  1  6  2  0  0  0
  1  9  2  0  0  0
  1  2  1  0  0  0
  2  3  1  0  0  0
  3  4  1  0  0  0
  4  5  2  0  0  0
  5  6  1  0  0  0
  6  7  1  0  0  0
  7  8  2  0  0  0
  8  9  1  0  0  0
M  END
$$$$
c12[n](ncc1)C=CCN2
  -ISIS-

  9 10  0  0  0  0  0  0  0  0  1
   -1.5136    3.7838   -4.5646  C  0  0  0  0  0
   -0.2063    4.0010   -4.9480  N  0  0  0  0  0
    0.5438    4.9979   -4.3711  C  0  0  0  0  0
   -0.1165    5.8291   -3.3223  C  0  0  0  0  0
   -1.3989    5.6081   -2.9697  C  0  0  0  0  0
   -2.1116    4.5704   -3.5875  N  0  0  0  0  0
   -3.3905    4.1679   -3.3724  N  0  0  0  0  0
   -3.5845    3.1461   -4.2146  C  0  0  0  0  0
   -2.4366    2.8651   -4.9858  C  0  0  0  0  0
  1  6  2  0  0  0
  1  9  2  0  0  0
  1  2  1  0  0  0
  2  3  1  0  0  0
  3  4  1  0  0  0
  4  5  2  0  0  0
  5  6  1  0  0  0
  6  7  1  0  0  0
  7  8  2  0  0  0
  8  9  1  0  0  0
M  END
$$$$
c12[n](ncc1)C=CCN2
  -ISIS-

  9 10  0  0  0  0  0  0  0  0  1
   -1.5136    3.7838   -4.5646  C  0  0  0  0  0
   -0.2063    4.0010   -4.9480  N  0  0  0  0  0
    0.5438    4.9979   -4.3711  C  0  0  0  0  0
   -0.1165    5.8291   -3.3223  C  0  0  0  0  0
   -1.3989    5.6081   -2.9697  C  0  0  0  0  0
   -2.1116    4.5704   -3.5875  N  0  0  0  0  0
   -3.3905    4.1679   -3.3724  N  0  0  0  0  0
   -3.5845    3.1461   -4.2146  C  0  0  0  0  0
   -2.4366    2.8651   -4.9858  C  0  0  0  0  0
  1  6  2  0  0  0
  1  9  2  0  0  0
  1  2  1  0  0  0
  2  3  1  0  0  0
  3  4  1  0  0  0
  4  5  2  0  0  0
  5  6  1  0  0  0
  6  7  1  0  0  0
  7  8  2  0  0  0
  8  9  1  0  0  0
M  END
$$$$
