c12[c]3[c](nc(n1)CCCCCCCN2)cccc3
  -ISIS-

 18 20  0  0  0  0  0  0  0  0  1
   -2.0238   -1.6395    6.9608  C  0  0  0  0  0
   -1.0868   -2.2288    6.2011  N  0  0  0  0  0
   -1.0000   -1.8469    4.9236  C  0  0  0  0  0
   -1.8084   -0.8438    4.3764  C  0  0  0  0  0
   -2.7313   -0.2633    5.2622  C  0  0  0  0  0
   -3.5214    0.8208    4.8337  N  0  0  0  0  0
   -4.4588    1.3987    5.7970  C  0  0  0  0  0
   -3.8274    2.4722    6.6992  C  0  0  0  0  0
   -2.9250    1.9683    7.8337  C  0  0  0  0  0
   -3.6781    1.1394    8.8824  C  0  0  0  0  0
   -2.7811    0.1462    9.6376  C  0  0  0  0  0
   -3.0808   -1.3313    9.3159  C  0  0  0  0  0
   -2.0528   -2.0290    8.4146  C  0  0  0  0  0
   -2.8773   -0.7093    6.5194  N  0  0  0  0  0
   -1.6520   -0.4887    3.0114  C  0  0  0  0  0
   -0.7003   -1.1185    2.2128  C  0  0  0  0  0
    0.1026   -2.1070    2.7643  C  0  0  0  0  0
   -0.0559   -2.4594    4.1075  C  0  0  0  0  0
  1 13  1  0  0  0
  1 14  2  0  0  0
  1  2  1  0  0  0
  2  3  2  0  0  0
  3 18  1  0  0  0
  3  4  2  0  0  0
  4  5  2  0  0  0
  4 15  1  0  0  0
  5  6  1  0  0  0
  5 14  1  0  0  0
  6  7  1  0  0  0
  7  8  1  0  0  0
  8  9  1  0  0  0
  9 10  1  0  0  0
 10 11  1  0  0  0
 11 12  1  0  0  0
 12 13  1  0  0  0
 15 16  2  0  0  0
 16 17  1  0  0  0
 17 18  2  0  0  0
M  END
$$$$
