c12[c]3[c](nc4c(c3)CCC4)[s]c1CNN=N2
  -ISIS-

 16 19  0  0  0  0  0  0  0  0  1
    1.4340    7.0252   -3.5775  C  0  0  0  0  0
    2.5603    7.9018   -3.4506  C  0  0  0  0  0
    3.1282    7.8608   -2.1603  N  0  0  0  0  0
    2.6187    7.0441   -1.1539  N  0  0  0  0  0
    1.6292    6.2924   -1.3157  N  0  0  0  0  0
    0.9898    6.2547   -2.5517  C  0  0  0  0  0
   -0.1450    5.4469   -2.8687  C  0  0  0  0  0
   -0.4988    5.6797   -4.2048  C  0  0  0  0  0
   -1.5120    5.1076   -4.8927  N  0  0  0  0  0
   -2.2215    4.2448   -4.1545  C  0  0  0  0  0
   -3.3734    3.4489   -4.7064  C  0  0  0  0  0
   -4.0653    2.9998   -3.4152  C  0  0  0  0  0
   -2.9647    2.8874   -2.3513  C  0  0  0  0  0
   -1.9907    3.9206   -2.8257  C  0  0  0  0  0
   -0.9315    4.5091   -2.1417  C  0  0  0  0  0
    0.5145    6.8205   -4.9814  S  0  0  0  0  0
  1  6  2  0  0  0
  1 16  1  0  0  0
  1  2  1  0  0  0
  2  3  1  0  0  0
  3  4  1  0  0  0
  4  5  2  0  0  0
  5  6  1  0  0  0
  6  7  1  0  0  0
  7 15  2  0  0  0
  7  8  1  0  0  0
  8  9  2  0  0  0
  8 16  1  0  0  0
  9 10  1  0  0  0
 10 14  2  0  0  0
 10 11  1  0  0  0
 11 12  1  0  0  0
 12 13  1  0  0  0
 13 14  1  0  0  0
 14 15  1  0  0  0
M  END
$$$$
c12[c]3[c](nc4c(c3)CCC4)[s]c1CNN=N2
  -ISIS-

 16 19  0  0  0  0  0  0  0  0  1
    1.4340    7.0252   -3.5775  C  0  0  0  0  0
    2.5603    7.9018   -3.4506  C  0  0  0  0  0
    3.1282    7.8608   -2.1603  N  0  0  0  0  0
    2.6187    7.0441   -1.1539  N  0  0  0  0  0
    1.6292    6.2924   -1.3157  N  0  0  0  0  0
    0.9898    6.2547   -2.5517  C  0  0  0  0  0
   -0.1450    5.4469   -2.8687  C  0  0  0  0  0
   -0.4988    5.6797   -4.2048  C  0  0  0  0  0
   -1.5120    5.1076   -4.8927  N  0  0  0  0  0
   -2.2215    4.2448   -4.1545  C  0  0  0  0  0
   -3.3734    3.4489   -4.7064  C  0  0  0  0  0
   -4.0653    2.9998   -3.4152  C  0  0  0  0  0
   -2.9647    2.8874   -2.3513  C  0  0  0  0  0
   -1.9907    3.9206   -2.8257  C  0  0  0  0  0
   -0.9315    4.5091   -2.1417  C  0  0  0  0  0
    0.5145    6.8205   -4.9814  S  0  0  0  0  0
  1  6  2  0  0  0
  1 16  1  0  0  0
  1  2  1  0  0  0
  2  3  1  0  0  0
  3  4  1  0  0  0
  4  5  2  0  0  0
  5  6  1  0  0  0
  6  7  1  0  0  0
  7 15  2  0  0  0
  7  8  1  0  0  0
  8  9  2  0  0  0
  8 16  1  0  0  0
  9 10  1  0  0  0
 10 14  2  0  0  0
 10 11  1  0  0  0
 11 12  1  0  0  0
 12 13  1  0  0  0
 13 14  1  0  0  0
 14 15  1  0  0  0
M  END
$$$$
c12[c]3[c](nc4c(c3)CCC4)[s]c1CNN=N2
  -ISIS-

 16 19  0  0  0  0  0  0  0  0  1
    1.4340    7.0252   -3.5775  C  0  0  0  0  0
    2.5603    7.9018   -3.4506  C  0  0  0  0  0
    3.1282    7.8608   -2.1603  N  0  0  0  0  0
    2.6187    7.0441   -1.1539  N  0  0  0  0  0
    1.6292    6.2924   -1.3157  N  0  0  0  0  0
    0.9898    6.2547   -2.5517  C  0  0  0  0  0
   -0.1450    5.4469   -2.8687  C  0  0  0  0  0
   -0.4988    5.6797   -4.2048  C  0  0  0  0  0
   -1.5120    5.1076   -4.8927  N  0  0  0  0  0
   -2.2215    4.2448   -4.1545  C  0  0  0  0  0
   -3.3734    3.4489   -4.7064  C  0  0  0  0  0
   -4.0653    2.9998   -3.4152  C  0  0  0  0  0
   -2.9647    2.8874   -2.3513  C  0  0  0  0  0
   -1.9907    3.9206   -2.8257  C  0  0  0  0  0
   -0.9315    4.5091   -2.1417  C  0  0  0  0  0
    0.5145    6.8205   -4.9814  S  0  0  0  0  0
  1  6  2  0  0  0
  1 16  1  0  0  0
  1  2  1  0  0  0
  2  3  1  0  0  0
  3  4  1  0  0  0
  4  5  2  0  0  0
  5  6  1  0  0  0
  6  7  1  0  0  0
  7 15  2  0  0  0
  7  8  1  0  0  0
  8  9  2  0  0  0
  8 16  1  0  0  0
  9 10  1  0  0  0
 10 14  2  0  0  0
 10 11  1  0  0  0
 11 12  1  0  0  0
 12 13  1  0  0  0
 13 14  1  0  0  0
 14 15  1  0  0  0
M  END
$$$$
c12[c]3[c](nc4c(c3)CCC4)[s]c1CNN=N2
  -ISIS-

 16 19  0  0  0  0  0  0  0  0  1
   -2.2129   -1.0411   -6.3563  C  0  0  0  0  0
   -1.8811   -2.1161   -7.2434  C  0  0  0  0  0
   -2.3272   -1.8807   -8.5603  N  0  0  0  0  0
   -3.0011   -0.7149   -8.9155  N  0  0  0  0  0
   -3.2660    0.1995   -8.1006  N  0  0  0  0  0
   -2.8787    0.0675   -6.7700  C  0  0  0  0  0
   -3.1213    1.0288   -5.7413  C  0  0  0  0  0
   -2.5764    0.5465   -4.5433  C  0  0  0  0  0
   -2.5827    1.1589   -3.3383  N  0  0  0  0  0
   -3.2012    2.3461   -3.3601  C  0  0  0  0  0
   -3.3008    3.2403   -2.1536  C  0  0  0  0  0
   -4.4270    4.1865   -2.5822  C  0  0  0  0  0
   -4.3500    4.2855   -4.1120  C  0  0  0  0  0
   -3.7891    2.9431   -4.4655  C  0  0  0  0  0
   -3.7591    2.3010   -5.6997  C  0  0  0  0  0
   -1.8362   -0.9885   -4.7091  S  0  0  0  0  0
  1  6  2  0  0  0
  1 16  1  0  0  0
  1  2  1  0  0  0
  2  3  1  0  0  0
  3  4  1  0  0  0
  4  5  2  0  0  0
  5  6  1  0  0  0
  6  7  1  0  0  0
  7 15  2  0  0  0
  7  8  1  0  0  0
  8  9  2  0  0  0
  8 16  1  0  0  0
  9 10  1  0  0  0
 10 14  2  0  0  0
 10 11  1  0  0  0
 11 12  1  0  0  0
 12 13  1  0  0  0
 13 14  1  0  0  0
 14 15  1  0  0  0
M  END
$$$$
c12[c]3[c](nc4c(c3)CCC4)[s]c1CNN=N2
  -ISIS-

 16 19  0  0  0  0  0  0  0  0  1
   -2.2129   -1.0411   -6.3563  C  0  0  0  0  0
   -1.8811   -2.1161   -7.2434  C  0  0  0  0  0
   -2.3272   -1.8807   -8.5603  N  0  0  0  0  0
   -3.0011   -0.7149   -8.9155  N  0  0  0  0  0
   -3.2660    0.1995   -8.1006  N  0  0  0  0  0
   -2.8787    0.0675   -6.7700  C  0  0  0  0  0
   -3.1213    1.0288   -5.7413  C  0  0  0  0  0
   -2.5764    0.5465   -4.5433  C  0  0  0  0  0
   -2.5827    1.1589   -3.3383  N  0  0  0  0  0
   -3.2012    2.3461   -3.3601  C  0  0  0  0  0
   -3.3008    3.2403   -2.1536  C  0  0  0  0  0
   -4.4270    4.1865   -2.5822  C  0  0  0  0  0
   -4.3500    4.2855   -4.1120  C  0  0  0  0  0
   -3.7891    2.9431   -4.4655  C  0  0  0  0  0
   -3.7591    2.3010   -5.6997  C  0  0  0  0  0
   -1.8362   -0.9885   -4.7091  S  0  0  0  0  0
  1  6  2  0  0  0
  1 16  1  0  0  0
  1  2  1  0  0  0
  2  3  1  0  0  0
  3  4  1  0  0  0
  4  5  2  0  0  0
  5  6  1  0  0  0
  6  7  1  0  0  0
  7 15  2  0  0  0
  7  8  1  0  0  0
  8  9  2  0  0  0
  8 16  1  0  0  0
  9 10  1  0  0  0
 10 14  2  0  0  0
 10 11  1  0  0  0
 11 12  1  0  0  0
 12 13  1  0  0  0
 13 14  1  0  0  0
 14 15  1  0  0  0
M  END
$$$$
c12[c]3[c](nc4c(c3)CCC4)[s]c1CNN=N2
  -ISIS-

 16 19  0  0  0  0  0  0  0  0  1
   -2.2129   -1.0411   -6.3563  C  0  0  0  0  0
   -1.8811   -2.1161   -7.2434  C  0  0  0  0  0
   -2.3272   -1.8807   -8.5603  N  0  0  0  0  0
   -3.0011   -0.7149   -8.9155  N  0  0  0  0  0
   -3.2660    0.1995   -8.1006  N  0  0  0  0  0
   -2.8787    0.0675   -6.7700  C  0  0  0  0  0
   -3.1213    1.0288   -5.7413  C  0  0  0  0  0
   -2.5764    0.5465   -4.5433  C  0  0  0  0  0
   -2.5827    1.1589   -3.3383  N  0  0  0  0  0
   -3.2012    2.3461   -3.3601  C  0  0  0  0  0
   -3.3008    3.2403   -2.1536  C  0  0  0  0  0
   -4.4270    4.1865   -2.5822  C  0  0  0  0  0
   -4.3500    4.2855   -4.1120  C  0  0  0  0  0
   -3.7891    2.9431   -4.4655  C  0  0  0  0  0
   -3.7591    2.3010   -5.6997  C  0  0  0  0  0
   -1.8362   -0.9885   -4.7091  S  0  0  0  0  0
  1  6  2  0  0  0
  1 16  1  0  0  0
  1  2  1  0  0  0
  2  3  1  0  0  0
  3  4  1  0  0  0
  4  5  2  0  0  0
  5  6  1  0  0  0
  6  7  1  0  0  0
  7 15  2  0  0  0
  7  8  1  0  0  0
  8  9  2  0  0  0
  8 16  1  0  0  0
  9 10  1  0  0  0
 10 14  2  0  0  0
 10 11  1  0  0  0
 11 12  1  0  0  0
 12 13  1  0  0  0
 13 14  1  0  0  0
 14 15  1  0  0  0
M  END
$$$$
c12[c]3[c](nc4c(c3)CCC4)[s]c1CNN=N2
  -ISIS-

 16 19  0  0  0  0  0  0  0  0  1
   -4.2274    0.9790    5.3080  C  0  0  0  0  0
   -2.9287    0.6932    5.8224  C  0  0  0  0  0
   -2.2799   -0.2995    5.0915  N  0  0  0  0  0
   -2.8357   -0.9610    4.0148  N  0  0  0  0  0
   -3.9817   -0.6725    3.5889  N  0  0  0  0  0
   -4.7319    0.3176    4.2316  C  0  0  0  0  0
   -6.0477    0.7314    3.8575  C  0  0  0  0  0
   -6.4614    1.7473    4.7317  C  0  0  0  0  0
   -7.6369    2.4149    4.7108  N  0  0  0  0  0
   -8.4529    2.0023    3.7329  C  0  0  0  0  0
   -9.8031    2.6165    3.4790  C  0  0  0  0  0
  -10.4576    1.5376    2.6100  C  0  0  0  0  0
   -9.3190    0.8508    1.8435  C  0  0  0  0  0
   -8.1807    1.0098    2.8031  C  0  0  0  0  0
   -6.9577    0.3460    2.8324  C  0  0  0  0  0
   -5.2926    2.1322    5.9238  S  0  0  0  0  0
  1  6  2  0  0  0
  1 16  1  0  0  0
  1  2  1  0  0  0
  2  3  1  0  0  0
  3  4  1  0  0  0
  4  5  2  0  0  0
  5  6  1  0  0  0
  6  7  1  0  0  0
  7 15  2  0  0  0
  7  8  1  0  0  0
  8  9  2  0  0  0
  8 16  1  0  0  0
  9 10  1  0  0  0
 10 14  2  0  0  0
 10 11  1  0  0  0
 11 12  1  0  0  0
 12 13  1  0  0  0
 13 14  1  0  0  0
 14 15  1  0  0  0
M  END
$$$$
c12[c]3[c](nc4c(c3)CCC4)[s]c1CNN=N2
  -ISIS-

 16 19  0  0  0  0  0  0  0  0  1
   -4.2274    0.9790    5.3080  C  0  0  0  0  0
   -2.9287    0.6932    5.8224  C  0  0  0  0  0
   -2.2799   -0.2995    5.0915  N  0  0  0  0  0
   -2.8357   -0.9610    4.0148  N  0  0  0  0  0
   -3.9817   -0.6725    3.5889  N  0  0  0  0  0
   -4.7319    0.3176    4.2316  C  0  0  0  0  0
   -6.0477    0.7314    3.8575  C  0  0  0  0  0
   -6.4614    1.7473    4.7317  C  0  0  0  0  0
   -7.6369    2.4149    4.7108  N  0  0  0  0  0
   -8.4529    2.0023    3.7329  C  0  0  0  0  0
   -9.8031    2.6165    3.4790  C  0  0  0  0  0
  -10.4576    1.5376    2.6100  C  0  0  0  0  0
   -9.3190    0.8508    1.8435  C  0  0  0  0  0
   -8.1807    1.0098    2.8031  C  0  0  0  0  0
   -6.9577    0.3460    2.8324  C  0  0  0  0  0
   -5.2926    2.1322    5.9238  S  0  0  0  0  0
  1  6  2  0  0  0
  1 16  1  0  0  0
  1  2  1  0  0  0
  2  3  1  0  0  0
  3  4  1  0  0  0
  4  5  2  0  0  0
  5  6  1  0  0  0
  6  7  1  0  0  0
  7 15  2  0  0  0
  7  8  1  0  0  0
  8  9  2  0  0  0
  8 16  1  0  0  0
  9 10  1  0  0  0
 10 14  2  0  0  0
 10 11  1  0  0  0
 11 12  1  0  0  0
 12 13  1  0  0  0
 13 14  1  0  0  0
 14 15  1  0  0  0
M  END
$$$$
c12[c]3[c](nc4c(c3)CCC4)[s]c1CNN=N2
  -ISIS-

 16 19  0  0  0  0  0  0  0  0  1
   -4.2274    0.9790    5.3080  C  0  0  0  0  0
   -2.9287    0.6932    5.8224  C  0  0  0  0  0
   -2.2799   -0.2995    5.0915  N  0  0  0  0  0
   -2.8357   -0.9610    4.0148  N  0  0  0  0  0
   -3.9817   -0.6725    3.5889  N  0  0  0  0  0
   -4.7319    0.3176    4.2316  C  0  0  0  0  0
   -6.0477    0.7314    3.8575  C  0  0  0  0  0
   -6.4614    1.7473    4.7317  C  0  0  0  0  0
   -7.6369    2.4149    4.7108  N  0  0  0  0  0
   -8.4529    2.0023    3.7329  C  0  0  0  0  0
   -9.8031    2.6165    3.4790  C  0  0  0  0  0
  -10.4576    1.5376    2.6100  C  0  0  0  0  0
   -9.3190    0.8508    1.8435  C  0  0  0  0  0
   -8.1807    1.0098    2.8031  C  0  0  0  0  0
   -6.9577    0.3460    2.8324  C  0  0  0  0  0
   -5.2926    2.1322    5.9238  S  0  0  0  0  0
  1  6  2  0  0  0
  1 16  1  0  0  0
  1  2  1  0  0  0
  2  3  1  0  0  0
  3  4  1  0  0  0
  4  5  2  0  0  0
  5  6  1  0  0  0
  6  7  1  0  0  0
  7 15  2  0  0  0
  7  8  1  0  0  0
  8  9  2  0  0  0
  8 16  1  0  0  0
  9 10  1  0  0  0
 10 14  2  0  0  0
 10 11  1  0  0  0
 11 12  1  0  0  0
 12 13  1  0  0  0
 13 14  1  0  0  0
 14 15  1  0  0  0
M  END
$$$$
c12[c]3[c](nc4c(c3)CCC4)[s]c1CNN=N2
  -ISIS-

 16 19  0  0  0  0  0  0  0  0  1
   -2.3905   -2.8117    7.2233  C  0  0  0  0  0
   -1.5309   -1.7789    7.6983  C  0  0  0  0  0
   -1.0451   -0.9769    6.6698  N  0  0  0  0  0
   -1.3879   -1.1340    5.3407  N  0  0  0  0  0
   -2.1607   -2.0502    4.9643  N  0  0  0  0  0
   -2.6914   -2.9399    5.9032  C  0  0  0  0  0
   -3.5692   -4.0282    5.6090  C  0  0  0  0  0
   -3.8895   -4.6806    6.8085  C  0  0  0  0  0
   -4.6972   -5.7529    6.9650  N  0  0  0  0  0
   -5.2046   -6.1961    5.8077  C  0  0  0  0  0
   -6.1674   -7.3498    5.7236  C  0  0  0  0  0
   -6.0751   -7.7016    4.2352  C  0  0  0  0  0
   -5.7436   -6.3947    3.5017  C  0  0  0  0  0
   -4.9725   -5.6561    4.5512  C  0  0  0  0  0
   -4.1496   -4.5422    4.4152  C  0  0  0  0  0
   -3.1419   -3.9783    8.1811  S  0  0  0  0  0
  1  6  2  0  0  0
  1 16  1  0  0  0
  1  2  1  0  0  0
  2  3  1  0  0  0
  3  4  1  0  0  0
  4  5  2  0  0  0
  5  6  1  0  0  0
  6  7  1  0  0  0
  7 15  2  0  0  0
  7  8  1  0  0  0
  8  9  2  0  0  0
  8 16  1  0  0  0
  9 10  1  0  0  0
 10 14  2  0  0  0
 10 11  1  0  0  0
 11 12  1  0  0  0
 12 13  1  0  0  0
 13 14  1  0  0  0
 14 15  1  0  0  0
M  END
$$$$
c12[c]3[c](nc4c(c3)CCC4)[s]c1CNN=N2
  -ISIS-

 16 19  0  0  0  0  0  0  0  0  1
   -2.3905   -2.8117    7.2233  C  0  0  0  0  0
   -1.5309   -1.7789    7.6983  C  0  0  0  0  0
   -1.0451   -0.9769    6.6698  N  0  0  0  0  0
   -1.3879   -1.1340    5.3407  N  0  0  0  0  0
   -2.1607   -2.0502    4.9643  N  0  0  0  0  0
   -2.6914   -2.9399    5.9032  C  0  0  0  0  0
   -3.5692   -4.0282    5.6090  C  0  0  0  0  0
   -3.8895   -4.6806    6.8085  C  0  0  0  0  0
   -4.6972   -5.7529    6.9650  N  0  0  0  0  0
   -5.2046   -6.1961    5.8077  C  0  0  0  0  0
   -6.1674   -7.3498    5.7236  C  0  0  0  0  0
   -6.0751   -7.7016    4.2352  C  0  0  0  0  0
   -5.7436   -6.3947    3.5017  C  0  0  0  0  0
   -4.9725   -5.6561    4.5512  C  0  0  0  0  0
   -4.1496   -4.5422    4.4152  C  0  0  0  0  0
   -3.1419   -3.9783    8.1811  S  0  0  0  0  0
  1  6  2  0  0  0
  1 16  1  0  0  0
  1  2  1  0  0  0
  2  3  1  0  0  0
  3  4  1  0  0  0
  4  5  2  0  0  0
  5  6  1  0  0  0
  6  7  1  0  0  0
  7 15  2  0  0  0
  7  8  1  0  0  0
  8  9  2  0  0  0
  8 16  1  0  0  0
  9 10  1  0  0  0
 10 14  2  0  0  0
 10 11  1  0  0  0
 11 12  1  0  0  0
 12 13  1  0  0  0
 13 14  1  0  0  0
 14 15  1  0  0  0
M  END
$$$$
c12[c]3[c](nc4c(c3)CCC4)[s]c1CNN=N2
  -ISIS-

 16 19  0  0  0  0  0  0  0  0  1
   -2.3905   -2.8117    7.2233  C  0  0  0  0  0
   -1.5309   -1.7789    7.6983  C  0  0  0  0  0
   -1.0451   -0.9769    6.6698  N  0  0  0  0  0
   -1.3879   -1.1340    5.3407  N  0  0  0  0  0
   -2.1607   -2.0502    4.9643  N  0  0  0  0  0
   -2.6914   -2.9399    5.9032  C  0  0  0  0  0
   -3.5692   -4.0282    5.6090  C  0  0  0  0  0
   -3.8895   -4.6806    6.8085  C  0  0  0  0  0
   -4.6972   -5.7529    6.9650  N  0  0  0  0  0
   -5.2046   -6.1961    5.8077  C  0  0  0  0  0
   -6.1674   -7.3498    5.7236  C  0  0  0  0  0
   -6.0751   -7.7016    4.2352  C  0  0  0  0  0
   -5.7436   -6.3947    3.5017  C  0  0  0  0  0
   -4.9725   -5.6561    4.5512  C  0  0  0  0  0
   -4.1496   -4.5422    4.4152  C  0  0  0  0  0
   -3.1419   -3.9783    8.1811  S  0  0  0  0  0
  1  6  2  0  0  0
  1 16  1  0  0  0
  1  2  1  0  0  0
  2  3  1  0  0  0
  3  4  1  0  0  0
  4  5  2  0  0  0
  5  6  1  0  0  0
  6  7  1  0  0  0
  7 15  2  0  0  0
  7  8  1  0  0  0
  8  9  2  0  0  0
  8 16  1  0  0  0
  9 10  1  0  0  0
 10 14  2  0  0  0
 10 11  1  0  0  0
 11 12  1  0  0  0
 12 13  1  0  0  0
 13 14  1  0  0  0
 14 15  1  0  0  0
M  END
$$$$
c12[c]3[c](nc4c(c3)CCC4)[s]c1CNN=N2
  -ISIS-

 16 19  0  0  0  0  0  0  0  0  1
   -3.4979   -4.1975    0.8531  C  0  0  0  0  0
   -2.3139   -4.9736    0.6826  C  0  0  0  0  0
   -1.6592   -5.2107    1.8901  N  0  0  0  0  0
   -2.1019   -4.7445    3.1144  N  0  0  0  0  0
   -3.1534   -4.0667    3.2196  N  0  0  0  0  0
   -3.8963   -3.7581    2.0767  C  0  0  0  0  0
   -5.0952   -2.9817    2.0554  C  0  0  0  0  0
   -5.5426   -2.8868    0.7297  C  0  0  0  0  0
   -6.6376   -2.2327    0.2821  N  0  0  0  0  0
   -7.3302   -1.6430    1.2647  C  0  0  0  0  0
   -8.5640   -0.8177    1.0161  C  0  0  0  0  0
   -9.1716   -0.7672    2.4218  C  0  0  0  0  0
   -7.9956   -0.8519    3.4045  C  0  0  0  0  0
   -7.0099   -1.6553    2.6143  C  0  0  0  0  0
   -5.8690   -2.3215    3.0512  C  0  0  0  0  0
   -4.5335   -3.7082   -0.3848  S  0  0  0  0  0
  1  6  2  0  0  0
  1 16  1  0  0  0
  1  2  1  0  0  0
  2  3  1  0  0  0
  3  4  1  0  0  0
  4  5  2  0  0  0
  5  6  1  0  0  0
  6  7  1  0  0  0
  7 15  2  0  0  0
  7  8  1  0  0  0
  8  9  2  0  0  0
  8 16  1  0  0  0
  9 10  1  0  0  0
 10 14  2  0  0  0
 10 11  1  0  0  0
 11 12  1  0  0  0
 12 13  1  0  0  0
 13 14  1  0  0  0
 14 15  1  0  0  0
M  END
$$$$
c12[c]3[c](nc4c(c3)CCC4)[s]c1CNN=N2
  -ISIS-

 16 19  0  0  0  0  0  0  0  0  1
   -3.4979   -4.1975    0.8531  C  0  0  0  0  0
   -2.3139   -4.9736    0.6826  C  0  0  0  0  0
   -1.6592   -5.2107    1.8901  N  0  0  0  0  0
   -2.1019   -4.7445    3.1144  N  0  0  0  0  0
   -3.1534   -4.0667    3.2196  N  0  0  0  0  0
   -3.8963   -3.7581    2.0767  C  0  0  0  0  0
   -5.0952   -2.9817    2.0554  C  0  0  0  0  0
   -5.5426   -2.8868    0.7297  C  0  0  0  0  0
   -6.6376   -2.2327    0.2821  N  0  0  0  0  0
   -7.3302   -1.6430    1.2647  C  0  0  0  0  0
   -8.5640   -0.8177    1.0161  C  0  0  0  0  0
   -9.1716   -0.7672    2.4218  C  0  0  0  0  0
   -7.9956   -0.8519    3.4045  C  0  0  0  0  0
   -7.0099   -1.6553    2.6143  C  0  0  0  0  0
   -5.8690   -2.3215    3.0512  C  0  0  0  0  0
   -4.5335   -3.7082   -0.3848  S  0  0  0  0  0
  1  6  2  0  0  0
  1 16  1  0  0  0
  1  2  1  0  0  0
  2  3  1  0  0  0
  3  4  1  0  0  0
  4  5  2  0  0  0
  5  6  1  0  0  0
  6  7  1  0  0  0
  7 15  2  0  0  0
  7  8  1  0  0  0
  8  9  2  0  0  0
  8 16  1  0  0  0
  9 10  1  0  0  0
 10 14  2  0  0  0
 10 11  1  0  0  0
 11 12  1  0  0  0
 12 13  1  0  0  0
 13 14  1  0  0  0
 14 15  1  0  0  0
M  END
$$$$
c12[c]3[c](nc4c(c3)CCC4)[s]c1CNN=N2
  -ISIS-

 16 19  0  0  0  0  0  0  0  0  1
   -3.4979   -4.1975    0.8531  C  0  0  0  0  0
   -2.3139   -4.9736    0.6826  C  0  0  0  0  0
   -1.6592   -5.2107    1.8901  N  0  0  0  0  0
   -2.1019   -4.7445    3.1144  N  0  0  0  0  0
   -3.1534   -4.0667    3.2196  N  0  0  0  0  0
   -3.8963   -3.7581    2.0767  C  0  0  0  0  0
   -5.0952   -2.9817    2.0554  C  0  0  0  0  0
   -5.5426   -2.8868    0.7297  C  0  0  0  0  0
   -6.6376   -2.2327    0.2821  N  0  0  0  0  0
   -7.3302   -1.6430    1.2647  C  0  0  0  0  0
   -8.5640   -0.8177    1.0161  C  0  0  0  0  0
   -9.1716   -0.7672    2.4218  C  0  0  0  0  0
   -7.9956   -0.8519    3.4045  C  0  0  0  0  0
   -7.0099   -1.6553    2.6143  C  0  0  0  0  0
   -5.8690   -2.3215    3.0512  C  0  0  0  0  0
   -4.5335   -3.7082   -0.3848  S  0  0  0  0  0
  1  6  2  0  0  0
  1 16  1  0  0  0
  1  2  1  0  0  0
  2  3  1  0  0  0
  3  4  1  0  0  0
  4  5  2  0  0  0
  5  6  1  0  0  0
  6  7  1  0  0  0
  7 15  2  0  0  0
  7  8  1  0  0  0
  8  9  2  0  0  0
  8 16  1  0  0  0
  9 10  1  0  0  0
 10 14  2  0  0  0
 10 11  1  0  0  0
 11 12  1  0  0  0
 12 13  1  0  0  0
 13 14  1  0  0  0
 14 15  1  0  0  0
M  END
$$$$
c12[c]3[c](nc4c(c3)CCC4)[s]c1CNN=N2
  -ISIS-

 16 19  0  0  0  0  0  0  0  0  1
   -9.1364   -3.2403    7.1887  C  0  0  0  0  0
   -7.8855   -3.7307    6.7104  C  0  0  0  0  0
   -7.7354   -3.5396    5.3383  N  0  0  0  0  0
   -8.6738   -2.9253    4.5319  N  0  0  0  0  0
   -9.7701   -2.5203    4.9925  N  0  0  0  0  0
  -10.0409   -2.6557    6.3578  C  0  0  0  0  0
  -11.2362   -2.2218    7.0099  C  0  0  0  0  0
  -11.1398   -2.5355    8.3735  C  0  0  0  0  0
  -12.0585   -2.2911    9.3350  N  0  0  0  0  0
  -13.1579   -1.6893    8.8640  C  0  0  0  0  0
  -14.3013   -1.2672    9.7466  C  0  0  0  0  0
  -15.4100   -1.0565    8.7106  C  0  0  0  0  0
  -14.7125   -0.6324    7.4108  C  0  0  0  0  0
  -13.3922   -1.3252    7.5462  C  0  0  0  0  0
  -12.4271   -1.5742    6.5747  C  0  0  0  0  0
   -9.6674   -3.3070    8.7881  S  0  0  0  0  0
  1  6  2  0  0  0
  1 16  1  0  0  0
  1  2  1  0  0  0
  2  3  1  0  0  0
  3  4  1  0  0  0
  4  5  2  0  0  0
  5  6  1  0  0  0
  6  7  1  0  0  0
  7 15  2  0  0  0
  7  8  1  0  0  0
  8  9  2  0  0  0
  8 16  1  0  0  0
  9 10  1  0  0  0
 10 14  2  0  0  0
 10 11  1  0  0  0
 11 12  1  0  0  0
 12 13  1  0  0  0
 13 14  1  0  0  0
 14 15  1  0  0  0
M  END
$$$$
c12[c]3[c](nc4c(c3)CCC4)[s]c1CNN=N2
  -ISIS-

 16 19  0  0  0  0  0  0  0  0  1
   -9.1364   -3.2403    7.1887  C  0  0  0  0  0
   -7.8855   -3.7307    6.7104  C  0  0  0  0  0
   -7.7354   -3.5396    5.3383  N  0  0  0  0  0
   -8.6738   -2.9253    4.5319  N  0  0  0  0  0
   -9.7701   -2.5203    4.9925  N  0  0  0  0  0
  -10.0409   -2.6557    6.3578  C  0  0  0  0  0
  -11.2362   -2.2218    7.0099  C  0  0  0  0  0
  -11.1398   -2.5355    8.3735  C  0  0  0  0  0
  -12.0585   -2.2911    9.3350  N  0  0  0  0  0
  -13.1579   -1.6893    8.8640  C  0  0  0  0  0
  -14.3013   -1.2672    9.7466  C  0  0  0  0  0
  -15.4100   -1.0565    8.7106  C  0  0  0  0  0
  -14.7125   -0.6324    7.4108  C  0  0  0  0  0
  -13.3922   -1.3252    7.5462  C  0  0  0  0  0
  -12.4271   -1.5742    6.5747  C  0  0  0  0  0
   -9.6674   -3.3070    8.7881  S  0  0  0  0  0
  1  6  2  0  0  0
  1 16  1  0  0  0
  1  2  1  0  0  0
  2  3  1  0  0  0
  3  4  1  0  0  0
  4  5  2  0  0  0
  5  6  1  0  0  0
  6  7  1  0  0  0
  7 15  2  0  0  0
  7  8  1  0  0  0
  8  9  2  0  0  0
  8 16  1  0  0  0
  9 10  1  0  0  0
 10 14  2  0  0  0
 10 11  1  0  0  0
 11 12  1  0  0  0
 12 13  1  0  0  0
 13 14  1  0  0  0
 14 15  1  0  0  0
M  END
$$$$
c12[c]3[c](nc4c(c3)CCC4)[s]c1CNN=N2
  -ISIS-

 16 19  0  0  0  0  0  0  0  0  1
   -9.1364   -3.2403    7.1887  C  0  0  0  0  0
   -7.8855   -3.7307    6.7104  C  0  0  0  0  0
   -7.7354   -3.5396    5.3383  N  0  0  0  0  0
   -8.6738   -2.9253    4.5319  N  0  0  0  0  0
   -9.7701   -2.5203    4.9925  N  0  0  0  0  0
  -10.0409   -2.6557    6.3578  C  0  0  0  0  0
  -11.2362   -2.2218    7.0099  C  0  0  0  0  0
  -11.1398   -2.5355    8.3735  C  0  0  0  0  0
  -12.0585   -2.2911    9.3350  N  0  0  0  0  0
  -13.1579   -1.6893    8.8640  C  0  0  0  0  0
  -14.3013   -1.2672    9.7466  C  0  0  0  0  0
  -15.4100   -1.0565    8.7106  C  0  0  0  0  0
  -14.7125   -0.6324    7.4108  C  0  0  0  0  0
  -13.3922   -1.3252    7.5462  C  0  0  0  0  0
  -12.4271   -1.5742    6.5747  C  0  0  0  0  0
   -9.6674   -3.3070    8.7881  S  0  0  0  0  0
  1  6  2  0  0  0
  1 16  1  0  0  0
  1  2  1  0  0  0
  2  3  1  0  0  0
  3  4  1  0  0  0
  4  5  2  0  0  0
  5  6  1  0  0  0
  6  7  1  0  0  0
  7 15  2  0  0  0
  7  8  1  0  0  0
  8  9  2  0  0  0
  8 16  1  0  0  0
  9 10  1  0  0  0
 10 14  2  0  0  0
 10 11  1  0  0  0
 11 12  1  0  0  0
 12 13  1  0  0  0
 13 14  1  0  0  0
 14 15  1  0  0  0
M  END
$$$$
c12[c]3[c](nc4c(c3)CCC4)[s]c1CNN=N2
  -ISIS-

 16 19  0  0  0  0  0  0  0  0  1
   -6.8586   -1.5082   -1.1617  C  0  0  0  0  0
   -7.4475   -1.7885   -2.4299  C  0  0  0  0  0
   -7.7425   -3.1413   -2.5853  N  0  0  0  0  0
   -7.5290   -4.1003   -1.6150  N  0  0  0  0  0
   -7.0006   -3.8111   -0.5126  N  0  0  0  0  0
   -6.6464   -2.4858   -0.2401  C  0  0  0  0  0
   -6.0529   -2.0230    0.9743  C  0  0  0  0  0
   -5.8453   -0.6398    0.8715  C  0  0  0  0  0
   -5.3089    0.1765    1.8059  N  0  0  0  0  0
   -4.9517   -0.4715    2.9218  C  0  0  0  0  0
   -4.3771    0.2263    4.1251  C  0  0  0  0  0
   -3.7667   -0.9552    4.8859  C  0  0  0  0  0
   -4.6216   -2.1815    4.5381  C  0  0  0  0  0
   -5.0926   -1.8308    3.1609  C  0  0  0  0  0
   -5.6605   -2.6508    2.1905  C  0  0  0  0  0
   -6.3575    0.0114   -0.6281  S  0  0  0  0  0
  1  6  2  0  0  0
  1 16  1  0  0  0
  1  2  1  0  0  0
  2  3  1  0  0  0
  3  4  1  0  0  0
  4  5  2  0  0  0
  5  6  1  0  0  0
  6  7  1  0  0  0
  7 15  2  0  0  0
  7  8  1  0  0  0
  8  9  2  0  0  0
  8 16  1  0  0  0
  9 10  1  0  0  0
 10 14  2  0  0  0
 10 11  1  0  0  0
 11 12  1  0  0  0
 12 13  1  0  0  0
 13 14  1  0  0  0
 14 15  1  0  0  0
M  END
$$$$
c12[c]3[c](nc4c(c3)CCC4)[s]c1CNN=N2
  -ISIS-

 16 19  0  0  0  0  0  0  0  0  1
   -6.8586   -1.5082   -1.1617  C  0  0  0  0  0
   -7.4475   -1.7885   -2.4299  C  0  0  0  0  0
   -7.7425   -3.1413   -2.5853  N  0  0  0  0  0
   -7.5290   -4.1003   -1.6150  N  0  0  0  0  0
   -7.0006   -3.8111   -0.5126  N  0  0  0  0  0
   -6.6464   -2.4858   -0.2401  C  0  0  0  0  0
   -6.0529   -2.0230    0.9743  C  0  0  0  0  0
   -5.8453   -0.6398    0.8715  C  0  0  0  0  0
   -5.3089    0.1765    1.8059  N  0  0  0  0  0
   -4.9517   -0.4715    2.9218  C  0  0  0  0  0
   -4.3771    0.2263    4.1251  C  0  0  0  0  0
   -3.7667   -0.9552    4.8859  C  0  0  0  0  0
   -4.6216   -2.1815    4.5381  C  0  0  0  0  0
   -5.0926   -1.8308    3.1609  C  0  0  0  0  0
   -5.6605   -2.6508    2.1905  C  0  0  0  0  0
   -6.3575    0.0114   -0.6281  S  0  0  0  0  0
  1  6  2  0  0  0
  1 16  1  0  0  0
  1  2  1  0  0  0
  2  3  1  0  0  0
  3  4  1  0  0  0
  4  5  2  0  0  0
  5  6  1  0  0  0
  6  7  1  0  0  0
  7 15  2  0  0  0
  7  8  1  0  0  0
  8  9  2  0  0  0
  8 16  1  0  0  0
  9 10  1  0  0  0
 10 14  2  0  0  0
 10 11  1  0  0  0
 11 12  1  0  0  0
 12 13  1  0  0  0
 13 14  1  0  0  0
 14 15  1  0  0  0
M  END
$$$$
c12[c]3[c](nc4c(c3)CCC4)[s]c1CNN=N2
  -ISIS-

 16 19  0  0  0  0  0  0  0  0  1
   -6.8586   -1.5082   -1.1617  C  0  0  0  0  0
   -7.4475   -1.7885   -2.4299  C  0  0  0  0  0
   -7.7425   -3.1413   -2.5853  N  0  0  0  0  0
   -7.5290   -4.1003   -1.6150  N  0  0  0  0  0
   -7.0006   -3.8111   -0.5126  N  0  0  0  0  0
   -6.6464   -2.4858   -0.2401  C  0  0  0  0  0
   -6.0529   -2.0230    0.9743  C  0  0  0  0  0
   -5.8453   -0.6398    0.8715  C  0  0  0  0  0
   -5.3089    0.1765    1.8059  N  0  0  0  0  0
   -4.9517   -0.4715    2.9218  C  0  0  0  0  0
   -4.3771    0.2263    4.1251  C  0  0  0  0  0
   -3.7667   -0.9552    4.8859  C  0  0  0  0  0
   -4.6216   -2.1815    4.5381  C  0  0  0  0  0
   -5.0926   -1.8308    3.1609  C  0  0  0  0  0
   -5.6605   -2.6508    2.1905  C  0  0  0  0  0
   -6.3575    0.0114   -0.6281  S  0  0  0  0  0
  1  6  2  0  0  0
  1 16  1  0  0  0
  1  2  1  0  0  0
  2  3  1  0  0  0
  3  4  1  0  0  0
  4  5  2  0  0  0
  5  6  1  0  0  0
  6  7  1  0  0  0
  7 15  2  0  0  0
  7  8  1  0  0  0
  8  9  2  0  0  0
  8 16  1  0  0  0
  9 10  1  0  0  0
 10 14  2  0  0  0
 10 11  1  0  0  0
 11 12  1  0  0  0
 12 13  1  0  0  0
 13 14  1  0  0  0
 14 15  1  0  0  0
M  END
$$$$
