c12[c]3[c](nccc3)oc1CNC=N2
  -ISIS-

 13 15  0  0  0  0  0  0  0  0  1
    0.0527   -8.3466   -4.3348  C  0  0  0  0  0
   -0.5264   -9.5428   -3.8128  C  0  0  0  0  0
    0.1834  -10.6612   -4.2730  N  0  0  0  0  0
    1.3297  -10.5623   -5.0567  C  0  0  0  0  0
    1.8613   -9.4668   -5.5124  N  0  0  0  0  0
    1.1635   -8.3130   -5.1303  C  0  0  0  0  0
    1.4252   -6.9632   -5.4459  C  0  0  0  0  0
    0.4118   -6.2499   -4.7943  C  0  0  0  0  0
    0.2222   -4.9219   -4.7964  N  0  0  0  0  0
    1.1213   -4.2227   -5.5252  C  0  0  0  0  0
    2.1799   -4.8239   -6.2130  C  0  0  0  0  0
    2.3595   -6.2182   -6.1899  C  0  0  0  0  0
   -0.4205   -7.0984   -4.1124  O  0  0  0  0  0
  1  6  2  0  0  0
  1 13  1  0  0  0
  1  2  1  0  0  0
  2  3  1  0  0  0
  3  4  1  0  0  0
  4  5  2  0  0  0
  5  6  1  0  0  0
  6  7  1  0  0  0
  7 12  2  0  0  0
  7  8  1  0  0  0
  8  9  2  0  0  0
  8 13  1  0  0  0
  9 10  1  0  0  0
 10 11  2  0  0  0
 11 12  1  0  0  0
M  END
$$$$
