c12[n](cnc1)CCNC2
  -ISIS-

  9 10  0  0  0  0  0  0  0  0  1
    0.4621    5.7207   -2.3829  C  0  0  0  0  0
    1.2011    5.1455   -1.3840  N  0  0  0  0  0
    2.4052    5.7169   -0.8266  C  0  0  0  0  0
    2.2796    7.1834   -0.7789  C  0  0  0  0  0
    1.4457    7.8475   -1.6370  N  0  0  0  0  0
    0.6343    7.2028   -2.6455  C  0  0  0  0  0
    1.4936    9.1732   -1.3477  C  0  0  0  0  0
    2.3232    9.4060   -0.3570  N  0  0  0  0  0
    2.8378    8.1734    0.0178  C  0  0  0  0  0
  1  6  1  0  0  0
  1  2  1  0  0  0
  2  3  1  0  0  0
  3  4  1  0  0  0
  4  9  2  0  0  0
  4  5  1  0  0  0
  5  6  1  0  0  0
  5  7  1  0  0  0
  7  8  2  0  0  0
  8  9  1  0  0  0
M  END
$$$$
c12[n](cnc1)CCNC2
  -ISIS-

  9 10  0  0  0  0  0  0  0  0  1
    0.4621    5.7207   -2.3829  C  0  0  0  0  0
    1.2011    5.1455   -1.3840  N  0  0  0  0  0
    2.4052    5.7169   -0.8266  C  0  0  0  0  0
    2.2796    7.1834   -0.7789  C  0  0  0  0  0
    1.4457    7.8475   -1.6370  N  0  0  0  0  0
    0.6343    7.2028   -2.6455  C  0  0  0  0  0
    1.4936    9.1732   -1.3477  C  0  0  0  0  0
    2.3232    9.4060   -0.3570  N  0  0  0  0  0
    2.8378    8.1734    0.0178  C  0  0  0  0  0
  1  6  1  0  0  0
  1  2  1  0  0  0
  2  3  1  0  0  0
  3  4  1  0  0  0
  4  9  2  0  0  0
  4  5  1  0  0  0
  5  6  1  0  0  0
  5  7  1  0  0  0
  7  8  2  0  0  0
  8  9  1  0  0  0
M  END
$$$$
