c12[c]3[c](ccc1CNSO2)cccc3
  -ISIS-

 14 16  0  0  0  0  0  0  0  0  1
    7.3883    5.1914   -2.2822  C  0  0  0  0  0
    7.3355    5.1119   -0.8957  N  0  0  0  0  0
    7.9551    3.8266   -0.0709  S  0  0  0  0  0
    9.3119    3.4702   -0.8840  O  0  0  0  0  0
    9.3197    3.5630   -2.2564  C  0  0  0  0  0
    8.4132    4.3645   -2.9633  C  0  0  0  0  0
    8.4784    4.4186   -4.3594  C  0  0  0  0  0
    9.4452    3.6845   -5.0463  C  0  0  0  0  0
   10.3677    2.8883   -4.3534  C  0  0  0  0  0
   10.3150    2.8219   -2.9394  C  0  0  0  0  0
   11.2610    2.0104   -2.2753  C  0  0  0  0  0
   12.2251    1.2901   -2.9830  C  0  0  0  0  0
   12.2656    1.3636   -4.3698  C  0  0  0  0  0
   11.3431    2.1574   -5.0506  C  0  0  0  0  0
  1  6  1  0  0  0
  1  2  1  0  0  0
  2  3  1  0  0  0
  3  4  1  0  0  0
  4  5  1  0  0  0
  5 10  2  0  0  0
  5  6  2  0  0  0
  6  7  2  0  0  0
  7  8  1  0  0  0
  8  9  2  0  0  0
  9 14  1  0  0  0
  9 10  2  0  0  0
 10 11  1  0  0  0
 11 12  2  0  0  0
 12 13  1  0  0  0
 13 14  2  0  0  0
M  END
$$$$
c12[c]3[c](ccc1CNSO2)cccc3
  -ISIS-

 14 16  0  0  0  0  0  0  0  0  1
    7.3883    5.1914   -2.2822  C  0  0  0  0  0
    7.3355    5.1119   -0.8957  N  0  0  0  0  0
    7.9551    3.8266   -0.0709  S  0  0  0  0  0
    9.3119    3.4702   -0.8840  O  0  0  0  0  0
    9.3197    3.5630   -2.2564  C  0  0  0  0  0
    8.4132    4.3645   -2.9633  C  0  0  0  0  0
    8.4784    4.4186   -4.3594  C  0  0  0  0  0
    9.4452    3.6845   -5.0463  C  0  0  0  0  0
   10.3677    2.8883   -4.3534  C  0  0  0  0  0
   10.3150    2.8219   -2.9394  C  0  0  0  0  0
   11.2610    2.0104   -2.2753  C  0  0  0  0  0
   12.2251    1.2901   -2.9830  C  0  0  0  0  0
   12.2656    1.3636   -4.3698  C  0  0  0  0  0
   11.3431    2.1574   -5.0506  C  0  0  0  0  0
  1  6  1  0  0  0
  1  2  1  0  0  0
  2  3  1  0  0  0
  3  4  1  0  0  0
  4  5  1  0  0  0
  5 10  2  0  0  0
  5  6  2  0  0  0
  6  7  2  0  0  0
  7  8  1  0  0  0
  8  9  2  0  0  0
  9 14  1  0  0  0
  9 10  2  0  0  0
 10 11  1  0  0  0
 11 12  2  0  0  0
 12 13  1  0  0  0
 13 14  2  0  0  0
M  END
$$$$
