c12[c]3c(ccc[c]3ccc1)NCC=N2
  -ISIS-

 14 16  0  0  0  0  0  0  0  0  1
    0.8807   -1.0989   -1.0168  C  0  0  0  0  0
    1.8976   -1.9631   -0.3239  C  0  0  0  0  0
    2.8960   -1.3759    0.3948  N  0  0  0  0  0
    3.6479   -0.2341    0.0799  C  0  0  0  0  0
    4.7362   -0.0156    0.9460  C  0  0  0  0  0
    5.7049    0.9322    0.6544  C  0  0  0  0  0
    5.6122    1.6515   -0.5272  C  0  0  0  0  0
    4.5297    1.4705   -1.4000  C  0  0  0  0  0
    3.4771    0.5536   -1.0903  C  0  0  0  0  0
    2.3704    0.5170   -1.9836  C  0  0  0  0  0
    1.1223   -0.0569   -1.7414  N  0  0  0  0  0
    2.3957    1.2802   -3.1654  C  0  0  0  0  0
    3.4603    2.1107   -3.4793  C  0  0  0  0  0
    4.5121    2.2198   -2.5848  C  0  0  0  0  0
  1 11  2  0  0  0
  1  2  1  0  0  0
  2  3  1  0  0  0
  3  4  1  0  0  0
  4  9  2  0  0  0
  4  5  1  0  0  0
  5  6  2  0  0  0
  6  7  1  0  0  0
  7  8  2  0  0  0
  8 14  1  0  0  0
  8  9  2  0  0  0
  9 10  1  0  0  0
 10 11  1  0  0  0
 10 12  2  0  0  0
 12 13  1  0  0  0
 13 14  2  0  0  0
M  END
$$$$
