c12[c]3[c](ncc1COCC2)[s]cc3
  -ISIS-

 13 15  0  0  0  0  0  0  0  0  1
   -0.6157    1.6370    6.1817  C  0  0  0  0  0
   -1.5701    2.5455    5.7482  C  0  0  0  0  0
   -1.1228    3.9217    5.8031  C  0  0  0  0  0
    0.1514    3.9750    6.3496  C  0  0  0  0  0
    0.8017    2.4488    6.7033  S  0  0  0  0  0
    0.8816    5.0736    6.6017  N  0  0  0  0  0
    0.3085    6.2499    6.2796  C  0  0  0  0  0
   -0.9738    6.3544    5.7173  C  0  0  0  0  0
   -1.5610    7.7052    5.3712  C  0  0  0  0  0
   -2.9378    7.6932    4.9933  O  0  0  0  0  0
   -3.2909    6.6453    4.0857  C  0  0  0  0  0
   -3.0599    5.2934    4.7809  C  0  0  0  0  0
   -1.6994    5.1711    5.4309  C  0  0  0  0  0
  1  5  1  0  0  0
  1  2  2  0  0  0
  2  3  1  0  0  0
  3 13  2  0  0  0
  3  4  1  0  0  0
  4  5  1  0  0  0
  4  6  2  0  0  0
  6  7  1  0  0  0
  7  8  2  0  0  0
  8 13  1  0  0  0
  8  9  1  0  0  0
  9 10  1  0  0  0
 10 11  1  0  0  0
 11 12  1  0  0  0
 12 13  1  0  0  0
M  END
$$$$
