c12[c]3[c](c([c]4[c]1cccc4)CCNCC2)cccc3
  -ISIS-

 19 22  0  0  0  0  0  0  0  0  1
   -5.7409    3.9393   -5.5146  N  0  0  0  0  0
   -5.7089    3.0798   -6.6363  C  0  0  0  0  0
   -4.5651    3.1666   -7.6738  C  0  0  0  0  0
   -4.2454    4.6063   -8.0719  C  0  0  0  0  0
   -3.0012    5.1231   -7.6432  C  0  0  0  0  0
   -3.0482    6.2703   -6.8465  C  0  0  0  0  0
   -4.3356    6.7214   -6.4837  C  0  0  0  0  0
   -4.7400    6.2100   -5.0653  C  0  0  0  0  0
   -4.6518    4.6544   -4.9966  C  0  0  0  0  0
   -5.3877    6.5968   -7.4141  C  0  0  0  0  0
   -5.3548    5.4712   -8.2409  C  0  0  0  0  0
   -6.4754    5.1813   -9.0459  C  0  0  0  0  0
   -7.5826    6.0304   -9.0605  C  0  0  0  0  0
   -7.6039    7.1578   -8.2449  C  0  0  0  0  0
   -6.5211    7.4303   -7.4097  C  0  0  0  0  0
   -1.8642    6.7814   -6.2842  C  0  0  0  0  0
   -0.6371    6.1718   -6.5431  C  0  0  0  0  0
   -0.5856    5.0242   -7.3288  C  0  0  0  0  0
   -1.7604    4.4908   -7.8603  C  0  0  0  0  0
  1  9  1  0  0  0
  1  2  1  0  0  0
  2  3  1  0  0  0
  3  4  1  0  0  0
  4 11  2  0  0  0
  4  5  1  0  0  0
  5 19  1  0  0  0
  5  6  2  0  0  0
  6  7  1  0  0  0
  6 16  1  0  0  0
  7  8  1  0  0  0
  7 10  2  0  0  0
  8  9  1  0  0  0
 10 15  1  0  0  0
 10 11  2  0  0  0
 11 12  1  0  0  0
 12 13  2  0  0  0
 13 14  1  0  0  0
 14 15  2  0  0  0
 16 17  2  0  0  0
 17 18  1  0  0  0
 18 19  2  0  0  0
M  END
$$$$
c12[c]3[c](c([c]4[c]1cccc4)CCNCC2)cccc3
  -ISIS-

 19 22  0  0  0  0  0  0  0  0  1
   -5.7409    3.9393   -5.5146  N  0  0  0  0  0
   -5.7089    3.0798   -6.6363  C  0  0  0  0  0
   -4.5651    3.1666   -7.6738  C  0  0  0  0  0
   -4.2454    4.6063   -8.0719  C  0  0  0  0  0
   -3.0012    5.1231   -7.6432  C  0  0  0  0  0
   -3.0482    6.2703   -6.8465  C  0  0  0  0  0
   -4.3356    6.7214   -6.4837  C  0  0  0  0  0
   -4.7400    6.2100   -5.0653  C  0  0  0  0  0
   -4.6518    4.6544   -4.9966  C  0  0  0  0  0
   -5.3877    6.5968   -7.4141  C  0  0  0  0  0
   -5.3548    5.4712   -8.2409  C  0  0  0  0  0
   -6.4754    5.1813   -9.0459  C  0  0  0  0  0
   -7.5826    6.0304   -9.0605  C  0  0  0  0  0
   -7.6039    7.1578   -8.2449  C  0  0  0  0  0
   -6.5211    7.4303   -7.4097  C  0  0  0  0  0
   -1.8642    6.7814   -6.2842  C  0  0  0  0  0
   -0.6371    6.1718   -6.5431  C  0  0  0  0  0
   -0.5856    5.0242   -7.3288  C  0  0  0  0  0
   -1.7604    4.4908   -7.8603  C  0  0  0  0  0
  1  9  1  0  0  0
  1  2  1  0  0  0
  2  3  1  0  0  0
  3  4  1  0  0  0
  4 11  2  0  0  0
  4  5  1  0  0  0
  5 19  1  0  0  0
  5  6  2  0  0  0
  6  7  1  0  0  0
  6 16  1  0  0  0
  7  8  1  0  0  0
  7 10  2  0  0  0
  8  9  1  0  0  0
 10 15  1  0  0  0
 10 11  2  0  0  0
 11 12  1  0  0  0
 12 13  2  0  0  0
 13 14  1  0  0  0
 14 15  2  0  0  0
 16 17  2  0  0  0
 17 18  1  0  0  0
 18 19  2  0  0  0
M  END
$$$$
c12[c]3[c](c([c]4[c]1cccc4)CCNCC2)cccc3
  -ISIS-

 19 22  0  0  0  0  0  0  0  0  1
   -5.7409    3.9393   -5.5146  N  0  0  0  0  0
   -5.7089    3.0798   -6.6363  C  0  0  0  0  0
   -4.5651    3.1666   -7.6738  C  0  0  0  0  0
   -4.2454    4.6063   -8.0719  C  0  0  0  0  0
   -3.0012    5.1231   -7.6432  C  0  0  0  0  0
   -3.0482    6.2703   -6.8465  C  0  0  0  0  0
   -4.3356    6.7214   -6.4837  C  0  0  0  0  0
   -4.7400    6.2100   -5.0653  C  0  0  0  0  0
   -4.6518    4.6544   -4.9966  C  0  0  0  0  0
   -5.3877    6.5968   -7.4141  C  0  0  0  0  0
   -5.3548    5.4712   -8.2409  C  0  0  0  0  0
   -6.4754    5.1813   -9.0459  C  0  0  0  0  0
   -7.5826    6.0304   -9.0605  C  0  0  0  0  0
   -7.6039    7.1578   -8.2449  C  0  0  0  0  0
   -6.5211    7.4303   -7.4097  C  0  0  0  0  0
   -1.8642    6.7814   -6.2842  C  0  0  0  0  0
   -0.6371    6.1718   -6.5431  C  0  0  0  0  0
   -0.5856    5.0242   -7.3288  C  0  0  0  0  0
   -1.7604    4.4908   -7.8603  C  0  0  0  0  0
  1  9  1  0  0  0
  1  2  1  0  0  0
  2  3  1  0  0  0
  3  4  1  0  0  0
  4 11  2  0  0  0
  4  5  1  0  0  0
  5 19  1  0  0  0
  5  6  2  0  0  0
  6  7  1  0  0  0
  6 16  1  0  0  0
  7  8  1  0  0  0
  7 10  2  0  0  0
  8  9  1  0  0  0
 10 15  1  0  0  0
 10 11  2  0  0  0
 11 12  1  0  0  0
 12 13  2  0  0  0
 13 14  1  0  0  0
 14 15  2  0  0  0
 16 17  2  0  0  0
 17 18  1  0  0  0
 18 19  2  0  0  0
M  END
$$$$
