c12[c]3c(ccc[c]3ccc1)NC=N2
  -ISIS-

 13 15  0  0  0  0  0  0  0  0  1
    2.5626   -1.6882    1.5901  C  0  0  0  0  0
    3.8523   -1.1166    1.5637  N  0  0  0  0  0
    4.4183   -0.7162    2.7409  C  0  0  0  0  0
    3.9528   -0.8988    3.9363  N  0  0  0  0  0
    2.6982   -1.5511    4.0097  C  0  0  0  0  0
    2.1411   -1.7950    5.2657  C  0  0  0  0  0
    0.8947   -2.4117    5.3803  C  0  0  0  0  0
    0.1906   -2.7886    4.2342  C  0  0  0  0  0
    0.7281   -2.5574    2.9582  C  0  0  0  0  0
    1.9927   -1.9373    2.8530  C  0  0  0  0  0
    0.0489   -2.9171    1.7841  C  0  0  0  0  0
    0.6211   -2.6855    0.5288  C  0  0  0  0  0
    1.8901   -2.0985    0.4271  C  0  0  0  0  0
  1 10  1  0  0  0
  1 13  1  0  0  0
  1  2  1  0  0  0
  2  3  1  0  0  0
  3  4  2  0  0  0
  4  5  1  0  0  0
  5 10  2  0  0  0
  5  6  2  0  0  0
  6  7  1  0  0  0
  7  8  2  0  0  0
  8  9  1  0  0  0
  9 10  2  0  0  0
  9 11  2  0  0  0
 11 12  1  0  0  0
 12 13  2  0  0  0
M  END
$$$$
