c12c(cccc1)PC=N2
  -ISIS-

  9 10  0  0  0  0  0  0  0  0  1
    7.0492    4.8514   -3.7470  C  0  0  0  0  0
    6.4262    3.1112   -3.5130  P  0  0  0  0  0
    8.1423    2.5744   -3.5414  C  0  0  0  0  0
    8.6657    1.2977   -3.3925  C  0  0  0  0  0
   10.0504    1.1300   -3.4623  C  0  0  0  0  0
   10.8889    2.2315   -3.6796  C  0  0  0  0  0
   10.3499    3.5124   -3.8264  C  0  0  0  0  0
    8.9738    3.6799   -3.7564  C  0  0  0  0  0
    8.3476    4.9342   -3.8686  N  0  0  0  0  0
  1  9  2  0  0  0
  1  2  1  0  0  0
  2  3  1  0  0  0
  3  8  2  0  0  0
  3  4  1  0  0  0
  4  5  2  0  0  0
  5  6  1  0  0  0
  6  7  2  0  0  0
  7  8  1  0  0  0
  8  9  1  0  0  0
M  END
$$$$
c12c(cccc1)PC=N2
  -ISIS-

  9 10  0  0  0  0  0  0  0  0  1
    7.0492    4.8514   -3.7470  C  0  0  0  0  0
    6.4262    3.1112   -3.5130  P  0  0  0  0  0
    8.1423    2.5744   -3.5414  C  0  0  0  0  0
    8.6657    1.2977   -3.3925  C  0  0  0  0  0
   10.0504    1.1300   -3.4623  C  0  0  0  0  0
   10.8889    2.2315   -3.6796  C  0  0  0  0  0
   10.3499    3.5124   -3.8264  C  0  0  0  0  0
    8.9738    3.6799   -3.7564  C  0  0  0  0  0
    8.3476    4.9342   -3.8686  N  0  0  0  0  0
  1  9  2  0  0  0
  1  2  1  0  0  0
  2  3  1  0  0  0
  3  8  2  0  0  0
  3  4  1  0  0  0
  4  5  2  0  0  0
  5  6  1  0  0  0
  6  7  2  0  0  0
  7  8  1  0  0  0
  8  9  1  0  0  0
M  END
$$$$
