c12c(cccc1)CC3(O2)C=CCC=C3
  -ISIS-

 14 16  0  0  0  0  0  0  0  0  1
   -0.6212   -0.0499    7.8530  C  0  0  0  0  0
   -1.6300    0.6474    7.3049  C  0  0  0  0  0
   -1.6001    1.0349    5.8812  C  0  0  0  0  0
   -0.4423    0.6118    5.0652  C  0  0  0  0  0
    0.5670   -0.1061    5.5896  C  0  0  0  0  0
    0.5936   -0.4971    7.0630  C  0  0  0  0  0
    0.7125   -1.9417    7.1692  O  0  0  0  0  0
    1.9367   -2.1905    7.7484  C  0  0  0  0  0
    2.4379   -3.4646    7.9939  C  0  0  0  0  0
    3.7118   -3.6081    8.5877  C  0  0  0  0  0
    4.4172   -2.4333    8.9584  C  0  0  0  0  0
    3.8932   -1.1556    8.7070  C  0  0  0  0  0
    2.6609   -1.0678    8.0968  C  0  0  0  0  0
    1.8543    0.0701    7.7112  C  0  0  0  0  0
  1  6  1  0  0  0
  1  2  2  0  0  0
  2  3  1  0  0  0
  3  4  1  0  0  0
  4  5  2  0  0  0
  5  6  1  0  0  0
  6 14  1  0  0  0
  6  7  1  0  0  0
  7  8  1  0  0  0
  8 13  2  0  0  0
  8  9  1  0  0  0
  9 10  2  0  0  0
 10 11  1  0  0  0
 11 12  2  0  0  0
 12 13  1  0  0  0
 13 14  1  0  0  0
M  END
$$$$
c12c(cccc1)CC3(O2)C=CCC=C3
  -ISIS-

 14 16  0  0  0  0  0  0  0  0  1
   -0.6212   -0.0499    7.8530  C  0  0  0  0  0
   -1.6300    0.6474    7.3049  C  0  0  0  0  0
   -1.6001    1.0349    5.8812  C  0  0  0  0  0
   -0.4423    0.6118    5.0652  C  0  0  0  0  0
    0.5670   -0.1061    5.5896  C  0  0  0  0  0
    0.5936   -0.4971    7.0630  C  0  0  0  0  0
    0.7125   -1.9417    7.1692  O  0  0  0  0  0
    1.9367   -2.1905    7.7484  C  0  0  0  0  0
    2.4379   -3.4646    7.9939  C  0  0  0  0  0
    3.7118   -3.6081    8.5877  C  0  0  0  0  0
    4.4172   -2.4333    8.9584  C  0  0  0  0  0
    3.8932   -1.1556    8.7070  C  0  0  0  0  0
    2.6609   -1.0678    8.0968  C  0  0  0  0  0
    1.8543    0.0701    7.7112  C  0  0  0  0  0
  1  6  1  0  0  0
  1  2  2  0  0  0
  2  3  1  0  0  0
  3  4  1  0  0  0
  4  5  2  0  0  0
  5  6  1  0  0  0
  6 14  1  0  0  0
  6  7  1  0  0  0
  7  8  1  0  0  0
  8 13  2  0  0  0
  8  9  1  0  0  0
  9 10  2  0  0  0
 10 11  1  0  0  0
 11 12  2  0  0  0
 12 13  1  0  0  0
 13 14  1  0  0  0
M  END
$$$$
c12c(cccc1)CC3(O2)C=CCC=C3
  -ISIS-

 14 16  0  0  0  0  0  0  0  0  1
   -0.6212   -0.0499    7.8530  C  0  0  0  0  0
   -1.6300    0.6474    7.3049  C  0  0  0  0  0
   -1.6001    1.0349    5.8812  C  0  0  0  0  0
   -0.4423    0.6118    5.0652  C  0  0  0  0  0
    0.5670   -0.1061    5.5896  C  0  0  0  0  0
    0.5936   -0.4971    7.0630  C  0  0  0  0  0
    0.7125   -1.9417    7.1692  O  0  0  0  0  0
    1.9367   -2.1905    7.7484  C  0  0  0  0  0
    2.4379   -3.4646    7.9939  C  0  0  0  0  0
    3.7118   -3.6081    8.5877  C  0  0  0  0  0
    4.4172   -2.4333    8.9584  C  0  0  0  0  0
    3.8932   -1.1556    8.7070  C  0  0  0  0  0
    2.6609   -1.0678    8.0968  C  0  0  0  0  0
    1.8543    0.0701    7.7112  C  0  0  0  0  0
  1  6  1  0  0  0
  1  2  2  0  0  0
  2  3  1  0  0  0
  3  4  1  0  0  0
  4  5  2  0  0  0
  5  6  1  0  0  0
  6 14  1  0  0  0
  6  7  1  0  0  0
  7  8  1  0  0  0
  8 13  2  0  0  0
  8  9  1  0  0  0
  9 10  2  0  0  0
 10 11  1  0  0  0
 11 12  2  0  0  0
 12 13  1  0  0  0
 13 14  1  0  0  0
M  END
$$$$
c12c(cccc1)CC3(O2)C=CCC=C3
  -ISIS-

 14 16  0  0  0  0  0  0  0  0  1
   -0.6212   -0.0499    7.8530  C  0  0  0  0  0
   -1.6300    0.6474    7.3049  C  0  0  0  0  0
   -1.6001    1.0349    5.8812  C  0  0  0  0  0
   -0.4423    0.6118    5.0652  C  0  0  0  0  0
    0.5670   -0.1061    5.5896  C  0  0  0  0  0
    0.5936   -0.4971    7.0630  C  0  0  0  0  0
    0.7125   -1.9417    7.1692  O  0  0  0  0  0
    1.9367   -2.1905    7.7484  C  0  0  0  0  0
    2.4379   -3.4646    7.9939  C  0  0  0  0  0
    3.7118   -3.6081    8.5877  C  0  0  0  0  0
    4.4172   -2.4333    8.9584  C  0  0  0  0  0
    3.8932   -1.1556    8.7070  C  0  0  0  0  0
    2.6609   -1.0678    8.0968  C  0  0  0  0  0
    1.8543    0.0701    7.7112  C  0  0  0  0  0
  1  6  1  0  0  0
  1  2  2  0  0  0
  2  3  1  0  0  0
  3  4  1  0  0  0
  4  5  2  0  0  0
  5  6  1  0  0  0
  6 14  1  0  0  0
  6  7  1  0  0  0
  7  8  1  0  0  0
  8 13  2  0  0  0
  8  9  1  0  0  0
  9 10  2  0  0  0
 10 11  1  0  0  0
 11 12  2  0  0  0
 12 13  1  0  0  0
 13 14  1  0  0  0
M  END
$$$$
c12c(cccc1)CC3(O2)C=CCC=C3
  -ISIS-

 14 16  0  0  0  0  0  0  0  0  1
   -0.6212   -0.0499    7.8530  C  0  0  0  0  0
   -1.6300    0.6474    7.3049  C  0  0  0  0  0
   -1.6001    1.0349    5.8812  C  0  0  0  0  0
   -0.4423    0.6118    5.0652  C  0  0  0  0  0
    0.5670   -0.1061    5.5896  C  0  0  0  0  0
    0.5936   -0.4971    7.0630  C  0  0  0  0  0
    0.7125   -1.9417    7.1692  O  0  0  0  0  0
    1.9367   -2.1905    7.7484  C  0  0  0  0  0
    2.4379   -3.4646    7.9939  C  0  0  0  0  0
    3.7118   -3.6081    8.5877  C  0  0  0  0  0
    4.4172   -2.4333    8.9584  C  0  0  0  0  0
    3.8932   -1.1556    8.7070  C  0  0  0  0  0
    2.6609   -1.0678    8.0968  C  0  0  0  0  0
    1.8543    0.0701    7.7112  C  0  0  0  0  0
  1  6  1  0  0  0
  1  2  2  0  0  0
  2  3  1  0  0  0
  3  4  1  0  0  0
  4  5  2  0  0  0
  5  6  1  0  0  0
  6 14  1  0  0  0
  6  7  1  0  0  0
  7  8  1  0  0  0
  8 13  2  0  0  0
  8  9  1  0  0  0
  9 10  2  0  0  0
 10 11  1  0  0  0
 11 12  2  0  0  0
 12 13  1  0  0  0
 13 14  1  0  0  0
M  END
$$$$
c12c(cccc1)CC3(O2)C=CCC=C3
  -ISIS-

 14 16  0  0  0  0  0  0  0  0  1
   -0.6212   -0.0499    7.8530  C  0  0  0  0  0
   -1.6300    0.6474    7.3049  C  0  0  0  0  0
   -1.6001    1.0349    5.8812  C  0  0  0  0  0
   -0.4423    0.6118    5.0652  C  0  0  0  0  0
    0.5670   -0.1061    5.5896  C  0  0  0  0  0
    0.5936   -0.4971    7.0630  C  0  0  0  0  0
    0.7125   -1.9417    7.1692  O  0  0  0  0  0
    1.9367   -2.1905    7.7484  C  0  0  0  0  0
    2.4379   -3.4646    7.9939  C  0  0  0  0  0
    3.7118   -3.6081    8.5877  C  0  0  0  0  0
    4.4172   -2.4333    8.9584  C  0  0  0  0  0
    3.8932   -1.1556    8.7070  C  0  0  0  0  0
    2.6609   -1.0678    8.0968  C  0  0  0  0  0
    1.8543    0.0701    7.7112  C  0  0  0  0  0
  1  6  1  0  0  0
  1  2  2  0  0  0
  2  3  1  0  0  0
  3  4  1  0  0  0
  4  5  2  0  0  0
  5  6  1  0  0  0
  6 14  1  0  0  0
  6  7  1  0  0  0
  7  8  1  0  0  0
  8 13  2  0  0  0
  8  9  1  0  0  0
  9 10  2  0  0  0
 10 11  1  0  0  0
 11 12  2  0  0  0
 12 13  1  0  0  0
 13 14  1  0  0  0
M  END
$$$$
c12c(cccc1)CC3(O2)C=CCC=C3
  -ISIS-

 14 16  0  0  0  0  0  0  0  0  1
   -0.6212   -0.0499    7.8530  C  0  0  0  0  0
   -1.6300    0.6474    7.3049  C  0  0  0  0  0
   -1.6001    1.0349    5.8812  C  0  0  0  0  0
   -0.4423    0.6118    5.0652  C  0  0  0  0  0
    0.5670   -0.1061    5.5896  C  0  0  0  0  0
    0.5936   -0.4971    7.0630  C  0  0  0  0  0
    0.7125   -1.9417    7.1692  O  0  0  0  0  0
    1.9367   -2.1905    7.7484  C  0  0  0  0  0
    2.4379   -3.4646    7.9939  C  0  0  0  0  0
    3.7118   -3.6081    8.5877  C  0  0  0  0  0
    4.4172   -2.4333    8.9584  C  0  0  0  0  0
    3.8932   -1.1556    8.7070  C  0  0  0  0  0
    2.6609   -1.0678    8.0968  C  0  0  0  0  0
    1.8543    0.0701    7.7112  C  0  0  0  0  0
  1  6  1  0  0  0
  1  2  2  0  0  0
  2  3  1  0  0  0
  3  4  1  0  0  0
  4  5  2  0  0  0
  5  6  1  0  0  0
  6 14  1  0  0  0
  6  7  1  0  0  0
  7  8  1  0  0  0
  8 13  2  0  0  0
  8  9  1  0  0  0
  9 10  2  0  0  0
 10 11  1  0  0  0
 11 12  2  0  0  0
 12 13  1  0  0  0
 13 14  1  0  0  0
M  END
$$$$
c12c(cccc1)CC3(O2)C=CCC=C3
  -ISIS-

 14 16  0  0  0  0  0  0  0  0  1
   -0.6212   -0.0499    7.8530  C  0  0  0  0  0
   -1.6300    0.6474    7.3049  C  0  0  0  0  0
   -1.6001    1.0349    5.8812  C  0  0  0  0  0
   -0.4423    0.6118    5.0652  C  0  0  0  0  0
    0.5670   -0.1061    5.5896  C  0  0  0  0  0
    0.5936   -0.4971    7.0630  C  0  0  0  0  0
    0.7125   -1.9417    7.1692  O  0  0  0  0  0
    1.9367   -2.1905    7.7484  C  0  0  0  0  0
    2.4379   -3.4646    7.9939  C  0  0  0  0  0
    3.7118   -3.6081    8.5877  C  0  0  0  0  0
    4.4172   -2.4333    8.9584  C  0  0  0  0  0
    3.8932   -1.1556    8.7070  C  0  0  0  0  0
    2.6609   -1.0678    8.0968  C  0  0  0  0  0
    1.8543    0.0701    7.7112  C  0  0  0  0  0
  1  6  1  0  0  0
  1  2  2  0  0  0
  2  3  1  0  0  0
  3  4  1  0  0  0
  4  5  2  0  0  0
  5  6  1  0  0  0
  6 14  1  0  0  0
  6  7  1  0  0  0
  7  8  1  0  0  0
  8 13  2  0  0  0
  8  9  1  0  0  0
  9 10  2  0  0  0
 10 11  1  0  0  0
 11 12  2  0  0  0
 12 13  1  0  0  0
 13 14  1  0  0  0
M  END
$$$$
