c12c(cn[c]3nnc[n]13)CNc4c(cccc4)N2
  -ISIS-

 18 21  0  0  0  0  0  0  0  0  1
   -6.1795   -0.7781    4.7460  C  0  0  0  0  0
   -4.9616   -0.0246    5.2371  C  0  0  0  0  0
   -4.1561    0.7834    4.2883  C  0  0  0  0  0
   -3.6002    1.9675    4.6480  N  0  0  0  0  0
   -3.2473    2.4840    5.8998  C  0  0  0  0  0
   -3.1623    1.7166    7.0681  C  0  0  0  0  0
   -3.5258    0.3589    7.1533  N  0  0  0  0  0
   -4.6244   -0.2176    6.5338  C  0  0  0  0  0
   -5.4250   -1.1181    7.2896  N  0  0  0  0  0
   -6.4818   -1.8270    6.7247  C  0  0  0  0  0
   -6.8666   -1.6321    5.4409  N  0  0  0  0  0
   -6.9946   -2.6381    7.6232  N  0  0  0  0  0
   -6.3438   -2.4423    8.8054  N  0  0  0  0  0
   -5.4380   -1.5041    8.6264  C  0  0  0  0  0
   -2.6838    2.3382    8.2395  C  0  0  0  0  0
   -2.3022    3.6808    8.2519  C  0  0  0  0  0
   -2.3822    4.4286    7.0862  C  0  0  0  0  0
   -2.8421    3.8297    5.9148  C  0  0  0  0  0
  1 11  2  0  0  0
  1  2  1  0  0  0
  2  8  2  0  0  0
  2  3  1  0  0  0
  3  4  1  0  0  0
  4  5  1  0  0  0
  5 18  2  0  0  0
  5  6  1  0  0  0
  6  7  1  0  0  0
  6 15  2  0  0  0
  7  8  1  0  0  0
  8  9  1  0  0  0
  9 14  1  0  0  0
  9 10  2  0  0  0
 10 11  1  0  0  0
 10 12  2  0  0  0
 12 13  1  0  0  0
 13 14  2  0  0  0
 15 16  1  0  0  0
 16 17  2  0  0  0
 17 18  1  0  0  0
M  END
$$$$
