c12c(cccc1)CCC3N2CNC4C3CCC4
  -ISIS-

 17 20  0  0  0  0  0  0  0  0  1
   -3.5741   -1.8546    1.5401  N  0  0  0  0  0
   -3.3586   -1.5509    2.9782  C  0  0  0  0  0
   -4.2753   -0.4099    3.3774  C  0  0  0  0  0
   -5.7159   -0.8533    3.1716  C  0  0  0  0  0
   -5.8316   -1.2178    1.7329  N  0  0  0  0  0
   -4.9783   -2.3210    1.3215  C  0  0  0  0  0
   -7.1482   -1.2411    1.2080  C  0  0  0  0  0
   -8.2556   -0.7845    1.9579  C  0  0  0  0  0
   -8.0945   -0.2322    3.3484  C  0  0  0  0  0
   -6.6778    0.2656    3.5508  C  0  0  0  0  0
   -9.5612   -0.8468    1.4343  C  0  0  0  0  0
   -9.7877   -1.3037    0.1429  C  0  0  0  0  0
   -8.7098   -1.6859   -0.6395  C  0  0  0  0  0
   -7.4114   -1.6426   -0.1173  C  0  0  0  0  0
   -3.7838   -0.0974    4.7827  C  0  0  0  0  0
   -2.2581   -0.2665    4.6765  C  0  0  0  0  0
   -1.9940   -0.9913    3.3451  C  0  0  0  0  0
  1  6  1  0  0  0
  1  2  1  0  0  0
  2 17  1  0  0  0
  2  3  1  0  0  0
  3  4  1  0  0  0
  3 15  1  0  0  0
  4 10  1  0  0  0
  4  5  1  0  0  0
  5  6  1  0  0  0
  5  7  1  0  0  0
  7 14  2  0  0  0
  7  8  1  0  0  0
  8  9  1  0  0  0
  8 11  2  0  0  0
  9 10  1  0  0  0
 11 12  1  0  0  0
 12 13  2  0  0  0
 13 14  1  0  0  0
 15 16  1  0  0  0
 16 17  1  0  0  0
M  END
$$$$
