C12C=CCC3C1C(OCC=2)CC4C3C=CCC4
  -ISIS-

 17 20  0  0  0  0  0  0  0  0  1
   -2.6095    6.7472   -0.1060  C  0  0  0  0  0
   -2.7400    5.3869   -0.8226  C  0  0  0  0  0
   -3.8877    4.5158   -0.3163  C  0  0  0  0  0
   -5.2232    5.2749   -0.4576  C  0  0  0  0  0
   -5.2159    6.5836    0.4028  C  0  0  0  0  0
   -3.9935    7.4987   -0.0386  C  0  0  0  0  0
   -4.2317    8.2851   -1.3510  C  0  0  0  0  0
   -3.0668    9.1959   -1.6169  C  0  0  0  0  0
   -1.7955    8.8212   -1.3957  C  0  0  0  0  0
   -1.5428    7.4563   -0.9584  C  0  0  0  0  0
   -0.4900    6.7432   -1.4068  C  0  0  0  0  0
   -0.3634    5.2965   -1.1200  C  0  0  0  0  0
   -1.4997    4.6576   -0.7235  O  0  0  0  0  0
   -6.5400    7.3025    0.2117  C  0  0  0  0  0
   -7.6750    6.7145   -0.1854  C  0  0  0  0  0
   -7.7627    5.2584   -0.4531  C  0  0  0  0  0
   -6.5037    4.3842   -0.3253  C  0  0  0  0  0
  1  6  1  0  0  0
  1 10  1  0  0  0
  1  2  1  0  0  0
  2 13  1  0  0  0
  2  3  1  0  0  0
  3  4  1  0  0  0
  4 17  1  0  0  0
  4  5  1  0  0  0
  5  6  1  0  0  0
  5 14  1  0  0  0
  6  7  1  0  0  0
  7  8  1  0  0  0
  8  9  2  0  0  0
  9 10  1  0  0  0
 10 11  2  0  0  0
 11 12  1  0  0  0
 12 13  1  0  0  0
 14 15  2  0  0  0
 15 16  1  0  0  0
 16 17  1  0  0  0
M  END
$$$$
