C12c3c(C=CN1CCC=CC=2)cccc3
  -ISIS-

 15 17  0  0  0  0  0  0  0  0  1
    0.7614   -7.6676    4.5652  C  0  0  0  0  0
   -0.5319   -7.5907    3.8160  C  0  0  0  0  0
   -1.2157   -6.2668    4.1155  C  0  0  0  0  0
   -0.6806   -5.1186    3.5018  N  0  0  0  0  0
    0.6035   -5.0026    2.9275  C  0  0  0  0  0
    1.6635   -5.7645    3.2885  C  0  0  0  0  0
    1.7431   -6.7940    4.3031  C  0  0  0  0  0
    0.8513   -3.8794    1.9591  C  0  0  0  0  0
   -0.0209   -2.7797    1.9817  C  0  0  0  0  0
   -1.1732   -2.8238    2.8680  C  0  0  0  0  0
   -1.4551   -3.9590    3.5156  C  0  0  0  0  0
    0.1786   -1.6816    1.1340  C  0  0  0  0  0
    1.2344   -1.6817    0.2261  C  0  0  0  0  0
    2.0805   -2.7831    0.1533  C  0  0  0  0  0
    1.8863   -3.8752    1.0055  C  0  0  0  0  0
  1  7  2  0  0  0
  1  2  1  0  0  0
  2  3  1  0  0  0
  3  4  1  0  0  0
  4 11  1  0  0  0
  4  5  1  0  0  0
  5  6  2  0  0  0
  5  8  1  0  0  0
  6  7  1  0  0  0
  8 15  2  0  0  0
  8  9  2  0  0  0
  9 10  1  0  0  0
  9 12  2  0  0  0
 10 11  2  0  0  0
 12 13  1  0  0  0
 13 14  2  0  0  0
 14 15  1  0  0  0
M  END
$$$$
C12c3c(C=CN1CCC=CC=2)cccc3
  -ISIS-

 15 17  0  0  0  0  0  0  0  0  1
    0.7614   -7.6676    4.5652  C  0  0  0  0  0
   -0.5319   -7.5907    3.8160  C  0  0  0  0  0
   -1.2157   -6.2668    4.1155  C  0  0  0  0  0
   -0.6806   -5.1186    3.5018  N  0  0  0  0  0
    0.6035   -5.0026    2.9275  C  0  0  0  0  0
    1.6635   -5.7645    3.2885  C  0  0  0  0  0
    1.7431   -6.7940    4.3031  C  0  0  0  0  0
    0.8513   -3.8794    1.9591  C  0  0  0  0  0
   -0.0209   -2.7797    1.9817  C  0  0  0  0  0
   -1.1732   -2.8238    2.8680  C  0  0  0  0  0
   -1.4551   -3.9590    3.5156  C  0  0  0  0  0
    0.1786   -1.6816    1.1340  C  0  0  0  0  0
    1.2344   -1.6817    0.2261  C  0  0  0  0  0
    2.0805   -2.7831    0.1533  C  0  0  0  0  0
    1.8863   -3.8752    1.0055  C  0  0  0  0  0
  1  7  2  0  0  0
  1  2  1  0  0  0
  2  3  1  0  0  0
  3  4  1  0  0  0
  4 11  1  0  0  0
  4  5  1  0  0  0
  5  6  2  0  0  0
  5  8  1  0  0  0
  6  7  1  0  0  0
  8 15  2  0  0  0
  8  9  2  0  0  0
  9 10  1  0  0  0
  9 12  2  0  0  0
 10 11  2  0  0  0
 12 13  1  0  0  0
 13 14  2  0  0  0
 14 15  1  0  0  0
M  END
$$$$
