c12c(cncc1)CNC=C2
  -ISIS-

 10 11  0  0  0  0  0  0  0  0  1
   -5.4698    2.6097   -3.6716  N  0  0  0  0  0
   -4.7269    1.8492   -2.7623  C  0  0  0  0  0
   -3.9483    2.4181   -1.8257  C  0  0  0  0  0
   -3.8577    3.8702   -1.7360  C  0  0  0  0  0
   -4.5651    4.6522   -2.6438  C  0  0  0  0  0
   -5.4021    4.0148   -3.6781  C  0  0  0  0  0
   -4.4708    6.0314   -2.5477  C  0  0  0  0  0
   -3.7164    6.6650   -1.6153  N  0  0  0  0  0
   -3.0386    5.8830   -0.7471  C  0  0  0  0  0
   -3.0760    4.4967   -0.7654  C  0  0  0  0  0
  1  6  1  0  0  0
  1  2  1  0  0  0
  2  3  2  0  0  0
  3  4  1  0  0  0
  4 10  2  0  0  0
  4  5  2  0  0  0
  5  6  1  0  0  0
  5  7  2  0  0  0
  7  8  1  0  0  0
  8  9  2  0  0  0
  9 10  1  0  0  0
M  END
$$$$
c12c(cncc1)CNC=C2
  -ISIS-

 10 11  0  0  0  0  0  0  0  0  1
   -5.4698    2.6097   -3.6716  N  0  0  0  0  0
   -4.7269    1.8492   -2.7623  C  0  0  0  0  0
   -3.9483    2.4181   -1.8257  C  0  0  0  0  0
   -3.8577    3.8702   -1.7360  C  0  0  0  0  0
   -4.5651    4.6522   -2.6438  C  0  0  0  0  0
   -5.4021    4.0148   -3.6781  C  0  0  0  0  0
   -4.4708    6.0314   -2.5477  C  0  0  0  0  0
   -3.7164    6.6650   -1.6153  N  0  0  0  0  0
   -3.0386    5.8830   -0.7471  C  0  0  0  0  0
   -3.0760    4.4967   -0.7654  C  0  0  0  0  0
  1  6  1  0  0  0
  1  2  1  0  0  0
  2  3  2  0  0  0
  3  4  1  0  0  0
  4 10  2  0  0  0
  4  5  2  0  0  0
  5  6  1  0  0  0
  5  7  2  0  0  0
  7  8  1  0  0  0
  8  9  2  0  0  0
  9 10  1  0  0  0
M  END
$$$$
c12c(cncc1)CNC=C2
  -ISIS-

 10 11  0  0  0  0  0  0  0  0  1
   -5.4698    2.6097   -3.6716  N  0  0  0  0  0
   -4.7269    1.8492   -2.7623  C  0  0  0  0  0
   -3.9483    2.4181   -1.8257  C  0  0  0  0  0
   -3.8577    3.8702   -1.7360  C  0  0  0  0  0
   -4.5651    4.6522   -2.6438  C  0  0  0  0  0
   -5.4021    4.0148   -3.6781  C  0  0  0  0  0
   -4.4708    6.0314   -2.5477  C  0  0  0  0  0
   -3.7164    6.6650   -1.6153  N  0  0  0  0  0
   -3.0386    5.8830   -0.7471  C  0  0  0  0  0
   -3.0760    4.4967   -0.7654  C  0  0  0  0  0
  1  6  1  0  0  0
  1  2  1  0  0  0
  2  3  2  0  0  0
  3  4  1  0  0  0
  4 10  2  0  0  0
  4  5  2  0  0  0
  5  6  1  0  0  0
  5  7  2  0  0  0
  7  8  1  0  0  0
  8  9  2  0  0  0
  9 10  1  0  0  0
M  END
$$$$
