c12c(cc[s]1)CCN3C2Cc4c(cccc4)C3
  -ISIS-

 17 20  0  0  0  0  0  0  0  0  1
   -1.2072   -7.2678   -1.7101  C  0  0  0  0  0
   -1.2601   -8.5965   -1.2883  C  0  0  0  0  0
   -0.2193   -9.4739   -1.6033  C  0  0  0  0  0
    0.8621   -9.0493   -2.3908  C  0  0  0  0  0
    1.9377  -10.0291   -2.7547  C  0  0  0  0  0
    3.2151   -9.3978   -3.2207  N  0  0  0  0  0
    4.1284   -8.9095   -2.1031  C  0  0  0  0  0
    5.5214   -8.5573   -2.6628  C  0  0  0  0  0
    5.4446   -7.8275   -3.9721  C  0  0  0  0  0
    4.2733   -7.7488   -4.7052  C  0  0  0  0  0
    2.9525   -8.3202   -4.2770  C  0  0  0  0  0
    2.0233   -7.2212   -3.7186  C  0  0  0  0  0
    0.8781   -7.7332   -2.8807  C  0  0  0  0  0
   -0.1566   -6.8511   -2.5298  C  0  0  0  0  0
    4.4726   -6.9170   -6.1757  S  0  0  0  0  0
    6.1256   -6.6254   -5.8456  C  0  0  0  0  0
    6.5188   -7.1673   -4.6403  C  0  0  0  0  0
  1 14  2  0  0  0
  1  2  1  0  0  0
  2  3  2  0  0  0
  3  4  1  0  0  0
  4 13  2  0  0  0
  4  5  1  0  0  0
  5  6  1  0  0  0
  6 11  1  0  0  0
  6  7  1  0  0  0
  7  8  1  0  0  0
  8  9  1  0  0  0
  9 17  1  0  0  0
  9 10  2  0  0  0
 10 11  1  0  0  0
 10 15  1  0  0  0
 11 12  1  0  0  0
 12 13  1  0  0  0
 13 14  1  0  0  0
 15 16  1  0  0  0
 16 17  2  0  0  0
M  END
$$$$
