c12cc(ccc1)CCc3ccc(cc3)CC2
  -ISIS-

 16 18  0  0  0  0  0  0  0  0  1
    5.3069    1.4754   -0.4240  C  0  0  0  0  0
    5.7009    2.7462   -0.8820  C  0  0  0  0  0
    5.6201    3.0155   -2.2567  C  0  0  0  0  0
    5.0548    2.0774   -3.1286  C  0  0  0  0  0
    4.4823    0.9070   -2.6124  C  0  0  0  0  0
    4.5448    0.6223   -1.2424  C  0  0  0  0  0
    3.5915   -0.3991   -0.6274  C  0  0  0  0  0
    2.1262    0.1251   -0.4226  C  0  0  0  0  0
    2.0847    1.5600    0.0938  C  0  0  0  0  0
    2.5507    1.8579    1.3830  C  0  0  0  0  0
    3.2070    3.0740    1.5809  C  0  0  0  0  0
    3.3904    3.9503    0.4938  C  0  0  0  0  0
    4.6808    4.7615    0.4282  C  0  0  0  0  0
    5.9416    3.8814    0.1098  C  0  0  0  0  0
    2.6131    3.7965   -0.6671  C  0  0  0  0  0
    1.9515    2.5874   -0.8596  C  0  0  0  0  0
  1  6  2  0  0  0
  1  2  1  0  0  0
  2 14  1  0  0  0
  2  3  2  0  0  0
  3  4  1  0  0  0
  4  5  2  0  0  0
  5  6  1  0  0  0
  6  7  1  0  0  0
  7  8  1  0  0  0
  8  9  1  0  0  0
  9 16  2  0  0  0
  9 10  1  0  0  0
 10 11  2  0  0  0
 11 12  1  0  0  0
 12 13  1  0  0  0
 12 15  2  0  0  0
 13 14  1  0  0  0
 15 16  1  0  0  0
M  END
$$$$
