c12c3c(nc1CNCC2)CCCC3
  -ISIS-

 13 15  0  0  0  0  0  0  0  0  1
   -1.2465   -0.5919    4.7259  C  0  0  0  0  0
    0.0737   -0.3671    5.4551  C  0  0  0  0  0
   -0.0852   -0.1378    6.9863  C  0  0  0  0  0
   -0.9420   -1.2609    7.6459  C  0  0  0  0  0
   -2.1635   -1.5395    6.8256  C  0  0  0  0  0
   -3.3252   -2.1271    7.2694  N  0  0  0  0  0
   -4.2035   -2.2140    6.2114  C  0  0  0  0  0
   -3.6001   -1.6485    5.0965  C  0  0  0  0  0
   -2.3046   -1.2388    5.4861  C  0  0  0  0  0
   -4.2655   -1.5548    3.7582  C  0  0  0  0  0
   -5.7809   -1.8822    3.8945  C  0  0  0  0  0
   -6.0426   -3.0649    4.8337  N  0  0  0  0  0
   -5.5783   -2.7731    6.2483  C  0  0  0  0  0
  1  9  1  0  0  0
  1  2  1  0  0  0
  2  3  1  0  0  0
  3  4  1  0  0  0
  4  5  1  0  0  0
  5  9  2  0  0  0
  5  6  1  0  0  0
  6  7  1  0  0  0
  7 13  1  0  0  0
  7  8  2  0  0  0
  8  9  1  0  0  0
  8 10  1  0  0  0
 10 11  1  0  0  0
 11 12  1  0  0  0
 12 13  1  0  0  0
M  END
$$$$
c12c3c(nc1CNCC2)CCCC3
  -ISIS-

 13 15  0  0  0  0  0  0  0  0  1
   -1.2465   -0.5919    4.7259  C  0  0  0  0  0
    0.0737   -0.3671    5.4551  C  0  0  0  0  0
   -0.0852   -0.1378    6.9863  C  0  0  0  0  0
   -0.9420   -1.2609    7.6459  C  0  0  0  0  0
   -2.1635   -1.5395    6.8256  C  0  0  0  0  0
   -3.3252   -2.1271    7.2694  N  0  0  0  0  0
   -4.2035   -2.2140    6.2114  C  0  0  0  0  0
   -3.6001   -1.6485    5.0965  C  0  0  0  0  0
   -2.3046   -1.2388    5.4861  C  0  0  0  0  0
   -4.2655   -1.5548    3.7582  C  0  0  0  0  0
   -5.7809   -1.8822    3.8945  C  0  0  0  0  0
   -6.0426   -3.0649    4.8337  N  0  0  0  0  0
   -5.5783   -2.7731    6.2483  C  0  0  0  0  0
  1  9  1  0  0  0
  1  2  1  0  0  0
  2  3  1  0  0  0
  3  4  1  0  0  0
  4  5  1  0  0  0
  5  9  2  0  0  0
  5  6  1  0  0  0
  6  7  1  0  0  0
  7 13  1  0  0  0
  7  8  2  0  0  0
  8  9  1  0  0  0
  8 10  1  0  0  0
 10 11  1  0  0  0
 11 12  1  0  0  0
 12 13  1  0  0  0
M  END
$$$$
c12c3c(nc1CNCC2)CCCC3
  -ISIS-

 13 15  0  0  0  0  0  0  0  0  1
   -1.2465   -0.5919    4.7259  C  0  0  0  0  0
    0.0737   -0.3671    5.4551  C  0  0  0  0  0
   -0.0852   -0.1378    6.9863  C  0  0  0  0  0
   -0.9420   -1.2609    7.6459  C  0  0  0  0  0
   -2.1635   -1.5395    6.8256  C  0  0  0  0  0
   -3.3252   -2.1271    7.2694  N  0  0  0  0  0
   -4.2035   -2.2140    6.2114  C  0  0  0  0  0
   -3.6001   -1.6485    5.0965  C  0  0  0  0  0
   -2.3046   -1.2388    5.4861  C  0  0  0  0  0
   -4.2655   -1.5548    3.7582  C  0  0  0  0  0
   -5.7809   -1.8822    3.8945  C  0  0  0  0  0
   -6.0426   -3.0649    4.8337  N  0  0  0  0  0
   -5.5783   -2.7731    6.2483  C  0  0  0  0  0
  1  9  1  0  0  0
  1  2  1  0  0  0
  2  3  1  0  0  0
  3  4  1  0  0  0
  4  5  1  0  0  0
  5  9  2  0  0  0
  5  6  1  0  0  0
  6  7  1  0  0  0
  7 13  1  0  0  0
  7  8  2  0  0  0
  8  9  1  0  0  0
  8 10  1  0  0  0
 10 11  1  0  0  0
 11 12  1  0  0  0
 12 13  1  0  0  0
M  END
$$$$
c12c3c(nc1CNCC2)CCCC3
  -ISIS-

 13 15  0  0  0  0  0  0  0  0  1
   -1.2465   -0.5919    4.7259  C  0  0  0  0  0
    0.0737   -0.3671    5.4551  C  0  0  0  0  0
   -0.0852   -0.1378    6.9863  C  0  0  0  0  0
   -0.9420   -1.2609    7.6459  C  0  0  0  0  0
   -2.1635   -1.5395    6.8256  C  0  0  0  0  0
   -3.3252   -2.1271    7.2694  N  0  0  0  0  0
   -4.2035   -2.2140    6.2114  C  0  0  0  0  0
   -3.6001   -1.6485    5.0965  C  0  0  0  0  0
   -2.3046   -1.2388    5.4861  C  0  0  0  0  0
   -4.2655   -1.5548    3.7582  C  0  0  0  0  0
   -5.7809   -1.8822    3.8945  C  0  0  0  0  0
   -6.0426   -3.0649    4.8337  N  0  0  0  0  0
   -5.5783   -2.7731    6.2483  C  0  0  0  0  0
  1  9  1  0  0  0
  1  2  1  0  0  0
  2  3  1  0  0  0
  3  4  1  0  0  0
  4  5  1  0  0  0
  5  9  2  0  0  0
  5  6  1  0  0  0
  6  7  1  0  0  0
  7 13  1  0  0  0
  7  8  2  0  0  0
  8  9  1  0  0  0
  8 10  1  0  0  0
 10 11  1  0  0  0
 11 12  1  0  0  0
 12 13  1  0  0  0
M  END
$$$$
c12c3c(nc1CNCC2)CCCC3
  -ISIS-

 13 15  0  0  0  0  0  0  0  0  1
   -1.2465   -0.5919    4.7259  C  0  0  0  0  0
    0.0737   -0.3671    5.4551  C  0  0  0  0  0
   -0.0852   -0.1378    6.9863  C  0  0  0  0  0
   -0.9420   -1.2609    7.6459  C  0  0  0  0  0
   -2.1635   -1.5395    6.8256  C  0  0  0  0  0
   -3.3252   -2.1271    7.2694  N  0  0  0  0  0
   -4.2035   -2.2140    6.2114  C  0  0  0  0  0
   -3.6001   -1.6485    5.0965  C  0  0  0  0  0
   -2.3046   -1.2388    5.4861  C  0  0  0  0  0
   -4.2655   -1.5548    3.7582  C  0  0  0  0  0
   -5.7809   -1.8822    3.8945  C  0  0  0  0  0
   -6.0426   -3.0649    4.8337  N  0  0  0  0  0
   -5.5783   -2.7731    6.2483  C  0  0  0  0  0
  1  9  1  0  0  0
  1  2  1  0  0  0
  2  3  1  0  0  0
  3  4  1  0  0  0
  4  5  1  0  0  0
  5  9  2  0  0  0
  5  6  1  0  0  0
  6  7  1  0  0  0
  7 13  1  0  0  0
  7  8  2  0  0  0
  8  9  1  0  0  0
  8 10  1  0  0  0
 10 11  1  0  0  0
 11 12  1  0  0  0
 12 13  1  0  0  0
M  END
$$$$
c12c3c(nc1CNCC2)CCCC3
  -ISIS-

 13 15  0  0  0  0  0  0  0  0  1
   -2.2754   -2.2301    3.4726  C  0  0  0  0  0
   -2.5193   -3.6610    2.9094  C  0  0  0  0  0
   -1.9790   -3.8309    1.4841  N  0  0  0  0  0
   -0.4753   -3.6412    1.4280  C  0  0  0  0  0
   -0.1100   -2.4006    2.1559  C  0  0  0  0  0
    1.0777   -1.7106    2.0487  N  0  0  0  0  0
    1.0179   -0.6107    2.8699  C  0  0  0  0  0
   -0.1884   -0.6264    3.5431  C  0  0  0  0  0
   -0.9069   -1.7569    3.0922  C  0  0  0  0  0
   -0.5408    0.3964    4.5185  C  0  0  0  0  0
    0.5256    1.4448    4.8142  C  0  0  0  0  0
    1.4330    1.7132    3.6021  C  0  0  0  0  0
    2.0761    0.4315    3.0420  C  0  0  0  0  0
  1  9  1  0  0  0
  1  2  1  0  0  0
  2  3  1  0  0  0
  3  4  1  0  0  0
  4  5  1  0  0  0
  5  9  2  0  0  0
  5  6  1  0  0  0
  6  7  1  0  0  0
  7 13  1  0  0  0
  7  8  2  0  0  0
  8  9  1  0  0  0
  8 10  1  0  0  0
 10 11  1  0  0  0
 11 12  1  0  0  0
 12 13  1  0  0  0
M  END
$$$$
c12c3c(nc1CNCC2)CCCC3
  -ISIS-

 13 15  0  0  0  0  0  0  0  0  1
   -2.2754   -2.2301    3.4726  C  0  0  0  0  0
   -2.5193   -3.6610    2.9094  C  0  0  0  0  0
   -1.9790   -3.8309    1.4841  N  0  0  0  0  0
   -0.4753   -3.6412    1.4280  C  0  0  0  0  0
   -0.1100   -2.4006    2.1559  C  0  0  0  0  0
    1.0777   -1.7106    2.0487  N  0  0  0  0  0
    1.0179   -0.6107    2.8699  C  0  0  0  0  0
   -0.1884   -0.6264    3.5431  C  0  0  0  0  0
   -0.9069   -1.7569    3.0922  C  0  0  0  0  0
   -0.5408    0.3964    4.5185  C  0  0  0  0  0
    0.5256    1.4448    4.8142  C  0  0  0  0  0
    1.4330    1.7132    3.6021  C  0  0  0  0  0
    2.0761    0.4315    3.0420  C  0  0  0  0  0
  1  9  1  0  0  0
  1  2  1  0  0  0
  2  3  1  0  0  0
  3  4  1  0  0  0
  4  5  1  0  0  0
  5  9  2  0  0  0
  5  6  1  0  0  0
  6  7  1  0  0  0
  7 13  1  0  0  0
  7  8  2  0  0  0
  8  9  1  0  0  0
  8 10  1  0  0  0
 10 11  1  0  0  0
 11 12  1  0  0  0
 12 13  1  0  0  0
M  END
$$$$
c12c3c(nc1CNCC2)CCCC3
  -ISIS-

 13 15  0  0  0  0  0  0  0  0  1
   -2.2754   -2.2301    3.4726  C  0  0  0  0  0
   -2.5193   -3.6610    2.9094  C  0  0  0  0  0
   -1.9790   -3.8309    1.4841  N  0  0  0  0  0
   -0.4753   -3.6412    1.4280  C  0  0  0  0  0
   -0.1100   -2.4006    2.1559  C  0  0  0  0  0
    1.0777   -1.7106    2.0487  N  0  0  0  0  0
    1.0179   -0.6107    2.8699  C  0  0  0  0  0
   -0.1884   -0.6264    3.5431  C  0  0  0  0  0
   -0.9069   -1.7569    3.0922  C  0  0  0  0  0
   -0.5408    0.3964    4.5185  C  0  0  0  0  0
    0.5256    1.4448    4.8142  C  0  0  0  0  0
    1.4330    1.7132    3.6021  C  0  0  0  0  0
    2.0761    0.4315    3.0420  C  0  0  0  0  0
  1  9  1  0  0  0
  1  2  1  0  0  0
  2  3  1  0  0  0
  3  4  1  0  0  0
  4  5  1  0  0  0
  5  9  2  0  0  0
  5  6  1  0  0  0
  6  7  1  0  0  0
  7 13  1  0  0  0
  7  8  2  0  0  0
  8  9  1  0  0  0
  8 10  1  0  0  0
 10 11  1  0  0  0
 11 12  1  0  0  0
 12 13  1  0  0  0
M  END
$$$$
c12c3c(nc1CNCC2)CCCC3
  -ISIS-

 13 15  0  0  0  0  0  0  0  0  1
   -2.2754   -2.2301    3.4726  C  0  0  0  0  0
   -2.5193   -3.6610    2.9094  C  0  0  0  0  0
   -1.9790   -3.8309    1.4841  N  0  0  0  0  0
   -0.4753   -3.6412    1.4280  C  0  0  0  0  0
   -0.1100   -2.4006    2.1559  C  0  0  0  0  0
    1.0777   -1.7106    2.0487  N  0  0  0  0  0
    1.0179   -0.6107    2.8699  C  0  0  0  0  0
   -0.1884   -0.6264    3.5431  C  0  0  0  0  0
   -0.9069   -1.7569    3.0922  C  0  0  0  0  0
   -0.5408    0.3964    4.5185  C  0  0  0  0  0
    0.5256    1.4448    4.8142  C  0  0  0  0  0
    1.4330    1.7132    3.6021  C  0  0  0  0  0
    2.0761    0.4315    3.0420  C  0  0  0  0  0
  1  9  1  0  0  0
  1  2  1  0  0  0
  2  3  1  0  0  0
  3  4  1  0  0  0
  4  5  1  0  0  0
  5  9  2  0  0  0
  5  6  1  0  0  0
  6  7  1  0  0  0
  7 13  1  0  0  0
  7  8  2  0  0  0
  8  9  1  0  0  0
  8 10  1  0  0  0
 10 11  1  0  0  0
 11 12  1  0  0  0
 12 13  1  0  0  0
M  END
$$$$
