c12c(OCN1)cc[c]3[c]2cccc3
  -ISIS-

 13 15  0  0  0  0  0  0  0  0  1
    3.9473    1.6662    2.3196  C  0  0  0  0  0
    4.8397    2.1276    3.3099  O  0  0  0  0  0
    4.1288    3.0484    4.0452  C  0  0  0  0  0
    4.6009    3.7489    5.1284  C  0  0  0  0  0
    3.7121    4.6245    5.7478  C  0  0  0  0  0
    2.3934    4.8043    5.2659  C  0  0  0  0  0
    1.9297    4.0781    4.1316  C  0  0  0  0  0
    2.8216    3.1624    3.5490  C  0  0  0  0  0
    2.6837    2.2575    2.4660  N  0  0  0  0  0
    0.6281    4.3506    3.6540  C  0  0  0  0  0
   -0.2059    5.2678    4.2966  C  0  0  0  0  0
    0.2443    5.9434    5.4234  C  0  0  0  0  0
    1.5356    5.7175    5.8995  C  0  0  0  0  0
  1  9  1  0  0  0
  1  2  1  0  0  0
  2  3  1  0  0  0
  3  8  2  0  0  0
  3  4  1  0  0  0
  4  5  2  0  0  0
  5  6  1  0  0  0
  6 13  1  0  0  0
  6  7  2  0  0  0
  7  8  1  0  0  0
  7 10  1  0  0  0
  8  9  1  0  0  0
 10 11  2  0  0  0
 11 12  1  0  0  0
 12 13  2  0  0  0
M  END
$$$$
