c12c(cccc1)CN3N4C(COC23)CCCC4
  -ISIS-

 17 20  0  0  0  0  0  0  0  0  1
   -1.4888    1.2079   -5.8805  C  0  0  0  0  0
   -2.5042    0.1175   -6.0306  C  0  0  0  0  0
   -3.7410    0.6855   -6.3390  C  0  0  0  0  0
   -3.5627    2.1374   -6.4981  C  0  0  0  0  0
   -2.2028    2.3796   -6.3260  N  0  0  0  0  0
   -1.5510    3.6145   -6.5338  N  0  0  0  0  0
   -1.8372    4.2167   -7.8431  C  0  0  0  0  0
   -1.3612    5.6748   -7.8575  C  0  0  0  0  0
   -0.0749    5.8937   -7.0613  C  0  0  0  0  0
    0.7321    4.6063   -6.9877  C  0  0  0  0  0
   -0.0751    3.4626   -6.3319  C  0  0  0  0  0
    0.4418    2.0950   -6.8513  C  0  0  0  0  0
   -0.3549    1.0048   -6.6914  O  0  0  0  0  0
   -4.8879   -0.0691   -6.4985  C  0  0  0  0  0
   -4.7733   -1.4512   -6.3393  C  0  0  0  0  0
   -3.5308   -2.0390   -6.0357  C  0  0  0  0  0
   -2.3825   -1.2551   -5.8784  C  0  0  0  0  0
  1  5  1  0  0  0
  1 13  1  0  0  0
  1  2  1  0  0  0
  2 17  2  0  0  0
  2  3  1  0  0  0
  3  4  1  0  0  0
  3 14  2  0  0  0
  4  5  1  0  0  0
  5  6  1  0  0  0
  6 11  1  0  0  0
  6  7  1  0  0  0
  7  8  1  0  0  0
  8  9  1  0  0  0
  9 10  1  0  0  0
 10 11  1  0  0  0
 11 12  1  0  0  0
 12 13  1  0  0  0
 14 15  1  0  0  0
 15 16  2  0  0  0
 16 17  1  0  0  0
M  END
$$$$
