c12c3c(C45C6C7(CCC4N3)CCC5CN6CCC7)ccc1OCO2
  -ISIS-

 24 30  0  0  0  0  0  0  0  0  1
    1.4312   -3.8219    3.9664  C  0  0  0  0  0
    0.7356   -4.9681    3.0967  C  0  0  0  0  0
   -0.6395   -4.8475    3.8273  C  0  0  0  0  0
   -0.4431   -4.3199    5.1754  N  0  0  0  0  0
    0.7149   -3.5516    5.1549  C  0  0  0  0  0
    1.1487   -2.5896    6.0524  C  0  0  0  0  0
    2.3422   -1.9474    5.8469  C  0  0  0  0  0
    2.6320   -1.0309    6.8067  O  0  0  0  0  0
    1.4797   -1.1591    7.6581  C  0  0  0  0  0
    0.5238   -2.1124    7.1589  O  0  0  0  0  0
    3.1390   -2.2338    4.7668  C  0  0  0  0  0
    2.6890   -3.1841    3.8382  C  0  0  0  0  0
   -1.4188   -3.6550    2.9694  C  0  0  0  0  0
   -0.5508   -2.9719    1.7273  C  0  0  0  0  0
    0.3321   -3.9893    0.8710  C  0  0  0  0  0
    1.8712   -3.7814    0.8877  C  0  0  0  0  0
    2.6513   -4.9784    1.5393  C  0  0  0  0  0
    1.9422   -5.8091    2.6687  C  0  0  0  0  0
    1.5207   -7.0451    1.9121  C  0  0  0  0  0
    0.3590   -6.5438    1.1298  N  0  0  0  0  0
    0.0284   -5.1923    1.6621  C  0  0  0  0  0
    0.2627   -6.7515   -0.3565  C  0  0  0  0  0
    0.4895   -5.4792   -1.1693  C  0  0  0  0  0
   -0.1600   -4.2213   -0.5645  C  0  0  0  0  0
  1  5  2  0  0  0
  1 12  1  0  0  0
  1  2  1  0  0  0
  2 21  1  0  0  0
  2 18  1  0  0  0
  2  3  1  0  0  0
  3  4  1  0  0  0
  3 13  1  0  0  0
  4  5  1  0  0  0
  5  6  1  0  0  0
  6 10  1  0  0  0
  6  7  2  0  0  0
  7  8  1  0  0  0
  7 11  1  0  0  0
  8  9  1  0  0  0
  9 10  1  0  0  0
 11 12  2  0  0  0
 13 14  1  0  0  0
 14 15  1  0  0  0
 15 21  1  0  0  0
 15 24  1  0  0  0
 15 16  1  0  0  0
 16 17  1  0  0  0
 17 18  1  0  0  0
 18 19  1  0  0  0
 19 20  1  0  0  0
 20 21  1  0  0  0
 20 22  1  0  0  0
 22 23  1  0  0  0
 23 24  1  0  0  0
M  END
$$$$
