C12c3c4c([s]c3NCN1N=CCN=2)CCCC4
  -ISIS-

 17 20  0  0  0  0  0  0  0  0  1
    3.2179   -2.1990   -3.8148  N  0  0  0  0  0
    3.9815   -1.9032   -4.9418  N  0  0  0  0  0
    3.7468   -0.7711   -5.5294  C  0  0  0  0  0
    2.6876    0.1762   -5.0027  C  0  0  0  0  0
    1.9562   -0.1535   -3.8931  N  0  0  0  0  0
    2.2407   -1.2957   -3.3587  C  0  0  0  0  0
    1.5051   -1.7070   -2.1810  C  0  0  0  0  0
    1.8267   -2.9085   -1.6177  C  0  0  0  0  0
    0.9531   -3.3201   -0.2463  S  0  0  0  0  0
    0.0785   -1.8562   -0.3462  C  0  0  0  0  0
    0.4501   -1.0793   -1.4362  C  0  0  0  0  0
   -0.1920    0.2520   -1.7091  C  0  0  0  0  0
   -1.4898    0.4424   -0.9069  C  0  0  0  0  0
   -1.3345   -0.0119    0.5505  C  0  0  0  0  0
   -0.9902   -1.5057    0.6429  C  0  0  0  0  0
    2.7788   -3.7625   -2.0778  N  0  0  0  0  0
    3.5117   -3.4419   -3.1989  C  0  0  0  0  0
  1  6  1  0  0  0
  1 17  1  0  0  0
  1  2  1  0  0  0
  2  3  2  0  0  0
  3  4  1  0  0  0
  4  5  1  0  0  0
  5  6  2  0  0  0
  6  7  1  0  0  0
  7 11  1  0  0  0
  7  8  2  0  0  0
  8  9  1  0  0  0
  8 16  1  0  0  0
  9 10  1  0  0  0
 10 15  1  0  0  0
 10 11  2  0  0  0
 11 12  1  0  0  0
 12 13  1  0  0  0
 13 14  1  0  0  0
 14 15  1  0  0  0
 16 17  1  0  0  0
M  END
$$$$
