C12C3C1CCCC2CC3
  -ISIS-

  9 11  0  0  0  0  0  0  0  0  1
   -7.5024   -3.9570    2.2850  C  0  0  0  0  0
   -6.0093   -4.1841    2.3912  C  0  0  0  0  0
   -5.9295   -5.6640    2.1801  C  0  0  0  0  0
   -6.8103   -5.6937    0.8680  C  0  0  0  0  0
   -7.8695   -4.5823    1.0040  C  0  0  0  0  0
   -7.8022   -2.9797    1.2266  C  0  0  0  0  0
   -6.6829   -1.9375    1.2043  C  0  0  0  0  0
   -5.9445   -1.7745    2.6036  C  0  0  0  0  0
   -5.4402   -3.1162    3.2677  C  0  0  0  0  0
  1  5  1  0  0  0
  1  6  1  0  0  0
  1  2  1  0  0  0
  2  9  1  0  0  0
  2  3  1  0  0  0
  3  4  1  0  0  0
  4  5  1  0  0  0
  5  6  1  0  0  0
  6  7  1  0  0  0
  7  8  1  0  0  0
  8  9  1  0  0  0
M  END
$$$$
