c12c(cncc1)NC=C2
  -ISIS-

  9 10  0  0  0  0  0  0  0  0  1
    2.6729    3.8336   -4.0665  C  0  0  0  0  0
    3.5817    4.5424   -4.8491  C  0  0  0  0  0
    3.0657    5.3290   -5.8895  C  0  0  0  0  0
    3.6389    6.1698   -6.8825  C  0  0  0  0  0
    2.6098    6.6876   -7.6365  C  0  0  0  0  0
    1.4327    6.1934   -7.1377  N  0  0  0  0  0
    1.6861    5.3615   -6.0721  C  0  0  0  0  0
    0.8260    4.6427   -5.2580  C  0  0  0  0  0
    1.3431    3.8882   -4.2613  N  0  0  0  0  0
  1  9  2  0  0  0
  1  2  1  0  0  0
  2  3  2  0  0  0
  3  7  1  0  0  0
  3  4  1  0  0  0
  4  5  2  0  0  0
  5  6  1  0  0  0
  6  7  1  0  0  0
  7  8  2  0  0  0
  8  9  1  0  0  0
M  END
$$$$
