c12c(cccc1)NSC3C2C4CC3CC4
  -ISIS-

 15 18  0  0  0  0  0  0  0  0  1
    0.8671    5.1460    2.7361  N  0  0  0  0  0
    1.2619    6.4003    2.1811  C  0  0  0  0  0
    1.9582    6.5232    0.9505  C  0  0  0  0  0
    2.1699    5.2629    0.1628  C  0  0  0  0  0
    2.7373    4.2373    1.1434  C  0  0  0  0  0
    1.4378    3.6211    2.1888  S  0  0  0  0  0
    3.5780    3.3219    0.2592  C  0  0  0  0  0
    4.3830    4.4259   -0.4554  C  0  0  0  0  0
    3.1334    5.0978   -1.0442  C  0  0  0  0  0
    2.5843    3.9121   -1.8698  C  0  0  0  0  0
    2.7955    2.7155   -0.9214  C  0  0  0  0  0
    2.3341    7.7850    0.4765  C  0  0  0  0  0
    2.0298    8.9383    1.2104  C  0  0  0  0  0
    1.3564    8.8159    2.4308  C  0  0  0  0  0
    0.9694    7.5606    2.9063  C  0  0  0  0  0
  1  6  1  0  0  0
  1  2  1  0  0  0
  2 15  2  0  0  0
  2  3  1  0  0  0
  3  4  1  0  0  0
  3 12  2  0  0  0
  4  9  1  0  0  0
  4  5  1  0  0  0
  5  6  1  0  0  0
  5  7  1  0  0  0
  7 11  1  0  0  0
  7  8  1  0  0  0
  8  9  1  0  0  0
  9 10  1  0  0  0
 10 11  1  0  0  0
 12 13  1  0  0  0
 13 14  2  0  0  0
 14 15  1  0  0  0
M  END
$$$$
c12c(cccc1)NSC3C2C4CC3CC4
  -ISIS-

 15 18  0  0  0  0  0  0  0  0  1
    0.8671    5.1460    2.7361  N  0  0  0  0  0
    1.2619    6.4003    2.1811  C  0  0  0  0  0
    1.9582    6.5232    0.9505  C  0  0  0  0  0
    2.1699    5.2629    0.1628  C  0  0  0  0  0
    2.7373    4.2373    1.1434  C  0  0  0  0  0
    1.4378    3.6211    2.1888  S  0  0  0  0  0
    3.5780    3.3219    0.2592  C  0  0  0  0  0
    4.3830    4.4259   -0.4554  C  0  0  0  0  0
    3.1334    5.0978   -1.0442  C  0  0  0  0  0
    2.5843    3.9121   -1.8698  C  0  0  0  0  0
    2.7955    2.7155   -0.9214  C  0  0  0  0  0
    2.3341    7.7850    0.4765  C  0  0  0  0  0
    2.0298    8.9383    1.2104  C  0  0  0  0  0
    1.3564    8.8159    2.4308  C  0  0  0  0  0
    0.9694    7.5606    2.9063  C  0  0  0  0  0
  1  6  1  0  0  0
  1  2  1  0  0  0
  2 15  2  0  0  0
  2  3  1  0  0  0
  3  4  1  0  0  0
  3 12  2  0  0  0
  4  9  1  0  0  0
  4  5  1  0  0  0
  5  6  1  0  0  0
  5  7  1  0  0  0
  7 11  1  0  0  0
  7  8  1  0  0  0
  8  9  1  0  0  0
  9 10  1  0  0  0
 10 11  1  0  0  0
 12 13  1  0  0  0
 13 14  2  0  0  0
 14 15  1  0  0  0
M  END
$$$$
c12c(cccc1)NSC3C2C4CC3CC4
  -ISIS-

 15 18  0  0  0  0  0  0  0  0  1
   -0.8873   -9.4895    3.7597  N  0  0  0  0  0
   -1.8323   -8.4305    3.8948  C  0  0  0  0  0
   -1.8876   -7.3182    3.0168  C  0  0  0  0  0
   -0.9783   -7.3510    1.8219  C  0  0  0  0  0
    0.4111   -7.7055    2.3509  C  0  0  0  0  0
    0.4854   -9.4414    2.7282  S  0  0  0  0  0
    1.3551   -7.0451    1.3516  C  0  0  0  0  0
    0.7138   -5.6430    1.3742  C  0  0  0  0  0
   -0.6543   -6.1491    0.8928  C  0  0  0  0  0
   -0.2263   -6.7593   -0.4613  C  0  0  0  0  0
    1.0987   -7.4638   -0.1088  C  0  0  0  0  0
   -2.8266   -6.2983    3.2269  C  0  0  0  0  0
   -3.7261   -6.3450    4.3086  C  0  0  0  0  0
   -3.6494   -7.4493    5.1773  C  0  0  0  0  0
   -2.7229   -8.4776    4.9712  C  0  0  0  0  0
  1  6  1  0  0  0
  1  2  1  0  0  0
  2 15  2  0  0  0
  2  3  1  0  0  0
  3  4  1  0  0  0
  3 12  2  0  0  0
  4  9  1  0  0  0
  4  5  1  0  0  0
  5  6  1  0  0  0
  5  7  1  0  0  0
  7 11  1  0  0  0
  7  8  1  0  0  0
  8  9  1  0  0  0
  9 10  1  0  0  0
 10 11  1  0  0  0
 12 13  1  0  0  0
 13 14  2  0  0  0
 14 15  1  0  0  0
M  END
$$$$
c12c(cccc1)NSC3C2C4CC3CC4
  -ISIS-

 15 18  0  0  0  0  0  0  0  0  1
   -0.8873   -9.4895    3.7597  N  0  0  0  0  0
   -1.8323   -8.4305    3.8948  C  0  0  0  0  0
   -1.8876   -7.3182    3.0168  C  0  0  0  0  0
   -0.9783   -7.3510    1.8219  C  0  0  0  0  0
    0.4111   -7.7055    2.3509  C  0  0  0  0  0
    0.4854   -9.4414    2.7282  S  0  0  0  0  0
    1.3551   -7.0451    1.3516  C  0  0  0  0  0
    0.7138   -5.6430    1.3742  C  0  0  0  0  0
   -0.6543   -6.1491    0.8928  C  0  0  0  0  0
   -0.2263   -6.7593   -0.4613  C  0  0  0  0  0
    1.0987   -7.4638   -0.1088  C  0  0  0  0  0
   -2.8266   -6.2983    3.2269  C  0  0  0  0  0
   -3.7261   -6.3450    4.3086  C  0  0  0  0  0
   -3.6494   -7.4493    5.1773  C  0  0  0  0  0
   -2.7229   -8.4776    4.9712  C  0  0  0  0  0
  1  6  1  0  0  0
  1  2  1  0  0  0
  2 15  2  0  0  0
  2  3  1  0  0  0
  3  4  1  0  0  0
  3 12  2  0  0  0
  4  9  1  0  0  0
  4  5  1  0  0  0
  5  6  1  0  0  0
  5  7  1  0  0  0
  7 11  1  0  0  0
  7  8  1  0  0  0
  8  9  1  0  0  0
  9 10  1  0  0  0
 10 11  1  0  0  0
 12 13  1  0  0  0
 13 14  2  0  0  0
 14 15  1  0  0  0
M  END
$$$$
c12c(cccc1)NSC3C2C4CC3CC4
  -ISIS-

 15 18  0  0  0  0  0  0  0  0  1
    3.9598   -5.6765   -0.5474  N  0  0  0  0  0
    3.5004   -4.6621    0.3452  C  0  0  0  0  0
    2.2917   -3.9434    0.1522  C  0  0  0  0  0
    1.4201   -4.3775   -0.9905  C  0  0  0  0  0
    2.3343   -4.4730   -2.2113  C  0  0  0  0  0
    3.3144   -5.9533   -2.1148  S  0  0  0  0  0
    1.4005   -4.1865   -3.3826  C  0  0  0  0  0
    0.7771   -2.8917   -2.8235  C  0  0  0  0  0
    0.2188   -3.5812   -1.5694  C  0  0  0  0  0
   -0.6962   -4.6240   -2.2509  C  0  0  0  0  0
    0.1689   -5.1110   -3.4301  C  0  0  0  0  0
    1.9135   -2.9446    1.0565  C  0  0  0  0  0
    2.7228   -2.6422    2.1587  C  0  0  0  0  0
    3.9216   -3.3405    2.3408  C  0  0  0  0  0
    4.3015   -4.3455    1.4479  C  0  0  0  0  0
  1  6  1  0  0  0
  1  2  1  0  0  0
  2 15  2  0  0  0
  2  3  1  0  0  0
  3  4  1  0  0  0
  3 12  2  0  0  0
  4  9  1  0  0  0
  4  5  1  0  0  0
  5  6  1  0  0  0
  5  7  1  0  0  0
  7 11  1  0  0  0
  7  8  1  0  0  0
  8  9  1  0  0  0
  9 10  1  0  0  0
 10 11  1  0  0  0
 12 13  1  0  0  0
 13 14  2  0  0  0
 14 15  1  0  0  0
M  END
$$$$
c12c(cccc1)NSC3C2C4CC3CC4
  -ISIS-

 15 18  0  0  0  0  0  0  0  0  1
    3.9598   -5.6765   -0.5474  N  0  0  0  0  0
    3.5004   -4.6621    0.3452  C  0  0  0  0  0
    2.2917   -3.9434    0.1522  C  0  0  0  0  0
    1.4201   -4.3775   -0.9905  C  0  0  0  0  0
    2.3343   -4.4730   -2.2113  C  0  0  0  0  0
    3.3144   -5.9533   -2.1148  S  0  0  0  0  0
    1.4005   -4.1865   -3.3826  C  0  0  0  0  0
    0.7771   -2.8917   -2.8235  C  0  0  0  0  0
    0.2188   -3.5812   -1.5694  C  0  0  0  0  0
   -0.6962   -4.6240   -2.2509  C  0  0  0  0  0
    0.1689   -5.1110   -3.4301  C  0  0  0  0  0
    1.9135   -2.9446    1.0565  C  0  0  0  0  0
    2.7228   -2.6422    2.1587  C  0  0  0  0  0
    3.9216   -3.3405    2.3408  C  0  0  0  0  0
    4.3015   -4.3455    1.4479  C  0  0  0  0  0
  1  6  1  0  0  0
  1  2  1  0  0  0
  2 15  2  0  0  0
  2  3  1  0  0  0
  3  4  1  0  0  0
  3 12  2  0  0  0
  4  9  1  0  0  0
  4  5  1  0  0  0
  5  6  1  0  0  0
  5  7  1  0  0  0
  7 11  1  0  0  0
  7  8  1  0  0  0
  8  9  1  0  0  0
  9 10  1  0  0  0
 10 11  1  0  0  0
 12 13  1  0  0  0
 13 14  2  0  0  0
 14 15  1  0  0  0
M  END
$$$$
c12c(cccc1)NSC3C2C4CC3CC4
  -ISIS-

 15 18  0  0  0  0  0  0  0  0  1
   -3.5863    1.9952   -3.6448  N  0  0  0  0  0
   -3.4328    2.0591   -5.0608  C  0  0  0  0  0
   -4.1671    2.9494   -5.8852  C  0  0  0  0  0
   -5.0440    3.9510   -5.1899  C  0  0  0  0  0
   -5.8685    3.1634   -4.1720  C  0  0  0  0  0
   -4.8564    2.7508   -2.7696  S  0  0  0  0  0
   -7.1520    3.9769   -4.0428  C  0  0  0  0  0
   -7.4587    4.0984   -5.5491  C  0  0  0  0  0
   -6.1402    4.8214   -5.8632  C  0  0  0  0  0
   -6.3189    6.0602   -4.9562  C  0  0  0  0  0
   -6.9123    5.4524   -3.6698  C  0  0  0  0  0
   -3.9857    2.9370   -7.2754  C  0  0  0  0  0
   -3.0962    2.0344   -7.8880  C  0  0  0  0  0
   -2.3708    1.1625   -7.0553  C  0  0  0  0  0
   -2.5365    1.1733   -5.6657  C  0  0  0  0  0
  1  6  1  0  0  0
  1  2  1  0  0  0
  2 15  2  0  0  0
  2  3  1  0  0  0
  3  4  1  0  0  0
  3 12  2  0  0  0
  4  9  1  0  0  0
  4  5  1  0  0  0
  5  6  1  0  0  0
  5  7  1  0  0  0
  7 11  1  0  0  0
  7  8  1  0  0  0
  8  9  1  0  0  0
  9 10  1  0  0  0
 10 11  1  0  0  0
 12 13  1  0  0  0
 13 14  2  0  0  0
 14 15  1  0  0  0
M  END
$$$$
c12c(cccc1)NSC3C2C4CC3CC4
  -ISIS-

 15 18  0  0  0  0  0  0  0  0  1
   -3.5863    1.9952   -3.6448  N  0  0  0  0  0
   -3.4328    2.0591   -5.0608  C  0  0  0  0  0
   -4.1671    2.9494   -5.8852  C  0  0  0  0  0
   -5.0440    3.9510   -5.1899  C  0  0  0  0  0
   -5.8685    3.1634   -4.1720  C  0  0  0  0  0
   -4.8564    2.7508   -2.7696  S  0  0  0  0  0
   -7.1520    3.9769   -4.0428  C  0  0  0  0  0
   -7.4587    4.0984   -5.5491  C  0  0  0  0  0
   -6.1402    4.8214   -5.8632  C  0  0  0  0  0
   -6.3189    6.0602   -4.9562  C  0  0  0  0  0
   -6.9123    5.4524   -3.6698  C  0  0  0  0  0
   -3.9857    2.9370   -7.2754  C  0  0  0  0  0
   -3.0962    2.0344   -7.8880  C  0  0  0  0  0
   -2.3708    1.1625   -7.0553  C  0  0  0  0  0
   -2.5365    1.1733   -5.6657  C  0  0  0  0  0
  1  6  1  0  0  0
  1  2  1  0  0  0
  2 15  2  0  0  0
  2  3  1  0  0  0
  3  4  1  0  0  0
  3 12  2  0  0  0
  4  9  1  0  0  0
  4  5  1  0  0  0
  5  6  1  0  0  0
  5  7  1  0  0  0
  7 11  1  0  0  0
  7  8  1  0  0  0
  8  9  1  0  0  0
  9 10  1  0  0  0
 10 11  1  0  0  0
 12 13  1  0  0  0
 13 14  2  0  0  0
 14 15  1  0  0  0
M  END
$$$$
c12c(cccc1)NSC3C2C4CC3CC4
  -ISIS-

 15 18  0  0  0  0  0  0  0  0  1
    0.5398   -3.4792   -0.5599  N  0  0  0  0  0
    1.1410   -3.2706   -1.8384  C  0  0  0  0  0
    0.4416   -3.4311   -3.0612  C  0  0  0  0  0
   -1.0176   -3.7355   -2.9618  C  0  0  0  0  0
   -1.1821   -4.8850   -1.9684  C  0  0  0  0  0
   -0.9835   -4.2394   -0.3155  S  0  0  0  0  0
   -2.5139   -5.5260   -2.3899  C  0  0  0  0  0
   -3.2097   -4.4467   -3.2322  C  0  0  0  0  0
   -1.9631   -4.1702   -4.0963  C  0  0  0  0  0
   -1.6481   -5.5815   -4.6348  C  0  0  0  0  0
   -2.1578   -6.5182   -3.5186  C  0  0  0  0  0
    1.0863   -3.2119   -4.2826  C  0  0  0  0  0
    2.4414   -2.8627   -4.3127  C  0  0  0  0  0
    3.1326   -2.6967   -3.1067  C  0  0  0  0  0
    2.4889   -2.9000   -1.8828  C  0  0  0  0  0
  1  6  1  0  0  0
  1  2  1  0  0  0
  2 15  2  0  0  0
  2  3  1  0  0  0
  3  4  1  0  0  0
  3 12  2  0  0  0
  4  9  1  0  0  0
  4  5  1  0  0  0
  5  6  1  0  0  0
  5  7  1  0  0  0
  7 11  1  0  0  0
  7  8  1  0  0  0
  8  9  1  0  0  0
  9 10  1  0  0  0
 10 11  1  0  0  0
 12 13  1  0  0  0
 13 14  2  0  0  0
 14 15  1  0  0  0
M  END
$$$$
c12c(cccc1)NSC3C2C4CC3CC4
  -ISIS-

 15 18  0  0  0  0  0  0  0  0  1
    0.5398   -3.4792   -0.5599  N  0  0  0  0  0
    1.1410   -3.2706   -1.8384  C  0  0  0  0  0
    0.4416   -3.4311   -3.0612  C  0  0  0  0  0
   -1.0176   -3.7355   -2.9618  C  0  0  0  0  0
   -1.1821   -4.8850   -1.9684  C  0  0  0  0  0
   -0.9835   -4.2394   -0.3155  S  0  0  0  0  0
   -2.5139   -5.5260   -2.3899  C  0  0  0  0  0
   -3.2097   -4.4467   -3.2322  C  0  0  0  0  0
   -1.9631   -4.1702   -4.0963  C  0  0  0  0  0
   -1.6481   -5.5815   -4.6348  C  0  0  0  0  0
   -2.1578   -6.5182   -3.5186  C  0  0  0  0  0
    1.0863   -3.2119   -4.2826  C  0  0  0  0  0
    2.4414   -2.8627   -4.3127  C  0  0  0  0  0
    3.1326   -2.6967   -3.1067  C  0  0  0  0  0
    2.4889   -2.9000   -1.8828  C  0  0  0  0  0
  1  6  1  0  0  0
  1  2  1  0  0  0
  2 15  2  0  0  0
  2  3  1  0  0  0
  3  4  1  0  0  0
  3 12  2  0  0  0
  4  9  1  0  0  0
  4  5  1  0  0  0
  5  6  1  0  0  0
  5  7  1  0  0  0
  7 11  1  0  0  0
  7  8  1  0  0  0
  8  9  1  0  0  0
  9 10  1  0  0  0
 10 11  1  0  0  0
 12 13  1  0  0  0
 13 14  2  0  0  0
 14 15  1  0  0  0
M  END
$$$$
c12c(cccc1)NSC3C2C4CC3CC4
  -ISIS-

 15 18  0  0  0  0  0  0  0  0  1
   -1.2478   -0.8527    5.1309  S  0  0  0  0  0
   -1.7115    0.3044    3.9053  C  0  0  0  0  0
   -0.8347    1.5458    4.0617  C  0  0  0  0  0
    0.5052    1.1806    3.4989  C  0  0  0  0  0
    1.0643   -0.0624    3.8804  C  0  0  0  0  0
    0.4182   -0.9765    4.8004  N  0  0  0  0  0
    2.3418   -0.4059    3.4375  C  0  0  0  0  0
    3.0465    0.4485    2.5866  C  0  0  0  0  0
    2.4980    1.6754    2.1966  C  0  0  0  0  0
    1.2234    2.0344    2.6543  C  0  0  0  0  0
   -1.7801    2.6535    3.5222  C  0  0  0  0  0
   -2.8199    1.9011    2.6776  C  0  0  0  0  0
   -3.1216    0.8695    3.7825  C  0  0  0  0  0
   -3.5210    1.7922    4.9484  C  0  0  0  0  0
   -2.6801    3.0621    4.7108  C  0  0  0  0  0
  1  6  1  0  0  0
  1  2  1  0  0  0
  2 13  1  0  0  0
  2  3  1  0  0  0
  3  4  1  0  0  0
  3 11  1  0  0  0
  4 10  2  0  0  0
  4  5  1  0  0  0
  5  6  1  0  0  0
  5  7  2  0  0  0
  7  8  1  0  0  0
  8  9  2  0  0  0
  9 10  1  0  0  0
 11 15  1  0  0  0
 11 12  1  0  0  0
 12 13  1  0  0  0
 13 14  1  0  0  0
 14 15  1  0  0  0
M  END
$$$$
c12c(cccc1)NSC3C2C4CC3CC4
  -ISIS-

 15 18  0  0  0  0  0  0  0  0  1
   -1.2478   -0.8527    5.1309  S  0  0  0  0  0
   -1.7115    0.3044    3.9053  C  0  0  0  0  0
   -0.8347    1.5458    4.0617  C  0  0  0  0  0
    0.5052    1.1806    3.4989  C  0  0  0  0  0
    1.0643   -0.0624    3.8804  C  0  0  0  0  0
    0.4182   -0.9765    4.8004  N  0  0  0  0  0
    2.3418   -0.4059    3.4375  C  0  0  0  0  0
    3.0465    0.4485    2.5866  C  0  0  0  0  0
    2.4980    1.6754    2.1966  C  0  0  0  0  0
    1.2234    2.0344    2.6543  C  0  0  0  0  0
   -1.7801    2.6535    3.5222  C  0  0  0  0  0
   -2.8199    1.9011    2.6776  C  0  0  0  0  0
   -3.1216    0.8695    3.7825  C  0  0  0  0  0
   -3.5210    1.7922    4.9484  C  0  0  0  0  0
   -2.6801    3.0621    4.7108  C  0  0  0  0  0
  1  6  1  0  0  0
  1  2  1  0  0  0
  2 13  1  0  0  0
  2  3  1  0  0  0
  3  4  1  0  0  0
  3 11  1  0  0  0
  4 10  2  0  0  0
  4  5  1  0  0  0
  5  6  1  0  0  0
  5  7  2  0  0  0
  7  8  1  0  0  0
  8  9  2  0  0  0
  9 10  1  0  0  0
 11 15  1  0  0  0
 11 12  1  0  0  0
 12 13  1  0  0  0
 13 14  1  0  0  0
 14 15  1  0  0  0
M  END
$$$$
c12c(cccc1)NSC3C2C4CC3CC4
  -ISIS-

 15 18  0  0  0  0  0  0  0  0  1
   -0.3293    1.5040   -2.9833  N  0  0  0  0  0
   -0.2751    0.6542   -4.1288  C  0  0  0  0  0
    0.9695    0.4451   -4.7332  C  0  0  0  0  0
    1.0923   -0.3990   -5.8396  C  0  0  0  0  0
   -0.0275   -1.0555   -6.3622  C  0  0  0  0  0
   -1.2832   -0.8365   -5.7822  C  0  0  0  0  0
   -1.4133   -0.0003   -4.6679  C  0  0  0  0  0
   -2.7414    0.3333   -4.0527  C  0  0  0  0  0
   -2.5565    0.1973   -2.5417  C  0  0  0  0  0
   -1.6704    1.6054   -1.9147  S  0  0  0  0  0
   -3.9472   -0.1811   -2.0424  C  0  0  0  0  0
   -4.1991   -1.3411   -3.0264  C  0  0  0  0  0
   -4.0650   -0.4499   -4.2704  C  0  0  0  0  0
   -5.2062    0.5507   -3.9786  C  0  0  0  0  0
   -5.0465    0.8111   -2.4676  C  0  0  0  0  0
  1 10  1  0  0  0
  1  2  1  0  0  0
  2  7  2  0  0  0
  2  3  1  0  0  0
  3  4  2  0  0  0
  4  5  1  0  0  0
  5  6  2  0  0  0
  6  7  1  0  0  0
  7  8  1  0  0  0
  8 13  1  0  0  0
  8  9  1  0  0  0
  9 10  1  0  0  0
  9 11  1  0  0  0
 11 15  1  0  0  0
 11 12  1  0  0  0
 12 13  1  0  0  0
 13 14  1  0  0  0
 14 15  1  0  0  0
M  END
$$$$
c12c(cccc1)NSC3C2C4CC3CC4
  -ISIS-

 15 18  0  0  0  0  0  0  0  0  1
   -0.3293    1.5040   -2.9833  N  0  0  0  0  0
   -0.2751    0.6542   -4.1288  C  0  0  0  0  0
    0.9695    0.4451   -4.7332  C  0  0  0  0  0
    1.0923   -0.3990   -5.8396  C  0  0  0  0  0
   -0.0275   -1.0555   -6.3622  C  0  0  0  0  0
   -1.2832   -0.8365   -5.7822  C  0  0  0  0  0
   -1.4133   -0.0003   -4.6679  C  0  0  0  0  0
   -2.7414    0.3333   -4.0527  C  0  0  0  0  0
   -2.5565    0.1973   -2.5417  C  0  0  0  0  0
   -1.6704    1.6054   -1.9147  S  0  0  0  0  0
   -3.9472   -0.1811   -2.0424  C  0  0  0  0  0
   -4.1991   -1.3411   -3.0264  C  0  0  0  0  0
   -4.0650   -0.4499   -4.2704  C  0  0  0  0  0
   -5.2062    0.5507   -3.9786  C  0  0  0  0  0
   -5.0465    0.8111   -2.4676  C  0  0  0  0  0
  1 10  1  0  0  0
  1  2  1  0  0  0
  2  7  2  0  0  0
  2  3  1  0  0  0
  3  4  2  0  0  0
  4  5  1  0  0  0
  5  6  2  0  0  0
  6  7  1  0  0  0
  7  8  1  0  0  0
  8 13  1  0  0  0
  8  9  1  0  0  0
  9 10  1  0  0  0
  9 11  1  0  0  0
 11 15  1  0  0  0
 11 12  1  0  0  0
 12 13  1  0  0  0
 13 14  1  0  0  0
 14 15  1  0  0  0
M  END
$$$$
