c12c(C3OC=CC3C=C1)cccc2
  -ISIS-

 13 15  0  0  0  0  0  0  0  0  1
    1.2029   -2.0276   -2.1174  C  0  0  0  0  0
   -0.1492   -1.5867   -2.1616  C  0  0  0  0  0
   -1.2114   -2.5218   -1.7068  C  0  0  0  0  0
   -0.9585   -3.5563   -0.8596  C  0  0  0  0  0
    0.4746   -3.6204   -0.3689  C  0  0  0  0  0
    1.4169   -3.4235   -1.5754  C  0  0  0  0  0
    2.7184   -3.8323   -1.1093  O  0  0  0  0  0
    2.3748   -4.8434   -0.2198  C  0  0  0  0  0
    1.1112   -4.8358    0.2046  C  0  0  0  0  0
   -0.4296   -0.3150   -2.6773  C  0  0  0  0  0
    0.5924    0.4938   -3.1696  C  0  0  0  0  0
    1.9134    0.0462   -3.1495  C  0  0  0  0  0
    2.2130   -1.2120   -2.6294  C  0  0  0  0  0
  1  6  1  0  0  0
  1 13  2  0  0  0
  1  2  1  0  0  0
  2  3  1  0  0  0
  2 10  2  0  0  0
  3  4  2  0  0  0
  4  5  1  0  0  0
  5  9  1  0  0  0
  5  6  1  0  0  0
  6  7  1  0  0  0
  7  8  1  0  0  0
  8  9  2  0  0  0
 10 11  1  0  0  0
 11 12  2  0  0  0
 12 13  1  0  0  0
M  END
$$$$
c12c(C3OC=CC3C=C1)cccc2
  -ISIS-

 13 15  0  0  0  0  0  0  0  0  1
    1.2029   -2.0276   -2.1174  C  0  0  0  0  0
   -0.1492   -1.5867   -2.1616  C  0  0  0  0  0
   -1.2114   -2.5218   -1.7068  C  0  0  0  0  0
   -0.9585   -3.5563   -0.8596  C  0  0  0  0  0
    0.4746   -3.6204   -0.3689  C  0  0  0  0  0
    1.4169   -3.4235   -1.5754  C  0  0  0  0  0
    2.7184   -3.8323   -1.1093  O  0  0  0  0  0
    2.3748   -4.8434   -0.2198  C  0  0  0  0  0
    1.1112   -4.8358    0.2046  C  0  0  0  0  0
   -0.4296   -0.3150   -2.6773  C  0  0  0  0  0
    0.5924    0.4938   -3.1696  C  0  0  0  0  0
    1.9134    0.0462   -3.1495  C  0  0  0  0  0
    2.2130   -1.2120   -2.6294  C  0  0  0  0  0
  1  6  1  0  0  0
  1 13  2  0  0  0
  1  2  1  0  0  0
  2  3  1  0  0  0
  2 10  2  0  0  0
  3  4  2  0  0  0
  4  5  1  0  0  0
  5  9  1  0  0  0
  5  6  1  0  0  0
  6  7  1  0  0  0
  7  8  1  0  0  0
  8  9  2  0  0  0
 10 11  1  0  0  0
 11 12  2  0  0  0
 12 13  1  0  0  0
M  END
$$$$
c12c(C3OC=CC3C=C1)cccc2
  -ISIS-

 13 15  0  0  0  0  0  0  0  0  1
    1.2029   -2.0276   -2.1174  C  0  0  0  0  0
   -0.1492   -1.5867   -2.1616  C  0  0  0  0  0
   -1.2114   -2.5218   -1.7068  C  0  0  0  0  0
   -0.9585   -3.5563   -0.8596  C  0  0  0  0  0
    0.4746   -3.6204   -0.3689  C  0  0  0  0  0
    1.4169   -3.4235   -1.5754  C  0  0  0  0  0
    2.7184   -3.8323   -1.1093  O  0  0  0  0  0
    2.3748   -4.8434   -0.2198  C  0  0  0  0  0
    1.1112   -4.8358    0.2046  C  0  0  0  0  0
   -0.4296   -0.3150   -2.6773  C  0  0  0  0  0
    0.5924    0.4938   -3.1696  C  0  0  0  0  0
    1.9134    0.0462   -3.1495  C  0  0  0  0  0
    2.2130   -1.2120   -2.6294  C  0  0  0  0  0
  1  6  1  0  0  0
  1 13  2  0  0  0
  1  2  1  0  0  0
  2  3  1  0  0  0
  2 10  2  0  0  0
  3  4  2  0  0  0
  4  5  1  0  0  0
  5  9  1  0  0  0
  5  6  1  0  0  0
  6  7  1  0  0  0
  7  8  1  0  0  0
  8  9  2  0  0  0
 10 11  1  0  0  0
 11 12  2  0  0  0
 12 13  1  0  0  0
M  END
$$$$
