c12c([s][c]3[c]1cc4c(n3)CCCC4)C=NCN2
  -ISIS-

 17 20  0  0  0  0  0  0  0  0  1
    1.7615   -0.1076   -0.3494  C  0  0  0  0  0
    0.1073   -0.3345   -0.1206  S  0  0  0  0  0
    0.2906   -0.2255    1.5788  C  0  0  0  0  0
   -0.7774   -0.3373    2.3906  N  0  0  0  0  0
   -0.5062   -0.2281    3.7109  C  0  0  0  0  0
   -1.6985   -0.3932    4.6200  C  0  0  0  0  0
   -1.4721    0.1369    6.0345  C  0  0  0  0  0
   -0.1466   -0.3909    6.5976  C  0  0  0  0  0
    1.0125    0.1162    5.7201  C  0  0  0  0  0
    0.7727   -0.0358    4.2401  C  0  0  0  0  0
    1.8525    0.0831    3.3539  C  0  0  0  0  0
    1.6121   -0.0187    1.9700  C  0  0  0  0  0
    2.4496    0.0471    0.8213  C  0  0  0  0  0
    3.8123    0.2383    0.7348  N  0  0  0  0  0
    4.4641    0.2734   -0.4872  C  0  0  0  0  0
    3.7500    0.1153   -1.6605  N  0  0  0  0  0
    2.4791   -0.0628   -1.5755  C  0  0  0  0  0
  1 13  2  0  0  0
  1 17  1  0  0  0
  1  2  1  0  0  0
  2  3  1  0  0  0
  3 12  2  0  0  0
  3  4  1  0  0  0
  4  5  2  0  0  0
  5 10  1  0  0  0
  5  6  1  0  0  0
  6  7  1  0  0  0
  7  8  1  0  0  0
  8  9  1  0  0  0
  9 10  1  0  0  0
 10 11  2  0  0  0
 11 12  1  0  0  0
 12 13  1  0  0  0
 13 14  1  0  0  0
 14 15  1  0  0  0
 15 16  1  0  0  0
 16 17  2  0  0  0
M  END
$$$$
c12c([s][c]3[c]1cc4c(n3)CCCC4)C=NCN2
  -ISIS-

 17 20  0  0  0  0  0  0  0  0  1
    1.7615   -0.1076   -0.3494  C  0  0  0  0  0
    0.1073   -0.3345   -0.1206  S  0  0  0  0  0
    0.2906   -0.2255    1.5788  C  0  0  0  0  0
   -0.7774   -0.3373    2.3906  N  0  0  0  0  0
   -0.5062   -0.2281    3.7109  C  0  0  0  0  0
   -1.6985   -0.3932    4.6200  C  0  0  0  0  0
   -1.4721    0.1369    6.0345  C  0  0  0  0  0
   -0.1466   -0.3909    6.5976  C  0  0  0  0  0
    1.0125    0.1162    5.7201  C  0  0  0  0  0
    0.7727   -0.0358    4.2401  C  0  0  0  0  0
    1.8525    0.0831    3.3539  C  0  0  0  0  0
    1.6121   -0.0187    1.9700  C  0  0  0  0  0
    2.4496    0.0471    0.8213  C  0  0  0  0  0
    3.8123    0.2383    0.7348  N  0  0  0  0  0
    4.4641    0.2734   -0.4872  C  0  0  0  0  0
    3.7500    0.1153   -1.6605  N  0  0  0  0  0
    2.4791   -0.0628   -1.5755  C  0  0  0  0  0
  1 13  2  0  0  0
  1 17  1  0  0  0
  1  2  1  0  0  0
  2  3  1  0  0  0
  3 12  2  0  0  0
  3  4  1  0  0  0
  4  5  2  0  0  0
  5 10  1  0  0  0
  5  6  1  0  0  0
  6  7  1  0  0  0
  7  8  1  0  0  0
  8  9  1  0  0  0
  9 10  1  0  0  0
 10 11  2  0  0  0
 11 12  1  0  0  0
 12 13  1  0  0  0
 13 14  1  0  0  0
 14 15  1  0  0  0
 15 16  1  0  0  0
 16 17  2  0  0  0
M  END
$$$$
c12c([s][c]3[c]1cc4c(n3)CCCC4)C=NCN2
  -ISIS-

 17 20  0  0  0  0  0  0  0  0  1
    1.7615   -0.1076   -0.3494  C  0  0  0  0  0
    0.1073   -0.3345   -0.1206  S  0  0  0  0  0
    0.2906   -0.2255    1.5788  C  0  0  0  0  0
   -0.7774   -0.3373    2.3906  N  0  0  0  0  0
   -0.5062   -0.2281    3.7109  C  0  0  0  0  0
   -1.6985   -0.3932    4.6200  C  0  0  0  0  0
   -1.4721    0.1369    6.0345  C  0  0  0  0  0
   -0.1466   -0.3909    6.5976  C  0  0  0  0  0
    1.0125    0.1162    5.7201  C  0  0  0  0  0
    0.7727   -0.0358    4.2401  C  0  0  0  0  0
    1.8525    0.0831    3.3539  C  0  0  0  0  0
    1.6121   -0.0187    1.9700  C  0  0  0  0  0
    2.4496    0.0471    0.8213  C  0  0  0  0  0
    3.8123    0.2383    0.7348  N  0  0  0  0  0
    4.4641    0.2734   -0.4872  C  0  0  0  0  0
    3.7500    0.1153   -1.6605  N  0  0  0  0  0
    2.4791   -0.0628   -1.5755  C  0  0  0  0  0
  1 13  2  0  0  0
  1 17  1  0  0  0
  1  2  1  0  0  0
  2  3  1  0  0  0
  3 12  2  0  0  0
  3  4  1  0  0  0
  4  5  2  0  0  0
  5 10  1  0  0  0
  5  6  1  0  0  0
  6  7  1  0  0  0
  7  8  1  0  0  0
  8  9  1  0  0  0
  9 10  1  0  0  0
 10 11  2  0  0  0
 11 12  1  0  0  0
 12 13  1  0  0  0
 13 14  1  0  0  0
 14 15  1  0  0  0
 15 16  1  0  0  0
 16 17  2  0  0  0
M  END
$$$$
