c12c(C3C(C=N1)C3)cccc2
  -ISIS-

 11 13  0  0  0  0  0  0  0  0  1
   -7.2926    3.9379    2.9872  C  0  0  0  0  0
   -8.4448    3.4524    3.3599  N  0  0  0  0  0
   -8.4152    2.4714    4.4030  C  0  0  0  0  0
   -9.5070    2.3086    5.2482  C  0  0  0  0  0
   -9.4422    1.3800    6.2893  C  0  0  0  0  0
   -8.2886    0.6133    6.4859  C  0  0  0  0  0
   -7.1892    0.7566    5.6380  C  0  0  0  0  0
   -7.2428    1.6753    4.5922  C  0  0  0  0  0
   -6.1606    1.9013    3.5764  C  0  0  0  0  0
   -4.9059    2.6349    3.2781  C  0  0  0  0  0
   -6.0410    3.5100    3.6590  C  0  0  0  0  0
  1 11  1  0  0  0
  1  2  2  0  0  0
  2  3  1  0  0  0
  3  8  2  0  0  0
  3  4  1  0  0  0
  4  5  2  0  0  0
  5  6  1  0  0  0
  6  7  2  0  0  0
  7  8  1  0  0  0
  8  9  1  0  0  0
  9 11  1  0  0  0
  9 10  1  0  0  0
 10 11  1  0  0  0
M  END
$$$$
c12c(C3C(C=N1)C3)cccc2
  -ISIS-

 11 13  0  0  0  0  0  0  0  0  1
   -7.2926    3.9379    2.9872  C  0  0  0  0  0
   -8.4448    3.4524    3.3599  N  0  0  0  0  0
   -8.4152    2.4714    4.4030  C  0  0  0  0  0
   -9.5070    2.3086    5.2482  C  0  0  0  0  0
   -9.4422    1.3800    6.2893  C  0  0  0  0  0
   -8.2886    0.6133    6.4859  C  0  0  0  0  0
   -7.1892    0.7566    5.6380  C  0  0  0  0  0
   -7.2428    1.6753    4.5922  C  0  0  0  0  0
   -6.1606    1.9013    3.5764  C  0  0  0  0  0
   -4.9059    2.6349    3.2781  C  0  0  0  0  0
   -6.0410    3.5100    3.6590  C  0  0  0  0  0
  1 11  1  0  0  0
  1  2  2  0  0  0
  2  3  1  0  0  0
  3  8  2  0  0  0
  3  4  1  0  0  0
  4  5  2  0  0  0
  5  6  1  0  0  0
  6  7  2  0  0  0
  7  8  1  0  0  0
  8  9  1  0  0  0
  9 11  1  0  0  0
  9 10  1  0  0  0
 10 11  1  0  0  0
M  END
$$$$
c12c(C3C(C=N1)C3)cccc2
  -ISIS-

 11 13  0  0  0  0  0  0  0  0  1
   -7.2926    3.9379    2.9872  C  0  0  0  0  0
   -8.4448    3.4524    3.3599  N  0  0  0  0  0
   -8.4152    2.4714    4.4030  C  0  0  0  0  0
   -9.5070    2.3086    5.2482  C  0  0  0  0  0
   -9.4422    1.3800    6.2893  C  0  0  0  0  0
   -8.2886    0.6133    6.4859  C  0  0  0  0  0
   -7.1892    0.7566    5.6380  C  0  0  0  0  0
   -7.2428    1.6753    4.5922  C  0  0  0  0  0
   -6.1606    1.9013    3.5764  C  0  0  0  0  0
   -4.9059    2.6349    3.2781  C  0  0  0  0  0
   -6.0410    3.5100    3.6590  C  0  0  0  0  0
  1 11  1  0  0  0
  1  2  2  0  0  0
  2  3  1  0  0  0
  3  8  2  0  0  0
  3  4  1  0  0  0
  4  5  2  0  0  0
  5  6  1  0  0  0
  6  7  2  0  0  0
  7  8  1  0  0  0
  8  9  1  0  0  0
  9 11  1  0  0  0
  9 10  1  0  0  0
 10 11  1  0  0  0
M  END
$$$$
c12c(C3C(C=N1)C3)cccc2
  -ISIS-

 11 13  0  0  0  0  0  0  0  0  1
   -2.1384    3.3007    1.8609  C  0  0  0  0  0
   -1.9047    4.4471    2.4229  N  0  0  0  0  0
   -2.1296    4.6538    3.7976  C  0  0  0  0  0
   -1.8169    5.9118    4.3218  C  0  0  0  0  0
   -2.0378    6.2004    5.6679  C  0  0  0  0  0
   -2.5784    5.2284    6.5033  C  0  0  0  0  0
   -2.8946    3.9693    5.9915  C  0  0  0  0  0
   -2.6764    3.6622    4.6381  C  0  0  0  0  0
   -2.9984    2.3055    4.0774  C  0  0  0  0  0
   -4.0933    2.1416    3.0515  C  0  0  0  0  0
   -2.6279    2.1064    2.6157  C  0  0  0  0  0
  1 11  1  0  0  0
  1  2  2  0  0  0
  2  3  1  0  0  0
  3  8  2  0  0  0
  3  4  1  0  0  0
  4  5  2  0  0  0
  5  6  1  0  0  0
  6  7  2  0  0  0
  7  8  1  0  0  0
  8  9  1  0  0  0
  9 11  1  0  0  0
  9 10  1  0  0  0
 10 11  1  0  0  0
M  END
$$$$
c12c(C3C(C=N1)C3)cccc2
  -ISIS-

 11 13  0  0  0  0  0  0  0  0  1
   -2.1384    3.3007    1.8609  C  0  0  0  0  0
   -1.9047    4.4471    2.4229  N  0  0  0  0  0
   -2.1296    4.6538    3.7976  C  0  0  0  0  0
   -1.8169    5.9118    4.3218  C  0  0  0  0  0
   -2.0378    6.2004    5.6679  C  0  0  0  0  0
   -2.5784    5.2284    6.5033  C  0  0  0  0  0
   -2.8946    3.9693    5.9915  C  0  0  0  0  0
   -2.6764    3.6622    4.6381  C  0  0  0  0  0
   -2.9984    2.3055    4.0774  C  0  0  0  0  0
   -4.0933    2.1416    3.0515  C  0  0  0  0  0
   -2.6279    2.1064    2.6157  C  0  0  0  0  0
  1 11  1  0  0  0
  1  2  2  0  0  0
  2  3  1  0  0  0
  3  8  2  0  0  0
  3  4  1  0  0  0
  4  5  2  0  0  0
  5  6  1  0  0  0
  6  7  2  0  0  0
  7  8  1  0  0  0
  8  9  1  0  0  0
  9 11  1  0  0  0
  9 10  1  0  0  0
 10 11  1  0  0  0
M  END
$$$$
c12c(C3C(C=N1)C3)cccc2
  -ISIS-

 11 13  0  0  0  0  0  0  0  0  1
   -2.1384    3.3007    1.8609  C  0  0  0  0  0
   -1.9047    4.4471    2.4229  N  0  0  0  0  0
   -2.1296    4.6538    3.7976  C  0  0  0  0  0
   -1.8169    5.9118    4.3218  C  0  0  0  0  0
   -2.0378    6.2004    5.6679  C  0  0  0  0  0
   -2.5784    5.2284    6.5033  C  0  0  0  0  0
   -2.8946    3.9693    5.9915  C  0  0  0  0  0
   -2.6764    3.6622    4.6381  C  0  0  0  0  0
   -2.9984    2.3055    4.0774  C  0  0  0  0  0
   -4.0933    2.1416    3.0515  C  0  0  0  0  0
   -2.6279    2.1064    2.6157  C  0  0  0  0  0
  1 11  1  0  0  0
  1  2  2  0  0  0
  2  3  1  0  0  0
  3  8  2  0  0  0
  3  4  1  0  0  0
  4  5  2  0  0  0
  5  6  1  0  0  0
  6  7  2  0  0  0
  7  8  1  0  0  0
  8  9  1  0  0  0
  9 11  1  0  0  0
  9 10  1  0  0  0
 10 11  1  0  0  0
M  END
$$$$
