c12c(cccn1)CCSC2
  -ISIS-

 10 11  0  0  0  0  0  0  0  0  1
   -0.2983    1.7732   -3.9628  C  0  0  0  0  0
   -1.1414    2.5010   -4.9731  C  0  0  0  0  0
   -2.0562    1.5557   -5.7660  C  0  0  0  0  0
   -3.0697    0.3756   -4.7915  S  0  0  0  0  0
   -2.3901    0.6499   -3.1245  C  0  0  0  0  0
   -0.8955    0.8556   -3.0925  C  0  0  0  0  0
   -0.1910    0.1771   -2.1519  N  0  0  0  0  0
    1.1385    0.4024   -2.0838  C  0  0  0  0  0
    1.8103    1.2930   -2.9020  C  0  0  0  0  0
    1.0779    1.9928   -3.8540  C  0  0  0  0  0
  1  6  2  0  0  0
  1 10  1  0  0  0
  1  2  1  0  0  0
  2  3  1  0  0  0
  3  4  1  0  0  0
  4  5  1  0  0  0
  5  6  1  0  0  0
  6  7  1  0  0  0
  7  8  2  0  0  0
  8  9  1  0  0  0
  9 10  2  0  0  0
M  END
$$$$
