c12c3c(C=CCO3)ccc1OCCO2
  -ISIS-

 14 16  0  0  0  0  0  0  0  0  1
   -0.0457   -1.6772    5.1166  C  0  0  0  0  0
   -1.2056   -1.2939    5.8034  C  0  0  0  0  0
   -2.0929   -2.2615    6.2863  C  0  0  0  0  0
   -3.3113   -1.8962    6.9928  C  0  0  0  0  0
   -4.1326   -2.8544    7.4322  C  0  0  0  0  0
   -3.8563   -4.2867    7.2288  C  0  0  0  0  0
   -2.6840   -4.6075    6.5624  O  0  0  0  0  0
   -1.8032   -3.6097    6.0892  C  0  0  0  0  0
   -0.6436   -4.0149    5.4279  C  0  0  0  0  0
    0.2261   -3.0456    4.9201  C  0  0  0  0  0
    1.3591   -3.3604    4.2101  O  0  0  0  0  0
    1.4890   -4.7484    3.8571  C  0  0  0  0  0
    0.9313   -5.6577    4.9688  C  0  0  0  0  0
   -0.4366   -5.3620    5.2798  O  0  0  0  0  0
  1 10  2  0  0  0
  1  2  1  0  0  0
  2  3  2  0  0  0
  3  8  1  0  0  0
  3  4  1  0  0  0
  4  5  2  0  0  0
  5  6  1  0  0  0
  6  7  1  0  0  0
  7  8  1  0  0  0
  8  9  2  0  0  0
  9 14  1  0  0  0
  9 10  1  0  0  0
 10 11  1  0  0  0
 11 12  1  0  0  0
 12 13  1  0  0  0
 13 14  1  0  0  0
M  END
$$$$
