c12c(ncn1)CNN=C2
  -ISIS-

  9 10  0  0  0  0  0  0  0  0  1
   -3.4440   -1.0027    3.1849  C  0  0  0  0  0
   -4.7471   -0.6017    3.3548  N  0  0  0  0  0
   -5.4415   -1.3624    2.5394  C  0  0  0  0  0
   -4.6418   -2.2375    1.8500  N  0  0  0  0  0
   -3.3517   -2.0186    2.2542  C  0  0  0  0  0
   -2.0773   -2.5930    1.9187  C  0  0  0  0  0
   -0.9892   -2.1578    2.4944  N  0  0  0  0  0
   -1.0883   -1.1365    3.4294  N  0  0  0  0  0
   -2.2522   -0.4953    3.8432  C  0  0  0  0  0
  1  5  2  0  0  0
  1  9  1  0  0  0
  1  2  1  0  0  0
  2  3  2  0  0  0
  3  4  1  0  0  0
  4  5  1  0  0  0
  5  6  1  0  0  0
  6  7  2  0  0  0
  7  8  1  0  0  0
  8  9  1  0  0  0
M  END
$$$$
