c12c(cccc1)NC3SC=NC23
  -ISIS-

 12 14  0  0  0  0  0  0  0  0  1
    0.5326    1.5407   -1.2123  N  0  0  0  0  0
    1.7012    1.3371   -0.4093  C  0  0  0  0  0
    1.7602   -0.0252   -0.0050  C  0  0  0  0  0
    0.7128   -0.7868   -0.7516  C  0  0  0  0  0
   -0.2940    0.3910   -0.8932  C  0  0  0  0  0
   -1.4743   -0.4493   -1.9160  S  0  0  0  0  0
   -1.1812   -1.8559   -0.8560  C  0  0  0  0  0
   -0.0591   -1.8972   -0.1875  N  0  0  0  0  0
    2.7461   -0.4985    0.8427  C  0  0  0  0  0
    3.6861    0.4144    1.3173  C  0  0  0  0  0
    3.6325    1.7651    0.9316  C  0  0  0  0  0
    2.6361    2.2375    0.0655  C  0  0  0  0  0
  1  5  1  0  0  0
  1  2  1  0  0  0
  2 12  2  0  0  0
  2  3  1  0  0  0
  3  4  1  0  0  0
  3  9  2  0  0  0
  4  8  1  0  0  0
  4  5  1  0  0  0
  5  6  1  0  0  0
  6  7  1  0  0  0
  7  8  2  0  0  0
  9 10  1  0  0  0
 10 11  2  0  0  0
 11 12  1  0  0  0
M  END
$$$$
