C12C(=NC=N1)NCNC=2
  -ISIS-

  9 10  0  0  0  0  0  0  0  0  1
   -0.0310    2.4206    5.9358  C  0  0  0  0  0
    0.5170    1.2520    6.4605  N  0  0  0  0  0
    1.1672    1.1154    7.6638  C  0  0  0  0  0
    1.2779    2.2945    8.3891  N  0  0  0  0  0
    0.7399    3.4823    7.9405  C  0  0  0  0  0
    0.0485    3.5627    6.6400  C  0  0  0  0  0
   -0.3726    4.8480    6.4534  N  0  0  0  0  0
    0.0282    5.4426    7.5396  C  0  0  0  0  0
    0.7069    4.6729    8.4715  N  0  0  0  0  0
  1  6  2  0  0  0
  1  2  1  0  0  0
  2  3  1  0  0  0
  3  4  1  0  0  0
  4  5  1  0  0  0
  5  9  2  0  0  0
  5  6  1  0  0  0
  6  7  1  0  0  0
  7  8  2  0  0  0
  8  9  1  0  0  0
M  END
$$$$
C12C(=NC=N1)NCNC=2
  -ISIS-

  9 10  0  0  0  0  0  0  0  0  1
   -0.0310    2.4206    5.9358  C  0  0  0  0  0
    0.5170    1.2520    6.4605  N  0  0  0  0  0
    1.1672    1.1154    7.6638  C  0  0  0  0  0
    1.2779    2.2945    8.3891  N  0  0  0  0  0
    0.7399    3.4823    7.9405  C  0  0  0  0  0
    0.0485    3.5627    6.6400  C  0  0  0  0  0
   -0.3726    4.8480    6.4534  N  0  0  0  0  0
    0.0282    5.4426    7.5396  C  0  0  0  0  0
    0.7069    4.6729    8.4715  N  0  0  0  0  0
  1  6  2  0  0  0
  1  2  1  0  0  0
  2  3  1  0  0  0
  3  4  1  0  0  0
  4  5  1  0  0  0
  5  9  2  0  0  0
  5  6  1  0  0  0
  6  7  1  0  0  0
  7  8  2  0  0  0
  8  9  1  0  0  0
M  END
$$$$
C12C(=NC=N1)NCNC=2
  -ISIS-

  9 10  0  0  0  0  0  0  0  0  1
   -0.0310    2.4206    5.9358  C  0  0  0  0  0
    0.5170    1.2520    6.4605  N  0  0  0  0  0
    1.1672    1.1154    7.6638  C  0  0  0  0  0
    1.2779    2.2945    8.3891  N  0  0  0  0  0
    0.7399    3.4823    7.9405  C  0  0  0  0  0
    0.0485    3.5627    6.6400  C  0  0  0  0  0
   -0.3726    4.8480    6.4534  N  0  0  0  0  0
    0.0282    5.4426    7.5396  C  0  0  0  0  0
    0.7069    4.6729    8.4715  N  0  0  0  0  0
  1  6  2  0  0  0
  1  2  1  0  0  0
  2  3  1  0  0  0
  3  4  1  0  0  0
  4  5  1  0  0  0
  5  9  2  0  0  0
  5  6  1  0  0  0
  6  7  1  0  0  0
  7  8  2  0  0  0
  8  9  1  0  0  0
M  END
$$$$
