c12c3c(cccc3)CCC=Cc1cccc2
  -ISIS-

 16 18  0  0  0  0  0  0  0  0  1
   -0.2131   -1.1255   -2.1039  C  0  0  0  0  0
   -0.7957    0.1969   -1.7492  C  0  0  0  0  0
   -0.6860    1.1897   -2.7398  C  0  0  0  0  0
   -1.1906    2.4697   -2.5223  C  0  0  0  0  0
   -1.8002    2.7715   -1.3108  C  0  0  0  0  0
   -1.8945    1.7958   -0.3153  C  0  0  0  0  0
   -1.3897    0.4912   -0.5049  C  0  0  0  0  0
   -1.5042   -0.4655    0.6158  C  0  0  0  0  0
   -2.3727   -1.5797    0.5749  C  0  0  0  0  0
   -3.1166   -1.9232   -0.6418  C  0  0  0  0  0
   -2.4727   -2.2662   -1.7702  C  0  0  0  0  0
   -0.9774   -2.4195   -1.8680  C  0  0  0  0  0
   -2.5104   -2.4130    1.6940  C  0  0  0  0  0
   -1.7790   -2.1614    2.8538  C  0  0  0  0  0
   -0.9071   -1.0780    2.9034  C  0  0  0  0  0
   -0.7737   -0.2368    1.7967  C  0  0  0  0  0
  1 12  1  0  0  0
  1  2  1  0  0  0
  2  7  2  0  0  0
  2  3  1  0  0  0
  3  4  2  0  0  0
  4  5  1  0  0  0
  5  6  2  0  0  0
  6  7  1  0  0  0
  7  8  1  0  0  0
  8 16  2  0  0  0
  8  9  1  0  0  0
  9 10  1  0  0  0
  9 13  2  0  0  0
 10 11  2  0  0  0
 11 12  1  0  0  0
 13 14  1  0  0  0
 14 15  2  0  0  0
 15 16  1  0  0  0
M  END
$$$$
