C12C(=CC=CC=C1)NCN=2
  -ISIS-

 10 11  0  0  0  0  0  0  0  0  1
    4.0401    2.5087   -0.0219  N  0  0  0  0  0
    5.4753    2.2515   -0.4646  C  0  0  0  0  0
    5.6530    0.8401   -0.0609  N  0  0  0  0  0
    4.5545    0.3917    0.6779  C  0  0  0  0  0
    4.4214   -0.8135    1.2404  C  0  0  0  0  0
    3.3247   -1.3661    1.9861  C  0  0  0  0  0
    2.1531   -0.8081    2.3007  C  0  0  0  0  0
    1.6625    0.5038    1.9870  C  0  0  0  0  0
    2.2374    1.4946    1.2982  C  0  0  0  0  0
    3.5690    1.5143    0.6598  C  0  0  0  0  0
  1 10  2  0  0  0
  1  2  1  0  0  0
  2  3  1  0  0  0
  3  4  1  0  0  0
  4 10  1  0  0  0
  4  5  2  0  0  0
  5  6  1  0  0  0
  6  7  2  0  0  0
  7  8  1  0  0  0
  8  9  2  0  0  0
  9 10  1  0  0  0
M  END
$$$$
C12C(=CC=CC=C1)NCN=2
  -ISIS-

 10 11  0  0  0  0  0  0  0  0  1
    4.0401    2.5087   -0.0219  N  0  0  0  0  0
    5.4753    2.2515   -0.4646  C  0  0  0  0  0
    5.6530    0.8401   -0.0609  N  0  0  0  0  0
    4.5545    0.3917    0.6779  C  0  0  0  0  0
    4.4214   -0.8135    1.2404  C  0  0  0  0  0
    3.3247   -1.3661    1.9861  C  0  0  0  0  0
    2.1531   -0.8081    2.3007  C  0  0  0  0  0
    1.6625    0.5038    1.9870  C  0  0  0  0  0
    2.2374    1.4946    1.2982  C  0  0  0  0  0
    3.5690    1.5143    0.6598  C  0  0  0  0  0
  1 10  2  0  0  0
  1  2  1  0  0  0
  2  3  1  0  0  0
  3  4  1  0  0  0
  4 10  1  0  0  0
  4  5  2  0  0  0
  5  6  1  0  0  0
  6  7  2  0  0  0
  7  8  1  0  0  0
  8  9  2  0  0  0
  9 10  1  0  0  0
M  END
$$$$
C12C(=CC=CC=C1)NCN=2
  -ISIS-

 10 11  0  0  0  0  0  0  0  0  1
    4.0401    2.5087   -0.0219  N  0  0  0  0  0
    5.4753    2.2515   -0.4646  C  0  0  0  0  0
    5.6530    0.8401   -0.0609  N  0  0  0  0  0
    4.5545    0.3917    0.6779  C  0  0  0  0  0
    4.4214   -0.8135    1.2404  C  0  0  0  0  0
    3.3247   -1.3661    1.9861  C  0  0  0  0  0
    2.1531   -0.8081    2.3007  C  0  0  0  0  0
    1.6625    0.5038    1.9870  C  0  0  0  0  0
    2.2374    1.4946    1.2982  C  0  0  0  0  0
    3.5690    1.5143    0.6598  C  0  0  0  0  0
  1 10  2  0  0  0
  1  2  1  0  0  0
  2  3  1  0  0  0
  3  4  1  0  0  0
  4 10  1  0  0  0
  4  5  2  0  0  0
  5  6  1  0  0  0
  6  7  2  0  0  0
  7  8  1  0  0  0
  8  9  2  0  0  0
  9 10  1  0  0  0
M  END
$$$$
