C12c3c(nc[s]3)CC=1CCCC2
  -ISIS-

 12 14  0  0  0  0  0  0  0  0  1
   -4.8283    2.6944   -8.0726  C  0  0  0  0  0
   -5.1431    4.1195   -8.4184  C  0  0  0  0  0
   -5.2148    3.9558   -9.9439  C  0  0  0  0  0
   -5.4124    5.0732  -10.8734  C  0  0  0  0  0
   -5.4783    4.7531  -12.3574  C  0  0  0  0  0
   -5.9348    3.3070  -12.6646  C  0  0  0  0  0
   -5.1193    2.2898  -11.8241  C  0  0  0  0  0
   -5.0389    2.6842  -10.3862  C  0  0  0  0  0
   -4.7941    1.9328   -9.2142  C  0  0  0  0  0
   -4.4370    0.3401   -8.8538  S  0  0  0  0  0
   -4.3372    0.7899   -7.1716  C  0  0  0  0  0
   -4.5365    2.0643   -6.8971  N  0  0  0  0  0
  1  9  2  0  0  0
  1 12  1  0  0  0
  1  2  1  0  0  0
  2  3  1  0  0  0
  3  8  2  0  0  0
  3  4  1  0  0  0
  4  5  1  0  0  0
  5  6  1  0  0  0
  6  7  1  0  0  0
  7  8  1  0  0  0
  8  9  1  0  0  0
  9 10  1  0  0  0
 10 11  1  0  0  0
 11 12  2  0  0  0
M  END
$$$$
