c12c3c(ccc1CCOC2)CCC3
  -ISIS-

 13 15  0  0  0  0  0  0  0  0  1
    3.2516    1.0229   -3.0148  C  0  0  0  0  0
    3.0008    2.2525   -2.3692  C  0  0  0  0  0
    3.8262    2.6788   -1.3428  C  0  0  0  0  0
    4.9031    1.8974   -0.9503  C  0  0  0  0  0
    5.2096    0.6802   -1.5501  C  0  0  0  0  0
    4.3510    0.2247   -2.5795  C  0  0  0  0  0
    4.6566   -1.1134   -3.2165  C  0  0  0  0  0
    5.5368   -1.9698   -2.3139  C  0  0  0  0  0
    6.7079   -1.2450   -1.9405  O  0  0  0  0  0
    6.3815   -0.1441   -1.0815  C  0  0  0  0  0
    5.5701    2.5859    0.1549  C  0  0  0  0  0
    4.8914    3.9264    0.4156  C  0  0  0  0  0
    3.6810    3.9384   -0.5513  C  0  0  0  0  0
  1  6  2  0  0  0
  1  2  1  0  0  0
  2  3  2  0  0  0
  3 13  1  0  0  0
  3  4  1  0  0  0
  4  5  2  0  0  0
  4 11  1  0  0  0
  5 10  1  0  0  0
  5  6  1  0  0  0
  6  7  1  0  0  0
  7  8  1  0  0  0
  8  9  1  0  0  0
  9 10  1  0  0  0
 11 12  1  0  0  0
 12 13  1  0  0  0
M  END
$$$$
c12c3c(ccc1CCOC2)CCC3
  -ISIS-

 13 15  0  0  0  0  0  0  0  0  1
    3.2516    1.0229   -3.0148  C  0  0  0  0  0
    3.0008    2.2525   -2.3692  C  0  0  0  0  0
    3.8262    2.6788   -1.3428  C  0  0  0  0  0
    4.9031    1.8974   -0.9503  C  0  0  0  0  0
    5.2096    0.6802   -1.5501  C  0  0  0  0  0
    4.3510    0.2247   -2.5795  C  0  0  0  0  0
    4.6566   -1.1134   -3.2165  C  0  0  0  0  0
    5.5368   -1.9698   -2.3139  C  0  0  0  0  0
    6.7079   -1.2450   -1.9405  O  0  0  0  0  0
    6.3815   -0.1441   -1.0815  C  0  0  0  0  0
    5.5701    2.5859    0.1549  C  0  0  0  0  0
    4.8914    3.9264    0.4156  C  0  0  0  0  0
    3.6810    3.9384   -0.5513  C  0  0  0  0  0
  1  6  2  0  0  0
  1  2  1  0  0  0
  2  3  2  0  0  0
  3 13  1  0  0  0
  3  4  1  0  0  0
  4  5  2  0  0  0
  4 11  1  0  0  0
  5 10  1  0  0  0
  5  6  1  0  0  0
  6  7  1  0  0  0
  7  8  1  0  0  0
  8  9  1  0  0  0
  9 10  1  0  0  0
 11 12  1  0  0  0
 12 13  1  0  0  0
M  END
$$$$
c12c3c(ccc1CCOC2)CCC3
  -ISIS-

 13 15  0  0  0  0  0  0  0  0  1
    3.2516    1.0229   -3.0148  C  0  0  0  0  0
    3.0008    2.2525   -2.3692  C  0  0  0  0  0
    3.8262    2.6788   -1.3428  C  0  0  0  0  0
    4.9031    1.8974   -0.9503  C  0  0  0  0  0
    5.2096    0.6802   -1.5501  C  0  0  0  0  0
    4.3510    0.2247   -2.5795  C  0  0  0  0  0
    4.6566   -1.1134   -3.2165  C  0  0  0  0  0
    5.5368   -1.9698   -2.3139  C  0  0  0  0  0
    6.7079   -1.2450   -1.9405  O  0  0  0  0  0
    6.3815   -0.1441   -1.0815  C  0  0  0  0  0
    5.5701    2.5859    0.1549  C  0  0  0  0  0
    4.8914    3.9264    0.4156  C  0  0  0  0  0
    3.6810    3.9384   -0.5513  C  0  0  0  0  0
  1  6  2  0  0  0
  1  2  1  0  0  0
  2  3  2  0  0  0
  3 13  1  0  0  0
  3  4  1  0  0  0
  4  5  2  0  0  0
  4 11  1  0  0  0
  5 10  1  0  0  0
  5  6  1  0  0  0
  6  7  1  0  0  0
  7  8  1  0  0  0
  8  9  1  0  0  0
  9 10  1  0  0  0
 11 12  1  0  0  0
 12 13  1  0  0  0
M  END
$$$$
