c12c3C4C5OC=CC5CNC4CC1CNc2ccc3
  -ISIS-

 19 23  0  0  0  0  0  0  0  0  1
   -7.6481    5.6492    0.1537  N  0  0  0  0  0
   -8.3138    6.4353   -0.9079  C  0  0  0  0  0
   -7.5226    6.1596   -2.1928  C  0  0  0  0  0
   -7.4087    7.3070   -3.2107  C  0  0  0  0  0
   -5.9374    7.6557   -3.5539  C  0  0  0  0  0
   -5.7130    8.5892   -4.6782  N  0  0  0  0  0
   -4.3795    8.9826   -4.9515  C  0  0  0  0  0
   -3.3526    8.0856   -4.2673  C  0  0  0  0  0
   -3.8308    6.6613   -4.5130  C  0  0  0  0  0
   -5.0784    6.3368   -3.6887  C  0  0  0  0  0
   -4.9899    5.7810   -2.2881  C  0  0  0  0  0
   -6.2010    5.7595   -1.5968  C  0  0  0  0  0
   -6.3232    5.4048   -0.2574  C  0  0  0  0  0
   -5.2002    5.0032    0.4363  C  0  0  0  0  0
   -3.9732    4.9609   -0.2470  C  0  0  0  0  0
   -3.8639    5.3525   -1.5961  C  0  0  0  0  0
   -2.6933    5.7895   -4.4252  O  0  0  0  0  0
   -1.6807    6.6520   -4.8316  C  0  0  0  0  0
   -1.9820    7.9502   -4.8191  C  0  0  0  0  0
  1 13  1  0  0  0
  1  2  1  0  0  0
  2  3  1  0  0  0
  3 12  1  0  0  0
  3  4  1  0  0  0
  4  5  1  0  0  0
  5 10  1  0  0  0
  5  6  1  0  0  0
  6  7  1  0  0  0
  7  8  1  0  0  0
  8 19  1  0  0  0
  8  9  1  0  0  0
  9 10  1  0  0  0
  9 17  1  0  0  0
 10 11  1  0  0  0
 11 16  2  0  0  0
 11 12  1  0  0  0
 12 13  2  0  0  0
 13 14  1  0  0  0
 14 15  2  0  0  0
 15 16  1  0  0  0
 17 18  1  0  0  0
 18 19  2  0  0  0
M  END
$$$$
c12c3C4C5OC=CC5CNC4CC1CNc2ccc3
  -ISIS-

 19 23  0  0  0  0  0  0  0  0  1
   -7.6481    5.6492    0.1537  N  0  0  0  0  0
   -8.3138    6.4353   -0.9079  C  0  0  0  0  0
   -7.5226    6.1596   -2.1928  C  0  0  0  0  0
   -7.4087    7.3070   -3.2107  C  0  0  0  0  0
   -5.9374    7.6557   -3.5539  C  0  0  0  0  0
   -5.7130    8.5892   -4.6782  N  0  0  0  0  0
   -4.3795    8.9826   -4.9515  C  0  0  0  0  0
   -3.3526    8.0856   -4.2673  C  0  0  0  0  0
   -3.8308    6.6613   -4.5130  C  0  0  0  0  0
   -5.0784    6.3368   -3.6887  C  0  0  0  0  0
   -4.9899    5.7810   -2.2881  C  0  0  0  0  0
   -6.2010    5.7595   -1.5968  C  0  0  0  0  0
   -6.3232    5.4048   -0.2574  C  0  0  0  0  0
   -5.2002    5.0032    0.4363  C  0  0  0  0  0
   -3.9732    4.9609   -0.2470  C  0  0  0  0  0
   -3.8639    5.3525   -1.5961  C  0  0  0  0  0
   -2.6933    5.7895   -4.4252  O  0  0  0  0  0
   -1.6807    6.6520   -4.8316  C  0  0  0  0  0
   -1.9820    7.9502   -4.8191  C  0  0  0  0  0
  1 13  1  0  0  0
  1  2  1  0  0  0
  2  3  1  0  0  0
  3 12  1  0  0  0
  3  4  1  0  0  0
  4  5  1  0  0  0
  5 10  1  0  0  0
  5  6  1  0  0  0
  6  7  1  0  0  0
  7  8  1  0  0  0
  8 19  1  0  0  0
  8  9  1  0  0  0
  9 10  1  0  0  0
  9 17  1  0  0  0
 10 11  1  0  0  0
 11 16  2  0  0  0
 11 12  1  0  0  0
 12 13  2  0  0  0
 13 14  1  0  0  0
 14 15  2  0  0  0
 15 16  1  0  0  0
 17 18  1  0  0  0
 18 19  2  0  0  0
M  END
$$$$
c12c3C4C5OC=CC5CNC4CC1CNc2ccc3
  -ISIS-

 19 23  0  0  0  0  0  0  0  0  1
   -7.6481    5.6492    0.1537  N  0  0  0  0  0
   -8.3138    6.4353   -0.9079  C  0  0  0  0  0
   -7.5226    6.1596   -2.1928  C  0  0  0  0  0
   -7.4087    7.3070   -3.2107  C  0  0  0  0  0
   -5.9374    7.6557   -3.5539  C  0  0  0  0  0
   -5.7130    8.5892   -4.6782  N  0  0  0  0  0
   -4.3795    8.9826   -4.9515  C  0  0  0  0  0
   -3.3526    8.0856   -4.2673  C  0  0  0  0  0
   -3.8308    6.6613   -4.5130  C  0  0  0  0  0
   -5.0784    6.3368   -3.6887  C  0  0  0  0  0
   -4.9899    5.7810   -2.2881  C  0  0  0  0  0
   -6.2010    5.7595   -1.5968  C  0  0  0  0  0
   -6.3232    5.4048   -0.2574  C  0  0  0  0  0
   -5.2002    5.0032    0.4363  C  0  0  0  0  0
   -3.9732    4.9609   -0.2470  C  0  0  0  0  0
   -3.8639    5.3525   -1.5961  C  0  0  0  0  0
   -2.6933    5.7895   -4.4252  O  0  0  0  0  0
   -1.6807    6.6520   -4.8316  C  0  0  0  0  0
   -1.9820    7.9502   -4.8191  C  0  0  0  0  0
  1 13  1  0  0  0
  1  2  1  0  0  0
  2  3  1  0  0  0
  3 12  1  0  0  0
  3  4  1  0  0  0
  4  5  1  0  0  0
  5 10  1  0  0  0
  5  6  1  0  0  0
  6  7  1  0  0  0
  7  8  1  0  0  0
  8 19  1  0  0  0
  8  9  1  0  0  0
  9 10  1  0  0  0
  9 17  1  0  0  0
 10 11  1  0  0  0
 11 16  2  0  0  0
 11 12  1  0  0  0
 12 13  2  0  0  0
 13 14  1  0  0  0
 14 15  2  0  0  0
 15 16  1  0  0  0
 17 18  1  0  0  0
 18 19  2  0  0  0
M  END
$$$$
