c12c(cccc1)NCC3C(CN2)CCCC3
  -ISIS-

 16 18  0  0  0  0  0  0  0  0  1
   -0.5880   -0.3994    5.1329  C  0  0  0  0  0
   -1.4865    0.6043    5.3414  N  0  0  0  0  0
   -2.6604    0.5735    6.1360  C  0  0  0  0  0
   -3.1788   -0.5273    6.8376  C  0  0  0  0  0
   -2.5620   -1.7782    7.0085  N  0  0  0  0  0
   -1.3221   -2.0425    7.5123  C  0  0  0  0  0
   -0.3061   -0.9286    7.6293  C  0  0  0  0  0
    0.3568   -0.7622    6.2667  C  0  0  0  0  0
    1.4669    0.3013    6.3282  C  0  0  0  0  0
    2.4975   -0.0091    7.4093  C  0  0  0  0  0
    1.8379   -0.2057    8.7691  C  0  0  0  0  0
    0.7442   -1.2668    8.7023  C  0  0  0  0  0
   -4.4743   -0.4382    7.3725  C  0  0  0  0  0
   -5.2200    0.7405    7.2843  C  0  0  0  0  0
   -4.7125    1.8653    6.6239  C  0  0  0  0  0
   -3.4315    1.7530    6.0540  C  0  0  0  0  0
  1  8  1  0  0  0
  1  2  1  0  0  0
  2  3  1  0  0  0
  3 16  2  0  0  0
  3  4  1  0  0  0
  4  5  1  0  0  0
  4 13  2  0  0  0
  5  6  1  0  0  0
  6  7  1  0  0  0
  7 12  1  0  0  0
  7  8  1  0  0  0
  8  9  1  0  0  0
  9 10  1  0  0  0
 10 11  1  0  0  0
 11 12  1  0  0  0
 13 14  1  0  0  0
 14 15  2  0  0  0
 15 16  1  0  0  0
M  END
$$$$
c12c(cccc1)NCC3C(CN2)CCCC3
  -ISIS-

 16 18  0  0  0  0  0  0  0  0  1
   -0.5880   -0.3994    5.1329  C  0  0  0  0  0
   -1.4865    0.6043    5.3414  N  0  0  0  0  0
   -2.6604    0.5735    6.1360  C  0  0  0  0  0
   -3.1788   -0.5273    6.8376  C  0  0  0  0  0
   -2.5620   -1.7782    7.0085  N  0  0  0  0  0
   -1.3221   -2.0425    7.5123  C  0  0  0  0  0
   -0.3061   -0.9286    7.6293  C  0  0  0  0  0
    0.3568   -0.7622    6.2667  C  0  0  0  0  0
    1.4669    0.3013    6.3282  C  0  0  0  0  0
    2.4975   -0.0091    7.4093  C  0  0  0  0  0
    1.8379   -0.2057    8.7691  C  0  0  0  0  0
    0.7442   -1.2668    8.7023  C  0  0  0  0  0
   -4.4743   -0.4382    7.3725  C  0  0  0  0  0
   -5.2200    0.7405    7.2843  C  0  0  0  0  0
   -4.7125    1.8653    6.6239  C  0  0  0  0  0
   -3.4315    1.7530    6.0540  C  0  0  0  0  0
  1  8  1  0  0  0
  1  2  1  0  0  0
  2  3  1  0  0  0
  3 16  2  0  0  0
  3  4  1  0  0  0
  4  5  1  0  0  0
  4 13  2  0  0  0
  5  6  1  0  0  0
  6  7  1  0  0  0
  7 12  1  0  0  0
  7  8  1  0  0  0
  8  9  1  0  0  0
  9 10  1  0  0  0
 10 11  1  0  0  0
 11 12  1  0  0  0
 13 14  1  0  0  0
 14 15  2  0  0  0
 15 16  1  0  0  0
M  END
$$$$
c12c(cccc1)NCC3C(CN2)CCCC3
  -ISIS-

 16 18  0  0  0  0  0  0  0  0  1
   -0.5880   -0.3994    5.1329  C  0  0  0  0  0
   -1.4865    0.6043    5.3414  N  0  0  0  0  0
   -2.6604    0.5735    6.1360  C  0  0  0  0  0
   -3.1788   -0.5273    6.8376  C  0  0  0  0  0
   -2.5620   -1.7782    7.0085  N  0  0  0  0  0
   -1.3221   -2.0425    7.5123  C  0  0  0  0  0
   -0.3061   -0.9286    7.6293  C  0  0  0  0  0
    0.3568   -0.7622    6.2667  C  0  0  0  0  0
    1.4669    0.3013    6.3282  C  0  0  0  0  0
    2.4975   -0.0091    7.4093  C  0  0  0  0  0
    1.8379   -0.2057    8.7691  C  0  0  0  0  0
    0.7442   -1.2668    8.7023  C  0  0  0  0  0
   -4.4743   -0.4382    7.3725  C  0  0  0  0  0
   -5.2200    0.7405    7.2843  C  0  0  0  0  0
   -4.7125    1.8653    6.6239  C  0  0  0  0  0
   -3.4315    1.7530    6.0540  C  0  0  0  0  0
  1  8  1  0  0  0
  1  2  1  0  0  0
  2  3  1  0  0  0
  3 16  2  0  0  0
  3  4  1  0  0  0
  4  5  1  0  0  0
  4 13  2  0  0  0
  5  6  1  0  0  0
  6  7  1  0  0  0
  7 12  1  0  0  0
  7  8  1  0  0  0
  8  9  1  0  0  0
  9 10  1  0  0  0
 10 11  1  0  0  0
 11 12  1  0  0  0
 13 14  1  0  0  0
 14 15  2  0  0  0
 15 16  1  0  0  0
M  END
$$$$
c12c(cccc1)NCC3C(CN2)CCCC3
  -ISIS-

 16 18  0  0  0  0  0  0  0  0  1
   -1.9057   -1.2514   -2.4433  C  0  0  0  0  0
   -0.4047   -1.1127   -2.7266  C  0  0  0  0  0
    0.2649   -0.3320   -1.5607  C  0  0  0  0  0
    0.5392   -1.2158   -0.3209  C  0  0  0  0  0
   -0.3116   -1.2113    0.7540  N  0  0  0  0  0
   -1.6692   -0.8594    0.8379  C  0  0  0  0  0
   -2.5752   -1.1256   -0.1953  C  0  0  0  0  0
   -2.1547   -1.9428   -1.2722  N  0  0  0  0  0
   -3.9004   -0.6909   -0.1204  C  0  0  0  0  0
   -4.3738   -0.0403    1.0335  C  0  0  0  0  0
   -3.4661    0.1564    2.0949  C  0  0  0  0  0
   -2.1324   -0.2641    2.0080  C  0  0  0  0  0
    1.6340    0.2710   -1.9583  C  0  0  0  0  0
    1.6235    0.9979   -3.2916  C  0  0  0  0  0
    1.1599    0.0566   -4.3888  C  0  0  0  0  0
   -0.2511   -0.4213   -4.0964  C  0  0  0  0  0
  1  8  1  0  0  0
  1  2  1  0  0  0
  2 16  1  0  0  0
  2  3  1  0  0  0
  3  4  1  0  0  0
  3 13  1  0  0  0
  4  5  1  0  0  0
  5  6  1  0  0  0
  6 12  2  0  0  0
  6  7  1  0  0  0
  7  8  1  0  0  0
  7  9  2  0  0  0
  9 10  1  0  0  0
 10 11  2  0  0  0
 11 12  1  0  0  0
 13 14  1  0  0  0
 14 15  1  0  0  0
 15 16  1  0  0  0
M  END
$$$$
c12c(cccc1)NCC3C(CN2)CCCC3
  -ISIS-

 16 18  0  0  0  0  0  0  0  0  1
   -1.9057   -1.2514   -2.4433  C  0  0  0  0  0
   -0.4047   -1.1127   -2.7266  C  0  0  0  0  0
    0.2649   -0.3320   -1.5607  C  0  0  0  0  0
    0.5392   -1.2158   -0.3209  C  0  0  0  0  0
   -0.3116   -1.2113    0.7540  N  0  0  0  0  0
   -1.6692   -0.8594    0.8379  C  0  0  0  0  0
   -2.5752   -1.1256   -0.1953  C  0  0  0  0  0
   -2.1547   -1.9428   -1.2722  N  0  0  0  0  0
   -3.9004   -0.6909   -0.1204  C  0  0  0  0  0
   -4.3738   -0.0403    1.0335  C  0  0  0  0  0
   -3.4661    0.1564    2.0949  C  0  0  0  0  0
   -2.1324   -0.2641    2.0080  C  0  0  0  0  0
    1.6340    0.2710   -1.9583  C  0  0  0  0  0
    1.6235    0.9979   -3.2916  C  0  0  0  0  0
    1.1599    0.0566   -4.3888  C  0  0  0  0  0
   -0.2511   -0.4213   -4.0964  C  0  0  0  0  0
  1  8  1  0  0  0
  1  2  1  0  0  0
  2 16  1  0  0  0
  2  3  1  0  0  0
  3  4  1  0  0  0
  3 13  1  0  0  0
  4  5  1  0  0  0
  5  6  1  0  0  0
  6 12  2  0  0  0
  6  7  1  0  0  0
  7  8  1  0  0  0
  7  9  2  0  0  0
  9 10  1  0  0  0
 10 11  2  0  0  0
 11 12  1  0  0  0
 13 14  1  0  0  0
 14 15  1  0  0  0
 15 16  1  0  0  0
M  END
$$$$
c12c(cccc1)NCC3C(CN2)CCCC3
  -ISIS-

 16 18  0  0  0  0  0  0  0  0  1
   -1.9057   -1.2514   -2.4433  C  0  0  0  0  0
   -0.4047   -1.1127   -2.7266  C  0  0  0  0  0
    0.2649   -0.3320   -1.5607  C  0  0  0  0  0
    0.5392   -1.2158   -0.3209  C  0  0  0  0  0
   -0.3116   -1.2113    0.7540  N  0  0  0  0  0
   -1.6692   -0.8594    0.8379  C  0  0  0  0  0
   -2.5752   -1.1256   -0.1953  C  0  0  0  0  0
   -2.1547   -1.9428   -1.2722  N  0  0  0  0  0
   -3.9004   -0.6909   -0.1204  C  0  0  0  0  0
   -4.3738   -0.0403    1.0335  C  0  0  0  0  0
   -3.4661    0.1564    2.0949  C  0  0  0  0  0
   -2.1324   -0.2641    2.0080  C  0  0  0  0  0
    1.6340    0.2710   -1.9583  C  0  0  0  0  0
    1.6235    0.9979   -3.2916  C  0  0  0  0  0
    1.1599    0.0566   -4.3888  C  0  0  0  0  0
   -0.2511   -0.4213   -4.0964  C  0  0  0  0  0
  1  8  1  0  0  0
  1  2  1  0  0  0
  2 16  1  0  0  0
  2  3  1  0  0  0
  3  4  1  0  0  0
  3 13  1  0  0  0
  4  5  1  0  0  0
  5  6  1  0  0  0
  6 12  2  0  0  0
  6  7  1  0  0  0
  7  8  1  0  0  0
  7  9  2  0  0  0
  9 10  1  0  0  0
 10 11  2  0  0  0
 11 12  1  0  0  0
 13 14  1  0  0  0
 14 15  1  0  0  0
 15 16  1  0  0  0
M  END
$$$$
