C12C(C3C1CCCC3)CC2
  -ISIS-

 10 12  0  0  0  0  0  0  0  0  1
   -2.0683   -3.1797    5.8108  C  0  0  0  0  0
   -3.0411   -4.3960    5.8758  C  0  0  0  0  0
   -3.7408   -3.9314    4.6144  C  0  0  0  0  0
   -3.0240   -2.5781    4.7640  C  0  0  0  0  0
   -1.8319   -5.3242    5.7816  C  0  0  0  0  0
   -0.8925   -4.1512    5.3841  C  0  0  0  0  0
    0.3189   -4.4893    6.3271  C  0  0  0  0  0
    0.9146   -5.8869    5.9979  C  0  0  0  0  0
   -0.1062   -7.0442    5.9663  C  0  0  0  0  0
   -1.4415   -6.6953    5.2745  C  0  0  0  0  0
  1  4  1  0  0  0
  1  6  1  0  0  0
  1  2  1  0  0  0
  2  3  1  0  0  0
  2  5  1  0  0  0
  3  4  1  0  0  0
  5 10  1  0  0  0
  5  6  1  0  0  0
  6  7  1  0  0  0
  7  8  1  0  0  0
  8  9  1  0  0  0
  9 10  1  0  0  0
M  END
$$$$
C12C(C3C1CCCC3)CC2
  -ISIS-

 10 12  0  0  0  0  0  0  0  0  1
   -2.0683   -3.1797    5.8108  C  0  0  0  0  0
   -3.0411   -4.3960    5.8758  C  0  0  0  0  0
   -3.7408   -3.9314    4.6144  C  0  0  0  0  0
   -3.0240   -2.5781    4.7640  C  0  0  0  0  0
   -1.8319   -5.3242    5.7816  C  0  0  0  0  0
   -0.8925   -4.1512    5.3841  C  0  0  0  0  0
    0.3189   -4.4893    6.3271  C  0  0  0  0  0
    0.9146   -5.8869    5.9979  C  0  0  0  0  0
   -0.1062   -7.0442    5.9663  C  0  0  0  0  0
   -1.4415   -6.6953    5.2745  C  0  0  0  0  0
  1  4  1  0  0  0
  1  6  1  0  0  0
  1  2  1  0  0  0
  2  3  1  0  0  0
  2  5  1  0  0  0
  3  4  1  0  0  0
  5 10  1  0  0  0
  5  6  1  0  0  0
  6  7  1  0  0  0
  7  8  1  0  0  0
  8  9  1  0  0  0
  9 10  1  0  0  0
M  END
$$$$
C12C(C3C1CCCC3)CC2
  -ISIS-

 10 12  0  0  0  0  0  0  0  0  1
   -0.4235   -0.3618   -0.1278  C  0  0  0  0  0
   -1.1703   -0.4632    1.2192  C  0  0  0  0  0
   -1.5282   -1.9481    0.8620  C  0  0  0  0  0
   -1.2057   -1.5829   -0.6321  C  0  0  0  0  0
   -2.7172   -1.2802   -0.8426  C  0  0  0  0  0
   -3.0119   -2.2300    0.3683  C  0  0  0  0  0
   -4.2587   -1.5655    0.9993  C  0  0  0  0  0
   -5.4348   -1.5432   -0.0080  C  0  0  0  0  0
   -5.0839   -0.9535   -1.3926  C  0  0  0  0  0
   -3.7291   -1.4257   -1.9656  C  0  0  0  0  0
  1  4  1  0  0  0
  1  2  1  0  0  0
  2  3  1  0  0  0
  3  6  1  0  0  0
  3  4  1  0  0  0
  4  5  1  0  0  0
  5 10  1  0  0  0
  5  6  1  0  0  0
  6  7  1  0  0  0
  7  8  1  0  0  0
  8  9  1  0  0  0
  9 10  1  0  0  0
M  END
$$$$
C12C(C3C1CCCC3)CC2
  -ISIS-

 10 12  0  0  0  0  0  0  0  0  1
   -0.4235   -0.3618   -0.1278  C  0  0  0  0  0
   -1.1703   -0.4632    1.2192  C  0  0  0  0  0
   -1.5282   -1.9481    0.8620  C  0  0  0  0  0
   -1.2057   -1.5829   -0.6321  C  0  0  0  0  0
   -2.7172   -1.2802   -0.8426  C  0  0  0  0  0
   -3.0119   -2.2300    0.3683  C  0  0  0  0  0
   -4.2587   -1.5655    0.9993  C  0  0  0  0  0
   -5.4348   -1.5432   -0.0080  C  0  0  0  0  0
   -5.0839   -0.9535   -1.3926  C  0  0  0  0  0
   -3.7291   -1.4257   -1.9656  C  0  0  0  0  0
  1  4  1  0  0  0
  1  2  1  0  0  0
  2  3  1  0  0  0
  3  6  1  0  0  0
  3  4  1  0  0  0
  4  5  1  0  0  0
  5 10  1  0  0  0
  5  6  1  0  0  0
  6  7  1  0  0  0
  7  8  1  0  0  0
  8  9  1  0  0  0
  9 10  1  0  0  0
M  END
$$$$
