C12C(C=CN=1)=CC=CC=C2
  -ISIS-

 10 11  0  0  0  0  0  0  0  0  1
   -2.1791   -0.0321   -3.0036  C  0  0  0  0  0
   -3.1751    0.1254   -3.9514  N  0  0  0  0  0
   -3.3410    1.4178   -4.0779  C  0  0  0  0  0
   -4.3171    2.0221   -4.9906  C  0  0  0  0  0
   -4.5618    3.3206   -5.1949  C  0  0  0  0  0
   -3.9539    4.4810   -4.5942  C  0  0  0  0  0
   -2.9858    4.5556   -3.6729  C  0  0  0  0  0
   -2.2732    3.4881   -3.0184  C  0  0  0  0  0
   -2.4282    2.1752   -3.1954  C  0  0  0  0  0
   -1.7003    1.1314   -2.5266  C  0  0  0  0  0
  1 10  2  0  0  0
  1  2  1  0  0  0
  2  3  2  0  0  0
  3  9  1  0  0  0
  3  4  1  0  0  0
  4  5  2  0  0  0
  5  6  1  0  0  0
  6  7  2  0  0  0
  7  8  1  0  0  0
  8  9  2  0  0  0
  9 10  1  0  0  0
M  END
$$$$
