c12c(nc3c(n1)CCCC3)NN=C2
  -ISIS-

 13 15  0  0  0  0  0  0  0  0  1
    3.4059   -0.6237    1.9119  C  0  0  0  0  0
    2.0321   -0.6198    1.2212  C  0  0  0  0  0
    1.5123    0.7691    0.8470  C  0  0  0  0  0
    2.6066    1.6071    0.2414  C  0  0  0  0  0
    2.3196    2.3368   -0.8642  N  0  0  0  0  0
    3.3787    3.0706   -1.3133  C  0  0  0  0  0
    4.6023    3.0414   -0.6594  C  0  0  0  0  0
    4.9206    2.3327    0.4446  N  0  0  0  0  0
    3.8597    1.6042    0.8722  C  0  0  0  0  0
    4.0223    0.7621    2.1099  C  0  0  0  0  0
    5.4121    3.8765   -1.3596  N  0  0  0  0  0
    4.8233    4.4567   -2.4220  N  0  0  0  0  0
    3.5605    3.9692   -2.4152  C  0  0  0  0  0
  1 10  1  0  0  0
  1  2  1  0  0  0
  2  3  1  0  0  0
  3  4  1  0  0  0
  4  9  2  0  0  0
  4  5  1  0  0  0
  5  6  2  0  0  0
  6 13  1  0  0  0
  6  7  1  0  0  0
  7  8  2  0  0  0
  7 11  1  0  0  0
  8  9  1  0  0  0
  9 10  1  0  0  0
 11 12  1  0  0  0
 12 13  2  0  0  0
M  END
$$$$
