c12c(cccc1)Cc3c(cccc3)CN2
  -ISIS-

 15 17  0  0  0  0  0  0  0  0  1
   -3.1891   -0.6425    3.4950  N  0  0  0  0  0
   -3.7785   -1.9798    3.6640  C  0  0  0  0  0
   -4.7268   -2.3840    2.5772  C  0  0  0  0  0
   -4.4045   -2.3113    1.2168  C  0  0  0  0  0
   -3.0922   -1.8781    0.6469  C  0  0  0  0  0
   -1.9976   -1.1391    1.3458  C  0  0  0  0  0
   -2.0399   -0.6048    2.6400  C  0  0  0  0  0
   -0.9077    0.0362    3.1758  C  0  0  0  0  0
    0.2632    0.1730    2.4348  C  0  0  0  0  0
    0.3169   -0.3361    1.1469  C  0  0  0  0  0
   -0.7985   -0.9857    0.6130  C  0  0  0  0  0
   -5.3809   -2.7094    0.2796  C  0  0  0  0  0
   -6.6426   -3.1699    0.6719  C  0  0  0  0  0
   -6.9589   -3.2461    2.0200  C  0  0  0  0  0
   -6.0025   -2.8565    2.9589  C  0  0  0  0  0
  1  7  1  0  0  0
  1  2  1  0  0  0
  2  3  1  0  0  0
  3 15  2  0  0  0
  3  4  1  0  0  0
  4  5  1  0  0  0
  4 12  2  0  0  0
  5  6  1  0  0  0
  6 11  2  0  0  0
  6  7  1  0  0  0
  7  8  2  0  0  0
  8  9  1  0  0  0
  9 10  2  0  0  0
 10 11  1  0  0  0
 12 13  1  0  0  0
 13 14  2  0  0  0
 14 15  1  0  0  0
M  END
$$$$
