c12c(cccc1)NCCN3C2OC=CC3
  -ISIS-

 15 17  0  0  0  0  0  0  0  0  1
    3.3068   -1.9101    0.0785  C  0  0  0  0  0
    3.8065   -0.7039   -0.5965  C  0  0  0  0  0
    4.4500   -0.8337   -1.7611  C  0  0  0  0  0
    4.5202   -2.0305   -2.4457  O  0  0  0  0  0
    3.5139   -3.0218   -2.1064  C  0  0  0  0  0
    3.3590   -3.0675   -0.6583  N  0  0  0  0  0
    3.3382   -4.3366    0.0379  C  0  0  0  0  0
    4.7912   -4.6849    0.3000  C  0  0  0  0  0
    5.6228   -4.8692   -0.8092  N  0  0  0  0  0
    5.1311   -5.0829   -2.1367  C  0  0  0  0  0
    4.0877   -4.3250   -2.7291  C  0  0  0  0  0
    3.6773   -4.6976   -4.0408  C  0  0  0  0  0
    4.2580   -5.7582   -4.7336  C  0  0  0  0  0
    5.2834   -6.4797   -4.1569  C  0  0  0  0  0
    5.7155   -6.1397   -2.8763  C  0  0  0  0  0
  1  6  1  0  0  0
  1  2  1  0  0  0
  2  3  2  0  0  0
  3  4  1  0  0  0
  4  5  1  0  0  0
  5 11  1  0  0  0
  5  6  1  0  0  0
  6  7  1  0  0  0
  7  8  1  0  0  0
  8  9  1  0  0  0
  9 10  1  0  0  0
 10 15  2  0  0  0
 10 11  1  0  0  0
 11 12  2  0  0  0
 12 13  1  0  0  0
 13 14  2  0  0  0
 14 15  1  0  0  0
M  END
$$$$
c12c(cccc1)NCCN3C2OC=CC3
  -ISIS-

 15 17  0  0  0  0  0  0  0  0  1
    3.3068   -1.9101    0.0785  C  0  0  0  0  0
    3.8065   -0.7039   -0.5965  C  0  0  0  0  0
    4.4500   -0.8337   -1.7611  C  0  0  0  0  0
    4.5202   -2.0305   -2.4457  O  0  0  0  0  0
    3.5139   -3.0218   -2.1064  C  0  0  0  0  0
    3.3590   -3.0675   -0.6583  N  0  0  0  0  0
    3.3382   -4.3366    0.0379  C  0  0  0  0  0
    4.7912   -4.6849    0.3000  C  0  0  0  0  0
    5.6228   -4.8692   -0.8092  N  0  0  0  0  0
    5.1311   -5.0829   -2.1367  C  0  0  0  0  0
    4.0877   -4.3250   -2.7291  C  0  0  0  0  0
    3.6773   -4.6976   -4.0408  C  0  0  0  0  0
    4.2580   -5.7582   -4.7336  C  0  0  0  0  0
    5.2834   -6.4797   -4.1569  C  0  0  0  0  0
    5.7155   -6.1397   -2.8763  C  0  0  0  0  0
  1  6  1  0  0  0
  1  2  1  0  0  0
  2  3  2  0  0  0
  3  4  1  0  0  0
  4  5  1  0  0  0
  5 11  1  0  0  0
  5  6  1  0  0  0
  6  7  1  0  0  0
  7  8  1  0  0  0
  8  9  1  0  0  0
  9 10  1  0  0  0
 10 15  2  0  0  0
 10 11  1  0  0  0
 11 12  2  0  0  0
 12 13  1  0  0  0
 13 14  2  0  0  0
 14 15  1  0  0  0
M  END
$$$$
c12c(cccc1)NCCN3C2OC=CC3
  -ISIS-

 15 17  0  0  0  0  0  0  0  0  1
    3.3068   -1.9101    0.0785  C  0  0  0  0  0
    3.8065   -0.7039   -0.5965  C  0  0  0  0  0
    4.4500   -0.8337   -1.7611  C  0  0  0  0  0
    4.5202   -2.0305   -2.4457  O  0  0  0  0  0
    3.5139   -3.0218   -2.1064  C  0  0  0  0  0
    3.3590   -3.0675   -0.6583  N  0  0  0  0  0
    3.3382   -4.3366    0.0379  C  0  0  0  0  0
    4.7912   -4.6849    0.3000  C  0  0  0  0  0
    5.6228   -4.8692   -0.8092  N  0  0  0  0  0
    5.1311   -5.0829   -2.1367  C  0  0  0  0  0
    4.0877   -4.3250   -2.7291  C  0  0  0  0  0
    3.6773   -4.6976   -4.0408  C  0  0  0  0  0
    4.2580   -5.7582   -4.7336  C  0  0  0  0  0
    5.2834   -6.4797   -4.1569  C  0  0  0  0  0
    5.7155   -6.1397   -2.8763  C  0  0  0  0  0
  1  6  1  0  0  0
  1  2  1  0  0  0
  2  3  2  0  0  0
  3  4  1  0  0  0
  4  5  1  0  0  0
  5 11  1  0  0  0
  5  6  1  0  0  0
  6  7  1  0  0  0
  7  8  1  0  0  0
  8  9  1  0  0  0
  9 10  1  0  0  0
 10 15  2  0  0  0
 10 11  1  0  0  0
 11 12  2  0  0  0
 12 13  1  0  0  0
 13 14  2  0  0  0
 14 15  1  0  0  0
M  END
$$$$
c12c(cccc1)NCCN3C2OC=CC3
  -ISIS-

 15 17  0  0  0  0  0  0  0  0  1
    3.3068   -1.9101    0.0785  C  0  0  0  0  0
    3.8065   -0.7039   -0.5965  C  0  0  0  0  0
    4.4500   -0.8337   -1.7611  C  0  0  0  0  0
    4.5202   -2.0305   -2.4457  O  0  0  0  0  0
    3.5139   -3.0218   -2.1064  C  0  0  0  0  0
    3.3590   -3.0675   -0.6583  N  0  0  0  0  0
    3.3382   -4.3366    0.0379  C  0  0  0  0  0
    4.7912   -4.6849    0.3000  C  0  0  0  0  0
    5.6228   -4.8692   -0.8092  N  0  0  0  0  0
    5.1311   -5.0829   -2.1367  C  0  0  0  0  0
    4.0877   -4.3250   -2.7291  C  0  0  0  0  0
    3.6773   -4.6976   -4.0408  C  0  0  0  0  0
    4.2580   -5.7582   -4.7336  C  0  0  0  0  0
    5.2834   -6.4797   -4.1569  C  0  0  0  0  0
    5.7155   -6.1397   -2.8763  C  0  0  0  0  0
  1  6  1  0  0  0
  1  2  1  0  0  0
  2  3  2  0  0  0
  3  4  1  0  0  0
  4  5  1  0  0  0
  5 11  1  0  0  0
  5  6  1  0  0  0
  6  7  1  0  0  0
  7  8  1  0  0  0
  8  9  1  0  0  0
  9 10  1  0  0  0
 10 15  2  0  0  0
 10 11  1  0  0  0
 11 12  2  0  0  0
 12 13  1  0  0  0
 13 14  2  0  0  0
 14 15  1  0  0  0
M  END
$$$$
c12c(cccc1)NCCN3C2OC=CC3
  -ISIS-

 15 17  0  0  0  0  0  0  0  0  1
    3.3068   -1.9101    0.0785  C  0  0  0  0  0
    3.8065   -0.7039   -0.5965  C  0  0  0  0  0
    4.4500   -0.8337   -1.7611  C  0  0  0  0  0
    4.5202   -2.0305   -2.4457  O  0  0  0  0  0
    3.5139   -3.0218   -2.1064  C  0  0  0  0  0
    3.3590   -3.0675   -0.6583  N  0  0  0  0  0
    3.3382   -4.3366    0.0379  C  0  0  0  0  0
    4.7912   -4.6849    0.3000  C  0  0  0  0  0
    5.6228   -4.8692   -0.8092  N  0  0  0  0  0
    5.1311   -5.0829   -2.1367  C  0  0  0  0  0
    4.0877   -4.3250   -2.7291  C  0  0  0  0  0
    3.6773   -4.6976   -4.0408  C  0  0  0  0  0
    4.2580   -5.7582   -4.7336  C  0  0  0  0  0
    5.2834   -6.4797   -4.1569  C  0  0  0  0  0
    5.7155   -6.1397   -2.8763  C  0  0  0  0  0
  1  6  1  0  0  0
  1  2  1  0  0  0
  2  3  2  0  0  0
  3  4  1  0  0  0
  4  5  1  0  0  0
  5 11  1  0  0  0
  5  6  1  0  0  0
  6  7  1  0  0  0
  7  8  1  0  0  0
  8  9  1  0  0  0
  9 10  1  0  0  0
 10 15  2  0  0  0
 10 11  1  0  0  0
 11 12  2  0  0  0
 12 13  1  0  0  0
 13 14  2  0  0  0
 14 15  1  0  0  0
M  END
$$$$
c12c(cccc1)NCCN3C2OC=CC3
  -ISIS-

 15 17  0  0  0  0  0  0  0  0  1
    3.3068   -1.9101    0.0785  C  0  0  0  0  0
    3.8065   -0.7039   -0.5965  C  0  0  0  0  0
    4.4500   -0.8337   -1.7611  C  0  0  0  0  0
    4.5202   -2.0305   -2.4457  O  0  0  0  0  0
    3.5139   -3.0218   -2.1064  C  0  0  0  0  0
    3.3590   -3.0675   -0.6583  N  0  0  0  0  0
    3.3382   -4.3366    0.0379  C  0  0  0  0  0
    4.7912   -4.6849    0.3000  C  0  0  0  0  0
    5.6228   -4.8692   -0.8092  N  0  0  0  0  0
    5.1311   -5.0829   -2.1367  C  0  0  0  0  0
    4.0877   -4.3250   -2.7291  C  0  0  0  0  0
    3.6773   -4.6976   -4.0408  C  0  0  0  0  0
    4.2580   -5.7582   -4.7336  C  0  0  0  0  0
    5.2834   -6.4797   -4.1569  C  0  0  0  0  0
    5.7155   -6.1397   -2.8763  C  0  0  0  0  0
  1  6  1  0  0  0
  1  2  1  0  0  0
  2  3  2  0  0  0
  3  4  1  0  0  0
  4  5  1  0  0  0
  5 11  1  0  0  0
  5  6  1  0  0  0
  6  7  1  0  0  0
  7  8  1  0  0  0
  8  9  1  0  0  0
  9 10  1  0  0  0
 10 15  2  0  0  0
 10 11  1  0  0  0
 11 12  2  0  0  0
 12 13  1  0  0  0
 13 14  2  0  0  0
 14 15  1  0  0  0
M  END
$$$$
