C12c3c(N4C(=NNC4)N1CNN=2)[s]cc3
  -ISIS-

 15 18  0  0  0  0  0  0  0  0  1
   -5.6655    4.5300    1.5804  C  0  0  0  0  0
   -6.9568    4.3760    1.5636  N  0  0  0  0  0
   -7.1358    3.0328    1.7622  N  0  0  0  0  0
   -5.9055    2.3787    1.9009  C  0  0  0  0  0
   -4.9641    3.3752    1.7784  N  0  0  0  0  0
   -3.5878    3.4102    1.8168  C  0  0  0  0  0
   -2.8675    4.5770    1.6620  C  0  0  0  0  0
   -3.6157    5.7910    1.4534  C  0  0  0  0  0
   -4.9778    5.7171    1.4217  N  0  0  0  0  0
   -5.3818    7.0291    1.2102  C  0  0  0  0  0
   -4.2036    7.7779    1.1339  N  0  0  0  0  0
   -3.1043    6.9746    1.2907  N  0  0  0  0  0
   -1.4481    4.3551    1.7412  C  0  0  0  0  0
   -1.1761    3.0093    1.9559  C  0  0  0  0  0
   -2.6046    2.0684    2.0523  S  0  0  0  0  0
  1  9  1  0  0  0
  1  5  1  0  0  0
  1  2  2  0  0  0
  2  3  1  0  0  0
  3  4  1  0  0  0
  4  5  1  0  0  0
  5  6  1  0  0  0
  6 15  1  0  0  0
  6  7  2  0  0  0
  7  8  1  0  0  0
  7 13  1  0  0  0
  8 12  2  0  0  0
  8  9  1  0  0  0
  9 10  1  0  0  0
 10 11  1  0  0  0
 11 12  1  0  0  0
 13 14  2  0  0  0
 14 15  1  0  0  0
M  END
$$$$
C12c3c(N4C(=NNC4)N1CNN=2)[s]cc3
  -ISIS-

 15 18  0  0  0  0  0  0  0  0  1
   -5.6655    4.5300    1.5804  C  0  0  0  0  0
   -6.9568    4.3760    1.5636  N  0  0  0  0  0
   -7.1358    3.0328    1.7622  N  0  0  0  0  0
   -5.9055    2.3787    1.9009  C  0  0  0  0  0
   -4.9641    3.3752    1.7784  N  0  0  0  0  0
   -3.5878    3.4102    1.8168  C  0  0  0  0  0
   -2.8675    4.5770    1.6620  C  0  0  0  0  0
   -3.6157    5.7910    1.4534  C  0  0  0  0  0
   -4.9778    5.7171    1.4217  N  0  0  0  0  0
   -5.3818    7.0291    1.2102  C  0  0  0  0  0
   -4.2036    7.7779    1.1339  N  0  0  0  0  0
   -3.1043    6.9746    1.2907  N  0  0  0  0  0
   -1.4481    4.3551    1.7412  C  0  0  0  0  0
   -1.1761    3.0093    1.9559  C  0  0  0  0  0
   -2.6046    2.0684    2.0523  S  0  0  0  0  0
  1  9  1  0  0  0
  1  5  1  0  0  0
  1  2  2  0  0  0
  2  3  1  0  0  0
  3  4  1  0  0  0
  4  5  1  0  0  0
  5  6  1  0  0  0
  6 15  1  0  0  0
  6  7  2  0  0  0
  7  8  1  0  0  0
  7 13  1  0  0  0
  8 12  2  0  0  0
  8  9  1  0  0  0
  9 10  1  0  0  0
 10 11  1  0  0  0
 11 12  1  0  0  0
 13 14  2  0  0  0
 14 15  1  0  0  0
M  END
$$$$
C12c3c(N4C(=NNC4)N1CNN=2)[s]cc3
  -ISIS-

 15 18  0  0  0  0  0  0  0  0  1
   -5.6655    4.5300    1.5804  C  0  0  0  0  0
   -6.9568    4.3760    1.5636  N  0  0  0  0  0
   -7.1358    3.0328    1.7622  N  0  0  0  0  0
   -5.9055    2.3787    1.9009  C  0  0  0  0  0
   -4.9641    3.3752    1.7784  N  0  0  0  0  0
   -3.5878    3.4102    1.8168  C  0  0  0  0  0
   -2.8675    4.5770    1.6620  C  0  0  0  0  0
   -3.6157    5.7910    1.4534  C  0  0  0  0  0
   -4.9778    5.7171    1.4217  N  0  0  0  0  0
   -5.3818    7.0291    1.2102  C  0  0  0  0  0
   -4.2036    7.7779    1.1339  N  0  0  0  0  0
   -3.1043    6.9746    1.2907  N  0  0  0  0  0
   -1.4481    4.3551    1.7412  C  0  0  0  0  0
   -1.1761    3.0093    1.9559  C  0  0  0  0  0
   -2.6046    2.0684    2.0523  S  0  0  0  0  0
  1  9  1  0  0  0
  1  5  1  0  0  0
  1  2  2  0  0  0
  2  3  1  0  0  0
  3  4  1  0  0  0
  4  5  1  0  0  0
  5  6  1  0  0  0
  6 15  1  0  0  0
  6  7  2  0  0  0
  7  8  1  0  0  0
  7 13  1  0  0  0
  8 12  2  0  0  0
  8  9  1  0  0  0
  9 10  1  0  0  0
 10 11  1  0  0  0
 11 12  1  0  0  0
 13 14  2  0  0  0
 14 15  1  0  0  0
M  END
$$$$
C12c3c(N4C(=NNC4)N1CNN=2)[s]cc3
  -ISIS-

 15 18  0  0  0  0  0  0  0  0  1
   -5.6655    4.5300    1.5804  C  0  0  0  0  0
   -6.9568    4.3760    1.5636  N  0  0  0  0  0
   -7.1358    3.0328    1.7622  N  0  0  0  0  0
   -5.9055    2.3787    1.9009  C  0  0  0  0  0
   -4.9641    3.3752    1.7784  N  0  0  0  0  0
   -3.5878    3.4102    1.8168  C  0  0  0  0  0
   -2.8675    4.5770    1.6620  C  0  0  0  0  0
   -3.6157    5.7910    1.4534  C  0  0  0  0  0
   -4.9778    5.7171    1.4217  N  0  0  0  0  0
   -5.3818    7.0291    1.2102  C  0  0  0  0  0
   -4.2036    7.7779    1.1339  N  0  0  0  0  0
   -3.1043    6.9746    1.2907  N  0  0  0  0  0
   -1.4481    4.3551    1.7412  C  0  0  0  0  0
   -1.1761    3.0093    1.9559  C  0  0  0  0  0
   -2.6046    2.0684    2.0523  S  0  0  0  0  0
  1  9  1  0  0  0
  1  5  1  0  0  0
  1  2  2  0  0  0
  2  3  1  0  0  0
  3  4  1  0  0  0
  4  5  1  0  0  0
  5  6  1  0  0  0
  6 15  1  0  0  0
  6  7  2  0  0  0
  7  8  1  0  0  0
  7 13  1  0  0  0
  8 12  2  0  0  0
  8  9  1  0  0  0
  9 10  1  0  0  0
 10 11  1  0  0  0
 11 12  1  0  0  0
 13 14  2  0  0  0
 14 15  1  0  0  0
M  END
$$$$
C12c3c(N4C(=NNC4)N1CNN=2)[s]cc3
  -ISIS-

 15 18  0  0  0  0  0  0  0  0  1
   -2.1715    5.7247    3.5973  C  0  0  0  0  0
   -1.9149    5.3787    4.9094  N  0  0  0  0  0
   -2.4021    4.2395    5.4810  C  0  0  0  0  0
   -3.2181    3.3638    4.6782  C  0  0  0  0  0
   -3.8566    2.1172    5.0078  C  0  0  0  0  0
   -4.5490    1.6188    3.9107  C  0  0  0  0  0
   -4.4150    2.6413    2.5428  S  0  0  0  0  0
   -3.4533    3.7415    3.3721  C  0  0  0  0  0
   -2.9436    4.9004    2.8299  N  0  0  0  0  0
   -3.0205    5.4996    1.5931  C  0  0  0  0  0
   -2.2655    6.6722    1.7186  N  0  0  0  0  0
   -1.7467    6.7881    2.9807  N  0  0  0  0  0
   -2.0804    4.0423    6.7246  N  0  0  0  0  0
   -1.3102    5.1337    7.0313  N  0  0  0  0  0
   -1.1878    5.9824    5.9272  C  0  0  0  0  0
  1  9  1  0  0  0
  1 12  2  0  0  0
  1  2  1  0  0  0
  2 15  1  0  0  0
  2  3  1  0  0  0
  3  4  1  0  0  0
  3 13  2  0  0  0
  4  8  2  0  0  0
  4  5  1  0  0  0
  5  6  2  0  0  0
  6  7  1  0  0  0
  7  8  1  0  0  0
  8  9  1  0  0  0
  9 10  1  0  0  0
 10 11  1  0  0  0
 11 12  1  0  0  0
 13 14  1  0  0  0
 14 15  1  0  0  0
M  END
$$$$
C12c3c(N4C(=NNC4)N1CNN=2)[s]cc3
  -ISIS-

 15 18  0  0  0  0  0  0  0  0  1
   -2.1715    5.7247    3.5973  C  0  0  0  0  0
   -1.9149    5.3787    4.9094  N  0  0  0  0  0
   -2.4021    4.2395    5.4810  C  0  0  0  0  0
   -3.2181    3.3638    4.6782  C  0  0  0  0  0
   -3.8566    2.1172    5.0078  C  0  0  0  0  0
   -4.5490    1.6188    3.9107  C  0  0  0  0  0
   -4.4150    2.6413    2.5428  S  0  0  0  0  0
   -3.4533    3.7415    3.3721  C  0  0  0  0  0
   -2.9436    4.9004    2.8299  N  0  0  0  0  0
   -3.0205    5.4996    1.5931  C  0  0  0  0  0
   -2.2655    6.6722    1.7186  N  0  0  0  0  0
   -1.7467    6.7881    2.9807  N  0  0  0  0  0
   -2.0804    4.0423    6.7246  N  0  0  0  0  0
   -1.3102    5.1337    7.0313  N  0  0  0  0  0
   -1.1878    5.9824    5.9272  C  0  0  0  0  0
  1  9  1  0  0  0
  1 12  2  0  0  0
  1  2  1  0  0  0
  2 15  1  0  0  0
  2  3  1  0  0  0
  3  4  1  0  0  0
  3 13  2  0  0  0
  4  8  2  0  0  0
  4  5  1  0  0  0
  5  6  2  0  0  0
  6  7  1  0  0  0
  7  8  1  0  0  0
  8  9  1  0  0  0
  9 10  1  0  0  0
 10 11  1  0  0  0
 11 12  1  0  0  0
 13 14  1  0  0  0
 14 15  1  0  0  0
M  END
$$$$
C12c3c(N4C(=NNC4)N1CNN=2)[s]cc3
  -ISIS-

 15 18  0  0  0  0  0  0  0  0  1
   -2.1715    5.7247    3.5973  C  0  0  0  0  0
   -1.9149    5.3787    4.9094  N  0  0  0  0  0
   -2.4021    4.2395    5.4810  C  0  0  0  0  0
   -3.2181    3.3638    4.6782  C  0  0  0  0  0
   -3.8566    2.1172    5.0078  C  0  0  0  0  0
   -4.5490    1.6188    3.9107  C  0  0  0  0  0
   -4.4150    2.6413    2.5428  S  0  0  0  0  0
   -3.4533    3.7415    3.3721  C  0  0  0  0  0
   -2.9436    4.9004    2.8299  N  0  0  0  0  0
   -3.0205    5.4996    1.5931  C  0  0  0  0  0
   -2.2655    6.6722    1.7186  N  0  0  0  0  0
   -1.7467    6.7881    2.9807  N  0  0  0  0  0
   -2.0804    4.0423    6.7246  N  0  0  0  0  0
   -1.3102    5.1337    7.0313  N  0  0  0  0  0
   -1.1878    5.9824    5.9272  C  0  0  0  0  0
  1  9  1  0  0  0
  1 12  2  0  0  0
  1  2  1  0  0  0
  2 15  1  0  0  0
  2  3  1  0  0  0
  3  4  1  0  0  0
  3 13  2  0  0  0
  4  8  2  0  0  0
  4  5  1  0  0  0
  5  6  2  0  0  0
  6  7  1  0  0  0
  7  8  1  0  0  0
  8  9  1  0  0  0
  9 10  1  0  0  0
 10 11  1  0  0  0
 11 12  1  0  0  0
 13 14  1  0  0  0
 14 15  1  0  0  0
M  END
$$$$
C12c3c(N4C(=NNC4)N1CNN=2)[s]cc3
  -ISIS-

 15 18  0  0  0  0  0  0  0  0  1
   -2.1715    5.7247    3.5973  C  0  0  0  0  0
   -1.9149    5.3787    4.9094  N  0  0  0  0  0
   -2.4021    4.2395    5.4810  C  0  0  0  0  0
   -3.2181    3.3638    4.6782  C  0  0  0  0  0
   -3.8566    2.1172    5.0078  C  0  0  0  0  0
   -4.5490    1.6188    3.9107  C  0  0  0  0  0
   -4.4150    2.6413    2.5428  S  0  0  0  0  0
   -3.4533    3.7415    3.3721  C  0  0  0  0  0
   -2.9436    4.9004    2.8299  N  0  0  0  0  0
   -3.0205    5.4996    1.5931  C  0  0  0  0  0
   -2.2655    6.6722    1.7186  N  0  0  0  0  0
   -1.7467    6.7881    2.9807  N  0  0  0  0  0
   -2.0804    4.0423    6.7246  N  0  0  0  0  0
   -1.3102    5.1337    7.0313  N  0  0  0  0  0
   -1.1878    5.9824    5.9272  C  0  0  0  0  0
  1  9  1  0  0  0
  1 12  2  0  0  0
  1  2  1  0  0  0
  2 15  1  0  0  0
  2  3  1  0  0  0
  3  4  1  0  0  0
  3 13  2  0  0  0
  4  8  2  0  0  0
  4  5  1  0  0  0
  5  6  2  0  0  0
  6  7  1  0  0  0
  7  8  1  0  0  0
  8  9  1  0  0  0
  9 10  1  0  0  0
 10 11  1  0  0  0
 11 12  1  0  0  0
 13 14  1  0  0  0
 14 15  1  0  0  0
M  END
$$$$
