c12c(C=CC3(O1)NCOC3)c[c]4[c](c2)cccc4
  -ISIS-

 18 21  0  0  0  0  0  0  0  0  1
   -0.7027    5.0019   -6.8079  N  0  0  0  0  0
   -1.3968    3.8240   -7.0774  C  0  0  0  0  0
   -1.5546    3.0847   -5.9302  O  0  0  0  0  0
   -0.6831    3.6389   -4.9328  C  0  0  0  0  0
   -0.5470    5.1252   -5.3698  C  0  0  0  0  0
   -1.6744    6.0139   -4.8626  C  0  0  0  0  0
   -1.4965    6.9025   -3.8784  C  0  0  0  0  0
   -0.1674    6.9947   -3.2905  C  0  0  0  0  0
    0.0587    7.7603   -2.1426  C  0  0  0  0  0
    1.3487    7.8726   -1.5956  C  0  0  0  0  0
    1.5893    8.6338   -0.4404  C  0  0  0  0  0
    2.8766    8.7406    0.0886  C  0  0  0  0  0
    3.9397    8.0897   -0.5302  C  0  0  0  0  0
    3.7186    7.3296   -1.6795  C  0  0  0  0  0
    2.4297    7.2104   -2.2232  C  0  0  0  0  0
    2.1929    6.4501   -3.3779  C  0  0  0  0  0
    0.9038    6.3344   -3.8970  C  0  0  0  0  0
    0.7747    5.5941   -5.0427  O  0  0  0  0  0
  1  5  1  0  0  0
  1  2  1  0  0  0
  2  3  1  0  0  0
  3  4  1  0  0  0
  4  5  1  0  0  0
  5 18  1  0  0  0
  5  6  1  0  0  0
  6  7  2  0  0  0
  7  8  1  0  0  0
  8 17  2  0  0  0
  8  9  1  0  0  0
  9 10  2  0  0  0
 10 15  2  0  0  0
 10 11  1  0  0  0
 11 12  2  0  0  0
 12 13  1  0  0  0
 13 14  2  0  0  0
 14 15  1  0  0  0
 15 16  2  0  0  0
 16 17  1  0  0  0
 17 18  1  0  0  0
M  END
$$$$
