c12c3c(cccc3)Nc1cc4c(c2)CNCC4
  -ISIS-

 17 20  0  0  0  0  0  0  0  0  1
    6.7019    4.7202   -2.2885  C  0  0  0  0  0
    5.6324    5.6305   -2.0491  C  0  0  0  0  0
    4.2953    5.2673   -2.3239  C  0  0  0  0  0
    4.0102    3.9971   -2.8589  C  0  0  0  0  0
    5.0489    3.0875   -3.1240  C  0  0  0  0  0
    6.3572    3.4672   -2.8376  C  0  0  0  0  0
    7.1555    2.3981   -3.1930  N  0  0  0  0  0
    6.4096    1.3568   -3.6892  C  0  0  0  0  0
    6.8132    0.1012   -4.1579  C  0  0  0  0  0
    5.8183   -0.7696   -4.6107  C  0  0  0  0  0
    4.4767   -0.3967   -4.5946  C  0  0  0  0  0
    4.0925    0.8637   -4.1222  C  0  0  0  0  0
    5.0783    1.7601   -3.6593  C  0  0  0  0  0
    3.1344    6.2133   -2.0781  C  0  0  0  0  0
    3.5026    7.3021   -1.0872  N  0  0  0  0  0
    4.7895    7.9829   -1.4676  C  0  0  0  0  0
    5.9371    6.9782   -1.4203  C  0  0  0  0  0
  1  6  2  0  0  0
  1  2  1  0  0  0
  2 17  1  0  0  0
  2  3  2  0  0  0
  3  4  1  0  0  0
  3 14  1  0  0  0
  4  5  2  0  0  0
  5 13  1  0  0  0
  5  6  1  0  0  0
  6  7  1  0  0  0
  7  8  1  0  0  0
  8 13  2  0  0  0
  8  9  1  0  0  0
  9 10  2  0  0  0
 10 11  1  0  0  0
 11 12  2  0  0  0
 12 13  1  0  0  0
 14 15  1  0  0  0
 15 16  1  0  0  0
 16 17  1  0  0  0
M  END
$$$$
c12c3c(cccc3)Nc1cc4c(c2)CNCC4
  -ISIS-

 17 20  0  0  0  0  0  0  0  0  1
    6.7019    4.7202   -2.2885  C  0  0  0  0  0
    5.6324    5.6305   -2.0491  C  0  0  0  0  0
    4.2953    5.2673   -2.3239  C  0  0  0  0  0
    4.0102    3.9971   -2.8589  C  0  0  0  0  0
    5.0489    3.0875   -3.1240  C  0  0  0  0  0
    6.3572    3.4672   -2.8376  C  0  0  0  0  0
    7.1555    2.3981   -3.1930  N  0  0  0  0  0
    6.4096    1.3568   -3.6892  C  0  0  0  0  0
    6.8132    0.1012   -4.1579  C  0  0  0  0  0
    5.8183   -0.7696   -4.6107  C  0  0  0  0  0
    4.4767   -0.3967   -4.5946  C  0  0  0  0  0
    4.0925    0.8637   -4.1222  C  0  0  0  0  0
    5.0783    1.7601   -3.6593  C  0  0  0  0  0
    3.1344    6.2133   -2.0781  C  0  0  0  0  0
    3.5026    7.3021   -1.0872  N  0  0  0  0  0
    4.7895    7.9829   -1.4676  C  0  0  0  0  0
    5.9371    6.9782   -1.4203  C  0  0  0  0  0
  1  6  2  0  0  0
  1  2  1  0  0  0
  2 17  1  0  0  0
  2  3  2  0  0  0
  3  4  1  0  0  0
  3 14  1  0  0  0
  4  5  2  0  0  0
  5 13  1  0  0  0
  5  6  1  0  0  0
  6  7  1  0  0  0
  7  8  1  0  0  0
  8 13  2  0  0  0
  8  9  1  0  0  0
  9 10  2  0  0  0
 10 11  1  0  0  0
 11 12  2  0  0  0
 12 13  1  0  0  0
 14 15  1  0  0  0
 15 16  1  0  0  0
 16 17  1  0  0  0
M  END
$$$$
c12c3c(cccc3)Nc1cc4c(c2)CNCC4
  -ISIS-

 17 20  0  0  0  0  0  0  0  0  1
    6.7019    4.7202   -2.2885  C  0  0  0  0  0
    5.6324    5.6305   -2.0491  C  0  0  0  0  0
    4.2953    5.2673   -2.3239  C  0  0  0  0  0
    4.0102    3.9971   -2.8589  C  0  0  0  0  0
    5.0489    3.0875   -3.1240  C  0  0  0  0  0
    6.3572    3.4672   -2.8376  C  0  0  0  0  0
    7.1555    2.3981   -3.1930  N  0  0  0  0  0
    6.4096    1.3568   -3.6892  C  0  0  0  0  0
    6.8132    0.1012   -4.1579  C  0  0  0  0  0
    5.8183   -0.7696   -4.6107  C  0  0  0  0  0
    4.4767   -0.3967   -4.5946  C  0  0  0  0  0
    4.0925    0.8637   -4.1222  C  0  0  0  0  0
    5.0783    1.7601   -3.6593  C  0  0  0  0  0
    3.1344    6.2133   -2.0781  C  0  0  0  0  0
    3.5026    7.3021   -1.0872  N  0  0  0  0  0
    4.7895    7.9829   -1.4676  C  0  0  0  0  0
    5.9371    6.9782   -1.4203  C  0  0  0  0  0
  1  6  2  0  0  0
  1  2  1  0  0  0
  2 17  1  0  0  0
  2  3  2  0  0  0
  3  4  1  0  0  0
  3 14  1  0  0  0
  4  5  2  0  0  0
  5 13  1  0  0  0
  5  6  1  0  0  0
  6  7  1  0  0  0
  7  8  1  0  0  0
  8 13  2  0  0  0
  8  9  1  0  0  0
  9 10  2  0  0  0
 10 11  1  0  0  0
 11 12  2  0  0  0
 12 13  1  0  0  0
 14 15  1  0  0  0
 15 16  1  0  0  0
 16 17  1  0  0  0
M  END
$$$$
c12c3c(cccc3)Nc1cc4c(c2)CNCC4
  -ISIS-

 17 20  0  0  0  0  0  0  0  0  1
    1.2281   -6.3618   -2.0051  C  0  0  0  0  0
    0.2550   -7.1674   -2.6675  C  0  0  0  0  0
    0.3591   -7.4326   -4.0553  C  0  0  0  0  0
    1.4743   -6.9792   -4.8046  C  0  0  0  0  0
    2.4436   -6.2367   -4.1046  C  0  0  0  0  0
    3.6132   -5.6728   -4.5719  N  0  0  0  0  0
    4.3099   -5.0509   -3.5704  C  0  0  0  0  0
    3.5636   -5.1976   -2.4061  C  0  0  0  0  0
    2.3643   -5.9300   -2.7458  C  0  0  0  0  0
    4.0995   -4.6500   -1.2183  C  0  0  0  0  0
    5.3280   -3.9727   -1.2316  C  0  0  0  0  0
    6.0334   -3.8405   -2.4237  C  0  0  0  0  0
    5.5372   -4.3800   -3.6158  C  0  0  0  0  0
   -0.7044   -8.2609   -4.7568  C  0  0  0  0  0
   -1.9995   -8.4106   -3.9685  C  0  0  0  0  0
   -1.6695   -8.8138   -2.5614  N  0  0  0  0  0
   -0.9202   -7.7024   -1.8761  C  0  0  0  0  0
  1  9  2  0  0  0
  1  2  1  0  0  0
  2 17  1  0  0  0
  2  3  2  0  0  0
  3  4  1  0  0  0
  3 14  1  0  0  0
  4  5  2  0  0  0
  5  9  1  0  0  0
  5  6  1  0  0  0
  6  7  1  0  0  0
  7 13  2  0  0  0
  7  8  1  0  0  0
  8  9  1  0  0  0
  8 10  2  0  0  0
 10 11  1  0  0  0
 11 12  2  0  0  0
 12 13  1  0  0  0
 14 15  1  0  0  0
 15 16  1  0  0  0
 16 17  1  0  0  0
M  END
$$$$
c12c3c(cccc3)Nc1cc4c(c2)CNCC4
  -ISIS-

 17 20  0  0  0  0  0  0  0  0  1
    1.2281   -6.3618   -2.0051  C  0  0  0  0  0
    0.2550   -7.1674   -2.6675  C  0  0  0  0  0
    0.3591   -7.4326   -4.0553  C  0  0  0  0  0
    1.4743   -6.9792   -4.8046  C  0  0  0  0  0
    2.4436   -6.2367   -4.1046  C  0  0  0  0  0
    3.6132   -5.6728   -4.5719  N  0  0  0  0  0
    4.3099   -5.0509   -3.5704  C  0  0  0  0  0
    3.5636   -5.1976   -2.4061  C  0  0  0  0  0
    2.3643   -5.9300   -2.7458  C  0  0  0  0  0
    4.0995   -4.6500   -1.2183  C  0  0  0  0  0
    5.3280   -3.9727   -1.2316  C  0  0  0  0  0
    6.0334   -3.8405   -2.4237  C  0  0  0  0  0
    5.5372   -4.3800   -3.6158  C  0  0  0  0  0
   -0.7044   -8.2609   -4.7568  C  0  0  0  0  0
   -1.9995   -8.4106   -3.9685  C  0  0  0  0  0
   -1.6695   -8.8138   -2.5614  N  0  0  0  0  0
   -0.9202   -7.7024   -1.8761  C  0  0  0  0  0
  1  9  2  0  0  0
  1  2  1  0  0  0
  2 17  1  0  0  0
  2  3  2  0  0  0
  3  4  1  0  0  0
  3 14  1  0  0  0
  4  5  2  0  0  0
  5  9  1  0  0  0
  5  6  1  0  0  0
  6  7  1  0  0  0
  7 13  2  0  0  0
  7  8  1  0  0  0
  8  9  1  0  0  0
  8 10  2  0  0  0
 10 11  1  0  0  0
 11 12  2  0  0  0
 12 13  1  0  0  0
 14 15  1  0  0  0
 15 16  1  0  0  0
 16 17  1  0  0  0
M  END
$$$$
c12c3c(cccc3)Nc1cc4c(c2)CNCC4
  -ISIS-

 17 20  0  0  0  0  0  0  0  0  1
    1.2281   -6.3618   -2.0051  C  0  0  0  0  0
    0.2550   -7.1674   -2.6675  C  0  0  0  0  0
    0.3591   -7.4326   -4.0553  C  0  0  0  0  0
    1.4743   -6.9792   -4.8046  C  0  0  0  0  0
    2.4436   -6.2367   -4.1046  C  0  0  0  0  0
    3.6132   -5.6728   -4.5719  N  0  0  0  0  0
    4.3099   -5.0509   -3.5704  C  0  0  0  0  0
    3.5636   -5.1976   -2.4061  C  0  0  0  0  0
    2.3643   -5.9300   -2.7458  C  0  0  0  0  0
    4.0995   -4.6500   -1.2183  C  0  0  0  0  0
    5.3280   -3.9727   -1.2316  C  0  0  0  0  0
    6.0334   -3.8405   -2.4237  C  0  0  0  0  0
    5.5372   -4.3800   -3.6158  C  0  0  0  0  0
   -0.7044   -8.2609   -4.7568  C  0  0  0  0  0
   -1.9995   -8.4106   -3.9685  C  0  0  0  0  0
   -1.6695   -8.8138   -2.5614  N  0  0  0  0  0
   -0.9202   -7.7024   -1.8761  C  0  0  0  0  0
  1  9  2  0  0  0
  1  2  1  0  0  0
  2 17  1  0  0  0
  2  3  2  0  0  0
  3  4  1  0  0  0
  3 14  1  0  0  0
  4  5  2  0  0  0
  5  9  1  0  0  0
  5  6  1  0  0  0
  6  7  1  0  0  0
  7 13  2  0  0  0
  7  8  1  0  0  0
  8  9  1  0  0  0
  8 10  2  0  0  0
 10 11  1  0  0  0
 11 12  2  0  0  0
 12 13  1  0  0  0
 14 15  1  0  0  0
 15 16  1  0  0  0
 16 17  1  0  0  0
M  END
$$$$
c12c3c(cccc3)Nc1cc4c(c2)CNCC4
  -ISIS-

 17 20  0  0  0  0  0  0  0  0  1
    1.2281   -6.3618   -2.0051  C  0  0  0  0  0
    0.2550   -7.1674   -2.6675  C  0  0  0  0  0
    0.3591   -7.4326   -4.0553  C  0  0  0  0  0
    1.4743   -6.9792   -4.8046  C  0  0  0  0  0
    2.4436   -6.2367   -4.1046  C  0  0  0  0  0
    3.6132   -5.6728   -4.5719  N  0  0  0  0  0
    4.3099   -5.0509   -3.5704  C  0  0  0  0  0
    3.5636   -5.1976   -2.4061  C  0  0  0  0  0
    2.3643   -5.9300   -2.7458  C  0  0  0  0  0
    4.0995   -4.6500   -1.2183  C  0  0  0  0  0
    5.3280   -3.9727   -1.2316  C  0  0  0  0  0
    6.0334   -3.8405   -2.4237  C  0  0  0  0  0
    5.5372   -4.3800   -3.6158  C  0  0  0  0  0
   -0.7044   -8.2609   -4.7568  C  0  0  0  0  0
   -1.9995   -8.4106   -3.9685  C  0  0  0  0  0
   -1.6695   -8.8138   -2.5614  N  0  0  0  0  0
   -0.9202   -7.7024   -1.8761  C  0  0  0  0  0
  1  9  2  0  0  0
  1  2  1  0  0  0
  2 17  1  0  0  0
  2  3  2  0  0  0
  3  4  1  0  0  0
  3 14  1  0  0  0
  4  5  2  0  0  0
  5  9  1  0  0  0
  5  6  1  0  0  0
  6  7  1  0  0  0
  7 13  2  0  0  0
  7  8  1  0  0  0
  8  9  1  0  0  0
  8 10  2  0  0  0
 10 11  1  0  0  0
 11 12  2  0  0  0
 12 13  1  0  0  0
 14 15  1  0  0  0
 15 16  1  0  0  0
 16 17  1  0  0  0
M  END
$$$$
c12c3c(cccc3)Nc1cc4c(c2)CNCC4
  -ISIS-

 17 20  0  0  0  0  0  0  0  0  1
   -1.8875    4.7928    3.8243  C  0  0  0  0  0
   -3.0536    4.1432    4.2977  C  0  0  0  0  0
   -3.0069    3.2080    5.3582  C  0  0  0  0  0
   -1.7800    2.8834    5.9495  C  0  0  0  0  0
   -0.5971    3.4887    5.4822  C  0  0  0  0  0
   -0.6778    4.4178    4.4460  C  0  0  0  0  0
    0.6140    4.8459    4.2108  N  0  0  0  0  0
    1.5101    4.2248    5.0459  C  0  0  0  0  0
    2.8998    4.3628    5.1402  C  0  0  0  0  0
    3.5615    3.5947    6.1022  C  0  0  0  0  0
    2.8593    2.7262    6.9340  C  0  0  0  0  0
    1.4694    2.6021    6.8247  C  0  0  0  0  0
    0.7789    3.3662    5.8606  C  0  0  0  0  0
   -4.3293    2.6207    5.8047  C  0  0  0  0  0
   -5.1249    2.1126    4.6005  N  0  0  0  0  0
   -5.2183    3.1452    3.4752  C  0  0  0  0  0
   -4.4321    4.4353    3.7389  C  0  0  0  0  0
  1  6  2  0  0  0
  1  2  1  0  0  0
  2 17  1  0  0  0
  2  3  2  0  0  0
  3  4  1  0  0  0
  3 14  1  0  0  0
  4  5  2  0  0  0
  5 13  1  0  0  0
  5  6  1  0  0  0
  6  7  1  0  0  0
  7  8  1  0  0  0
  8 13  2  0  0  0
  8  9  1  0  0  0
  9 10  2  0  0  0
 10 11  1  0  0  0
 11 12  2  0  0  0
 12 13  1  0  0  0
 14 15  1  0  0  0
 15 16  1  0  0  0
 16 17  1  0  0  0
M  END
$$$$
c12c3c(cccc3)Nc1cc4c(c2)CNCC4
  -ISIS-

 17 20  0  0  0  0  0  0  0  0  1
   -1.8875    4.7928    3.8243  C  0  0  0  0  0
   -3.0536    4.1432    4.2977  C  0  0  0  0  0
   -3.0069    3.2080    5.3582  C  0  0  0  0  0
   -1.7800    2.8834    5.9495  C  0  0  0  0  0
   -0.5971    3.4887    5.4822  C  0  0  0  0  0
   -0.6778    4.4178    4.4460  C  0  0  0  0  0
    0.6140    4.8459    4.2108  N  0  0  0  0  0
    1.5101    4.2248    5.0459  C  0  0  0  0  0
    2.8998    4.3628    5.1402  C  0  0  0  0  0
    3.5615    3.5947    6.1022  C  0  0  0  0  0
    2.8593    2.7262    6.9340  C  0  0  0  0  0
    1.4694    2.6021    6.8247  C  0  0  0  0  0
    0.7789    3.3662    5.8606  C  0  0  0  0  0
   -4.3293    2.6207    5.8047  C  0  0  0  0  0
   -5.1249    2.1126    4.6005  N  0  0  0  0  0
   -5.2183    3.1452    3.4752  C  0  0  0  0  0
   -4.4321    4.4353    3.7389  C  0  0  0  0  0
  1  6  2  0  0  0
  1  2  1  0  0  0
  2 17  1  0  0  0
  2  3  2  0  0  0
  3  4  1  0  0  0
  3 14  1  0  0  0
  4  5  2  0  0  0
  5 13  1  0  0  0
  5  6  1  0  0  0
  6  7  1  0  0  0
  7  8  1  0  0  0
  8 13  2  0  0  0
  8  9  1  0  0  0
  9 10  2  0  0  0
 10 11  1  0  0  0
 11 12  2  0  0  0
 12 13  1  0  0  0
 14 15  1  0  0  0
 15 16  1  0  0  0
 16 17  1  0  0  0
M  END
$$$$
c12c3c(cccc3)Nc1cc4c(c2)CNCC4
  -ISIS-

 17 20  0  0  0  0  0  0  0  0  1
   -1.8875    4.7928    3.8243  C  0  0  0  0  0
   -3.0536    4.1432    4.2977  C  0  0  0  0  0
   -3.0069    3.2080    5.3582  C  0  0  0  0  0
   -1.7800    2.8834    5.9495  C  0  0  0  0  0
   -0.5971    3.4887    5.4822  C  0  0  0  0  0
   -0.6778    4.4178    4.4460  C  0  0  0  0  0
    0.6140    4.8459    4.2108  N  0  0  0  0  0
    1.5101    4.2248    5.0459  C  0  0  0  0  0
    2.8998    4.3628    5.1402  C  0  0  0  0  0
    3.5615    3.5947    6.1022  C  0  0  0  0  0
    2.8593    2.7262    6.9340  C  0  0  0  0  0
    1.4694    2.6021    6.8247  C  0  0  0  0  0
    0.7789    3.3662    5.8606  C  0  0  0  0  0
   -4.3293    2.6207    5.8047  C  0  0  0  0  0
   -5.1249    2.1126    4.6005  N  0  0  0  0  0
   -5.2183    3.1452    3.4752  C  0  0  0  0  0
   -4.4321    4.4353    3.7389  C  0  0  0  0  0
  1  6  2  0  0  0
  1  2  1  0  0  0
  2 17  1  0  0  0
  2  3  2  0  0  0
  3  4  1  0  0  0
  3 14  1  0  0  0
  4  5  2  0  0  0
  5 13  1  0  0  0
  5  6  1  0  0  0
  6  7  1  0  0  0
  7  8  1  0  0  0
  8 13  2  0  0  0
  8  9  1  0  0  0
  9 10  2  0  0  0
 10 11  1  0  0  0
 11 12  2  0  0  0
 12 13  1  0  0  0
 14 15  1  0  0  0
 15 16  1  0  0  0
 16 17  1  0  0  0
M  END
$$$$
c12c3c(cccc3)Nc1cc4c(c2)CNCC4
  -ISIS-

 17 20  0  0  0  0  0  0  0  0  1
    2.6874    1.7278   -1.3218  C  0  0  0  0  0
    2.8952    1.1185   -2.5819  C  0  0  0  0  0
    4.0210    0.5058   -3.2621  C  0  0  0  0  0
    3.5776    0.1574   -4.5430  C  0  0  0  0  0
    2.2390    0.4839   -4.6048  N  0  0  0  0  0
    1.8045    1.0678   -3.4465  C  0  0  0  0  0
    0.5325    1.5565   -3.1212  C  0  0  0  0  0
    0.3599    2.1351   -1.8643  C  0  0  0  0  0
    1.4235    2.2252   -0.9757  C  0  0  0  0  0
    4.3900   -0.4111   -5.5440  C  0  0  0  0  0
    5.7358   -0.6374   -5.1936  C  0  0  0  0  0
    6.2271   -0.3054   -3.9091  C  0  0  0  0  0
    5.3762    0.2350   -2.9066  C  0  0  0  0  0
    7.7052   -0.5393   -3.6920  C  0  0  0  0  0
    8.0731   -1.9270   -4.1497  N  0  0  0  0  0
    7.7130   -2.1991   -5.5940  C  0  0  0  0  0
    6.7447   -1.1710   -6.1919  C  0  0  0  0  0
  1  9  2  0  0  0
  1  2  1  0  0  0
  2  6  2  0  0  0
  2  3  1  0  0  0
  3 13  2  0  0  0
  3  4  1  0  0  0
  4  5  1  0  0  0
  4 10  2  0  0  0
  5  6  1  0  0  0
  6  7  1  0  0  0
  7  8  2  0  0  0
  8  9  1  0  0  0
 10 11  1  0  0  0
 11 17  1  0  0  0
 11 12  2  0  0  0
 12 13  1  0  0  0
 12 14  1  0  0  0
 14 15  1  0  0  0
 15 16  1  0  0  0
 16 17  1  0  0  0
M  END
$$$$
c12c3c(cccc3)Nc1cc4c(c2)CNCC4
  -ISIS-

 17 20  0  0  0  0  0  0  0  0  1
    2.6874    1.7278   -1.3218  C  0  0  0  0  0
    2.8952    1.1185   -2.5819  C  0  0  0  0  0
    4.0210    0.5058   -3.2621  C  0  0  0  0  0
    3.5776    0.1574   -4.5430  C  0  0  0  0  0
    2.2390    0.4839   -4.6048  N  0  0  0  0  0
    1.8045    1.0678   -3.4465  C  0  0  0  0  0
    0.5325    1.5565   -3.1212  C  0  0  0  0  0
    0.3599    2.1351   -1.8643  C  0  0  0  0  0
    1.4235    2.2252   -0.9757  C  0  0  0  0  0
    4.3900   -0.4111   -5.5440  C  0  0  0  0  0
    5.7358   -0.6374   -5.1936  C  0  0  0  0  0
    6.2271   -0.3054   -3.9091  C  0  0  0  0  0
    5.3762    0.2350   -2.9066  C  0  0  0  0  0
    7.7052   -0.5393   -3.6920  C  0  0  0  0  0
    8.0731   -1.9270   -4.1497  N  0  0  0  0  0
    7.7130   -2.1991   -5.5940  C  0  0  0  0  0
    6.7447   -1.1710   -6.1919  C  0  0  0  0  0
  1  9  2  0  0  0
  1  2  1  0  0  0
  2  6  2  0  0  0
  2  3  1  0  0  0
  3 13  2  0  0  0
  3  4  1  0  0  0
  4  5  1  0  0  0
  4 10  2  0  0  0
  5  6  1  0  0  0
  6  7  1  0  0  0
  7  8  2  0  0  0
  8  9  1  0  0  0
 10 11  1  0  0  0
 11 17  1  0  0  0
 11 12  2  0  0  0
 12 13  1  0  0  0
 12 14  1  0  0  0
 14 15  1  0  0  0
 15 16  1  0  0  0
 16 17  1  0  0  0
M  END
$$$$
c12c3c(cccc3)Nc1cc4c(c2)CNCC4
  -ISIS-

 17 20  0  0  0  0  0  0  0  0  1
    2.6874    1.7278   -1.3218  C  0  0  0  0  0
    2.8952    1.1185   -2.5819  C  0  0  0  0  0
    4.0210    0.5058   -3.2621  C  0  0  0  0  0
    3.5776    0.1574   -4.5430  C  0  0  0  0  0
    2.2390    0.4839   -4.6048  N  0  0  0  0  0
    1.8045    1.0678   -3.4465  C  0  0  0  0  0
    0.5325    1.5565   -3.1212  C  0  0  0  0  0
    0.3599    2.1351   -1.8643  C  0  0  0  0  0
    1.4235    2.2252   -0.9757  C  0  0  0  0  0
    4.3900   -0.4111   -5.5440  C  0  0  0  0  0
    5.7358   -0.6374   -5.1936  C  0  0  0  0  0
    6.2271   -0.3054   -3.9091  C  0  0  0  0  0
    5.3762    0.2350   -2.9066  C  0  0  0  0  0
    7.7052   -0.5393   -3.6920  C  0  0  0  0  0
    8.0731   -1.9270   -4.1497  N  0  0  0  0  0
    7.7130   -2.1991   -5.5940  C  0  0  0  0  0
    6.7447   -1.1710   -6.1919  C  0  0  0  0  0
  1  9  2  0  0  0
  1  2  1  0  0  0
  2  6  2  0  0  0
  2  3  1  0  0  0
  3 13  2  0  0  0
  3  4  1  0  0  0
  4  5  1  0  0  0
  4 10  2  0  0  0
  5  6  1  0  0  0
  6  7  1  0  0  0
  7  8  2  0  0  0
  8  9  1  0  0  0
 10 11  1  0  0  0
 11 17  1  0  0  0
 11 12  2  0  0  0
 12 13  1  0  0  0
 12 14  1  0  0  0
 14 15  1  0  0  0
 15 16  1  0  0  0
 16 17  1  0  0  0
M  END
$$$$
