c12c(nc[n]3[c]1ncn3)CCC2
  -ISIS-

 12 14  0  0  0  0  0  0  0  0  1
    5.0455    0.9431    4.3451  C  0  0  0  0  0
    5.6945   -0.1067    3.7530  N  0  0  0  0  0
    4.9375   -1.2139    3.7314  N  0  0  0  0  0
    3.8190   -0.7727    4.3350  C  0  0  0  0  0
    3.8504    0.5557    4.7267  N  0  0  0  0  0
    6.9830   -0.0327    3.2370  C  0  0  0  0  0
    7.6624    1.0819    3.2935  N  0  0  0  0  0
    7.0183    2.1460    3.8876  C  0  0  0  0  0
    7.6800    3.4793    4.0231  C  0  0  0  0  0
    6.5054    4.3906    4.3850  C  0  0  0  0  0
    5.4209    3.4823    4.9699  C  0  0  0  0  0
    5.7757    2.1462    4.4073  C  0  0  0  0  0
  1  5  2  0  0  0
  1 12  1  0  0  0
  1  2  2  0  0  0
  2  3  1  0  0  0
  2  6  1  0  0  0
  3  4  2  0  0  0
  4  5  1  0  0  0
  6  7  2  0  0  0
  7  8  1  0  0  0
  8 12  2  0  0  0
  8  9  1  0  0  0
  9 10  1  0  0  0
 10 11  1  0  0  0
 11 12  1  0  0  0
M  END
$$$$
c12c(nc[n]3[c]1ncn3)CCC2
  -ISIS-

 12 14  0  0  0  0  0  0  0  0  1
   -1.0477   -6.5612    0.9255  C  0  0  0  0  0
   -0.7024   -5.2707    0.6327  N  0  0  0  0  0
    0.6036   -5.1558    0.3294  N  0  0  0  0  0
    1.0053   -6.4359    0.4575  C  0  0  0  0  0
    0.0128   -7.3258    0.8241  N  0  0  0  0  0
   -1.5961   -4.2057    0.6474  C  0  0  0  0  0
   -2.8530   -4.3903    0.9517  N  0  0  0  0  0
   -3.2114   -5.6882    1.2480  C  0  0  0  0  0
   -4.6153   -6.0445    1.6168  C  0  0  0  0  0
   -4.6065   -7.5701    1.4985  C  0  0  0  0  0
   -3.1444   -8.0037    1.6302  C  0  0  0  0  0
   -2.4021   -6.7648    1.2543  C  0  0  0  0  0
  1  5  2  0  0  0
  1 12  1  0  0  0
  1  2  2  0  0  0
  2  3  1  0  0  0
  2  6  1  0  0  0
  3  4  2  0  0  0
  4  5  1  0  0  0
  6  7  2  0  0  0
  7  8  1  0  0  0
  8 12  2  0  0  0
  8  9  1  0  0  0
  9 10  1  0  0  0
 10 11  1  0  0  0
 11 12  1  0  0  0
M  END
$$$$
c12c(nc[n]3[c]1ncn3)CCC2
  -ISIS-

 12 14  0  0  0  0  0  0  0  0  1
    4.9450   -2.6741   -4.6709  C  0  0  0  0  0
    4.8940   -3.4029   -5.8271  N  0  0  0  0  0
    4.0162   -4.4194   -5.7431  N  0  0  0  0  0
    3.5573   -4.2525   -4.4868  C  0  0  0  0  0
    4.1088   -3.1863   -3.8003  N  0  0  0  0  0
    5.6579   -3.1238   -6.9547  C  0  0  0  0  0
    6.4908   -2.1175   -6.9672  N  0  0  0  0  0
    6.5504   -1.3771   -5.8057  C  0  0  0  0  0
    7.4578   -0.1960   -5.6793  C  0  0  0  0  0
    7.4540    0.0577   -4.1702  C  0  0  0  0  0
    6.1708   -0.5790   -3.6304  C  0  0  0  0  0
    5.8426   -1.5887   -4.6795  C  0  0  0  0  0
  1  5  2  0  0  0
  1 12  1  0  0  0
  1  2  2  0  0  0
  2  3  1  0  0  0
  2  6  1  0  0  0
  3  4  2  0  0  0
  4  5  1  0  0  0
  6  7  2  0  0  0
  7  8  1  0  0  0
  8 12  2  0  0  0
  8  9  1  0  0  0
  9 10  1  0  0  0
 10 11  1  0  0  0
 11 12  1  0  0  0
M  END
$$$$
c12c(nc[n]3[c]1ncn3)CCC2
  -ISIS-

 12 14  0  0  0  0  0  0  0  0  1
    3.0455   -5.2577   -0.5960  C  0  0  0  0  0
    4.2428   -4.9022   -1.1533  N  0  0  0  0  0
    4.6090   -3.6547   -0.8063  N  0  0  0  0  0
    3.5716   -3.2963   -0.0238  C  0  0  0  0  0
    2.5927   -4.2615    0.1266  N  0  0  0  0  0
    4.9911   -5.7325   -1.9800  C  0  0  0  0  0
    4.5745   -6.9349   -2.2758  N  0  0  0  0  0
    3.3686   -7.3032   -1.7180  C  0  0  0  0  0
    2.7692   -8.6482   -1.9743  C  0  0  0  0  0
    1.6784   -8.7285   -0.9041  C  0  0  0  0  0
    1.3560   -7.2853   -0.5089  C  0  0  0  0  0
    2.5926   -6.5533   -0.9120  C  0  0  0  0  0
  1  5  2  0  0  0
  1 12  1  0  0  0
  1  2  2  0  0  0
  2  3  1  0  0  0
  2  6  1  0  0  0
  3  4  2  0  0  0
  4  5  1  0  0  0
  6  7  2  0  0  0
  7  8  1  0  0  0
  8 12  2  0  0  0
  8  9  1  0  0  0
  9 10  1  0  0  0
 10 11  1  0  0  0
 11 12  1  0  0  0
M  END
$$$$
c12c(nc[n]3[c]1ncn3)CCC2
  -ISIS-

 12 14  0  0  0  0  0  0  0  0  1
    3.6549    0.5724    1.4190  C  0  0  0  0  0
    4.8518    0.0409    1.3278  N  0  0  0  0  0
    4.5951   -1.2245    0.8245  C  0  0  0  0  0
    3.2890   -1.5006    0.6366  N  0  0  0  0  0
    2.7222   -0.3398    1.0073  N  0  0  0  0  0
    1.3542   -0.0963    0.9830  C  0  0  0  0  0
    0.8724    1.0576    1.3632  N  0  0  0  0  0
    1.8041    1.9849    1.7794  C  0  0  0  0  0
    1.3948    3.3447    2.2453  C  0  0  0  0  0
    2.7241    4.1025    2.2465  C  0  0  0  0  0
    3.8237    3.0419    2.3404  C  0  0  0  0  0
    3.1397    1.8173    1.8309  C  0  0  0  0  0
  1  5  2  0  0  0
  1 12  1  0  0  0
  1  2  2  0  0  0
  2  3  1  0  0  0
  3  4  2  0  0  0
  4  5  1  0  0  0
  5  6  1  0  0  0
  6  7  2  0  0  0
  7  8  1  0  0  0
  8 12  2  0  0  0
  8  9  1  0  0  0
  9 10  1  0  0  0
 10 11  1  0  0  0
 11 12  1  0  0  0
M  END
$$$$
