C12c3c(c[c]4[c](n3)cccc4)CN1Cc5c(C=2)coc5
  -ISIS-

 20 24  0  0  0  0  0  0  0  0  1
   -0.3783    4.9119   -0.5172  C  0  0  0  0  0
   -0.0589    4.0146   -1.6210  C  0  0  0  0  0
   -0.6782    2.8615   -1.9050  N  0  0  0  0  0
   -0.2058    2.2013   -2.9794  C  0  0  0  0  0
   -0.7944    0.9975   -3.3389  C  0  0  0  0  0
   -0.3521    0.2624   -4.4429  C  0  0  0  0  0
    0.7045    0.7340   -5.2139  C  0  0  0  0  0
    1.3191    1.9397   -4.8813  C  0  0  0  0  0
    0.8776    2.6807   -3.7730  C  0  0  0  0  0
    1.4882    3.8974   -3.4264  C  0  0  0  0  0
    1.0025    4.5697   -2.3265  C  0  0  0  0  0
    1.4272    5.8658   -1.7088  C  0  0  0  0  0
    0.5040    5.9975   -0.5804  N  0  0  0  0  0
    0.5152    7.0686    0.3055  C  0  0  0  0  0
   -0.5074    6.9438    1.3278  C  0  0  0  0  0
   -0.8358    7.7627    2.3785  C  0  0  0  0  0
   -1.8783    7.2275    3.0809  O  0  0  0  0  0
   -2.2269    6.0468    2.4729  C  0  0  0  0  0
   -1.4040    5.8452    1.3943  C  0  0  0  0  0
   -1.3238    4.8019    0.4326  C  0  0  0  0  0
  1 13  1  0  0  0
  1 20  2  0  0  0
  1  2  1  0  0  0
  2 11  2  0  0  0
  2  3  1  0  0  0
  3  4  2  0  0  0
  4  9  2  0  0  0
  4  5  1  0  0  0
  5  6  2  0  0  0
  6  7  1  0  0  0
  7  8  2  0  0  0
  8  9  1  0  0  0
  9 10  2  0  0  0
 10 11  1  0  0  0
 11 12  1  0  0  0
 12 13  1  0  0  0
 13 14  1  0  0  0
 14 15  1  0  0  0
 15 19  1  0  0  0
 15 16  2  0  0  0
 16 17  1  0  0  0
 17 18  1  0  0  0
 18 19  2  0  0  0
 19 20  1  0  0  0
M  END
$$$$
