c12C3(OCCO3)CC4CN(CCc1[c]5[c](n2)cccc5)CCC4
  -ISIS-

 23 27  0  0  0  0  0  0  0  0  1
   -4.8262   -1.0826    3.6429  C  0  0  0  0  0
   -5.9666   -1.7026    4.4544  C  0  0  0  0  0
   -6.4813   -3.0529    4.0763  C  0  0  0  0  0
   -6.1075   -4.2983    4.6055  C  0  0  0  0  0
   -5.0417   -4.6116    5.6428  C  0  0  0  0  0
   -3.7285   -3.8012    5.5592  C  0  0  0  0  0
   -2.9130   -3.8613    4.2456  C  0  0  0  0  0
   -1.5626   -3.1048    4.4487  C  0  0  0  0  0
   -1.2612   -2.0688    3.3526  C  0  0  0  0  0
   -2.4497   -1.1265    3.1031  C  0  0  0  0  0
   -3.7312   -1.8204    3.2174  N  0  0  0  0  0
   -3.6437   -3.2619    3.0443  C  0  0  0  0  0
   -5.6333   -4.3170    6.9209  O  0  0  0  0  0
   -5.7373   -5.5651    7.5986  C  0  0  0  0  0
   -4.6881   -6.4276    6.9519  C  0  0  0  0  0
   -4.6933   -6.0031    5.5877  O  0  0  0  0  0
   -6.9156   -5.2397    3.9697  N  0  0  0  0  0
   -7.7064   -4.6408    3.0016  C  0  0  0  0  0
   -7.4648   -3.2726    3.0631  C  0  0  0  0  0
   -8.1600   -2.4140    2.1831  C  0  0  0  0  0
   -9.0712   -2.9447    1.2665  C  0  0  0  0  0
   -9.2955   -4.3140    1.2153  C  0  0  0  0  0
   -8.6201   -5.1830    2.0774  C  0  0  0  0  0
  1 11  1  0  0  0
  1  2  1  0  0  0
  2  3  1  0  0  0
  3 19  1  0  0  0
  3  4  2  0  0  0
  4  5  1  0  0  0
  4 17  1  0  0  0
  5 16  1  0  0  0
  5  6  1  0  0  0
  5 13  1  0  0  0
  6  7  1  0  0  0
  7 12  1  0  0  0
  7  8  1  0  0  0
  8  9  1  0  0  0
  9 10  1  0  0  0
 10 11  1  0  0  0
 11 12  1  0  0  0
 13 14  1  0  0  0
 14 15  1  0  0  0
 15 16  1  0  0  0
 17 18  1  0  0  0
 18 23  2  0  0  0
 18 19  1  0  0  0
 19 20  2  0  0  0
 20 21  1  0  0  0
 21 22  2  0  0  0
 22 23  1  0  0  0
M  END
$$$$
