c12c(cccc1)NCC3C2CCC3
  -ISIS-

 13 15  0  0  0  0  0  0  0  0  1
    0.9473   -2.7386    2.7548  N  0  0  0  0  0
    0.8284   -4.0950    3.1409  C  0  0  0  0  0
    1.6735   -4.6858    4.1053  C  0  0  0  0  0
    2.6654   -3.8235    4.8313  C  0  0  0  0  0
    3.0801   -2.6531    3.9461  C  0  0  0  0  0
    1.8645   -1.8501    3.4832  C  0  0  0  0  0
    4.1668   -1.9867    4.7772  C  0  0  0  0  0
    4.9358   -3.1750    5.3742  C  0  0  0  0  0
    4.0251   -4.4043    5.2202  C  0  0  0  0  0
    1.4905   -6.0300    4.4557  C  0  0  0  0  0
    0.4929   -6.7891    3.8452  C  0  0  0  0  0
   -0.3177   -6.2214    2.8632  C  0  0  0  0  0
   -0.1134   -4.9010    2.4586  C  0  0  0  0  0
  1  6  1  0  0  0
  1  2  1  0  0  0
  2 13  2  0  0  0
  2  3  1  0  0  0
  3  4  1  0  0  0
  3 10  2  0  0  0
  4  9  1  0  0  0
  4  5  1  0  0  0
  5  6  1  0  0  0
  5  7  1  0  0  0
  7  8  1  0  0  0
  8  9  1  0  0  0
 10 11  1  0  0  0
 11 12  2  0  0  0
 12 13  1  0  0  0
M  END
$$$$
