c12c3c(cccc3)NCCc1cccn2
  -ISIS-

 15 17  0  0  0  0  0  0  0  0  1
   -9.9753   -4.5122    5.8383  C  0  0  0  0  0
   -9.3253   -3.5712    6.5849  N  0  0  0  0  0
   -7.9592   -3.2318    6.5811  C  0  0  0  0  0
   -7.4863   -2.6705    7.7821  C  0  0  0  0  0
   -6.1472   -2.3176    7.9358  C  0  0  0  0  0
   -5.2657   -2.5027    6.8824  C  0  0  0  0  0
   -5.7347   -3.0168    5.6721  C  0  0  0  0  0
   -7.0893   -3.3799    5.4771  C  0  0  0  0  0
   -7.5188   -3.7761    4.1127  C  0  0  0  0  0
   -6.8668   -3.1206    3.1156  N  0  0  0  0  0
   -7.1830   -3.3660    1.8234  C  0  0  0  0  0
   -8.1780   -4.2737    1.4921  C  0  0  0  0  0
   -8.8580   -4.9697    2.5008  C  0  0  0  0  0
   -8.5069   -4.7245    3.8434  C  0  0  0  0  0
   -9.1481   -5.4446    4.9914  C  0  0  0  0  0
  1 15  1  0  0  0
  1  2  1  0  0  0
  2  3  1  0  0  0
  3  8  2  0  0  0
  3  4  1  0  0  0
  4  5  2  0  0  0
  5  6  1  0  0  0
  6  7  2  0  0  0
  7  8  1  0  0  0
  8  9  1  0  0  0
  9 14  2  0  0  0
  9 10  1  0  0  0
 10 11  2  0  0  0
 11 12  1  0  0  0
 12 13  2  0  0  0
 13 14  1  0  0  0
 14 15  1  0  0  0
M  END
$$$$
