c12c(OCOC1)cccn2
  -ISIS-

 10 11  0  0  0  0  0  0  0  0  1
    5.3739   -7.6448   -2.5953  C  0  0  0  0  0
    5.3374   -6.2166   -2.1315  C  0  0  0  0  0
    3.9949   -5.7806   -1.9131  O  0  0  0  0  0
    3.3089   -6.7288   -1.1036  C  0  0  0  0  0
    3.1376   -8.0083   -1.7200  O  0  0  0  0  0
    4.2652   -8.4494   -2.3510  C  0  0  0  0  0
    4.2895   -9.7678   -2.7887  C  0  0  0  0  0
    5.4249  -10.2490   -3.4337  C  0  0  0  0  0
    6.4940   -9.3853   -3.6156  C  0  0  0  0  0
    6.4990   -8.0966   -3.2077  N  0  0  0  0  0
  1  6  2  0  0  0
  1 10  1  0  0  0
  1  2  1  0  0  0
  2  3  1  0  0  0
  3  4  1  0  0  0
  4  5  1  0  0  0
  5  6  1  0  0  0
  6  7  1  0  0  0
  7  8  2  0  0  0
  8  9  1  0  0  0
  9 10  2  0  0  0
M  END
$$$$
