c12c(cccc1)CCC3(N2)CCCCC3
  -ISIS-

 15 17  0  0  0  0  0  0  0  0  1
   -0.0910   -4.2470    5.1708  N  0  0  0  0  0
   -1.2306   -4.2927    4.1760  C  0  0  0  0  0
   -0.7307   -4.0115    2.7228  C  0  0  0  0  0
    0.3408   -2.9198    2.6886  C  0  0  0  0  0
    1.5130   -3.4876    3.4569  C  0  0  0  0  0
    1.2514   -4.1677    4.6624  C  0  0  0  0  0
    2.3178   -4.7928    5.3289  C  0  0  0  0  0
    3.6287   -4.6779    4.8647  C  0  0  0  0  0
    3.8917   -3.9453    3.7159  C  0  0  0  0  0
    2.8408   -3.3588    3.0126  C  0  0  0  0  0
   -2.3079   -3.2212    4.5483  C  0  0  0  0  0
   -3.6127   -3.3288    3.7541  C  0  0  0  0  0
   -4.1867   -4.7402    3.7859  C  0  0  0  0  0
   -3.1682   -5.7813    3.3370  C  0  0  0  0  0
   -1.8884   -5.7063    4.1709  C  0  0  0  0  0
  1  6  1  0  0  0
  1  2  1  0  0  0
  2 15  1  0  0  0
  2  3  1  0  0  0
  2 11  1  0  0  0
  3  4  1  0  0  0
  4  5  1  0  0  0
  5 10  2  0  0  0
  5  6  1  0  0  0
  6  7  2  0  0  0
  7  8  1  0  0  0
  8  9  2  0  0  0
  9 10  1  0  0  0
 11 12  1  0  0  0
 12 13  1  0  0  0
 13 14  1  0  0  0
 14 15  1  0  0  0
M  END
$$$$
c12c(cccc1)CCC3(N2)CCCCC3
  -ISIS-

 15 17  0  0  0  0  0  0  0  0  1
   -0.0910   -4.2470    5.1708  N  0  0  0  0  0
   -1.2306   -4.2927    4.1760  C  0  0  0  0  0
   -0.7307   -4.0115    2.7228  C  0  0  0  0  0
    0.3408   -2.9198    2.6886  C  0  0  0  0  0
    1.5130   -3.4876    3.4569  C  0  0  0  0  0
    1.2514   -4.1677    4.6624  C  0  0  0  0  0
    2.3178   -4.7928    5.3289  C  0  0  0  0  0
    3.6287   -4.6779    4.8647  C  0  0  0  0  0
    3.8917   -3.9453    3.7159  C  0  0  0  0  0
    2.8408   -3.3588    3.0126  C  0  0  0  0  0
   -2.3079   -3.2212    4.5483  C  0  0  0  0  0
   -3.6127   -3.3288    3.7541  C  0  0  0  0  0
   -4.1867   -4.7402    3.7859  C  0  0  0  0  0
   -3.1682   -5.7813    3.3370  C  0  0  0  0  0
   -1.8884   -5.7063    4.1709  C  0  0  0  0  0
  1  6  1  0  0  0
  1  2  1  0  0  0
  2 15  1  0  0  0
  2  3  1  0  0  0
  2 11  1  0  0  0
  3  4  1  0  0  0
  4  5  1  0  0  0
  5 10  2  0  0  0
  5  6  1  0  0  0
  6  7  2  0  0  0
  7  8  1  0  0  0
  8  9  2  0  0  0
  9 10  1  0  0  0
 11 12  1  0  0  0
 12 13  1  0  0  0
 13 14  1  0  0  0
 14 15  1  0  0  0
M  END
$$$$
c12c(cccc1)CCC3(N2)CCCCC3
  -ISIS-

 15 17  0  0  0  0  0  0  0  0  1
   -0.5990   -5.6279    5.9373  N  0  0  0  0  0
   -1.3107   -4.3765    6.3610  C  0  0  0  0  0
   -0.3115   -3.5222    7.1892  C  0  0  0  0  0
    1.0105   -3.1941    6.5013  C  0  0  0  0  0
    1.5044   -4.3323    5.6419  C  0  0  0  0  0
    0.7223   -5.4699    5.3654  C  0  0  0  0  0
    1.2516   -6.4270    4.4774  C  0  0  0  0  0
    2.5361   -6.3074    3.9396  C  0  0  0  0  0
    3.3227   -5.2162    4.2680  C  0  0  0  0  0
    2.8083   -4.2346    5.1078  C  0  0  0  0  0
   -2.5004   -4.6910    7.3388  C  0  0  0  0  0
   -3.3521   -3.4678    7.6932  C  0  0  0  0  0
   -3.8561   -2.7523    6.4448  C  0  0  0  0  0
   -2.7255   -2.4142    5.4791  C  0  0  0  0  0
   -1.8991   -3.6500    5.1250  C  0  0  0  0  0
  1  6  1  0  0  0
  1  2  1  0  0  0
  2 15  1  0  0  0
  2  3  1  0  0  0
  2 11  1  0  0  0
  3  4  1  0  0  0
  4  5  1  0  0  0
  5 10  2  0  0  0
  5  6  1  0  0  0
  6  7  2  0  0  0
  7  8  1  0  0  0
  8  9  2  0  0  0
  9 10  1  0  0  0
 11 12  1  0  0  0
 12 13  1  0  0  0
 13 14  1  0  0  0
 14 15  1  0  0  0
M  END
$$$$
c12c(cccc1)CCC3(N2)CCCCC3
  -ISIS-

 15 17  0  0  0  0  0  0  0  0  1
   -0.5990   -5.6279    5.9373  N  0  0  0  0  0
   -1.3107   -4.3765    6.3610  C  0  0  0  0  0
   -0.3115   -3.5222    7.1892  C  0  0  0  0  0
    1.0105   -3.1941    6.5013  C  0  0  0  0  0
    1.5044   -4.3323    5.6419  C  0  0  0  0  0
    0.7223   -5.4699    5.3654  C  0  0  0  0  0
    1.2516   -6.4270    4.4774  C  0  0  0  0  0
    2.5361   -6.3074    3.9396  C  0  0  0  0  0
    3.3227   -5.2162    4.2680  C  0  0  0  0  0
    2.8083   -4.2346    5.1078  C  0  0  0  0  0
   -2.5004   -4.6910    7.3388  C  0  0  0  0  0
   -3.3521   -3.4678    7.6932  C  0  0  0  0  0
   -3.8561   -2.7523    6.4448  C  0  0  0  0  0
   -2.7255   -2.4142    5.4791  C  0  0  0  0  0
   -1.8991   -3.6500    5.1250  C  0  0  0  0  0
  1  6  1  0  0  0
  1  2  1  0  0  0
  2 15  1  0  0  0
  2  3  1  0  0  0
  2 11  1  0  0  0
  3  4  1  0  0  0
  4  5  1  0  0  0
  5 10  2  0  0  0
  5  6  1  0  0  0
  6  7  2  0  0  0
  7  8  1  0  0  0
  8  9  2  0  0  0
  9 10  1  0  0  0
 11 12  1  0  0  0
 12 13  1  0  0  0
 13 14  1  0  0  0
 14 15  1  0  0  0
M  END
$$$$
c12c(cccc1)CCC3(N2)CCCCC3
  -ISIS-

 15 17  0  0  0  0  0  0  0  0  1
   -5.1623    0.9078    5.6103  N  0  0  0  0  0
   -5.6254    1.2770    7.0038  C  0  0  0  0  0
   -7.1779    1.2786    7.0760  C  0  0  0  0  0
   -7.8022    2.1237    5.9701  C  0  0  0  0  0
   -7.3944    1.4974    4.6566  C  0  0  0  0  0
   -6.1340    0.8675    4.5280  C  0  0  0  0  0
   -5.8455    0.1718    3.3203  C  0  0  0  0  0
   -6.7306    0.2589    2.2308  C  0  0  0  0  0
   -7.9166    0.9677    2.3343  C  0  0  0  0  0
   -8.2509    1.5690    3.5406  C  0  0  0  0  0
   -5.1480    0.2268    8.0557  C  0  0  0  0  0
   -5.4620    0.6117    9.5052  C  0  0  0  0  0
   -4.9103    1.9908    9.8515  C  0  0  0  0  0
   -5.3659    3.0637    8.8680  C  0  0  0  0  0
   -5.0624    2.6736    7.4197  C  0  0  0  0  0
  1  6  1  0  0  0
  1  2  1  0  0  0
  2 15  1  0  0  0
  2  3  1  0  0  0
  2 11  1  0  0  0
  3  4  1  0  0  0
  4  5  1  0  0  0
  5 10  2  0  0  0
  5  6  2  0  0  0
  6  7  2  0  0  0
  7  8  1  0  0  0
  8  9  2  0  0  0
  9 10  1  0  0  0
 11 12  1  0  0  0
 12 13  1  0  0  0
 13 14  1  0  0  0
 14 15  1  0  0  0
M  END
$$$$
c12c(cccc1)CCC3(N2)CCCCC3
  -ISIS-

 15 17  0  0  0  0  0  0  0  0  1
   -5.1623    0.9078    5.6103  N  0  0  0  0  0
   -5.6254    1.2770    7.0038  C  0  0  0  0  0
   -7.1779    1.2786    7.0760  C  0  0  0  0  0
   -7.8022    2.1237    5.9701  C  0  0  0  0  0
   -7.3944    1.4974    4.6566  C  0  0  0  0  0
   -6.1340    0.8675    4.5280  C  0  0  0  0  0
   -5.8455    0.1718    3.3203  C  0  0  0  0  0
   -6.7306    0.2589    2.2308  C  0  0  0  0  0
   -7.9166    0.9677    2.3343  C  0  0  0  0  0
   -8.2509    1.5690    3.5406  C  0  0  0  0  0
   -5.1480    0.2268    8.0557  C  0  0  0  0  0
   -5.4620    0.6117    9.5052  C  0  0  0  0  0
   -4.9103    1.9908    9.8515  C  0  0  0  0  0
   -5.3659    3.0637    8.8680  C  0  0  0  0  0
   -5.0624    2.6736    7.4197  C  0  0  0  0  0
  1  6  1  0  0  0
  1  2  1  0  0  0
  2 15  1  0  0  0
  2  3  1  0  0  0
  2 11  1  0  0  0
  3  4  1  0  0  0
  4  5  1  0  0  0
  5 10  2  0  0  0
  5  6  2  0  0  0
  6  7  2  0  0  0
  7  8  1  0  0  0
  8  9  2  0  0  0
  9 10  1  0  0  0
 11 12  1  0  0  0
 12 13  1  0  0  0
 13 14  1  0  0  0
 14 15  1  0  0  0
M  END
$$$$
c12c(cccc1)CCC3(N2)CCCCC3
  -ISIS-

 15 17  0  0  0  0  0  0  0  0  1
   -5.1623    0.9078    5.6103  N  0  0  0  0  0
   -5.6254    1.2770    7.0038  C  0  0  0  0  0
   -7.1779    1.2786    7.0760  C  0  0  0  0  0
   -7.8022    2.1237    5.9701  C  0  0  0  0  0
   -7.3944    1.4974    4.6566  C  0  0  0  0  0
   -6.1340    0.8675    4.5280  C  0  0  0  0  0
   -5.8455    0.1718    3.3203  C  0  0  0  0  0
   -6.7306    0.2589    2.2308  C  0  0  0  0  0
   -7.9166    0.9677    2.3343  C  0  0  0  0  0
   -8.2509    1.5690    3.5406  C  0  0  0  0  0
   -5.1480    0.2268    8.0557  C  0  0  0  0  0
   -5.4620    0.6117    9.5052  C  0  0  0  0  0
   -4.9103    1.9908    9.8515  C  0  0  0  0  0
   -5.3659    3.0637    8.8680  C  0  0  0  0  0
   -5.0624    2.6736    7.4197  C  0  0  0  0  0
  1  6  1  0  0  0
  1  2  1  0  0  0
  2 15  1  0  0  0
  2  3  1  0  0  0
  2 11  1  0  0  0
  3  4  1  0  0  0
  4  5  1  0  0  0
  5 10  2  0  0  0
  5  6  2  0  0  0
  6  7  2  0  0  0
  7  8  1  0  0  0
  8  9  2  0  0  0
  9 10  1  0  0  0
 11 12  1  0  0  0
 12 13  1  0  0  0
 13 14  1  0  0  0
 14 15  1  0  0  0
M  END
$$$$
c12c(cccc1)CCC3(N2)CCCCC3
  -ISIS-

 15 17  0  0  0  0  0  0  0  0  1
   -3.8345    5.1494    0.9262  N  0  0  0  0  0
   -2.9463    5.0320    2.1320  C  0  0  0  0  0
   -3.8071    5.1580    3.4211  C  0  0  0  0  0
   -5.0242    4.2435    3.5000  C  0  0  0  0  0
   -5.7762    4.2409    2.1960  C  0  0  0  0  0
   -5.2072    4.7080    0.9982  C  0  0  0  0  0
   -6.0145    4.6969   -0.1573  C  0  0  0  0  0
   -7.3356    4.2404   -0.1322  C  0  0  0  0  0
   -7.8851    3.7800    1.0533  C  0  0  0  0  0
   -7.1117    3.7827    2.2089  C  0  0  0  0  0
   -2.1199    3.7205    2.0864  C  0  0  0  0  0
   -1.1187    3.5826    3.2338  C  0  0  0  0  0
   -0.1612    4.7697    3.2789  C  0  0  0  0  0
   -0.8940    6.1069    3.3116  C  0  0  0  0  0
   -1.9259    6.2229    2.1850  C  0  0  0  0  0
  1  6  1  0  0  0
  1  2  1  0  0  0
  2 15  1  0  0  0
  2  3  1  0  0  0
  2 11  1  0  0  0
  3  4  1  0  0  0
  4  5  1  0  0  0
  5 10  2  0  0  0
  5  6  2  0  0  0
  6  7  2  0  0  0
  7  8  1  0  0  0
  8  9  2  0  0  0
  9 10  1  0  0  0
 11 12  1  0  0  0
 12 13  1  0  0  0
 13 14  1  0  0  0
 14 15  1  0  0  0
M  END
$$$$
c12c(cccc1)CCC3(N2)CCCCC3
  -ISIS-

 15 17  0  0  0  0  0  0  0  0  1
   -3.8345    5.1494    0.9262  N  0  0  0  0  0
   -2.9463    5.0320    2.1320  C  0  0  0  0  0
   -3.8071    5.1580    3.4211  C  0  0  0  0  0
   -5.0242    4.2435    3.5000  C  0  0  0  0  0
   -5.7762    4.2409    2.1960  C  0  0  0  0  0
   -5.2072    4.7080    0.9982  C  0  0  0  0  0
   -6.0145    4.6969   -0.1573  C  0  0  0  0  0
   -7.3356    4.2404   -0.1322  C  0  0  0  0  0
   -7.8851    3.7800    1.0533  C  0  0  0  0  0
   -7.1117    3.7827    2.2089  C  0  0  0  0  0
   -2.1199    3.7205    2.0864  C  0  0  0  0  0
   -1.1187    3.5826    3.2338  C  0  0  0  0  0
   -0.1612    4.7697    3.2789  C  0  0  0  0  0
   -0.8940    6.1069    3.3116  C  0  0  0  0  0
   -1.9259    6.2229    2.1850  C  0  0  0  0  0
  1  6  1  0  0  0
  1  2  1  0  0  0
  2 15  1  0  0  0
  2  3  1  0  0  0
  2 11  1  0  0  0
  3  4  1  0  0  0
  4  5  1  0  0  0
  5 10  2  0  0  0
  5  6  2  0  0  0
  6  7  2  0  0  0
  7  8  1  0  0  0
  8  9  2  0  0  0
  9 10  1  0  0  0
 11 12  1  0  0  0
 12 13  1  0  0  0
 13 14  1  0  0  0
 14 15  1  0  0  0
M  END
$$$$
c12c(cccc1)CCC3(N2)CCCCC3
  -ISIS-

 15 17  0  0  0  0  0  0  0  0  1
   -0.7880    0.9705    2.7638  N  0  0  0  0  0
   -1.9630    1.2335    1.8486  C  0  0  0  0  0
   -1.8885    2.7452    1.5344  C  0  0  0  0  0
   -1.9752    3.6258    2.7952  C  0  0  0  0  0
   -1.3708    2.9833    4.0346  C  0  0  0  0  0
   -0.8434    1.6726    4.0124  C  0  0  0  0  0
   -0.4301    1.0525    5.2136  C  0  0  0  0  0
   -0.4469    1.7940    6.4056  C  0  0  0  0  0
   -0.9230    3.1004    6.4245  C  0  0  0  0  0
   -1.4043    3.6806    5.2545  C  0  0  0  0  0
   -1.9191    0.4388    0.5070  C  0  0  0  0  0
   -3.1758    0.5690   -0.3575  C  0  0  0  0  0
   -4.4339    0.1952    0.4095  C  0  0  0  0  0
   -4.5423    0.9795    1.7073  C  0  0  0  0  0
   -3.2895    0.8195    2.5666  C  0  0  0  0  0
  1  6  1  0  0  0
  1  2  1  0  0  0
  2 15  1  0  0  0
  2  3  1  0  0  0
  2 11  1  0  0  0
  3  4  1  0  0  0
  4  5  1  0  0  0
  5 10  2  0  0  0
  5  6  1  0  0  0
  6  7  2  0  0  0
  7  8  1  0  0  0
  8  9  2  0  0  0
  9 10  1  0  0  0
 11 12  1  0  0  0
 12 13  1  0  0  0
 13 14  1  0  0  0
 14 15  1  0  0  0
M  END
$$$$
c12c(cccc1)CCC3(N2)CCCCC3
  -ISIS-

 15 17  0  0  0  0  0  0  0  0  1
   -0.7880    0.9705    2.7638  N  0  0  0  0  0
   -1.9630    1.2335    1.8486  C  0  0  0  0  0
   -1.8885    2.7452    1.5344  C  0  0  0  0  0
   -1.9752    3.6258    2.7952  C  0  0  0  0  0
   -1.3708    2.9833    4.0346  C  0  0  0  0  0
   -0.8434    1.6726    4.0124  C  0  0  0  0  0
   -0.4301    1.0525    5.2136  C  0  0  0  0  0
   -0.4469    1.7940    6.4056  C  0  0  0  0  0
   -0.9230    3.1004    6.4245  C  0  0  0  0  0
   -1.4043    3.6806    5.2545  C  0  0  0  0  0
   -1.9191    0.4388    0.5070  C  0  0  0  0  0
   -3.1758    0.5690   -0.3575  C  0  0  0  0  0
   -4.4339    0.1952    0.4095  C  0  0  0  0  0
   -4.5423    0.9795    1.7073  C  0  0  0  0  0
   -3.2895    0.8195    2.5666  C  0  0  0  0  0
  1  6  1  0  0  0
  1  2  1  0  0  0
  2 15  1  0  0  0
  2  3  1  0  0  0
  2 11  1  0  0  0
  3  4  1  0  0  0
  4  5  1  0  0  0
  5 10  2  0  0  0
  5  6  1  0  0  0
  6  7  2  0  0  0
  7  8  1  0  0  0
  8  9  2  0  0  0
  9 10  1  0  0  0
 11 12  1  0  0  0
 12 13  1  0  0  0
 13 14  1  0  0  0
 14 15  1  0  0  0
M  END
$$$$
c12c(cccc1)CCC3(N2)CCCCC3
  -ISIS-

 15 17  0  0  0  0  0  0  0  0  1
   -0.7880    0.9705    2.7638  N  0  0  0  0  0
   -1.9630    1.2335    1.8486  C  0  0  0  0  0
   -1.8885    2.7452    1.5344  C  0  0  0  0  0
   -1.9752    3.6258    2.7952  C  0  0  0  0  0
   -1.3708    2.9833    4.0346  C  0  0  0  0  0
   -0.8434    1.6726    4.0124  C  0  0  0  0  0
   -0.4301    1.0525    5.2136  C  0  0  0  0  0
   -0.4469    1.7940    6.4056  C  0  0  0  0  0
   -0.9230    3.1004    6.4245  C  0  0  0  0  0
   -1.4043    3.6806    5.2545  C  0  0  0  0  0
   -1.9191    0.4388    0.5070  C  0  0  0  0  0
   -3.1758    0.5690   -0.3575  C  0  0  0  0  0
   -4.4339    0.1952    0.4095  C  0  0  0  0  0
   -4.5423    0.9795    1.7073  C  0  0  0  0  0
   -3.2895    0.8195    2.5666  C  0  0  0  0  0
  1  6  1  0  0  0
  1  2  1  0  0  0
  2 15  1  0  0  0
  2  3  1  0  0  0
  2 11  1  0  0  0
  3  4  1  0  0  0
  4  5  1  0  0  0
  5 10  2  0  0  0
  5  6  1  0  0  0
  6  7  2  0  0  0
  7  8  1  0  0  0
  8  9  2  0  0  0
  9 10  1  0  0  0
 11 12  1  0  0  0
 12 13  1  0  0  0
 13 14  1  0  0  0
 14 15  1  0  0  0
M  END
$$$$
