c12c(cccc1)CCCP2
  -ISIS-

 10 11  0  0  0  0  0  0  0  0  1
   -5.9012    1.8587   -0.3881  P  0  0  0  0  0
   -5.2574    1.4134   -2.0229  C  0  0  0  0  0
   -4.8753   -0.0550   -2.0292  C  0  0  0  0  0
   -3.6709   -0.3374   -1.1037  C  0  0  0  0  0
   -3.8573    0.0812    0.3583  C  0  0  0  0  0
   -4.8195    1.0322    0.7651  C  0  0  0  0  0
   -4.9526    1.3660    2.1265  C  0  0  0  0  0
   -4.1159    0.8079    3.0861  C  0  0  0  0  0
   -3.1317   -0.0879    2.6944  C  0  0  0  0  0
   -3.0010   -0.4408    1.3487  C  0  0  0  0  0
  1  6  1  0  0  0
  1  2  1  0  0  0
  2  3  1  0  0  0
  3  4  1  0  0  0
  4  5  1  0  0  0
  5 10  2  0  0  0
  5  6  1  0  0  0
  6  7  2  0  0  0
  7  8  1  0  0  0
  8  9  2  0  0  0
  9 10  1  0  0  0
M  END
$$$$
