c12c(cccc1)CNS23c4c(cccc4)CN3
  -ISIS-

 17 20  0  0  0  0  0  0  0  0  1
   -0.5471   -3.4303    5.7051  N  0  0  0  0  0
   -0.2791   -2.3894    4.4147  S  0  0  0  0  0
    0.6587   -3.4412    3.4629  C  0  0  0  0  0
    1.2458   -3.2021    2.2427  C  0  0  0  0  0
    1.9617   -4.2580    1.6752  C  0  0  0  0  0
    2.0644   -5.5004    2.3339  C  0  0  0  0  0
    1.4518   -5.7093    3.5756  C  0  0  0  0  0
    0.7453   -4.6593    4.1356  C  0  0  0  0  0
    0.0212   -4.6760    5.4455  C  0  0  0  0  0
    0.4634   -0.9581    4.8843  N  0  0  0  0  0
   -0.2880    0.1362    4.4601  C  0  0  0  0  0
   -1.5460   -0.3198    3.7894  C  0  0  0  0  0
   -1.6647   -1.7063    3.7041  C  0  0  0  0  0
   -2.7370   -2.3444    3.1262  C  0  0  0  0  0
   -3.7452   -1.5291    2.6081  C  0  0  0  0  0
   -3.6498   -0.1242    2.6805  C  0  0  0  0  0
   -2.5418    0.4920    3.2748  C  0  0  0  0  0
  1  9  1  0  0  0
  1  2  1  0  0  0
  2 13  1  0  0  0
  2  3  1  0  0  0
  2 10  1  0  0  0
  3  8  2  0  0  0
  3  4  1  0  0  0
  4  5  2  0  0  0
  5  6  1  0  0  0
  6  7  2  0  0  0
  7  8  1  0  0  0
  8  9  1  0  0  0
 10 11  1  0  0  0
 11 12  1  0  0  0
 12 17  2  0  0  0
 12 13  1  0  0  0
 13 14  2  0  0  0
 14 15  1  0  0  0
 15 16  2  0  0  0
 16 17  1  0  0  0
M  END
$$$$
c12c(cccc1)CNS23c4c(cccc4)CN3
  -ISIS-

 17 20  0  0  0  0  0  0  0  0  1
   -0.5471   -3.4303    5.7051  N  0  0  0  0  0
   -0.2791   -2.3894    4.4147  S  0  0  0  0  0
    0.6587   -3.4412    3.4629  C  0  0  0  0  0
    1.2458   -3.2021    2.2427  C  0  0  0  0  0
    1.9617   -4.2580    1.6752  C  0  0  0  0  0
    2.0644   -5.5004    2.3339  C  0  0  0  0  0
    1.4518   -5.7093    3.5756  C  0  0  0  0  0
    0.7453   -4.6593    4.1356  C  0  0  0  0  0
    0.0212   -4.6760    5.4455  C  0  0  0  0  0
    0.4634   -0.9581    4.8843  N  0  0  0  0  0
   -0.2880    0.1362    4.4601  C  0  0  0  0  0
   -1.5460   -0.3198    3.7894  C  0  0  0  0  0
   -1.6647   -1.7063    3.7041  C  0  0  0  0  0
   -2.7370   -2.3444    3.1262  C  0  0  0  0  0
   -3.7452   -1.5291    2.6081  C  0  0  0  0  0
   -3.6498   -0.1242    2.6805  C  0  0  0  0  0
   -2.5418    0.4920    3.2748  C  0  0  0  0  0
  1  9  1  0  0  0
  1  2  1  0  0  0
  2 13  1  0  0  0
  2  3  1  0  0  0
  2 10  1  0  0  0
  3  8  2  0  0  0
  3  4  1  0  0  0
  4  5  2  0  0  0
  5  6  1  0  0  0
  6  7  2  0  0  0
  7  8  1  0  0  0
  8  9  1  0  0  0
 10 11  1  0  0  0
 11 12  1  0  0  0
 12 17  2  0  0  0
 12 13  1  0  0  0
 13 14  2  0  0  0
 14 15  1  0  0  0
 15 16  2  0  0  0
 16 17  1  0  0  0
M  END
$$$$
c12c(cccc1)CNS23c4c(cccc4)CN3
  -ISIS-

 17 20  0  0  0  0  0  0  0  0  1
   -0.5471   -3.4303    5.7051  N  0  0  0  0  0
   -0.2791   -2.3894    4.4147  S  0  0  0  0  0
    0.6587   -3.4412    3.4629  C  0  0  0  0  0
    1.2458   -3.2021    2.2427  C  0  0  0  0  0
    1.9617   -4.2580    1.6752  C  0  0  0  0  0
    2.0644   -5.5004    2.3339  C  0  0  0  0  0
    1.4518   -5.7093    3.5756  C  0  0  0  0  0
    0.7453   -4.6593    4.1356  C  0  0  0  0  0
    0.0212   -4.6760    5.4455  C  0  0  0  0  0
    0.4634   -0.9581    4.8843  N  0  0  0  0  0
   -0.2880    0.1362    4.4601  C  0  0  0  0  0
   -1.5460   -0.3198    3.7894  C  0  0  0  0  0
   -1.6647   -1.7063    3.7041  C  0  0  0  0  0
   -2.7370   -2.3444    3.1262  C  0  0  0  0  0
   -3.7452   -1.5291    2.6081  C  0  0  0  0  0
   -3.6498   -0.1242    2.6805  C  0  0  0  0  0
   -2.5418    0.4920    3.2748  C  0  0  0  0  0
  1  9  1  0  0  0
  1  2  1  0  0  0
  2 13  1  0  0  0
  2  3  1  0  0  0
  2 10  1  0  0  0
  3  8  2  0  0  0
  3  4  1  0  0  0
  4  5  2  0  0  0
  5  6  1  0  0  0
  6  7  2  0  0  0
  7  8  1  0  0  0
  8  9  1  0  0  0
 10 11  1  0  0  0
 11 12  1  0  0  0
 12 17  2  0  0  0
 12 13  1  0  0  0
 13 14  2  0  0  0
 14 15  1  0  0  0
 15 16  2  0  0  0
 16 17  1  0  0  0
M  END
$$$$
c12c(cccc1)CNS23c4c(cccc4)CN3
  -ISIS-

 17 20  0  0  0  0  0  0  0  0  1
   -0.5471   -3.4303    5.7051  N  0  0  0  0  0
   -0.2791   -2.3894    4.4147  S  0  0  0  0  0
    0.6587   -3.4412    3.4629  C  0  0  0  0  0
    1.2458   -3.2021    2.2427  C  0  0  0  0  0
    1.9617   -4.2580    1.6752  C  0  0  0  0  0
    2.0644   -5.5004    2.3339  C  0  0  0  0  0
    1.4518   -5.7093    3.5756  C  0  0  0  0  0
    0.7453   -4.6593    4.1356  C  0  0  0  0  0
    0.0212   -4.6760    5.4455  C  0  0  0  0  0
    0.4634   -0.9581    4.8843  N  0  0  0  0  0
   -0.2880    0.1362    4.4601  C  0  0  0  0  0
   -1.5460   -0.3198    3.7894  C  0  0  0  0  0
   -1.6647   -1.7063    3.7041  C  0  0  0  0  0
   -2.7370   -2.3444    3.1262  C  0  0  0  0  0
   -3.7452   -1.5291    2.6081  C  0  0  0  0  0
   -3.6498   -0.1242    2.6805  C  0  0  0  0  0
   -2.5418    0.4920    3.2748  C  0  0  0  0  0
  1  9  1  0  0  0
  1  2  1  0  0  0
  2 13  1  0  0  0
  2  3  1  0  0  0
  2 10  1  0  0  0
  3  8  2  0  0  0
  3  4  1  0  0  0
  4  5  2  0  0  0
  5  6  1  0  0  0
  6  7  2  0  0  0
  7  8  1  0  0  0
  8  9  1  0  0  0
 10 11  1  0  0  0
 11 12  1  0  0  0
 12 17  2  0  0  0
 12 13  1  0  0  0
 13 14  2  0  0  0
 14 15  1  0  0  0
 15 16  2  0  0  0
 16 17  1  0  0  0
M  END
$$$$
