C12C3C4C3C5C1C2C4CC5
  -ISIS-

 10 14  0  0  0  0  0  0  0  0  1
    2.7354   -1.7446   -1.7058  C  0  0  0  0  0
    3.4108   -1.2628   -3.0359  C  0  0  0  0  0
    3.6897   -2.4610   -3.9810  C  0  0  0  0  0
    4.5988   -3.4528   -3.2052  C  0  0  0  0  0
    3.9512   -4.8181   -3.1244  C  0  0  0  0  0
    3.9716   -3.9125   -1.9097  C  0  0  0  0  0
    2.5728   -3.2849   -1.6747  C  0  0  0  0  0
    1.7603   -3.7277   -2.9136  C  0  0  0  0  0
    2.3835   -3.2583   -4.2029  C  0  0  0  0  0
    2.5543   -4.6973   -3.7606  C  0  0  0  0  0
  1  7  1  0  0  0
  1  2  1  0  0  0
  2  3  1  0  0  0
  3  9  1  0  0  0
  3  4  1  0  0  0
  4  6  1  0  0  0
  4  5  1  0  0  0
  5 10  1  0  0  0
  5  6  1  0  0  0
  6  7  1  0  0  0
  7  8  1  0  0  0
  8 10  1  0  0  0
  8  9  1  0  0  0
  9 10  1  0  0  0
M  END
$$$$
C12C3C4C3C5C1C2C4CC5
  -ISIS-

 10 14  0  0  0  0  0  0  0  0  1
    2.7354   -1.7446   -1.7058  C  0  0  0  0  0
    3.4108   -1.2628   -3.0359  C  0  0  0  0  0
    3.6897   -2.4610   -3.9810  C  0  0  0  0  0
    4.5988   -3.4528   -3.2052  C  0  0  0  0  0
    3.9512   -4.8181   -3.1244  C  0  0  0  0  0
    3.9716   -3.9125   -1.9097  C  0  0  0  0  0
    2.5728   -3.2849   -1.6747  C  0  0  0  0  0
    1.7603   -3.7277   -2.9136  C  0  0  0  0  0
    2.3835   -3.2583   -4.2029  C  0  0  0  0  0
    2.5543   -4.6973   -3.7606  C  0  0  0  0  0
  1  7  1  0  0  0
  1  2  1  0  0  0
  2  3  1  0  0  0
  3  9  1  0  0  0
  3  4  1  0  0  0
  4  6  1  0  0  0
  4  5  1  0  0  0
  5 10  1  0  0  0
  5  6  1  0  0  0
  6  7  1  0  0  0
  7  8  1  0  0  0
  8 10  1  0  0  0
  8  9  1  0  0  0
  9 10  1  0  0  0
M  END
$$$$
