c12c(cccc1)CNCCCNCc3c(cccc3)NCCN2
  -ISIS-

 23 25  0  0  0  0  0  0  0  0  1
    4.0304   -3.9888   -3.5840  C  0  0  0  0  0
    4.5336   -5.4002   -3.9720  C  0  0  0  0  0
    5.3327   -6.0670   -2.8910  N  0  0  0  0  0
    6.5049   -6.6773   -3.4548  C  0  0  0  0  0
    6.4920   -8.0449   -3.8157  C  0  0  0  0  0
    5.2883   -8.9184   -3.5767  C  0  0  0  0  0
    4.6229   -8.5866   -2.2721  N  0  0  0  0  0
    3.2375   -9.0886   -2.1026  C  0  0  0  0  0
    2.5466   -8.4207   -0.9047  C  0  0  0  0  0
    2.2638   -6.9434   -1.1610  C  0  0  0  0  0
    1.6212   -6.2962    0.0176  N  0  0  0  0  0
    1.5350   -4.7942   -0.1109  C  0  0  0  0  0
    2.8785   -4.1200    0.0284  C  0  0  0  0  0
    3.6760   -3.7807   -1.0954  C  0  0  0  0  0
    3.1456   -3.9861   -2.3887  N  0  0  0  0  0
    4.9003   -3.1387   -0.8597  C  0  0  0  0  0
    5.3626   -2.9037    0.4385  C  0  0  0  0  0
    4.5966   -3.2775    1.5332  C  0  0  0  0  0
    3.3583   -3.8769    1.3321  C  0  0  0  0  0
    7.6242   -8.5958   -4.4367  C  0  0  0  0  0
    8.7513   -7.8111   -4.6809  C  0  0  0  0  0
    8.7597   -6.4667   -4.3201  C  0  0  0  0  0
    7.6398   -5.8973   -3.7161  C  0  0  0  0  0
  1 15  1  0  0  0
  1  2  1  0  0  0
  2  3  1  0  0  0
  3  4  1  0  0  0
  4 23  2  0  0  0
  4  5  1  0  0  0
  5  6  1  0  0  0
  5 20  2  0  0  0
  6  7  1  0  0  0
  7  8  1  0  0  0
  8  9  1  0  0  0
  9 10  1  0  0  0
 10 11  1  0  0  0
 11 12  1  0  0  0
 12 13  1  0  0  0
 13 19  2  0  0  0
 13 14  1  0  0  0
 14 15  1  0  0  0
 14 16  2  0  0  0
 16 17  1  0  0  0
 17 18  2  0  0  0
 18 19  1  0  0  0
 20 21  1  0  0  0
 21 22  2  0  0  0
 22 23  1  0  0  0
M  END
$$$$
