c12c(OCO1)cc3c(C=CN3)c2
  -ISIS-

 12 14  0  0  0  0  0  0  0  0  1
   -7.9586    2.3019    5.4721  C  0  0  0  0  0
   -8.1828    3.1631    4.3376  O  0  0  0  0  0
   -7.4029    2.5588    3.3981  C  0  0  0  0  0
   -7.2542    2.9950    2.0946  C  0  0  0  0  0
   -6.3990    2.2183    1.2977  C  0  0  0  0  0
   -5.7337    1.0777    1.7719  C  0  0  0  0  0
   -5.9181    0.6726    3.1114  C  0  0  0  0  0
   -6.7633    1.4458    3.8872  C  0  0  0  0  0
   -7.0597    1.2095    5.1955  O  0  0  0  0  0
   -4.9678    0.5639    0.6882  C  0  0  0  0  0
   -5.1749    1.3801   -0.3999  C  0  0  0  0  0
   -6.0384    2.3737   -0.0229  N  0  0  0  0  0
  1  9  1  0  0  0
  1  2  1  0  0  0
  2  3  1  0  0  0
  3  8  2  0  0  0
  3  4  1  0  0  0
  4  5  2  0  0  0
  5 12  1  0  0  0
  5  6  1  0  0  0
  6  7  2  0  0  0
  6 10  1  0  0  0
  7  8  1  0  0  0
  8  9  1  0  0  0
 10 11  2  0  0  0
 11 12  1  0  0  0
M  END
$$$$
