C12C3C1CCCC2NC3
  -ISIS-

  9 11  0  0  0  0  0  0  0  0  1
    4.5136   -1.0927    2.4446  C  0  0  0  0  0
    4.3828   -0.6733    1.1431  N  0  0  0  0  0
    3.5359   -1.5321    0.3416  C  0  0  0  0  0
    2.1321   -0.9384    0.1856  C  0  0  0  0  0
    1.4512   -0.7080    1.5414  C  0  0  0  0  0
    1.3604   -1.9738    2.3948  C  0  0  0  0  0
    2.5466   -2.8886    2.3300  C  0  0  0  0  0
    3.4687   -2.8005    1.1498  C  0  0  0  0  0
    3.9894   -2.4740    2.5361  C  0  0  0  0  0
  1  9  1  0  0  0
  1  2  1  0  0  0
  2  3  1  0  0  0
  3  8  1  0  0  0
  3  4  1  0  0  0
  4  5  1  0  0  0
  5  6  1  0  0  0
  6  7  1  0  0  0
  7  9  1  0  0  0
  7  8  1  0  0  0
  8  9  1  0  0  0
M  END
$$$$
