c12c(c[c]3[c](n1)onc3)CCCCC2
  -ISIS-

 14 16  0  0  0  0  0  0  0  0  1
    5.4233   -2.1198   -0.6447  C  0  0  0  0  0
    5.2394   -3.3004    0.0951  C  0  0  0  0  0
    4.7653   -3.0719    1.3247  N  0  0  0  0  0
    4.6335   -1.6857    1.4011  O  0  0  0  0  0
    5.0259   -1.1225    0.2209  C  0  0  0  0  0
    5.0097    0.1994   -0.0262  N  0  0  0  0  0
    5.4341    0.5466   -1.2727  C  0  0  0  0  0
    5.3872    2.0423   -1.4992  C  0  0  0  0  0
    4.9545    2.4788   -2.8942  C  0  0  0  0  0
    6.1051    2.5006   -3.8957  C  0  0  0  0  0
    7.0682    1.3224   -3.7883  C  0  0  0  0  0
    6.3635   -0.0209   -3.6327  C  0  0  0  0  0
    5.8923   -0.3720   -2.2386  C  0  0  0  0  0
    5.8661   -1.7441   -1.9163  C  0  0  0  0  0
  1  5  2  0  0  0
  1 14  1  0  0  0
  1  2  1  0  0  0
  2  3  2  0  0  0
  3  4  1  0  0  0
  4  5  1  0  0  0
  5  6  1  0  0  0
  6  7  2  0  0  0
  7 13  1  0  0  0
  7  8  1  0  0  0
  8  9  1  0  0  0
  9 10  1  0  0  0
 10 11  1  0  0  0
 11 12  1  0  0  0
 12 13  1  0  0  0
 13 14  2  0  0  0
M  END
$$$$
