c12c([c]3[c](cc1)cccc3)CNC=N2
  -ISIS-

 14 16  0  0  0  0  0  0  0  0  1
    2.0162   -3.2527    2.1991  C  0  0  0  0  0
    3.3188   -3.1300    1.7064  N  0  0  0  0  0
    4.4134   -3.1929    2.5422  C  0  0  0  0  0
    4.3137   -3.4277    3.8112  N  0  0  0  0  0
    3.0544   -3.6308    4.3739  C  0  0  0  0  0
    3.0188   -3.9078    5.7385  C  0  0  0  0  0
    1.8098   -4.1267    6.3885  C  0  0  0  0  0
    0.6006   -4.0770    5.6870  C  0  0  0  0  0
    0.5970   -3.7971    4.2941  C  0  0  0  0  0
    1.8609   -3.5683    3.6489  C  0  0  0  0  0
   -0.6779   -3.7761    3.6720  C  0  0  0  0  0
   -1.8630   -4.0109    4.3792  C  0  0  0  0  0
   -1.8327   -4.2779    5.7403  C  0  0  0  0  0
   -0.6005   -4.3101    6.3869  C  0  0  0  0  0
  1 10  1  0  0  0
  1  2  1  0  0  0
  2  3  1  0  0  0
  3  4  2  0  0  0
  4  5  1  0  0  0
  5 10  2  0  0  0
  5  6  1  0  0  0
  6  7  2  0  0  0
  7  8  1  0  0  0
  8 14  1  0  0  0
  8  9  2  0  0  0
  9 10  1  0  0  0
  9 11  1  0  0  0
 11 12  2  0  0  0
 12 13  1  0  0  0
 13 14  2  0  0  0
M  END
$$$$
