c12c3c(n[c]4[c](c3)cccc4)Cc1n[c]5[c](n2)cccc5
  -ISIS-

 21 25  0  0  0  0  0  0  0  0  1
    1.1513    2.3794    3.7170  C  0  0  0  0  0
   -0.0354    2.0507    2.8274  C  0  0  0  0  0
   -0.1272    2.9885    1.7998  C  0  0  0  0  0
    0.8912    3.9876    1.9590  C  0  0  0  0  0
    1.6467    3.6789    3.0949  C  0  0  0  0  0
    2.6248    4.4540    3.5945  N  0  0  0  0  0
    2.9188    5.5701    2.8981  C  0  0  0  0  0
    2.2232    5.9498    1.7156  C  0  0  0  0  0
    1.1802    5.1335    1.2508  C  0  0  0  0  0
    2.5796    7.1271    1.0384  C  0  0  0  0  0
    3.6153    7.9285    1.5152  C  0  0  0  0  0
    4.2982    7.5597    2.6692  C  0  0  0  0  0
    3.9442    6.3891    3.3463  C  0  0  0  0  0
   -1.0958    2.9918    0.8760  N  0  0  0  0  0
   -1.9917    1.9877    1.0060  C  0  0  0  0  0
   -1.9156    1.0306    2.0695  C  0  0  0  0  0
   -0.9393    1.0725    3.0040  N  0  0  0  0  0
   -2.8763    0.0316    2.1434  C  0  0  0  0  0
   -3.9071   -0.0571    1.2065  C  0  0  0  0  0
   -3.9819    0.8708    0.1753  C  0  0  0  0  0
   -3.0253    1.8835    0.0850  C  0  0  0  0  0
  1  5  1  0  0  0
  1  2  1  0  0  0
  2 17  2  0  0  0
  2  3  1  0  0  0
  3  4  1  0  0  0
  3 14  2  0  0  0
  4  9  2  0  0  0
  4  5  1  0  0  0
  5  6  2  0  0  0
  6  7  1  0  0  0
  7 13  1  0  0  0
  7  8  2  0  0  0
  8  9  1  0  0  0
  8 10  1  0  0  0
 10 11  2  0  0  0
 11 12  1  0  0  0
 12 13  2  0  0  0
 14 15  1  0  0  0
 15 21  1  0  0  0
 15 16  2  0  0  0
 16 17  1  0  0  0
 16 18  1  0  0  0
 18 19  2  0  0  0
 19 20  1  0  0  0
 20 21  2  0  0  0
M  END
$$$$
