c12c3c(SCc1cnn2)cccc3
  -ISIS-

 13 15  0  0  0  0  0  0  0  0  1
    3.2801   -5.2780   -2.8616  C  0  0  0  0  0
    2.1607   -5.8039   -2.3282  N  0  0  0  0  0
    2.0538   -7.0329   -2.8911  N  0  0  0  0  0
    3.2559   -7.4166   -3.4722  C  0  0  0  0  0
    3.9667   -6.2393   -3.6471  C  0  0  0  0  0
    5.2389   -6.1044   -4.3994  C  0  0  0  0  0
    5.3750   -7.3810   -5.7320  S  0  0  0  0  0
    4.7225   -8.8272   -4.8827  C  0  0  0  0  0
    3.7530   -8.7381   -3.8614  C  0  0  0  0  0
    3.3782   -9.9062   -3.1812  C  0  0  0  0  0
    3.8842  -11.1501   -3.5655  C  0  0  0  0  0
    4.7909  -11.2392   -4.6179  C  0  0  0  0  0
    5.2141  -10.0812   -5.2705  C  0  0  0  0  0
  1  5  1  0  0  0
  1  2  2  0  0  0
  2  3  1  0  0  0
  3  4  1  0  0  0
  4  9  1  0  0  0
  4  5  2  0  0  0
  5  6  1  0  0  0
  6  7  1  0  0  0
  7  8  1  0  0  0
  8 13  2  0  0  0
  8  9  1  0  0  0
  9 10  2  0  0  0
 10 11  1  0  0  0
 11 12  2  0  0  0
 12 13  1  0  0  0
M  END
$$$$
c12c3c(SCc1cnn2)cccc3
  -ISIS-

 13 15  0  0  0  0  0  0  0  0  1
    3.2801   -5.2780   -2.8616  C  0  0  0  0  0
    2.1607   -5.8039   -2.3282  N  0  0  0  0  0
    2.0538   -7.0329   -2.8911  N  0  0  0  0  0
    3.2559   -7.4166   -3.4722  C  0  0  0  0  0
    3.9667   -6.2393   -3.6471  C  0  0  0  0  0
    5.2389   -6.1044   -4.3994  C  0  0  0  0  0
    5.3750   -7.3810   -5.7320  S  0  0  0  0  0
    4.7225   -8.8272   -4.8827  C  0  0  0  0  0
    3.7530   -8.7381   -3.8614  C  0  0  0  0  0
    3.3782   -9.9062   -3.1812  C  0  0  0  0  0
    3.8842  -11.1501   -3.5655  C  0  0  0  0  0
    4.7909  -11.2392   -4.6179  C  0  0  0  0  0
    5.2141  -10.0812   -5.2705  C  0  0  0  0  0
  1  5  1  0  0  0
  1  2  2  0  0  0
  2  3  1  0  0  0
  3  4  1  0  0  0
  4  9  1  0  0  0
  4  5  2  0  0  0
  5  6  1  0  0  0
  6  7  1  0  0  0
  7  8  1  0  0  0
  8 13  2  0  0  0
  8  9  1  0  0  0
  9 10  2  0  0  0
 10 11  1  0  0  0
 11 12  2  0  0  0
 12 13  1  0  0  0
M  END
$$$$
c12c3c(SCc1cnn2)cccc3
  -ISIS-

 13 15  0  0  0  0  0  0  0  0  1
    3.3839   -3.3095   -3.0712  C  0  0  0  0  0
    3.1085   -3.4847   -1.7658  N  0  0  0  0  0
    3.7701   -2.4868   -1.1323  N  0  0  0  0  0
    4.7394   -1.9331   -1.9658  C  0  0  0  0  0
    4.3586   -2.2966   -3.2476  C  0  0  0  0  0
    4.9683   -1.7822   -4.4993  C  0  0  0  0  0
    5.7576   -0.1884   -4.2305  S  0  0  0  0  0
    6.4935   -0.3006   -2.6102  C  0  0  0  0  0
    5.9336   -1.1505   -1.6444  C  0  0  0  0  0
    6.6256   -1.3046   -0.4350  C  0  0  0  0  0
    7.7912   -0.5748   -0.1747  C  0  0  0  0  0
    8.3036    0.2983   -1.1322  C  0  0  0  0  0
    7.6627    0.4295   -2.3609  C  0  0  0  0  0
  1  5  1  0  0  0
  1  2  2  0  0  0
  2  3  1  0  0  0
  3  4  1  0  0  0
  4  9  1  0  0  0
  4  5  2  0  0  0
  5  6  1  0  0  0
  6  7  1  0  0  0
  7  8  1  0  0  0
  8 13  2  0  0  0
  8  9  2  0  0  0
  9 10  2  0  0  0
 10 11  1  0  0  0
 11 12  2  0  0  0
 12 13  1  0  0  0
M  END
$$$$
c12c3c(SCc1cnn2)cccc3
  -ISIS-

 13 15  0  0  0  0  0  0  0  0  1
    3.3839   -3.3095   -3.0712  C  0  0  0  0  0
    3.1085   -3.4847   -1.7658  N  0  0  0  0  0
    3.7701   -2.4868   -1.1323  N  0  0  0  0  0
    4.7394   -1.9331   -1.9658  C  0  0  0  0  0
    4.3586   -2.2966   -3.2476  C  0  0  0  0  0
    4.9683   -1.7822   -4.4993  C  0  0  0  0  0
    5.7576   -0.1884   -4.2305  S  0  0  0  0  0
    6.4935   -0.3006   -2.6102  C  0  0  0  0  0
    5.9336   -1.1505   -1.6444  C  0  0  0  0  0
    6.6256   -1.3046   -0.4350  C  0  0  0  0  0
    7.7912   -0.5748   -0.1747  C  0  0  0  0  0
    8.3036    0.2983   -1.1322  C  0  0  0  0  0
    7.6627    0.4295   -2.3609  C  0  0  0  0  0
  1  5  1  0  0  0
  1  2  2  0  0  0
  2  3  1  0  0  0
  3  4  1  0  0  0
  4  9  1  0  0  0
  4  5  2  0  0  0
  5  6  1  0  0  0
  6  7  1  0  0  0
  7  8  1  0  0  0
  8 13  2  0  0  0
  8  9  2  0  0  0
  9 10  2  0  0  0
 10 11  1  0  0  0
 11 12  2  0  0  0
 12 13  1  0  0  0
M  END
$$$$
c12c3c(SCc1cnn2)cccc3
  -ISIS-

 13 15  0  0  0  0  0  0  0  0  1
    3.3839   -3.3095   -3.0712  C  0  0  0  0  0
    3.1085   -3.4847   -1.7658  N  0  0  0  0  0
    3.7701   -2.4868   -1.1323  N  0  0  0  0  0
    4.7394   -1.9331   -1.9658  C  0  0  0  0  0
    4.3586   -2.2966   -3.2476  C  0  0  0  0  0
    4.9683   -1.7822   -4.4993  C  0  0  0  0  0
    5.7576   -0.1884   -4.2305  S  0  0  0  0  0
    6.4935   -0.3006   -2.6102  C  0  0  0  0  0
    5.9336   -1.1505   -1.6444  C  0  0  0  0  0
    6.6256   -1.3046   -0.4350  C  0  0  0  0  0
    7.7912   -0.5748   -0.1747  C  0  0  0  0  0
    8.3036    0.2983   -1.1322  C  0  0  0  0  0
    7.6627    0.4295   -2.3609  C  0  0  0  0  0
  1  5  1  0  0  0
  1  2  2  0  0  0
  2  3  1  0  0  0
  3  4  1  0  0  0
  4  9  1  0  0  0
  4  5  2  0  0  0
  5  6  1  0  0  0
  6  7  1  0  0  0
  7  8  1  0  0  0
  8 13  2  0  0  0
  8  9  2  0  0  0
  9 10  2  0  0  0
 10 11  1  0  0  0
 11 12  2  0  0  0
 12 13  1  0  0  0
M  END
$$$$
c12c3c(SCc1cnn2)cccc3
  -ISIS-

 13 15  0  0  0  0  0  0  0  0  1
    7.2686   -4.0357   -4.8257  C  0  0  0  0  0
    7.2900   -3.8510   -3.4937  N  0  0  0  0  0
    6.7250   -4.9835   -2.9719  N  0  0  0  0  0
    6.6657   -5.9832   -3.9335  C  0  0  0  0  0
    6.8555   -5.3458   -5.1507  C  0  0  0  0  0
    6.7143   -6.0035   -6.4750  C  0  0  0  0  0
    5.4040   -7.2854   -6.4337  S  0  0  0  0  0
    5.8276   -8.1116   -4.8880  C  0  0  0  0  0
    6.4142   -7.4228   -3.8010  C  0  0  0  0  0
    6.8173   -8.1537   -2.6751  C  0  0  0  0  0
    6.5641   -9.5247   -2.5911  C  0  0  0  0  0
    5.9279  -10.1852   -3.6393  C  0  0  0  0  0
    5.5654   -9.4831   -4.7884  C  0  0  0  0  0
  1  5  1  0  0  0
  1  2  2  0  0  0
  2  3  1  0  0  0
  3  4  1  0  0  0
  4  9  1  0  0  0
  4  5  2  0  0  0
  5  6  1  0  0  0
  6  7  1  0  0  0
  7  8  1  0  0  0
  8 13  2  0  0  0
  8  9  1  0  0  0
  9 10  2  0  0  0
 10 11  1  0  0  0
 11 12  2  0  0  0
 12 13  1  0  0  0
M  END
$$$$
c12c3c(SCc1cnn2)cccc3
  -ISIS-

 13 15  0  0  0  0  0  0  0  0  1
    7.2686   -4.0357   -4.8257  C  0  0  0  0  0
    7.2900   -3.8510   -3.4937  N  0  0  0  0  0
    6.7250   -4.9835   -2.9719  N  0  0  0  0  0
    6.6657   -5.9832   -3.9335  C  0  0  0  0  0
    6.8555   -5.3458   -5.1507  C  0  0  0  0  0
    6.7143   -6.0035   -6.4750  C  0  0  0  0  0
    5.4040   -7.2854   -6.4337  S  0  0  0  0  0
    5.8276   -8.1116   -4.8880  C  0  0  0  0  0
    6.4142   -7.4228   -3.8010  C  0  0  0  0  0
    6.8173   -8.1537   -2.6751  C  0  0  0  0  0
    6.5641   -9.5247   -2.5911  C  0  0  0  0  0
    5.9279  -10.1852   -3.6393  C  0  0  0  0  0
    5.5654   -9.4831   -4.7884  C  0  0  0  0  0
  1  5  1  0  0  0
  1  2  2  0  0  0
  2  3  1  0  0  0
  3  4  1  0  0  0
  4  9  1  0  0  0
  4  5  2  0  0  0
  5  6  1  0  0  0
  6  7  1  0  0  0
  7  8  1  0  0  0
  8 13  2  0  0  0
  8  9  1  0  0  0
  9 10  2  0  0  0
 10 11  1  0  0  0
 11 12  2  0  0  0
 12 13  1  0  0  0
M  END
$$$$
