c12C3(OCCc1cccc2)CCNCC3
  -ISIS-

 15 17  0  0  0  0  0  0  0  0  1
   -3.5842    4.8123   -6.8886  C  0  0  0  0  0
   -2.4791    5.6283   -6.6961  C  0  0  0  0  0
   -2.0188    5.9053   -5.4143  C  0  0  0  0  0
   -2.6480    5.3330   -4.2928  C  0  0  0  0  0
   -3.7389    4.4605   -4.5066  C  0  0  0  0  0
   -4.2101    4.2145   -5.8060  C  0  0  0  0  0
   -4.4332    3.8173   -3.3326  C  0  0  0  0  0
   -3.4567    3.7066   -2.1711  C  0  0  0  0  0
   -2.9732    5.0224   -1.8623  O  0  0  0  0  0
   -2.1613    5.6377   -2.8758  C  0  0  0  0  0
   -2.2655    7.1493   -2.5896  C  0  0  0  0  0
   -1.7901    7.4833   -1.1829  C  0  0  0  0  0
   -0.3654    7.0102   -1.0019  N  0  0  0  0  0
   -0.2272    5.5268   -1.2499  C  0  0  0  0  0
   -0.7045    5.1885   -2.6565  C  0  0  0  0  0
  1  6  2  0  0  0
  1  2  1  0  0  0
  2  3  2  0  0  0
  3  4  1  0  0  0
  4 10  1  0  0  0
  4  5  2  0  0  0
  5  6  1  0  0  0
  5  7  1  0  0  0
  7  8  1  0  0  0
  8  9  1  0  0  0
  9 10  1  0  0  0
 10 15  1  0  0  0
 10 11  1  0  0  0
 11 12  1  0  0  0
 12 13  1  0  0  0
 13 14  1  0  0  0
 14 15  1  0  0  0
M  END
$$$$
