c12c(cccc1)CCCC3C2OCN3
  -ISIS-

 14 16  0  0  0  0  0  0  0  0  1
    3.9823   -0.2106    3.4126  O  0  0  0  0  0
    4.6734    0.9350    3.6585  C  0  0  0  0  0
    3.8937    2.0440    3.4766  N  0  0  0  0  0
    2.7119    1.6344    2.7777  C  0  0  0  0  0
    1.4864    2.4680    3.1211  C  0  0  0  0  0
    0.2459    2.0802    2.3117  C  0  0  0  0  0
   -0.2504    0.6525    2.5584  C  0  0  0  0  0
    0.5479   -0.4126    1.8362  C  0  0  0  0  0
    1.9036   -0.6656    2.1430  C  0  0  0  0  0
    2.6066    0.1665    3.1908  C  0  0  0  0  0
    2.5794   -1.6914    1.4609  C  0  0  0  0  0
    1.9329   -2.4488    0.4848  C  0  0  0  0  0
    0.6010   -2.1950    0.1783  C  0  0  0  0  0
   -0.0878   -1.1864    0.8506  C  0  0  0  0  0
  1 10  1  0  0  0
  1  2  1  0  0  0
  2  3  1  0  0  0
  3  4  1  0  0  0
  4 10  1  0  0  0
  4  5  1  0  0  0
  5  6  1  0  0  0
  6  7  1  0  0  0
  7  8  1  0  0  0
  8 14  2  0  0  0
  8  9  1  0  0  0
  9 10  1  0  0  0
  9 11  2  0  0  0
 11 12  1  0  0  0
 12 13  2  0  0  0
 13 14  1  0  0  0
M  END
$$$$
