c12c(cc3c(C=CCN3)c1)NCC=C2
  -ISIS-

 14 16  0  0  0  0  0  0  0  0  1
   -1.2879   -1.7943    0.7687  C  0  0  0  0  0
   -1.9086   -0.8172   -0.0552  C  0  0  0  0  0
   -2.7196    0.1508    0.5651  C  0  0  0  0  0
   -2.9531    0.0635    1.9489  C  0  0  0  0  0
   -2.4345   -0.9760    2.7411  C  0  0  0  0  0
   -1.6210   -1.9543    2.1407  C  0  0  0  0  0
   -1.1733   -3.0627    2.9460  N  0  0  0  0  0
   -1.4148   -3.1282    4.3101  C  0  0  0  0  0
   -2.2100   -2.0400    4.9080  C  0  0  0  0  0
   -2.7169   -1.0293    4.1914  C  0  0  0  0  0
   -3.2957    1.2585   -0.2267  C  0  0  0  0  0
   -3.0551    1.3005   -1.5428  C  0  0  0  0  0
   -2.2742    0.2685   -2.2494  C  0  0  0  0  0
   -1.7541   -0.7669   -1.4874  N  0  0  0  0  0
  1  6  2  0  0  0
  1  2  1  0  0  0
  2 14  1  0  0  0
  2  3  2  0  0  0
  3  4  1  0  0  0
  3 11  1  0  0  0
  4  5  2  0  0  0
  5 10  1  0  0  0
  5  6  2  0  0  0
  6  7  1  0  0  0
  7  8  1  0  0  0
  8  9  1  0  0  0
  9 10  2  0  0  0
 11 12  2  0  0  0
 12 13  1  0  0  0
 13 14  1  0  0  0
M  END
$$$$
