c12c(cc3c(c1)NCC3)CCN2
  -ISIS-

 12 14  0  0  0  0  0  0  0  0  1
    4.9895    2.1058    1.1944  C  0  0  0  0  0
    3.6517    1.5126    1.1130  C  0  0  0  0  0
    3.6901    0.5826   -0.1321  C  0  0  0  0  0
    4.9691    0.7042   -0.6419  N  0  0  0  0  0
    5.7340    1.5848    0.1178  C  0  0  0  0  0
    7.0536    1.9394   -0.1059  C  0  0  0  0  0
    7.5792    2.8396    0.8054  C  0  0  0  0  0
    8.8710    3.3579    0.8119  N  0  0  0  0  0
    9.0556    4.2315    1.8672  C  0  0  0  0  0
    7.6959    4.2623    2.6203  C  0  0  0  0  0
    6.8210    3.3512    1.8769  C  0  0  0  0  0
    5.5034    3.0046    2.1100  C  0  0  0  0  0
  1  5  2  0  0  0
  1 12  1  0  0  0
  1  2  1  0  0  0
  2  3  1  0  0  0
  3  4  1  0  0  0
  4  5  1  0  0  0
  5  6  1  0  0  0
  6  7  2  0  0  0
  7 11  1  0  0  0
  7  8  1  0  0  0
  8  9  1  0  0  0
  9 10  1  0  0  0
 10 11  1  0  0  0
 11 12  2  0  0  0
M  END
$$$$
c12c(cc3c(c1)NCC3)CCN2
  -ISIS-

 12 14  0  0  0  0  0  0  0  0  1
    4.9895    2.1058    1.1944  C  0  0  0  0  0
    3.6517    1.5126    1.1130  C  0  0  0  0  0
    3.6901    0.5826   -0.1321  C  0  0  0  0  0
    4.9691    0.7042   -0.6419  N  0  0  0  0  0
    5.7340    1.5848    0.1178  C  0  0  0  0  0
    7.0536    1.9394   -0.1059  C  0  0  0  0  0
    7.5792    2.8396    0.8054  C  0  0  0  0  0
    8.8710    3.3579    0.8119  N  0  0  0  0  0
    9.0556    4.2315    1.8672  C  0  0  0  0  0
    7.6959    4.2623    2.6203  C  0  0  0  0  0
    6.8210    3.3512    1.8769  C  0  0  0  0  0
    5.5034    3.0046    2.1100  C  0  0  0  0  0
  1  5  2  0  0  0
  1 12  1  0  0  0
  1  2  1  0  0  0
  2  3  1  0  0  0
  3  4  1  0  0  0
  4  5  1  0  0  0
  5  6  1  0  0  0
  6  7  2  0  0  0
  7 11  1  0  0  0
  7  8  1  0  0  0
  8  9  1  0  0  0
  9 10  1  0  0  0
 10 11  1  0  0  0
 11 12  2  0  0  0
M  END
$$$$
c12c(cc3c(c1)NCC3)CCN2
  -ISIS-

 12 14  0  0  0  0  0  0  0  0  1
    4.9895    2.1058    1.1944  C  0  0  0  0  0
    3.6517    1.5126    1.1130  C  0  0  0  0  0
    3.6901    0.5826   -0.1321  C  0  0  0  0  0
    4.9691    0.7042   -0.6419  N  0  0  0  0  0
    5.7340    1.5848    0.1178  C  0  0  0  0  0
    7.0536    1.9394   -0.1059  C  0  0  0  0  0
    7.5792    2.8396    0.8054  C  0  0  0  0  0
    8.8710    3.3579    0.8119  N  0  0  0  0  0
    9.0556    4.2315    1.8672  C  0  0  0  0  0
    7.6959    4.2623    2.6203  C  0  0  0  0  0
    6.8210    3.3512    1.8769  C  0  0  0  0  0
    5.5034    3.0046    2.1100  C  0  0  0  0  0
  1  5  2  0  0  0
  1 12  1  0  0  0
  1  2  1  0  0  0
  2  3  1  0  0  0
  3  4  1  0  0  0
  4  5  1  0  0  0
  5  6  1  0  0  0
  6  7  2  0  0  0
  7 11  1  0  0  0
  7  8  1  0  0  0
  8  9  1  0  0  0
  9 10  1  0  0  0
 10 11  1  0  0  0
 11 12  2  0  0  0
M  END
$$$$
c12c(cc3c(c1)NCC3)CCN2
  -ISIS-

 12 14  0  0  0  0  0  0  0  0  1
    4.9895    2.1058    1.1944  C  0  0  0  0  0
    3.6517    1.5126    1.1130  C  0  0  0  0  0
    3.6901    0.5826   -0.1321  C  0  0  0  0  0
    4.9691    0.7042   -0.6419  N  0  0  0  0  0
    5.7340    1.5848    0.1178  C  0  0  0  0  0
    7.0536    1.9394   -0.1059  C  0  0  0  0  0
    7.5792    2.8396    0.8054  C  0  0  0  0  0
    8.8710    3.3579    0.8119  N  0  0  0  0  0
    9.0556    4.2315    1.8672  C  0  0  0  0  0
    7.6959    4.2623    2.6203  C  0  0  0  0  0
    6.8210    3.3512    1.8769  C  0  0  0  0  0
    5.5034    3.0046    2.1100  C  0  0  0  0  0
  1  5  2  0  0  0
  1 12  1  0  0  0
  1  2  1  0  0  0
  2  3  1  0  0  0
  3  4  1  0  0  0
  4  5  1  0  0  0
  5  6  1  0  0  0
  6  7  2  0  0  0
  7 11  1  0  0  0
  7  8  1  0  0  0
  8  9  1  0  0  0
  9 10  1  0  0  0
 10 11  1  0  0  0
 11 12  2  0  0  0
M  END
$$$$
c12c(cc3c(c1)NCC3)CCN2
  -ISIS-

 12 14  0  0  0  0  0  0  0  0  1
   -5.9835   -2.4325    6.4176  C  0  0  0  0  0
   -6.2056   -1.4061    5.3954  C  0  0  0  0  0
   -4.8272   -0.7133    5.2031  C  0  0  0  0  0
   -3.9688   -1.3550    6.0760  N  0  0  0  0  0
   -4.6262   -2.3547    6.7872  C  0  0  0  0  0
   -4.0727   -3.1915    7.7412  C  0  0  0  0  0
   -4.9522   -4.1038    8.2990  C  0  0  0  0  0
   -4.6585   -5.0537    9.2730  N  0  0  0  0  0
   -5.7758   -5.7992    9.5994  C  0  0  0  0  0
   -6.9205   -5.2391    8.7093  C  0  0  0  0  0
   -6.3072   -4.1686    7.9183  C  0  0  0  0  0
   -6.8705   -3.3387    6.9674  C  0  0  0  0  0
  1  5  2  0  0  0
  1 12  1  0  0  0
  1  2  1  0  0  0
  2  3  1  0  0  0
  3  4  1  0  0  0
  4  5  1  0  0  0
  5  6  1  0  0  0
  6  7  2  0  0  0
  7 11  1  0  0  0
  7  8  1  0  0  0
  8  9  1  0  0  0
  9 10  1  0  0  0
 10 11  1  0  0  0
 11 12  2  0  0  0
M  END
$$$$
c12c(cc3c(c1)NCC3)CCN2
  -ISIS-

 12 14  0  0  0  0  0  0  0  0  1
   -5.9835   -2.4325    6.4176  C  0  0  0  0  0
   -6.2056   -1.4061    5.3954  C  0  0  0  0  0
   -4.8272   -0.7133    5.2031  C  0  0  0  0  0
   -3.9688   -1.3550    6.0760  N  0  0  0  0  0
   -4.6262   -2.3547    6.7872  C  0  0  0  0  0
   -4.0727   -3.1915    7.7412  C  0  0  0  0  0
   -4.9522   -4.1038    8.2990  C  0  0  0  0  0
   -4.6585   -5.0537    9.2730  N  0  0  0  0  0
   -5.7758   -5.7992    9.5994  C  0  0  0  0  0
   -6.9205   -5.2391    8.7093  C  0  0  0  0  0
   -6.3072   -4.1686    7.9183  C  0  0  0  0  0
   -6.8705   -3.3387    6.9674  C  0  0  0  0  0
  1  5  2  0  0  0
  1 12  1  0  0  0
  1  2  1  0  0  0
  2  3  1  0  0  0
  3  4  1  0  0  0
  4  5  1  0  0  0
  5  6  1  0  0  0
  6  7  2  0  0  0
  7 11  1  0  0  0
  7  8  1  0  0  0
  8  9  1  0  0  0
  9 10  1  0  0  0
 10 11  1  0  0  0
 11 12  2  0  0  0
M  END
$$$$
c12c(cc3c(c1)NCC3)CCN2
  -ISIS-

 12 14  0  0  0  0  0  0  0  0  1
   -5.9835   -2.4325    6.4176  C  0  0  0  0  0
   -6.2056   -1.4061    5.3954  C  0  0  0  0  0
   -4.8272   -0.7133    5.2031  C  0  0  0  0  0
   -3.9688   -1.3550    6.0760  N  0  0  0  0  0
   -4.6262   -2.3547    6.7872  C  0  0  0  0  0
   -4.0727   -3.1915    7.7412  C  0  0  0  0  0
   -4.9522   -4.1038    8.2990  C  0  0  0  0  0
   -4.6585   -5.0537    9.2730  N  0  0  0  0  0
   -5.7758   -5.7992    9.5994  C  0  0  0  0  0
   -6.9205   -5.2391    8.7093  C  0  0  0  0  0
   -6.3072   -4.1686    7.9183  C  0  0  0  0  0
   -6.8705   -3.3387    6.9674  C  0  0  0  0  0
  1  5  2  0  0  0
  1 12  1  0  0  0
  1  2  1  0  0  0
  2  3  1  0  0  0
  3  4  1  0  0  0
  4  5  1  0  0  0
  5  6  1  0  0  0
  6  7  2  0  0  0
  7 11  1  0  0  0
  7  8  1  0  0  0
  8  9  1  0  0  0
  9 10  1  0  0  0
 10 11  1  0  0  0
 11 12  2  0  0  0
M  END
$$$$
c12c(cc3c(c1)NCC3)CCN2
  -ISIS-

 12 14  0  0  0  0  0  0  0  0  1
   -5.9835   -2.4325    6.4176  C  0  0  0  0  0
   -6.2056   -1.4061    5.3954  C  0  0  0  0  0
   -4.8272   -0.7133    5.2031  C  0  0  0  0  0
   -3.9688   -1.3550    6.0760  N  0  0  0  0  0
   -4.6262   -2.3547    6.7872  C  0  0  0  0  0
   -4.0727   -3.1915    7.7412  C  0  0  0  0  0
   -4.9522   -4.1038    8.2990  C  0  0  0  0  0
   -4.6585   -5.0537    9.2730  N  0  0  0  0  0
   -5.7758   -5.7992    9.5994  C  0  0  0  0  0
   -6.9205   -5.2391    8.7093  C  0  0  0  0  0
   -6.3072   -4.1686    7.9183  C  0  0  0  0  0
   -6.8705   -3.3387    6.9674  C  0  0  0  0  0
  1  5  2  0  0  0
  1 12  1  0  0  0
  1  2  1  0  0  0
  2  3  1  0  0  0
  3  4  1  0  0  0
  4  5  1  0  0  0
  5  6  1  0  0  0
  6  7  2  0  0  0
  7 11  1  0  0  0
  7  8  1  0  0  0
  8  9  1  0  0  0
  9 10  1  0  0  0
 10 11  1  0  0  0
 11 12  2  0  0  0
M  END
$$$$
c12c(cc3c(c1)NCC3)CCN2
  -ISIS-

 12 14  0  0  0  0  0  0  0  0  1
   -5.5703   -2.7051    3.3732  C  0  0  0  0  0
   -6.2789   -3.8547    2.8037  C  0  0  0  0  0
   -6.7722   -3.3822    1.4073  C  0  0  0  0  0
   -6.3365   -2.0760    1.2866  N  0  0  0  0  0
   -5.6379   -1.6699    2.4199  C  0  0  0  0  0
   -5.0639   -0.4288    2.6375  C  0  0  0  0  0
   -4.4233   -0.2870    3.8568  C  0  0  0  0  0
   -3.7686    0.8485    4.3253  N  0  0  0  0  0
   -3.2411    0.6391    5.5856  C  0  0  0  0  0
   -3.6169   -0.8239    5.9528  C  0  0  0  0  0
   -4.3648   -1.3325    4.7994  C  0  0  0  0  0
   -4.9338   -2.5751    4.5932  C  0  0  0  0  0
  1  5  2  0  0  0
  1 12  1  0  0  0
  1  2  1  0  0  0
  2  3  1  0  0  0
  3  4  1  0  0  0
  4  5  1  0  0  0
  5  6  1  0  0  0
  6  7  2  0  0  0
  7 11  1  0  0  0
  7  8  1  0  0  0
  8  9  1  0  0  0
  9 10  1  0  0  0
 10 11  1  0  0  0
 11 12  2  0  0  0
M  END
$$$$
c12c(cc3c(c1)NCC3)CCN2
  -ISIS-

 12 14  0  0  0  0  0  0  0  0  1
   -5.5703   -2.7051    3.3732  C  0  0  0  0  0
   -6.2789   -3.8547    2.8037  C  0  0  0  0  0
   -6.7722   -3.3822    1.4073  C  0  0  0  0  0
   -6.3365   -2.0760    1.2866  N  0  0  0  0  0
   -5.6379   -1.6699    2.4199  C  0  0  0  0  0
   -5.0639   -0.4288    2.6375  C  0  0  0  0  0
   -4.4233   -0.2870    3.8568  C  0  0  0  0  0
   -3.7686    0.8485    4.3253  N  0  0  0  0  0
   -3.2411    0.6391    5.5856  C  0  0  0  0  0
   -3.6169   -0.8239    5.9528  C  0  0  0  0  0
   -4.3648   -1.3325    4.7994  C  0  0  0  0  0
   -4.9338   -2.5751    4.5932  C  0  0  0  0  0
  1  5  2  0  0  0
  1 12  1  0  0  0
  1  2  1  0  0  0
  2  3  1  0  0  0
  3  4  1  0  0  0
  4  5  1  0  0  0
  5  6  1  0  0  0
  6  7  2  0  0  0
  7 11  1  0  0  0
  7  8  1  0  0  0
  8  9  1  0  0  0
  9 10  1  0  0  0
 10 11  1  0  0  0
 11 12  2  0  0  0
M  END
$$$$
c12c(cc3c(c1)NCC3)CCN2
  -ISIS-

 12 14  0  0  0  0  0  0  0  0  1
   -5.5703   -2.7051    3.3732  C  0  0  0  0  0
   -6.2789   -3.8547    2.8037  C  0  0  0  0  0
   -6.7722   -3.3822    1.4073  C  0  0  0  0  0
   -6.3365   -2.0760    1.2866  N  0  0  0  0  0
   -5.6379   -1.6699    2.4199  C  0  0  0  0  0
   -5.0639   -0.4288    2.6375  C  0  0  0  0  0
   -4.4233   -0.2870    3.8568  C  0  0  0  0  0
   -3.7686    0.8485    4.3253  N  0  0  0  0  0
   -3.2411    0.6391    5.5856  C  0  0  0  0  0
   -3.6169   -0.8239    5.9528  C  0  0  0  0  0
   -4.3648   -1.3325    4.7994  C  0  0  0  0  0
   -4.9338   -2.5751    4.5932  C  0  0  0  0  0
  1  5  2  0  0  0
  1 12  1  0  0  0
  1  2  1  0  0  0
  2  3  1  0  0  0
  3  4  1  0  0  0
  4  5  1  0  0  0
  5  6  1  0  0  0
  6  7  2  0  0  0
  7 11  1  0  0  0
  7  8  1  0  0  0
  8  9  1  0  0  0
  9 10  1  0  0  0
 10 11  1  0  0  0
 11 12  2  0  0  0
M  END
$$$$
c12c(cc3c(c1)NCC3)CCN2
  -ISIS-

 12 14  0  0  0  0  0  0  0  0  1
   -5.5703   -2.7051    3.3732  C  0  0  0  0  0
   -6.2789   -3.8547    2.8037  C  0  0  0  0  0
   -6.7722   -3.3822    1.4073  C  0  0  0  0  0
   -6.3365   -2.0760    1.2866  N  0  0  0  0  0
   -5.6379   -1.6699    2.4199  C  0  0  0  0  0
   -5.0639   -0.4288    2.6375  C  0  0  0  0  0
   -4.4233   -0.2870    3.8568  C  0  0  0  0  0
   -3.7686    0.8485    4.3253  N  0  0  0  0  0
   -3.2411    0.6391    5.5856  C  0  0  0  0  0
   -3.6169   -0.8239    5.9528  C  0  0  0  0  0
   -4.3648   -1.3325    4.7994  C  0  0  0  0  0
   -4.9338   -2.5751    4.5932  C  0  0  0  0  0
  1  5  2  0  0  0
  1 12  1  0  0  0
  1  2  1  0  0  0
  2  3  1  0  0  0
  3  4  1  0  0  0
  4  5  1  0  0  0
  5  6  1  0  0  0
  6  7  2  0  0  0
  7 11  1  0  0  0
  7  8  1  0  0  0
  8  9  1  0  0  0
  9 10  1  0  0  0
 10 11  1  0  0  0
 11 12  2  0  0  0
M  END
$$$$
c12c(cc3c(c1)NCC3)CCN2
  -ISIS-

 12 14  0  0  0  0  0  0  0  0  1
  -10.4667   -2.3574    5.0906  C  0  0  0  0  0
  -11.1786   -1.4208    4.0743  C  0  0  0  0  0
  -10.5234   -1.6169    2.8730  N  0  0  0  0  0
   -9.4985   -2.5496    3.0032  C  0  0  0  0  0
   -9.4160   -3.0330    4.3239  C  0  0  0  0  0
   -8.4866   -3.9702    4.7341  C  0  0  0  0  0
   -7.6383   -4.3959    3.7293  C  0  0  0  0  0
   -6.5414   -5.3667    3.7776  C  0  0  0  0  0
   -5.9705   -5.4134    2.3324  C  0  0  0  0  0
   -6.7360   -4.5204    1.6063  N  0  0  0  0  0
   -7.7074   -3.9227    2.4041  C  0  0  0  0  0
   -8.6430   -2.9834    2.0046  C  0  0  0  0  0
  1  5  1  0  0  0
  1  2  1  0  0  0
  2  3  1  0  0  0
  3  4  1  0  0  0
  4 12  2  0  0  0
  4  5  1  0  0  0
  5  6  2  0  0  0
  6  7  1  0  0  0
  7 11  2  0  0  0
  7  8  1  0  0  0
  8  9  1  0  0  0
  9 10  1  0  0  0
 10 11  1  0  0  0
 11 12  1  0  0  0
M  END
$$$$
c12c(cc3c(c1)NCC3)CCN2
  -ISIS-

 12 14  0  0  0  0  0  0  0  0  1
  -10.4667   -2.3574    5.0906  C  0  0  0  0  0
  -11.1786   -1.4208    4.0743  C  0  0  0  0  0
  -10.5234   -1.6169    2.8730  N  0  0  0  0  0
   -9.4985   -2.5496    3.0032  C  0  0  0  0  0
   -9.4160   -3.0330    4.3239  C  0  0  0  0  0
   -8.4866   -3.9702    4.7341  C  0  0  0  0  0
   -7.6383   -4.3959    3.7293  C  0  0  0  0  0
   -6.5414   -5.3667    3.7776  C  0  0  0  0  0
   -5.9705   -5.4134    2.3324  C  0  0  0  0  0
   -6.7360   -4.5204    1.6063  N  0  0  0  0  0
   -7.7074   -3.9227    2.4041  C  0  0  0  0  0
   -8.6430   -2.9834    2.0046  C  0  0  0  0  0
  1  5  1  0  0  0
  1  2  1  0  0  0
  2  3  1  0  0  0
  3  4  1  0  0  0
  4 12  2  0  0  0
  4  5  1  0  0  0
  5  6  2  0  0  0
  6  7  1  0  0  0
  7 11  2  0  0  0
  7  8  1  0  0  0
  8  9  1  0  0  0
  9 10  1  0  0  0
 10 11  1  0  0  0
 11 12  1  0  0  0
M  END
$$$$
c12c(cc3c(c1)NCC3)CCN2
  -ISIS-

 12 14  0  0  0  0  0  0  0  0  1
  -10.4667   -2.3574    5.0906  C  0  0  0  0  0
  -11.1786   -1.4208    4.0743  C  0  0  0  0  0
  -10.5234   -1.6169    2.8730  N  0  0  0  0  0
   -9.4985   -2.5496    3.0032  C  0  0  0  0  0
   -9.4160   -3.0330    4.3239  C  0  0  0  0  0
   -8.4866   -3.9702    4.7341  C  0  0  0  0  0
   -7.6383   -4.3959    3.7293  C  0  0  0  0  0
   -6.5414   -5.3667    3.7776  C  0  0  0  0  0
   -5.9705   -5.4134    2.3324  C  0  0  0  0  0
   -6.7360   -4.5204    1.6063  N  0  0  0  0  0
   -7.7074   -3.9227    2.4041  C  0  0  0  0  0
   -8.6430   -2.9834    2.0046  C  0  0  0  0  0
  1  5  1  0  0  0
  1  2  1  0  0  0
  2  3  1  0  0  0
  3  4  1  0  0  0
  4 12  2  0  0  0
  4  5  1  0  0  0
  5  6  2  0  0  0
  6  7  1  0  0  0
  7 11  2  0  0  0
  7  8  1  0  0  0
  8  9  1  0  0  0
  9 10  1  0  0  0
 10 11  1  0  0  0
 11 12  1  0  0  0
M  END
$$$$
c12c(cc3c(c1)NCC3)CCN2
  -ISIS-

 12 14  0  0  0  0  0  0  0  0  1
  -10.4667   -2.3574    5.0906  C  0  0  0  0  0
  -11.1786   -1.4208    4.0743  C  0  0  0  0  0
  -10.5234   -1.6169    2.8730  N  0  0  0  0  0
   -9.4985   -2.5496    3.0032  C  0  0  0  0  0
   -9.4160   -3.0330    4.3239  C  0  0  0  0  0
   -8.4866   -3.9702    4.7341  C  0  0  0  0  0
   -7.6383   -4.3959    3.7293  C  0  0  0  0  0
   -6.5414   -5.3667    3.7776  C  0  0  0  0  0
   -5.9705   -5.4134    2.3324  C  0  0  0  0  0
   -6.7360   -4.5204    1.6063  N  0  0  0  0  0
   -7.7074   -3.9227    2.4041  C  0  0  0  0  0
   -8.6430   -2.9834    2.0046  C  0  0  0  0  0
  1  5  1  0  0  0
  1  2  1  0  0  0
  2  3  1  0  0  0
  3  4  1  0  0  0
  4 12  2  0  0  0
  4  5  1  0  0  0
  5  6  2  0  0  0
  6  7  1  0  0  0
  7 11  2  0  0  0
  7  8  1  0  0  0
  8  9  1  0  0  0
  9 10  1  0  0  0
 10 11  1  0  0  0
 11 12  1  0  0  0
M  END
$$$$
c12c(cc3c(c1)NCC3)CCN2
  -ISIS-

 12 14  0  0  0  0  0  0  0  0  1
   -0.2904    1.7402    1.3148  C  0  0  0  0  0
   -1.4900    1.7329    0.4728  C  0  0  0  0  0
   -2.6363    2.2496    1.3868  C  0  0  0  0  0
   -2.0452    2.5003    2.6109  N  0  0  0  0  0
   -0.6844    2.2090    2.5836  C  0  0  0  0  0
    0.2115    2.3427    3.6309  C  0  0  0  0  0
    1.5149    1.9817    3.3345  C  0  0  0  0  0
    2.6054    2.0195    4.1986  N  0  0  0  0  0
    3.7586    1.5885    3.5700  C  0  0  0  0  0
    3.3299    1.2343    2.1184  C  0  0  0  0  0
    1.8925    1.5146    2.0601  C  0  0  0  0  0
    1.0073    1.3771    1.0075  C  0  0  0  0  0
  1  5  2  0  0  0
  1 12  1  0  0  0
  1  2  1  0  0  0
  2  3  1  0  0  0
  3  4  1  0  0  0
  4  5  1  0  0  0
  5  6  1  0  0  0
  6  7  2  0  0  0
  7 11  1  0  0  0
  7  8  1  0  0  0
  8  9  1  0  0  0
  9 10  1  0  0  0
 10 11  1  0  0  0
 11 12  2  0  0  0
M  END
$$$$
c12c(cc3c(c1)NCC3)CCN2
  -ISIS-

 12 14  0  0  0  0  0  0  0  0  1
   -0.2904    1.7402    1.3148  C  0  0  0  0  0
   -1.4900    1.7329    0.4728  C  0  0  0  0  0
   -2.6363    2.2496    1.3868  C  0  0  0  0  0
   -2.0452    2.5003    2.6109  N  0  0  0  0  0
   -0.6844    2.2090    2.5836  C  0  0  0  0  0
    0.2115    2.3427    3.6309  C  0  0  0  0  0
    1.5149    1.9817    3.3345  C  0  0  0  0  0
    2.6054    2.0195    4.1986  N  0  0  0  0  0
    3.7586    1.5885    3.5700  C  0  0  0  0  0
    3.3299    1.2343    2.1184  C  0  0  0  0  0
    1.8925    1.5146    2.0601  C  0  0  0  0  0
    1.0073    1.3771    1.0075  C  0  0  0  0  0
  1  5  2  0  0  0
  1 12  1  0  0  0
  1  2  1  0  0  0
  2  3  1  0  0  0
  3  4  1  0  0  0
  4  5  1  0  0  0
  5  6  1  0  0  0
  6  7  2  0  0  0
  7 11  1  0  0  0
  7  8  1  0  0  0
  8  9  1  0  0  0
  9 10  1  0  0  0
 10 11  1  0  0  0
 11 12  2  0  0  0
M  END
$$$$
c12c(cc3c(c1)NCC3)CCN2
  -ISIS-

 12 14  0  0  0  0  0  0  0  0  1
   -0.2904    1.7402    1.3148  C  0  0  0  0  0
   -1.4900    1.7329    0.4728  C  0  0  0  0  0
   -2.6363    2.2496    1.3868  C  0  0  0  0  0
   -2.0452    2.5003    2.6109  N  0  0  0  0  0
   -0.6844    2.2090    2.5836  C  0  0  0  0  0
    0.2115    2.3427    3.6309  C  0  0  0  0  0
    1.5149    1.9817    3.3345  C  0  0  0  0  0
    2.6054    2.0195    4.1986  N  0  0  0  0  0
    3.7586    1.5885    3.5700  C  0  0  0  0  0
    3.3299    1.2343    2.1184  C  0  0  0  0  0
    1.8925    1.5146    2.0601  C  0  0  0  0  0
    1.0073    1.3771    1.0075  C  0  0  0  0  0
  1  5  2  0  0  0
  1 12  1  0  0  0
  1  2  1  0  0  0
  2  3  1  0  0  0
  3  4  1  0  0  0
  4  5  1  0  0  0
  5  6  1  0  0  0
  6  7  2  0  0  0
  7 11  1  0  0  0
  7  8  1  0  0  0
  8  9  1  0  0  0
  9 10  1  0  0  0
 10 11  1  0  0  0
 11 12  2  0  0  0
M  END
$$$$
c12c(cc3c(c1)NCC3)CCN2
  -ISIS-

 12 14  0  0  0  0  0  0  0  0  1
   -0.2904    1.7402    1.3148  C  0  0  0  0  0
   -1.4900    1.7329    0.4728  C  0  0  0  0  0
   -2.6363    2.2496    1.3868  C  0  0  0  0  0
   -2.0452    2.5003    2.6109  N  0  0  0  0  0
   -0.6844    2.2090    2.5836  C  0  0  0  0  0
    0.2115    2.3427    3.6309  C  0  0  0  0  0
    1.5149    1.9817    3.3345  C  0  0  0  0  0
    2.6054    2.0195    4.1986  N  0  0  0  0  0
    3.7586    1.5885    3.5700  C  0  0  0  0  0
    3.3299    1.2343    2.1184  C  0  0  0  0  0
    1.8925    1.5146    2.0601  C  0  0  0  0  0
    1.0073    1.3771    1.0075  C  0  0  0  0  0
  1  5  2  0  0  0
  1 12  1  0  0  0
  1  2  1  0  0  0
  2  3  1  0  0  0
  3  4  1  0  0  0
  4  5  1  0  0  0
  5  6  1  0  0  0
  6  7  2  0  0  0
  7 11  1  0  0  0
  7  8  1  0  0  0
  8  9  1  0  0  0
  9 10  1  0  0  0
 10 11  1  0  0  0
 11 12  2  0  0  0
M  END
$$$$
