c12c(C3c4c(C5C=CN1C3N5)cccc4)cccc2
  -ISIS-

 19 23  0  0  0  0  0  0  0  0  1
    1.7098   -1.2792   -0.0780  N  0  0  0  0  0
    1.0108   -1.0693    1.1169  C  0  0  0  0  0
   -0.3234   -1.5729    1.4421  C  0  0  0  0  0
   -0.2774   -0.7395    2.8242  C  0  0  0  0  0
   -1.1943   -1.0658    3.8140  C  0  0  0  0  0
   -1.0072   -0.5377    5.0955  C  0  0  0  0  0
    0.0827    0.2995    5.4180  C  0  0  0  0  0
    1.0374    0.6817    4.4716  C  0  0  0  0  0
    0.9041    0.2021    3.1765  C  0  0  0  0  0
    1.7983    0.8420    1.9977  C  0  0  0  0  0
    3.0720    0.3012    1.2093  C  0  0  0  0  0
    2.9197   -0.4911    0.0544  C  0  0  0  0  0
    0.8214    0.5544    1.0040  N  0  0  0  0  0
   -0.7113   -1.2905   -0.0021  C  0  0  0  0  0
   -1.9720   -1.1773   -0.5448  C  0  0  0  0  0
   -2.0550   -0.9573   -1.9248  C  0  0  0  0  0
   -0.9027   -0.8632   -2.7422  C  0  0  0  0  0
    0.3868   -0.9818   -2.2167  C  0  0  0  0  0
    0.4839   -1.1971   -0.8626  C  0  0  0  0  0
  1 12  1  0  0  0
  1 19  1  0  0  0
  1  2  1  0  0  0
  2 13  1  0  0  0
  2  3  1  0  0  0
  3  4  1  0  0  0
  3 14  1  0  0  0
  4  9  2  0  0  0
  4  5  1  0  0  0
  5  6  2  0  0  0
  6  7  1  0  0  0
  7  8  2  0  0  0
  8  9  1  0  0  0
  9 10  1  0  0  0
 10 11  1  0  0  0
 10 13  1  0  0  0
 11 12  2  0  0  0
 14 19  2  0  0  0
 14 15  1  0  0  0
 15 16  2  0  0  0
 16 17  1  0  0  0
 17 18  2  0  0  0
 18 19  1  0  0  0
M  END
$$$$
c12c(C3c4c(C5C=CN1C3N5)cccc4)cccc2
  -ISIS-

 19 23  0  0  0  0  0  0  0  0  1
    1.7098   -1.2792   -0.0780  N  0  0  0  0  0
    1.0108   -1.0693    1.1169  C  0  0  0  0  0
   -0.3234   -1.5729    1.4421  C  0  0  0  0  0
   -0.2774   -0.7395    2.8242  C  0  0  0  0  0
   -1.1943   -1.0658    3.8140  C  0  0  0  0  0
   -1.0072   -0.5377    5.0955  C  0  0  0  0  0
    0.0827    0.2995    5.4180  C  0  0  0  0  0
    1.0374    0.6817    4.4716  C  0  0  0  0  0
    0.9041    0.2021    3.1765  C  0  0  0  0  0
    1.7983    0.8420    1.9977  C  0  0  0  0  0
    3.0720    0.3012    1.2093  C  0  0  0  0  0
    2.9197   -0.4911    0.0544  C  0  0  0  0  0
    0.8214    0.5544    1.0040  N  0  0  0  0  0
   -0.7113   -1.2905   -0.0021  C  0  0  0  0  0
   -1.9720   -1.1773   -0.5448  C  0  0  0  0  0
   -2.0550   -0.9573   -1.9248  C  0  0  0  0  0
   -0.9027   -0.8632   -2.7422  C  0  0  0  0  0
    0.3868   -0.9818   -2.2167  C  0  0  0  0  0
    0.4839   -1.1971   -0.8626  C  0  0  0  0  0
  1 12  1  0  0  0
  1 19  1  0  0  0
  1  2  1  0  0  0
  2 13  1  0  0  0
  2  3  1  0  0  0
  3  4  1  0  0  0
  3 14  1  0  0  0
  4  9  2  0  0  0
  4  5  1  0  0  0
  5  6  2  0  0  0
  6  7  1  0  0  0
  7  8  2  0  0  0
  8  9  1  0  0  0
  9 10  1  0  0  0
 10 11  1  0  0  0
 10 13  1  0  0  0
 11 12  2  0  0  0
 14 19  2  0  0  0
 14 15  1  0  0  0
 15 16  2  0  0  0
 16 17  1  0  0  0
 17 18  2  0  0  0
 18 19  1  0  0  0
M  END
$$$$
