c12c(cncn1)CCCCN2
  -ISIS-

 11 12  0  0  0  0  0  0  0  0  1
   -2.2085   -3.4616    1.1754  N  0  0  0  0  0
   -1.5026   -3.8465    0.1025  C  0  0  0  0  0
   -0.7441   -5.0098    0.0609  C  0  0  0  0  0
   -0.7294   -5.7437    1.2415  C  0  0  0  0  0
   -1.4250   -5.3604    2.3357  N  0  0  0  0  0
   -2.1544   -4.2506    2.2444  C  0  0  0  0  0
   -0.0511   -5.4329   -1.2048  C  0  0  0  0  0
    1.0485   -4.4666   -1.6453  C  0  0  0  0  0
    0.5082   -3.1816   -2.2711  C  0  0  0  0  0
   -0.3193   -2.3353   -1.3113  C  0  0  0  0  0
   -1.5938   -2.9748   -0.9937  N  0  0  0  0  0
  1  6  2  0  0  0
  1  2  1  0  0  0
  2 11  1  0  0  0
  2  3  2  0  0  0
  3  4  1  0  0  0
  3  7  1  0  0  0
  4  5  2  0  0  0
  5  6  1  0  0  0
  7  8  1  0  0  0
  8  9  1  0  0  0
  9 10  1  0  0  0
 10 11  1  0  0  0
M  END
$$$$
