C12C3CC1CCC2CNC3
  -ISIS-

 10 12  0  0  0  0  0  0  0  0  1
    0.6919   -3.1963   -1.7230  C  0  0  0  0  0
    1.8764   -3.7396   -1.2268  N  0  0  0  0  0
    1.9543   -4.7654   -0.1624  C  0  0  0  0  0
    0.8334   -5.8446   -0.1919  C  0  0  0  0  0
   -0.1713   -5.4535   -1.2480  C  0  0  0  0  0
   -0.5403   -3.8545   -1.0156  C  0  0  0  0  0
   -1.9239   -4.3308   -1.5130  C  0  0  0  0  0
   -1.6125   -5.7647   -0.8945  C  0  0  0  0  0
   -1.4891   -6.2273    0.5674  C  0  0  0  0  0
   -0.0418   -5.9908    1.0569  C  0  0  0  0  0
  1  6  1  0  0  0
  1  2  1  0  0  0
  2  3  1  0  0  0
  3  4  1  0  0  0
  4 10  1  0  0  0
  4  5  1  0  0  0
  5  8  1  0  0  0
  5  6  1  0  0  0
  6  7  1  0  0  0
  7  8  1  0  0  0
  8  9  1  0  0  0
  9 10  1  0  0  0
M  END
$$$$
