C12C(=NNCN=1)Cc3c2cccc3
  -ISIS-

 13 15  0  0  0  0  0  0  0  0  1
   -1.7305   -4.6756    2.3904  C  0  0  0  0  0
   -2.6538   -5.3125    3.0354  N  0  0  0  0  0
   -2.6366   -5.0083    4.3817  N  0  0  0  0  0
   -1.7645   -4.1398    5.0109  C  0  0  0  0  0
   -0.7877   -3.4678    4.3164  N  0  0  0  0  0
   -0.7810   -3.7339    3.0558  C  0  0  0  0  0
    0.0903   -3.2279    2.0026  C  0  0  0  0  0
   -0.2672   -3.7945    0.7666  C  0  0  0  0  0
    0.4090   -3.4761   -0.3960  C  0  0  0  0  0
    1.4661   -2.5658   -0.2963  C  0  0  0  0  0
    1.8233   -1.9983    0.9448  C  0  0  0  0  0
    1.1319   -2.3279    2.1147  C  0  0  0  0  0
   -1.4093   -4.7220    0.9186  C  0  0  0  0  0
  1  6  1  0  0  0
  1 13  1  0  0  0
  1  2  2  0  0  0
  2  3  1  0  0  0
  3  4  1  0  0  0
  4  5  1  0  0  0
  5  6  2  0  0  0
  6  7  1  0  0  0
  7 12  2  0  0  0
  7  8  1  0  0  0
  8  9  2  0  0  0
  8 13  1  0  0  0
  9 10  1  0  0  0
 10 11  2  0  0  0
 11 12  1  0  0  0
M  END
$$$$
