c12c(nc[c]3[c]1cc4c(OCO4)c3)CCCC2
  -ISIS-

 17 20  0  0  0  0  0  0  0  0  1
   -6.5615    1.5497    4.2473  C  0  0  0  0  0
   -5.5441    1.5362    5.3734  C  0  0  0  0  0
   -4.1516    1.0385    4.9764  C  0  0  0  0  0
   -4.3138   -0.2885    4.2255  C  0  0  0  0  0
   -5.2417   -0.1785    3.0463  C  0  0  0  0  0
   -4.9467   -1.0133    2.0212  N  0  0  0  0  0
   -5.7415   -0.9692    0.9341  C  0  0  0  0  0
   -6.8376   -0.1267    0.7922  C  0  0  0  0  0
   -7.5927   -0.1571   -0.3957  C  0  0  0  0  0
   -8.6648    0.6940   -0.5095  C  0  0  0  0  0
   -8.9996    1.5549    0.4991  C  0  0  0  0  0
   -8.2813    1.6096    1.6780  C  0  0  0  0  0
   -7.1606    0.7533    1.8695  C  0  0  0  0  0
   -6.3306    0.7031    3.0327  C  0  0  0  0  0
  -10.0848    2.3152    0.1932  O  0  0  0  0  0
  -10.3965    1.8261   -1.1272  C  0  0  0  0  0
   -9.4928    0.7962   -1.5817  O  0  0  0  0  0
  1 14  1  0  0  0
  1  2  1  0  0  0
  2  3  1  0  0  0
  3  4  1  0  0  0
  4  5  1  0  0  0
  5 14  2  0  0  0
  5  6  1  0  0  0
  6  7  2  0  0  0
  7  8  1  0  0  0
  8 13  2  0  0  0
  8  9  1  0  0  0
  9 10  2  0  0  0
 10 17  1  0  0  0
 10 11  1  0  0  0
 11 12  2  0  0  0
 11 15  1  0  0  0
 12 13  1  0  0  0
 13 14  1  0  0  0
 15 16  1  0  0  0
 16 17  1  0  0  0
M  END
$$$$
c12c(nc[c]3[c]1cc4c(OCO4)c3)CCCC2
  -ISIS-

 17 20  0  0  0  0  0  0  0  0  1
   -6.5615    1.5497    4.2473  C  0  0  0  0  0
   -5.5441    1.5362    5.3734  C  0  0  0  0  0
   -4.1516    1.0385    4.9764  C  0  0  0  0  0
   -4.3138   -0.2885    4.2255  C  0  0  0  0  0
   -5.2417   -0.1785    3.0463  C  0  0  0  0  0
   -4.9467   -1.0133    2.0212  N  0  0  0  0  0
   -5.7415   -0.9692    0.9341  C  0  0  0  0  0
   -6.8376   -0.1267    0.7922  C  0  0  0  0  0
   -7.5927   -0.1571   -0.3957  C  0  0  0  0  0
   -8.6648    0.6940   -0.5095  C  0  0  0  0  0
   -8.9996    1.5549    0.4991  C  0  0  0  0  0
   -8.2813    1.6096    1.6780  C  0  0  0  0  0
   -7.1606    0.7533    1.8695  C  0  0  0  0  0
   -6.3306    0.7031    3.0327  C  0  0  0  0  0
  -10.0848    2.3152    0.1932  O  0  0  0  0  0
  -10.3965    1.8261   -1.1272  C  0  0  0  0  0
   -9.4928    0.7962   -1.5817  O  0  0  0  0  0
  1 14  1  0  0  0
  1  2  1  0  0  0
  2  3  1  0  0  0
  3  4  1  0  0  0
  4  5  1  0  0  0
  5 14  2  0  0  0
  5  6  1  0  0  0
  6  7  2  0  0  0
  7  8  1  0  0  0
  8 13  2  0  0  0
  8  9  1  0  0  0
  9 10  2  0  0  0
 10 17  1  0  0  0
 10 11  1  0  0  0
 11 12  2  0  0  0
 11 15  1  0  0  0
 12 13  1  0  0  0
 13 14  1  0  0  0
 15 16  1  0  0  0
 16 17  1  0  0  0
M  END
$$$$
