C12C(NCCN1)NCCN2
  -ISIS-

 10 11  0  0  0  0  0  0  0  0  1
   -0.3429   -4.4839    1.8664  C  0  0  0  0  0
   -1.0450   -3.4621    1.0297  N  0  0  0  0  0
   -1.9739   -2.4704    1.7287  C  0  0  0  0  0
   -2.9701   -3.1893    2.6776  C  0  0  0  0  0
   -2.2312   -4.0787    3.6954  N  0  0  0  0  0
   -1.3469   -5.1268    3.0851  C  0  0  0  0  0
   -0.5690   -5.8240    4.1555  N  0  0  0  0  0
    0.7397   -5.1910    4.6263  C  0  0  0  0  0
    1.6561   -4.8136    3.4316  C  0  0  0  0  0
    0.9220   -3.9036    2.4285  N  0  0  0  0  0
  1  6  1  0  0  0
  1 10  1  0  0  0
  1  2  1  0  0  0
  2  3  1  0  0  0
  3  4  1  0  0  0
  4  5  1  0  0  0
  5  6  1  0  0  0
  6  7  1  0  0  0
  7  8  1  0  0  0
  8  9  1  0  0  0
  9 10  1  0  0  0
M  END
$$$$
C12C(NCCN1)NCCN2
  -ISIS-

 10 11  0  0  0  0  0  0  0  0  1
    8.5632   -1.2875   -1.8254  C  0  0  0  0  0
    8.1907   -2.6995   -1.8920  N  0  0  0  0  0
    6.9842   -2.9415   -2.6786  C  0  0  0  0  0
    7.1719   -2.4241   -4.1121  C  0  0  0  0  0
    7.6347   -1.0228   -4.1945  N  0  0  0  0  0
    8.7801   -0.6953   -3.2916  C  0  0  0  0  0
    8.9736    0.7594   -3.1550  N  0  0  0  0  0
    7.9499    1.5017   -2.4276  C  0  0  0  0  0
    6.9279    0.6163   -1.7016  C  0  0  0  0  0
    7.5606   -0.5329   -1.0350  N  0  0  0  0  0
  1  6  1  0  0  0
  1 10  1  0  0  0
  1  2  1  0  0  0
  2  3  1  0  0  0
  3  4  1  0  0  0
  4  5  1  0  0  0
  5  6  1  0  0  0
  6  7  1  0  0  0
  7  8  1  0  0  0
  8  9  1  0  0  0
  9 10  1  0  0  0
M  END
$$$$
C12C(NCCN1)NCCN2
  -ISIS-

 10 11  0  0  0  0  0  0  0  0  1
    8.5632   -1.2875   -1.8254  C  0  0  0  0  0
    8.1907   -2.6995   -1.8920  N  0  0  0  0  0
    6.9842   -2.9415   -2.6786  C  0  0  0  0  0
    7.1719   -2.4241   -4.1121  C  0  0  0  0  0
    7.6347   -1.0228   -4.1945  N  0  0  0  0  0
    8.7801   -0.6953   -3.2916  C  0  0  0  0  0
    8.9736    0.7594   -3.1550  N  0  0  0  0  0
    7.9499    1.5017   -2.4276  C  0  0  0  0  0
    6.9279    0.6163   -1.7016  C  0  0  0  0  0
    7.5606   -0.5329   -1.0350  N  0  0  0  0  0
  1  6  1  0  0  0
  1 10  1  0  0  0
  1  2  1  0  0  0
  2  3  1  0  0  0
  3  4  1  0  0  0
  4  5  1  0  0  0
  5  6  1  0  0  0
  6  7  1  0  0  0
  7  8  1  0  0  0
  8  9  1  0  0  0
  9 10  1  0  0  0
M  END
$$$$
C12C(NCCN1)NCCN2
  -ISIS-

 10 11  0  0  0  0  0  0  0  0  1
    8.5632   -1.2875   -1.8254  C  0  0  0  0  0
    8.1907   -2.6995   -1.8920  N  0  0  0  0  0
    6.9842   -2.9415   -2.6786  C  0  0  0  0  0
    7.1719   -2.4241   -4.1121  C  0  0  0  0  0
    7.6347   -1.0228   -4.1945  N  0  0  0  0  0
    8.7801   -0.6953   -3.2916  C  0  0  0  0  0
    8.9736    0.7594   -3.1550  N  0  0  0  0  0
    7.9499    1.5017   -2.4276  C  0  0  0  0  0
    6.9279    0.6163   -1.7016  C  0  0  0  0  0
    7.5606   -0.5329   -1.0350  N  0  0  0  0  0
  1  6  1  0  0  0
  1 10  1  0  0  0
  1  2  1  0  0  0
  2  3  1  0  0  0
  3  4  1  0  0  0
  4  5  1  0  0  0
  5  6  1  0  0  0
  6  7  1  0  0  0
  7  8  1  0  0  0
  8  9  1  0  0  0
  9 10  1  0  0  0
M  END
$$$$
C12C(NCCN1)NCCN2
  -ISIS-

 10 11  0  0  0  0  0  0  0  0  1
    8.5632   -1.2875   -1.8254  C  0  0  0  0  0
    8.1907   -2.6995   -1.8920  N  0  0  0  0  0
    6.9842   -2.9415   -2.6786  C  0  0  0  0  0
    7.1719   -2.4241   -4.1121  C  0  0  0  0  0
    7.6347   -1.0228   -4.1945  N  0  0  0  0  0
    8.7801   -0.6953   -3.2916  C  0  0  0  0  0
    8.9736    0.7594   -3.1550  N  0  0  0  0  0
    7.9499    1.5017   -2.4276  C  0  0  0  0  0
    6.9279    0.6163   -1.7016  C  0  0  0  0  0
    7.5606   -0.5329   -1.0350  N  0  0  0  0  0
  1  6  1  0  0  0
  1 10  1  0  0  0
  1  2  1  0  0  0
  2  3  1  0  0  0
  3  4  1  0  0  0
  4  5  1  0  0  0
  5  6  1  0  0  0
  6  7  1  0  0  0
  7  8  1  0  0  0
  8  9  1  0  0  0
  9 10  1  0  0  0
M  END
$$$$
C12C(NCCN1)NCCN2
  -ISIS-

 10 11  0  0  0  0  0  0  0  0  1
   -5.0027    7.2286   -2.0566  N  0  0  0  0  0
   -5.2760    6.6115   -3.3768  C  0  0  0  0  0
   -6.7171    6.0597   -3.3712  C  0  0  0  0  0
   -6.9255    5.1090   -2.1924  N  0  0  0  0  0
   -6.3414    5.4807   -0.8658  C  0  0  0  0  0
   -7.2139    6.3929   -0.0984  N  0  0  0  0  0
   -6.7111    6.5943    1.3257  C  0  0  0  0  0
   -5.1838    6.3725    1.4890  C  0  0  0  0  0
   -4.3376    6.5718    0.2810  N  0  0  0  0  0
   -4.9121    6.1626   -1.0095  C  0  0  0  0  0
  1 10  1  0  0  0
  1  2  1  0  0  0
  2  3  1  0  0  0
  3  4  1  0  0  0
  4  5  1  0  0  0
  5 10  1  0  0  0
  5  6  1  0  0  0
  6  7  1  0  0  0
  7  8  1  0  0  0
  8  9  1  0  0  0
  9 10  1  0  0  0
M  END
$$$$
C12C(NCCN1)NCCN2
  -ISIS-

 10 11  0  0  0  0  0  0  0  0  1
   -5.0027    7.2286   -2.0566  N  0  0  0  0  0
   -5.2760    6.6115   -3.3768  C  0  0  0  0  0
   -6.7171    6.0597   -3.3712  C  0  0  0  0  0
   -6.9255    5.1090   -2.1924  N  0  0  0  0  0
   -6.3414    5.4807   -0.8658  C  0  0  0  0  0
   -7.2139    6.3929   -0.0984  N  0  0  0  0  0
   -6.7111    6.5943    1.3257  C  0  0  0  0  0
   -5.1838    6.3725    1.4890  C  0  0  0  0  0
   -4.3376    6.5718    0.2810  N  0  0  0  0  0
   -4.9121    6.1626   -1.0095  C  0  0  0  0  0
  1 10  1  0  0  0
  1  2  1  0  0  0
  2  3  1  0  0  0
  3  4  1  0  0  0
  4  5  1  0  0  0
  5 10  1  0  0  0
  5  6  1  0  0  0
  6  7  1  0  0  0
  7  8  1  0  0  0
  8  9  1  0  0  0
  9 10  1  0  0  0
M  END
$$$$
C12C(NCCN1)NCCN2
  -ISIS-

 10 11  0  0  0  0  0  0  0  0  1
    3.7405    0.4447   -0.6070  C  0  0  0  0  0
    3.8949   -1.0475   -0.9572  N  0  0  0  0  0
    3.3851   -1.4274   -2.3168  C  0  0  0  0  0
    1.8265   -0.8027   -2.6112  C  0  0  0  0  0
    1.6533    0.5785   -2.0638  N  0  0  0  0  0
    2.2576    0.8947   -0.6964  C  0  0  0  0  0
    0.7505   -1.7031   -2.0782  N  0  0  0  0  0
    0.9120   -3.1886   -2.4526  C  0  0  0  0  0
    2.2765   -3.7475   -1.9675  C  0  0  0  0  0
    3.4455   -2.9121   -2.4876  N  0  0  0  0  0
  1  6  1  0  0  0
  1  2  1  0  0  0
  2  3  1  0  0  0
  3 10  1  0  0  0
  3  4  1  0  0  0
  4  5  1  0  0  0
  4  7  1  0  0  0
  5  6  1  0  0  0
  7  8  1  0  0  0
  8  9  1  0  0  0
  9 10  1  0  0  0
M  END
$$$$
C12C(NCCN1)NCCN2
  -ISIS-

 10 11  0  0  0  0  0  0  0  0  1
   -2.9924   -2.4816    4.0248  N  0  0  0  0  0
   -3.3498   -1.0737    3.8919  C  0  0  0  0  0
   -2.3123   -0.3616    3.0223  C  0  0  0  0  0
   -0.9100   -0.6134    3.3940  N  0  0  0  0  0
   -0.5568   -1.9649    3.9245  C  0  0  0  0  0
   -1.7384   -2.6872    4.7523  C  0  0  0  0  0
   -1.8623   -2.2551    6.1764  N  0  0  0  0  0
   -0.6251   -1.8544    6.8752  C  0  0  0  0  0
    0.3976   -1.1295    6.0076  C  0  0  0  0  0
    0.6254   -1.8837    4.7844  N  0  0  0  0  0
  1  6  1  0  0  0
  1  2  1  0  0  0
  2  3  1  0  0  0
  3  4  1  0  0  0
  4  5  1  0  0  0
  5 10  1  0  0  0
  5  6  1  0  0  0
  6  7  1  0  0  0
  7  8  1  0  0  0
  8  9  1  0  0  0
  9 10  1  0  0  0
M  END
$$$$
C12C(NCCN1)NCCN2
  -ISIS-

 10 11  0  0  0  0  0  0  0  0  1
   -2.9924   -2.4816    4.0248  N  0  0  0  0  0
   -3.3498   -1.0737    3.8919  C  0  0  0  0  0
   -2.3123   -0.3616    3.0223  C  0  0  0  0  0
   -0.9100   -0.6134    3.3940  N  0  0  0  0  0
   -0.5568   -1.9649    3.9245  C  0  0  0  0  0
   -1.7384   -2.6872    4.7523  C  0  0  0  0  0
   -1.8623   -2.2551    6.1764  N  0  0  0  0  0
   -0.6251   -1.8544    6.8752  C  0  0  0  0  0
    0.3976   -1.1295    6.0076  C  0  0  0  0  0
    0.6254   -1.8837    4.7844  N  0  0  0  0  0
  1  6  1  0  0  0
  1  2  1  0  0  0
  2  3  1  0  0  0
  3  4  1  0  0  0
  4  5  1  0  0  0
  5 10  1  0  0  0
  5  6  1  0  0  0
  6  7  1  0  0  0
  7  8  1  0  0  0
  8  9  1  0  0  0
  9 10  1  0  0  0
M  END
$$$$
C12C(NCCN1)NCCN2
  -ISIS-

 10 11  0  0  0  0  0  0  0  0  1
   -2.9924   -2.4816    4.0248  N  0  0  0  0  0
   -3.3498   -1.0737    3.8919  C  0  0  0  0  0
   -2.3123   -0.3616    3.0223  C  0  0  0  0  0
   -0.9100   -0.6134    3.3940  N  0  0  0  0  0
   -0.5568   -1.9649    3.9245  C  0  0  0  0  0
   -1.7384   -2.6872    4.7523  C  0  0  0  0  0
   -1.8623   -2.2551    6.1764  N  0  0  0  0  0
   -0.6251   -1.8544    6.8752  C  0  0  0  0  0
    0.3976   -1.1295    6.0076  C  0  0  0  0  0
    0.6254   -1.8837    4.7844  N  0  0  0  0  0
  1  6  1  0  0  0
  1  2  1  0  0  0
  2  3  1  0  0  0
  3  4  1  0  0  0
  4  5  1  0  0  0
  5 10  1  0  0  0
  5  6  1  0  0  0
  6  7  1  0  0  0
  7  8  1  0  0  0
  8  9  1  0  0  0
  9 10  1  0  0  0
M  END
$$$$
C12C(NCCN1)NCCN2
  -ISIS-

 10 11  0  0  0  0  0  0  0  0  1
   -2.9924   -2.4816    4.0248  N  0  0  0  0  0
   -3.3498   -1.0737    3.8919  C  0  0  0  0  0
   -2.3123   -0.3616    3.0223  C  0  0  0  0  0
   -0.9100   -0.6134    3.3940  N  0  0  0  0  0
   -0.5568   -1.9649    3.9245  C  0  0  0  0  0
   -1.7384   -2.6872    4.7523  C  0  0  0  0  0
   -1.8623   -2.2551    6.1764  N  0  0  0  0  0
   -0.6251   -1.8544    6.8752  C  0  0  0  0  0
    0.3976   -1.1295    6.0076  C  0  0  0  0  0
    0.6254   -1.8837    4.7844  N  0  0  0  0  0
  1  6  1  0  0  0
  1  2  1  0  0  0
  2  3  1  0  0  0
  3  4  1  0  0  0
  4  5  1  0  0  0
  5 10  1  0  0  0
  5  6  1  0  0  0
  6  7  1  0  0  0
  7  8  1  0  0  0
  8  9  1  0  0  0
  9 10  1  0  0  0
M  END
$$$$
C12C(NCCN1)NCCN2
  -ISIS-

 10 11  0  0  0  0  0  0  0  0  1
   -4.6922   -4.4998    6.4256  N  0  0  0  0  0
   -4.8885   -3.8232    7.7232  C  0  0  0  0  0
   -6.2453   -3.1389    7.8716  C  0  0  0  0  0
   -6.4851   -2.2720    6.7303  N  0  0  0  0  0
   -6.5926   -2.9956    5.4589  C  0  0  0  0  0
   -5.2173   -3.7935    5.2171  C  0  0  0  0  0
   -5.4190   -4.7155    4.1010  N  0  0  0  0  0
   -6.4465   -5.7129    4.3553  C  0  0  0  0  0
   -7.8013   -5.0177    4.5180  C  0  0  0  0  0
   -7.8080   -3.8657    5.4397  N  0  0  0  0  0
  1  6  1  0  0  0
  1  2  1  0  0  0
  2  3  1  0  0  0
  3  4  1  0  0  0
  4  5  1  0  0  0
  5 10  1  0  0  0
  5  6  1  0  0  0
  6  7  1  0  0  0
  7  8  1  0  0  0
  8  9  1  0  0  0
  9 10  1  0  0  0
M  END
$$$$
C12C(NCCN1)NCCN2
  -ISIS-

 10 11  0  0  0  0  0  0  0  0  1
   -4.6922   -4.4998    6.4256  N  0  0  0  0  0
   -4.8885   -3.8232    7.7232  C  0  0  0  0  0
   -6.2453   -3.1389    7.8716  C  0  0  0  0  0
   -6.4851   -2.2720    6.7303  N  0  0  0  0  0
   -6.5926   -2.9956    5.4589  C  0  0  0  0  0
   -5.2173   -3.7935    5.2171  C  0  0  0  0  0
   -5.4190   -4.7155    4.1010  N  0  0  0  0  0
   -6.4465   -5.7129    4.3553  C  0  0  0  0  0
   -7.8013   -5.0177    4.5180  C  0  0  0  0  0
   -7.8080   -3.8657    5.4397  N  0  0  0  0  0
  1  6  1  0  0  0
  1  2  1  0  0  0
  2  3  1  0  0  0
  3  4  1  0  0  0
  4  5  1  0  0  0
  5 10  1  0  0  0
  5  6  1  0  0  0
  6  7  1  0  0  0
  7  8  1  0  0  0
  8  9  1  0  0  0
  9 10  1  0  0  0
M  END
$$$$
C12C(NCCN1)NCCN2
  -ISIS-

 10 11  0  0  0  0  0  0  0  0  1
   -4.6922   -4.4998    6.4256  N  0  0  0  0  0
   -4.8885   -3.8232    7.7232  C  0  0  0  0  0
   -6.2453   -3.1389    7.8716  C  0  0  0  0  0
   -6.4851   -2.2720    6.7303  N  0  0  0  0  0
   -6.5926   -2.9956    5.4589  C  0  0  0  0  0
   -5.2173   -3.7935    5.2171  C  0  0  0  0  0
   -5.4190   -4.7155    4.1010  N  0  0  0  0  0
   -6.4465   -5.7129    4.3553  C  0  0  0  0  0
   -7.8013   -5.0177    4.5180  C  0  0  0  0  0
   -7.8080   -3.8657    5.4397  N  0  0  0  0  0
  1  6  1  0  0  0
  1  2  1  0  0  0
  2  3  1  0  0  0
  3  4  1  0  0  0
  4  5  1  0  0  0
  5 10  1  0  0  0
  5  6  1  0  0  0
  6  7  1  0  0  0
  7  8  1  0  0  0
  8  9  1  0  0  0
  9 10  1  0  0  0
M  END
$$$$
C12C(NCCN1)NCCN2
  -ISIS-

 10 11  0  0  0  0  0  0  0  0  1
   -4.6922   -4.4998    6.4256  N  0  0  0  0  0
   -4.8885   -3.8232    7.7232  C  0  0  0  0  0
   -6.2453   -3.1389    7.8716  C  0  0  0  0  0
   -6.4851   -2.2720    6.7303  N  0  0  0  0  0
   -6.5926   -2.9956    5.4589  C  0  0  0  0  0
   -5.2173   -3.7935    5.2171  C  0  0  0  0  0
   -5.4190   -4.7155    4.1010  N  0  0  0  0  0
   -6.4465   -5.7129    4.3553  C  0  0  0  0  0
   -7.8013   -5.0177    4.5180  C  0  0  0  0  0
   -7.8080   -3.8657    5.4397  N  0  0  0  0  0
  1  6  1  0  0  0
  1  2  1  0  0  0
  2  3  1  0  0  0
  3  4  1  0  0  0
  4  5  1  0  0  0
  5 10  1  0  0  0
  5  6  1  0  0  0
  6  7  1  0  0  0
  7  8  1  0  0  0
  8  9  1  0  0  0
  9 10  1  0  0  0
M  END
$$$$
C12C(NCCN1)NCCN2
  -ISIS-

 10 11  0  0  0  0  0  0  0  0  1
    5.2189    1.8131    0.9494  C  0  0  0  0  0
    5.0650    3.0899    0.1773  N  0  0  0  0  0
    4.0109    4.0550    0.8318  C  0  0  0  0  0
    2.9341    3.3297    1.7007  C  0  0  0  0  0
    2.5435    1.9847    1.1014  N  0  0  0  0  0
    3.6971    1.0075    0.9927  C  0  0  0  0  0
    3.4971    0.0741   -0.1902  N  0  0  0  0  0
    4.6902   -0.8710   -0.3816  C  0  0  0  0  0
    6.0002   -0.0742   -0.6394  C  0  0  0  0  0
    6.3416    0.9052    0.4944  N  0  0  0  0  0
  1  6  1  0  0  0
  1 10  1  0  0  0
  1  2  1  0  0  0
  2  3  1  0  0  0
  3  4  1  0  0  0
  4  5  1  0  0  0
  5  6  1  0  0  0
  6  7  1  0  0  0
  7  8  1  0  0  0
  8  9  1  0  0  0
  9 10  1  0  0  0
M  END
$$$$
C12C(NCCN1)NCCN2
  -ISIS-

 10 11  0  0  0  0  0  0  0  0  1
    5.2189    1.8131    0.9494  C  0  0  0  0  0
    5.0650    3.0899    0.1773  N  0  0  0  0  0
    4.0109    4.0550    0.8318  C  0  0  0  0  0
    2.9341    3.3297    1.7007  C  0  0  0  0  0
    2.5435    1.9847    1.1014  N  0  0  0  0  0
    3.6971    1.0075    0.9927  C  0  0  0  0  0
    3.4971    0.0741   -0.1902  N  0  0  0  0  0
    4.6902   -0.8710   -0.3816  C  0  0  0  0  0
    6.0002   -0.0742   -0.6394  C  0  0  0  0  0
    6.3416    0.9052    0.4944  N  0  0  0  0  0
  1  6  1  0  0  0
  1 10  1  0  0  0
  1  2  1  0  0  0
  2  3  1  0  0  0
  3  4  1  0  0  0
  4  5  1  0  0  0
  5  6  1  0  0  0
  6  7  1  0  0  0
  7  8  1  0  0  0
  8  9  1  0  0  0
  9 10  1  0  0  0
M  END
$$$$
C12C(NCCN1)NCCN2
  -ISIS-

 10 11  0  0  0  0  0  0  0  0  1
    5.2189    1.8131    0.9494  C  0  0  0  0  0
    5.0650    3.0899    0.1773  N  0  0  0  0  0
    4.0109    4.0550    0.8318  C  0  0  0  0  0
    2.9341    3.3297    1.7007  C  0  0  0  0  0
    2.5435    1.9847    1.1014  N  0  0  0  0  0
    3.6971    1.0075    0.9927  C  0  0  0  0  0
    3.4971    0.0741   -0.1902  N  0  0  0  0  0
    4.6902   -0.8710   -0.3816  C  0  0  0  0  0
    6.0002   -0.0742   -0.6394  C  0  0  0  0  0
    6.3416    0.9052    0.4944  N  0  0  0  0  0
  1  6  1  0  0  0
  1 10  1  0  0  0
  1  2  1  0  0  0
  2  3  1  0  0  0
  3  4  1  0  0  0
  4  5  1  0  0  0
  5  6  1  0  0  0
  6  7  1  0  0  0
  7  8  1  0  0  0
  8  9  1  0  0  0
  9 10  1  0  0  0
M  END
$$$$
C12C(NCCN1)NCCN2
  -ISIS-

 10 11  0  0  0  0  0  0  0  0  1
    5.2189    1.8131    0.9494  C  0  0  0  0  0
    5.0650    3.0899    0.1773  N  0  0  0  0  0
    4.0109    4.0550    0.8318  C  0  0  0  0  0
    2.9341    3.3297    1.7007  C  0  0  0  0  0
    2.5435    1.9847    1.1014  N  0  0  0  0  0
    3.6971    1.0075    0.9927  C  0  0  0  0  0
    3.4971    0.0741   -0.1902  N  0  0  0  0  0
    4.6902   -0.8710   -0.3816  C  0  0  0  0  0
    6.0002   -0.0742   -0.6394  C  0  0  0  0  0
    6.3416    0.9052    0.4944  N  0  0  0  0  0
  1  6  1  0  0  0
  1 10  1  0  0  0
  1  2  1  0  0  0
  2  3  1  0  0  0
  3  4  1  0  0  0
  4  5  1  0  0  0
  5  6  1  0  0  0
  6  7  1  0  0  0
  7  8  1  0  0  0
  8  9  1  0  0  0
  9 10  1  0  0  0
M  END
$$$$
