c12c3c(C4(c1cccc2)CNCC4)cccc3
  -ISIS-

 17 20  0  0  0  0  0  0  0  0  1
    0.5614   -6.6598   -3.2520  C  0  0  0  0  0
    0.9589   -6.3503   -4.5167  N  0  0  0  0  0
    0.7084   -7.3652   -5.3855  C  0  0  0  0  0
   -0.1849   -8.3894   -4.7454  C  0  0  0  0  0
   -0.2606   -7.9343   -3.2854  C  0  0  0  0  0
    0.2587   -8.9677   -2.2920  C  0  0  0  0  0
   -0.7390   -9.2482   -1.3315  C  0  0  0  0  0
   -1.9228   -8.4713   -1.6353  C  0  0  0  0  0
   -1.6839   -7.6948   -2.7914  C  0  0  0  0  0
   -2.6676   -6.8667   -3.3169  C  0  0  0  0  0
   -3.9021   -6.8164   -2.6667  C  0  0  0  0  0
   -4.1393   -7.5825   -1.5144  C  0  0  0  0  0
   -3.1480   -8.4176   -0.9921  C  0  0  0  0  0
   -0.5006  -10.1560   -0.3132  C  0  0  0  0  0
    0.7454  -10.7866   -0.2605  C  0  0  0  0  0
    1.7340  -10.5091   -1.2179  C  0  0  0  0  0
    1.4977   -9.5936   -2.2453  C  0  0  0  0  0
  1  5  1  0  0  0
  1  2  1  0  0  0
  2  3  1  0  0  0
  3  4  1  0  0  0
  4  5  1  0  0  0
  5  9  1  0  0  0
  5  6  1  0  0  0
  6 17  2  0  0  0
  6  7  1  0  0  0
  7  8  1  0  0  0
  7 14  2  0  0  0
  8 13  2  0  0  0
  8  9  1  0  0  0
  9 10  2  0  0  0
 10 11  1  0  0  0
 11 12  2  0  0  0
 12 13  1  0  0  0
 14 15  1  0  0  0
 15 16  2  0  0  0
 16 17  1  0  0  0
M  END
$$$$
c12c3c(C4(c1cccc2)CNCC4)cccc3
  -ISIS-

 17 20  0  0  0  0  0  0  0  0  1
    0.5614   -6.6598   -3.2520  C  0  0  0  0  0
    0.9589   -6.3503   -4.5167  N  0  0  0  0  0
    0.7084   -7.3652   -5.3855  C  0  0  0  0  0
   -0.1849   -8.3894   -4.7454  C  0  0  0  0  0
   -0.2606   -7.9343   -3.2854  C  0  0  0  0  0
    0.2587   -8.9677   -2.2920  C  0  0  0  0  0
   -0.7390   -9.2482   -1.3315  C  0  0  0  0  0
   -1.9228   -8.4713   -1.6353  C  0  0  0  0  0
   -1.6839   -7.6948   -2.7914  C  0  0  0  0  0
   -2.6676   -6.8667   -3.3169  C  0  0  0  0  0
   -3.9021   -6.8164   -2.6667  C  0  0  0  0  0
   -4.1393   -7.5825   -1.5144  C  0  0  0  0  0
   -3.1480   -8.4176   -0.9921  C  0  0  0  0  0
   -0.5006  -10.1560   -0.3132  C  0  0  0  0  0
    0.7454  -10.7866   -0.2605  C  0  0  0  0  0
    1.7340  -10.5091   -1.2179  C  0  0  0  0  0
    1.4977   -9.5936   -2.2453  C  0  0  0  0  0
  1  5  1  0  0  0
  1  2  1  0  0  0
  2  3  1  0  0  0
  3  4  1  0  0  0
  4  5  1  0  0  0
  5  9  1  0  0  0
  5  6  1  0  0  0
  6 17  2  0  0  0
  6  7  1  0  0  0
  7  8  1  0  0  0
  7 14  2  0  0  0
  8 13  2  0  0  0
  8  9  1  0  0  0
  9 10  2  0  0  0
 10 11  1  0  0  0
 11 12  2  0  0  0
 12 13  1  0  0  0
 14 15  1  0  0  0
 15 16  2  0  0  0
 16 17  1  0  0  0
M  END
$$$$
c12c3c(C4(c1cccc2)CNCC4)cccc3
  -ISIS-

 17 20  0  0  0  0  0  0  0  0  1
    0.5614   -6.6598   -3.2520  C  0  0  0  0  0
    0.9589   -6.3503   -4.5167  N  0  0  0  0  0
    0.7084   -7.3652   -5.3855  C  0  0  0  0  0
   -0.1849   -8.3894   -4.7454  C  0  0  0  0  0
   -0.2606   -7.9343   -3.2854  C  0  0  0  0  0
    0.2587   -8.9677   -2.2920  C  0  0  0  0  0
   -0.7390   -9.2482   -1.3315  C  0  0  0  0  0
   -1.9228   -8.4713   -1.6353  C  0  0  0  0  0
   -1.6839   -7.6948   -2.7914  C  0  0  0  0  0
   -2.6676   -6.8667   -3.3169  C  0  0  0  0  0
   -3.9021   -6.8164   -2.6667  C  0  0  0  0  0
   -4.1393   -7.5825   -1.5144  C  0  0  0  0  0
   -3.1480   -8.4176   -0.9921  C  0  0  0  0  0
   -0.5006  -10.1560   -0.3132  C  0  0  0  0  0
    0.7454  -10.7866   -0.2605  C  0  0  0  0  0
    1.7340  -10.5091   -1.2179  C  0  0  0  0  0
    1.4977   -9.5936   -2.2453  C  0  0  0  0  0
  1  5  1  0  0  0
  1  2  1  0  0  0
  2  3  1  0  0  0
  3  4  1  0  0  0
  4  5  1  0  0  0
  5  9  1  0  0  0
  5  6  1  0  0  0
  6 17  2  0  0  0
  6  7  1  0  0  0
  7  8  1  0  0  0
  7 14  2  0  0  0
  8 13  2  0  0  0
  8  9  1  0  0  0
  9 10  2  0  0  0
 10 11  1  0  0  0
 11 12  2  0  0  0
 12 13  1  0  0  0
 14 15  1  0  0  0
 15 16  2  0  0  0
 16 17  1  0  0  0
M  END
$$$$
c12c3c(C4(c1cccc2)CNCC4)cccc3
  -ISIS-

 17 20  0  0  0  0  0  0  0  0  1
    1.3847   -3.4742    3.7067  C  0  0  0  0  0
    1.5729   -4.7523    4.1367  N  0  0  0  0  0
    1.3786   -4.8627    5.4784  C  0  0  0  0  0
    0.8100   -3.5858    6.0316  C  0  0  0  0  0
    0.6950   -2.6831    4.8012  C  0  0  0  0  0
   -0.7486   -2.3652    4.4145  C  0  0  0  0  0
   -0.9209   -0.9650    4.3379  C  0  0  0  0  0
    0.3248   -0.3131    4.6850  C  0  0  0  0  0
    1.2962   -1.2961    4.9803  C  0  0  0  0  0
    2.5844   -0.9416    5.3590  C  0  0  0  0  0
    2.8963    0.4169    5.4407  C  0  0  0  0  0
    1.9332    1.3948    5.1463  C  0  0  0  0  0
    0.6380    1.0335    4.7663  C  0  0  0  0  0
   -2.1479   -0.4249    3.9912  C  0  0  0  0  0
   -3.2089   -1.2951    3.7266  C  0  0  0  0  0
   -3.0390   -2.6858    3.8145  C  0  0  0  0  0
   -1.8028   -3.2343    4.1613  C  0  0  0  0  0
  1  5  1  0  0  0
  1  2  1  0  0  0
  2  3  1  0  0  0
  3  4  1  0  0  0
  4  5  1  0  0  0
  5  9  1  0  0  0
  5  6  1  0  0  0
  6 17  2  0  0  0
  6  7  1  0  0  0
  7  8  1  0  0  0
  7 14  2  0  0  0
  8 13  2  0  0  0
  8  9  1  0  0  0
  9 10  2  0  0  0
 10 11  1  0  0  0
 11 12  2  0  0  0
 12 13  1  0  0  0
 14 15  1  0  0  0
 15 16  2  0  0  0
 16 17  1  0  0  0
M  END
$$$$
c12c3c(C4(c1cccc2)CNCC4)cccc3
  -ISIS-

 17 20  0  0  0  0  0  0  0  0  1
    1.3847   -3.4742    3.7067  C  0  0  0  0  0
    1.5729   -4.7523    4.1367  N  0  0  0  0  0
    1.3786   -4.8627    5.4784  C  0  0  0  0  0
    0.8100   -3.5858    6.0316  C  0  0  0  0  0
    0.6950   -2.6831    4.8012  C  0  0  0  0  0
   -0.7486   -2.3652    4.4145  C  0  0  0  0  0
   -0.9209   -0.9650    4.3379  C  0  0  0  0  0
    0.3248   -0.3131    4.6850  C  0  0  0  0  0
    1.2962   -1.2961    4.9803  C  0  0  0  0  0
    2.5844   -0.9416    5.3590  C  0  0  0  0  0
    2.8963    0.4169    5.4407  C  0  0  0  0  0
    1.9332    1.3948    5.1463  C  0  0  0  0  0
    0.6380    1.0335    4.7663  C  0  0  0  0  0
   -2.1479   -0.4249    3.9912  C  0  0  0  0  0
   -3.2089   -1.2951    3.7266  C  0  0  0  0  0
   -3.0390   -2.6858    3.8145  C  0  0  0  0  0
   -1.8028   -3.2343    4.1613  C  0  0  0  0  0
  1  5  1  0  0  0
  1  2  1  0  0  0
  2  3  1  0  0  0
  3  4  1  0  0  0
  4  5  1  0  0  0
  5  9  1  0  0  0
  5  6  1  0  0  0
  6 17  2  0  0  0
  6  7  1  0  0  0
  7  8  1  0  0  0
  7 14  2  0  0  0
  8 13  2  0  0  0
  8  9  1  0  0  0
  9 10  2  0  0  0
 10 11  1  0  0  0
 11 12  2  0  0  0
 12 13  1  0  0  0
 14 15  1  0  0  0
 15 16  2  0  0  0
 16 17  1  0  0  0
M  END
$$$$
c12c3c(C4(c1cccc2)CNCC4)cccc3
  -ISIS-

 17 20  0  0  0  0  0  0  0  0  1
    1.3847   -3.4742    3.7067  C  0  0  0  0  0
    1.5729   -4.7523    4.1367  N  0  0  0  0  0
    1.3786   -4.8627    5.4784  C  0  0  0  0  0
    0.8100   -3.5858    6.0316  C  0  0  0  0  0
    0.6950   -2.6831    4.8012  C  0  0  0  0  0
   -0.7486   -2.3652    4.4145  C  0  0  0  0  0
   -0.9209   -0.9650    4.3379  C  0  0  0  0  0
    0.3248   -0.3131    4.6850  C  0  0  0  0  0
    1.2962   -1.2961    4.9803  C  0  0  0  0  0
    2.5844   -0.9416    5.3590  C  0  0  0  0  0
    2.8963    0.4169    5.4407  C  0  0  0  0  0
    1.9332    1.3948    5.1463  C  0  0  0  0  0
    0.6380    1.0335    4.7663  C  0  0  0  0  0
   -2.1479   -0.4249    3.9912  C  0  0  0  0  0
   -3.2089   -1.2951    3.7266  C  0  0  0  0  0
   -3.0390   -2.6858    3.8145  C  0  0  0  0  0
   -1.8028   -3.2343    4.1613  C  0  0  0  0  0
  1  5  1  0  0  0
  1  2  1  0  0  0
  2  3  1  0  0  0
  3  4  1  0  0  0
  4  5  1  0  0  0
  5  9  1  0  0  0
  5  6  1  0  0  0
  6 17  2  0  0  0
  6  7  1  0  0  0
  7  8  1  0  0  0
  7 14  2  0  0  0
  8 13  2  0  0  0
  8  9  1  0  0  0
  9 10  2  0  0  0
 10 11  1  0  0  0
 11 12  2  0  0  0
 12 13  1  0  0  0
 14 15  1  0  0  0
 15 16  2  0  0  0
 16 17  1  0  0  0
M  END
$$$$
c12c3c(C4(c1cccc2)CNCC4)cccc3
  -ISIS-

 17 20  0  0  0  0  0  0  0  0  1
    2.9694   -1.0957    2.3808  C  0  0  0  0  0
    3.2994   -0.2741    3.4119  N  0  0  0  0  0
    3.1489    1.0397    3.1251  C  0  0  0  0  0
    2.6809    1.2034    1.7091  C  0  0  0  0  0
    2.5013   -0.2386    1.2180  C  0  0  0  0  0
    1.0606   -0.5487    0.8121  C  0  0  0  0  0
    1.0190   -0.9528   -0.5408  C  0  0  0  0  0
    2.3624   -0.9400   -1.0812  C  0  0  0  0  0
    3.2627   -0.5275   -0.0739  C  0  0  0  0  0
    4.6256   -0.4327   -0.3228  C  0  0  0  0  0
    5.0859   -0.7525   -1.6015  C  0  0  0  0  0
    4.1930   -1.1597   -2.6056  C  0  0  0  0  0
    2.8222   -1.2565   -2.3491  C  0  0  0  0  0
   -0.1857   -1.2839   -1.1392  C  0  0  0  0  0
   -1.3537   -1.2092   -0.3746  C  0  0  0  0  0
   -1.3090   -0.8088    0.9705  C  0  0  0  0  0
   -0.0966   -0.4745    1.5764  C  0  0  0  0  0
  1  5  1  0  0  0
  1  2  1  0  0  0
  2  3  1  0  0  0
  3  4  1  0  0  0
  4  5  1  0  0  0
  5  9  1  0  0  0
  5  6  1  0  0  0
  6 17  2  0  0  0
  6  7  1  0  0  0
  7  8  1  0  0  0
  7 14  2  0  0  0
  8 13  2  0  0  0
  8  9  1  0  0  0
  9 10  2  0  0  0
 10 11  1  0  0  0
 11 12  2  0  0  0
 12 13  1  0  0  0
 14 15  1  0  0  0
 15 16  2  0  0  0
 16 17  1  0  0  0
M  END
$$$$
c12c3c(C4(c1cccc2)CNCC4)cccc3
  -ISIS-

 17 20  0  0  0  0  0  0  0  0  1
    2.9694   -1.0957    2.3808  C  0  0  0  0  0
    3.2994   -0.2741    3.4119  N  0  0  0  0  0
    3.1489    1.0397    3.1251  C  0  0  0  0  0
    2.6809    1.2034    1.7091  C  0  0  0  0  0
    2.5013   -0.2386    1.2180  C  0  0  0  0  0
    1.0606   -0.5487    0.8121  C  0  0  0  0  0
    1.0190   -0.9528   -0.5408  C  0  0  0  0  0
    2.3624   -0.9400   -1.0812  C  0  0  0  0  0
    3.2627   -0.5275   -0.0739  C  0  0  0  0  0
    4.6256   -0.4327   -0.3228  C  0  0  0  0  0
    5.0859   -0.7525   -1.6015  C  0  0  0  0  0
    4.1930   -1.1597   -2.6056  C  0  0  0  0  0
    2.8222   -1.2565   -2.3491  C  0  0  0  0  0
   -0.1857   -1.2839   -1.1392  C  0  0  0  0  0
   -1.3537   -1.2092   -0.3746  C  0  0  0  0  0
   -1.3090   -0.8088    0.9705  C  0  0  0  0  0
   -0.0966   -0.4745    1.5764  C  0  0  0  0  0
  1  5  1  0  0  0
  1  2  1  0  0  0
  2  3  1  0  0  0
  3  4  1  0  0  0
  4  5  1  0  0  0
  5  9  1  0  0  0
  5  6  1  0  0  0
  6 17  2  0  0  0
  6  7  1  0  0  0
  7  8  1  0  0  0
  7 14  2  0  0  0
  8 13  2  0  0  0
  8  9  1  0  0  0
  9 10  2  0  0  0
 10 11  1  0  0  0
 11 12  2  0  0  0
 12 13  1  0  0  0
 14 15  1  0  0  0
 15 16  2  0  0  0
 16 17  1  0  0  0
M  END
$$$$
c12c3c(C4(c1cccc2)CNCC4)cccc3
  -ISIS-

 17 20  0  0  0  0  0  0  0  0  1
    1.0307   -1.7899    2.1908  C  0  0  0  0  0
    1.8771   -1.2349    1.2731  N  0  0  0  0  0
    1.2907   -1.1267    0.0544  C  0  0  0  0  0
   -0.0539   -1.7898    0.0488  C  0  0  0  0  0
   -0.1361   -2.4150    1.4448  C  0  0  0  0  0
   -1.4755   -2.1952    2.1350  C  0  0  0  0  0
   -2.0459   -3.4411    2.4789  C  0  0  0  0  0
   -1.1633   -4.5041    2.0454  C  0  0  0  0  0
   -0.0283   -3.9399    1.4211  C  0  0  0  0  0
    0.9725   -4.7444    0.8899  C  0  0  0  0  0
    0.8318   -6.1294    0.9986  C  0  0  0  0  0
   -0.2915   -6.6909    1.6256  C  0  0  0  0  0
   -1.2988   -5.8783    2.1523  C  0  0  0  0  0
   -3.2705   -3.5019    3.1233  C  0  0  0  0  0
   -3.9254   -2.3050    3.4251  C  0  0  0  0  0
   -3.3563   -1.0680    3.0844  C  0  0  0  0  0
   -2.1219   -1.0032    2.4351  C  0  0  0  0  0
  1  5  1  0  0  0
  1  2  1  0  0  0
  2  3  1  0  0  0
  3  4  1  0  0  0
  4  5  1  0  0  0
  5  9  1  0  0  0
  5  6  1  0  0  0
  6 17  2  0  0  0
  6  7  1  0  0  0
  7  8  1  0  0  0
  7 14  2  0  0  0
  8 13  2  0  0  0
  8  9  1  0  0  0
  9 10  2  0  0  0
 10 11  1  0  0  0
 11 12  2  0  0  0
 12 13  1  0  0  0
 14 15  1  0  0  0
 15 16  2  0  0  0
 16 17  1  0  0  0
M  END
$$$$
c12c3c(C4(c1cccc2)CNCC4)cccc3
  -ISIS-

 17 20  0  0  0  0  0  0  0  0  1
    1.0307   -1.7899    2.1908  C  0  0  0  0  0
    1.8771   -1.2349    1.2731  N  0  0  0  0  0
    1.2907   -1.1267    0.0544  C  0  0  0  0  0
   -0.0539   -1.7898    0.0488  C  0  0  0  0  0
   -0.1361   -2.4150    1.4448  C  0  0  0  0  0
   -1.4755   -2.1952    2.1350  C  0  0  0  0  0
   -2.0459   -3.4411    2.4789  C  0  0  0  0  0
   -1.1633   -4.5041    2.0454  C  0  0  0  0  0
   -0.0283   -3.9399    1.4211  C  0  0  0  0  0
    0.9725   -4.7444    0.8899  C  0  0  0  0  0
    0.8318   -6.1294    0.9986  C  0  0  0  0  0
   -0.2915   -6.6909    1.6256  C  0  0  0  0  0
   -1.2988   -5.8783    2.1523  C  0  0  0  0  0
   -3.2705   -3.5019    3.1233  C  0  0  0  0  0
   -3.9254   -2.3050    3.4251  C  0  0  0  0  0
   -3.3563   -1.0680    3.0844  C  0  0  0  0  0
   -2.1219   -1.0032    2.4351  C  0  0  0  0  0
  1  5  1  0  0  0
  1  2  1  0  0  0
  2  3  1  0  0  0
  3  4  1  0  0  0
  4  5  1  0  0  0
  5  9  1  0  0  0
  5  6  1  0  0  0
  6 17  2  0  0  0
  6  7  1  0  0  0
  7  8  1  0  0  0
  7 14  2  0  0  0
  8 13  2  0  0  0
  8  9  1  0  0  0
  9 10  2  0  0  0
 10 11  1  0  0  0
 11 12  2  0  0  0
 12 13  1  0  0  0
 14 15  1  0  0  0
 15 16  2  0  0  0
 16 17  1  0  0  0
M  END
$$$$
c12c3c(C4(c1cccc2)CNCC4)cccc3
  -ISIS-

 17 20  0  0  0  0  0  0  0  0  1
    1.0307   -1.7899    2.1908  C  0  0  0  0  0
    1.8771   -1.2349    1.2731  N  0  0  0  0  0
    1.2907   -1.1267    0.0544  C  0  0  0  0  0
   -0.0539   -1.7898    0.0488  C  0  0  0  0  0
   -0.1361   -2.4150    1.4448  C  0  0  0  0  0
   -1.4755   -2.1952    2.1350  C  0  0  0  0  0
   -2.0459   -3.4411    2.4789  C  0  0  0  0  0
   -1.1633   -4.5041    2.0454  C  0  0  0  0  0
   -0.0283   -3.9399    1.4211  C  0  0  0  0  0
    0.9725   -4.7444    0.8899  C  0  0  0  0  0
    0.8318   -6.1294    0.9986  C  0  0  0  0  0
   -0.2915   -6.6909    1.6256  C  0  0  0  0  0
   -1.2988   -5.8783    2.1523  C  0  0  0  0  0
   -3.2705   -3.5019    3.1233  C  0  0  0  0  0
   -3.9254   -2.3050    3.4251  C  0  0  0  0  0
   -3.3563   -1.0680    3.0844  C  0  0  0  0  0
   -2.1219   -1.0032    2.4351  C  0  0  0  0  0
  1  5  1  0  0  0
  1  2  1  0  0  0
  2  3  1  0  0  0
  3  4  1  0  0  0
  4  5  1  0  0  0
  5  9  1  0  0  0
  5  6  1  0  0  0
  6 17  2  0  0  0
  6  7  1  0  0  0
  7  8  1  0  0  0
  7 14  2  0  0  0
  8 13  2  0  0  0
  8  9  1  0  0  0
  9 10  2  0  0  0
 10 11  1  0  0  0
 11 12  2  0  0  0
 12 13  1  0  0  0
 14 15  1  0  0  0
 15 16  2  0  0  0
 16 17  1  0  0  0
M  END
$$$$
c12c3c(C4(c1cccc2)CNCC4)cccc3
  -ISIS-

 17 20  0  0  0  0  0  0  0  0  1
    0.9139   -1.5560   -3.2095  C  0  0  0  0  0
    1.8570   -0.7865   -2.5901  N  0  0  0  0  0
    1.4026   -0.2851   -1.4138  C  0  0  0  0  0
    0.0604   -0.8599   -1.0730  C  0  0  0  0  0
   -0.1897   -1.8572   -2.2092  C  0  0  0  0  0
   -1.5845   -1.7554   -2.8128  C  0  0  0  0  0
   -2.2372   -3.0050   -2.7207  C  0  0  0  0  0
   -1.3572   -3.9545   -2.0720  C  0  0  0  0  0
   -0.1411   -3.3132   -1.7462  C  0  0  0  0  0
    0.8777   -3.9964   -1.0936  C  0  0  0  0  0
    0.6714   -5.3402   -0.7750  C  0  0  0  0  0
   -0.5336   -5.9801   -1.1044  C  0  0  0  0  0
   -1.5578   -5.2877   -1.7554  C  0  0  0  0  0
   -3.5239   -3.1657   -3.2077  C  0  0  0  0  0
   -4.1582   -2.0660   -3.7915  C  0  0  0  0  0
   -3.5075   -0.8256   -3.8838  C  0  0  0  0  0
   -2.2105   -0.6603   -3.3940  C  0  0  0  0  0
  1  5  1  0  0  0
  1  2  1  0  0  0
  2  3  1  0  0  0
  3  4  1  0  0  0
  4  5  1  0  0  0
  5  9  1  0  0  0
  5  6  1  0  0  0
  6 17  2  0  0  0
  6  7  1  0  0  0
  7  8  1  0  0  0
  7 14  2  0  0  0
  8 13  2  0  0  0
  8  9  1  0  0  0
  9 10  2  0  0  0
 10 11  1  0  0  0
 11 12  2  0  0  0
 12 13  1  0  0  0
 14 15  1  0  0  0
 15 16  2  0  0  0
 16 17  1  0  0  0
M  END
$$$$
c12c3c(C4(c1cccc2)CNCC4)cccc3
  -ISIS-

 17 20  0  0  0  0  0  0  0  0  1
    0.9139   -1.5560   -3.2095  C  0  0  0  0  0
    1.8570   -0.7865   -2.5901  N  0  0  0  0  0
    1.4026   -0.2851   -1.4138  C  0  0  0  0  0
    0.0604   -0.8599   -1.0730  C  0  0  0  0  0
   -0.1897   -1.8572   -2.2092  C  0  0  0  0  0
   -1.5845   -1.7554   -2.8128  C  0  0  0  0  0
   -2.2372   -3.0050   -2.7207  C  0  0  0  0  0
   -1.3572   -3.9545   -2.0720  C  0  0  0  0  0
   -0.1411   -3.3132   -1.7462  C  0  0  0  0  0
    0.8777   -3.9964   -1.0936  C  0  0  0  0  0
    0.6714   -5.3402   -0.7750  C  0  0  0  0  0
   -0.5336   -5.9801   -1.1044  C  0  0  0  0  0
   -1.5578   -5.2877   -1.7554  C  0  0  0  0  0
   -3.5239   -3.1657   -3.2077  C  0  0  0  0  0
   -4.1582   -2.0660   -3.7915  C  0  0  0  0  0
   -3.5075   -0.8256   -3.8838  C  0  0  0  0  0
   -2.2105   -0.6603   -3.3940  C  0  0  0  0  0
  1  5  1  0  0  0
  1  2  1  0  0  0
  2  3  1  0  0  0
  3  4  1  0  0  0
  4  5  1  0  0  0
  5  9  1  0  0  0
  5  6  1  0  0  0
  6 17  2  0  0  0
  6  7  1  0  0  0
  7  8  1  0  0  0
  7 14  2  0  0  0
  8 13  2  0  0  0
  8  9  1  0  0  0
  9 10  2  0  0  0
 10 11  1  0  0  0
 11 12  2  0  0  0
 12 13  1  0  0  0
 14 15  1  0  0  0
 15 16  2  0  0  0
 16 17  1  0  0  0
M  END
$$$$
c12c3c(C4(c1cccc2)CNCC4)cccc3
  -ISIS-

 17 20  0  0  0  0  0  0  0  0  1
    0.9139   -1.5560   -3.2095  C  0  0  0  0  0
    1.8570   -0.7865   -2.5901  N  0  0  0  0  0
    1.4026   -0.2851   -1.4138  C  0  0  0  0  0
    0.0604   -0.8599   -1.0730  C  0  0  0  0  0
   -0.1897   -1.8572   -2.2092  C  0  0  0  0  0
   -1.5845   -1.7554   -2.8128  C  0  0  0  0  0
   -2.2372   -3.0050   -2.7207  C  0  0  0  0  0
   -1.3572   -3.9545   -2.0720  C  0  0  0  0  0
   -0.1411   -3.3132   -1.7462  C  0  0  0  0  0
    0.8777   -3.9964   -1.0936  C  0  0  0  0  0
    0.6714   -5.3402   -0.7750  C  0  0  0  0  0
   -0.5336   -5.9801   -1.1044  C  0  0  0  0  0
   -1.5578   -5.2877   -1.7554  C  0  0  0  0  0
   -3.5239   -3.1657   -3.2077  C  0  0  0  0  0
   -4.1582   -2.0660   -3.7915  C  0  0  0  0  0
   -3.5075   -0.8256   -3.8838  C  0  0  0  0  0
   -2.2105   -0.6603   -3.3940  C  0  0  0  0  0
  1  5  1  0  0  0
  1  2  1  0  0  0
  2  3  1  0  0  0
  3  4  1  0  0  0
  4  5  1  0  0  0
  5  9  1  0  0  0
  5  6  1  0  0  0
  6 17  2  0  0  0
  6  7  1  0  0  0
  7  8  1  0  0  0
  7 14  2  0  0  0
  8 13  2  0  0  0
  8  9  1  0  0  0
  9 10  2  0  0  0
 10 11  1  0  0  0
 11 12  2  0  0  0
 12 13  1  0  0  0
 14 15  1  0  0  0
 15 16  2  0  0  0
 16 17  1  0  0  0
M  END
$$$$
c12c3c(C4(c1cccc2)CNCC4)cccc3
  -ISIS-

 17 20  0  0  0  0  0  0  0  0  1
   -0.4228   -0.4541   -0.6827  C  0  0  0  0  0
    0.6227   -0.5037    0.1948  N  0  0  0  0  0
    0.4260    0.3178    1.2553  C  0  0  0  0  0
   -0.7750    1.1891    1.0431  C  0  0  0  0  0
   -1.3143    0.7200   -0.3117  C  0  0  0  0  0
   -1.2892    1.8109   -1.3799  C  0  0  0  0  0
   -2.5908    2.0010   -1.8958  C  0  0  0  0  0
   -3.5059    1.1048   -1.2207  C  0  0  0  0  0
   -2.7905    0.3388   -0.2735  C  0  0  0  0  0
   -3.4330   -0.6012    0.5220  C  0  0  0  0  0
   -4.8099   -0.7691    0.3620  C  0  0  0  0  0
   -5.5224   -0.0086   -0.5784  C  0  0  0  0  0
   -4.8716    0.9354   -1.3772  C  0  0  0  0  0
   -2.8266    2.9404   -2.8859  C  0  0  0  0  0
   -1.7505    3.6962   -3.3581  C  0  0  0  0  0
   -0.4593    3.5114   -2.8398  C  0  0  0  0  0
   -0.2179    2.5645   -1.8423  C  0  0  0  0  0
  1  5  1  0  0  0
  1  2  1  0  0  0
  2  3  1  0  0  0
  3  4  1  0  0  0
  4  5  1  0  0  0
  5  9  1  0  0  0
  5  6  1  0  0  0
  6 17  2  0  0  0
  6  7  1  0  0  0
  7  8  1  0  0  0
  7 14  2  0  0  0
  8 13  2  0  0  0
  8  9  1  0  0  0
  9 10  2  0  0  0
 10 11  1  0  0  0
 11 12  2  0  0  0
 12 13  1  0  0  0
 14 15  1  0  0  0
 15 16  2  0  0  0
 16 17  1  0  0  0
M  END
$$$$
c12c3c(C4(c1cccc2)CNCC4)cccc3
  -ISIS-

 17 20  0  0  0  0  0  0  0  0  1
   -0.4228   -0.4541   -0.6827  C  0  0  0  0  0
    0.6227   -0.5037    0.1948  N  0  0  0  0  0
    0.4260    0.3178    1.2553  C  0  0  0  0  0
   -0.7750    1.1891    1.0431  C  0  0  0  0  0
   -1.3143    0.7200   -0.3117  C  0  0  0  0  0
   -1.2892    1.8109   -1.3799  C  0  0  0  0  0
   -2.5908    2.0010   -1.8958  C  0  0  0  0  0
   -3.5059    1.1048   -1.2207  C  0  0  0  0  0
   -2.7905    0.3388   -0.2735  C  0  0  0  0  0
   -3.4330   -0.6012    0.5220  C  0  0  0  0  0
   -4.8099   -0.7691    0.3620  C  0  0  0  0  0
   -5.5224   -0.0086   -0.5784  C  0  0  0  0  0
   -4.8716    0.9354   -1.3772  C  0  0  0  0  0
   -2.8266    2.9404   -2.8859  C  0  0  0  0  0
   -1.7505    3.6962   -3.3581  C  0  0  0  0  0
   -0.4593    3.5114   -2.8398  C  0  0  0  0  0
   -0.2179    2.5645   -1.8423  C  0  0  0  0  0
  1  5  1  0  0  0
  1  2  1  0  0  0
  2  3  1  0  0  0
  3  4  1  0  0  0
  4  5  1  0  0  0
  5  9  1  0  0  0
  5  6  1  0  0  0
  6 17  2  0  0  0
  6  7  1  0  0  0
  7  8  1  0  0  0
  7 14  2  0  0  0
  8 13  2  0  0  0
  8  9  1  0  0  0
  9 10  2  0  0  0
 10 11  1  0  0  0
 11 12  2  0  0  0
 12 13  1  0  0  0
 14 15  1  0  0  0
 15 16  2  0  0  0
 16 17  1  0  0  0
M  END
$$$$
c12c3c(C4(c1cccc2)CNCC4)cccc3
  -ISIS-

 17 20  0  0  0  0  0  0  0  0  1
   -0.4228   -0.4541   -0.6827  C  0  0  0  0  0
    0.6227   -0.5037    0.1948  N  0  0  0  0  0
    0.4260    0.3178    1.2553  C  0  0  0  0  0
   -0.7750    1.1891    1.0431  C  0  0  0  0  0
   -1.3143    0.7200   -0.3117  C  0  0  0  0  0
   -1.2892    1.8109   -1.3799  C  0  0  0  0  0
   -2.5908    2.0010   -1.8958  C  0  0  0  0  0
   -3.5059    1.1048   -1.2207  C  0  0  0  0  0
   -2.7905    0.3388   -0.2735  C  0  0  0  0  0
   -3.4330   -0.6012    0.5220  C  0  0  0  0  0
   -4.8099   -0.7691    0.3620  C  0  0  0  0  0
   -5.5224   -0.0086   -0.5784  C  0  0  0  0  0
   -4.8716    0.9354   -1.3772  C  0  0  0  0  0
   -2.8266    2.9404   -2.8859  C  0  0  0  0  0
   -1.7505    3.6962   -3.3581  C  0  0  0  0  0
   -0.4593    3.5114   -2.8398  C  0  0  0  0  0
   -0.2179    2.5645   -1.8423  C  0  0  0  0  0
  1  5  1  0  0  0
  1  2  1  0  0  0
  2  3  1  0  0  0
  3  4  1  0  0  0
  4  5  1  0  0  0
  5  9  1  0  0  0
  5  6  1  0  0  0
  6 17  2  0  0  0
  6  7  1  0  0  0
  7  8  1  0  0  0
  7 14  2  0  0  0
  8 13  2  0  0  0
  8  9  1  0  0  0
  9 10  2  0  0  0
 10 11  1  0  0  0
 11 12  2  0  0  0
 12 13  1  0  0  0
 14 15  1  0  0  0
 15 16  2  0  0  0
 16 17  1  0  0  0
M  END
$$$$
