C12c3c(OCC=1CCC2)cc[c]4[c]3occ4
  -ISIS-

 16 19  0  0  0  0  0  0  0  0  1
   -3.4686    0.9652   -2.3551  C  0  0  0  0  0
   -2.7169    0.2393   -1.4267  C  0  0  0  0  0
   -2.4623   -1.1390   -1.6705  C  0  0  0  0  0
   -2.9651   -1.6989   -2.8647  C  0  0  0  0  0
   -3.7050   -0.9280   -3.7566  C  0  0  0  0  0
   -4.1893   -1.5702   -4.9241  O  0  0  0  0  0
   -4.9586   -0.8929   -5.8716  C  0  0  0  0  0
   -5.2108    0.5240   -5.5875  C  0  0  0  0  0
   -4.7540    1.1537   -4.5020  C  0  0  0  0  0
   -3.9786    0.4199   -3.5319  C  0  0  0  0  0
   -5.1572    2.5854   -4.4740  C  0  0  0  0  0
   -5.6831    2.8037   -5.8993  C  0  0  0  0  0
   -6.0052    1.4178   -6.4696  C  0  0  0  0  0
   -2.3880    1.1763   -0.3942  C  0  0  0  0  0
   -2.9599    2.3824   -0.7534  C  0  0  0  0  0
   -3.6177    2.2542   -1.9366  O  0  0  0  0  0
  1 10  2  0  0  0
  1 16  1  0  0  0
  1  2  1  0  0  0
  2  3  2  0  0  0
  2 14  1  0  0  0
  3  4  1  0  0  0
  4  5  2  0  0  0
  5 10  2  0  0  0
  5  6  1  0  0  0
  6  7  1  0  0  0
  7  8  1  0  0  0
  8 13  1  0  0  0
  8  9  2  0  0  0
  9 10  1  0  0  0
  9 11  1  0  0  0
 11 12  1  0  0  0
 12 13  1  0  0  0
 14 15  2  0  0  0
 15 16  1  0  0  0
M  END
$$$$
