c12c(c3c([s]1)CCCC3)CSC=N2
  -ISIS-

 13 15  0  0  0  0  0  0  0  0  1
   -3.2046   -0.7756   -7.8550  C  0  0  0  0  0
   -2.8094   -0.9544   -9.5139  S  0  0  0  0  0
   -3.2588    0.6417   -9.8647  C  0  0  0  0  0
   -3.7235    1.3176   -8.7538  C  0  0  0  0  0
   -3.6788    0.4870   -7.5732  C  0  0  0  0  0
   -4.0523    0.8705   -6.2289  C  0  0  0  0  0
   -4.0767   -0.3581   -4.9881  S  0  0  0  0  0
   -3.3665   -1.7206   -5.7936  C  0  0  0  0  0
   -3.0105   -1.8268   -7.0316  N  0  0  0  0  0
   -4.1706    2.7517   -8.8354  C  0  0  0  0  0
   -4.3989    3.2046  -10.2865  C  0  0  0  0  0
   -3.2721    2.7343  -11.2153  C  0  0  0  0  0
   -3.1731    1.2023  -11.2504  C  0  0  0  0  0
  1  9  1  0  0  0
  1  5  2  0  0  0
  1  2  1  0  0  0
  2  3  1  0  0  0
  3 13  1  0  0  0
  3  4  2  0  0  0
  4  5  1  0  0  0
  4 10  1  0  0  0
  5  6  1  0  0  0
  6  7  1  0  0  0
  7  8  1  0  0  0
  8  9  2  0  0  0
 10 11  1  0  0  0
 11 12  1  0  0  0
 12 13  1  0  0  0
M  END
$$$$
c12c(c3c([s]1)CCCC3)CSC=N2
  -ISIS-

 13 15  0  0  0  0  0  0  0  0  1
   -3.2046   -0.7756   -7.8550  C  0  0  0  0  0
   -2.8094   -0.9544   -9.5139  S  0  0  0  0  0
   -3.2588    0.6417   -9.8647  C  0  0  0  0  0
   -3.7235    1.3176   -8.7538  C  0  0  0  0  0
   -3.6788    0.4870   -7.5732  C  0  0  0  0  0
   -4.0523    0.8705   -6.2289  C  0  0  0  0  0
   -4.0767   -0.3581   -4.9881  S  0  0  0  0  0
   -3.3665   -1.7206   -5.7936  C  0  0  0  0  0
   -3.0105   -1.8268   -7.0316  N  0  0  0  0  0
   -4.1706    2.7517   -8.8354  C  0  0  0  0  0
   -4.3989    3.2046  -10.2865  C  0  0  0  0  0
   -3.2721    2.7343  -11.2153  C  0  0  0  0  0
   -3.1731    1.2023  -11.2504  C  0  0  0  0  0
  1  9  1  0  0  0
  1  5  2  0  0  0
  1  2  1  0  0  0
  2  3  1  0  0  0
  3 13  1  0  0  0
  3  4  2  0  0  0
  4  5  1  0  0  0
  4 10  1  0  0  0
  5  6  1  0  0  0
  6  7  1  0  0  0
  7  8  1  0  0  0
  8  9  2  0  0  0
 10 11  1  0  0  0
 11 12  1  0  0  0
 12 13  1  0  0  0
M  END
$$$$
c12c(c3c([s]1)CCCC3)CSC=N2
  -ISIS-

 13 15  0  0  0  0  0  0  0  0  1
   -2.3157    2.8652   -0.4431  C  0  0  0  0  0
   -3.4158    2.1104    0.6317  S  0  0  0  0  0
   -4.4467    1.6556   -0.6353  C  0  0  0  0  0
   -3.9728    2.0485   -1.8716  C  0  0  0  0  0
   -2.7262    2.7657   -1.7547  C  0  0  0  0  0
   -1.9579    3.3557   -2.8299  C  0  0  0  0  0
   -0.3432    3.9236   -2.4741  S  0  0  0  0  0
   -0.3538    3.9566   -0.7411  C  0  0  0  0  0
   -1.2258    3.4723    0.0696  N  0  0  0  0  0
   -4.7340    1.7564   -3.1357  C  0  0  0  0  0
   -5.8212    0.6908   -2.9213  C  0  0  0  0  0
   -6.6143    0.9373   -1.6312  C  0  0  0  0  0
   -5.7077    0.8852   -0.3927  C  0  0  0  0  0
  1  9  1  0  0  0
  1  5  2  0  0  0
  1  2  1  0  0  0
  2  3  1  0  0  0
  3 13  1  0  0  0
  3  4  2  0  0  0
  4  5  1  0  0  0
  4 10  1  0  0  0
  5  6  1  0  0  0
  6  7  1  0  0  0
  7  8  1  0  0  0
  8  9  2  0  0  0
 10 11  1  0  0  0
 11 12  1  0  0  0
 12 13  1  0  0  0
M  END
$$$$
c12c(c3c([s]1)CCCC3)CSC=N2
  -ISIS-

 13 15  0  0  0  0  0  0  0  0  1
   -2.3157    2.8652   -0.4431  C  0  0  0  0  0
   -3.4158    2.1104    0.6317  S  0  0  0  0  0
   -4.4467    1.6556   -0.6353  C  0  0  0  0  0
   -3.9728    2.0485   -1.8716  C  0  0  0  0  0
   -2.7262    2.7657   -1.7547  C  0  0  0  0  0
   -1.9579    3.3557   -2.8299  C  0  0  0  0  0
   -0.3432    3.9236   -2.4741  S  0  0  0  0  0
   -0.3538    3.9566   -0.7411  C  0  0  0  0  0
   -1.2258    3.4723    0.0696  N  0  0  0  0  0
   -4.7340    1.7564   -3.1357  C  0  0  0  0  0
   -5.8212    0.6908   -2.9213  C  0  0  0  0  0
   -6.6143    0.9373   -1.6312  C  0  0  0  0  0
   -5.7077    0.8852   -0.3927  C  0  0  0  0  0
  1  9  1  0  0  0
  1  5  2  0  0  0
  1  2  1  0  0  0
  2  3  1  0  0  0
  3 13  1  0  0  0
  3  4  2  0  0  0
  4  5  1  0  0  0
  4 10  1  0  0  0
  5  6  1  0  0  0
  6  7  1  0  0  0
  7  8  1  0  0  0
  8  9  2  0  0  0
 10 11  1  0  0  0
 11 12  1  0  0  0
 12 13  1  0  0  0
M  END
$$$$
c12c(c3c([s]1)CCCC3)CSC=N2
  -ISIS-

 13 15  0  0  0  0  0  0  0  0  1
    1.9385   -7.4404   -2.5615  C  0  0  0  0  0
    2.9970   -8.5459   -3.3348  S  0  0  0  0  0
    3.7927   -7.3057   -4.1724  C  0  0  0  0  0
    3.2673   -6.0587   -3.8971  C  0  0  0  0  0
    2.1868   -6.1398   -2.9424  C  0  0  0  0  0
    1.4275   -5.0355   -2.3966  C  0  0  0  0  0
    0.0436   -5.3919   -1.3930  S  0  0  0  0  0
    0.1798   -7.1059   -1.1603  C  0  0  0  0  0
    1.0261   -7.9248   -1.6933  N  0  0  0  0  0
    3.8274   -4.8126   -4.5266  C  0  0  0  0  0
    4.7313   -5.1285   -5.7294  C  0  0  0  0  0
    5.6854   -6.2936   -5.4357  C  0  0  0  0  0
    4.9170   -7.5852   -5.1211  C  0  0  0  0  0
  1  9  1  0  0  0
  1  5  2  0  0  0
  1  2  1  0  0  0
  2  3  1  0  0  0
  3 13  1  0  0  0
  3  4  2  0  0  0
  4  5  1  0  0  0
  4 10  1  0  0  0
  5  6  1  0  0  0
  6  7  1  0  0  0
  7  8  1  0  0  0
  8  9  2  0  0  0
 10 11  1  0  0  0
 11 12  1  0  0  0
 12 13  1  0  0  0
M  END
$$$$
c12c(c3c([s]1)CCCC3)CSC=N2
  -ISIS-

 13 15  0  0  0  0  0  0  0  0  1
    1.9385   -7.4404   -2.5615  C  0  0  0  0  0
    2.9970   -8.5459   -3.3348  S  0  0  0  0  0
    3.7927   -7.3057   -4.1724  C  0  0  0  0  0
    3.2673   -6.0587   -3.8971  C  0  0  0  0  0
    2.1868   -6.1398   -2.9424  C  0  0  0  0  0
    1.4275   -5.0355   -2.3966  C  0  0  0  0  0
    0.0436   -5.3919   -1.3930  S  0  0  0  0  0
    0.1798   -7.1059   -1.1603  C  0  0  0  0  0
    1.0261   -7.9248   -1.6933  N  0  0  0  0  0
    3.8274   -4.8126   -4.5266  C  0  0  0  0  0
    4.7313   -5.1285   -5.7294  C  0  0  0  0  0
    5.6854   -6.2936   -5.4357  C  0  0  0  0  0
    4.9170   -7.5852   -5.1211  C  0  0  0  0  0
  1  9  1  0  0  0
  1  5  2  0  0  0
  1  2  1  0  0  0
  2  3  1  0  0  0
  3 13  1  0  0  0
  3  4  2  0  0  0
  4  5  1  0  0  0
  4 10  1  0  0  0
  5  6  1  0  0  0
  6  7  1  0  0  0
  7  8  1  0  0  0
  8  9  2  0  0  0
 10 11  1  0  0  0
 11 12  1  0  0  0
 12 13  1  0  0  0
M  END
$$$$
c12c(c3c([s]1)CCCC3)CSC=N2
  -ISIS-

 13 15  0  0  0  0  0  0  0  0  1
    0.9307   -6.0848   -3.0409  C  0  0  0  0  0
   -0.5985   -5.3095   -3.0172  S  0  0  0  0  0
   -0.0158   -4.0361   -2.0622  C  0  0  0  0  0
    1.3182   -4.1847   -1.7377  C  0  0  0  0  0
    1.8742   -5.3817   -2.3241  C  0  0  0  0  0
    3.2438   -5.8385   -2.2277  C  0  0  0  0  0
    3.6447   -7.4110   -2.8725  S  0  0  0  0  0
    2.1876   -7.8609   -3.6997  C  0  0  0  0  0
    1.0562   -7.2367   -3.7325  N  0  0  0  0  0
    2.0427   -3.1655   -0.9015  C  0  0  0  0  0
    1.0734   -2.2158   -0.1793  C  0  0  0  0  0
   -0.0521   -1.7368   -1.1054  C  0  0  0  0  0
   -0.8985   -2.9113   -1.6177  C  0  0  0  0  0
  1  9  1  0  0  0
  1  5  2  0  0  0
  1  2  1  0  0  0
  2  3  1  0  0  0
  3 13  1  0  0  0
  3  4  2  0  0  0
  4  5  1  0  0  0
  4 10  1  0  0  0
  5  6  1  0  0  0
  6  7  1  0  0  0
  7  8  1  0  0  0
  8  9  2  0  0  0
 10 11  1  0  0  0
 11 12  1  0  0  0
 12 13  1  0  0  0
M  END
$$$$
c12c(c3c([s]1)CCCC3)CSC=N2
  -ISIS-

 13 15  0  0  0  0  0  0  0  0  1
    0.9307   -6.0848   -3.0409  C  0  0  0  0  0
   -0.5985   -5.3095   -3.0172  S  0  0  0  0  0
   -0.0158   -4.0361   -2.0622  C  0  0  0  0  0
    1.3182   -4.1847   -1.7377  C  0  0  0  0  0
    1.8742   -5.3817   -2.3241  C  0  0  0  0  0
    3.2438   -5.8385   -2.2277  C  0  0  0  0  0
    3.6447   -7.4110   -2.8725  S  0  0  0  0  0
    2.1876   -7.8609   -3.6997  C  0  0  0  0  0
    1.0562   -7.2367   -3.7325  N  0  0  0  0  0
    2.0427   -3.1655   -0.9015  C  0  0  0  0  0
    1.0734   -2.2158   -0.1793  C  0  0  0  0  0
   -0.0521   -1.7368   -1.1054  C  0  0  0  0  0
   -0.8985   -2.9113   -1.6177  C  0  0  0  0  0
  1  9  1  0  0  0
  1  5  2  0  0  0
  1  2  1  0  0  0
  2  3  1  0  0  0
  3 13  1  0  0  0
  3  4  2  0  0  0
  4  5  1  0  0  0
  4 10  1  0  0  0
  5  6  1  0  0  0
  6  7  1  0  0  0
  7  8  1  0  0  0
  8  9  2  0  0  0
 10 11  1  0  0  0
 11 12  1  0  0  0
 12 13  1  0  0  0
M  END
$$$$
c12c(c3c([s]1)CCCC3)CSC=N2
  -ISIS-

 13 15  0  0  0  0  0  0  0  0  1
   -4.0300    6.0203   -1.2344  C  0  0  0  0  0
   -3.1306    6.5665    0.1189  S  0  0  0  0  0
   -2.1784    7.5904   -0.8403  C  0  0  0  0  0
   -2.5088    7.5212   -2.1794  C  0  0  0  0  0
   -3.5962    6.6012   -2.4064  C  0  0  0  0  0
   -4.2262    6.2923   -3.6717  C  0  0  0  0  0
   -5.2528    4.8798   -3.7443  S  0  0  0  0  0
   -5.6256    4.6324   -2.0657  C  0  0  0  0  0
   -5.0382    5.1447   -1.0337  N  0  0  0  0  0
   -1.7987    8.3541   -3.2106  C  0  0  0  0  0
   -0.4861    8.9443   -2.6708  C  0  0  0  0  0
   -0.6575    9.5186   -1.2582  C  0  0  0  0  0
   -1.0894    8.4367   -0.2573  C  0  0  0  0  0
  1  9  1  0  0  0
  1  5  2  0  0  0
  1  2  1  0  0  0
  2  3  1  0  0  0
  3 13  1  0  0  0
  3  4  2  0  0  0
  4  5  1  0  0  0
  4 10  1  0  0  0
  5  6  1  0  0  0
  6  7  1  0  0  0
  7  8  1  0  0  0
  8  9  2  0  0  0
 10 11  1  0  0  0
 11 12  1  0  0  0
 12 13  1  0  0  0
M  END
$$$$
c12c(c3c([s]1)CCCC3)CSC=N2
  -ISIS-

 13 15  0  0  0  0  0  0  0  0  1
   -4.0300    6.0203   -1.2344  C  0  0  0  0  0
   -3.1306    6.5665    0.1189  S  0  0  0  0  0
   -2.1784    7.5904   -0.8403  C  0  0  0  0  0
   -2.5088    7.5212   -2.1794  C  0  0  0  0  0
   -3.5962    6.6012   -2.4064  C  0  0  0  0  0
   -4.2262    6.2923   -3.6717  C  0  0  0  0  0
   -5.2528    4.8798   -3.7443  S  0  0  0  0  0
   -5.6256    4.6324   -2.0657  C  0  0  0  0  0
   -5.0382    5.1447   -1.0337  N  0  0  0  0  0
   -1.7987    8.3541   -3.2106  C  0  0  0  0  0
   -0.4861    8.9443   -2.6708  C  0  0  0  0  0
   -0.6575    9.5186   -1.2582  C  0  0  0  0  0
   -1.0894    8.4367   -0.2573  C  0  0  0  0  0
  1  9  1  0  0  0
  1  5  2  0  0  0
  1  2  1  0  0  0
  2  3  1  0  0  0
  3 13  1  0  0  0
  3  4  2  0  0  0
  4  5  1  0  0  0
  4 10  1  0  0  0
  5  6  1  0  0  0
  6  7  1  0  0  0
  7  8  1  0  0  0
  8  9  2  0  0  0
 10 11  1  0  0  0
 11 12  1  0  0  0
 12 13  1  0  0  0
M  END
$$$$
c12c(c3c([s]1)CCCC3)CSC=N2
  -ISIS-

 13 15  0  0  0  0  0  0  0  0  1
   -5.5648   -7.4518    1.6229  C  0  0  0  0  0
   -4.9283   -8.3026    0.2777  S  0  0  0  0  0
   -3.4016   -7.5873    0.4603  C  0  0  0  0  0
   -3.3570   -6.6945    1.5129  C  0  0  0  0  0
   -4.6266   -6.6193    2.1936  C  0  0  0  0  0
   -4.9468   -5.8162    3.3537  C  0  0  0  0  0
   -6.6346   -5.6082    3.7565  S  0  0  0  0  0
   -7.3604   -6.9471    2.9208  C  0  0  0  0  0
   -6.8424   -7.6846    1.9933  N  0  0  0  0  0
   -2.0971   -5.9525    1.8644  C  0  0  0  0  0
   -1.0589   -6.0109    0.7323  C  0  0  0  0  0
   -0.9361   -7.4226    0.1435  C  0  0  0  0  0
   -2.2644   -7.8994   -0.4624  C  0  0  0  0  0
  1  9  1  0  0  0
  1  5  2  0  0  0
  1  2  1  0  0  0
  2  3  1  0  0  0
  3 13  1  0  0  0
  3  4  2  0  0  0
  4  5  1  0  0  0
  4 10  1  0  0  0
  5  6  1  0  0  0
  6  7  1  0  0  0
  7  8  1  0  0  0
  8  9  2  0  0  0
 10 11  1  0  0  0
 11 12  1  0  0  0
 12 13  1  0  0  0
M  END
$$$$
c12c(c3c([s]1)CCCC3)CSC=N2
  -ISIS-

 13 15  0  0  0  0  0  0  0  0  1
   -5.5648   -7.4518    1.6229  C  0  0  0  0  0
   -4.9283   -8.3026    0.2777  S  0  0  0  0  0
   -3.4016   -7.5873    0.4603  C  0  0  0  0  0
   -3.3570   -6.6945    1.5129  C  0  0  0  0  0
   -4.6266   -6.6193    2.1936  C  0  0  0  0  0
   -4.9468   -5.8162    3.3537  C  0  0  0  0  0
   -6.6346   -5.6082    3.7565  S  0  0  0  0  0
   -7.3604   -6.9471    2.9208  C  0  0  0  0  0
   -6.8424   -7.6846    1.9933  N  0  0  0  0  0
   -2.0971   -5.9525    1.8644  C  0  0  0  0  0
   -1.0589   -6.0109    0.7323  C  0  0  0  0  0
   -0.9361   -7.4226    0.1435  C  0  0  0  0  0
   -2.2644   -7.8994   -0.4624  C  0  0  0  0  0
  1  9  1  0  0  0
  1  5  2  0  0  0
  1  2  1  0  0  0
  2  3  1  0  0  0
  3 13  1  0  0  0
  3  4  2  0  0  0
  4  5  1  0  0  0
  4 10  1  0  0  0
  5  6  1  0  0  0
  6  7  1  0  0  0
  7  8  1  0  0  0
  8  9  2  0  0  0
 10 11  1  0  0  0
 11 12  1  0  0  0
 12 13  1  0  0  0
M  END
$$$$
c12c(c3c([s]1)CCCC3)CSC=N2
  -ISIS-

 13 15  0  0  0  0  0  0  0  0  1
    0.1423   -3.9965    4.8276  C  0  0  0  0  0
    0.6113   -3.3087    6.3260  S  0  0  0  0  0
    1.1873   -1.9002    5.5777  C  0  0  0  0  0
    1.0532   -1.9371    4.2038  C  0  0  0  0  0
    0.4381   -3.1667    3.7678  C  0  0  0  0  0
    0.1138   -3.5447    2.4095  C  0  0  0  0  0
   -0.2694   -5.2219    2.1031  S  0  0  0  0  0
   -0.6929   -5.7792    3.6930  C  0  0  0  0  0
   -0.4629   -5.2037    4.8280  N  0  0  0  0  0
    1.4894   -0.7877    3.3379  C  0  0  0  0  0
    2.4056    0.1881    4.0938  C  0  0  0  0  0
    1.8764    0.4926    5.5016  C  0  0  0  0  0
    1.7942   -0.7776    6.3611  C  0  0  0  0  0
  1  9  1  0  0  0
  1  5  2  0  0  0
  1  2  1  0  0  0
  2  3  1  0  0  0
  3 13  1  0  0  0
  3  4  2  0  0  0
  4  5  1  0  0  0
  4 10  1  0  0  0
  5  6  1  0  0  0
  6  7  1  0  0  0
  7  8  1  0  0  0
  8  9  2  0  0  0
 10 11  1  0  0  0
 11 12  1  0  0  0
 12 13  1  0  0  0
M  END
$$$$
c12c(c3c([s]1)CCCC3)CSC=N2
  -ISIS-

 13 15  0  0  0  0  0  0  0  0  1
    0.1423   -3.9965    4.8276  C  0  0  0  0  0
    0.6113   -3.3087    6.3260  S  0  0  0  0  0
    1.1873   -1.9002    5.5777  C  0  0  0  0  0
    1.0532   -1.9371    4.2038  C  0  0  0  0  0
    0.4381   -3.1667    3.7678  C  0  0  0  0  0
    0.1138   -3.5447    2.4095  C  0  0  0  0  0
   -0.2694   -5.2219    2.1031  S  0  0  0  0  0
   -0.6929   -5.7792    3.6930  C  0  0  0  0  0
   -0.4629   -5.2037    4.8280  N  0  0  0  0  0
    1.4894   -0.7877    3.3379  C  0  0  0  0  0
    2.4056    0.1881    4.0938  C  0  0  0  0  0
    1.8764    0.4926    5.5016  C  0  0  0  0  0
    1.7942   -0.7776    6.3611  C  0  0  0  0  0
  1  9  1  0  0  0
  1  5  2  0  0  0
  1  2  1  0  0  0
  2  3  1  0  0  0
  3 13  1  0  0  0
  3  4  2  0  0  0
  4  5  1  0  0  0
  4 10  1  0  0  0
  5  6  1  0  0  0
  6  7  1  0  0  0
  7  8  1  0  0  0
  8  9  2  0  0  0
 10 11  1  0  0  0
 11 12  1  0  0  0
 12 13  1  0  0  0
M  END
$$$$
c12c(c3c([s]1)CCCC3)CSC=N2
  -ISIS-

 13 15  0  0  0  0  0  0  0  0  1
   -2.3539    1.2433    2.2806  C  0  0  0  0  0
   -2.3114    2.8181    1.6067  S  0  0  0  0  0
   -0.9486    2.4534    0.6658  C  0  0  0  0  0
   -0.5239    1.1498    0.8304  C  0  0  0  0  0
   -1.3481    0.4443    1.7810  C  0  0  0  0  0
   -1.1876   -0.9223    2.2261  C  0  0  0  0  0
   -2.5030   -1.6555    3.1153  S  0  0  0  0  0
   -3.4036   -0.2574    3.6131  C  0  0  0  0  0
   -3.2974    0.9552    3.2014  N  0  0  0  0  0
    0.6758    0.6141    0.0991  C  0  0  0  0  0
    1.0898    1.5201   -1.0716  C  0  0  0  0  0
    1.0754    3.0032   -0.6779  C  0  0  0  0  0
   -0.3273    3.4606   -0.2515  C  0  0  0  0  0
  1  9  1  0  0  0
  1  5  2  0  0  0
  1  2  1  0  0  0
  2  3  1  0  0  0
  3 13  1  0  0  0
  3  4  2  0  0  0
  4  5  1  0  0  0
  4 10  1  0  0  0
  5  6  1  0  0  0
  6  7  1  0  0  0
  7  8  1  0  0  0
  8  9  2  0  0  0
 10 11  1  0  0  0
 11 12  1  0  0  0
 12 13  1  0  0  0
M  END
$$$$
c12c(c3c([s]1)CCCC3)CSC=N2
  -ISIS-

 13 15  0  0  0  0  0  0  0  0  1
   -2.3539    1.2433    2.2806  C  0  0  0  0  0
   -2.3114    2.8181    1.6067  S  0  0  0  0  0
   -0.9486    2.4534    0.6658  C  0  0  0  0  0
   -0.5239    1.1498    0.8304  C  0  0  0  0  0
   -1.3481    0.4443    1.7810  C  0  0  0  0  0
   -1.1876   -0.9223    2.2261  C  0  0  0  0  0
   -2.5030   -1.6555    3.1153  S  0  0  0  0  0
   -3.4036   -0.2574    3.6131  C  0  0  0  0  0
   -3.2974    0.9552    3.2014  N  0  0  0  0  0
    0.6758    0.6141    0.0991  C  0  0  0  0  0
    1.0898    1.5201   -1.0716  C  0  0  0  0  0
    1.0754    3.0032   -0.6779  C  0  0  0  0  0
   -0.3273    3.4606   -0.2515  C  0  0  0  0  0
  1  9  1  0  0  0
  1  5  2  0  0  0
  1  2  1  0  0  0
  2  3  1  0  0  0
  3 13  1  0  0  0
  3  4  2  0  0  0
  4  5  1  0  0  0
  4 10  1  0  0  0
  5  6  1  0  0  0
  6  7  1  0  0  0
  7  8  1  0  0  0
  8  9  2  0  0  0
 10 11  1  0  0  0
 11 12  1  0  0  0
 12 13  1  0  0  0
M  END
$$$$
c12c(c3c([s]1)CCCC3)CSC=N2
  -ISIS-

 13 15  0  0  0  0  0  0  0  0  1
   -0.3831   -1.0665   -1.9070  C  0  0  0  0  0
   -1.1261   -2.1925   -1.8787  N  0  0  0  0  0
   -0.6367   -3.2456   -1.3111  C  0  0  0  0  0
    0.9006   -3.4343   -0.5294  S  0  0  0  0  0
    1.5452   -1.8117   -0.5661  C  0  0  0  0  0
    0.8456   -0.8086   -1.3394  C  0  0  0  0  0
    1.2862    0.5404   -1.6071  C  0  0  0  0  0
    0.3532    1.2388   -2.3478  C  0  0  0  0  0
    0.4917    2.6581   -2.8044  C  0  0  0  0  0
    1.5960    3.3708   -2.0103  C  0  0  0  0  0
    2.8521    2.4987   -1.8860  C  0  0  0  0  0
    2.5642    1.1840   -1.1431  C  0  0  0  0  0
   -1.0012    0.2987   -2.7405  S  0  0  0  0  0
  1  6  2  0  0  0
  1 13  1  0  0  0
  1  2  1  0  0  0
  2  3  2  0  0  0
  3  4  1  0  0  0
  4  5  1  0  0  0
  5  6  1  0  0  0
  6  7  1  0  0  0
  7 12  1  0  0  0
  7  8  2  0  0  0
  8  9  1  0  0  0
  8 13  1  0  0  0
  9 10  1  0  0  0
 10 11  1  0  0  0
 11 12  1  0  0  0
M  END
$$$$
c12c(c3c([s]1)CCCC3)CSC=N2
  -ISIS-

 13 15  0  0  0  0  0  0  0  0  1
   -0.3831   -1.0665   -1.9070  C  0  0  0  0  0
   -1.1261   -2.1925   -1.8787  N  0  0  0  0  0
   -0.6367   -3.2456   -1.3111  C  0  0  0  0  0
    0.9006   -3.4343   -0.5294  S  0  0  0  0  0
    1.5452   -1.8117   -0.5661  C  0  0  0  0  0
    0.8456   -0.8086   -1.3394  C  0  0  0  0  0
    1.2862    0.5404   -1.6071  C  0  0  0  0  0
    0.3532    1.2388   -2.3478  C  0  0  0  0  0
    0.4917    2.6581   -2.8044  C  0  0  0  0  0
    1.5960    3.3708   -2.0103  C  0  0  0  0  0
    2.8521    2.4987   -1.8860  C  0  0  0  0  0
    2.5642    1.1840   -1.1431  C  0  0  0  0  0
   -1.0012    0.2987   -2.7405  S  0  0  0  0  0
  1  6  2  0  0  0
  1 13  1  0  0  0
  1  2  1  0  0  0
  2  3  2  0  0  0
  3  4  1  0  0  0
  4  5  1  0  0  0
  5  6  1  0  0  0
  6  7  1  0  0  0
  7 12  1  0  0  0
  7  8  2  0  0  0
  8  9  1  0  0  0
  8 13  1  0  0  0
  9 10  1  0  0  0
 10 11  1  0  0  0
 11 12  1  0  0  0
M  END
$$$$
c12c(c3c([s]1)CCCC3)CSC=N2
  -ISIS-

 13 15  0  0  0  0  0  0  0  0  1
   -1.7275   -1.1709    0.4610  C  0  0  0  0  0
   -0.7241   -0.2573   -0.6629  S  0  0  0  0  0
   -0.4384    1.1076    0.3978  C  0  0  0  0  0
    0.0146    0.7178    1.7155  C  0  0  0  0  0
    1.0767    1.2136    2.5500  C  0  0  0  0  0
    1.1371    0.5181    3.7456  C  0  0  0  0  0
   -0.0419   -0.6974    3.8615  S  0  0  0  0  0
   -0.6191   -0.3724    2.2878  C  0  0  0  0  0
   -1.5998   -1.1463    1.7586  N  0  0  0  0  0
    2.1576    0.7168    4.8263  C  0  0  0  0  0
    2.9743    1.9940    4.5866  C  0  0  0  0  0
    3.3351    2.1695    3.1056  C  0  0  0  0  0
    2.0680    2.2985    2.2462  C  0  0  0  0  0
  1  9  2  0  0  0
  1  2  1  0  0  0
  2  3  1  0  0  0
  3  4  1  0  0  0
  4  8  2  0  0  0
  4  5  1  0  0  0
  5 13  1  0  0  0
  5  6  2  0  0  0
  6  7  1  0  0  0
  6 10  1  0  0  0
  7  8  1  0  0  0
  8  9  1  0  0  0
 10 11  1  0  0  0
 11 12  1  0  0  0
 12 13  1  0  0  0
M  END
$$$$
c12c(c3c([s]1)CCCC3)CSC=N2
  -ISIS-

 13 15  0  0  0  0  0  0  0  0  1
   -1.7275   -1.1709    0.4610  C  0  0  0  0  0
   -0.7241   -0.2573   -0.6629  S  0  0  0  0  0
   -0.4384    1.1076    0.3978  C  0  0  0  0  0
    0.0146    0.7178    1.7155  C  0  0  0  0  0
    1.0767    1.2136    2.5500  C  0  0  0  0  0
    1.1371    0.5181    3.7456  C  0  0  0  0  0
   -0.0419   -0.6974    3.8615  S  0  0  0  0  0
   -0.6191   -0.3724    2.2878  C  0  0  0  0  0
   -1.5998   -1.1463    1.7586  N  0  0  0  0  0
    2.1576    0.7168    4.8263  C  0  0  0  0  0
    2.9743    1.9940    4.5866  C  0  0  0  0  0
    3.3351    2.1695    3.1056  C  0  0  0  0  0
    2.0680    2.2985    2.2462  C  0  0  0  0  0
  1  9  2  0  0  0
  1  2  1  0  0  0
  2  3  1  0  0  0
  3  4  1  0  0  0
  4  8  2  0  0  0
  4  5  1  0  0  0
  5 13  1  0  0  0
  5  6  2  0  0  0
  6  7  1  0  0  0
  6 10  1  0  0  0
  7  8  1  0  0  0
  8  9  1  0  0  0
 10 11  1  0  0  0
 11 12  1  0  0  0
 12 13  1  0  0  0
M  END
$$$$
