C12c3c(cc[c]4[c]3cccc4)NCC=1CCCC2
  -ISIS-

 18 21  0  0  0  0  0  0  0  0  1
   -0.1554    0.4275    0.1962  C  0  0  0  0  0
   -1.5182   -0.0006   -0.2401  C  0  0  0  0  0
   -2.6585    0.0298    0.7526  C  0  0  0  0  0
   -2.3833    0.9562    1.9229  C  0  0  0  0  0
   -1.0120    0.6656    2.5173  C  0  0  0  0  0
    0.0687    0.8056    1.4741  C  0  0  0  0  0
    1.4680    1.1906    1.8388  C  0  0  0  0  0
    2.4919    0.6077    1.0497  C  0  0  0  0  0
    2.2068   -0.0846   -0.1405  N  0  0  0  0  0
    0.9379    0.2400   -0.8196  C  0  0  0  0  0
    3.8154    0.6461    1.4908  C  0  0  0  0  0
    4.1594    1.3669    2.6279  C  0  0  0  0  0
    3.1985    2.1157    3.3114  C  0  0  0  0  0
    3.6002    2.9240    4.3885  C  0  0  0  0  0
    2.6935    3.7529    5.0425  C  0  0  0  0  0
    1.3790    3.8007    4.6077  C  0  0  0  0  0
    0.9666    2.9868    3.5481  C  0  0  0  0  0
    1.8397    2.0762    2.9007  C  0  0  0  0  0
  1 10  1  0  0  0
  1  6  2  0  0  0
  1  2  1  0  0  0
  2  3  1  0  0  0
  3  4  1  0  0  0
  4  5  1  0  0  0
  5  6  1  0  0  0
  6  7  1  0  0  0
  7 18  2  0  0  0
  7  8  1  0  0  0
  8  9  1  0  0  0
  8 11  2  0  0  0
  9 10  1  0  0  0
 11 12  1  0  0  0
 12 13  2  0  0  0
 13 18  2  0  0  0
 13 14  1  0  0  0
 14 15  2  0  0  0
 15 16  1  0  0  0
 16 17  2  0  0  0
 17 18  1  0  0  0
M  END
$$$$
