c12c3[n](ncc3)CNc1cccc2
  -ISIS-

 13 15  0  0  0  0  0  0  0  0  1
   -3.9172    2.2587   -6.7864  N  0  0  0  0  0
   -3.2418    1.9097   -5.5240  C  0  0  0  0  0
   -2.4675    0.6444   -5.5428  N  0  0  0  0  0
   -2.0378    0.1639   -6.7968  C  0  0  0  0  0
   -1.0947   -0.8716   -6.8299  C  0  0  0  0  0
   -0.6916   -1.4346   -8.0427  C  0  0  0  0  0
   -1.2456   -0.9866   -9.2391  C  0  0  0  0  0
   -2.2122    0.0193   -9.2268  C  0  0  0  0  0
   -2.6215    0.5903   -8.0155  C  0  0  0  0  0
   -3.6341    1.6378   -7.9758  C  0  0  0  0  0
   -4.4678    2.2316   -8.8981  C  0  0  0  0  0
   -5.2357    3.1694   -8.1633  C  0  0  0  0  0
   -4.9117    3.1715   -6.8638  N  0  0  0  0  0
  1 10  2  0  0  0
  1 13  1  0  0  0
  1  2  1  0  0  0
  2  3  1  0  0  0
  3  4  1  0  0  0
  4  9  2  0  0  0
  4  5  1  0  0  0
  5  6  2  0  0  0
  6  7  1  0  0  0
  7  8  2  0  0  0
  8  9  1  0  0  0
  9 10  1  0  0  0
 10 11  2  0  0  0
 11 12  1  0  0  0
 12 13  2  0  0  0
M  END
$$$$
