c12c(cccc1)NSN=C2
  -ISIS-

 10 11  0  0  0  0  0  0  0  0  1
    5.6739   -9.5945   -5.1907  S  0  0  0  0  0
    6.1376  -10.3641   -3.7601  N  0  0  0  0  0
    5.0250  -10.7059   -2.9390  C  0  0  0  0  0
    3.7999  -11.0976   -3.4962  C  0  0  0  0  0
    3.6659  -11.1084   -4.9870  C  0  0  0  0  0
    4.4670  -10.4804   -5.7924  N  0  0  0  0  0
    2.7433  -11.4501   -2.6468  C  0  0  0  0  0
    2.9371  -11.4766   -1.2631  C  0  0  0  0  0
    4.1811  -11.1528   -0.7224  C  0  0  0  0  0
    5.2294  -10.7761   -1.5613  C  0  0  0  0  0
  1  6  1  0  0  0
  1  2  1  0  0  0
  2  3  1  0  0  0
  3 10  2  0  0  0
  3  4  2  0  0  0
  4  5  1  0  0  0
  4  7  2  0  0  0
  5  6  2  0  0  0
  7  8  1  0  0  0
  8  9  2  0  0  0
  9 10  1  0  0  0
M  END
$$$$
