c12c(OCc3ncc[n]13)cccc2
  -ISIS-

 13 15  0  0  0  0  0  0  0  0  1
    1.9411   -2.5038    1.5480  C  0  0  0  0  0
    2.0593   -2.3029    0.1251  O  0  0  0  0  0
    1.0467   -2.7953   -0.6531  C  0  0  0  0  0
    0.2243   -3.8575   -0.2692  C  0  0  0  0  0
    0.4539   -4.3920    1.0016  N  0  0  0  0  0
    1.3170   -3.8051    1.8889  C  0  0  0  0  0
    1.3993   -4.4893    3.0133  N  0  0  0  0  0
    0.5457   -5.5488    2.8470  C  0  0  0  0  0
   -0.0664   -5.5002    1.6147  C  0  0  0  0  0
   -0.7460   -4.3665   -1.1349  C  0  0  0  0  0
   -0.8918   -3.7946   -2.4002  C  0  0  0  0  0
   -0.0678   -2.7377   -2.7944  C  0  0  0  0  0
    0.9064   -2.2439   -1.9243  C  0  0  0  0  0
  1  6  1  0  0  0
  1  2  1  0  0  0
  2  3  1  0  0  0
  3 13  2  0  0  0
  3  4  1  0  0  0
  4  5  1  0  0  0
  4 10  2  0  0  0
  5  9  1  0  0  0
  5  6  2  0  0  0
  6  7  2  0  0  0
  7  8  1  0  0  0
  8  9  2  0  0  0
 10 11  1  0  0  0
 11 12  2  0  0  0
 12 13  1  0  0  0
M  END
$$$$
c12c(OCc3ncc[n]13)cccc2
  -ISIS-

 13 15  0  0  0  0  0  0  0  0  1
    0.4803    0.1519    5.7642  C  0  0  0  0  0
    0.2986   -1.1426    5.2826  C  0  0  0  0  0
   -0.1716   -1.0982    3.9813  N  0  0  0  0  0
   -0.2696    0.1770    3.6828  C  0  0  0  0  0
   -0.6367    0.7811    2.3795  C  0  0  0  0  0
   -1.2508    2.0672    2.5542  O  0  0  0  0  0
   -0.6547    2.8770    3.4851  C  0  0  0  0  0
    0.0291    2.3889    4.6080  C  0  0  0  0  0
    0.1049    0.9856    4.7290  N  0  0  0  0  0
    0.5590    3.2843    5.5390  C  0  0  0  0  0
    0.3930    4.6600    5.3469  C  0  0  0  0  0
   -0.3059    5.1413    4.2404  C  0  0  0  0  0
   -0.8361    4.2483    3.3120  C  0  0  0  0  0
  1  9  1  0  0  0
  1  2  2  0  0  0
  2  3  1  0  0  0
  3  4  2  0  0  0
  4  9  2  0  0  0
  4  5  1  0  0  0
  5  6  1  0  0  0
  6  7  1  0  0  0
  7 13  2  0  0  0
  7  8  2  0  0  0
  8  9  1  0  0  0
  8 10  2  0  0  0
 10 11  1  0  0  0
 11 12  2  0  0  0
 12 13  1  0  0  0
M  END
$$$$
c12c(OCc3ncc[n]13)cccc2
  -ISIS-

 13 15  0  0  0  0  0  0  0  0  1
    0.4803    0.1519    5.7642  C  0  0  0  0  0
    0.2986   -1.1426    5.2826  C  0  0  0  0  0
   -0.1716   -1.0982    3.9813  N  0  0  0  0  0
   -0.2696    0.1770    3.6828  C  0  0  0  0  0
   -0.6367    0.7811    2.3795  C  0  0  0  0  0
   -1.2508    2.0672    2.5542  O  0  0  0  0  0
   -0.6547    2.8770    3.4851  C  0  0  0  0  0
    0.0291    2.3889    4.6080  C  0  0  0  0  0
    0.1049    0.9856    4.7290  N  0  0  0  0  0
    0.5590    3.2843    5.5390  C  0  0  0  0  0
    0.3930    4.6600    5.3469  C  0  0  0  0  0
   -0.3059    5.1413    4.2404  C  0  0  0  0  0
   -0.8361    4.2483    3.3120  C  0  0  0  0  0
  1  9  1  0  0  0
  1  2  2  0  0  0
  2  3  1  0  0  0
  3  4  2  0  0  0
  4  9  2  0  0  0
  4  5  1  0  0  0
  5  6  1  0  0  0
  6  7  1  0  0  0
  7 13  2  0  0  0
  7  8  2  0  0  0
  8  9  1  0  0  0
  8 10  2  0  0  0
 10 11  1  0  0  0
 11 12  2  0  0  0
 12 13  1  0  0  0
M  END
$$$$
