c12c(OCO1)c[c]3[c]([n]4[c](nnn4)cc3)c2
  -ISIS-

 16 19  0  0  0  0  0  0  0  0  1
    0.9715   -7.5035    2.3015  N  0  0  0  0  0
    2.0267   -7.3470    1.3946  C  0  0  0  0  0
    2.5002   -6.0235    1.2282  C  0  0  0  0  0
    1.8767   -4.9329    1.9968  C  0  0  0  0  0
    0.8646   -5.1456    2.8723  C  0  0  0  0  0
    0.3847   -6.4826    3.0204  C  0  0  0  0  0
   -0.5730   -7.0056    3.7584  N  0  0  0  0  0
   -0.5673   -8.3552    3.4924  N  0  0  0  0  0
    0.3703   -8.6674    2.6071  N  0  0  0  0  0
    3.5522   -5.7794    0.3409  C  0  0  0  0  0
    4.0810   -6.8609   -0.3375  C  0  0  0  0  0
    3.6064   -8.1438   -0.1633  C  0  0  0  0  0
    2.5723   -8.4304    0.7005  C  0  0  0  0  0
    4.2716   -9.0494   -0.9289  O  0  0  0  0  0
    5.2185   -8.1960   -1.6052  C  0  0  0  0  0
    5.1024   -6.8062   -1.2346  O  0  0  0  0  0
  1  6  2  0  0  0
  1  9  1  0  0  0
  1  2  1  0  0  0
  2 13  2  0  0  0
  2  3  2  0  0  0
  3  4  1  0  0  0
  3 10  2  0  0  0
  4  5  2  0  0  0
  5  6  1  0  0  0
  6  7  2  0  0  0
  7  8  1  0  0  0
  8  9  2  0  0  0
 10 11  1  0  0  0
 11 16  1  0  0  0
 11 12  2  0  0  0
 12 13  1  0  0  0
 12 14  1  0  0  0
 14 15  1  0  0  0
 15 16  1  0  0  0
M  END
$$$$
