c12c([s]nn1)Nc3c(cccc3)NC2
  -ISIS-

 14 16  0  0  0  0  0  0  0  0  1
   -1.1040    1.2350   -4.1060  C  0  0  0  0  0
   -0.9448   -0.0855   -3.8952  N  0  0  0  0  0
   -0.8218   -0.7704   -2.6772  C  0  0  0  0  0
   -0.8379   -0.1977   -1.3962  C  0  0  0  0  0
   -0.9802    1.1622   -1.0801  N  0  0  0  0  0
   -1.1390    2.3096   -1.8092  C  0  0  0  0  0
   -1.1956    2.3184   -3.2537  C  0  0  0  0  0
   -1.3621    3.5509   -3.9042  N  0  0  0  0  0
   -1.3982    3.4306   -5.2165  N  0  0  0  0  0
   -1.2358    1.8545   -5.7159  S  0  0  0  0  0
   -0.7000   -1.0345   -0.2675  C  0  0  0  0  0
   -0.5481   -2.4147   -0.3886  C  0  0  0  0  0
   -0.5308   -2.9879   -1.6476  C  0  0  0  0  0
   -0.6659   -2.1742   -2.7724  C  0  0  0  0  0
  1  7  2  0  0  0
  1 10  1  0  0  0
  1  2  1  0  0  0
  2  3  1  0  0  0
  3 14  2  0  0  0
  3  4  1  0  0  0
  4  5  1  0  0  0
  4 11  2  0  0  0
  5  6  1  0  0  0
  6  7  1  0  0  0
  7  8  1  0  0  0
  8  9  2  0  0  0
  9 10  1  0  0  0
 11 12  1  0  0  0
 12 13  2  0  0  0
 13 14  1  0  0  0
M  END
$$$$
