c12c(cccc1)CCC3OCNC23
  -ISIS-

 13 15  0  0  0  0  0  0  0  0  1
   -2.0516    3.7322    1.0658  O  0  0  0  0  0
   -1.4156    4.6936    0.3005  C  0  0  0  0  0
   -0.0486    4.4698    0.2980  N  0  0  0  0  0
    0.1361    3.1221    0.7383  C  0  0  0  0  0
   -0.9971    3.0681    1.7786  C  0  0  0  0  0
   -1.2521    1.6122    2.1543  C  0  0  0  0  0
    0.0406    0.9609    2.7044  C  0  0  0  0  0
    1.3637    1.6123    2.3032  C  0  0  0  0  0
    1.4224    2.7050    1.3975  C  0  0  0  0  0
    2.6537    3.2979    1.0963  C  0  0  0  0  0
    3.8220    2.8192    1.6879  C  0  0  0  0  0
    3.7709    1.7439    2.5739  C  0  0  0  0  0
    2.5499    1.1426    2.8810  C  0  0  0  0  0
  1  5  1  0  0  0
  1  2  1  0  0  0
  2  3  1  0  0  0
  3  4  1  0  0  0
  4  9  1  0  0  0
  4  5  1  0  0  0
  5  6  1  0  0  0
  6  7  1  0  0  0
  7  8  1  0  0  0
  8 13  2  0  0  0
  8  9  1  0  0  0
  9 10  2  0  0  0
 10 11  1  0  0  0
 11 12  2  0  0  0
 12 13  1  0  0  0
M  END
$$$$
c12c(cccc1)CCC3OCNC23
  -ISIS-

 13 15  0  0  0  0  0  0  0  0  1
   -2.0516    3.7322    1.0658  O  0  0  0  0  0
   -1.4156    4.6936    0.3005  C  0  0  0  0  0
   -0.0486    4.4698    0.2980  N  0  0  0  0  0
    0.1361    3.1221    0.7383  C  0  0  0  0  0
   -0.9971    3.0681    1.7786  C  0  0  0  0  0
   -1.2521    1.6122    2.1543  C  0  0  0  0  0
    0.0406    0.9609    2.7044  C  0  0  0  0  0
    1.3637    1.6123    2.3032  C  0  0  0  0  0
    1.4224    2.7050    1.3975  C  0  0  0  0  0
    2.6537    3.2979    1.0963  C  0  0  0  0  0
    3.8220    2.8192    1.6879  C  0  0  0  0  0
    3.7709    1.7439    2.5739  C  0  0  0  0  0
    2.5499    1.1426    2.8810  C  0  0  0  0  0
  1  5  1  0  0  0
  1  2  1  0  0  0
  2  3  1  0  0  0
  3  4  1  0  0  0
  4  9  1  0  0  0
  4  5  1  0  0  0
  5  6  1  0  0  0
  6  7  1  0  0  0
  7  8  1  0  0  0
  8 13  2  0  0  0
  8  9  1  0  0  0
  9 10  2  0  0  0
 10 11  1  0  0  0
 11 12  2  0  0  0
 12 13  1  0  0  0
M  END
$$$$
c12c(cccc1)CCC3OCNC23
  -ISIS-

 13 15  0  0  0  0  0  0  0  0  1
   -2.0516    3.7322    1.0658  O  0  0  0  0  0
   -1.4156    4.6936    0.3005  C  0  0  0  0  0
   -0.0486    4.4698    0.2980  N  0  0  0  0  0
    0.1361    3.1221    0.7383  C  0  0  0  0  0
   -0.9971    3.0681    1.7786  C  0  0  0  0  0
   -1.2521    1.6122    2.1543  C  0  0  0  0  0
    0.0406    0.9609    2.7044  C  0  0  0  0  0
    1.3637    1.6123    2.3032  C  0  0  0  0  0
    1.4224    2.7050    1.3975  C  0  0  0  0  0
    2.6537    3.2979    1.0963  C  0  0  0  0  0
    3.8220    2.8192    1.6879  C  0  0  0  0  0
    3.7709    1.7439    2.5739  C  0  0  0  0  0
    2.5499    1.1426    2.8810  C  0  0  0  0  0
  1  5  1  0  0  0
  1  2  1  0  0  0
  2  3  1  0  0  0
  3  4  1  0  0  0
  4  9  1  0  0  0
  4  5  1  0  0  0
  5  6  1  0  0  0
  6  7  1  0  0  0
  7  8  1  0  0  0
  8 13  2  0  0  0
  8  9  1  0  0  0
  9 10  2  0  0  0
 10 11  1  0  0  0
 11 12  2  0  0  0
 12 13  1  0  0  0
M  END
$$$$
c12c(cccc1)CCC3OCNC23
  -ISIS-

 13 15  0  0  0  0  0  0  0  0  1
   -5.6998    1.7443   -4.4237  N  0  0  0  0  0
   -5.0552    0.5309   -4.9076  C  0  0  0  0  0
   -3.5986    1.0212   -4.6883  C  0  0  0  0  0
   -3.6798    1.6304   -3.3948  O  0  0  0  0  0
   -4.9282    2.2349   -3.3716  C  0  0  0  0  0
   -2.6208   -0.1436   -4.7626  C  0  0  0  0  0
   -2.7167   -0.8316   -6.1339  C  0  0  0  0  0
   -4.0293   -0.6607   -6.8902  C  0  0  0  0  0
   -5.1504    0.0271   -6.3412  C  0  0  0  0  0
   -6.3277    0.0848   -7.0964  C  0  0  0  0  0
   -6.3876   -0.4583   -8.3820  C  0  0  0  0  0
   -5.2787   -1.0932   -8.9293  C  0  0  0  0  0
   -4.1076   -1.2019   -8.1848  C  0  0  0  0  0
  1  5  1  0  0  0
  1  2  1  0  0  0
  2  9  1  0  0  0
  2  3  1  0  0  0
  3  4  1  0  0  0
  3  6  1  0  0  0
  4  5  1  0  0  0
  6  7  1  0  0  0
  7  8  1  0  0  0
  8 13  2  0  0  0
  8  9  1  0  0  0
  9 10  2  0  0  0
 10 11  1  0  0  0
 11 12  2  0  0  0
 12 13  1  0  0  0
M  END
$$$$
c12c(cccc1)CCC3OCNC23
  -ISIS-

 13 15  0  0  0  0  0  0  0  0  1
   -5.6998    1.7443   -4.4237  N  0  0  0  0  0
   -5.0552    0.5309   -4.9076  C  0  0  0  0  0
   -3.5986    1.0212   -4.6883  C  0  0  0  0  0
   -3.6798    1.6304   -3.3948  O  0  0  0  0  0
   -4.9282    2.2349   -3.3716  C  0  0  0  0  0
   -2.6208   -0.1436   -4.7626  C  0  0  0  0  0
   -2.7167   -0.8316   -6.1339  C  0  0  0  0  0
   -4.0293   -0.6607   -6.8902  C  0  0  0  0  0
   -5.1504    0.0271   -6.3412  C  0  0  0  0  0
   -6.3277    0.0848   -7.0964  C  0  0  0  0  0
   -6.3876   -0.4583   -8.3820  C  0  0  0  0  0
   -5.2787   -1.0932   -8.9293  C  0  0  0  0  0
   -4.1076   -1.2019   -8.1848  C  0  0  0  0  0
  1  5  1  0  0  0
  1  2  1  0  0  0
  2  9  1  0  0  0
  2  3  1  0  0  0
  3  4  1  0  0  0
  3  6  1  0  0  0
  4  5  1  0  0  0
  6  7  1  0  0  0
  7  8  1  0  0  0
  8 13  2  0  0  0
  8  9  1  0  0  0
  9 10  2  0  0  0
 10 11  1  0  0  0
 11 12  2  0  0  0
 12 13  1  0  0  0
M  END
$$$$
c12c(cccc1)CCC3OCNC23
  -ISIS-

 13 15  0  0  0  0  0  0  0  0  1
   -5.6998    1.7443   -4.4237  N  0  0  0  0  0
   -5.0552    0.5309   -4.9076  C  0  0  0  0  0
   -3.5986    1.0212   -4.6883  C  0  0  0  0  0
   -3.6798    1.6304   -3.3948  O  0  0  0  0  0
   -4.9282    2.2349   -3.3716  C  0  0  0  0  0
   -2.6208   -0.1436   -4.7626  C  0  0  0  0  0
   -2.7167   -0.8316   -6.1339  C  0  0  0  0  0
   -4.0293   -0.6607   -6.8902  C  0  0  0  0  0
   -5.1504    0.0271   -6.3412  C  0  0  0  0  0
   -6.3277    0.0848   -7.0964  C  0  0  0  0  0
   -6.3876   -0.4583   -8.3820  C  0  0  0  0  0
   -5.2787   -1.0932   -8.9293  C  0  0  0  0  0
   -4.1076   -1.2019   -8.1848  C  0  0  0  0  0
  1  5  1  0  0  0
  1  2  1  0  0  0
  2  9  1  0  0  0
  2  3  1  0  0  0
  3  4  1  0  0  0
  3  6  1  0  0  0
  4  5  1  0  0  0
  6  7  1  0  0  0
  7  8  1  0  0  0
  8 13  2  0  0  0
  8  9  1  0  0  0
  9 10  2  0  0  0
 10 11  1  0  0  0
 11 12  2  0  0  0
 12 13  1  0  0  0
M  END
$$$$
c12c(cccc1)CCC3OCNC23
  -ISIS-

 13 15  0  0  0  0  0  0  0  0  1
   -5.6998    1.7443   -4.4237  N  0  0  0  0  0
   -5.0552    0.5309   -4.9076  C  0  0  0  0  0
   -3.5986    1.0212   -4.6883  C  0  0  0  0  0
   -3.6798    1.6304   -3.3948  O  0  0  0  0  0
   -4.9282    2.2349   -3.3716  C  0  0  0  0  0
   -2.6208   -0.1436   -4.7626  C  0  0  0  0  0
   -2.7167   -0.8316   -6.1339  C  0  0  0  0  0
   -4.0293   -0.6607   -6.8902  C  0  0  0  0  0
   -5.1504    0.0271   -6.3412  C  0  0  0  0  0
   -6.3277    0.0848   -7.0964  C  0  0  0  0  0
   -6.3876   -0.4583   -8.3820  C  0  0  0  0  0
   -5.2787   -1.0932   -8.9293  C  0  0  0  0  0
   -4.1076   -1.2019   -8.1848  C  0  0  0  0  0
  1  5  1  0  0  0
  1  2  1  0  0  0
  2  9  1  0  0  0
  2  3  1  0  0  0
  3  4  1  0  0  0
  3  6  1  0  0  0
  4  5  1  0  0  0
  6  7  1  0  0  0
  7  8  1  0  0  0
  8 13  2  0  0  0
  8  9  1  0  0  0
  9 10  2  0  0  0
 10 11  1  0  0  0
 11 12  2  0  0  0
 12 13  1  0  0  0
M  END
$$$$
c12c(cccc1)CCC3OCNC23
  -ISIS-

 13 15  0  0  0  0  0  0  0  0  1
    0.0756   -1.2738   -2.8836  N  0  0  0  0  0
    1.4893   -1.2784   -2.8312  C  0  0  0  0  0
    1.9667    0.0176   -2.8927  O  0  0  0  0  0
    0.8128    0.8479   -2.6930  C  0  0  0  0  0
   -0.2986    0.0309   -3.3950  C  0  0  0  0  0
   -1.6283    0.6760   -3.0619  C  0  0  0  0  0
   -2.8022   -0.0594   -2.8592  C  0  0  0  0  0
   -4.0141    0.5911   -2.6251  C  0  0  0  0  0
   -4.0710    1.9821   -2.6032  C  0  0  0  0  0
   -2.9150    2.7322   -2.8130  C  0  0  0  0  0
   -1.6861    2.0970   -3.0433  C  0  0  0  0  0
   -0.4464    2.9683   -3.2257  C  0  0  0  0  0
    0.9065    2.2325   -3.3252  C  0  0  0  0  0
  1  5  1  0  0  0
  1  2  1  0  0  0
  2  3  1  0  0  0
  3  4  1  0  0  0
  4 13  1  0  0  0
  4  5  1  0  0  0
  5  6  1  0  0  0
  6 11  2  0  0  0
  6  7  1  0  0  0
  7  8  2  0  0  0
  8  9  1  0  0  0
  9 10  2  0  0  0
 10 11  1  0  0  0
 11 12  1  0  0  0
 12 13  1  0  0  0
M  END
$$$$
c12c(cccc1)CCC3OCNC23
  -ISIS-

 13 15  0  0  0  0  0  0  0  0  1
    0.0756   -1.2738   -2.8836  N  0  0  0  0  0
    1.4893   -1.2784   -2.8312  C  0  0  0  0  0
    1.9667    0.0176   -2.8927  O  0  0  0  0  0
    0.8128    0.8479   -2.6930  C  0  0  0  0  0
   -0.2986    0.0309   -3.3950  C  0  0  0  0  0
   -1.6283    0.6760   -3.0619  C  0  0  0  0  0
   -2.8022   -0.0594   -2.8592  C  0  0  0  0  0
   -4.0141    0.5911   -2.6251  C  0  0  0  0  0
   -4.0710    1.9821   -2.6032  C  0  0  0  0  0
   -2.9150    2.7322   -2.8130  C  0  0  0  0  0
   -1.6861    2.0970   -3.0433  C  0  0  0  0  0
   -0.4464    2.9683   -3.2257  C  0  0  0  0  0
    0.9065    2.2325   -3.3252  C  0  0  0  0  0
  1  5  1  0  0  0
  1  2  1  0  0  0
  2  3  1  0  0  0
  3  4  1  0  0  0
  4 13  1  0  0  0
  4  5  1  0  0  0
  5  6  1  0  0  0
  6 11  2  0  0  0
  6  7  1  0  0  0
  7  8  2  0  0  0
  8  9  1  0  0  0
  9 10  2  0  0  0
 10 11  1  0  0  0
 11 12  1  0  0  0
 12 13  1  0  0  0
M  END
$$$$
c12c(cccc1)CCC3OCNC23
  -ISIS-

 13 15  0  0  0  0  0  0  0  0  1
    0.0756   -1.2738   -2.8836  N  0  0  0  0  0
    1.4893   -1.2784   -2.8312  C  0  0  0  0  0
    1.9667    0.0176   -2.8927  O  0  0  0  0  0
    0.8128    0.8479   -2.6930  C  0  0  0  0  0
   -0.2986    0.0309   -3.3950  C  0  0  0  0  0
   -1.6283    0.6760   -3.0619  C  0  0  0  0  0
   -2.8022   -0.0594   -2.8592  C  0  0  0  0  0
   -4.0141    0.5911   -2.6251  C  0  0  0  0  0
   -4.0710    1.9821   -2.6032  C  0  0  0  0  0
   -2.9150    2.7322   -2.8130  C  0  0  0  0  0
   -1.6861    2.0970   -3.0433  C  0  0  0  0  0
   -0.4464    2.9683   -3.2257  C  0  0  0  0  0
    0.9065    2.2325   -3.3252  C  0  0  0  0  0
  1  5  1  0  0  0
  1  2  1  0  0  0
  2  3  1  0  0  0
  3  4  1  0  0  0
  4 13  1  0  0  0
  4  5  1  0  0  0
  5  6  1  0  0  0
  6 11  2  0  0  0
  6  7  1  0  0  0
  7  8  2  0  0  0
  8  9  1  0  0  0
  9 10  2  0  0  0
 10 11  1  0  0  0
 11 12  1  0  0  0
 12 13  1  0  0  0
M  END
$$$$
c12c(cccc1)CCC3OCNC23
  -ISIS-

 13 15  0  0  0  0  0  0  0  0  1
    0.0756   -1.2738   -2.8836  N  0  0  0  0  0
    1.4893   -1.2784   -2.8312  C  0  0  0  0  0
    1.9667    0.0176   -2.8927  O  0  0  0  0  0
    0.8128    0.8479   -2.6930  C  0  0  0  0  0
   -0.2986    0.0309   -3.3950  C  0  0  0  0  0
   -1.6283    0.6760   -3.0619  C  0  0  0  0  0
   -2.8022   -0.0594   -2.8592  C  0  0  0  0  0
   -4.0141    0.5911   -2.6251  C  0  0  0  0  0
   -4.0710    1.9821   -2.6032  C  0  0  0  0  0
   -2.9150    2.7322   -2.8130  C  0  0  0  0  0
   -1.6861    2.0970   -3.0433  C  0  0  0  0  0
   -0.4464    2.9683   -3.2257  C  0  0  0  0  0
    0.9065    2.2325   -3.3252  C  0  0  0  0  0
  1  5  1  0  0  0
  1  2  1  0  0  0
  2  3  1  0  0  0
  3  4  1  0  0  0
  4 13  1  0  0  0
  4  5  1  0  0  0
  5  6  1  0  0  0
  6 11  2  0  0  0
  6  7  1  0  0  0
  7  8  2  0  0  0
  8  9  1  0  0  0
  9 10  2  0  0  0
 10 11  1  0  0  0
 11 12  1  0  0  0
 12 13  1  0  0  0
M  END
$$$$
c12c(cccc1)CCC3OCNC23
  -ISIS-

 13 15  0  0  0  0  0  0  0  0  1
    4.1138   -5.4265    2.9194  N  0  0  0  0  0
    3.5146   -5.9104    1.7421  C  0  0  0  0  0
    2.4283   -5.1330    1.3986  O  0  0  0  0  0
    2.5317   -3.9570    2.2054  C  0  0  0  0  0
    3.1448   -4.5173    3.5127  C  0  0  0  0  0
    3.5575   -3.3108    4.3382  C  0  0  0  0  0
    4.7604   -3.2157    5.0459  C  0  0  0  0  0
    5.0342   -2.1003    5.8411  C  0  0  0  0  0
    4.1128   -1.0624    5.9395  C  0  0  0  0  0
    2.9197   -1.1227    5.2248  C  0  0  0  0  0
    2.6334   -2.2287    4.4105  C  0  0  0  0  0
    1.3517   -2.1935    3.5817  C  0  0  0  0  0
    1.1945   -3.2878    2.5054  C  0  0  0  0  0
  1  5  1  0  0  0
  1  2  1  0  0  0
  2  3  1  0  0  0
  3  4  1  0  0  0
  4 13  1  0  0  0
  4  5  1  0  0  0
  5  6  1  0  0  0
  6 11  2  0  0  0
  6  7  1  0  0  0
  7  8  2  0  0  0
  8  9  1  0  0  0
  9 10  2  0  0  0
 10 11  1  0  0  0
 11 12  1  0  0  0
 12 13  1  0  0  0
M  END
$$$$
c12c(cccc1)CCC3OCNC23
  -ISIS-

 13 15  0  0  0  0  0  0  0  0  1
    4.1138   -5.4265    2.9194  N  0  0  0  0  0
    3.5146   -5.9104    1.7421  C  0  0  0  0  0
    2.4283   -5.1330    1.3986  O  0  0  0  0  0
    2.5317   -3.9570    2.2054  C  0  0  0  0  0
    3.1448   -4.5173    3.5127  C  0  0  0  0  0
    3.5575   -3.3108    4.3382  C  0  0  0  0  0
    4.7604   -3.2157    5.0459  C  0  0  0  0  0
    5.0342   -2.1003    5.8411  C  0  0  0  0  0
    4.1128   -1.0624    5.9395  C  0  0  0  0  0
    2.9197   -1.1227    5.2248  C  0  0  0  0  0
    2.6334   -2.2287    4.4105  C  0  0  0  0  0
    1.3517   -2.1935    3.5817  C  0  0  0  0  0
    1.1945   -3.2878    2.5054  C  0  0  0  0  0
  1  5  1  0  0  0
  1  2  1  0  0  0
  2  3  1  0  0  0
  3  4  1  0  0  0
  4 13  1  0  0  0
  4  5  1  0  0  0
  5  6  1  0  0  0
  6 11  2  0  0  0
  6  7  1  0  0  0
  7  8  2  0  0  0
  8  9  1  0  0  0
  9 10  2  0  0  0
 10 11  1  0  0  0
 11 12  1  0  0  0
 12 13  1  0  0  0
M  END
$$$$
c12c(cccc1)CCC3OCNC23
  -ISIS-

 13 15  0  0  0  0  0  0  0  0  1
    4.1138   -5.4265    2.9194  N  0  0  0  0  0
    3.5146   -5.9104    1.7421  C  0  0  0  0  0
    2.4283   -5.1330    1.3986  O  0  0  0  0  0
    2.5317   -3.9570    2.2054  C  0  0  0  0  0
    3.1448   -4.5173    3.5127  C  0  0  0  0  0
    3.5575   -3.3108    4.3382  C  0  0  0  0  0
    4.7604   -3.2157    5.0459  C  0  0  0  0  0
    5.0342   -2.1003    5.8411  C  0  0  0  0  0
    4.1128   -1.0624    5.9395  C  0  0  0  0  0
    2.9197   -1.1227    5.2248  C  0  0  0  0  0
    2.6334   -2.2287    4.4105  C  0  0  0  0  0
    1.3517   -2.1935    3.5817  C  0  0  0  0  0
    1.1945   -3.2878    2.5054  C  0  0  0  0  0
  1  5  1  0  0  0
  1  2  1  0  0  0
  2  3  1  0  0  0
  3  4  1  0  0  0
  4 13  1  0  0  0
  4  5  1  0  0  0
  5  6  1  0  0  0
  6 11  2  0  0  0
  6  7  1  0  0  0
  7  8  2  0  0  0
  8  9  1  0  0  0
  9 10  2  0  0  0
 10 11  1  0  0  0
 11 12  1  0  0  0
 12 13  1  0  0  0
M  END
$$$$
c12c(cccc1)CCC3OCNC23
  -ISIS-

 13 15  0  0  0  0  0  0  0  0  1
    4.1138   -5.4265    2.9194  N  0  0  0  0  0
    3.5146   -5.9104    1.7421  C  0  0  0  0  0
    2.4283   -5.1330    1.3986  O  0  0  0  0  0
    2.5317   -3.9570    2.2054  C  0  0  0  0  0
    3.1448   -4.5173    3.5127  C  0  0  0  0  0
    3.5575   -3.3108    4.3382  C  0  0  0  0  0
    4.7604   -3.2157    5.0459  C  0  0  0  0  0
    5.0342   -2.1003    5.8411  C  0  0  0  0  0
    4.1128   -1.0624    5.9395  C  0  0  0  0  0
    2.9197   -1.1227    5.2248  C  0  0  0  0  0
    2.6334   -2.2287    4.4105  C  0  0  0  0  0
    1.3517   -2.1935    3.5817  C  0  0  0  0  0
    1.1945   -3.2878    2.5054  C  0  0  0  0  0
  1  5  1  0  0  0
  1  2  1  0  0  0
  2  3  1  0  0  0
  3  4  1  0  0  0
  4 13  1  0  0  0
  4  5  1  0  0  0
  5  6  1  0  0  0
  6 11  2  0  0  0
  6  7  1  0  0  0
  7  8  2  0  0  0
  8  9  1  0  0  0
  9 10  2  0  0  0
 10 11  1  0  0  0
 11 12  1  0  0  0
 12 13  1  0  0  0
M  END
$$$$
c12c(cccc1)CCC3OCNC23
  -ISIS-

 13 15  0  0  0  0  0  0  0  0  1
   -0.3121    2.0724   -0.2075  O  0  0  0  0  0
   -1.4313    2.8823   -0.1301  C  0  0  0  0  0
   -1.3991    3.6250    1.0386  N  0  0  0  0  0
   -0.0488    3.5760    1.5060  C  0  0  0  0  0
    0.2768    2.1271    1.1007  C  0  0  0  0  0
    1.7868    1.9241    1.1678  C  0  0  0  0  0
    2.3130    2.2379    2.5902  C  0  0  0  0  0
    1.4440    3.1451    3.4606  C  0  0  0  0  0
    0.2587    3.7533    2.9678  C  0  0  0  0  0
   -0.5284    4.5398    3.8165  C  0  0  0  0  0
   -0.1519    4.7231    5.1465  C  0  0  0  0  0
    1.0130    4.1323    5.6344  C  0  0  0  0  0
    1.8077    3.3478    4.7979  C  0  0  0  0  0
  1  5  1  0  0  0
  1  2  1  0  0  0
  2  3  1  0  0  0
  3  4  1  0  0  0
  4  9  1  0  0  0
  4  5  1  0  0  0
  5  6  1  0  0  0
  6  7  1  0  0  0
  7  8  1  0  0  0
  8 13  2  0  0  0
  8  9  2  0  0  0
  9 10  2  0  0  0
 10 11  1  0  0  0
 11 12  2  0  0  0
 12 13  1  0  0  0
M  END
$$$$
c12c(cccc1)CCC3OCNC23
  -ISIS-

 13 15  0  0  0  0  0  0  0  0  1
   -0.3121    2.0724   -0.2075  O  0  0  0  0  0
   -1.4313    2.8823   -0.1301  C  0  0  0  0  0
   -1.3991    3.6250    1.0386  N  0  0  0  0  0
   -0.0488    3.5760    1.5060  C  0  0  0  0  0
    0.2768    2.1271    1.1007  C  0  0  0  0  0
    1.7868    1.9241    1.1678  C  0  0  0  0  0
    2.3130    2.2379    2.5902  C  0  0  0  0  0
    1.4440    3.1451    3.4606  C  0  0  0  0  0
    0.2587    3.7533    2.9678  C  0  0  0  0  0
   -0.5284    4.5398    3.8165  C  0  0  0  0  0
   -0.1519    4.7231    5.1465  C  0  0  0  0  0
    1.0130    4.1323    5.6344  C  0  0  0  0  0
    1.8077    3.3478    4.7979  C  0  0  0  0  0
  1  5  1  0  0  0
  1  2  1  0  0  0
  2  3  1  0  0  0
  3  4  1  0  0  0
  4  9  1  0  0  0
  4  5  1  0  0  0
  5  6  1  0  0  0
  6  7  1  0  0  0
  7  8  1  0  0  0
  8 13  2  0  0  0
  8  9  2  0  0  0
  9 10  2  0  0  0
 10 11  1  0  0  0
 11 12  2  0  0  0
 12 13  1  0  0  0
M  END
$$$$
c12c(cccc1)CCC3OCNC23
  -ISIS-

 13 15  0  0  0  0  0  0  0  0  1
   -0.3121    2.0724   -0.2075  O  0  0  0  0  0
   -1.4313    2.8823   -0.1301  C  0  0  0  0  0
   -1.3991    3.6250    1.0386  N  0  0  0  0  0
   -0.0488    3.5760    1.5060  C  0  0  0  0  0
    0.2768    2.1271    1.1007  C  0  0  0  0  0
    1.7868    1.9241    1.1678  C  0  0  0  0  0
    2.3130    2.2379    2.5902  C  0  0  0  0  0
    1.4440    3.1451    3.4606  C  0  0  0  0  0
    0.2587    3.7533    2.9678  C  0  0  0  0  0
   -0.5284    4.5398    3.8165  C  0  0  0  0  0
   -0.1519    4.7231    5.1465  C  0  0  0  0  0
    1.0130    4.1323    5.6344  C  0  0  0  0  0
    1.8077    3.3478    4.7979  C  0  0  0  0  0
  1  5  1  0  0  0
  1  2  1  0  0  0
  2  3  1  0  0  0
  3  4  1  0  0  0
  4  9  1  0  0  0
  4  5  1  0  0  0
  5  6  1  0  0  0
  6  7  1  0  0  0
  7  8  1  0  0  0
  8 13  2  0  0  0
  8  9  2  0  0  0
  9 10  2  0  0  0
 10 11  1  0  0  0
 11 12  2  0  0  0
 12 13  1  0  0  0
M  END
$$$$
c12c(cccc1)CCC3OCNC23
  -ISIS-

 13 15  0  0  0  0  0  0  0  0  1
   -0.6031    1.3584    4.0016  N  0  0  0  0  0
   -0.1740    1.2462    5.3866  C  0  0  0  0  0
    1.3494    1.1450    5.1228  C  0  0  0  0  0
    1.5372    2.1316    4.1025  O  0  0  0  0  0
    0.3890    2.0879    3.3380  C  0  0  0  0  0
    2.1226    1.4273    6.4055  C  0  0  0  0  0
    1.6967    0.4585    7.5246  C  0  0  0  0  0
    0.3476   -0.2334    7.3518  C  0  0  0  0  0
   -0.5443    0.0807    6.2859  C  0  0  0  0  0
   -1.7310   -0.6502    6.1696  C  0  0  0  0  0
   -2.0414   -1.6637    7.0792  C  0  0  0  0  0
   -1.1752   -1.9580    8.1266  C  0  0  0  0  0
    0.0140   -1.2475    8.2631  C  0  0  0  0  0
  1  5  1  0  0  0
  1  2  1  0  0  0
  2  9  1  0  0  0
  2  3  1  0  0  0
  3  4  1  0  0  0
  3  6  1  0  0  0
  4  5  1  0  0  0
  6  7  1  0  0  0
  7  8  1  0  0  0
  8 13  2  0  0  0
  8  9  1  0  0  0
  9 10  2  0  0  0
 10 11  1  0  0  0
 11 12  2  0  0  0
 12 13  1  0  0  0
M  END
$$$$
c12c(cccc1)CCC3OCNC23
  -ISIS-

 13 15  0  0  0  0  0  0  0  0  1
   -0.6031    1.3584    4.0016  N  0  0  0  0  0
   -0.1740    1.2462    5.3866  C  0  0  0  0  0
    1.3494    1.1450    5.1228  C  0  0  0  0  0
    1.5372    2.1316    4.1025  O  0  0  0  0  0
    0.3890    2.0879    3.3380  C  0  0  0  0  0
    2.1226    1.4273    6.4055  C  0  0  0  0  0
    1.6967    0.4585    7.5246  C  0  0  0  0  0
    0.3476   -0.2334    7.3518  C  0  0  0  0  0
   -0.5443    0.0807    6.2859  C  0  0  0  0  0
   -1.7310   -0.6502    6.1696  C  0  0  0  0  0
   -2.0414   -1.6637    7.0792  C  0  0  0  0  0
   -1.1752   -1.9580    8.1266  C  0  0  0  0  0
    0.0140   -1.2475    8.2631  C  0  0  0  0  0
  1  5  1  0  0  0
  1  2  1  0  0  0
  2  9  1  0  0  0
  2  3  1  0  0  0
  3  4  1  0  0  0
  3  6  1  0  0  0
  4  5  1  0  0  0
  6  7  1  0  0  0
  7  8  1  0  0  0
  8 13  2  0  0  0
  8  9  1  0  0  0
  9 10  2  0  0  0
 10 11  1  0  0  0
 11 12  2  0  0  0
 12 13  1  0  0  0
M  END
$$$$
c12c(cccc1)CCC3OCNC23
  -ISIS-

 13 15  0  0  0  0  0  0  0  0  1
   -0.6031    1.3584    4.0016  N  0  0  0  0  0
   -0.1740    1.2462    5.3866  C  0  0  0  0  0
    1.3494    1.1450    5.1228  C  0  0  0  0  0
    1.5372    2.1316    4.1025  O  0  0  0  0  0
    0.3890    2.0879    3.3380  C  0  0  0  0  0
    2.1226    1.4273    6.4055  C  0  0  0  0  0
    1.6967    0.4585    7.5246  C  0  0  0  0  0
    0.3476   -0.2334    7.3518  C  0  0  0  0  0
   -0.5443    0.0807    6.2859  C  0  0  0  0  0
   -1.7310   -0.6502    6.1696  C  0  0  0  0  0
   -2.0414   -1.6637    7.0792  C  0  0  0  0  0
   -1.1752   -1.9580    8.1266  C  0  0  0  0  0
    0.0140   -1.2475    8.2631  C  0  0  0  0  0
  1  5  1  0  0  0
  1  2  1  0  0  0
  2  9  1  0  0  0
  2  3  1  0  0  0
  3  4  1  0  0  0
  3  6  1  0  0  0
  4  5  1  0  0  0
  6  7  1  0  0  0
  7  8  1  0  0  0
  8 13  2  0  0  0
  8  9  1  0  0  0
  9 10  2  0  0  0
 10 11  1  0  0  0
 11 12  2  0  0  0
 12 13  1  0  0  0
M  END
$$$$
c12c(cccc1)CCC3OCNC23
  -ISIS-

 13 15  0  0  0  0  0  0  0  0  1
   -0.6031    1.3584    4.0016  N  0  0  0  0  0
   -0.1740    1.2462    5.3866  C  0  0  0  0  0
    1.3494    1.1450    5.1228  C  0  0  0  0  0
    1.5372    2.1316    4.1025  O  0  0  0  0  0
    0.3890    2.0879    3.3380  C  0  0  0  0  0
    2.1226    1.4273    6.4055  C  0  0  0  0  0
    1.6967    0.4585    7.5246  C  0  0  0  0  0
    0.3476   -0.2334    7.3518  C  0  0  0  0  0
   -0.5443    0.0807    6.2859  C  0  0  0  0  0
   -1.7310   -0.6502    6.1696  C  0  0  0  0  0
   -2.0414   -1.6637    7.0792  C  0  0  0  0  0
   -1.1752   -1.9580    8.1266  C  0  0  0  0  0
    0.0140   -1.2475    8.2631  C  0  0  0  0  0
  1  5  1  0  0  0
  1  2  1  0  0  0
  2  9  1  0  0  0
  2  3  1  0  0  0
  3  4  1  0  0  0
  3  6  1  0  0  0
  4  5  1  0  0  0
  6  7  1  0  0  0
  7  8  1  0  0  0
  8 13  2  0  0  0
  8  9  1  0  0  0
  9 10  2  0  0  0
 10 11  1  0  0  0
 11 12  2  0  0  0
 12 13  1  0  0  0
M  END
$$$$
c12c(cccc1)CCC3OCNC23
  -ISIS-

 13 15  0  0  0  0  0  0  0  0  1
   -3.1570   -5.4894    2.4354  N  0  0  0  0  0
   -4.3311   -5.4701    3.1884  C  0  0  0  0  0
   -4.4271   -4.2684    3.8626  O  0  0  0  0  0
   -3.4520   -3.4192    3.2398  C  0  0  0  0  0
   -2.3044   -4.4238    2.9474  C  0  0  0  0  0
   -1.2399   -3.7095    2.1334  C  0  0  0  0  0
   -0.3955   -4.3608    1.2245  C  0  0  0  0  0
    0.6179   -3.6683    0.5572  C  0  0  0  0  0
    0.8276   -2.3176    0.8087  C  0  0  0  0  0
    0.0342   -1.6565    1.7413  C  0  0  0  0  0
   -0.9908   -2.3361    2.4200  C  0  0  0  0  0
   -1.8050   -1.5387    3.4346  C  0  0  0  0  0
   -2.9558   -2.2863    4.1271  C  0  0  0  0  0
  1  5  1  0  0  0
  1  2  1  0  0  0
  2  3  1  0  0  0
  3  4  1  0  0  0
  4 13  1  0  0  0
  4  5  1  0  0  0
  5  6  1  0  0  0
  6 11  2  0  0  0
  6  7  1  0  0  0
  7  8  2  0  0  0
  8  9  1  0  0  0
  9 10  2  0  0  0
 10 11  1  0  0  0
 11 12  1  0  0  0
 12 13  1  0  0  0
M  END
$$$$
c12c(cccc1)CCC3OCNC23
  -ISIS-

 13 15  0  0  0  0  0  0  0  0  1
   -3.1570   -5.4894    2.4354  N  0  0  0  0  0
   -4.3311   -5.4701    3.1884  C  0  0  0  0  0
   -4.4271   -4.2684    3.8626  O  0  0  0  0  0
   -3.4520   -3.4192    3.2398  C  0  0  0  0  0
   -2.3044   -4.4238    2.9474  C  0  0  0  0  0
   -1.2399   -3.7095    2.1334  C  0  0  0  0  0
   -0.3955   -4.3608    1.2245  C  0  0  0  0  0
    0.6179   -3.6683    0.5572  C  0  0  0  0  0
    0.8276   -2.3176    0.8087  C  0  0  0  0  0
    0.0342   -1.6565    1.7413  C  0  0  0  0  0
   -0.9908   -2.3361    2.4200  C  0  0  0  0  0
   -1.8050   -1.5387    3.4346  C  0  0  0  0  0
   -2.9558   -2.2863    4.1271  C  0  0  0  0  0
  1  5  1  0  0  0
  1  2  1  0  0  0
  2  3  1  0  0  0
  3  4  1  0  0  0
  4 13  1  0  0  0
  4  5  1  0  0  0
  5  6  1  0  0  0
  6 11  2  0  0  0
  6  7  1  0  0  0
  7  8  2  0  0  0
  8  9  1  0  0  0
  9 10  2  0  0  0
 10 11  1  0  0  0
 11 12  1  0  0  0
 12 13  1  0  0  0
M  END
$$$$
c12c(cccc1)CCC3OCNC23
  -ISIS-

 13 15  0  0  0  0  0  0  0  0  1
   -3.1570   -5.4894    2.4354  N  0  0  0  0  0
   -4.3311   -5.4701    3.1884  C  0  0  0  0  0
   -4.4271   -4.2684    3.8626  O  0  0  0  0  0
   -3.4520   -3.4192    3.2398  C  0  0  0  0  0
   -2.3044   -4.4238    2.9474  C  0  0  0  0  0
   -1.2399   -3.7095    2.1334  C  0  0  0  0  0
   -0.3955   -4.3608    1.2245  C  0  0  0  0  0
    0.6179   -3.6683    0.5572  C  0  0  0  0  0
    0.8276   -2.3176    0.8087  C  0  0  0  0  0
    0.0342   -1.6565    1.7413  C  0  0  0  0  0
   -0.9908   -2.3361    2.4200  C  0  0  0  0  0
   -1.8050   -1.5387    3.4346  C  0  0  0  0  0
   -2.9558   -2.2863    4.1271  C  0  0  0  0  0
  1  5  1  0  0  0
  1  2  1  0  0  0
  2  3  1  0  0  0
  3  4  1  0  0  0
  4 13  1  0  0  0
  4  5  1  0  0  0
  5  6  1  0  0  0
  6 11  2  0  0  0
  6  7  1  0  0  0
  7  8  2  0  0  0
  8  9  1  0  0  0
  9 10  2  0  0  0
 10 11  1  0  0  0
 11 12  1  0  0  0
 12 13  1  0  0  0
M  END
$$$$
c12c(cccc1)CCC3OCNC23
  -ISIS-

 13 15  0  0  0  0  0  0  0  0  1
   -3.1570   -5.4894    2.4354  N  0  0  0  0  0
   -4.3311   -5.4701    3.1884  C  0  0  0  0  0
   -4.4271   -4.2684    3.8626  O  0  0  0  0  0
   -3.4520   -3.4192    3.2398  C  0  0  0  0  0
   -2.3044   -4.4238    2.9474  C  0  0  0  0  0
   -1.2399   -3.7095    2.1334  C  0  0  0  0  0
   -0.3955   -4.3608    1.2245  C  0  0  0  0  0
    0.6179   -3.6683    0.5572  C  0  0  0  0  0
    0.8276   -2.3176    0.8087  C  0  0  0  0  0
    0.0342   -1.6565    1.7413  C  0  0  0  0  0
   -0.9908   -2.3361    2.4200  C  0  0  0  0  0
   -1.8050   -1.5387    3.4346  C  0  0  0  0  0
   -2.9558   -2.2863    4.1271  C  0  0  0  0  0
  1  5  1  0  0  0
  1  2  1  0  0  0
  2  3  1  0  0  0
  3  4  1  0  0  0
  4 13  1  0  0  0
  4  5  1  0  0  0
  5  6  1  0  0  0
  6 11  2  0  0  0
  6  7  1  0  0  0
  7  8  2  0  0  0
  8  9  1  0  0  0
  9 10  2  0  0  0
 10 11  1  0  0  0
 11 12  1  0  0  0
 12 13  1  0  0  0
M  END
$$$$
c12c(cccc1)CCC3OCNC23
  -ISIS-

 13 15  0  0  0  0  0  0  0  0  1
    4.4275    2.1072   -0.4533  N  0  0  0  0  0
    3.2244    1.9816   -1.2732  C  0  0  0  0  0
    3.9576    1.6590   -2.6051  C  0  0  0  0  0
    4.9469    0.7174   -2.1721  O  0  0  0  0  0
    5.3417    1.1626   -0.9277  C  0  0  0  0  0
    2.9857    1.0966   -3.6323  C  0  0  0  0  0
    1.8647    2.1084   -3.9116  C  0  0  0  0  0
    1.5629    3.1108   -2.8018  C  0  0  0  0  0
    2.2382    3.1072   -1.5461  C  0  0  0  0  0
    1.8508    4.0537   -0.5894  C  0  0  0  0  0
    0.8750    5.0136   -0.8709  C  0  0  0  0  0
    0.2466    5.0327   -2.1095  C  0  0  0  0  0
    0.5832    4.0826   -3.0680  C  0  0  0  0  0
  1  5  1  0  0  0
  1  2  1  0  0  0
  2  9  1  0  0  0
  2  3  1  0  0  0
  3  4  1  0  0  0
  3  6  1  0  0  0
  4  5  1  0  0  0
  6  7  1  0  0  0
  7  8  1  0  0  0
  8 13  2  0  0  0
  8  9  2  0  0  0
  9 10  2  0  0  0
 10 11  1  0  0  0
 11 12  2  0  0  0
 12 13  1  0  0  0
M  END
$$$$
c12c(cccc1)CCC3OCNC23
  -ISIS-

 13 15  0  0  0  0  0  0  0  0  1
    4.2782    2.3201    3.3746  N  0  0  0  0  0
    5.5325    2.3116    3.9908  C  0  0  0  0  0
    5.4578    2.9600    5.2061  O  0  0  0  0  0
    4.0559    3.0674    5.4826  C  0  0  0  0  0
    3.4736    3.3257    4.0650  C  0  0  0  0  0
    1.9566    3.2993    4.1729  C  0  0  0  0  0
    1.1079    2.8985    3.1335  C  0  0  0  0  0
   -0.2816    2.9776    3.2591  C  0  0  0  0  0
   -0.8533    3.4833    4.4197  C  0  0  0  0  0
   -0.0362    3.9237    5.4556  C  0  0  0  0  0
    1.3630    3.8503    5.3464  C  0  0  0  0  0
    2.1789    4.3588    6.5311  C  0  0  0  0  0
    3.7037    4.2089    6.4256  C  0  0  0  0  0
  1  5  1  0  0  0
  1  2  1  0  0  0
  2  3  1  0  0  0
  3  4  1  0  0  0
  4 13  1  0  0  0
  4  5  1  0  0  0
  5  6  1  0  0  0
  6 11  2  0  0  0
  6  7  1  0  0  0
  7  8  2  0  0  0
  8  9  1  0  0  0
  9 10  2  0  0  0
 10 11  1  0  0  0
 11 12  1  0  0  0
 12 13  1  0  0  0
M  END
$$$$
c12c(cccc1)CCC3OCNC23
  -ISIS-

 13 15  0  0  0  0  0  0  0  0  1
    4.4275    2.1072   -0.4533  N  0  0  0  0  0
    3.2244    1.9816   -1.2732  C  0  0  0  0  0
    3.9576    1.6590   -2.6051  C  0  0  0  0  0
    4.9469    0.7174   -2.1721  O  0  0  0  0  0
    5.3417    1.1626   -0.9277  C  0  0  0  0  0
    2.9857    1.0966   -3.6323  C  0  0  0  0  0
    1.8647    2.1084   -3.9116  C  0  0  0  0  0
    1.5629    3.1108   -2.8018  C  0  0  0  0  0
    2.2382    3.1072   -1.5461  C  0  0  0  0  0
    1.8508    4.0537   -0.5894  C  0  0  0  0  0
    0.8750    5.0136   -0.8709  C  0  0  0  0  0
    0.2466    5.0327   -2.1095  C  0  0  0  0  0
    0.5832    4.0826   -3.0680  C  0  0  0  0  0
  1  5  1  0  0  0
  1  2  1  0  0  0
  2  9  1  0  0  0
  2  3  1  0  0  0
  3  4  1  0  0  0
  3  6  1  0  0  0
  4  5  1  0  0  0
  6  7  1  0  0  0
  7  8  1  0  0  0
  8 13  2  0  0  0
  8  9  2  0  0  0
  9 10  2  0  0  0
 10 11  1  0  0  0
 11 12  2  0  0  0
 12 13  1  0  0  0
M  END
$$$$
c12c(cccc1)CCC3OCNC23
  -ISIS-

 13 15  0  0  0  0  0  0  0  0  1
    4.4275    2.1072   -0.4533  N  0  0  0  0  0
    3.2244    1.9816   -1.2732  C  0  0  0  0  0
    3.9576    1.6590   -2.6051  C  0  0  0  0  0
    4.9469    0.7174   -2.1721  O  0  0  0  0  0
    5.3417    1.1626   -0.9277  C  0  0  0  0  0
    2.9857    1.0966   -3.6323  C  0  0  0  0  0
    1.8647    2.1084   -3.9116  C  0  0  0  0  0
    1.5629    3.1108   -2.8018  C  0  0  0  0  0
    2.2382    3.1072   -1.5461  C  0  0  0  0  0
    1.8508    4.0537   -0.5894  C  0  0  0  0  0
    0.8750    5.0136   -0.8709  C  0  0  0  0  0
    0.2466    5.0327   -2.1095  C  0  0  0  0  0
    0.5832    4.0826   -3.0680  C  0  0  0  0  0
  1  5  1  0  0  0
  1  2  1  0  0  0
  2  9  1  0  0  0
  2  3  1  0  0  0
  3  4  1  0  0  0
  3  6  1  0  0  0
  4  5  1  0  0  0
  6  7  1  0  0  0
  7  8  1  0  0  0
  8 13  2  0  0  0
  8  9  2  0  0  0
  9 10  2  0  0  0
 10 11  1  0  0  0
 11 12  2  0  0  0
 12 13  1  0  0  0
M  END
$$$$
c12c(cccc1)CCC3OCNC23
  -ISIS-

 13 15  0  0  0  0  0  0  0  0  1
    4.4275    2.1072   -0.4533  N  0  0  0  0  0
    3.2244    1.9816   -1.2732  C  0  0  0  0  0
    3.9576    1.6590   -2.6051  C  0  0  0  0  0
    4.9469    0.7174   -2.1721  O  0  0  0  0  0
    5.3417    1.1626   -0.9277  C  0  0  0  0  0
    2.9857    1.0966   -3.6323  C  0  0  0  0  0
    1.8647    2.1084   -3.9116  C  0  0  0  0  0
    1.5629    3.1108   -2.8018  C  0  0  0  0  0
    2.2382    3.1072   -1.5461  C  0  0  0  0  0
    1.8508    4.0537   -0.5894  C  0  0  0  0  0
    0.8750    5.0136   -0.8709  C  0  0  0  0  0
    0.2466    5.0327   -2.1095  C  0  0  0  0  0
    0.5832    4.0826   -3.0680  C  0  0  0  0  0
  1  5  1  0  0  0
  1  2  1  0  0  0
  2  9  1  0  0  0
  2  3  1  0  0  0
  3  4  1  0  0  0
  3  6  1  0  0  0
  4  5  1  0  0  0
  6  7  1  0  0  0
  7  8  1  0  0  0
  8 13  2  0  0  0
  8  9  2  0  0  0
  9 10  2  0  0  0
 10 11  1  0  0  0
 11 12  2  0  0  0
 12 13  1  0  0  0
M  END
$$$$
c12c(cccc1)CCC3OCNC23
  -ISIS-

 13 15  0  0  0  0  0  0  0  0  1
    4.2782    2.3201    3.3746  N  0  0  0  0  0
    5.5325    2.3116    3.9908  C  0  0  0  0  0
    5.4578    2.9600    5.2061  O  0  0  0  0  0
    4.0559    3.0674    5.4826  C  0  0  0  0  0
    3.4736    3.3257    4.0650  C  0  0  0  0  0
    1.9566    3.2993    4.1729  C  0  0  0  0  0
    1.1079    2.8985    3.1335  C  0  0  0  0  0
   -0.2816    2.9776    3.2591  C  0  0  0  0  0
   -0.8533    3.4833    4.4197  C  0  0  0  0  0
   -0.0362    3.9237    5.4556  C  0  0  0  0  0
    1.3630    3.8503    5.3464  C  0  0  0  0  0
    2.1789    4.3588    6.5311  C  0  0  0  0  0
    3.7037    4.2089    6.4256  C  0  0  0  0  0
  1  5  1  0  0  0
  1  2  1  0  0  0
  2  3  1  0  0  0
  3  4  1  0  0  0
  4 13  1  0  0  0
  4  5  1  0  0  0
  5  6  1  0  0  0
  6 11  2  0  0  0
  6  7  1  0  0  0
  7  8  2  0  0  0
  8  9  1  0  0  0
  9 10  2  0  0  0
 10 11  1  0  0  0
 11 12  1  0  0  0
 12 13  1  0  0  0
M  END
$$$$
c12c(cccc1)CCC3OCNC23
  -ISIS-

 13 15  0  0  0  0  0  0  0  0  1
    4.2782    2.3201    3.3746  N  0  0  0  0  0
    5.5325    2.3116    3.9908  C  0  0  0  0  0
    5.4578    2.9600    5.2061  O  0  0  0  0  0
    4.0559    3.0674    5.4826  C  0  0  0  0  0
    3.4736    3.3257    4.0650  C  0  0  0  0  0
    1.9566    3.2993    4.1729  C  0  0  0  0  0
    1.1079    2.8985    3.1335  C  0  0  0  0  0
   -0.2816    2.9776    3.2591  C  0  0  0  0  0
   -0.8533    3.4833    4.4197  C  0  0  0  0  0
   -0.0362    3.9237    5.4556  C  0  0  0  0  0
    1.3630    3.8503    5.3464  C  0  0  0  0  0
    2.1789    4.3588    6.5311  C  0  0  0  0  0
    3.7037    4.2089    6.4256  C  0  0  0  0  0
  1  5  1  0  0  0
  1  2  1  0  0  0
  2  3  1  0  0  0
  3  4  1  0  0  0
  4 13  1  0  0  0
  4  5  1  0  0  0
  5  6  1  0  0  0
  6 11  2  0  0  0
  6  7  1  0  0  0
  7  8  2  0  0  0
  8  9  1  0  0  0
  9 10  2  0  0  0
 10 11  1  0  0  0
 11 12  1  0  0  0
 12 13  1  0  0  0
M  END
$$$$
c12c(cccc1)CCC3OCNC23
  -ISIS-

 13 15  0  0  0  0  0  0  0  0  1
    4.2782    2.3201    3.3746  N  0  0  0  0  0
    5.5325    2.3116    3.9908  C  0  0  0  0  0
    5.4578    2.9600    5.2061  O  0  0  0  0  0
    4.0559    3.0674    5.4826  C  0  0  0  0  0
    3.4736    3.3257    4.0650  C  0  0  0  0  0
    1.9566    3.2993    4.1729  C  0  0  0  0  0
    1.1079    2.8985    3.1335  C  0  0  0  0  0
   -0.2816    2.9776    3.2591  C  0  0  0  0  0
   -0.8533    3.4833    4.4197  C  0  0  0  0  0
   -0.0362    3.9237    5.4556  C  0  0  0  0  0
    1.3630    3.8503    5.3464  C  0  0  0  0  0
    2.1789    4.3588    6.5311  C  0  0  0  0  0
    3.7037    4.2089    6.4256  C  0  0  0  0  0
  1  5  1  0  0  0
  1  2  1  0  0  0
  2  3  1  0  0  0
  3  4  1  0  0  0
  4 13  1  0  0  0
  4  5  1  0  0  0
  5  6  1  0  0  0
  6 11  2  0  0  0
  6  7  1  0  0  0
  7  8  2  0  0  0
  8  9  1  0  0  0
  9 10  2  0  0  0
 10 11  1  0  0  0
 11 12  1  0  0  0
 12 13  1  0  0  0
M  END
$$$$
c12c(cccc1)CCC3OCNC23
  -ISIS-

 13 15  0  0  0  0  0  0  0  0  1
   -1.8155   -2.2414    1.2760  N  0  0  0  0  0
   -0.9203   -3.1199    0.5524  C  0  0  0  0  0
   -1.7031   -3.1205   -0.7836  C  0  0  0  0  0
   -2.0788   -1.7415   -0.9130  O  0  0  0  0  0
   -2.3522   -1.3283    0.3821  C  0  0  0  0  0
   -0.8093   -3.6142   -1.9141  C  0  0  0  0  0
   -0.3204   -5.0411   -1.6236  C  0  0  0  0  0
   -0.2425   -5.4459   -0.1566  C  0  0  0  0  0
   -0.5887   -4.5605    0.9068  C  0  0  0  0  0
   -0.4779   -5.0322    2.2194  C  0  0  0  0  0
   -0.0902   -6.3480    2.4853  C  0  0  0  0  0
    0.2243   -7.2132    1.4444  C  0  0  0  0  0
    0.1541   -6.7637    0.1294  C  0  0  0  0  0
  1  5  1  0  0  0
  1  2  1  0  0  0
  2  9  1  0  0  0
  2  3  1  0  0  0
  3  4  1  0  0  0
  3  6  1  0  0  0
  4  5  1  0  0  0
  6  7  1  0  0  0
  7  8  1  0  0  0
  8 13  2  0  0  0
  8  9  1  0  0  0
  9 10  2  0  0  0
 10 11  1  0  0  0
 11 12  2  0  0  0
 12 13  1  0  0  0
M  END
$$$$
c12c(cccc1)CCC3OCNC23
  -ISIS-

 13 15  0  0  0  0  0  0  0  0  1
   -1.8155   -2.2414    1.2760  N  0  0  0  0  0
   -0.9203   -3.1199    0.5524  C  0  0  0  0  0
   -1.7031   -3.1205   -0.7836  C  0  0  0  0  0
   -2.0788   -1.7415   -0.9130  O  0  0  0  0  0
   -2.3522   -1.3283    0.3821  C  0  0  0  0  0
   -0.8093   -3.6142   -1.9141  C  0  0  0  0  0
   -0.3204   -5.0411   -1.6236  C  0  0  0  0  0
   -0.2425   -5.4459   -0.1566  C  0  0  0  0  0
   -0.5887   -4.5605    0.9068  C  0  0  0  0  0
   -0.4779   -5.0322    2.2194  C  0  0  0  0  0
   -0.0902   -6.3480    2.4853  C  0  0  0  0  0
    0.2243   -7.2132    1.4444  C  0  0  0  0  0
    0.1541   -6.7637    0.1294  C  0  0  0  0  0
  1  5  1  0  0  0
  1  2  1  0  0  0
  2  9  1  0  0  0
  2  3  1  0  0  0
  3  4  1  0  0  0
  3  6  1  0  0  0
  4  5  1  0  0  0
  6  7  1  0  0  0
  7  8  1  0  0  0
  8 13  2  0  0  0
  8  9  1  0  0  0
  9 10  2  0  0  0
 10 11  1  0  0  0
 11 12  2  0  0  0
 12 13  1  0  0  0
M  END
$$$$
c12c(cccc1)CCC3OCNC23
  -ISIS-

 13 15  0  0  0  0  0  0  0  0  1
   -1.8155   -2.2414    1.2760  N  0  0  0  0  0
   -0.9203   -3.1199    0.5524  C  0  0  0  0  0
   -1.7031   -3.1205   -0.7836  C  0  0  0  0  0
   -2.0788   -1.7415   -0.9130  O  0  0  0  0  0
   -2.3522   -1.3283    0.3821  C  0  0  0  0  0
   -0.8093   -3.6142   -1.9141  C  0  0  0  0  0
   -0.3204   -5.0411   -1.6236  C  0  0  0  0  0
   -0.2425   -5.4459   -0.1566  C  0  0  0  0  0
   -0.5887   -4.5605    0.9068  C  0  0  0  0  0
   -0.4779   -5.0322    2.2194  C  0  0  0  0  0
   -0.0902   -6.3480    2.4853  C  0  0  0  0  0
    0.2243   -7.2132    1.4444  C  0  0  0  0  0
    0.1541   -6.7637    0.1294  C  0  0  0  0  0
  1  5  1  0  0  0
  1  2  1  0  0  0
  2  9  1  0  0  0
  2  3  1  0  0  0
  3  4  1  0  0  0
  3  6  1  0  0  0
  4  5  1  0  0  0
  6  7  1  0  0  0
  7  8  1  0  0  0
  8 13  2  0  0  0
  8  9  1  0  0  0
  9 10  2  0  0  0
 10 11  1  0  0  0
 11 12  2  0  0  0
 12 13  1  0  0  0
M  END
$$$$
c12c(cccc1)CCC3OCNC23
  -ISIS-

 13 15  0  0  0  0  0  0  0  0  1
   -1.8155   -2.2414    1.2760  N  0  0  0  0  0
   -0.9203   -3.1199    0.5524  C  0  0  0  0  0
   -1.7031   -3.1205   -0.7836  C  0  0  0  0  0
   -2.0788   -1.7415   -0.9130  O  0  0  0  0  0
   -2.3522   -1.3283    0.3821  C  0  0  0  0  0
   -0.8093   -3.6142   -1.9141  C  0  0  0  0  0
   -0.3204   -5.0411   -1.6236  C  0  0  0  0  0
   -0.2425   -5.4459   -0.1566  C  0  0  0  0  0
   -0.5887   -4.5605    0.9068  C  0  0  0  0  0
   -0.4779   -5.0322    2.2194  C  0  0  0  0  0
   -0.0902   -6.3480    2.4853  C  0  0  0  0  0
    0.2243   -7.2132    1.4444  C  0  0  0  0  0
    0.1541   -6.7637    0.1294  C  0  0  0  0  0
  1  5  1  0  0  0
  1  2  1  0  0  0
  2  9  1  0  0  0
  2  3  1  0  0  0
  3  4  1  0  0  0
  3  6  1  0  0  0
  4  5  1  0  0  0
  6  7  1  0  0  0
  7  8  1  0  0  0
  8 13  2  0  0  0
  8  9  1  0  0  0
  9 10  2  0  0  0
 10 11  1  0  0  0
 11 12  2  0  0  0
 12 13  1  0  0  0
M  END
$$$$
c12c(cccc1)CCC3OCNC23
  -ISIS-

 13 15  0  0  0  0  0  0  0  0  1
    6.2926    1.8849   -0.8726  N  0  0  0  0  0
    7.4145    2.1140   -0.0419  C  0  0  0  0  0
    7.4618    1.1606    0.9583  O  0  0  0  0  0
    6.5103    0.1609    0.5630  C  0  0  0  0  0
    5.4125    1.0117   -0.1199  C  0  0  0  0  0
    4.4457    0.0626   -0.7981  C  0  0  0  0  0
    3.8227    0.3529   -2.0179  C  0  0  0  0  0
    2.8859   -0.5264   -2.5620  C  0  0  0  0  0
    2.5509   -1.6987   -1.8893  C  0  0  0  0  0
    3.1527   -2.0006   -0.6689  C  0  0  0  0  0
    4.1014   -1.1328   -0.1087  C  0  0  0  0  0
    4.7576   -1.5349    1.2092  C  0  0  0  0  0
    5.9011   -0.6305    1.7155  C  0  0  0  0  0
  1  5  1  0  0  0
  1  2  1  0  0  0
  2  3  1  0  0  0
  3  4  1  0  0  0
  4 13  1  0  0  0
  4  5  1  0  0  0
  5  6  1  0  0  0
  6 11  2  0  0  0
  6  7  1  0  0  0
  7  8  2  0  0  0
  8  9  1  0  0  0
  9 10  2  0  0  0
 10 11  1  0  0  0
 11 12  1  0  0  0
 12 13  1  0  0  0
M  END
$$$$
c12c(cccc1)CCC3OCNC23
  -ISIS-

 13 15  0  0  0  0  0  0  0  0  1
    6.2926    1.8849   -0.8726  N  0  0  0  0  0
    7.4145    2.1140   -0.0419  C  0  0  0  0  0
    7.4618    1.1606    0.9583  O  0  0  0  0  0
    6.5103    0.1609    0.5630  C  0  0  0  0  0
    5.4125    1.0117   -0.1199  C  0  0  0  0  0
    4.4457    0.0626   -0.7981  C  0  0  0  0  0
    3.8227    0.3529   -2.0179  C  0  0  0  0  0
    2.8859   -0.5264   -2.5620  C  0  0  0  0  0
    2.5509   -1.6987   -1.8893  C  0  0  0  0  0
    3.1527   -2.0006   -0.6689  C  0  0  0  0  0
    4.1014   -1.1328   -0.1087  C  0  0  0  0  0
    4.7576   -1.5349    1.2092  C  0  0  0  0  0
    5.9011   -0.6305    1.7155  C  0  0  0  0  0
  1  5  1  0  0  0
  1  2  1  0  0  0
  2  3  1  0  0  0
  3  4  1  0  0  0
  4 13  1  0  0  0
  4  5  1  0  0  0
  5  6  1  0  0  0
  6 11  2  0  0  0
  6  7  1  0  0  0
  7  8  2  0  0  0
  8  9  1  0  0  0
  9 10  2  0  0  0
 10 11  1  0  0  0
 11 12  1  0  0  0
 12 13  1  0  0  0
M  END
$$$$
c12c(cccc1)CCC3OCNC23
  -ISIS-

 13 15  0  0  0  0  0  0  0  0  1
    6.2926    1.8849   -0.8726  N  0  0  0  0  0
    7.4145    2.1140   -0.0419  C  0  0  0  0  0
    7.4618    1.1606    0.9583  O  0  0  0  0  0
    6.5103    0.1609    0.5630  C  0  0  0  0  0
    5.4125    1.0117   -0.1199  C  0  0  0  0  0
    4.4457    0.0626   -0.7981  C  0  0  0  0  0
    3.8227    0.3529   -2.0179  C  0  0  0  0  0
    2.8859   -0.5264   -2.5620  C  0  0  0  0  0
    2.5509   -1.6987   -1.8893  C  0  0  0  0  0
    3.1527   -2.0006   -0.6689  C  0  0  0  0  0
    4.1014   -1.1328   -0.1087  C  0  0  0  0  0
    4.7576   -1.5349    1.2092  C  0  0  0  0  0
    5.9011   -0.6305    1.7155  C  0  0  0  0  0
  1  5  1  0  0  0
  1  2  1  0  0  0
  2  3  1  0  0  0
  3  4  1  0  0  0
  4 13  1  0  0  0
  4  5  1  0  0  0
  5  6  1  0  0  0
  6 11  2  0  0  0
  6  7  1  0  0  0
  7  8  2  0  0  0
  8  9  1  0  0  0
  9 10  2  0  0  0
 10 11  1  0  0  0
 11 12  1  0  0  0
 12 13  1  0  0  0
M  END
$$$$
c12c(cccc1)CCC3OCNC23
  -ISIS-

 13 15  0  0  0  0  0  0  0  0  1
    6.2926    1.8849   -0.8726  N  0  0  0  0  0
    7.4145    2.1140   -0.0419  C  0  0  0  0  0
    7.4618    1.1606    0.9583  O  0  0  0  0  0
    6.5103    0.1609    0.5630  C  0  0  0  0  0
    5.4125    1.0117   -0.1199  C  0  0  0  0  0
    4.4457    0.0626   -0.7981  C  0  0  0  0  0
    3.8227    0.3529   -2.0179  C  0  0  0  0  0
    2.8859   -0.5264   -2.5620  C  0  0  0  0  0
    2.5509   -1.6987   -1.8893  C  0  0  0  0  0
    3.1527   -2.0006   -0.6689  C  0  0  0  0  0
    4.1014   -1.1328   -0.1087  C  0  0  0  0  0
    4.7576   -1.5349    1.2092  C  0  0  0  0  0
    5.9011   -0.6305    1.7155  C  0  0  0  0  0
  1  5  1  0  0  0
  1  2  1  0  0  0
  2  3  1  0  0  0
  3  4  1  0  0  0
  4 13  1  0  0  0
  4  5  1  0  0  0
  5  6  1  0  0  0
  6 11  2  0  0  0
  6  7  1  0  0  0
  7  8  2  0  0  0
  8  9  1  0  0  0
  9 10  2  0  0  0
 10 11  1  0  0  0
 11 12  1  0  0  0
 12 13  1  0  0  0
M  END
$$$$
