c12c(cncn1)Cc3c(cccc3)N2
  -ISIS-

 14 16  0  0  0  0  0  0  0  0  1
   -0.7261    6.1494    2.3194  N  0  0  0  0  0
   -1.4668    5.2794    1.5019  C  0  0  0  0  0
   -1.1099    5.1291    0.1515  C  0  0  0  0  0
    0.0659    5.9337   -0.4497  C  0  0  0  0  0
    0.7173    6.8978    0.5369  C  0  0  0  0  0
    0.3091    6.9849    1.8575  C  0  0  0  0  0
    0.8847    7.8574    2.7186  N  0  0  0  0  0
    1.8818    8.6227    2.2864  C  0  0  0  0  0
    2.3509    8.6193    1.0481  N  0  0  0  0  0
    1.7579    7.7520    0.2236  C  0  0  0  0  0
   -1.8413    4.2245   -0.6560  C  0  0  0  0  0
   -2.9238    3.4835   -0.1641  C  0  0  0  0  0
   -3.3026    3.6541    1.1711  C  0  0  0  0  0
   -2.5691    4.5405    1.9796  C  0  0  0  0  0
  1  6  1  0  0  0
  1  2  1  0  0  0
  2 14  2  0  0  0
  2  3  1  0  0  0
  3  4  1  0  0  0
  3 11  2  0  0  0
  4  5  1  0  0  0
  5 10  2  0  0  0
  5  6  1  0  0  0
  6  7  2  0  0  0
  7  8  1  0  0  0
  8  9  2  0  0  0
  9 10  1  0  0  0
 11 12  1  0  0  0
 12 13  2  0  0  0
 13 14  1  0  0  0
M  END
$$$$
