c12c(c[c]3[n]1[c]4[c](cc3)cccc4)CC=CC2
  -ISIS-

 17 20  0  0  0  0  0  0  0  0  1
    7.7154    0.5692   -5.0083  C  0  0  0  0  0
    6.9955    0.8627   -3.7872  C  0  0  0  0  0
    6.8754    2.0971   -3.1145  C  0  0  0  0  0
    6.1345    1.8703   -1.9772  C  0  0  0  0  0
    5.6745    0.5502   -1.9989  N  0  0  0  0  0
    6.3532   -0.1013   -3.0245  C  0  0  0  0  0
    6.5022   -1.5053   -3.3166  C  0  0  0  0  0
    7.1134   -1.8394   -4.6605  C  0  0  0  0  0
    7.6795   -0.8782   -5.4279  C  0  0  0  0  0
    4.6719    0.0977   -1.0864  C  0  0  0  0  0
    4.3172    0.9786   -0.0442  C  0  0  0  0  0
    4.9301    2.3070    0.0421  C  0  0  0  0  0
    5.7779    2.7258   -0.9052  C  0  0  0  0  0
    3.3509    0.5976    0.8952  C  0  0  0  0  0
    2.7154   -0.6375    0.7844  C  0  0  0  0  0
    3.0283   -1.4849   -0.2752  C  0  0  0  0  0
    3.9947   -1.1159   -1.2167  C  0  0  0  0  0
  1  9  1  0  0  0
  1  2  1  0  0  0
  2  6  2  0  0  0
  2  3  1  0  0  0
  3  4  2  0  0  0
  4 13  1  0  0  0
  4  5  2  0  0  0
  5  6  1  0  0  0
  5 10  1  0  0  0
  6  7  1  0  0  0
  7  8  1  0  0  0
  8  9  2  0  0  0
 10 17  2  0  0  0
 10 11  2  0  0  0
 11 12  1  0  0  0
 11 14  2  0  0  0
 12 13  2  0  0  0
 14 15  1  0  0  0
 15 16  2  0  0  0
 16 17  1  0  0  0
M  END
$$$$
