c12c(cccc1)NCCC=N2
  -ISIS-

 11 12  0  0  0  0  0  0  0  0  1
   -1.8553    5.5786    8.2029  C  0  0  0  0  0
   -2.7047    5.7784    7.1140  C  0  0  0  0  0
   -2.4216    5.1789    5.8863  C  0  0  0  0  0
   -1.2820    4.3847    5.7428  C  0  0  0  0  0
   -0.4383    4.1497    6.8532  C  0  0  0  0  0
   -0.7257    4.7677    8.0709  C  0  0  0  0  0
    0.6952    3.3144    6.7624  N  0  0  0  0  0
    0.5663    2.1123    6.2739  C  0  0  0  0  0
   -0.7681    1.5686    5.7729  C  0  0  0  0  0
   -1.2881    2.3134    4.5265  C  0  0  0  0  0
   -1.0161    3.7652    4.4903  N  0  0  0  0  0
  1  6  2  0  0  0
  1  2  1  0  0  0
  2  3  2  0  0  0
  3  4  1  0  0  0
  4 11  1  0  0  0
  4  5  2  0  0  0
  5  6  1  0  0  0
  5  7  1  0  0  0
  7  8  2  0  0  0
  8  9  1  0  0  0
  9 10  1  0  0  0
 10 11  1  0  0  0
M  END
$$$$
