c12c([s]cc1)COC=N2
  -ISIS-

  9 10  0  0  0  0  0  0  0  0  1
   -1.7478   -5.1040   -0.8443  C  0  0  0  0  0
   -2.2478   -3.9944   -1.5251  C  0  0  0  0  0
   -2.9597   -4.4058   -3.0187  S  0  0  0  0  0
   -2.6103   -6.0427   -2.8026  C  0  0  0  0  0
   -1.9759   -6.2774   -1.6236  C  0  0  0  0  0
   -1.6131   -7.5708   -1.2630  N  0  0  0  0  0
   -1.9277   -8.4790   -2.1350  C  0  0  0  0  0
   -2.5560   -8.3150   -3.3280  O  0  0  0  0  0
   -2.9411   -7.0682   -3.7376  C  0  0  0  0  0
  1  5  1  0  0  0
  1  2  2  0  0  0
  2  3  1  0  0  0
  3  4  1  0  0  0
  4  9  1  0  0  0
  4  5  2  0  0  0
  5  6  1  0  0  0
  6  7  2  0  0  0
  7  8  1  0  0  0
  8  9  1  0  0  0
M  END
$$$$
c12c([s]cc1)COC=N2
  -ISIS-

  9 10  0  0  0  0  0  0  0  0  1
   -1.7478   -5.1040   -0.8443  C  0  0  0  0  0
   -2.2478   -3.9944   -1.5251  C  0  0  0  0  0
   -2.9597   -4.4058   -3.0187  S  0  0  0  0  0
   -2.6103   -6.0427   -2.8026  C  0  0  0  0  0
   -1.9759   -6.2774   -1.6236  C  0  0  0  0  0
   -1.6131   -7.5708   -1.2630  N  0  0  0  0  0
   -1.9277   -8.4790   -2.1350  C  0  0  0  0  0
   -2.5560   -8.3150   -3.3280  O  0  0  0  0  0
   -2.9411   -7.0682   -3.7376  C  0  0  0  0  0
  1  5  1  0  0  0
  1  2  2  0  0  0
  2  3  1  0  0  0
  3  4  1  0  0  0
  4  9  1  0  0  0
  4  5  2  0  0  0
  5  6  1  0  0  0
  6  7  2  0  0  0
  7  8  1  0  0  0
  8  9  1  0  0  0
M  END
$$$$
c12c([s]cc1)COC=N2
  -ISIS-

  9 10  0  0  0  0  0  0  0  0  1
   -1.7478   -5.1040   -0.8443  C  0  0  0  0  0
   -2.2478   -3.9944   -1.5251  C  0  0  0  0  0
   -2.9597   -4.4058   -3.0187  S  0  0  0  0  0
   -2.6103   -6.0427   -2.8026  C  0  0  0  0  0
   -1.9759   -6.2774   -1.6236  C  0  0  0  0  0
   -1.6131   -7.5708   -1.2630  N  0  0  0  0  0
   -1.9277   -8.4790   -2.1350  C  0  0  0  0  0
   -2.5560   -8.3150   -3.3280  O  0  0  0  0  0
   -2.9411   -7.0682   -3.7376  C  0  0  0  0  0
  1  5  1  0  0  0
  1  2  2  0  0  0
  2  3  1  0  0  0
  3  4  1  0  0  0
  4  9  1  0  0  0
  4  5  2  0  0  0
  5  6  1  0  0  0
  6  7  2  0  0  0
  7  8  1  0  0  0
  8  9  1  0  0  0
M  END
$$$$
c12c([s]cc1)COC=N2
  -ISIS-

  9 10  0  0  0  0  0  0  0  0  1
   -1.7478   -5.1040   -0.8443  C  0  0  0  0  0
   -2.2478   -3.9944   -1.5251  C  0  0  0  0  0
   -2.9597   -4.4058   -3.0187  S  0  0  0  0  0
   -2.6103   -6.0427   -2.8026  C  0  0  0  0  0
   -1.9759   -6.2774   -1.6236  C  0  0  0  0  0
   -1.6131   -7.5708   -1.2630  N  0  0  0  0  0
   -1.9277   -8.4790   -2.1350  C  0  0  0  0  0
   -2.5560   -8.3150   -3.3280  O  0  0  0  0  0
   -2.9411   -7.0682   -3.7376  C  0  0  0  0  0
  1  5  1  0  0  0
  1  2  2  0  0  0
  2  3  1  0  0  0
  3  4  1  0  0  0
  4  9  1  0  0  0
  4  5  2  0  0  0
  5  6  1  0  0  0
  6  7  2  0  0  0
  7  8  1  0  0  0
  8  9  1  0  0  0
M  END
$$$$
c12c([s]cc1)COC=N2
  -ISIS-

  9 10  0  0  0  0  0  0  0  0  1
    5.2231   -2.1395   -0.3939  C  0  0  0  0  0
    3.9291   -1.4107   -1.2067  S  0  0  0  0  0
    3.3199   -2.9404   -1.7345  C  0  0  0  0  0
    4.1283   -3.9753   -1.2853  C  0  0  0  0  0
    5.2076   -3.4905   -0.5182  C  0  0  0  0  0
    6.1795   -4.2910    0.0661  N  0  0  0  0  0
    7.0696   -3.6141    0.7224  C  0  0  0  0  0
    7.1612   -2.2656    0.8988  O  0  0  0  0  0
    6.2247   -1.4376    0.3392  C  0  0  0  0  0
  1  5  2  0  0  0
  1  9  1  0  0  0
  1  2  1  0  0  0
  2  3  1  0  0  0
  3  4  2  0  0  0
  4  5  1  0  0  0
  5  6  1  0  0  0
  6  7  2  0  0  0
  7  8  1  0  0  0
  8  9  1  0  0  0
M  END
$$$$
c12c([s]cc1)COC=N2
  -ISIS-

  9 10  0  0  0  0  0  0  0  0  1
    5.2231   -2.1395   -0.3939  C  0  0  0  0  0
    3.9291   -1.4107   -1.2067  S  0  0  0  0  0
    3.3199   -2.9404   -1.7345  C  0  0  0  0  0
    4.1283   -3.9753   -1.2853  C  0  0  0  0  0
    5.2076   -3.4905   -0.5182  C  0  0  0  0  0
    6.1795   -4.2910    0.0661  N  0  0  0  0  0
    7.0696   -3.6141    0.7224  C  0  0  0  0  0
    7.1612   -2.2656    0.8988  O  0  0  0  0  0
    6.2247   -1.4376    0.3392  C  0  0  0  0  0
  1  5  2  0  0  0
  1  9  1  0  0  0
  1  2  1  0  0  0
  2  3  1  0  0  0
  3  4  2  0  0  0
  4  5  1  0  0  0
  5  6  1  0  0  0
  6  7  2  0  0  0
  7  8  1  0  0  0
  8  9  1  0  0  0
M  END
$$$$
c12c([s]cc1)COC=N2
  -ISIS-

  9 10  0  0  0  0  0  0  0  0  1
    5.2231   -2.1395   -0.3939  C  0  0  0  0  0
    3.9291   -1.4107   -1.2067  S  0  0  0  0  0
    3.3199   -2.9404   -1.7345  C  0  0  0  0  0
    4.1283   -3.9753   -1.2853  C  0  0  0  0  0
    5.2076   -3.4905   -0.5182  C  0  0  0  0  0
    6.1795   -4.2910    0.0661  N  0  0  0  0  0
    7.0696   -3.6141    0.7224  C  0  0  0  0  0
    7.1612   -2.2656    0.8988  O  0  0  0  0  0
    6.2247   -1.4376    0.3392  C  0  0  0  0  0
  1  5  2  0  0  0
  1  9  1  0  0  0
  1  2  1  0  0  0
  2  3  1  0  0  0
  3  4  2  0  0  0
  4  5  1  0  0  0
  5  6  1  0  0  0
  6  7  2  0  0  0
  7  8  1  0  0  0
  8  9  1  0  0  0
M  END
$$$$
