C12C(=CC=C3C(=CN=1)C=CC=C3)C=CC=C2
  -ISIS-

 16 18  0  0  0  0  0  0  0  0  1
   -5.1716   -2.8358   -2.8737  C  0  0  0  0  0
   -5.7925   -3.4736   -1.8237  N  0  0  0  0  0
   -5.9443   -2.8889   -0.6803  C  0  0  0  0  0
   -5.7473   -1.4571   -0.2735  C  0  0  0  0  0
   -6.3193   -0.4510   -0.9533  C  0  0  0  0  0
   -7.2068   -0.5393   -2.0950  C  0  0  0  0  0
   -6.9583   -1.1180   -3.2841  C  0  0  0  0  0
   -5.7125   -1.8379   -3.6143  C  0  0  0  0  0
   -5.1182   -1.4640   -4.9139  C  0  0  0  0  0
   -5.9098   -0.9462   -5.8737  C  0  0  0  0  0
   -7.3358   -0.7445   -5.6464  C  0  0  0  0  0
   -7.8575   -0.8240   -4.4072  C  0  0  0  0  0
   -5.1227   -1.2252    1.0189  C  0  0  0  0  0
   -5.1991   -2.1735    1.9654  C  0  0  0  0  0
   -5.9139   -3.4083    1.7161  C  0  0  0  0  0
   -6.2931   -3.7693    0.4800  C  0  0  0  0  0
  1  8  2  0  0  0
  1  2  1  0  0  0
  2  3  2  0  0  0
  3 16  1  0  0  0
  3  4  1  0  0  0
  4  5  2  0  0  0
  4 13  1  0  0  0
  5  6  1  0  0  0
  6  7  2  0  0  0
  7 12  1  0  0  0
  7  8  1  0  0  0
  8  9  1  0  0  0
  9 10  2  0  0  0
 10 11  1  0  0  0
 11 12  2  0  0  0
 13 14  2  0  0  0
 14 15  1  0  0  0
 15 16  2  0  0  0
M  END
$$$$
