c12C3=CNc1cccc2Oc4c(cccc4)C3
  -ISIS-

 17 20  0  0  0  0  0  0  0  0  1
   -5.6999    3.7975   -9.3130  C  0  0  0  0  0
   -6.6957    4.7240   -9.5510  C  0  0  0  0  0
   -7.1875    5.1450   -8.3386  N  0  0  0  0  0
   -6.5399    4.4964   -7.3124  C  0  0  0  0  0
   -5.5937    3.6702   -7.9013  C  0  0  0  0  0
   -4.7521    2.8919   -7.0946  C  0  0  0  0  0
   -3.7869    2.0542   -7.6327  O  0  0  0  0  0
   -2.9797    2.6271   -8.5991  C  0  0  0  0  0
   -3.4471    3.1028   -9.8429  C  0  0  0  0  0
   -4.8924    3.0042  -10.2815  C  0  0  0  0  0
   -2.5084    3.6535  -10.7351  C  0  0  0  0  0
   -1.1522    3.7178  -10.4057  C  0  0  0  0  0
   -0.7058    3.2246   -9.1829  C  0  0  0  0  0
   -1.6168    2.6752   -8.2835  C  0  0  0  0  0
   -4.9168    2.9204   -5.7062  C  0  0  0  0  0
   -5.8757    3.7570   -5.1013  C  0  0  0  0  0
   -6.7044    4.5618   -5.9226  C  0  0  0  0  0
  1 10  1  0  0  0
  1  5  1  0  0  0
  1  2  2  0  0  0
  2  3  1  0  0  0
  3  4  1  0  0  0
  4 17  2  0  0  0
  4  5  1  0  0  0
  5  6  2  0  0  0
  6  7  1  0  0  0
  6 15  1  0  0  0
  7  8  1  0  0  0
  8 14  2  0  0  0
  8  9  1  0  0  0
  9 10  1  0  0  0
  9 11  2  0  0  0
 11 12  1  0  0  0
 12 13  2  0  0  0
 13 14  1  0  0  0
 15 16  2  0  0  0
 16 17  1  0  0  0
M  END
$$$$
