c12c(C=CCO1)cc3c(OC=CC3)c2
  -ISIS-

 14 16  0  0  0  0  0  0  0  0  1
    8.3870   -7.9489   -0.8264  C  0  0  0  0  0
    8.7785   -7.3082   -2.0171  C  0  0  0  0  0
    8.2599   -7.7092   -3.2565  C  0  0  0  0  0
    7.2982   -8.7335   -3.2959  C  0  0  0  0  0
    6.8652   -9.3601   -2.1182  C  0  0  0  0  0
    7.4233   -8.9742   -0.8947  C  0  0  0  0  0
    7.0619   -9.5642    0.2941  O  0  0  0  0  0
    6.1996  -10.6263    0.2584  C  0  0  0  0  0
    5.5515  -11.0924   -0.8168  C  0  0  0  0  0
    5.7994  -10.3960   -2.1110  C  0  0  0  0  0
    8.7706   -7.0773   -4.4717  C  0  0  0  0  0
    9.5419   -5.9935   -4.3469  C  0  0  0  0  0
    9.9254   -5.4187   -3.0065  C  0  0  0  0  0
    9.7138   -6.3131   -1.8970  O  0  0  0  0  0
  1  6  2  0  0  0
  1  2  1  0  0  0
  2 14  1  0  0  0
  2  3  2  0  0  0
  3  4  1  0  0  0
  3 11  1  0  0  0
  4  5  2  0  0  0
  5 10  1  0  0  0
  5  6  1  0  0  0
  6  7  1  0  0  0
  7  8  1  0  0  0
  8  9  2  0  0  0
  9 10  1  0  0  0
 11 12  2  0  0  0
 12 13  1  0  0  0
 13 14  1  0  0  0
M  END
$$$$
c12c(C=CCO1)cc3c(OC=CC3)c2
  -ISIS-

 14 16  0  0  0  0  0  0  0  0  1
    8.3870   -7.9489   -0.8264  C  0  0  0  0  0
    8.7785   -7.3082   -2.0171  C  0  0  0  0  0
    8.2599   -7.7092   -3.2565  C  0  0  0  0  0
    7.2982   -8.7335   -3.2959  C  0  0  0  0  0
    6.8652   -9.3601   -2.1182  C  0  0  0  0  0
    7.4233   -8.9742   -0.8947  C  0  0  0  0  0
    7.0619   -9.5642    0.2941  O  0  0  0  0  0
    6.1996  -10.6263    0.2584  C  0  0  0  0  0
    5.5515  -11.0924   -0.8168  C  0  0  0  0  0
    5.7994  -10.3960   -2.1110  C  0  0  0  0  0
    8.7706   -7.0773   -4.4717  C  0  0  0  0  0
    9.5419   -5.9935   -4.3469  C  0  0  0  0  0
    9.9254   -5.4187   -3.0065  C  0  0  0  0  0
    9.7138   -6.3131   -1.8970  O  0  0  0  0  0
  1  6  2  0  0  0
  1  2  1  0  0  0
  2 14  1  0  0  0
  2  3  2  0  0  0
  3  4  1  0  0  0
  3 11  1  0  0  0
  4  5  2  0  0  0
  5 10  1  0  0  0
  5  6  1  0  0  0
  6  7  1  0  0  0
  7  8  1  0  0  0
  8  9  2  0  0  0
  9 10  1  0  0  0
 11 12  2  0  0  0
 12 13  1  0  0  0
 13 14  1  0  0  0
M  END
$$$$
c12c(C=CCO1)cc3c(OC=CC3)c2
  -ISIS-

 14 16  0  0  0  0  0  0  0  0  1
    8.3870   -7.9489   -0.8264  C  0  0  0  0  0
    8.7785   -7.3082   -2.0171  C  0  0  0  0  0
    8.2599   -7.7092   -3.2565  C  0  0  0  0  0
    7.2982   -8.7335   -3.2959  C  0  0  0  0  0
    6.8652   -9.3601   -2.1182  C  0  0  0  0  0
    7.4233   -8.9742   -0.8947  C  0  0  0  0  0
    7.0619   -9.5642    0.2941  O  0  0  0  0  0
    6.1996  -10.6263    0.2584  C  0  0  0  0  0
    5.5515  -11.0924   -0.8168  C  0  0  0  0  0
    5.7994  -10.3960   -2.1110  C  0  0  0  0  0
    8.7706   -7.0773   -4.4717  C  0  0  0  0  0
    9.5419   -5.9935   -4.3469  C  0  0  0  0  0
    9.9254   -5.4187   -3.0065  C  0  0  0  0  0
    9.7138   -6.3131   -1.8970  O  0  0  0  0  0
  1  6  2  0  0  0
  1  2  1  0  0  0
  2 14  1  0  0  0
  2  3  2  0  0  0
  3  4  1  0  0  0
  3 11  1  0  0  0
  4  5  2  0  0  0
  5 10  1  0  0  0
  5  6  1  0  0  0
  6  7  1  0  0  0
  7  8  1  0  0  0
  8  9  2  0  0  0
  9 10  1  0  0  0
 11 12  2  0  0  0
 12 13  1  0  0  0
 13 14  1  0  0  0
M  END
$$$$
c12c(C=CCO1)cc3c(OC=CC3)c2
  -ISIS-

 14 16  0  0  0  0  0  0  0  0  1
    8.3870   -7.9489   -0.8264  C  0  0  0  0  0
    8.7785   -7.3082   -2.0171  C  0  0  0  0  0
    8.2599   -7.7092   -3.2565  C  0  0  0  0  0
    7.2982   -8.7335   -3.2959  C  0  0  0  0  0
    6.8652   -9.3601   -2.1182  C  0  0  0  0  0
    7.4233   -8.9742   -0.8947  C  0  0  0  0  0
    7.0619   -9.5642    0.2941  O  0  0  0  0  0
    6.1996  -10.6263    0.2584  C  0  0  0  0  0
    5.5515  -11.0924   -0.8168  C  0  0  0  0  0
    5.7994  -10.3960   -2.1110  C  0  0  0  0  0
    8.7706   -7.0773   -4.4717  C  0  0  0  0  0
    9.5419   -5.9935   -4.3469  C  0  0  0  0  0
    9.9254   -5.4187   -3.0065  C  0  0  0  0  0
    9.7138   -6.3131   -1.8970  O  0  0  0  0  0
  1  6  2  0  0  0
  1  2  1  0  0  0
  2 14  1  0  0  0
  2  3  2  0  0  0
  3  4  1  0  0  0
  3 11  1  0  0  0
  4  5  2  0  0  0
  5 10  1  0  0  0
  5  6  1  0  0  0
  6  7  1  0  0  0
  7  8  1  0  0  0
  8  9  2  0  0  0
  9 10  1  0  0  0
 11 12  2  0  0  0
 12 13  1  0  0  0
 13 14  1  0  0  0
M  END
$$$$
c12c(C=CCO1)cc3c(OC=CC3)c2
  -ISIS-

 14 16  0  0  0  0  0  0  0  0  1
    8.3870   -7.9489   -0.8264  C  0  0  0  0  0
    8.7785   -7.3082   -2.0171  C  0  0  0  0  0
    8.2599   -7.7092   -3.2565  C  0  0  0  0  0
    7.2982   -8.7335   -3.2959  C  0  0  0  0  0
    6.8652   -9.3601   -2.1182  C  0  0  0  0  0
    7.4233   -8.9742   -0.8947  C  0  0  0  0  0
    7.0619   -9.5642    0.2941  O  0  0  0  0  0
    6.1996  -10.6263    0.2584  C  0  0  0  0  0
    5.5515  -11.0924   -0.8168  C  0  0  0  0  0
    5.7994  -10.3960   -2.1110  C  0  0  0  0  0
    8.7706   -7.0773   -4.4717  C  0  0  0  0  0
    9.5419   -5.9935   -4.3469  C  0  0  0  0  0
    9.9254   -5.4187   -3.0065  C  0  0  0  0  0
    9.7138   -6.3131   -1.8970  O  0  0  0  0  0
  1  6  2  0  0  0
  1  2  1  0  0  0
  2 14  1  0  0  0
  2  3  2  0  0  0
  3  4  1  0  0  0
  3 11  1  0  0  0
  4  5  2  0  0  0
  5 10  1  0  0  0
  5  6  1  0  0  0
  6  7  1  0  0  0
  7  8  1  0  0  0
  8  9  2  0  0  0
  9 10  1  0  0  0
 11 12  2  0  0  0
 12 13  1  0  0  0
 13 14  1  0  0  0
M  END
$$$$
c12c(C=CCO1)cc3c(OC=CC3)c2
  -ISIS-

 14 16  0  0  0  0  0  0  0  0  1
    6.9173   -7.6851    0.2446  C  0  0  0  0  0
    7.9992   -8.5895    0.2114  C  0  0  0  0  0
    9.2435   -8.2088   -0.3126  C  0  0  0  0  0
    9.4137   -6.9026   -0.7958  C  0  0  0  0  0
    8.3514   -5.9881   -0.7515  C  0  0  0  0  0
    7.1148   -6.3767   -0.2339  C  0  0  0  0  0
    6.0501   -5.5092   -0.1670  O  0  0  0  0  0
    6.2164   -4.2325   -0.6371  C  0  0  0  0  0
    7.3309   -3.7115   -1.1686  C  0  0  0  0  0
    8.5135   -4.6051   -1.2389  C  0  0  0  0  0
   10.3290   -9.1832   -0.3515  C  0  0  0  0  0
   10.1410  -10.3713    0.2279  C  0  0  0  0  0
    8.8530  -10.7543    0.9097  C  0  0  0  0  0
    7.7530   -9.8492    0.6929  O  0  0  0  0  0
  1  6  2  0  0  0
  1  2  1  0  0  0
  2 14  1  0  0  0
  2  3  2  0  0  0
  3  4  1  0  0  0
  3 11  1  0  0  0
  4  5  2  0  0  0
  5 10  1  0  0  0
  5  6  1  0  0  0
  6  7  1  0  0  0
  7  8  1  0  0  0
  8  9  2  0  0  0
  9 10  1  0  0  0
 11 12  2  0  0  0
 12 13  1  0  0  0
 13 14  1  0  0  0
M  END
$$$$
c12c(C=CCO1)cc3c(OC=CC3)c2
  -ISIS-

 14 16  0  0  0  0  0  0  0  0  1
    6.9173   -7.6851    0.2446  C  0  0  0  0  0
    7.9992   -8.5895    0.2114  C  0  0  0  0  0
    9.2435   -8.2088   -0.3126  C  0  0  0  0  0
    9.4137   -6.9026   -0.7958  C  0  0  0  0  0
    8.3514   -5.9881   -0.7515  C  0  0  0  0  0
    7.1148   -6.3767   -0.2339  C  0  0  0  0  0
    6.0501   -5.5092   -0.1670  O  0  0  0  0  0
    6.2164   -4.2325   -0.6371  C  0  0  0  0  0
    7.3309   -3.7115   -1.1686  C  0  0  0  0  0
    8.5135   -4.6051   -1.2389  C  0  0  0  0  0
   10.3290   -9.1832   -0.3515  C  0  0  0  0  0
   10.1410  -10.3713    0.2279  C  0  0  0  0  0
    8.8530  -10.7543    0.9097  C  0  0  0  0  0
    7.7530   -9.8492    0.6929  O  0  0  0  0  0
  1  6  2  0  0  0
  1  2  1  0  0  0
  2 14  1  0  0  0
  2  3  2  0  0  0
  3  4  1  0  0  0
  3 11  1  0  0  0
  4  5  2  0  0  0
  5 10  1  0  0  0
  5  6  1  0  0  0
  6  7  1  0  0  0
  7  8  1  0  0  0
  8  9  2  0  0  0
  9 10  1  0  0  0
 11 12  2  0  0  0
 12 13  1  0  0  0
 13 14  1  0  0  0
M  END
$$$$
c12c(C=CCO1)cc3c(OC=CC3)c2
  -ISIS-

 14 16  0  0  0  0  0  0  0  0  1
    6.9173   -7.6851    0.2446  C  0  0  0  0  0
    7.9992   -8.5895    0.2114  C  0  0  0  0  0
    9.2435   -8.2088   -0.3126  C  0  0  0  0  0
    9.4137   -6.9026   -0.7958  C  0  0  0  0  0
    8.3514   -5.9881   -0.7515  C  0  0  0  0  0
    7.1148   -6.3767   -0.2339  C  0  0  0  0  0
    6.0501   -5.5092   -0.1670  O  0  0  0  0  0
    6.2164   -4.2325   -0.6371  C  0  0  0  0  0
    7.3309   -3.7115   -1.1686  C  0  0  0  0  0
    8.5135   -4.6051   -1.2389  C  0  0  0  0  0
   10.3290   -9.1832   -0.3515  C  0  0  0  0  0
   10.1410  -10.3713    0.2279  C  0  0  0  0  0
    8.8530  -10.7543    0.9097  C  0  0  0  0  0
    7.7530   -9.8492    0.6929  O  0  0  0  0  0
  1  6  2  0  0  0
  1  2  1  0  0  0
  2 14  1  0  0  0
  2  3  2  0  0  0
  3  4  1  0  0  0
  3 11  1  0  0  0
  4  5  2  0  0  0
  5 10  1  0  0  0
  5  6  1  0  0  0
  6  7  1  0  0  0
  7  8  1  0  0  0
  8  9  2  0  0  0
  9 10  1  0  0  0
 11 12  2  0  0  0
 12 13  1  0  0  0
 13 14  1  0  0  0
M  END
$$$$
c12c(C=CCO1)cc3c(OC=CC3)c2
  -ISIS-

 14 16  0  0  0  0  0  0  0  0  1
    6.9173   -7.6851    0.2446  C  0  0  0  0  0
    7.9992   -8.5895    0.2114  C  0  0  0  0  0
    9.2435   -8.2088   -0.3126  C  0  0  0  0  0
    9.4137   -6.9026   -0.7958  C  0  0  0  0  0
    8.3514   -5.9881   -0.7515  C  0  0  0  0  0
    7.1148   -6.3767   -0.2339  C  0  0  0  0  0
    6.0501   -5.5092   -0.1670  O  0  0  0  0  0
    6.2164   -4.2325   -0.6371  C  0  0  0  0  0
    7.3309   -3.7115   -1.1686  C  0  0  0  0  0
    8.5135   -4.6051   -1.2389  C  0  0  0  0  0
   10.3290   -9.1832   -0.3515  C  0  0  0  0  0
   10.1410  -10.3713    0.2279  C  0  0  0  0  0
    8.8530  -10.7543    0.9097  C  0  0  0  0  0
    7.7530   -9.8492    0.6929  O  0  0  0  0  0
  1  6  2  0  0  0
  1  2  1  0  0  0
  2 14  1  0  0  0
  2  3  2  0  0  0
  3  4  1  0  0  0
  3 11  1  0  0  0
  4  5  2  0  0  0
  5 10  1  0  0  0
  5  6  1  0  0  0
  6  7  1  0  0  0
  7  8  1  0  0  0
  8  9  2  0  0  0
  9 10  1  0  0  0
 11 12  2  0  0  0
 12 13  1  0  0  0
 13 14  1  0  0  0
M  END
$$$$
c12c(C=CCO1)cc3c(OC=CC3)c2
  -ISIS-

 14 16  0  0  0  0  0  0  0  0  1
    6.9173   -7.6851    0.2446  C  0  0  0  0  0
    7.9992   -8.5895    0.2114  C  0  0  0  0  0
    9.2435   -8.2088   -0.3126  C  0  0  0  0  0
    9.4137   -6.9026   -0.7958  C  0  0  0  0  0
    8.3514   -5.9881   -0.7515  C  0  0  0  0  0
    7.1148   -6.3767   -0.2339  C  0  0  0  0  0
    6.0501   -5.5092   -0.1670  O  0  0  0  0  0
    6.2164   -4.2325   -0.6371  C  0  0  0  0  0
    7.3309   -3.7115   -1.1686  C  0  0  0  0  0
    8.5135   -4.6051   -1.2389  C  0  0  0  0  0
   10.3290   -9.1832   -0.3515  C  0  0  0  0  0
   10.1410  -10.3713    0.2279  C  0  0  0  0  0
    8.8530  -10.7543    0.9097  C  0  0  0  0  0
    7.7530   -9.8492    0.6929  O  0  0  0  0  0
  1  6  2  0  0  0
  1  2  1  0  0  0
  2 14  1  0  0  0
  2  3  2  0  0  0
  3  4  1  0  0  0
  3 11  1  0  0  0
  4  5  2  0  0  0
  5 10  1  0  0  0
  5  6  1  0  0  0
  6  7  1  0  0  0
  7  8  1  0  0  0
  8  9  2  0  0  0
  9 10  1  0  0  0
 11 12  2  0  0  0
 12 13  1  0  0  0
 13 14  1  0  0  0
M  END
$$$$
c12c(C=CCO1)cc3c(OC=CC3)c2
  -ISIS-

 14 16  0  0  0  0  0  0  0  0  1
   -1.9693   -1.4867    2.8429  C  0  0  0  0  0
   -0.8153   -0.7111    2.9521  C  0  0  0  0  0
   -0.2897   -0.4096    4.2206  C  0  0  0  0  0
   -0.9336   -0.8939    5.3740  C  0  0  0  0  0
   -2.0898   -1.6710    5.2641  C  0  0  0  0  0
   -2.5930   -1.9575    3.9972  C  0  0  0  0  0
   -3.7574   -2.7380    3.8385  O  0  0  0  0  0
   -4.4364   -3.2436    4.9385  C  0  0  0  0  0
   -3.8860   -2.9278    6.2679  C  0  0  0  0  0
   -2.7839   -2.1897    6.4315  C  0  0  0  0  0
    0.9562    0.4274    4.3490  C  0  0  0  0  0
    1.5033    0.8540    3.0269  C  0  0  0  0  0
    0.9086    0.5006    1.8831  C  0  0  0  0  0
   -0.2287   -0.2648    1.7879  O  0  0  0  0  0
  1  6  2  0  0  0
  1  2  1  0  0  0
  2 14  1  0  0  0
  2  3  2  0  0  0
  3  4  1  0  0  0
  3 11  1  0  0  0
  4  5  2  0  0  0
  5 10  1  0  0  0
  5  6  2  0  0  0
  6  7  1  0  0  0
  7  8  1  0  0  0
  8  9  1  0  0  0
  9 10  2  0  0  0
 11 12  1  0  0  0
 12 13  2  0  0  0
 13 14  1  0  0  0
M  END
$$$$
c12c(C=CCO1)cc3c(OC=CC3)c2
  -ISIS-

 14 16  0  0  0  0  0  0  0  0  1
   -1.9693   -1.4867    2.8429  C  0  0  0  0  0
   -0.8153   -0.7111    2.9521  C  0  0  0  0  0
   -0.2897   -0.4096    4.2206  C  0  0  0  0  0
   -0.9336   -0.8939    5.3740  C  0  0  0  0  0
   -2.0898   -1.6710    5.2641  C  0  0  0  0  0
   -2.5930   -1.9575    3.9972  C  0  0  0  0  0
   -3.7574   -2.7380    3.8385  O  0  0  0  0  0
   -4.4364   -3.2436    4.9385  C  0  0  0  0  0
   -3.8860   -2.9278    6.2679  C  0  0  0  0  0
   -2.7839   -2.1897    6.4315  C  0  0  0  0  0
    0.9562    0.4274    4.3490  C  0  0  0  0  0
    1.5033    0.8540    3.0269  C  0  0  0  0  0
    0.9086    0.5006    1.8831  C  0  0  0  0  0
   -0.2287   -0.2648    1.7879  O  0  0  0  0  0
  1  6  2  0  0  0
  1  2  1  0  0  0
  2 14  1  0  0  0
  2  3  2  0  0  0
  3  4  1  0  0  0
  3 11  1  0  0  0
  4  5  2  0  0  0
  5 10  1  0  0  0
  5  6  2  0  0  0
  6  7  1  0  0  0
  7  8  1  0  0  0
  8  9  1  0  0  0
  9 10  2  0  0  0
 11 12  1  0  0  0
 12 13  2  0  0  0
 13 14  1  0  0  0
M  END
$$$$
c12c(C=CCO1)cc3c(OC=CC3)c2
  -ISIS-

 14 16  0  0  0  0  0  0  0  0  1
    1.6080    3.6864    2.7625  C  0  0  0  0  0
    1.8456    3.5346    1.3930  C  0  0  0  0  0
    2.9635    2.8097    0.9475  C  0  0  0  0  0
    3.8474    2.2512    1.8874  C  0  0  0  0  0
    3.6217    2.4167    3.2572  C  0  0  0  0  0
    2.5053    3.1371    3.6802  C  0  0  0  0  0
    2.2515    3.3211    5.0568  O  0  0  0  0  0
    3.0917    2.7962    6.0262  C  0  0  0  0  0
    4.2674    2.0465    5.5512  C  0  0  0  0  0
    4.5242    1.8612    4.2530  C  0  0  0  0  0
    3.2217    2.6351   -0.5260  C  0  0  0  0  0
    2.1873    3.2984   -1.3742  C  0  0  0  0  0
    1.1652    3.9652   -0.8290  C  0  0  0  0  0
    0.9493    4.1135    0.5198  O  0  0  0  0  0
  1  6  2  0  0  0
  1  2  1  0  0  0
  2 14  1  0  0  0
  2  3  2  0  0  0
  3  4  1  0  0  0
  3 11  1  0  0  0
  4  5  2  0  0  0
  5 10  1  0  0  0
  5  6  2  0  0  0
  6  7  1  0  0  0
  7  8  1  0  0  0
  8  9  1  0  0  0
  9 10  2  0  0  0
 11 12  1  0  0  0
 12 13  2  0  0  0
 13 14  1  0  0  0
M  END
$$$$
c12c(C=CCO1)cc3c(OC=CC3)c2
  -ISIS-

 14 16  0  0  0  0  0  0  0  0  1
    1.6080    3.6864    2.7625  C  0  0  0  0  0
    1.8456    3.5346    1.3930  C  0  0  0  0  0
    2.9635    2.8097    0.9475  C  0  0  0  0  0
    3.8474    2.2512    1.8874  C  0  0  0  0  0
    3.6217    2.4167    3.2572  C  0  0  0  0  0
    2.5053    3.1371    3.6802  C  0  0  0  0  0
    2.2515    3.3211    5.0568  O  0  0  0  0  0
    3.0917    2.7962    6.0262  C  0  0  0  0  0
    4.2674    2.0465    5.5512  C  0  0  0  0  0
    4.5242    1.8612    4.2530  C  0  0  0  0  0
    3.2217    2.6351   -0.5260  C  0  0  0  0  0
    2.1873    3.2984   -1.3742  C  0  0  0  0  0
    1.1652    3.9652   -0.8290  C  0  0  0  0  0
    0.9493    4.1135    0.5198  O  0  0  0  0  0
  1  6  2  0  0  0
  1  2  1  0  0  0
  2 14  1  0  0  0
  2  3  2  0  0  0
  3  4  1  0  0  0
  3 11  1  0  0  0
  4  5  2  0  0  0
  5 10  1  0  0  0
  5  6  2  0  0  0
  6  7  1  0  0  0
  7  8  1  0  0  0
  8  9  1  0  0  0
  9 10  2  0  0  0
 11 12  1  0  0  0
 12 13  2  0  0  0
 13 14  1  0  0  0
M  END
$$$$
c12c(C=CCO1)cc3c(OC=CC3)c2
  -ISIS-

 14 16  0  0  0  0  0  0  0  0  1
    0.4213   -7.5812   -1.2027  C  0  0  0  0  0
   -0.6701   -7.6524   -0.2216  C  0  0  0  0  0
   -0.4642   -7.6797    1.1632  C  0  0  0  0  0
   -1.5588   -7.7478    2.0378  C  0  0  0  0  0
   -2.8640   -7.7894    1.5478  C  0  0  0  0  0
   -3.0862   -7.7631    0.1757  C  0  0  0  0  0
   -1.9893   -7.6951   -0.6862  C  0  0  0  0  0
   -2.2829   -7.6704   -2.0637  O  0  0  0  0  0
   -1.2752   -7.6024   -3.0101  C  0  0  0  0  0
    0.1060   -7.5590   -2.5061  C  0  0  0  0  0
   -3.9659   -7.8562    2.3648  O  0  0  0  0  0
   -3.7508   -7.8816    3.7222  C  0  0  0  0  0
   -2.5616   -7.8473    4.3291  C  0  0  0  0  0
   -1.3497   -7.7758    3.4961  C  0  0  0  0  0
  1 10  2  0  0  0
  1  2  1  0  0  0
  2  7  2  0  0  0
  2  3  1  0  0  0
  3  4  2  0  0  0
  4 14  1  0  0  0
  4  5  1  0  0  0
  5  6  2  0  0  0
  5 11  1  0  0  0
  6  7  1  0  0  0
  7  8  1  0  0  0
  8  9  1  0  0  0
  9 10  1  0  0  0
 11 12  1  0  0  0
 12 13  2  0  0  0
 13 14  1  0  0  0
M  END
$$$$
c12c(C=CCO1)cc3c(OC=CC3)c2
  -ISIS-

 14 16  0  0  0  0  0  0  0  0  1
    0.4213   -7.5812   -1.2027  C  0  0  0  0  0
   -0.6701   -7.6524   -0.2216  C  0  0  0  0  0
   -0.4642   -7.6797    1.1632  C  0  0  0  0  0
   -1.5588   -7.7478    2.0378  C  0  0  0  0  0
   -2.8640   -7.7894    1.5478  C  0  0  0  0  0
   -3.0862   -7.7631    0.1757  C  0  0  0  0  0
   -1.9893   -7.6951   -0.6862  C  0  0  0  0  0
   -2.2829   -7.6704   -2.0637  O  0  0  0  0  0
   -1.2752   -7.6024   -3.0101  C  0  0  0  0  0
    0.1060   -7.5590   -2.5061  C  0  0  0  0  0
   -3.9659   -7.8562    2.3648  O  0  0  0  0  0
   -3.7508   -7.8816    3.7222  C  0  0  0  0  0
   -2.5616   -7.8473    4.3291  C  0  0  0  0  0
   -1.3497   -7.7758    3.4961  C  0  0  0  0  0
  1 10  2  0  0  0
  1  2  1  0  0  0
  2  7  2  0  0  0
  2  3  1  0  0  0
  3  4  2  0  0  0
  4 14  1  0  0  0
  4  5  1  0  0  0
  5  6  2  0  0  0
  5 11  1  0  0  0
  6  7  1  0  0  0
  7  8  1  0  0  0
  8  9  1  0  0  0
  9 10  1  0  0  0
 11 12  1  0  0  0
 12 13  2  0  0  0
 13 14  1  0  0  0
M  END
$$$$
c12c(C=CCO1)cc3c(OC=CC3)c2
  -ISIS-

 14 16  0  0  0  0  0  0  0  0  1
    0.4213   -7.5812   -1.2027  C  0  0  0  0  0
   -0.6701   -7.6524   -0.2216  C  0  0  0  0  0
   -0.4642   -7.6797    1.1632  C  0  0  0  0  0
   -1.5588   -7.7478    2.0378  C  0  0  0  0  0
   -2.8640   -7.7894    1.5478  C  0  0  0  0  0
   -3.0862   -7.7631    0.1757  C  0  0  0  0  0
   -1.9893   -7.6951   -0.6862  C  0  0  0  0  0
   -2.2829   -7.6704   -2.0637  O  0  0  0  0  0
   -1.2752   -7.6024   -3.0101  C  0  0  0  0  0
    0.1060   -7.5590   -2.5061  C  0  0  0  0  0
   -3.9659   -7.8562    2.3648  O  0  0  0  0  0
   -3.7508   -7.8816    3.7222  C  0  0  0  0  0
   -2.5616   -7.8473    4.3291  C  0  0  0  0  0
   -1.3497   -7.7758    3.4961  C  0  0  0  0  0
  1 10  2  0  0  0
  1  2  1  0  0  0
  2  7  2  0  0  0
  2  3  1  0  0  0
  3  4  2  0  0  0
  4 14  1  0  0  0
  4  5  1  0  0  0
  5  6  2  0  0  0
  5 11  1  0  0  0
  6  7  1  0  0  0
  7  8  1  0  0  0
  8  9  1  0  0  0
  9 10  1  0  0  0
 11 12  1  0  0  0
 12 13  2  0  0  0
 13 14  1  0  0  0
M  END
$$$$
c12c(C=CCO1)cc3c(OC=CC3)c2
  -ISIS-

 14 16  0  0  0  0  0  0  0  0  1
   -1.9118   -2.0746    1.3037  C  0  0  0  0  0
   -3.1829   -2.7759    1.5382  C  0  0  0  0  0
   -4.2665   -2.0469    1.8126  C  0  0  0  0  0
   -4.3170   -0.6775    1.8983  O  0  0  0  0  0
   -3.1555    0.0299    1.6865  C  0  0  0  0  0
   -3.2077    1.4263    1.7760  C  0  0  0  0  0
   -2.0087    2.1465    1.5983  C  0  0  0  0  0
   -0.7865    1.5371    1.2975  C  0  0  0  0  0
   -0.7725    0.1388    1.2044  C  0  0  0  0  0
   -1.9458   -0.6034    1.3978  C  0  0  0  0  0
    0.4238    2.3717    1.1148  C  0  0  0  0  0
    0.3491    3.6935    1.3764  C  0  0  0  0  0
   -0.9676    4.3441    1.6629  C  0  0  0  0  0
   -2.0857    3.5438    1.7458  O  0  0  0  0  0
  1 10  1  0  0  0
  1  2  1  0  0  0
  2  3  2  0  0  0
  3  4  1  0  0  0
  4  5  1  0  0  0
  5 10  2  0  0  0
  5  6  1  0  0  0
  6  7  2  0  0  0
  7 14  1  0  0  0
  7  8  1  0  0  0
  8  9  2  0  0  0
  8 11  1  0  0  0
  9 10  1  0  0  0
 11 12  2  0  0  0
 12 13  1  0  0  0
 13 14  1  0  0  0
M  END
$$$$
c12c(C=CCO1)cc3c(OC=CC3)c2
  -ISIS-

 14 16  0  0  0  0  0  0  0  0  1
   -1.9118   -2.0746    1.3037  C  0  0  0  0  0
   -3.1829   -2.7759    1.5382  C  0  0  0  0  0
   -4.2665   -2.0469    1.8126  C  0  0  0  0  0
   -4.3170   -0.6775    1.8983  O  0  0  0  0  0
   -3.1555    0.0299    1.6865  C  0  0  0  0  0
   -3.2077    1.4263    1.7760  C  0  0  0  0  0
   -2.0087    2.1465    1.5983  C  0  0  0  0  0
   -0.7865    1.5371    1.2975  C  0  0  0  0  0
   -0.7725    0.1388    1.2044  C  0  0  0  0  0
   -1.9458   -0.6034    1.3978  C  0  0  0  0  0
    0.4238    2.3717    1.1148  C  0  0  0  0  0
    0.3491    3.6935    1.3764  C  0  0  0  0  0
   -0.9676    4.3441    1.6629  C  0  0  0  0  0
   -2.0857    3.5438    1.7458  O  0  0  0  0  0
  1 10  1  0  0  0
  1  2  1  0  0  0
  2  3  2  0  0  0
  3  4  1  0  0  0
  4  5  1  0  0  0
  5 10  2  0  0  0
  5  6  1  0  0  0
  6  7  2  0  0  0
  7 14  1  0  0  0
  7  8  1  0  0  0
  8  9  2  0  0  0
  8 11  1  0  0  0
  9 10  1  0  0  0
 11 12  2  0  0  0
 12 13  1  0  0  0
 13 14  1  0  0  0
M  END
$$$$
c12c(C=CCO1)cc3c(OC=CC3)c2
  -ISIS-

 14 16  0  0  0  0  0  0  0  0  1
   -1.9118   -2.0746    1.3037  C  0  0  0  0  0
   -3.1829   -2.7759    1.5382  C  0  0  0  0  0
   -4.2665   -2.0469    1.8126  C  0  0  0  0  0
   -4.3170   -0.6775    1.8983  O  0  0  0  0  0
   -3.1555    0.0299    1.6865  C  0  0  0  0  0
   -3.2077    1.4263    1.7760  C  0  0  0  0  0
   -2.0087    2.1465    1.5983  C  0  0  0  0  0
   -0.7865    1.5371    1.2975  C  0  0  0  0  0
   -0.7725    0.1388    1.2044  C  0  0  0  0  0
   -1.9458   -0.6034    1.3978  C  0  0  0  0  0
    0.4238    2.3717    1.1148  C  0  0  0  0  0
    0.3491    3.6935    1.3764  C  0  0  0  0  0
   -0.9676    4.3441    1.6629  C  0  0  0  0  0
   -2.0857    3.5438    1.7458  O  0  0  0  0  0
  1 10  1  0  0  0
  1  2  1  0  0  0
  2  3  2  0  0  0
  3  4  1  0  0  0
  4  5  1  0  0  0
  5 10  2  0  0  0
  5  6  1  0  0  0
  6  7  2  0  0  0
  7 14  1  0  0  0
  7  8  1  0  0  0
  8  9  2  0  0  0
  8 11  1  0  0  0
  9 10  1  0  0  0
 11 12  2  0  0  0
 12 13  1  0  0  0
 13 14  1  0  0  0
M  END
$$$$
c12c(C=CCO1)cc3c(OC=CC3)c2
  -ISIS-

 14 16  0  0  0  0  0  0  0  0  1
   -1.9118   -2.0746    1.3037  C  0  0  0  0  0
   -3.1829   -2.7759    1.5382  C  0  0  0  0  0
   -4.2665   -2.0469    1.8126  C  0  0  0  0  0
   -4.3170   -0.6775    1.8983  O  0  0  0  0  0
   -3.1555    0.0299    1.6865  C  0  0  0  0  0
   -3.2077    1.4263    1.7760  C  0  0  0  0  0
   -2.0087    2.1465    1.5983  C  0  0  0  0  0
   -0.7865    1.5371    1.2975  C  0  0  0  0  0
   -0.7725    0.1388    1.2044  C  0  0  0  0  0
   -1.9458   -0.6034    1.3978  C  0  0  0  0  0
    0.4238    2.3717    1.1148  C  0  0  0  0  0
    0.3491    3.6935    1.3764  C  0  0  0  0  0
   -0.9676    4.3441    1.6629  C  0  0  0  0  0
   -2.0857    3.5438    1.7458  O  0  0  0  0  0
  1 10  1  0  0  0
  1  2  1  0  0  0
  2  3  2  0  0  0
  3  4  1  0  0  0
  4  5  1  0  0  0
  5 10  2  0  0  0
  5  6  1  0  0  0
  6  7  2  0  0  0
  7 14  1  0  0  0
  7  8  1  0  0  0
  8  9  2  0  0  0
  8 11  1  0  0  0
  9 10  1  0  0  0
 11 12  2  0  0  0
 12 13  1  0  0  0
 13 14  1  0  0  0
M  END
$$$$
c12c(C=CCO1)cc3c(OC=CC3)c2
  -ISIS-

 14 16  0  0  0  0  0  0  0  0  1
   -1.9118   -2.0746    1.3037  C  0  0  0  0  0
   -3.1829   -2.7759    1.5382  C  0  0  0  0  0
   -4.2665   -2.0469    1.8126  C  0  0  0  0  0
   -4.3170   -0.6775    1.8983  O  0  0  0  0  0
   -3.1555    0.0299    1.6865  C  0  0  0  0  0
   -3.2077    1.4263    1.7760  C  0  0  0  0  0
   -2.0087    2.1465    1.5983  C  0  0  0  0  0
   -0.7865    1.5371    1.2975  C  0  0  0  0  0
   -0.7725    0.1388    1.2044  C  0  0  0  0  0
   -1.9458   -0.6034    1.3978  C  0  0  0  0  0
    0.4238    2.3717    1.1148  C  0  0  0  0  0
    0.3491    3.6935    1.3764  C  0  0  0  0  0
   -0.9676    4.3441    1.6629  C  0  0  0  0  0
   -2.0857    3.5438    1.7458  O  0  0  0  0  0
  1 10  1  0  0  0
  1  2  1  0  0  0
  2  3  2  0  0  0
  3  4  1  0  0  0
  4  5  1  0  0  0
  5 10  2  0  0  0
  5  6  1  0  0  0
  6  7  2  0  0  0
  7 14  1  0  0  0
  7  8  1  0  0  0
  8  9  2  0  0  0
  8 11  1  0  0  0
  9 10  1  0  0  0
 11 12  2  0  0  0
 12 13  1  0  0  0
 13 14  1  0  0  0
M  END
$$$$
c12c(C=CCO1)cc3c(OC=CC3)c2
  -ISIS-

 14 16  0  0  0  0  0  0  0  0  1
   -4.4458    0.3908    3.2769  C  0  0  0  0  0
   -5.7090   -0.0551    3.8837  C  0  0  0  0  0
   -6.5842    0.8726    4.2766  C  0  0  0  0  0
   -6.4209    2.2319    4.1714  O  0  0  0  0  0
   -5.2512    2.7050    3.6214  C  0  0  0  0  0
   -5.0777    4.0913    3.5304  C  0  0  0  0  0
   -3.8947    4.5731    2.9332  C  0  0  0  0  0
   -2.8828    3.7356    2.4524  C  0  0  0  0  0
   -3.0748    2.3542    2.5899  C  0  0  0  0  0
   -4.2507    1.8479    3.1608  C  0  0  0  0  0
   -1.6681    4.3272    1.8436  C  0  0  0  0  0
   -1.5106    5.6669    1.8768  C  0  0  0  0  0
   -2.6182    6.5565    2.3458  C  0  0  0  0  0
   -3.7656    5.9708    2.8319  O  0  0  0  0  0
  1 10  1  0  0  0
  1  2  1  0  0  0
  2  3  2  0  0  0
  3  4  1  0  0  0
  4  5  1  0  0  0
  5 10  2  0  0  0
  5  6  1  0  0  0
  6  7  2  0  0  0
  7 14  1  0  0  0
  7  8  1  0  0  0
  8  9  2  0  0  0
  8 11  1  0  0  0
  9 10  1  0  0  0
 11 12  2  0  0  0
 12 13  1  0  0  0
 13 14  1  0  0  0
M  END
$$$$
c12c(C=CCO1)cc3c(OC=CC3)c2
  -ISIS-

 14 16  0  0  0  0  0  0  0  0  1
   -4.4458    0.3908    3.2769  C  0  0  0  0  0
   -5.7090   -0.0551    3.8837  C  0  0  0  0  0
   -6.5842    0.8726    4.2766  C  0  0  0  0  0
   -6.4209    2.2319    4.1714  O  0  0  0  0  0
   -5.2512    2.7050    3.6214  C  0  0  0  0  0
   -5.0777    4.0913    3.5304  C  0  0  0  0  0
   -3.8947    4.5731    2.9332  C  0  0  0  0  0
   -2.8828    3.7356    2.4524  C  0  0  0  0  0
   -3.0748    2.3542    2.5899  C  0  0  0  0  0
   -4.2507    1.8479    3.1608  C  0  0  0  0  0
   -1.6681    4.3272    1.8436  C  0  0  0  0  0
   -1.5106    5.6669    1.8768  C  0  0  0  0  0
   -2.6182    6.5565    2.3458  C  0  0  0  0  0
   -3.7656    5.9708    2.8319  O  0  0  0  0  0
  1 10  1  0  0  0
  1  2  1  0  0  0
  2  3  2  0  0  0
  3  4  1  0  0  0
  4  5  1  0  0  0
  5 10  2  0  0  0
  5  6  1  0  0  0
  6  7  2  0  0  0
  7 14  1  0  0  0
  7  8  1  0  0  0
  8  9  2  0  0  0
  8 11  1  0  0  0
  9 10  1  0  0  0
 11 12  2  0  0  0
 12 13  1  0  0  0
 13 14  1  0  0  0
M  END
$$$$
c12c(C=CCO1)cc3c(OC=CC3)c2
  -ISIS-

 14 16  0  0  0  0  0  0  0  0  1
   -4.4458    0.3908    3.2769  C  0  0  0  0  0
   -5.7090   -0.0551    3.8837  C  0  0  0  0  0
   -6.5842    0.8726    4.2766  C  0  0  0  0  0
   -6.4209    2.2319    4.1714  O  0  0  0  0  0
   -5.2512    2.7050    3.6214  C  0  0  0  0  0
   -5.0777    4.0913    3.5304  C  0  0  0  0  0
   -3.8947    4.5731    2.9332  C  0  0  0  0  0
   -2.8828    3.7356    2.4524  C  0  0  0  0  0
   -3.0748    2.3542    2.5899  C  0  0  0  0  0
   -4.2507    1.8479    3.1608  C  0  0  0  0  0
   -1.6681    4.3272    1.8436  C  0  0  0  0  0
   -1.5106    5.6669    1.8768  C  0  0  0  0  0
   -2.6182    6.5565    2.3458  C  0  0  0  0  0
   -3.7656    5.9708    2.8319  O  0  0  0  0  0
  1 10  1  0  0  0
  1  2  1  0  0  0
  2  3  2  0  0  0
  3  4  1  0  0  0
  4  5  1  0  0  0
  5 10  2  0  0  0
  5  6  1  0  0  0
  6  7  2  0  0  0
  7 14  1  0  0  0
  7  8  1  0  0  0
  8  9  2  0  0  0
  8 11  1  0  0  0
  9 10  1  0  0  0
 11 12  2  0  0  0
 12 13  1  0  0  0
 13 14  1  0  0  0
M  END
$$$$
c12c(C=CCO1)cc3c(OC=CC3)c2
  -ISIS-

 14 16  0  0  0  0  0  0  0  0  1
   -4.4458    0.3908    3.2769  C  0  0  0  0  0
   -5.7090   -0.0551    3.8837  C  0  0  0  0  0
   -6.5842    0.8726    4.2766  C  0  0  0  0  0
   -6.4209    2.2319    4.1714  O  0  0  0  0  0
   -5.2512    2.7050    3.6214  C  0  0  0  0  0
   -5.0777    4.0913    3.5304  C  0  0  0  0  0
   -3.8947    4.5731    2.9332  C  0  0  0  0  0
   -2.8828    3.7356    2.4524  C  0  0  0  0  0
   -3.0748    2.3542    2.5899  C  0  0  0  0  0
   -4.2507    1.8479    3.1608  C  0  0  0  0  0
   -1.6681    4.3272    1.8436  C  0  0  0  0  0
   -1.5106    5.6669    1.8768  C  0  0  0  0  0
   -2.6182    6.5565    2.3458  C  0  0  0  0  0
   -3.7656    5.9708    2.8319  O  0  0  0  0  0
  1 10  1  0  0  0
  1  2  1  0  0  0
  2  3  2  0  0  0
  3  4  1  0  0  0
  4  5  1  0  0  0
  5 10  2  0  0  0
  5  6  1  0  0  0
  6  7  2  0  0  0
  7 14  1  0  0  0
  7  8  1  0  0  0
  8  9  2  0  0  0
  8 11  1  0  0  0
  9 10  1  0  0  0
 11 12  2  0  0  0
 12 13  1  0  0  0
 13 14  1  0  0  0
M  END
$$$$
c12c(C=CCO1)cc3c(OC=CC3)c2
  -ISIS-

 14 16  0  0  0  0  0  0  0  0  1
   -4.4458    0.3908    3.2769  C  0  0  0  0  0
   -5.7090   -0.0551    3.8837  C  0  0  0  0  0
   -6.5842    0.8726    4.2766  C  0  0  0  0  0
   -6.4209    2.2319    4.1714  O  0  0  0  0  0
   -5.2512    2.7050    3.6214  C  0  0  0  0  0
   -5.0777    4.0913    3.5304  C  0  0  0  0  0
   -3.8947    4.5731    2.9332  C  0  0  0  0  0
   -2.8828    3.7356    2.4524  C  0  0  0  0  0
   -3.0748    2.3542    2.5899  C  0  0  0  0  0
   -4.2507    1.8479    3.1608  C  0  0  0  0  0
   -1.6681    4.3272    1.8436  C  0  0  0  0  0
   -1.5106    5.6669    1.8768  C  0  0  0  0  0
   -2.6182    6.5565    2.3458  C  0  0  0  0  0
   -3.7656    5.9708    2.8319  O  0  0  0  0  0
  1 10  1  0  0  0
  1  2  1  0  0  0
  2  3  2  0  0  0
  3  4  1  0  0  0
  4  5  1  0  0  0
  5 10  2  0  0  0
  5  6  1  0  0  0
  6  7  2  0  0  0
  7 14  1  0  0  0
  7  8  1  0  0  0
  8  9  2  0  0  0
  8 11  1  0  0  0
  9 10  1  0  0  0
 11 12  2  0  0  0
 12 13  1  0  0  0
 13 14  1  0  0  0
M  END
$$$$
c12c(C=CCO1)cc3c(OC=CC3)c2
  -ISIS-

 14 16  0  0  0  0  0  0  0  0  1
    0.2574    1.9901    1.4889  C  0  0  0  0  0
   -0.8175    1.2687    2.1959  C  0  0  0  0  0
   -1.6204    0.2849    1.6006  C  0  0  0  0  0
   -2.6305   -0.3520    2.3378  C  0  0  0  0  0
   -2.8557   -0.0203    3.6720  C  0  0  0  0  0
   -2.0691    0.9509    4.2786  C  0  0  0  0  0
   -1.0664    1.5761    3.5325  C  0  0  0  0  0
   -0.3051    2.5405    4.2075  O  0  0  0  0  0
    0.7358    3.2150    3.5882  C  0  0  0  0  0
    0.9871    2.9235    2.1481  C  0  0  0  0  0
   -3.8308   -0.6134    4.4350  O  0  0  0  0  0
   -4.6106   -1.5738    3.8357  C  0  0  0  0  0
   -4.5081   -1.9908    2.5709  C  0  0  0  0  0
   -3.4748   -1.3860    1.7140  C  0  0  0  0  0
  1 10  2  0  0  0
  1  2  1  0  0  0
  2  7  2  0  0  0
  2  3  1  0  0  0
  3  4  2  0  0  0
  4 14  1  0  0  0
  4  5  1  0  0  0
  5  6  2  0  0  0
  5 11  1  0  0  0
  6  7  1  0  0  0
  7  8  1  0  0  0
  8  9  1  0  0  0
  9 10  1  0  0  0
 11 12  1  0  0  0
 12 13  2  0  0  0
 13 14  1  0  0  0
M  END
$$$$
c12c(C=CCO1)cc3c(OC=CC3)c2
  -ISIS-

 14 16  0  0  0  0  0  0  0  0  1
    0.2574    1.9901    1.4889  C  0  0  0  0  0
   -0.8175    1.2687    2.1959  C  0  0  0  0  0
   -1.6204    0.2849    1.6006  C  0  0  0  0  0
   -2.6305   -0.3520    2.3378  C  0  0  0  0  0
   -2.8557   -0.0203    3.6720  C  0  0  0  0  0
   -2.0691    0.9509    4.2786  C  0  0  0  0  0
   -1.0664    1.5761    3.5325  C  0  0  0  0  0
   -0.3051    2.5405    4.2075  O  0  0  0  0  0
    0.7358    3.2150    3.5882  C  0  0  0  0  0
    0.9871    2.9235    2.1481  C  0  0  0  0  0
   -3.8308   -0.6134    4.4350  O  0  0  0  0  0
   -4.6106   -1.5738    3.8357  C  0  0  0  0  0
   -4.5081   -1.9908    2.5709  C  0  0  0  0  0
   -3.4748   -1.3860    1.7140  C  0  0  0  0  0
  1 10  2  0  0  0
  1  2  1  0  0  0
  2  7  2  0  0  0
  2  3  1  0  0  0
  3  4  2  0  0  0
  4 14  1  0  0  0
  4  5  1  0  0  0
  5  6  2  0  0  0
  5 11  1  0  0  0
  6  7  1  0  0  0
  7  8  1  0  0  0
  8  9  1  0  0  0
  9 10  1  0  0  0
 11 12  1  0  0  0
 12 13  2  0  0  0
 13 14  1  0  0  0
M  END
$$$$
c12c(C=CCO1)cc3c(OC=CC3)c2
  -ISIS-

 14 16  0  0  0  0  0  0  0  0  1
    0.2574    1.9901    1.4889  C  0  0  0  0  0
   -0.8175    1.2687    2.1959  C  0  0  0  0  0
   -1.6204    0.2849    1.6006  C  0  0  0  0  0
   -2.6305   -0.3520    2.3378  C  0  0  0  0  0
   -2.8557   -0.0203    3.6720  C  0  0  0  0  0
   -2.0691    0.9509    4.2786  C  0  0  0  0  0
   -1.0664    1.5761    3.5325  C  0  0  0  0  0
   -0.3051    2.5405    4.2075  O  0  0  0  0  0
    0.7358    3.2150    3.5882  C  0  0  0  0  0
    0.9871    2.9235    2.1481  C  0  0  0  0  0
   -3.8308   -0.6134    4.4350  O  0  0  0  0  0
   -4.6106   -1.5738    3.8357  C  0  0  0  0  0
   -4.5081   -1.9908    2.5709  C  0  0  0  0  0
   -3.4748   -1.3860    1.7140  C  0  0  0  0  0
  1 10  2  0  0  0
  1  2  1  0  0  0
  2  7  2  0  0  0
  2  3  1  0  0  0
  3  4  2  0  0  0
  4 14  1  0  0  0
  4  5  1  0  0  0
  5  6  2  0  0  0
  5 11  1  0  0  0
  6  7  1  0  0  0
  7  8  1  0  0  0
  8  9  1  0  0  0
  9 10  1  0  0  0
 11 12  1  0  0  0
 12 13  2  0  0  0
 13 14  1  0  0  0
M  END
$$$$
c12c(C=CCO1)cc3c(OC=CC3)c2
  -ISIS-

 14 16  0  0  0  0  0  0  0  0  1
    0.2574    1.9901    1.4889  C  0  0  0  0  0
   -0.8175    1.2687    2.1959  C  0  0  0  0  0
   -1.6204    0.2849    1.6006  C  0  0  0  0  0
   -2.6305   -0.3520    2.3378  C  0  0  0  0  0
   -2.8557   -0.0203    3.6720  C  0  0  0  0  0
   -2.0691    0.9509    4.2786  C  0  0  0  0  0
   -1.0664    1.5761    3.5325  C  0  0  0  0  0
   -0.3051    2.5405    4.2075  O  0  0  0  0  0
    0.7358    3.2150    3.5882  C  0  0  0  0  0
    0.9871    2.9235    2.1481  C  0  0  0  0  0
   -3.8308   -0.6134    4.4350  O  0  0  0  0  0
   -4.6106   -1.5738    3.8357  C  0  0  0  0  0
   -4.5081   -1.9908    2.5709  C  0  0  0  0  0
   -3.4748   -1.3860    1.7140  C  0  0  0  0  0
  1 10  2  0  0  0
  1  2  1  0  0  0
  2  7  2  0  0  0
  2  3  1  0  0  0
  3  4  2  0  0  0
  4 14  1  0  0  0
  4  5  1  0  0  0
  5  6  2  0  0  0
  5 11  1  0  0  0
  6  7  1  0  0  0
  7  8  1  0  0  0
  8  9  1  0  0  0
  9 10  1  0  0  0
 11 12  1  0  0  0
 12 13  2  0  0  0
 13 14  1  0  0  0
M  END
$$$$
c12c(C=CCO1)cc3c(OC=CC3)c2
  -ISIS-

 14 16  0  0  0  0  0  0  0  0  1
   -3.6189   -1.1585    2.4740  C  0  0  0  0  0
   -2.9587   -2.3159    3.0966  C  0  0  0  0  0
   -3.4217   -3.6271    2.9513  C  0  0  0  0  0
   -2.7397   -4.6887    3.5608  C  0  0  0  0  0
   -1.5943   -4.4627    4.3292  C  0  0  0  0  0
   -1.1182   -3.1575    4.5111  C  0  0  0  0  0
   -1.8089   -2.1099    3.8718  C  0  0  0  0  0
   -1.2873   -0.8055    4.0374  O  0  0  0  0  0
   -1.8828    0.3029    3.4633  C  0  0  0  0  0
   -3.0912    0.0593    2.6641  C  0  0  0  0  0
   -0.9003   -5.4934    4.9224  O  0  0  0  0  0
   -1.3686   -6.7729    4.7522  C  0  0  0  0  0
   -2.4485   -7.1265    4.0525  C  0  0  0  0  0
   -3.2273   -6.0695    3.3903  C  0  0  0  0  0
  1 10  2  0  0  0
  1  2  1  0  0  0
  2  7  2  0  0  0
  2  3  1  0  0  0
  3  4  2  0  0  0
  4 14  1  0  0  0
  4  5  1  0  0  0
  5  6  2  0  0  0
  5 11  1  0  0  0
  6  7  1  0  0  0
  7  8  1  0  0  0
  8  9  1  0  0  0
  9 10  1  0  0  0
 11 12  1  0  0  0
 12 13  2  0  0  0
 13 14  1  0  0  0
M  END
$$$$
c12c(C=CCO1)cc3c(OC=CC3)c2
  -ISIS-

 14 16  0  0  0  0  0  0  0  0  1
   -3.6189   -1.1585    2.4740  C  0  0  0  0  0
   -2.9587   -2.3159    3.0966  C  0  0  0  0  0
   -3.4217   -3.6271    2.9513  C  0  0  0  0  0
   -2.7397   -4.6887    3.5608  C  0  0  0  0  0
   -1.5943   -4.4627    4.3292  C  0  0  0  0  0
   -1.1182   -3.1575    4.5111  C  0  0  0  0  0
   -1.8089   -2.1099    3.8718  C  0  0  0  0  0
   -1.2873   -0.8055    4.0374  O  0  0  0  0  0
   -1.8828    0.3029    3.4633  C  0  0  0  0  0
   -3.0912    0.0593    2.6641  C  0  0  0  0  0
   -0.9003   -5.4934    4.9224  O  0  0  0  0  0
   -1.3686   -6.7729    4.7522  C  0  0  0  0  0
   -2.4485   -7.1265    4.0525  C  0  0  0  0  0
   -3.2273   -6.0695    3.3903  C  0  0  0  0  0
  1 10  2  0  0  0
  1  2  1  0  0  0
  2  7  2  0  0  0
  2  3  1  0  0  0
  3  4  2  0  0  0
  4 14  1  0  0  0
  4  5  1  0  0  0
  5  6  2  0  0  0
  5 11  1  0  0  0
  6  7  1  0  0  0
  7  8  1  0  0  0
  8  9  1  0  0  0
  9 10  1  0  0  0
 11 12  1  0  0  0
 12 13  2  0  0  0
 13 14  1  0  0  0
M  END
$$$$
c12c(C=CCO1)cc3c(OC=CC3)c2
  -ISIS-

 14 16  0  0  0  0  0  0  0  0  1
   -3.6189   -1.1585    2.4740  C  0  0  0  0  0
   -2.9587   -2.3159    3.0966  C  0  0  0  0  0
   -3.4217   -3.6271    2.9513  C  0  0  0  0  0
   -2.7397   -4.6887    3.5608  C  0  0  0  0  0
   -1.5943   -4.4627    4.3292  C  0  0  0  0  0
   -1.1182   -3.1575    4.5111  C  0  0  0  0  0
   -1.8089   -2.1099    3.8718  C  0  0  0  0  0
   -1.2873   -0.8055    4.0374  O  0  0  0  0  0
   -1.8828    0.3029    3.4633  C  0  0  0  0  0
   -3.0912    0.0593    2.6641  C  0  0  0  0  0
   -0.9003   -5.4934    4.9224  O  0  0  0  0  0
   -1.3686   -6.7729    4.7522  C  0  0  0  0  0
   -2.4485   -7.1265    4.0525  C  0  0  0  0  0
   -3.2273   -6.0695    3.3903  C  0  0  0  0  0
  1 10  2  0  0  0
  1  2  1  0  0  0
  2  7  2  0  0  0
  2  3  1  0  0  0
  3  4  2  0  0  0
  4 14  1  0  0  0
  4  5  1  0  0  0
  5  6  2  0  0  0
  5 11  1  0  0  0
  6  7  1  0  0  0
  7  8  1  0  0  0
  8  9  1  0  0  0
  9 10  1  0  0  0
 11 12  1  0  0  0
 12 13  2  0  0  0
 13 14  1  0  0  0
M  END
$$$$
c12c(C=CCO1)cc3c(OC=CC3)c2
  -ISIS-

 14 16  0  0  0  0  0  0  0  0  1
   -3.6189   -1.1585    2.4740  C  0  0  0  0  0
   -2.9587   -2.3159    3.0966  C  0  0  0  0  0
   -3.4217   -3.6271    2.9513  C  0  0  0  0  0
   -2.7397   -4.6887    3.5608  C  0  0  0  0  0
   -1.5943   -4.4627    4.3292  C  0  0  0  0  0
   -1.1182   -3.1575    4.5111  C  0  0  0  0  0
   -1.8089   -2.1099    3.8718  C  0  0  0  0  0
   -1.2873   -0.8055    4.0374  O  0  0  0  0  0
   -1.8828    0.3029    3.4633  C  0  0  0  0  0
   -3.0912    0.0593    2.6641  C  0  0  0  0  0
   -0.9003   -5.4934    4.9224  O  0  0  0  0  0
   -1.3686   -6.7729    4.7522  C  0  0  0  0  0
   -2.4485   -7.1265    4.0525  C  0  0  0  0  0
   -3.2273   -6.0695    3.3903  C  0  0  0  0  0
  1 10  2  0  0  0
  1  2  1  0  0  0
  2  7  2  0  0  0
  2  3  1  0  0  0
  3  4  2  0  0  0
  4 14  1  0  0  0
  4  5  1  0  0  0
  5  6  2  0  0  0
  5 11  1  0  0  0
  6  7  1  0  0  0
  7  8  1  0  0  0
  8  9  1  0  0  0
  9 10  1  0  0  0
 11 12  1  0  0  0
 12 13  2  0  0  0
 13 14  1  0  0  0
M  END
$$$$
c12c(C=CCO1)cc3c(OC=CC3)c2
  -ISIS-

 14 16  0  0  0  0  0  0  0  0  1
    0.4273   -2.8786    5.8801  C  0  0  0  0  0
    0.8331   -4.0781    6.6397  C  0  0  0  0  0
    0.3165   -5.3565    6.3954  C  0  0  0  0  0
    0.7468   -6.4562    7.1512  C  0  0  0  0  0
    1.6906   -6.3032    8.1683  C  0  0  0  0  0
    2.2121   -5.0348    8.4505  C  0  0  0  0  0
    1.7782   -3.9518    7.6602  C  0  0  0  0  0
    2.3550   -2.6965    7.9303  O  0  0  0  0  0
    2.0375   -1.5554    7.2119  C  0  0  0  0  0
    0.9922   -1.6786    6.1594  C  0  0  0  0  0
    2.1390   -7.3701    8.9134  O  0  0  0  0  0
    1.6219   -8.6130    8.6420  C  0  0  0  0  0
    0.7146   -8.8977    7.7056  C  0  0  0  0  0
    0.2050   -7.7987    6.8721  C  0  0  0  0  0
  1 10  2  0  0  0
  1  2  1  0  0  0
  2  7  2  0  0  0
  2  3  1  0  0  0
  3  4  2  0  0  0
  4 14  1  0  0  0
  4  5  1  0  0  0
  5  6  2  0  0  0
  5 11  1  0  0  0
  6  7  1  0  0  0
  7  8  1  0  0  0
  8  9  1  0  0  0
  9 10  1  0  0  0
 11 12  1  0  0  0
 12 13  2  0  0  0
 13 14  1  0  0  0
M  END
$$$$
c12c(C=CCO1)cc3c(OC=CC3)c2
  -ISIS-

 14 16  0  0  0  0  0  0  0  0  1
    0.4273   -2.8786    5.8801  C  0  0  0  0  0
    0.8331   -4.0781    6.6397  C  0  0  0  0  0
    0.3165   -5.3565    6.3954  C  0  0  0  0  0
    0.7468   -6.4562    7.1512  C  0  0  0  0  0
    1.6906   -6.3032    8.1683  C  0  0  0  0  0
    2.2121   -5.0348    8.4505  C  0  0  0  0  0
    1.7782   -3.9518    7.6602  C  0  0  0  0  0
    2.3550   -2.6965    7.9303  O  0  0  0  0  0
    2.0375   -1.5554    7.2119  C  0  0  0  0  0
    0.9922   -1.6786    6.1594  C  0  0  0  0  0
    2.1390   -7.3701    8.9134  O  0  0  0  0  0
    1.6219   -8.6130    8.6420  C  0  0  0  0  0
    0.7146   -8.8977    7.7056  C  0  0  0  0  0
    0.2050   -7.7987    6.8721  C  0  0  0  0  0
  1 10  2  0  0  0
  1  2  1  0  0  0
  2  7  2  0  0  0
  2  3  1  0  0  0
  3  4  2  0  0  0
  4 14  1  0  0  0
  4  5  1  0  0  0
  5  6  2  0  0  0
  5 11  1  0  0  0
  6  7  1  0  0  0
  7  8  1  0  0  0
  8  9  1  0  0  0
  9 10  1  0  0  0
 11 12  1  0  0  0
 12 13  2  0  0  0
 13 14  1  0  0  0
M  END
$$$$
c12c(C=CCO1)cc3c(OC=CC3)c2
  -ISIS-

 14 16  0  0  0  0  0  0  0  0  1
    0.4273   -2.8786    5.8801  C  0  0  0  0  0
    0.8331   -4.0781    6.6397  C  0  0  0  0  0
    0.3165   -5.3565    6.3954  C  0  0  0  0  0
    0.7468   -6.4562    7.1512  C  0  0  0  0  0
    1.6906   -6.3032    8.1683  C  0  0  0  0  0
    2.2121   -5.0348    8.4505  C  0  0  0  0  0
    1.7782   -3.9518    7.6602  C  0  0  0  0  0
    2.3550   -2.6965    7.9303  O  0  0  0  0  0
    2.0375   -1.5554    7.2119  C  0  0  0  0  0
    0.9922   -1.6786    6.1594  C  0  0  0  0  0
    2.1390   -7.3701    8.9134  O  0  0  0  0  0
    1.6219   -8.6130    8.6420  C  0  0  0  0  0
    0.7146   -8.8977    7.7056  C  0  0  0  0  0
    0.2050   -7.7987    6.8721  C  0  0  0  0  0
  1 10  2  0  0  0
  1  2  1  0  0  0
  2  7  2  0  0  0
  2  3  1  0  0  0
  3  4  2  0  0  0
  4 14  1  0  0  0
  4  5  1  0  0  0
  5  6  2  0  0  0
  5 11  1  0  0  0
  6  7  1  0  0  0
  7  8  1  0  0  0
  8  9  1  0  0  0
  9 10  1  0  0  0
 11 12  1  0  0  0
 12 13  2  0  0  0
 13 14  1  0  0  0
M  END
$$$$
c12c(C=CCO1)cc3c(OC=CC3)c2
  -ISIS-

 14 16  0  0  0  0  0  0  0  0  1
    0.4273   -2.8786    5.8801  C  0  0  0  0  0
    0.8331   -4.0781    6.6397  C  0  0  0  0  0
    0.3165   -5.3565    6.3954  C  0  0  0  0  0
    0.7468   -6.4562    7.1512  C  0  0  0  0  0
    1.6906   -6.3032    8.1683  C  0  0  0  0  0
    2.2121   -5.0348    8.4505  C  0  0  0  0  0
    1.7782   -3.9518    7.6602  C  0  0  0  0  0
    2.3550   -2.6965    7.9303  O  0  0  0  0  0
    2.0375   -1.5554    7.2119  C  0  0  0  0  0
    0.9922   -1.6786    6.1594  C  0  0  0  0  0
    2.1390   -7.3701    8.9134  O  0  0  0  0  0
    1.6219   -8.6130    8.6420  C  0  0  0  0  0
    0.7146   -8.8977    7.7056  C  0  0  0  0  0
    0.2050   -7.7987    6.8721  C  0  0  0  0  0
  1 10  2  0  0  0
  1  2  1  0  0  0
  2  7  2  0  0  0
  2  3  1  0  0  0
  3  4  2  0  0  0
  4 14  1  0  0  0
  4  5  1  0  0  0
  5  6  2  0  0  0
  5 11  1  0  0  0
  6  7  1  0  0  0
  7  8  1  0  0  0
  8  9  1  0  0  0
  9 10  1  0  0  0
 11 12  1  0  0  0
 12 13  2  0  0  0
 13 14  1  0  0  0
M  END
$$$$
c12c(C=CCO1)cc3c(OC=CC3)c2
  -ISIS-

 14 16  0  0  0  0  0  0  0  0  1
    0.4273   -2.8786    5.8801  C  0  0  0  0  0
    0.8331   -4.0781    6.6397  C  0  0  0  0  0
    0.3165   -5.3565    6.3954  C  0  0  0  0  0
    0.7468   -6.4562    7.1512  C  0  0  0  0  0
    1.6906   -6.3032    8.1683  C  0  0  0  0  0
    2.2121   -5.0348    8.4505  C  0  0  0  0  0
    1.7782   -3.9518    7.6602  C  0  0  0  0  0
    2.3550   -2.6965    7.9303  O  0  0  0  0  0
    2.0375   -1.5554    7.2119  C  0  0  0  0  0
    0.9922   -1.6786    6.1594  C  0  0  0  0  0
    2.1390   -7.3701    8.9134  O  0  0  0  0  0
    1.6219   -8.6130    8.6420  C  0  0  0  0  0
    0.7146   -8.8977    7.7056  C  0  0  0  0  0
    0.2050   -7.7987    6.8721  C  0  0  0  0  0
  1 10  2  0  0  0
  1  2  1  0  0  0
  2  7  2  0  0  0
  2  3  1  0  0  0
  3  4  2  0  0  0
  4 14  1  0  0  0
  4  5  1  0  0  0
  5  6  2  0  0  0
  5 11  1  0  0  0
  6  7  1  0  0  0
  7  8  1  0  0  0
  8  9  1  0  0  0
  9 10  1  0  0  0
 11 12  1  0  0  0
 12 13  2  0  0  0
 13 14  1  0  0  0
M  END
$$$$
c12c(C=CCO1)cc3c(OC=CC3)c2
  -ISIS-

 14 16  0  0  0  0  0  0  0  0  1
   -0.7824    0.6345    4.4320  C  0  0  0  0  0
   -0.5687   -0.4068    5.4557  C  0  0  0  0  0
   -0.9807   -1.7393    5.3043  C  0  0  0  0  0
   -0.7543   -2.6755    6.3246  C  0  0  0  0  0
   -0.1175   -2.3017    7.5059  C  0  0  0  0  0
    0.3005   -0.9874    7.6728  C  0  0  0  0  0
    0.0706   -0.0645    6.6481  C  0  0  0  0  0
    0.5318    1.2387    6.8839  O  0  0  0  0  0
    0.4032    2.2253    5.9268  C  0  0  0  0  0
   -0.3270    1.8853    4.6514  C  0  0  0  0  0
    0.1263   -3.1794    8.5331  O  0  0  0  0  0
   -0.2868   -4.4802    8.3695  C  0  0  0  0  0
   -0.9059   -4.9776    7.2957  C  0  0  0  0  0
   -1.1862   -4.0755    6.1662  C  0  0  0  0  0
  1 10  2  0  0  0
  1  2  1  0  0  0
  2  7  2  0  0  0
  2  3  1  0  0  0
  3  4  2  0  0  0
  4 14  1  0  0  0
  4  5  1  0  0  0
  5  6  2  0  0  0
  5 11  1  0  0  0
  6  7  1  0  0  0
  7  8  1  0  0  0
  8  9  1  0  0  0
  9 10  1  0  0  0
 11 12  1  0  0  0
 12 13  2  0  0  0
 13 14  1  0  0  0
M  END
$$$$
c12c(C=CCO1)cc3c(OC=CC3)c2
  -ISIS-

 14 16  0  0  0  0  0  0  0  0  1
   -0.7824    0.6345    4.4320  C  0  0  0  0  0
   -0.5687   -0.4068    5.4557  C  0  0  0  0  0
   -0.9807   -1.7393    5.3043  C  0  0  0  0  0
   -0.7543   -2.6755    6.3246  C  0  0  0  0  0
   -0.1175   -2.3017    7.5059  C  0  0  0  0  0
    0.3005   -0.9874    7.6728  C  0  0  0  0  0
    0.0706   -0.0645    6.6481  C  0  0  0  0  0
    0.5318    1.2387    6.8839  O  0  0  0  0  0
    0.4032    2.2253    5.9268  C  0  0  0  0  0
   -0.3270    1.8853    4.6514  C  0  0  0  0  0
    0.1263   -3.1794    8.5331  O  0  0  0  0  0
   -0.2868   -4.4802    8.3695  C  0  0  0  0  0
   -0.9059   -4.9776    7.2957  C  0  0  0  0  0
   -1.1862   -4.0755    6.1662  C  0  0  0  0  0
  1 10  2  0  0  0
  1  2  1  0  0  0
  2  7  2  0  0  0
  2  3  1  0  0  0
  3  4  2  0  0  0
  4 14  1  0  0  0
  4  5  1  0  0  0
  5  6  2  0  0  0
  5 11  1  0  0  0
  6  7  1  0  0  0
  7  8  1  0  0  0
  8  9  1  0  0  0
  9 10  1  0  0  0
 11 12  1  0  0  0
 12 13  2  0  0  0
 13 14  1  0  0  0
M  END
$$$$
c12c(C=CCO1)cc3c(OC=CC3)c2
  -ISIS-

 14 16  0  0  0  0  0  0  0  0  1
   -0.7824    0.6345    4.4320  C  0  0  0  0  0
   -0.5687   -0.4068    5.4557  C  0  0  0  0  0
   -0.9807   -1.7393    5.3043  C  0  0  0  0  0
   -0.7543   -2.6755    6.3246  C  0  0  0  0  0
   -0.1175   -2.3017    7.5059  C  0  0  0  0  0
    0.3005   -0.9874    7.6728  C  0  0  0  0  0
    0.0706   -0.0645    6.6481  C  0  0  0  0  0
    0.5318    1.2387    6.8839  O  0  0  0  0  0
    0.4032    2.2253    5.9268  C  0  0  0  0  0
   -0.3270    1.8853    4.6514  C  0  0  0  0  0
    0.1263   -3.1794    8.5331  O  0  0  0  0  0
   -0.2868   -4.4802    8.3695  C  0  0  0  0  0
   -0.9059   -4.9776    7.2957  C  0  0  0  0  0
   -1.1862   -4.0755    6.1662  C  0  0  0  0  0
  1 10  2  0  0  0
  1  2  1  0  0  0
  2  7  2  0  0  0
  2  3  1  0  0  0
  3  4  2  0  0  0
  4 14  1  0  0  0
  4  5  1  0  0  0
  5  6  2  0  0  0
  5 11  1  0  0  0
  6  7  1  0  0  0
  7  8  1  0  0  0
  8  9  1  0  0  0
  9 10  1  0  0  0
 11 12  1  0  0  0
 12 13  2  0  0  0
 13 14  1  0  0  0
M  END
$$$$
c12c(C=CCO1)cc3c(OC=CC3)c2
  -ISIS-

 14 16  0  0  0  0  0  0  0  0  1
   -0.7824    0.6345    4.4320  C  0  0  0  0  0
   -0.5687   -0.4068    5.4557  C  0  0  0  0  0
   -0.9807   -1.7393    5.3043  C  0  0  0  0  0
   -0.7543   -2.6755    6.3246  C  0  0  0  0  0
   -0.1175   -2.3017    7.5059  C  0  0  0  0  0
    0.3005   -0.9874    7.6728  C  0  0  0  0  0
    0.0706   -0.0645    6.6481  C  0  0  0  0  0
    0.5318    1.2387    6.8839  O  0  0  0  0  0
    0.4032    2.2253    5.9268  C  0  0  0  0  0
   -0.3270    1.8853    4.6514  C  0  0  0  0  0
    0.1263   -3.1794    8.5331  O  0  0  0  0  0
   -0.2868   -4.4802    8.3695  C  0  0  0  0  0
   -0.9059   -4.9776    7.2957  C  0  0  0  0  0
   -1.1862   -4.0755    6.1662  C  0  0  0  0  0
  1 10  2  0  0  0
  1  2  1  0  0  0
  2  7  2  0  0  0
  2  3  1  0  0  0
  3  4  2  0  0  0
  4 14  1  0  0  0
  4  5  1  0  0  0
  5  6  2  0  0  0
  5 11  1  0  0  0
  6  7  1  0  0  0
  7  8  1  0  0  0
  8  9  1  0  0  0
  9 10  1  0  0  0
 11 12  1  0  0  0
 12 13  2  0  0  0
 13 14  1  0  0  0
M  END
$$$$
c12c(C=CCO1)cc3c(OC=CC3)c2
  -ISIS-

 14 16  0  0  0  0  0  0  0  0  1
   -8.7907   -1.5298    5.8073  C  0  0  0  0  0
   -7.4408   -1.3656    5.2448  C  0  0  0  0  0
   -6.9496   -0.1205    4.8396  C  0  0  0  0  0
   -5.6531   -0.0131    4.3218  C  0  0  0  0  0
   -4.8347   -1.1400    4.1934  C  0  0  0  0  0
   -5.3108   -2.4032    4.5725  C  0  0  0  0  0
   -6.6090   -2.4823    5.1093  C  0  0  0  0  0
   -7.0605   -3.7547    5.5248  O  0  0  0  0  0
   -8.3209   -3.9456    6.0626  C  0  0  0  0  0
   -9.1766   -2.7591    6.1830  C  0  0  0  0  0
   -3.5508   -1.0555    3.7023  O  0  0  0  0  0
   -3.0816    0.1777    3.3229  C  0  0  0  0  0
   -3.7562    1.3274    3.3867  C  0  0  0  0  0
   -5.1309    1.3024    3.9083  C  0  0  0  0  0
  1 10  2  0  0  0
  1  2  1  0  0  0
  2  7  2  0  0  0
  2  3  1  0  0  0
  3  4  2  0  0  0
  4 14  1  0  0  0
  4  5  1  0  0  0
  5  6  2  0  0  0
  5 11  1  0  0  0
  6  7  1  0  0  0
  7  8  1  0  0  0
  8  9  1  0  0  0
  9 10  1  0  0  0
 11 12  1  0  0  0
 12 13  2  0  0  0
 13 14  1  0  0  0
M  END
$$$$
c12c(C=CCO1)cc3c(OC=CC3)c2
  -ISIS-

 14 16  0  0  0  0  0  0  0  0  1
   -8.7907   -1.5298    5.8073  C  0  0  0  0  0
   -7.4408   -1.3656    5.2448  C  0  0  0  0  0
   -6.9496   -0.1205    4.8396  C  0  0  0  0  0
   -5.6531   -0.0131    4.3218  C  0  0  0  0  0
   -4.8347   -1.1400    4.1934  C  0  0  0  0  0
   -5.3108   -2.4032    4.5725  C  0  0  0  0  0
   -6.6090   -2.4823    5.1093  C  0  0  0  0  0
   -7.0605   -3.7547    5.5248  O  0  0  0  0  0
   -8.3209   -3.9456    6.0626  C  0  0  0  0  0
   -9.1766   -2.7591    6.1830  C  0  0  0  0  0
   -3.5508   -1.0555    3.7023  O  0  0  0  0  0
   -3.0816    0.1777    3.3229  C  0  0  0  0  0
   -3.7562    1.3274    3.3867  C  0  0  0  0  0
   -5.1309    1.3024    3.9083  C  0  0  0  0  0
  1 10  2  0  0  0
  1  2  1  0  0  0
  2  7  2  0  0  0
  2  3  1  0  0  0
  3  4  2  0  0  0
  4 14  1  0  0  0
  4  5  1  0  0  0
  5  6  2  0  0  0
  5 11  1  0  0  0
  6  7  1  0  0  0
  7  8  1  0  0  0
  8  9  1  0  0  0
  9 10  1  0  0  0
 11 12  1  0  0  0
 12 13  2  0  0  0
 13 14  1  0  0  0
M  END
$$$$
c12c(C=CCO1)cc3c(OC=CC3)c2
  -ISIS-

 14 16  0  0  0  0  0  0  0  0  1
   -8.7907   -1.5298    5.8073  C  0  0  0  0  0
   -7.4408   -1.3656    5.2448  C  0  0  0  0  0
   -6.9496   -0.1205    4.8396  C  0  0  0  0  0
   -5.6531   -0.0131    4.3218  C  0  0  0  0  0
   -4.8347   -1.1400    4.1934  C  0  0  0  0  0
   -5.3108   -2.4032    4.5725  C  0  0  0  0  0
   -6.6090   -2.4823    5.1093  C  0  0  0  0  0
   -7.0605   -3.7547    5.5248  O  0  0  0  0  0
   -8.3209   -3.9456    6.0626  C  0  0  0  0  0
   -9.1766   -2.7591    6.1830  C  0  0  0  0  0
   -3.5508   -1.0555    3.7023  O  0  0  0  0  0
   -3.0816    0.1777    3.3229  C  0  0  0  0  0
   -3.7562    1.3274    3.3867  C  0  0  0  0  0
   -5.1309    1.3024    3.9083  C  0  0  0  0  0
  1 10  2  0  0  0
  1  2  1  0  0  0
  2  7  2  0  0  0
  2  3  1  0  0  0
  3  4  2  0  0  0
  4 14  1  0  0  0
  4  5  1  0  0  0
  5  6  2  0  0  0
  5 11  1  0  0  0
  6  7  1  0  0  0
  7  8  1  0  0  0
  8  9  1  0  0  0
  9 10  1  0  0  0
 11 12  1  0  0  0
 12 13  2  0  0  0
 13 14  1  0  0  0
M  END
$$$$
c12c(C=CCO1)cc3c(OC=CC3)c2
  -ISIS-

 14 16  0  0  0  0  0  0  0  0  1
   -8.7907   -1.5298    5.8073  C  0  0  0  0  0
   -7.4408   -1.3656    5.2448  C  0  0  0  0  0
   -6.9496   -0.1205    4.8396  C  0  0  0  0  0
   -5.6531   -0.0131    4.3218  C  0  0  0  0  0
   -4.8347   -1.1400    4.1934  C  0  0  0  0  0
   -5.3108   -2.4032    4.5725  C  0  0  0  0  0
   -6.6090   -2.4823    5.1093  C  0  0  0  0  0
   -7.0605   -3.7547    5.5248  O  0  0  0  0  0
   -8.3209   -3.9456    6.0626  C  0  0  0  0  0
   -9.1766   -2.7591    6.1830  C  0  0  0  0  0
   -3.5508   -1.0555    3.7023  O  0  0  0  0  0
   -3.0816    0.1777    3.3229  C  0  0  0  0  0
   -3.7562    1.3274    3.3867  C  0  0  0  0  0
   -5.1309    1.3024    3.9083  C  0  0  0  0  0
  1 10  2  0  0  0
  1  2  1  0  0  0
  2  7  2  0  0  0
  2  3  1  0  0  0
  3  4  2  0  0  0
  4 14  1  0  0  0
  4  5  1  0  0  0
  5  6  2  0  0  0
  5 11  1  0  0  0
  6  7  1  0  0  0
  7  8  1  0  0  0
  8  9  1  0  0  0
  9 10  1  0  0  0
 11 12  1  0  0  0
 12 13  2  0  0  0
 13 14  1  0  0  0
M  END
$$$$
c12c(C=CCO1)cc3c(OC=CC3)c2
  -ISIS-

 14 16  0  0  0  0  0  0  0  0  1
    5.5326   -2.9052    5.8594  C  0  0  0  0  0
    4.0434   -2.6974    5.9932  C  0  0  0  0  0
    3.3612   -1.7948    5.2837  C  0  0  0  0  0
    4.0889   -0.9659    4.3312  C  0  0  0  0  0
    3.4477    0.0174    3.5591  C  0  0  0  0  0
    4.1842    0.7921    2.6498  C  0  0  0  0  0
    3.5453    1.8361    1.8299  C  0  0  0  0  0
    4.4166    2.5724    0.8836  C  0  0  0  0  0
    5.7188    2.2561    0.8648  C  0  0  0  0  0
    6.3382    1.3125    1.6471  O  0  0  0  0  0
    5.5560    0.5888    2.5125  C  0  0  0  0  0
    6.1976   -0.3840    3.2756  C  0  0  0  0  0
    5.4672   -1.1576    4.1810  C  0  0  0  0  0
    6.1940   -2.0835    4.8754  O  0  0  0  0  0
  1 14  1  0  0  0
  1  2  1  0  0  0
  2  3  2  0  0  0
  3  4  1  0  0  0
  4 13  2  0  0  0
  4  5  1  0  0  0
  5  6  2  0  0  0
  6 11  1  0  0  0
  6  7  1  0  0  0
  7  8  1  0  0  0
  8  9  2  0  0  0
  9 10  1  0  0  0
 10 11  1  0  0  0
 11 12  2  0  0  0
 12 13  1  0  0  0
 13 14  1  0  0  0
M  END
$$$$
c12c(C=CCO1)cc3c(OC=CC3)c2
  -ISIS-

 14 16  0  0  0  0  0  0  0  0  1
    5.5326   -2.9052    5.8594  C  0  0  0  0  0
    4.0434   -2.6974    5.9932  C  0  0  0  0  0
    3.3612   -1.7948    5.2837  C  0  0  0  0  0
    4.0889   -0.9659    4.3312  C  0  0  0  0  0
    3.4477    0.0174    3.5591  C  0  0  0  0  0
    4.1842    0.7921    2.6498  C  0  0  0  0  0
    3.5453    1.8361    1.8299  C  0  0  0  0  0
    4.4166    2.5724    0.8836  C  0  0  0  0  0
    5.7188    2.2561    0.8648  C  0  0  0  0  0
    6.3382    1.3125    1.6471  O  0  0  0  0  0
    5.5560    0.5888    2.5125  C  0  0  0  0  0
    6.1976   -0.3840    3.2756  C  0  0  0  0  0
    5.4672   -1.1576    4.1810  C  0  0  0  0  0
    6.1940   -2.0835    4.8754  O  0  0  0  0  0
  1 14  1  0  0  0
  1  2  1  0  0  0
  2  3  2  0  0  0
  3  4  1  0  0  0
  4 13  2  0  0  0
  4  5  1  0  0  0
  5  6  2  0  0  0
  6 11  1  0  0  0
  6  7  1  0  0  0
  7  8  1  0  0  0
  8  9  2  0  0  0
  9 10  1  0  0  0
 10 11  1  0  0  0
 11 12  2  0  0  0
 12 13  1  0  0  0
 13 14  1  0  0  0
M  END
$$$$
c12c(C=CCO1)cc3c(OC=CC3)c2
  -ISIS-

 14 16  0  0  0  0  0  0  0  0  1
    5.5326   -2.9052    5.8594  C  0  0  0  0  0
    4.0434   -2.6974    5.9932  C  0  0  0  0  0
    3.3612   -1.7948    5.2837  C  0  0  0  0  0
    4.0889   -0.9659    4.3312  C  0  0  0  0  0
    3.4477    0.0174    3.5591  C  0  0  0  0  0
    4.1842    0.7921    2.6498  C  0  0  0  0  0
    3.5453    1.8361    1.8299  C  0  0  0  0  0
    4.4166    2.5724    0.8836  C  0  0  0  0  0
    5.7188    2.2561    0.8648  C  0  0  0  0  0
    6.3382    1.3125    1.6471  O  0  0  0  0  0
    5.5560    0.5888    2.5125  C  0  0  0  0  0
    6.1976   -0.3840    3.2756  C  0  0  0  0  0
    5.4672   -1.1576    4.1810  C  0  0  0  0  0
    6.1940   -2.0835    4.8754  O  0  0  0  0  0
  1 14  1  0  0  0
  1  2  1  0  0  0
  2  3  2  0  0  0
  3  4  1  0  0  0
  4 13  2  0  0  0
  4  5  1  0  0  0
  5  6  2  0  0  0
  6 11  1  0  0  0
  6  7  1  0  0  0
  7  8  1  0  0  0
  8  9  2  0  0  0
  9 10  1  0  0  0
 10 11  1  0  0  0
 11 12  2  0  0  0
 12 13  1  0  0  0
 13 14  1  0  0  0
M  END
$$$$
c12c(C=CCO1)cc3c(OC=CC3)c2
  -ISIS-

 14 16  0  0  0  0  0  0  0  0  1
    5.5326   -2.9052    5.8594  C  0  0  0  0  0
    4.0434   -2.6974    5.9932  C  0  0  0  0  0
    3.3612   -1.7948    5.2837  C  0  0  0  0  0
    4.0889   -0.9659    4.3312  C  0  0  0  0  0
    3.4477    0.0174    3.5591  C  0  0  0  0  0
    4.1842    0.7921    2.6498  C  0  0  0  0  0
    3.5453    1.8361    1.8299  C  0  0  0  0  0
    4.4166    2.5724    0.8836  C  0  0  0  0  0
    5.7188    2.2561    0.8648  C  0  0  0  0  0
    6.3382    1.3125    1.6471  O  0  0  0  0  0
    5.5560    0.5888    2.5125  C  0  0  0  0  0
    6.1976   -0.3840    3.2756  C  0  0  0  0  0
    5.4672   -1.1576    4.1810  C  0  0  0  0  0
    6.1940   -2.0835    4.8754  O  0  0  0  0  0
  1 14  1  0  0  0
  1  2  1  0  0  0
  2  3  2  0  0  0
  3  4  1  0  0  0
  4 13  2  0  0  0
  4  5  1  0  0  0
  5  6  2  0  0  0
  6 11  1  0  0  0
  6  7  1  0  0  0
  7  8  1  0  0  0
  8  9  2  0  0  0
  9 10  1  0  0  0
 10 11  1  0  0  0
 11 12  2  0  0  0
 12 13  1  0  0  0
 13 14  1  0  0  0
M  END
$$$$
c12c(C=CCO1)cc3c(OC=CC3)c2
  -ISIS-

 14 16  0  0  0  0  0  0  0  0  1
   -2.0446    1.5844    5.6248  C  0  0  0  0  0
   -0.7658    1.0842    5.6323  O  0  0  0  0  0
   -0.2572    0.5836    4.4555  C  0  0  0  0  0
    1.0497    0.0818    4.4608  C  0  0  0  0  0
    1.5536   -0.4636    3.2623  C  0  0  0  0  0
    0.8248   -0.5004    2.0702  C  0  0  0  0  0
   -0.4701    0.0334    2.0934  C  0  0  0  0  0
   -1.0039    0.5635    3.2764  C  0  0  0  0  0
   -2.3749    1.1061    3.2869  C  0  0  0  0  0
   -2.8620    1.6321    4.5709  C  0  0  0  0  0
    1.4416   -1.0841    0.8583  C  0  0  0  0  0
    2.7077   -1.5503    0.9254  C  0  0  0  0  0
    3.4792   -1.5349    2.1998  C  0  0  0  0  0
    2.8582   -0.9912    3.3080  O  0  0  0  0  0
  1 10  2  0  0  0
  1  2  1  0  0  0
  2  3  1  0  0  0
  3  8  2  0  0  0
  3  4  1  0  0  0
  4  5  2  0  0  0
  5 14  1  0  0  0
  5  6  1  0  0  0
  6  7  2  0  0  0
  6 11  1  0  0  0
  7  8  1  0  0  0
  8  9  1  0  0  0
  9 10  1  0  0  0
 11 12  2  0  0  0
 12 13  1  0  0  0
 13 14  1  0  0  0
M  END
$$$$
c12c(C=CCO1)cc3c(OC=CC3)c2
  -ISIS-

 14 16  0  0  0  0  0  0  0  0  1
   -2.0446    1.5844    5.6248  C  0  0  0  0  0
   -0.7658    1.0842    5.6323  O  0  0  0  0  0
   -0.2572    0.5836    4.4555  C  0  0  0  0  0
    1.0497    0.0818    4.4608  C  0  0  0  0  0
    1.5536   -0.4636    3.2623  C  0  0  0  0  0
    0.8248   -0.5004    2.0702  C  0  0  0  0  0
   -0.4701    0.0334    2.0934  C  0  0  0  0  0
   -1.0039    0.5635    3.2764  C  0  0  0  0  0
   -2.3749    1.1061    3.2869  C  0  0  0  0  0
   -2.8620    1.6321    4.5709  C  0  0  0  0  0
    1.4416   -1.0841    0.8583  C  0  0  0  0  0
    2.7077   -1.5503    0.9254  C  0  0  0  0  0
    3.4792   -1.5349    2.1998  C  0  0  0  0  0
    2.8582   -0.9912    3.3080  O  0  0  0  0  0
  1 10  2  0  0  0
  1  2  1  0  0  0
  2  3  1  0  0  0
  3  8  2  0  0  0
  3  4  1  0  0  0
  4  5  2  0  0  0
  5 14  1  0  0  0
  5  6  1  0  0  0
  6  7  2  0  0  0
  6 11  1  0  0  0
  7  8  1  0  0  0
  8  9  1  0  0  0
  9 10  1  0  0  0
 11 12  2  0  0  0
 12 13  1  0  0  0
 13 14  1  0  0  0
M  END
$$$$
c12c(C=CCO1)cc3c(OC=CC3)c2
  -ISIS-

 14 16  0  0  0  0  0  0  0  0  1
   -2.0446    1.5844    5.6248  C  0  0  0  0  0
   -0.7658    1.0842    5.6323  O  0  0  0  0  0
   -0.2572    0.5836    4.4555  C  0  0  0  0  0
    1.0497    0.0818    4.4608  C  0  0  0  0  0
    1.5536   -0.4636    3.2623  C  0  0  0  0  0
    0.8248   -0.5004    2.0702  C  0  0  0  0  0
   -0.4701    0.0334    2.0934  C  0  0  0  0  0
   -1.0039    0.5635    3.2764  C  0  0  0  0  0
   -2.3749    1.1061    3.2869  C  0  0  0  0  0
   -2.8620    1.6321    4.5709  C  0  0  0  0  0
    1.4416   -1.0841    0.8583  C  0  0  0  0  0
    2.7077   -1.5503    0.9254  C  0  0  0  0  0
    3.4792   -1.5349    2.1998  C  0  0  0  0  0
    2.8582   -0.9912    3.3080  O  0  0  0  0  0
  1 10  2  0  0  0
  1  2  1  0  0  0
  2  3  1  0  0  0
  3  8  2  0  0  0
  3  4  1  0  0  0
  4  5  2  0  0  0
  5 14  1  0  0  0
  5  6  1  0  0  0
  6  7  2  0  0  0
  6 11  1  0  0  0
  7  8  1  0  0  0
  8  9  1  0  0  0
  9 10  1  0  0  0
 11 12  2  0  0  0
 12 13  1  0  0  0
 13 14  1  0  0  0
M  END
$$$$
c12c(C=CCO1)cc3c(OC=CC3)c2
  -ISIS-

 14 16  0  0  0  0  0  0  0  0  1
   -2.0446    1.5844    5.6248  C  0  0  0  0  0
   -0.7658    1.0842    5.6323  O  0  0  0  0  0
   -0.2572    0.5836    4.4555  C  0  0  0  0  0
    1.0497    0.0818    4.4608  C  0  0  0  0  0
    1.5536   -0.4636    3.2623  C  0  0  0  0  0
    0.8248   -0.5004    2.0702  C  0  0  0  0  0
   -0.4701    0.0334    2.0934  C  0  0  0  0  0
   -1.0039    0.5635    3.2764  C  0  0  0  0  0
   -2.3749    1.1061    3.2869  C  0  0  0  0  0
   -2.8620    1.6321    4.5709  C  0  0  0  0  0
    1.4416   -1.0841    0.8583  C  0  0  0  0  0
    2.7077   -1.5503    0.9254  C  0  0  0  0  0
    3.4792   -1.5349    2.1998  C  0  0  0  0  0
    2.8582   -0.9912    3.3080  O  0  0  0  0  0
  1 10  2  0  0  0
  1  2  1  0  0  0
  2  3  1  0  0  0
  3  8  2  0  0  0
  3  4  1  0  0  0
  4  5  2  0  0  0
  5 14  1  0  0  0
  5  6  1  0  0  0
  6  7  2  0  0  0
  6 11  1  0  0  0
  7  8  1  0  0  0
  8  9  1  0  0  0
  9 10  1  0  0  0
 11 12  2  0  0  0
 12 13  1  0  0  0
 13 14  1  0  0  0
M  END
$$$$
c12c(C=CCO1)cc3c(OC=CC3)c2
  -ISIS-

 14 16  0  0  0  0  0  0  0  0  1
   -2.0446    1.5844    5.6248  C  0  0  0  0  0
   -0.7658    1.0842    5.6323  O  0  0  0  0  0
   -0.2572    0.5836    4.4555  C  0  0  0  0  0
    1.0497    0.0818    4.4608  C  0  0  0  0  0
    1.5536   -0.4636    3.2623  C  0  0  0  0  0
    0.8248   -0.5004    2.0702  C  0  0  0  0  0
   -0.4701    0.0334    2.0934  C  0  0  0  0  0
   -1.0039    0.5635    3.2764  C  0  0  0  0  0
   -2.3749    1.1061    3.2869  C  0  0  0  0  0
   -2.8620    1.6321    4.5709  C  0  0  0  0  0
    1.4416   -1.0841    0.8583  C  0  0  0  0  0
    2.7077   -1.5503    0.9254  C  0  0  0  0  0
    3.4792   -1.5349    2.1998  C  0  0  0  0  0
    2.8582   -0.9912    3.3080  O  0  0  0  0  0
  1 10  2  0  0  0
  1  2  1  0  0  0
  2  3  1  0  0  0
  3  8  2  0  0  0
  3  4  1  0  0  0
  4  5  2  0  0  0
  5 14  1  0  0  0
  5  6  1  0  0  0
  6  7  2  0  0  0
  6 11  1  0  0  0
  7  8  1  0  0  0
  8  9  1  0  0  0
  9 10  1  0  0  0
 11 12  2  0  0  0
 12 13  1  0  0  0
 13 14  1  0  0  0
M  END
$$$$
c12c(C=CCO1)cc3c(OC=CC3)c2
  -ISIS-

 14 16  0  0  0  0  0  0  0  0  1
    0.2116   -5.3782   -0.3570  C  0  0  0  0  0
    1.5585   -5.5027   -0.5888  O  0  0  0  0  0
    2.3611   -4.4110   -0.3587  C  0  0  0  0  0
    3.7294   -4.5272   -0.6315  C  0  0  0  0  0
    4.5436   -3.3951   -0.4257  C  0  0  0  0  0
    4.0577   -2.1823    0.0699  C  0  0  0  0  0
    2.6869   -2.1066    0.3484  C  0  0  0  0  0
    1.8492   -3.2104    0.1316  C  0  0  0  0  0
    0.4071   -3.1093    0.4241  C  0  0  0  0  0
   -0.4212   -4.2900    0.1005  C  0  0  0  0  0
    4.9901   -1.0499    0.2631  C  0  0  0  0  0
    6.2864   -1.1999   -0.0860  C  0  0  0  0  0
    6.8088   -2.4911   -0.6145  C  0  0  0  0  0
    5.9060   -3.5281   -0.7540  O  0  0  0  0  0
  1 10  2  0  0  0
  1  2  1  0  0  0
  2  3  1  0  0  0
  3  8  2  0  0  0
  3  4  1  0  0  0
  4  5  2  0  0  0
  5 14  1  0  0  0
  5  6  1  0  0  0
  6  7  2  0  0  0
  6 11  1  0  0  0
  7  8  1  0  0  0
  8  9  1  0  0  0
  9 10  1  0  0  0
 11 12  2  0  0  0
 12 13  1  0  0  0
 13 14  1  0  0  0
M  END
$$$$
c12c(C=CCO1)cc3c(OC=CC3)c2
  -ISIS-

 14 16  0  0  0  0  0  0  0  0  1
    0.2116   -5.3782   -0.3570  C  0  0  0  0  0
    1.5585   -5.5027   -0.5888  O  0  0  0  0  0
    2.3611   -4.4110   -0.3587  C  0  0  0  0  0
    3.7294   -4.5272   -0.6315  C  0  0  0  0  0
    4.5436   -3.3951   -0.4257  C  0  0  0  0  0
    4.0577   -2.1823    0.0699  C  0  0  0  0  0
    2.6869   -2.1066    0.3484  C  0  0  0  0  0
    1.8492   -3.2104    0.1316  C  0  0  0  0  0
    0.4071   -3.1093    0.4241  C  0  0  0  0  0
   -0.4212   -4.2900    0.1005  C  0  0  0  0  0
    4.9901   -1.0499    0.2631  C  0  0  0  0  0
    6.2864   -1.1999   -0.0860  C  0  0  0  0  0
    6.8088   -2.4911   -0.6145  C  0  0  0  0  0
    5.9060   -3.5281   -0.7540  O  0  0  0  0  0
  1 10  2  0  0  0
  1  2  1  0  0  0
  2  3  1  0  0  0
  3  8  2  0  0  0
  3  4  1  0  0  0
  4  5  2  0  0  0
  5 14  1  0  0  0
  5  6  1  0  0  0
  6  7  2  0  0  0
  6 11  1  0  0  0
  7  8  1  0  0  0
  8  9  1  0  0  0
  9 10  1  0  0  0
 11 12  2  0  0  0
 12 13  1  0  0  0
 13 14  1  0  0  0
M  END
$$$$
c12c(C=CCO1)cc3c(OC=CC3)c2
  -ISIS-

 14 16  0  0  0  0  0  0  0  0  1
    0.2116   -5.3782   -0.3570  C  0  0  0  0  0
    1.5585   -5.5027   -0.5888  O  0  0  0  0  0
    2.3611   -4.4110   -0.3587  C  0  0  0  0  0
    3.7294   -4.5272   -0.6315  C  0  0  0  0  0
    4.5436   -3.3951   -0.4257  C  0  0  0  0  0
    4.0577   -2.1823    0.0699  C  0  0  0  0  0
    2.6869   -2.1066    0.3484  C  0  0  0  0  0
    1.8492   -3.2104    0.1316  C  0  0  0  0  0
    0.4071   -3.1093    0.4241  C  0  0  0  0  0
   -0.4212   -4.2900    0.1005  C  0  0  0  0  0
    4.9901   -1.0499    0.2631  C  0  0  0  0  0
    6.2864   -1.1999   -0.0860  C  0  0  0  0  0
    6.8088   -2.4911   -0.6145  C  0  0  0  0  0
    5.9060   -3.5281   -0.7540  O  0  0  0  0  0
  1 10  2  0  0  0
  1  2  1  0  0  0
  2  3  1  0  0  0
  3  8  2  0  0  0
  3  4  1  0  0  0
  4  5  2  0  0  0
  5 14  1  0  0  0
  5  6  1  0  0  0
  6  7  2  0  0  0
  6 11  1  0  0  0
  7  8  1  0  0  0
  8  9  1  0  0  0
  9 10  1  0  0  0
 11 12  2  0  0  0
 12 13  1  0  0  0
 13 14  1  0  0  0
M  END
$$$$
c12c(C=CCO1)cc3c(OC=CC3)c2
  -ISIS-

 14 16  0  0  0  0  0  0  0  0  1
    0.2116   -5.3782   -0.3570  C  0  0  0  0  0
    1.5585   -5.5027   -0.5888  O  0  0  0  0  0
    2.3611   -4.4110   -0.3587  C  0  0  0  0  0
    3.7294   -4.5272   -0.6315  C  0  0  0  0  0
    4.5436   -3.3951   -0.4257  C  0  0  0  0  0
    4.0577   -2.1823    0.0699  C  0  0  0  0  0
    2.6869   -2.1066    0.3484  C  0  0  0  0  0
    1.8492   -3.2104    0.1316  C  0  0  0  0  0
    0.4071   -3.1093    0.4241  C  0  0  0  0  0
   -0.4212   -4.2900    0.1005  C  0  0  0  0  0
    4.9901   -1.0499    0.2631  C  0  0  0  0  0
    6.2864   -1.1999   -0.0860  C  0  0  0  0  0
    6.8088   -2.4911   -0.6145  C  0  0  0  0  0
    5.9060   -3.5281   -0.7540  O  0  0  0  0  0
  1 10  2  0  0  0
  1  2  1  0  0  0
  2  3  1  0  0  0
  3  8  2  0  0  0
  3  4  1  0  0  0
  4  5  2  0  0  0
  5 14  1  0  0  0
  5  6  1  0  0  0
  6  7  2  0  0  0
  6 11  1  0  0  0
  7  8  1  0  0  0
  8  9  1  0  0  0
  9 10  1  0  0  0
 11 12  2  0  0  0
 12 13  1  0  0  0
 13 14  1  0  0  0
M  END
$$$$
c12c(C=CCO1)cc3c(OC=CC3)c2
  -ISIS-

 14 16  0  0  0  0  0  0  0  0  1
    0.2116   -5.3782   -0.3570  C  0  0  0  0  0
    1.5585   -5.5027   -0.5888  O  0  0  0  0  0
    2.3611   -4.4110   -0.3587  C  0  0  0  0  0
    3.7294   -4.5272   -0.6315  C  0  0  0  0  0
    4.5436   -3.3951   -0.4257  C  0  0  0  0  0
    4.0577   -2.1823    0.0699  C  0  0  0  0  0
    2.6869   -2.1066    0.3484  C  0  0  0  0  0
    1.8492   -3.2104    0.1316  C  0  0  0  0  0
    0.4071   -3.1093    0.4241  C  0  0  0  0  0
   -0.4212   -4.2900    0.1005  C  0  0  0  0  0
    4.9901   -1.0499    0.2631  C  0  0  0  0  0
    6.2864   -1.1999   -0.0860  C  0  0  0  0  0
    6.8088   -2.4911   -0.6145  C  0  0  0  0  0
    5.9060   -3.5281   -0.7540  O  0  0  0  0  0
  1 10  2  0  0  0
  1  2  1  0  0  0
  2  3  1  0  0  0
  3  8  2  0  0  0
  3  4  1  0  0  0
  4  5  2  0  0  0
  5 14  1  0  0  0
  5  6  1  0  0  0
  6  7  2  0  0  0
  6 11  1  0  0  0
  7  8  1  0  0  0
  8  9  1  0  0  0
  9 10  1  0  0  0
 11 12  2  0  0  0
 12 13  1  0  0  0
 13 14  1  0  0  0
M  END
$$$$
c12c(C=CCO1)cc3c(OC=CC3)c2
  -ISIS-

 14 16  0  0  0  0  0  0  0  0  1
    0.2116   -5.3782   -0.3570  C  0  0  0  0  0
    1.5585   -5.5027   -0.5888  O  0  0  0  0  0
    2.3611   -4.4110   -0.3587  C  0  0  0  0  0
    3.7294   -4.5272   -0.6315  C  0  0  0  0  0
    4.5436   -3.3951   -0.4257  C  0  0  0  0  0
    4.0577   -2.1823    0.0699  C  0  0  0  0  0
    2.6869   -2.1066    0.3484  C  0  0  0  0  0
    1.8492   -3.2104    0.1316  C  0  0  0  0  0
    0.4071   -3.1093    0.4241  C  0  0  0  0  0
   -0.4212   -4.2900    0.1005  C  0  0  0  0  0
    4.9901   -1.0499    0.2631  C  0  0  0  0  0
    6.2864   -1.1999   -0.0860  C  0  0  0  0  0
    6.8088   -2.4911   -0.6145  C  0  0  0  0  0
    5.9060   -3.5281   -0.7540  O  0  0  0  0  0
  1 10  2  0  0  0
  1  2  1  0  0  0
  2  3  1  0  0  0
  3  8  2  0  0  0
  3  4  1  0  0  0
  4  5  2  0  0  0
  5 14  1  0  0  0
  5  6  1  0  0  0
  6  7  2  0  0  0
  6 11  1  0  0  0
  7  8  1  0  0  0
  8  9  1  0  0  0
  9 10  1  0  0  0
 11 12  2  0  0  0
 12 13  1  0  0  0
 13 14  1  0  0  0
M  END
$$$$
c12c(C=CCO1)cc3c(OC=CC3)c2
  -ISIS-

 14 16  0  0  0  0  0  0  0  0  1
    2.7589    2.5325    1.8525  C  0  0  0  0  0
    3.1161    2.2568    3.2542  C  0  0  0  0  0
    4.0429    1.3288    3.5056  C  0  0  0  0  0
    4.7156    0.5842    2.5665  O  0  0  0  0  0
    4.4154    0.8064    1.2445  C  0  0  0  0  0
    3.4690    1.7444    0.8295  C  0  0  0  0  0
    3.1982    1.9345   -0.5327  C  0  0  0  0  0
    3.8812    1.1790   -1.4940  C  0  0  0  0  0
    4.8228    0.2461   -1.0541  C  0  0  0  0  0
    5.0998    0.0489    0.2995  C  0  0  0  0  0
    5.5435   -0.5476   -1.9650  O  0  0  0  0  0
    5.3424   -0.4303   -3.3297  C  0  0  0  0  0
    4.3499    0.5571   -3.7771  C  0  0  0  0  0
    3.6442    1.3310   -2.9371  C  0  0  0  0  0
  1  6  1  0  0  0
  1  2  1  0  0  0
  2  3  2  0  0  0
  3  4  1  0  0  0
  4  5  1  0  0  0
  5 10  2  0  0  0
  5  6  1  0  0  0
  6  7  2  0  0  0
  7  8  1  0  0  0
  8 14  1  0  0  0
  8  9  2  0  0  0
  9 10  1  0  0  0
  9 11  1  0  0  0
 11 12  1  0  0  0
 12 13  1  0  0  0
 13 14  2  0  0  0
M  END
$$$$
c12c(C=CCO1)cc3c(OC=CC3)c2
  -ISIS-

 14 16  0  0  0  0  0  0  0  0  1
    2.7589    2.5325    1.8525  C  0  0  0  0  0
    3.1161    2.2568    3.2542  C  0  0  0  0  0
    4.0429    1.3288    3.5056  C  0  0  0  0  0
    4.7156    0.5842    2.5665  O  0  0  0  0  0
    4.4154    0.8064    1.2445  C  0  0  0  0  0
    3.4690    1.7444    0.8295  C  0  0  0  0  0
    3.1982    1.9345   -0.5327  C  0  0  0  0  0
    3.8812    1.1790   -1.4940  C  0  0  0  0  0
    4.8228    0.2461   -1.0541  C  0  0  0  0  0
    5.0998    0.0489    0.2995  C  0  0  0  0  0
    5.5435   -0.5476   -1.9650  O  0  0  0  0  0
    5.3424   -0.4303   -3.3297  C  0  0  0  0  0
    4.3499    0.5571   -3.7771  C  0  0  0  0  0
    3.6442    1.3310   -2.9371  C  0  0  0  0  0
  1  6  1  0  0  0
  1  2  1  0  0  0
  2  3  2  0  0  0
  3  4  1  0  0  0
  4  5  1  0  0  0
  5 10  2  0  0  0
  5  6  1  0  0  0
  6  7  2  0  0  0
  7  8  1  0  0  0
  8 14  1  0  0  0
  8  9  2  0  0  0
  9 10  1  0  0  0
  9 11  1  0  0  0
 11 12  1  0  0  0
 12 13  1  0  0  0
 13 14  2  0  0  0
M  END
$$$$
c12c(C=CCO1)cc3c(OC=CC3)c2
  -ISIS-

 14 16  0  0  0  0  0  0  0  0  1
    2.7589    2.5325    1.8525  C  0  0  0  0  0
    3.1161    2.2568    3.2542  C  0  0  0  0  0
    4.0429    1.3288    3.5056  C  0  0  0  0  0
    4.7156    0.5842    2.5665  O  0  0  0  0  0
    4.4154    0.8064    1.2445  C  0  0  0  0  0
    3.4690    1.7444    0.8295  C  0  0  0  0  0
    3.1982    1.9345   -0.5327  C  0  0  0  0  0
    3.8812    1.1790   -1.4940  C  0  0  0  0  0
    4.8228    0.2461   -1.0541  C  0  0  0  0  0
    5.0998    0.0489    0.2995  C  0  0  0  0  0
    5.5435   -0.5476   -1.9650  O  0  0  0  0  0
    5.3424   -0.4303   -3.3297  C  0  0  0  0  0
    4.3499    0.5571   -3.7771  C  0  0  0  0  0
    3.6442    1.3310   -2.9371  C  0  0  0  0  0
  1  6  1  0  0  0
  1  2  1  0  0  0
  2  3  2  0  0  0
  3  4  1  0  0  0
  4  5  1  0  0  0
  5 10  2  0  0  0
  5  6  1  0  0  0
  6  7  2  0  0  0
  7  8  1  0  0  0
  8 14  1  0  0  0
  8  9  2  0  0  0
  9 10  1  0  0  0
  9 11  1  0  0  0
 11 12  1  0  0  0
 12 13  1  0  0  0
 13 14  2  0  0  0
M  END
$$$$
c12c(C=CCO1)cc3c(OC=CC3)c2
  -ISIS-

 14 16  0  0  0  0  0  0  0  0  1
    4.3829    1.7271   -2.2117  C  0  0  0  0  0
    4.3290    2.5680   -1.0066  C  0  0  0  0  0
    3.1628    3.1274   -0.6778  C  0  0  0  0  0
    1.9813    2.9941   -1.3651  O  0  0  0  0  0
    1.9733    2.2132   -2.4985  C  0  0  0  0  0
    3.1238    1.5735   -2.9633  C  0  0  0  0  0
    3.0948    0.7927   -4.1270  C  0  0  0  0  0
    1.9082    0.6444   -4.8558  C  0  0  0  0  0
    0.7724    1.3078   -4.3801  C  0  0  0  0  0
    0.7679    2.0756   -3.1979  C  0  0  0  0  0
   -0.4300    1.2640   -5.1086  O  0  0  0  0  0
   -0.4398    0.7956   -6.4106  C  0  0  0  0  0
    0.6473   -0.1822   -6.7712  C  0  0  0  0  0
    1.7971   -0.2058   -6.0618  C  0  0  0  0  0
  1  6  1  0  0  0
  1  2  1  0  0  0
  2  3  2  0  0  0
  3  4  1  0  0  0
  4  5  1  0  0  0
  5 10  2  0  0  0
  5  6  1  0  0  0
  6  7  2  0  0  0
  7  8  1  0  0  0
  8 14  1  0  0  0
  8  9  2  0  0  0
  9 10  1  0  0  0
  9 11  1  0  0  0
 11 12  1  0  0  0
 12 13  1  0  0  0
 13 14  2  0  0  0
M  END
$$$$
c12c(C=CCO1)cc3c(OC=CC3)c2
  -ISIS-

 14 16  0  0  0  0  0  0  0  0  1
    4.3829    1.7271   -2.2117  C  0  0  0  0  0
    4.3290    2.5680   -1.0066  C  0  0  0  0  0
    3.1628    3.1274   -0.6778  C  0  0  0  0  0
    1.9813    2.9941   -1.3651  O  0  0  0  0  0
    1.9733    2.2132   -2.4985  C  0  0  0  0  0
    3.1238    1.5735   -2.9633  C  0  0  0  0  0
    3.0948    0.7927   -4.1270  C  0  0  0  0  0
    1.9082    0.6444   -4.8558  C  0  0  0  0  0
    0.7724    1.3078   -4.3801  C  0  0  0  0  0
    0.7679    2.0756   -3.1979  C  0  0  0  0  0
   -0.4300    1.2640   -5.1086  O  0  0  0  0  0
   -0.4398    0.7956   -6.4106  C  0  0  0  0  0
    0.6473   -0.1822   -6.7712  C  0  0  0  0  0
    1.7971   -0.2058   -6.0618  C  0  0  0  0  0
  1  6  1  0  0  0
  1  2  1  0  0  0
  2  3  2  0  0  0
  3  4  1  0  0  0
  4  5  1  0  0  0
  5 10  2  0  0  0
  5  6  1  0  0  0
  6  7  2  0  0  0
  7  8  1  0  0  0
  8 14  1  0  0  0
  8  9  2  0  0  0
  9 10  1  0  0  0
  9 11  1  0  0  0
 11 12  1  0  0  0
 12 13  1  0  0  0
 13 14  2  0  0  0
M  END
$$$$
c12c(C=CCO1)cc3c(OC=CC3)c2
  -ISIS-

 14 16  0  0  0  0  0  0  0  0  1
    4.3829    1.7271   -2.2117  C  0  0  0  0  0
    4.3290    2.5680   -1.0066  C  0  0  0  0  0
    3.1628    3.1274   -0.6778  C  0  0  0  0  0
    1.9813    2.9941   -1.3651  O  0  0  0  0  0
    1.9733    2.2132   -2.4985  C  0  0  0  0  0
    3.1238    1.5735   -2.9633  C  0  0  0  0  0
    3.0948    0.7927   -4.1270  C  0  0  0  0  0
    1.9082    0.6444   -4.8558  C  0  0  0  0  0
    0.7724    1.3078   -4.3801  C  0  0  0  0  0
    0.7679    2.0756   -3.1979  C  0  0  0  0  0
   -0.4300    1.2640   -5.1086  O  0  0  0  0  0
   -0.4398    0.7956   -6.4106  C  0  0  0  0  0
    0.6473   -0.1822   -6.7712  C  0  0  0  0  0
    1.7971   -0.2058   -6.0618  C  0  0  0  0  0
  1  6  1  0  0  0
  1  2  1  0  0  0
  2  3  2  0  0  0
  3  4  1  0  0  0
  4  5  1  0  0  0
  5 10  2  0  0  0
  5  6  1  0  0  0
  6  7  2  0  0  0
  7  8  1  0  0  0
  8 14  1  0  0  0
  8  9  2  0  0  0
  9 10  1  0  0  0
  9 11  1  0  0  0
 11 12  1  0  0  0
 12 13  1  0  0  0
 13 14  2  0  0  0
M  END
$$$$
c12c(C=CCO1)cc3c(OC=CC3)c2
  -ISIS-

 14 16  0  0  0  0  0  0  0  0  1
    4.3829    1.7271   -2.2117  C  0  0  0  0  0
    4.3290    2.5680   -1.0066  C  0  0  0  0  0
    3.1628    3.1274   -0.6778  C  0  0  0  0  0
    1.9813    2.9941   -1.3651  O  0  0  0  0  0
    1.9733    2.2132   -2.4985  C  0  0  0  0  0
    3.1238    1.5735   -2.9633  C  0  0  0  0  0
    3.0948    0.7927   -4.1270  C  0  0  0  0  0
    1.9082    0.6444   -4.8558  C  0  0  0  0  0
    0.7724    1.3078   -4.3801  C  0  0  0  0  0
    0.7679    2.0756   -3.1979  C  0  0  0  0  0
   -0.4300    1.2640   -5.1086  O  0  0  0  0  0
   -0.4398    0.7956   -6.4106  C  0  0  0  0  0
    0.6473   -0.1822   -6.7712  C  0  0  0  0  0
    1.7971   -0.2058   -6.0618  C  0  0  0  0  0
  1  6  1  0  0  0
  1  2  1  0  0  0
  2  3  2  0  0  0
  3  4  1  0  0  0
  4  5  1  0  0  0
  5 10  2  0  0  0
  5  6  1  0  0  0
  6  7  2  0  0  0
  7  8  1  0  0  0
  8 14  1  0  0  0
  8  9  2  0  0  0
  9 10  1  0  0  0
  9 11  1  0  0  0
 11 12  1  0  0  0
 12 13  1  0  0  0
 13 14  2  0  0  0
M  END
$$$$
c12c(C=CCO1)cc3c(OC=CC3)c2
  -ISIS-

 14 16  0  0  0  0  0  0  0  0  1
    4.3829    1.7271   -2.2117  C  0  0  0  0  0
    4.3290    2.5680   -1.0066  C  0  0  0  0  0
    3.1628    3.1274   -0.6778  C  0  0  0  0  0
    1.9813    2.9941   -1.3651  O  0  0  0  0  0
    1.9733    2.2132   -2.4985  C  0  0  0  0  0
    3.1238    1.5735   -2.9633  C  0  0  0  0  0
    3.0948    0.7927   -4.1270  C  0  0  0  0  0
    1.9082    0.6444   -4.8558  C  0  0  0  0  0
    0.7724    1.3078   -4.3801  C  0  0  0  0  0
    0.7679    2.0756   -3.1979  C  0  0  0  0  0
   -0.4300    1.2640   -5.1086  O  0  0  0  0  0
   -0.4398    0.7956   -6.4106  C  0  0  0  0  0
    0.6473   -0.1822   -6.7712  C  0  0  0  0  0
    1.7971   -0.2058   -6.0618  C  0  0  0  0  0
  1  6  1  0  0  0
  1  2  1  0  0  0
  2  3  2  0  0  0
  3  4  1  0  0  0
  4  5  1  0  0  0
  5 10  2  0  0  0
  5  6  1  0  0  0
  6  7  2  0  0  0
  7  8  1  0  0  0
  8 14  1  0  0  0
  8  9  2  0  0  0
  9 10  1  0  0  0
  9 11  1  0  0  0
 11 12  1  0  0  0
 12 13  1  0  0  0
 13 14  2  0  0  0
M  END
$$$$
c12c(C=CCO1)cc3c(OC=CC3)c2
  -ISIS-

 14 16  0  0  0  0  0  0  0  0  1
    6.0562    2.7254    0.9949  C  0  0  0  0  0
    6.2364    1.6836    2.0724  C  0  0  0  0  0
    6.3145    0.3740    1.8224  C  0  0  0  0  0
    6.2221   -0.0757    0.4393  C  0  0  0  0  0
    6.2980   -1.4353    0.0922  C  0  0  0  0  0
    6.2049   -1.8279   -1.2524  C  0  0  0  0  0
    6.0358   -0.8677   -2.2460  C  0  0  0  0  0
    5.9593    0.4820   -1.9091  C  0  0  0  0  0
    6.0524    0.8761   -0.5723  C  0  0  0  0  0
    5.9653    2.2221   -0.3541  O  0  0  0  0  0
    5.9388   -1.1800   -3.5776  O  0  0  0  0  0
    6.0100   -2.5049   -3.9312  C  0  0  0  0  0
    6.1610   -3.5509   -3.1042  C  0  0  0  0  0
    6.2826   -3.2439   -1.6530  C  0  0  0  0  0
  1 10  1  0  0  0
  1  2  1  0  0  0
  2  3  2  0  0  0
  3  4  1  0  0  0
  4  9  2  0  0  0
  4  5  1  0  0  0
  5  6  2  0  0  0
  6 14  1  0  0  0
  6  7  1  0  0  0
  7  8  2  0  0  0
  7 11  1  0  0  0
  8  9  1  0  0  0
  9 10  1  0  0  0
 11 12  1  0  0  0
 12 13  2  0  0  0
 13 14  1  0  0  0
M  END
$$$$
c12c(C=CCO1)cc3c(OC=CC3)c2
  -ISIS-

 14 16  0  0  0  0  0  0  0  0  1
    6.0562    2.7254    0.9949  C  0  0  0  0  0
    6.2364    1.6836    2.0724  C  0  0  0  0  0
    6.3145    0.3740    1.8224  C  0  0  0  0  0
    6.2221   -0.0757    0.4393  C  0  0  0  0  0
    6.2980   -1.4353    0.0922  C  0  0  0  0  0
    6.2049   -1.8279   -1.2524  C  0  0  0  0  0
    6.0358   -0.8677   -2.2460  C  0  0  0  0  0
    5.9593    0.4820   -1.9091  C  0  0  0  0  0
    6.0524    0.8761   -0.5723  C  0  0  0  0  0
    5.9653    2.2221   -0.3541  O  0  0  0  0  0
    5.9388   -1.1800   -3.5776  O  0  0  0  0  0
    6.0100   -2.5049   -3.9312  C  0  0  0  0  0
    6.1610   -3.5509   -3.1042  C  0  0  0  0  0
    6.2826   -3.2439   -1.6530  C  0  0  0  0  0
  1 10  1  0  0  0
  1  2  1  0  0  0
  2  3  2  0  0  0
  3  4  1  0  0  0
  4  9  2  0  0  0
  4  5  1  0  0  0
  5  6  2  0  0  0
  6 14  1  0  0  0
  6  7  1  0  0  0
  7  8  2  0  0  0
  7 11  1  0  0  0
  8  9  1  0  0  0
  9 10  1  0  0  0
 11 12  1  0  0  0
 12 13  2  0  0  0
 13 14  1  0  0  0
M  END
$$$$
c12c(C=CCO1)cc3c(OC=CC3)c2
  -ISIS-

 14 16  0  0  0  0  0  0  0  0  1
    6.0562    2.7254    0.9949  C  0  0  0  0  0
    6.2364    1.6836    2.0724  C  0  0  0  0  0
    6.3145    0.3740    1.8224  C  0  0  0  0  0
    6.2221   -0.0757    0.4393  C  0  0  0  0  0
    6.2980   -1.4353    0.0922  C  0  0  0  0  0
    6.2049   -1.8279   -1.2524  C  0  0  0  0  0
    6.0358   -0.8677   -2.2460  C  0  0  0  0  0
    5.9593    0.4820   -1.9091  C  0  0  0  0  0
    6.0524    0.8761   -0.5723  C  0  0  0  0  0
    5.9653    2.2221   -0.3541  O  0  0  0  0  0
    5.9388   -1.1800   -3.5776  O  0  0  0  0  0
    6.0100   -2.5049   -3.9312  C  0  0  0  0  0
    6.1610   -3.5509   -3.1042  C  0  0  0  0  0
    6.2826   -3.2439   -1.6530  C  0  0  0  0  0
  1 10  1  0  0  0
  1  2  1  0  0  0
  2  3  2  0  0  0
  3  4  1  0  0  0
  4  9  2  0  0  0
  4  5  1  0  0  0
  5  6  2  0  0  0
  6 14  1  0  0  0
  6  7  1  0  0  0
  7  8  2  0  0  0
  7 11  1  0  0  0
  8  9  1  0  0  0
  9 10  1  0  0  0
 11 12  1  0  0  0
 12 13  2  0  0  0
 13 14  1  0  0  0
M  END
$$$$
c12c(C=CCO1)cc3c(OC=CC3)c2
  -ISIS-

 14 16  0  0  0  0  0  0  0  0  1
    6.0562    2.7254    0.9949  C  0  0  0  0  0
    6.2364    1.6836    2.0724  C  0  0  0  0  0
    6.3145    0.3740    1.8224  C  0  0  0  0  0
    6.2221   -0.0757    0.4393  C  0  0  0  0  0
    6.2980   -1.4353    0.0922  C  0  0  0  0  0
    6.2049   -1.8279   -1.2524  C  0  0  0  0  0
    6.0358   -0.8677   -2.2460  C  0  0  0  0  0
    5.9593    0.4820   -1.9091  C  0  0  0  0  0
    6.0524    0.8761   -0.5723  C  0  0  0  0  0
    5.9653    2.2221   -0.3541  O  0  0  0  0  0
    5.9388   -1.1800   -3.5776  O  0  0  0  0  0
    6.0100   -2.5049   -3.9312  C  0  0  0  0  0
    6.1610   -3.5509   -3.1042  C  0  0  0  0  0
    6.2826   -3.2439   -1.6530  C  0  0  0  0  0
  1 10  1  0  0  0
  1  2  1  0  0  0
  2  3  2  0  0  0
  3  4  1  0  0  0
  4  9  2  0  0  0
  4  5  1  0  0  0
  5  6  2  0  0  0
  6 14  1  0  0  0
  6  7  1  0  0  0
  7  8  2  0  0  0
  7 11  1  0  0  0
  8  9  1  0  0  0
  9 10  1  0  0  0
 11 12  1  0  0  0
 12 13  2  0  0  0
 13 14  1  0  0  0
M  END
$$$$
c12c(C=CCO1)cc3c(OC=CC3)c2
  -ISIS-

 14 16  0  0  0  0  0  0  0  0  1
   -3.5668    8.2840   -4.5605  C  0  0  0  0  0
   -2.7321    7.2017   -5.1595  C  0  0  0  0  0
   -3.4298    6.1727   -5.9617  C  0  0  0  0  0
   -4.8131    6.2766   -6.0727  C  0  0  0  0  0
   -5.5481    7.2673   -5.4791  O  0  0  0  0  0
   -4.8983    8.2529   -4.7572  C  0  0  0  0  0
   -5.5376    5.3500   -6.8227  C  0  0  0  0  0
   -4.8800    4.3164   -7.4871  C  0  0  0  0  0
   -3.4903    4.1974   -7.4054  C  0  0  0  0  0
   -2.7678    5.1141   -6.6121  C  0  0  0  0  0
   -2.8342    3.1389   -8.1665  C  0  0  0  0  0
   -3.5951    2.2655   -8.8315  C  0  0  0  0  0
   -5.1034    2.3236   -8.8443  C  0  0  0  0  0
   -5.6837    3.4824   -8.2116  O  0  0  0  0  0
  1  6  2  0  0  0
  1  2  1  0  0  0
  2  3  1  0  0  0
  3 10  2  0  0  0
  3  4  2  0  0  0
  4  5  1  0  0  0
  4  7  2  0  0  0
  5  6  1  0  0  0
  7  8  1  0  0  0
  8 14  1  0  0  0
  8  9  2  0  0  0
  9 10  1  0  0  0
  9 11  1  0  0  0
 11 12  2  0  0  0
 12 13  1  0  0  0
 13 14  1  0  0  0
M  END
$$$$
c12c(C=CCO1)cc3c(OC=CC3)c2
  -ISIS-

 14 16  0  0  0  0  0  0  0  0  1
   -3.5668    8.2840   -4.5605  C  0  0  0  0  0
   -2.7321    7.2017   -5.1595  C  0  0  0  0  0
   -3.4298    6.1727   -5.9617  C  0  0  0  0  0
   -4.8131    6.2766   -6.0727  C  0  0  0  0  0
   -5.5481    7.2673   -5.4791  O  0  0  0  0  0
   -4.8983    8.2529   -4.7572  C  0  0  0  0  0
   -5.5376    5.3500   -6.8227  C  0  0  0  0  0
   -4.8800    4.3164   -7.4871  C  0  0  0  0  0
   -3.4903    4.1974   -7.4054  C  0  0  0  0  0
   -2.7678    5.1141   -6.6121  C  0  0  0  0  0
   -2.8342    3.1389   -8.1665  C  0  0  0  0  0
   -3.5951    2.2655   -8.8315  C  0  0  0  0  0
   -5.1034    2.3236   -8.8443  C  0  0  0  0  0
   -5.6837    3.4824   -8.2116  O  0  0  0  0  0
  1  6  2  0  0  0
  1  2  1  0  0  0
  2  3  1  0  0  0
  3 10  2  0  0  0
  3  4  2  0  0  0
  4  5  1  0  0  0
  4  7  2  0  0  0
  5  6  1  0  0  0
  7  8  1  0  0  0
  8 14  1  0  0  0
  8  9  2  0  0  0
  9 10  1  0  0  0
  9 11  1  0  0  0
 11 12  2  0  0  0
 12 13  1  0  0  0
 13 14  1  0  0  0
M  END
$$$$
c12c(C=CCO1)cc3c(OC=CC3)c2
  -ISIS-

 14 16  0  0  0  0  0  0  0  0  1
   -3.5668    8.2840   -4.5605  C  0  0  0  0  0
   -2.7321    7.2017   -5.1595  C  0  0  0  0  0
   -3.4298    6.1727   -5.9617  C  0  0  0  0  0
   -4.8131    6.2766   -6.0727  C  0  0  0  0  0
   -5.5481    7.2673   -5.4791  O  0  0  0  0  0
   -4.8983    8.2529   -4.7572  C  0  0  0  0  0
   -5.5376    5.3500   -6.8227  C  0  0  0  0  0
   -4.8800    4.3164   -7.4871  C  0  0  0  0  0
   -3.4903    4.1974   -7.4054  C  0  0  0  0  0
   -2.7678    5.1141   -6.6121  C  0  0  0  0  0
   -2.8342    3.1389   -8.1665  C  0  0  0  0  0
   -3.5951    2.2655   -8.8315  C  0  0  0  0  0
   -5.1034    2.3236   -8.8443  C  0  0  0  0  0
   -5.6837    3.4824   -8.2116  O  0  0  0  0  0
  1  6  2  0  0  0
  1  2  1  0  0  0
  2  3  1  0  0  0
  3 10  2  0  0  0
  3  4  2  0  0  0
  4  5  1  0  0  0
  4  7  2  0  0  0
  5  6  1  0  0  0
  7  8  1  0  0  0
  8 14  1  0  0  0
  8  9  2  0  0  0
  9 10  1  0  0  0
  9 11  1  0  0  0
 11 12  2  0  0  0
 12 13  1  0  0  0
 13 14  1  0  0  0
M  END
$$$$
c12c(C=CCO1)cc3c(OC=CC3)c2
  -ISIS-

 14 16  0  0  0  0  0  0  0  0  1
   -3.5668    8.2840   -4.5605  C  0  0  0  0  0
   -2.7321    7.2017   -5.1595  C  0  0  0  0  0
   -3.4298    6.1727   -5.9617  C  0  0  0  0  0
   -4.8131    6.2766   -6.0727  C  0  0  0  0  0
   -5.5481    7.2673   -5.4791  O  0  0  0  0  0
   -4.8983    8.2529   -4.7572  C  0  0  0  0  0
   -5.5376    5.3500   -6.8227  C  0  0  0  0  0
   -4.8800    4.3164   -7.4871  C  0  0  0  0  0
   -3.4903    4.1974   -7.4054  C  0  0  0  0  0
   -2.7678    5.1141   -6.6121  C  0  0  0  0  0
   -2.8342    3.1389   -8.1665  C  0  0  0  0  0
   -3.5951    2.2655   -8.8315  C  0  0  0  0  0
   -5.1034    2.3236   -8.8443  C  0  0  0  0  0
   -5.6837    3.4824   -8.2116  O  0  0  0  0  0
  1  6  2  0  0  0
  1  2  1  0  0  0
  2  3  1  0  0  0
  3 10  2  0  0  0
  3  4  2  0  0  0
  4  5  1  0  0  0
  4  7  2  0  0  0
  5  6  1  0  0  0
  7  8  1  0  0  0
  8 14  1  0  0  0
  8  9  2  0  0  0
  9 10  1  0  0  0
  9 11  1  0  0  0
 11 12  2  0  0  0
 12 13  1  0  0  0
 13 14  1  0  0  0
M  END
$$$$
c12c(C=CCO1)cc3c(OC=CC3)c2
  -ISIS-

 14 16  0  0  0  0  0  0  0  0  1
   -3.5668    8.2840   -4.5605  C  0  0  0  0  0
   -2.7321    7.2017   -5.1595  C  0  0  0  0  0
   -3.4298    6.1727   -5.9617  C  0  0  0  0  0
   -4.8131    6.2766   -6.0727  C  0  0  0  0  0
   -5.5481    7.2673   -5.4791  O  0  0  0  0  0
   -4.8983    8.2529   -4.7572  C  0  0  0  0  0
   -5.5376    5.3500   -6.8227  C  0  0  0  0  0
   -4.8800    4.3164   -7.4871  C  0  0  0  0  0
   -3.4903    4.1974   -7.4054  C  0  0  0  0  0
   -2.7678    5.1141   -6.6121  C  0  0  0  0  0
   -2.8342    3.1389   -8.1665  C  0  0  0  0  0
   -3.5951    2.2655   -8.8315  C  0  0  0  0  0
   -5.1034    2.3236   -8.8443  C  0  0  0  0  0
   -5.6837    3.4824   -8.2116  O  0  0  0  0  0
  1  6  2  0  0  0
  1  2  1  0  0  0
  2  3  1  0  0  0
  3 10  2  0  0  0
  3  4  2  0  0  0
  4  5  1  0  0  0
  4  7  2  0  0  0
  5  6  1  0  0  0
  7  8  1  0  0  0
  8 14  1  0  0  0
  8  9  2  0  0  0
  9 10  1  0  0  0
  9 11  1  0  0  0
 11 12  2  0  0  0
 12 13  1  0  0  0
 13 14  1  0  0  0
M  END
$$$$
