C12c3c(SCC1CSc4c(N=2)cccc4)cccc3
  -ISIS-

 19 22  0  0  0  0  0  0  0  0  1
    5.4244   -2.6994   -0.6748  C  0  0  0  0  0
    5.9112   -3.2171   -2.0273  C  0  0  0  0  0
    5.7566   -4.6978   -2.4057  C  0  0  0  0  0
    6.5128   -5.7584   -1.1257  S  0  0  0  0  0
    5.1378   -5.8123   -0.0031  C  0  0  0  0  0
    4.4720   -4.6706    0.4633  C  0  0  0  0  0
    4.8391   -3.3330    0.2923  N  0  0  0  0  0
    3.3585   -4.8589    1.3017  C  0  0  0  0  0
    2.9071   -6.1297    1.6622  C  0  0  0  0  0
    3.5791   -7.2511    1.1988  C  0  0  0  0  0
    4.6905   -7.0922    0.3732  C  0  0  0  0  0
    5.3521   -2.3245   -3.1402  C  0  0  0  0  0
    6.1762   -0.7120   -3.1397  S  0  0  0  0  0
    6.0378   -0.3158   -1.4073  C  0  0  0  0  0
    6.2995    1.0211   -1.0609  C  0  0  0  0  0
    6.2124    1.4533    0.2627  C  0  0  0  0  0
    5.8643    0.5521    1.2602  C  0  0  0  0  0
    5.6081   -0.7795    0.9316  C  0  0  0  0  0
    5.6936   -1.2310   -0.4004  C  0  0  0  0  0
  1  7  2  0  0  0
  1 19  1  0  0  0
  1  2  1  0  0  0
  2  3  1  0  0  0
  2 12  1  0  0  0
  3  4  1  0  0  0
  4  5  1  0  0  0
  5 11  2  0  0  0
  5  6  1  0  0  0
  6  7  1  0  0  0
  6  8  2  0  0  0
  8  9  1  0  0  0
  9 10  2  0  0  0
 10 11  1  0  0  0
 12 13  1  0  0  0
 13 14  1  0  0  0
 14 19  2  0  0  0
 14 15  1  0  0  0
 15 16  2  0  0  0
 16 17  1  0  0  0
 17 18  2  0  0  0
 18 19  1  0  0  0
M  END
$$$$
