c12c(cccc1)CCN3C2CCC4C3CCCC4
  -ISIS-

 18 21  0  0  0  0  0  0  0  0  1
    5.1988   -7.1125    0.3579  C  0  0  0  0  0
    6.1195   -6.2179    1.1531  C  0  0  0  0  0
    5.3056   -5.1511    1.8658  C  0  0  0  0  0
    4.4296   -4.3700    0.8865  C  0  0  0  0  0
    3.4903   -5.3050    0.1124  C  0  0  0  0  0
    4.2441   -6.4218   -0.6112  C  0  0  0  0  0
    3.2582   -7.4265   -1.2242  C  0  0  0  0  0
    1.9774   -6.7806   -1.7551  C  0  0  0  0  0
    2.2061   -5.3188   -2.1489  C  0  0  0  0  0
    2.5606   -4.5507   -0.8556  N  0  0  0  0  0
    2.9082   -3.1242   -1.2417  C  0  0  0  0  0
    1.6631   -2.4241   -1.7858  C  0  0  0  0  0
    0.8494   -3.2594   -2.7400  C  0  0  0  0  0
    1.0666   -4.6429   -2.8924  C  0  0  0  0  0
    0.2642   -5.3383   -3.8134  C  0  0  0  0  0
   -0.7562   -4.6947   -4.5262  C  0  0  0  0  0
   -0.9872   -3.3367   -4.3466  C  0  0  0  0  0
   -0.1825   -2.6280   -3.4554  C  0  0  0  0  0
  1  6  1  0  0  0
  1  2  1  0  0  0
  2  3  1  0  0  0
  3  4  1  0  0  0
  4  5  1  0  0  0
  5 10  1  0  0  0
  5  6  1  0  0  0
  6  7  1  0  0  0
  7  8  1  0  0  0
  8  9  1  0  0  0
  9 14  1  0  0  0
  9 10  1  0  0  0
 10 11  1  0  0  0
 11 12  1  0  0  0
 12 13  1  0  0  0
 13 18  2  0  0  0
 13 14  1  0  0  0
 14 15  2  0  0  0
 15 16  1  0  0  0
 16 17  2  0  0  0
 17 18  1  0  0  0
M  END
$$$$
