C12c3c(cccc3)NC1NNCC=2
  -ISIS-

 13 15  0  0  0  0  0  0  0  0  1
   -4.7070    4.1539   -0.6644  N  0  0  0  0  0
   -3.6347    4.3348    0.2761  N  0  0  0  0  0
   -3.5463    3.2988    1.3016  C  0  0  0  0  0
   -3.3445    1.9813    0.6041  C  0  0  0  0  0
   -3.9112    1.8246   -0.6008  C  0  0  0  0  0
   -4.8354    2.8366   -1.2519  C  0  0  0  0  0
   -4.4674    2.8179   -2.6692  N  0  0  0  0  0
   -3.9886    1.4853   -2.8411  C  0  0  0  0  0
   -3.7680    0.8631   -4.0561  C  0  0  0  0  0
   -3.2034   -0.4165   -4.0514  C  0  0  0  0  0
   -2.8429   -1.0404   -2.8440  C  0  0  0  0  0
   -3.0342   -0.3923   -1.6213  C  0  0  0  0  0
   -3.6040    0.8668   -1.6420  C  0  0  0  0  0
  1  6  1  0  0  0
  1  2  1  0  0  0
  2  3  1  0  0  0
  3  4  1  0  0  0
  4  5  2  0  0  0
  5 13  1  0  0  0
  5  6  1  0  0  0
  6  7  1  0  0  0
  7  8  1  0  0  0
  8 13  2  0  0  0
  8  9  1  0  0  0
  9 10  2  0  0  0
 10 11  1  0  0  0
 11 12  2  0  0  0
 12 13  1  0  0  0
M  END
$$$$
