C12C(CNN1)CNC2
  -ISIS-

  8  9  0  0  0  0  0  0  0  0  1
   -4.4879   -2.3203    1.5651  C  0  0  0  0  0
   -4.5831   -0.9658    1.3359  N  0  0  0  0  0
   -3.5609   -0.2689    1.9563  C  0  0  0  0  0
   -2.6650   -1.3411    2.4933  C  0  0  0  0  0
   -3.6684   -2.4244    2.8036  C  0  0  0  0  0
   -2.7561   -3.5397    3.2099  C  0  0  0  0  0
   -1.6996   -2.8148    3.9930  N  0  0  0  0  0
   -1.8266   -1.3271    3.6854  N  0  0  0  0  0
  1  5  1  0  0  0
  1  2  1  0  0  0
  2  3  1  0  0  0
  3  4  1  0  0  0
  4  8  1  0  0  0
  4  5  1  0  0  0
  5  6  1  0  0  0
  6  7  1  0  0  0
  7  8  1  0  0  0
M  END
$$$$
