C12c3c(cccc3)CC=1CNCN2
  -ISIS-

 13 15  0  0  0  0  0  0  0  0  1
   -0.5316    3.4033   -1.0781  C  0  0  0  0  0
    0.8973    3.4020   -0.7391  C  0  0  0  0  0
    1.4025    4.7285   -1.1066  C  0  0  0  0  0
    2.6757    5.2495   -0.9777  C  0  0  0  0  0
    2.8747    6.5559   -1.4259  C  0  0  0  0  0
    1.8120    7.2928   -1.9842  C  0  0  0  0  0
    0.5312    6.7370   -2.1050  C  0  0  0  0  0
    0.3385    5.4425   -1.6578  C  0  0  0  0  0
   -0.8221    4.5808   -1.6357  C  0  0  0  0  0
   -2.0663    4.8442   -2.1094  N  0  0  0  0  0
   -3.0554    3.8989   -2.1159  C  0  0  0  0  0
   -2.7506    2.6679   -1.6082  N  0  0  0  0  0
   -1.5108    2.3153   -0.9001  C  0  0  0  0  0
  1  9  2  0  0  0
  1 13  1  0  0  0
  1  2  1  0  0  0
  2  3  1  0  0  0
  3  8  2  0  0  0
  3  4  1  0  0  0
  4  5  2  0  0  0
  5  6  1  0  0  0
  6  7  2  0  0  0
  7  8  1  0  0  0
  8  9  1  0  0  0
  9 10  1  0  0  0
 10 11  1  0  0  0
 11 12  1  0  0  0
 12 13  1  0  0  0
M  END
$$$$
C12c3c(cccc3)CC=1CNCN2
  -ISIS-

 13 15  0  0  0  0  0  0  0  0  1
   -0.5316    3.4033   -1.0781  C  0  0  0  0  0
    0.8973    3.4020   -0.7391  C  0  0  0  0  0
    1.4025    4.7285   -1.1066  C  0  0  0  0  0
    2.6757    5.2495   -0.9777  C  0  0  0  0  0
    2.8747    6.5559   -1.4259  C  0  0  0  0  0
    1.8120    7.2928   -1.9842  C  0  0  0  0  0
    0.5312    6.7370   -2.1050  C  0  0  0  0  0
    0.3385    5.4425   -1.6578  C  0  0  0  0  0
   -0.8221    4.5808   -1.6357  C  0  0  0  0  0
   -2.0663    4.8442   -2.1094  N  0  0  0  0  0
   -3.0554    3.8989   -2.1159  C  0  0  0  0  0
   -2.7506    2.6679   -1.6082  N  0  0  0  0  0
   -1.5108    2.3153   -0.9001  C  0  0  0  0  0
  1  9  2  0  0  0
  1 13  1  0  0  0
  1  2  1  0  0  0
  2  3  1  0  0  0
  3  8  2  0  0  0
  3  4  1  0  0  0
  4  5  2  0  0  0
  5  6  1  0  0  0
  6  7  2  0  0  0
  7  8  1  0  0  0
  8  9  1  0  0  0
  9 10  1  0  0  0
 10 11  1  0  0  0
 11 12  1  0  0  0
 12 13  1  0  0  0
M  END
$$$$
C12c3c(cccc3)CC=1CNCN2
  -ISIS-

 13 15  0  0  0  0  0  0  0  0  1
   -0.5316    3.4033   -1.0781  C  0  0  0  0  0
    0.8973    3.4020   -0.7391  C  0  0  0  0  0
    1.4025    4.7285   -1.1066  C  0  0  0  0  0
    2.6757    5.2495   -0.9777  C  0  0  0  0  0
    2.8747    6.5559   -1.4259  C  0  0  0  0  0
    1.8120    7.2928   -1.9842  C  0  0  0  0  0
    0.5312    6.7370   -2.1050  C  0  0  0  0  0
    0.3385    5.4425   -1.6578  C  0  0  0  0  0
   -0.8221    4.5808   -1.6357  C  0  0  0  0  0
   -2.0663    4.8442   -2.1094  N  0  0  0  0  0
   -3.0554    3.8989   -2.1159  C  0  0  0  0  0
   -2.7506    2.6679   -1.6082  N  0  0  0  0  0
   -1.5108    2.3153   -0.9001  C  0  0  0  0  0
  1  9  2  0  0  0
  1 13  1  0  0  0
  1  2  1  0  0  0
  2  3  1  0  0  0
  3  8  2  0  0  0
  3  4  1  0  0  0
  4  5  2  0  0  0
  5  6  1  0  0  0
  6  7  2  0  0  0
  7  8  1  0  0  0
  8  9  1  0  0  0
  9 10  1  0  0  0
 10 11  1  0  0  0
 11 12  1  0  0  0
 12 13  1  0  0  0
M  END
$$$$
C12c3c(cccc3)CC=1CNCN2
  -ISIS-

 13 15  0  0  0  0  0  0  0  0  1
   -2.3689   -2.1277    3.5039  C  0  0  0  0  0
   -2.4690   -0.8172    4.1589  C  0  0  0  0  0
   -1.8375    0.1417    3.2471  C  0  0  0  0  0
   -1.6815    1.5080    3.3809  C  0  0  0  0  0
   -1.0253    2.1753    2.3460  C  0  0  0  0  0
   -0.5490    1.4685    1.2245  C  0  0  0  0  0
   -0.7197    0.0816    1.1172  C  0  0  0  0  0
   -1.3720   -0.5751    2.1447  C  0  0  0  0  0
   -1.7066   -1.9657    2.3563  C  0  0  0  0  0
   -1.4133   -3.0253    1.5609  N  0  0  0  0  0
   -1.7090   -4.3103    1.9254  C  0  0  0  0  0
   -2.3343   -4.4948    3.1257  N  0  0  0  0  0
   -2.8556   -3.4299    3.9951  C  0  0  0  0  0
  1  9  2  0  0  0
  1 13  1  0  0  0
  1  2  1  0  0  0
  2  3  1  0  0  0
  3  8  2  0  0  0
  3  4  1  0  0  0
  4  5  2  0  0  0
  5  6  1  0  0  0
  6  7  2  0  0  0
  7  8  1  0  0  0
  8  9  1  0  0  0
  9 10  1  0  0  0
 10 11  1  0  0  0
 11 12  1  0  0  0
 12 13  1  0  0  0
M  END
$$$$
C12c3c(cccc3)CC=1CNCN2
  -ISIS-

 13 15  0  0  0  0  0  0  0  0  1
   -2.3689   -2.1277    3.5039  C  0  0  0  0  0
   -2.4690   -0.8172    4.1589  C  0  0  0  0  0
   -1.8375    0.1417    3.2471  C  0  0  0  0  0
   -1.6815    1.5080    3.3809  C  0  0  0  0  0
   -1.0253    2.1753    2.3460  C  0  0  0  0  0
   -0.5490    1.4685    1.2245  C  0  0  0  0  0
   -0.7197    0.0816    1.1172  C  0  0  0  0  0
   -1.3720   -0.5751    2.1447  C  0  0  0  0  0
   -1.7066   -1.9657    2.3563  C  0  0  0  0  0
   -1.4133   -3.0253    1.5609  N  0  0  0  0  0
   -1.7090   -4.3103    1.9254  C  0  0  0  0  0
   -2.3343   -4.4948    3.1257  N  0  0  0  0  0
   -2.8556   -3.4299    3.9951  C  0  0  0  0  0
  1  9  2  0  0  0
  1 13  1  0  0  0
  1  2  1  0  0  0
  2  3  1  0  0  0
  3  8  2  0  0  0
  3  4  1  0  0  0
  4  5  2  0  0  0
  5  6  1  0  0  0
  6  7  2  0  0  0
  7  8  1  0  0  0
  8  9  1  0  0  0
  9 10  1  0  0  0
 10 11  1  0  0  0
 11 12  1  0  0  0
 12 13  1  0  0  0
M  END
$$$$
C12c3c(cccc3)CC=1CNCN2
  -ISIS-

 13 15  0  0  0  0  0  0  0  0  1
   -2.3689   -2.1277    3.5039  C  0  0  0  0  0
   -2.4690   -0.8172    4.1589  C  0  0  0  0  0
   -1.8375    0.1417    3.2471  C  0  0  0  0  0
   -1.6815    1.5080    3.3809  C  0  0  0  0  0
   -1.0253    2.1753    2.3460  C  0  0  0  0  0
   -0.5490    1.4685    1.2245  C  0  0  0  0  0
   -0.7197    0.0816    1.1172  C  0  0  0  0  0
   -1.3720   -0.5751    2.1447  C  0  0  0  0  0
   -1.7066   -1.9657    2.3563  C  0  0  0  0  0
   -1.4133   -3.0253    1.5609  N  0  0  0  0  0
   -1.7090   -4.3103    1.9254  C  0  0  0  0  0
   -2.3343   -4.4948    3.1257  N  0  0  0  0  0
   -2.8556   -3.4299    3.9951  C  0  0  0  0  0
  1  9  2  0  0  0
  1 13  1  0  0  0
  1  2  1  0  0  0
  2  3  1  0  0  0
  3  8  2  0  0  0
  3  4  1  0  0  0
  4  5  2  0  0  0
  5  6  1  0  0  0
  6  7  2  0  0  0
  7  8  1  0  0  0
  8  9  1  0  0  0
  9 10  1  0  0  0
 10 11  1  0  0  0
 11 12  1  0  0  0
 12 13  1  0  0  0
M  END
$$$$
C12c3c(cccc3)CC=1CNCN2
  -ISIS-

 13 15  0  0  0  0  0  0  0  0  1
   -2.5235    0.0796    6.3914  C  0  0  0  0  0
   -2.7227    1.2893    5.5828  C  0  0  0  0  0
   -1.4023    1.6457    5.0541  C  0  0  0  0  0
   -1.0420    2.6889    4.2229  C  0  0  0  0  0
    0.3074    2.7919    3.8830  C  0  0  0  0  0
    1.2450    1.8647    4.3782  C  0  0  0  0  0
    0.8507    0.8176    5.2222  C  0  0  0  0  0
   -0.4881    0.7187    5.5546  C  0  0  0  0  0
   -1.2207   -0.2112    6.3844  C  0  0  0  0  0
   -0.7310   -1.2522    7.1042  N  0  0  0  0  0
   -1.5247   -2.0003    7.9303  C  0  0  0  0  0
   -2.8486   -1.6706    7.9968  N  0  0  0  0  0
   -3.5337   -0.6949    7.1356  C  0  0  0  0  0
  1  9  2  0  0  0
  1 13  1  0  0  0
  1  2  1  0  0  0
  2  3  1  0  0  0
  3  8  2  0  0  0
  3  4  1  0  0  0
  4  5  2  0  0  0
  5  6  1  0  0  0
  6  7  2  0  0  0
  7  8  1  0  0  0
  8  9  1  0  0  0
  9 10  1  0  0  0
 10 11  1  0  0  0
 11 12  1  0  0  0
 12 13  1  0  0  0
M  END
$$$$
C12c3c(cccc3)CC=1CNCN2
  -ISIS-

 13 15  0  0  0  0  0  0  0  0  1
   -2.5235    0.0796    6.3914  C  0  0  0  0  0
   -2.7227    1.2893    5.5828  C  0  0  0  0  0
   -1.4023    1.6457    5.0541  C  0  0  0  0  0
   -1.0420    2.6889    4.2229  C  0  0  0  0  0
    0.3074    2.7919    3.8830  C  0  0  0  0  0
    1.2450    1.8647    4.3782  C  0  0  0  0  0
    0.8507    0.8176    5.2222  C  0  0  0  0  0
   -0.4881    0.7187    5.5546  C  0  0  0  0  0
   -1.2207   -0.2112    6.3844  C  0  0  0  0  0
   -0.7310   -1.2522    7.1042  N  0  0  0  0  0
   -1.5247   -2.0003    7.9303  C  0  0  0  0  0
   -2.8486   -1.6706    7.9968  N  0  0  0  0  0
   -3.5337   -0.6949    7.1356  C  0  0  0  0  0
  1  9  2  0  0  0
  1 13  1  0  0  0
  1  2  1  0  0  0
  2  3  1  0  0  0
  3  8  2  0  0  0
  3  4  1  0  0  0
  4  5  2  0  0  0
  5  6  1  0  0  0
  6  7  2  0  0  0
  7  8  1  0  0  0
  8  9  1  0  0  0
  9 10  1  0  0  0
 10 11  1  0  0  0
 11 12  1  0  0  0
 12 13  1  0  0  0
M  END
$$$$
C12c3c(cccc3)CC=1CNCN2
  -ISIS-

 13 15  0  0  0  0  0  0  0  0  1
   -2.5235    0.0796    6.3914  C  0  0  0  0  0
   -2.7227    1.2893    5.5828  C  0  0  0  0  0
   -1.4023    1.6457    5.0541  C  0  0  0  0  0
   -1.0420    2.6889    4.2229  C  0  0  0  0  0
    0.3074    2.7919    3.8830  C  0  0  0  0  0
    1.2450    1.8647    4.3782  C  0  0  0  0  0
    0.8507    0.8176    5.2222  C  0  0  0  0  0
   -0.4881    0.7187    5.5546  C  0  0  0  0  0
   -1.2207   -0.2112    6.3844  C  0  0  0  0  0
   -0.7310   -1.2522    7.1042  N  0  0  0  0  0
   -1.5247   -2.0003    7.9303  C  0  0  0  0  0
   -2.8486   -1.6706    7.9968  N  0  0  0  0  0
   -3.5337   -0.6949    7.1356  C  0  0  0  0  0
  1  9  2  0  0  0
  1 13  1  0  0  0
  1  2  1  0  0  0
  2  3  1  0  0  0
  3  8  2  0  0  0
  3  4  1  0  0  0
  4  5  2  0  0  0
  5  6  1  0  0  0
  6  7  2  0  0  0
  7  8  1  0  0  0
  8  9  1  0  0  0
  9 10  1  0  0  0
 10 11  1  0  0  0
 11 12  1  0  0  0
 12 13  1  0  0  0
M  END
$$$$
C12c3c(cccc3)CC=1CNCN2
  -ISIS-

 13 15  0  0  0  0  0  0  0  0  1
   -6.0192   -1.9161    3.1573  C  0  0  0  0  0
   -4.8907   -2.7425    2.7096  C  0  0  0  0  0
   -4.1740   -3.1426    3.9246  C  0  0  0  0  0
   -3.0521   -3.9375    4.0602  C  0  0  0  0  0
   -2.5753   -4.1458    5.3549  C  0  0  0  0  0
   -3.2223   -3.5606    6.4608  C  0  0  0  0  0
   -4.3575   -2.7563    6.2926  C  0  0  0  0  0
   -4.8272   -2.5542    5.0075  C  0  0  0  0  0
   -5.9420   -1.7967    4.4845  C  0  0  0  0  0
   -6.8263   -1.0306    5.1721  N  0  0  0  0  0
   -7.7832   -0.2835    4.5411  C  0  0  0  0  0
   -7.8303   -0.3457    3.1773  N  0  0  0  0  0
   -7.0585   -1.2711    2.3340  C  0  0  0  0  0
  1  9  2  0  0  0
  1 13  1  0  0  0
  1  2  1  0  0  0
  2  3  1  0  0  0
  3  8  2  0  0  0
  3  4  1  0  0  0
  4  5  2  0  0  0
  5  6  1  0  0  0
  6  7  2  0  0  0
  7  8  1  0  0  0
  8  9  1  0  0  0
  9 10  1  0  0  0
 10 11  1  0  0  0
 11 12  1  0  0  0
 12 13  1  0  0  0
M  END
$$$$
C12c3c(cccc3)CC=1CNCN2
  -ISIS-

 13 15  0  0  0  0  0  0  0  0  1
   -6.0192   -1.9161    3.1573  C  0  0  0  0  0
   -4.8907   -2.7425    2.7096  C  0  0  0  0  0
   -4.1740   -3.1426    3.9246  C  0  0  0  0  0
   -3.0521   -3.9375    4.0602  C  0  0  0  0  0
   -2.5753   -4.1458    5.3549  C  0  0  0  0  0
   -3.2223   -3.5606    6.4608  C  0  0  0  0  0
   -4.3575   -2.7563    6.2926  C  0  0  0  0  0
   -4.8272   -2.5542    5.0075  C  0  0  0  0  0
   -5.9420   -1.7967    4.4845  C  0  0  0  0  0
   -6.8263   -1.0306    5.1721  N  0  0  0  0  0
   -7.7832   -0.2835    4.5411  C  0  0  0  0  0
   -7.8303   -0.3457    3.1773  N  0  0  0  0  0
   -7.0585   -1.2711    2.3340  C  0  0  0  0  0
  1  9  2  0  0  0
  1 13  1  0  0  0
  1  2  1  0  0  0
  2  3  1  0  0  0
  3  8  2  0  0  0
  3  4  1  0  0  0
  4  5  2  0  0  0
  5  6  1  0  0  0
  6  7  2  0  0  0
  7  8  1  0  0  0
  8  9  1  0  0  0
  9 10  1  0  0  0
 10 11  1  0  0  0
 11 12  1  0  0  0
 12 13  1  0  0  0
M  END
$$$$
C12c3c(cccc3)CC=1CNCN2
  -ISIS-

 13 15  0  0  0  0  0  0  0  0  1
   -6.0192   -1.9161    3.1573  C  0  0  0  0  0
   -4.8907   -2.7425    2.7096  C  0  0  0  0  0
   -4.1740   -3.1426    3.9246  C  0  0  0  0  0
   -3.0521   -3.9375    4.0602  C  0  0  0  0  0
   -2.5753   -4.1458    5.3549  C  0  0  0  0  0
   -3.2223   -3.5606    6.4608  C  0  0  0  0  0
   -4.3575   -2.7563    6.2926  C  0  0  0  0  0
   -4.8272   -2.5542    5.0075  C  0  0  0  0  0
   -5.9420   -1.7967    4.4845  C  0  0  0  0  0
   -6.8263   -1.0306    5.1721  N  0  0  0  0  0
   -7.7832   -0.2835    4.5411  C  0  0  0  0  0
   -7.8303   -0.3457    3.1773  N  0  0  0  0  0
   -7.0585   -1.2711    2.3340  C  0  0  0  0  0
  1  9  2  0  0  0
  1 13  1  0  0  0
  1  2  1  0  0  0
  2  3  1  0  0  0
  3  8  2  0  0  0
  3  4  1  0  0  0
  4  5  2  0  0  0
  5  6  1  0  0  0
  6  7  2  0  0  0
  7  8  1  0  0  0
  8  9  1  0  0  0
  9 10  1  0  0  0
 10 11  1  0  0  0
 11 12  1  0  0  0
 12 13  1  0  0  0
M  END
$$$$
