c12c(cccc1)CCCCCC2
  -ISIS-

 12 13  0  0  0  0  0  0  0  0  1
    5.1129    0.0447    8.9735  C  0  0  0  0  0
    6.0502   -0.9539    8.6278  C  0  0  0  0  0
    5.9035   -1.6014    7.3798  C  0  0  0  0  0
    4.9101   -1.1996    6.4453  C  0  0  0  0  0
    4.8355   -1.8850    5.0854  C  0  0  0  0  0
    3.8917   -3.0870    5.0374  C  0  0  0  0  0
    2.4074   -2.7484    4.8659  C  0  0  0  0  0
    1.7424   -2.1551    6.1073  C  0  0  0  0  0
    1.5794   -0.6332    6.0797  C  0  0  0  0  0
    2.8525    0.1855    5.8562  C  0  0  0  0  0
    3.9877   -0.1794    6.8027  C  0  0  0  0  0
    4.0893    0.4489    8.0765  C  0  0  0  0  0
  1 12  2  0  0  0
  1  2  1  0  0  0
  2  3  2  0  0  0
  3  4  1  0  0  0
  4 11  2  0  0  0
  4  5  1  0  0  0
  5  6  1  0  0  0
  6  7  1  0  0  0
  7  8  1  0  0  0
  8  9  1  0  0  0
  9 10  1  0  0  0
 10 11  1  0  0  0
 11 12  1  0  0  0
M  END
$$$$
c12c(cccc1)CCCCCC2
  -ISIS-

 12 13  0  0  0  0  0  0  0  0  1
    5.1129    0.0447    8.9735  C  0  0  0  0  0
    6.0502   -0.9539    8.6278  C  0  0  0  0  0
    5.9035   -1.6014    7.3798  C  0  0  0  0  0
    4.9101   -1.1996    6.4453  C  0  0  0  0  0
    4.8355   -1.8850    5.0854  C  0  0  0  0  0
    3.8917   -3.0870    5.0374  C  0  0  0  0  0
    2.4074   -2.7484    4.8659  C  0  0  0  0  0
    1.7424   -2.1551    6.1073  C  0  0  0  0  0
    1.5794   -0.6332    6.0797  C  0  0  0  0  0
    2.8525    0.1855    5.8562  C  0  0  0  0  0
    3.9877   -0.1794    6.8027  C  0  0  0  0  0
    4.0893    0.4489    8.0765  C  0  0  0  0  0
  1 12  2  0  0  0
  1  2  1  0  0  0
  2  3  2  0  0  0
  3  4  1  0  0  0
  4 11  2  0  0  0
  4  5  1  0  0  0
  5  6  1  0  0  0
  6  7  1  0  0  0
  7  8  1  0  0  0
  8  9  1  0  0  0
  9 10  1  0  0  0
 10 11  1  0  0  0
 11 12  1  0  0  0
M  END
$$$$
c12c(cccc1)CCCCCC2
  -ISIS-

 12 13  0  0  0  0  0  0  0  0  1
    5.1129    0.0447    8.9735  C  0  0  0  0  0
    6.0502   -0.9539    8.6278  C  0  0  0  0  0
    5.9035   -1.6014    7.3798  C  0  0  0  0  0
    4.9101   -1.1996    6.4453  C  0  0  0  0  0
    4.8355   -1.8850    5.0854  C  0  0  0  0  0
    3.8917   -3.0870    5.0374  C  0  0  0  0  0
    2.4074   -2.7484    4.8659  C  0  0  0  0  0
    1.7424   -2.1551    6.1073  C  0  0  0  0  0
    1.5794   -0.6332    6.0797  C  0  0  0  0  0
    2.8525    0.1855    5.8562  C  0  0  0  0  0
    3.9877   -0.1794    6.8027  C  0  0  0  0  0
    4.0893    0.4489    8.0765  C  0  0  0  0  0
  1 12  2  0  0  0
  1  2  1  0  0  0
  2  3  2  0  0  0
  3  4  1  0  0  0
  4 11  2  0  0  0
  4  5  1  0  0  0
  5  6  1  0  0  0
  6  7  1  0  0  0
  7  8  1  0  0  0
  8  9  1  0  0  0
  9 10  1  0  0  0
 10 11  1  0  0  0
 11 12  1  0  0  0
M  END
$$$$
c12c(cccc1)CCCCCC2
  -ISIS-

 12 13  0  0  0  0  0  0  0  0  1
    5.1129    0.0447    8.9735  C  0  0  0  0  0
    6.0502   -0.9539    8.6278  C  0  0  0  0  0
    5.9035   -1.6014    7.3798  C  0  0  0  0  0
    4.9101   -1.1996    6.4453  C  0  0  0  0  0
    4.8355   -1.8850    5.0854  C  0  0  0  0  0
    3.8917   -3.0870    5.0374  C  0  0  0  0  0
    2.4074   -2.7484    4.8659  C  0  0  0  0  0
    1.7424   -2.1551    6.1073  C  0  0  0  0  0
    1.5794   -0.6332    6.0797  C  0  0  0  0  0
    2.8525    0.1855    5.8562  C  0  0  0  0  0
    3.9877   -0.1794    6.8027  C  0  0  0  0  0
    4.0893    0.4489    8.0765  C  0  0  0  0  0
  1 12  2  0  0  0
  1  2  1  0  0  0
  2  3  2  0  0  0
  3  4  1  0  0  0
  4 11  2  0  0  0
  4  5  1  0  0  0
  5  6  1  0  0  0
  6  7  1  0  0  0
  7  8  1  0  0  0
  8  9  1  0  0  0
  9 10  1  0  0  0
 10 11  1  0  0  0
 11 12  1  0  0  0
M  END
$$$$
c12c(cccc1)CCCCCC2
  -ISIS-

 12 13  0  0  0  0  0  0  0  0  1
    2.6891   -3.4206   -2.3437  C  0  0  0  0  0
    3.1704   -4.6501   -2.8457  C  0  0  0  0  0
    4.5213   -4.7172   -3.2542  C  0  0  0  0  0
    5.3529   -3.5648   -3.2625  C  0  0  0  0  0
    6.8061   -3.6882   -3.6962  C  0  0  0  0  0
    7.7386   -4.1040   -2.5582  C  0  0  0  0  0
    7.6837   -3.2377   -1.2970  C  0  0  0  0  0
    7.8856   -1.7421   -1.5419  C  0  0  0  0  0
    6.5930   -0.9189   -1.5565  C  0  0  0  0  0
    5.7162   -1.0748   -2.8017  C  0  0  0  0  0
    4.8374   -2.3216   -2.8085  C  0  0  0  0  0
    3.4969   -2.2527   -2.3314  C  0  0  0  0  0
  1 12  2  0  0  0
  1  2  1  0  0  0
  2  3  2  0  0  0
  3  4  1  0  0  0
  4 11  2  0  0  0
  4  5  1  0  0  0
  5  6  1  0  0  0
  6  7  1  0  0  0
  7  8  1  0  0  0
  8  9  1  0  0  0
  9 10  1  0  0  0
 10 11  1  0  0  0
 11 12  1  0  0  0
M  END
$$$$
c12c(cccc1)CCCCCC2
  -ISIS-

 12 13  0  0  0  0  0  0  0  0  1
    2.6891   -3.4206   -2.3437  C  0  0  0  0  0
    3.1704   -4.6501   -2.8457  C  0  0  0  0  0
    4.5213   -4.7172   -3.2542  C  0  0  0  0  0
    5.3529   -3.5648   -3.2625  C  0  0  0  0  0
    6.8061   -3.6882   -3.6962  C  0  0  0  0  0
    7.7386   -4.1040   -2.5582  C  0  0  0  0  0
    7.6837   -3.2377   -1.2970  C  0  0  0  0  0
    7.8856   -1.7421   -1.5419  C  0  0  0  0  0
    6.5930   -0.9189   -1.5565  C  0  0  0  0  0
    5.7162   -1.0748   -2.8017  C  0  0  0  0  0
    4.8374   -2.3216   -2.8085  C  0  0  0  0  0
    3.4969   -2.2527   -2.3314  C  0  0  0  0  0
  1 12  2  0  0  0
  1  2  1  0  0  0
  2  3  2  0  0  0
  3  4  1  0  0  0
  4 11  2  0  0  0
  4  5  1  0  0  0
  5  6  1  0  0  0
  6  7  1  0  0  0
  7  8  1  0  0  0
  8  9  1  0  0  0
  9 10  1  0  0  0
 10 11  1  0  0  0
 11 12  1  0  0  0
M  END
$$$$
c12c(cccc1)CCCCCC2
  -ISIS-

 12 13  0  0  0  0  0  0  0  0  1
    2.6891   -3.4206   -2.3437  C  0  0  0  0  0
    3.1704   -4.6501   -2.8457  C  0  0  0  0  0
    4.5213   -4.7172   -3.2542  C  0  0  0  0  0
    5.3529   -3.5648   -3.2625  C  0  0  0  0  0
    6.8061   -3.6882   -3.6962  C  0  0  0  0  0
    7.7386   -4.1040   -2.5582  C  0  0  0  0  0
    7.6837   -3.2377   -1.2970  C  0  0  0  0  0
    7.8856   -1.7421   -1.5419  C  0  0  0  0  0
    6.5930   -0.9189   -1.5565  C  0  0  0  0  0
    5.7162   -1.0748   -2.8017  C  0  0  0  0  0
    4.8374   -2.3216   -2.8085  C  0  0  0  0  0
    3.4969   -2.2527   -2.3314  C  0  0  0  0  0
  1 12  2  0  0  0
  1  2  1  0  0  0
  2  3  2  0  0  0
  3  4  1  0  0  0
  4 11  2  0  0  0
  4  5  1  0  0  0
  5  6  1  0  0  0
  6  7  1  0  0  0
  7  8  1  0  0  0
  8  9  1  0  0  0
  9 10  1  0  0  0
 10 11  1  0  0  0
 11 12  1  0  0  0
M  END
$$$$
c12c(cccc1)CCCCCC2
  -ISIS-

 12 13  0  0  0  0  0  0  0  0  1
    2.6891   -3.4206   -2.3437  C  0  0  0  0  0
    3.1704   -4.6501   -2.8457  C  0  0  0  0  0
    4.5213   -4.7172   -3.2542  C  0  0  0  0  0
    5.3529   -3.5648   -3.2625  C  0  0  0  0  0
    6.8061   -3.6882   -3.6962  C  0  0  0  0  0
    7.7386   -4.1040   -2.5582  C  0  0  0  0  0
    7.6837   -3.2377   -1.2970  C  0  0  0  0  0
    7.8856   -1.7421   -1.5419  C  0  0  0  0  0
    6.5930   -0.9189   -1.5565  C  0  0  0  0  0
    5.7162   -1.0748   -2.8017  C  0  0  0  0  0
    4.8374   -2.3216   -2.8085  C  0  0  0  0  0
    3.4969   -2.2527   -2.3314  C  0  0  0  0  0
  1 12  2  0  0  0
  1  2  1  0  0  0
  2  3  2  0  0  0
  3  4  1  0  0  0
  4 11  2  0  0  0
  4  5  1  0  0  0
  5  6  1  0  0  0
  6  7  1  0  0  0
  7  8  1  0  0  0
  8  9  1  0  0  0
  9 10  1  0  0  0
 10 11  1  0  0  0
 11 12  1  0  0  0
M  END
$$$$
c12c(cccc1)CCCCCC2
  -ISIS-

 12 13  0  0  0  0  0  0  0  0  1
   -8.3892    0.5276    6.8232  C  0  0  0  0  0
   -9.6612    0.0251    7.1767  C  0  0  0  0  0
  -10.3822   -0.7057    6.2053  C  0  0  0  0  0
   -9.8824   -0.8796    4.8866  C  0  0  0  0  0
  -10.7384   -1.5750    3.8340  C  0  0  0  0  0
  -11.5325   -0.5412    3.0322  C  0  0  0  0  0
  -11.1876   -0.4733    1.5463  C  0  0  0  0  0
   -9.7097   -0.4648    1.1521  C  0  0  0  0  0
   -8.7654    0.3374    2.0524  C  0  0  0  0  0
   -8.0737   -0.5191    3.1244  C  0  0  0  0  0
   -8.6219   -0.3305    4.5339  C  0  0  0  0  0
   -7.8699    0.3825    5.5097  C  0  0  0  0  0
  1 12  2  0  0  0
  1  2  1  0  0  0
  2  3  2  0  0  0
  3  4  1  0  0  0
  4 11  2  0  0  0
  4  5  1  0  0  0
  5  6  1  0  0  0
  6  7  1  0  0  0
  7  8  1  0  0  0
  8  9  1  0  0  0
  9 10  1  0  0  0
 10 11  1  0  0  0
 11 12  1  0  0  0
M  END
$$$$
c12c(cccc1)CCCCCC2
  -ISIS-

 12 13  0  0  0  0  0  0  0  0  1
   -8.3892    0.5276    6.8232  C  0  0  0  0  0
   -9.6612    0.0251    7.1767  C  0  0  0  0  0
  -10.3822   -0.7057    6.2053  C  0  0  0  0  0
   -9.8824   -0.8796    4.8866  C  0  0  0  0  0
  -10.7384   -1.5750    3.8340  C  0  0  0  0  0
  -11.5325   -0.5412    3.0322  C  0  0  0  0  0
  -11.1876   -0.4733    1.5463  C  0  0  0  0  0
   -9.7097   -0.4648    1.1521  C  0  0  0  0  0
   -8.7654    0.3374    2.0524  C  0  0  0  0  0
   -8.0737   -0.5191    3.1244  C  0  0  0  0  0
   -8.6219   -0.3305    4.5339  C  0  0  0  0  0
   -7.8699    0.3825    5.5097  C  0  0  0  0  0
  1 12  2  0  0  0
  1  2  1  0  0  0
  2  3  2  0  0  0
  3  4  1  0  0  0
  4 11  2  0  0  0
  4  5  1  0  0  0
  5  6  1  0  0  0
  6  7  1  0  0  0
  7  8  1  0  0  0
  8  9  1  0  0  0
  9 10  1  0  0  0
 10 11  1  0  0  0
 11 12  1  0  0  0
M  END
$$$$
c12c(cccc1)CCCCCC2
  -ISIS-

 12 13  0  0  0  0  0  0  0  0  1
   -8.3892    0.5276    6.8232  C  0  0  0  0  0
   -9.6612    0.0251    7.1767  C  0  0  0  0  0
  -10.3822   -0.7057    6.2053  C  0  0  0  0  0
   -9.8824   -0.8796    4.8866  C  0  0  0  0  0
  -10.7384   -1.5750    3.8340  C  0  0  0  0  0
  -11.5325   -0.5412    3.0322  C  0  0  0  0  0
  -11.1876   -0.4733    1.5463  C  0  0  0  0  0
   -9.7097   -0.4648    1.1521  C  0  0  0  0  0
   -8.7654    0.3374    2.0524  C  0  0  0  0  0
   -8.0737   -0.5191    3.1244  C  0  0  0  0  0
   -8.6219   -0.3305    4.5339  C  0  0  0  0  0
   -7.8699    0.3825    5.5097  C  0  0  0  0  0
  1 12  2  0  0  0
  1  2  1  0  0  0
  2  3  2  0  0  0
  3  4  1  0  0  0
  4 11  2  0  0  0
  4  5  1  0  0  0
  5  6  1  0  0  0
  6  7  1  0  0  0
  7  8  1  0  0  0
  8  9  1  0  0  0
  9 10  1  0  0  0
 10 11  1  0  0  0
 11 12  1  0  0  0
M  END
$$$$
c12c(cccc1)CCCCCC2
  -ISIS-

 12 13  0  0  0  0  0  0  0  0  1
   -8.3892    0.5276    6.8232  C  0  0  0  0  0
   -9.6612    0.0251    7.1767  C  0  0  0  0  0
  -10.3822   -0.7057    6.2053  C  0  0  0  0  0
   -9.8824   -0.8796    4.8866  C  0  0  0  0  0
  -10.7384   -1.5750    3.8340  C  0  0  0  0  0
  -11.5325   -0.5412    3.0322  C  0  0  0  0  0
  -11.1876   -0.4733    1.5463  C  0  0  0  0  0
   -9.7097   -0.4648    1.1521  C  0  0  0  0  0
   -8.7654    0.3374    2.0524  C  0  0  0  0  0
   -8.0737   -0.5191    3.1244  C  0  0  0  0  0
   -8.6219   -0.3305    4.5339  C  0  0  0  0  0
   -7.8699    0.3825    5.5097  C  0  0  0  0  0
  1 12  2  0  0  0
  1  2  1  0  0  0
  2  3  2  0  0  0
  3  4  1  0  0  0
  4 11  2  0  0  0
  4  5  1  0  0  0
  5  6  1  0  0  0
  6  7  1  0  0  0
  7  8  1  0  0  0
  8  9  1  0  0  0
  9 10  1  0  0  0
 10 11  1  0  0  0
 11 12  1  0  0  0
M  END
$$$$
