c12c3cccc1CCCN2CC3
  -ISIS-

 12 14  0  0  0  0  0  0  0  0  1
   -4.7673    3.3248    3.8975  N  0  0  0  0  0
   -5.5681    2.1966    4.3944  C  0  0  0  0  0
   -6.6957    1.8715    3.3737  C  0  0  0  0  0
   -7.5359    3.0979    2.9559  C  0  0  0  0  0
   -6.6303    4.2376    2.5496  C  0  0  0  0  0
   -7.0237    5.3150    1.7493  C  0  0  0  0  0
   -6.1332    6.3682    1.4685  C  0  0  0  0  0
   -4.8368    6.3854    1.9985  C  0  0  0  0  0
   -4.4439    5.3338    2.8063  C  0  0  0  0  0
   -5.3377    4.2885    3.0544  C  0  0  0  0  0
   -3.2329    5.0181    3.5803  C  0  0  0  0  0
   -3.5097    3.7337    4.3273  C  0  0  0  0  0
  1 10  1  0  0  0
  1 12  1  0  0  0
  1  2  1  0  0  0
  2  3  1  0  0  0
  3  4  1  0  0  0
  4  5  1  0  0  0
  5 10  2  0  0  0
  5  6  1  0  0  0
  6  7  2  0  0  0
  7  8  1  0  0  0
  8  9  2  0  0  0
  9 10  1  0  0  0
  9 11  1  0  0  0
 11 12  1  0  0  0
M  END
$$$$
c12c3cccc1CCCN2CC3
  -ISIS-

 12 14  0  0  0  0  0  0  0  0  1
   -4.7673    3.3248    3.8975  N  0  0  0  0  0
   -5.5681    2.1966    4.3944  C  0  0  0  0  0
   -6.6957    1.8715    3.3737  C  0  0  0  0  0
   -7.5359    3.0979    2.9559  C  0  0  0  0  0
   -6.6303    4.2376    2.5496  C  0  0  0  0  0
   -7.0237    5.3150    1.7493  C  0  0  0  0  0
   -6.1332    6.3682    1.4685  C  0  0  0  0  0
   -4.8368    6.3854    1.9985  C  0  0  0  0  0
   -4.4439    5.3338    2.8063  C  0  0  0  0  0
   -5.3377    4.2885    3.0544  C  0  0  0  0  0
   -3.2329    5.0181    3.5803  C  0  0  0  0  0
   -3.5097    3.7337    4.3273  C  0  0  0  0  0
  1 10  1  0  0  0
  1 12  1  0  0  0
  1  2  1  0  0  0
  2  3  1  0  0  0
  3  4  1  0  0  0
  4  5  1  0  0  0
  5 10  2  0  0  0
  5  6  1  0  0  0
  6  7  2  0  0  0
  7  8  1  0  0  0
  8  9  2  0  0  0
  9 10  1  0  0  0
  9 11  1  0  0  0
 11 12  1  0  0  0
M  END
$$$$
c12c3cccc1CCCN2CC3
  -ISIS-

 12 14  0  0  0  0  0  0  0  0  1
   -4.7673    3.3248    3.8975  N  0  0  0  0  0
   -5.5681    2.1966    4.3944  C  0  0  0  0  0
   -6.6957    1.8715    3.3737  C  0  0  0  0  0
   -7.5359    3.0979    2.9559  C  0  0  0  0  0
   -6.6303    4.2376    2.5496  C  0  0  0  0  0
   -7.0237    5.3150    1.7493  C  0  0  0  0  0
   -6.1332    6.3682    1.4685  C  0  0  0  0  0
   -4.8368    6.3854    1.9985  C  0  0  0  0  0
   -4.4439    5.3338    2.8063  C  0  0  0  0  0
   -5.3377    4.2885    3.0544  C  0  0  0  0  0
   -3.2329    5.0181    3.5803  C  0  0  0  0  0
   -3.5097    3.7337    4.3273  C  0  0  0  0  0
  1 10  1  0  0  0
  1 12  1  0  0  0
  1  2  1  0  0  0
  2  3  1  0  0  0
  3  4  1  0  0  0
  4  5  1  0  0  0
  5 10  2  0  0  0
  5  6  1  0  0  0
  6  7  2  0  0  0
  7  8  1  0  0  0
  8  9  2  0  0  0
  9 10  1  0  0  0
  9 11  1  0  0  0
 11 12  1  0  0  0
M  END
$$$$
c12c3cccc1CCCN2CC3
  -ISIS-

 12 14  0  0  0  0  0  0  0  0  1
   -4.7673    3.3248    3.8975  N  0  0  0  0  0
   -5.5681    2.1966    4.3944  C  0  0  0  0  0
   -6.6957    1.8715    3.3737  C  0  0  0  0  0
   -7.5359    3.0979    2.9559  C  0  0  0  0  0
   -6.6303    4.2376    2.5496  C  0  0  0  0  0
   -7.0237    5.3150    1.7493  C  0  0  0  0  0
   -6.1332    6.3682    1.4685  C  0  0  0  0  0
   -4.8368    6.3854    1.9985  C  0  0  0  0  0
   -4.4439    5.3338    2.8063  C  0  0  0  0  0
   -5.3377    4.2885    3.0544  C  0  0  0  0  0
   -3.2329    5.0181    3.5803  C  0  0  0  0  0
   -3.5097    3.7337    4.3273  C  0  0  0  0  0
  1 10  1  0  0  0
  1 12  1  0  0  0
  1  2  1  0  0  0
  2  3  1  0  0  0
  3  4  1  0  0  0
  4  5  1  0  0  0
  5 10  2  0  0  0
  5  6  1  0  0  0
  6  7  2  0  0  0
  7  8  1  0  0  0
  8  9  2  0  0  0
  9 10  1  0  0  0
  9 11  1  0  0  0
 11 12  1  0  0  0
M  END
$$$$
c12c3cccc1CCCN2CC3
  -ISIS-

 12 14  0  0  0  0  0  0  0  0  1
    4.0946    5.4405   -5.3120  C  0  0  0  0  0
    5.3846    4.8271   -5.8183  C  0  0  0  0  0
    5.1346    3.4597   -5.9045  N  0  0  0  0  0
    3.8452    3.1571   -5.4560  C  0  0  0  0  0
    3.1463    4.3233   -5.1252  C  0  0  0  0  0
    1.8451    4.2214   -4.6626  C  0  0  0  0  0
    1.2694    2.9516   -4.5443  C  0  0  0  0  0
    1.9958    1.7941   -4.8684  C  0  0  0  0  0
    3.3176    1.8760   -5.3346  C  0  0  0  0  0
    4.1870    0.6544   -5.6456  C  0  0  0  0  0
    5.3039    1.1023   -6.6427  C  0  0  0  0  0
    6.0807    2.4019   -6.2781  C  0  0  0  0  0
  1  5  1  0  0  0
  1  2  1  0  0  0
  2  3  1  0  0  0
  3 12  1  0  0  0
  3  4  1  0  0  0
  4  9  2  0  0  0
  4  5  1  0  0  0
  5  6  2  0  0  0
  6  7  1  0  0  0
  7  8  2  0  0  0
  8  9  1  0  0  0
  9 10  1  0  0  0
 10 11  1  0  0  0
 11 12  1  0  0  0
M  END
$$$$
c12c3cccc1CCCN2CC3
  -ISIS-

 12 14  0  0  0  0  0  0  0  0  1
    4.0946    5.4405   -5.3120  C  0  0  0  0  0
    5.3846    4.8271   -5.8183  C  0  0  0  0  0
    5.1346    3.4597   -5.9045  N  0  0  0  0  0
    3.8452    3.1571   -5.4560  C  0  0  0  0  0
    3.1463    4.3233   -5.1252  C  0  0  0  0  0
    1.8451    4.2214   -4.6626  C  0  0  0  0  0
    1.2694    2.9516   -4.5443  C  0  0  0  0  0
    1.9958    1.7941   -4.8684  C  0  0  0  0  0
    3.3176    1.8760   -5.3346  C  0  0  0  0  0
    4.1870    0.6544   -5.6456  C  0  0  0  0  0
    5.3039    1.1023   -6.6427  C  0  0  0  0  0
    6.0807    2.4019   -6.2781  C  0  0  0  0  0
  1  5  1  0  0  0
  1  2  1  0  0  0
  2  3  1  0  0  0
  3 12  1  0  0  0
  3  4  1  0  0  0
  4  9  2  0  0  0
  4  5  1  0  0  0
  5  6  2  0  0  0
  6  7  1  0  0  0
  7  8  2  0  0  0
  8  9  1  0  0  0
  9 10  1  0  0  0
 10 11  1  0  0  0
 11 12  1  0  0  0
M  END
$$$$
c12c3cccc1CCCN2CC3
  -ISIS-

 12 14  0  0  0  0  0  0  0  0  1
    4.0946    5.4405   -5.3120  C  0  0  0  0  0
    5.3846    4.8271   -5.8183  C  0  0  0  0  0
    5.1346    3.4597   -5.9045  N  0  0  0  0  0
    3.8452    3.1571   -5.4560  C  0  0  0  0  0
    3.1463    4.3233   -5.1252  C  0  0  0  0  0
    1.8451    4.2214   -4.6626  C  0  0  0  0  0
    1.2694    2.9516   -4.5443  C  0  0  0  0  0
    1.9958    1.7941   -4.8684  C  0  0  0  0  0
    3.3176    1.8760   -5.3346  C  0  0  0  0  0
    4.1870    0.6544   -5.6456  C  0  0  0  0  0
    5.3039    1.1023   -6.6427  C  0  0  0  0  0
    6.0807    2.4019   -6.2781  C  0  0  0  0  0
  1  5  1  0  0  0
  1  2  1  0  0  0
  2  3  1  0  0  0
  3 12  1  0  0  0
  3  4  1  0  0  0
  4  9  2  0  0  0
  4  5  1  0  0  0
  5  6  2  0  0  0
  6  7  1  0  0  0
  7  8  2  0  0  0
  8  9  1  0  0  0
  9 10  1  0  0  0
 10 11  1  0  0  0
 11 12  1  0  0  0
M  END
$$$$
c12c3cccc1CCCN2CC3
  -ISIS-

 12 14  0  0  0  0  0  0  0  0  1
    4.0946    5.4405   -5.3120  C  0  0  0  0  0
    5.3846    4.8271   -5.8183  C  0  0  0  0  0
    5.1346    3.4597   -5.9045  N  0  0  0  0  0
    3.8452    3.1571   -5.4560  C  0  0  0  0  0
    3.1463    4.3233   -5.1252  C  0  0  0  0  0
    1.8451    4.2214   -4.6626  C  0  0  0  0  0
    1.2694    2.9516   -4.5443  C  0  0  0  0  0
    1.9958    1.7941   -4.8684  C  0  0  0  0  0
    3.3176    1.8760   -5.3346  C  0  0  0  0  0
    4.1870    0.6544   -5.6456  C  0  0  0  0  0
    5.3039    1.1023   -6.6427  C  0  0  0  0  0
    6.0807    2.4019   -6.2781  C  0  0  0  0  0
  1  5  1  0  0  0
  1  2  1  0  0  0
  2  3  1  0  0  0
  3 12  1  0  0  0
  3  4  1  0  0  0
  4  9  2  0  0  0
  4  5  1  0  0  0
  5  6  2  0  0  0
  6  7  1  0  0  0
  7  8  2  0  0  0
  8  9  1  0  0  0
  9 10  1  0  0  0
 10 11  1  0  0  0
 11 12  1  0  0  0
M  END
$$$$
c12c3cccc1CCCN2CC3
  -ISIS-

 12 14  0  0  0  0  0  0  0  0  1
    4.0806    2.0337    2.7643  C  0  0  0  0  0
    3.1396    2.5749    1.7064  C  0  0  0  0  0
    3.7456    3.7385    1.2383  N  0  0  0  0  0
    5.0383    3.8632    1.7623  C  0  0  0  0  0
    5.3035    2.8599    2.6981  C  0  0  0  0  0
    6.5469    2.8270    3.3078  C  0  0  0  0  0
    7.5154    3.7816    2.9441  C  0  0  0  0  0
    7.2132    4.7744    1.9872  C  0  0  0  0  0
    5.9548    4.8348    1.3798  C  0  0  0  0  0
    5.5828    5.8196    0.2945  C  0  0  0  0  0
    4.0486    5.9508    0.1906  C  0  0  0  0  0
    3.3048    4.5877    0.1225  C  0  0  0  0  0
  1  5  1  0  0  0
  1  2  1  0  0  0
  2  3  1  0  0  0
  3 12  1  0  0  0
  3  4  1  0  0  0
  4  9  2  0  0  0
  4  5  1  0  0  0
  5  6  2  0  0  0
  6  7  1  0  0  0
  7  8  2  0  0  0
  8  9  1  0  0  0
  9 10  1  0  0  0
 10 11  1  0  0  0
 11 12  1  0  0  0
M  END
$$$$
c12c3cccc1CCCN2CC3
  -ISIS-

 12 14  0  0  0  0  0  0  0  0  1
    4.0806    2.0337    2.7643  C  0  0  0  0  0
    3.1396    2.5749    1.7064  C  0  0  0  0  0
    3.7456    3.7385    1.2383  N  0  0  0  0  0
    5.0383    3.8632    1.7623  C  0  0  0  0  0
    5.3035    2.8599    2.6981  C  0  0  0  0  0
    6.5469    2.8270    3.3078  C  0  0  0  0  0
    7.5154    3.7816    2.9441  C  0  0  0  0  0
    7.2132    4.7744    1.9872  C  0  0  0  0  0
    5.9548    4.8348    1.3798  C  0  0  0  0  0
    5.5828    5.8196    0.2945  C  0  0  0  0  0
    4.0486    5.9508    0.1906  C  0  0  0  0  0
    3.3048    4.5877    0.1225  C  0  0  0  0  0
  1  5  1  0  0  0
  1  2  1  0  0  0
  2  3  1  0  0  0
  3 12  1  0  0  0
  3  4  1  0  0  0
  4  9  2  0  0  0
  4  5  1  0  0  0
  5  6  2  0  0  0
  6  7  1  0  0  0
  7  8  2  0  0  0
  8  9  1  0  0  0
  9 10  1  0  0  0
 10 11  1  0  0  0
 11 12  1  0  0  0
M  END
$$$$
c12c3cccc1CCCN2CC3
  -ISIS-

 12 14  0  0  0  0  0  0  0  0  1
    4.0806    2.0337    2.7643  C  0  0  0  0  0
    3.1396    2.5749    1.7064  C  0  0  0  0  0
    3.7456    3.7385    1.2383  N  0  0  0  0  0
    5.0383    3.8632    1.7623  C  0  0  0  0  0
    5.3035    2.8599    2.6981  C  0  0  0  0  0
    6.5469    2.8270    3.3078  C  0  0  0  0  0
    7.5154    3.7816    2.9441  C  0  0  0  0  0
    7.2132    4.7744    1.9872  C  0  0  0  0  0
    5.9548    4.8348    1.3798  C  0  0  0  0  0
    5.5828    5.8196    0.2945  C  0  0  0  0  0
    4.0486    5.9508    0.1906  C  0  0  0  0  0
    3.3048    4.5877    0.1225  C  0  0  0  0  0
  1  5  1  0  0  0
  1  2  1  0  0  0
  2  3  1  0  0  0
  3 12  1  0  0  0
  3  4  1  0  0  0
  4  9  2  0  0  0
  4  5  1  0  0  0
  5  6  2  0  0  0
  6  7  1  0  0  0
  7  8  2  0  0  0
  8  9  1  0  0  0
  9 10  1  0  0  0
 10 11  1  0  0  0
 11 12  1  0  0  0
M  END
$$$$
c12c3cccc1CCCN2CC3
  -ISIS-

 12 14  0  0  0  0  0  0  0  0  1
    4.0806    2.0337    2.7643  C  0  0  0  0  0
    3.1396    2.5749    1.7064  C  0  0  0  0  0
    3.7456    3.7385    1.2383  N  0  0  0  0  0
    5.0383    3.8632    1.7623  C  0  0  0  0  0
    5.3035    2.8599    2.6981  C  0  0  0  0  0
    6.5469    2.8270    3.3078  C  0  0  0  0  0
    7.5154    3.7816    2.9441  C  0  0  0  0  0
    7.2132    4.7744    1.9872  C  0  0  0  0  0
    5.9548    4.8348    1.3798  C  0  0  0  0  0
    5.5828    5.8196    0.2945  C  0  0  0  0  0
    4.0486    5.9508    0.1906  C  0  0  0  0  0
    3.3048    4.5877    0.1225  C  0  0  0  0  0
  1  5  1  0  0  0
  1  2  1  0  0  0
  2  3  1  0  0  0
  3 12  1  0  0  0
  3  4  1  0  0  0
  4  9  2  0  0  0
  4  5  1  0  0  0
  5  6  2  0  0  0
  6  7  1  0  0  0
  7  8  2  0  0  0
  8  9  1  0  0  0
  9 10  1  0  0  0
 10 11  1  0  0  0
 11 12  1  0  0  0
M  END
$$$$
c12c3cccc1CCCN2CC3
  -ISIS-

 12 14  0  0  0  0  0  0  0  0  1
    4.0806    2.0337    2.7643  C  0  0  0  0  0
    3.1396    2.5749    1.7064  C  0  0  0  0  0
    3.7456    3.7385    1.2383  N  0  0  0  0  0
    5.0383    3.8632    1.7623  C  0  0  0  0  0
    5.3035    2.8599    2.6981  C  0  0  0  0  0
    6.5469    2.8270    3.3078  C  0  0  0  0  0
    7.5154    3.7816    2.9441  C  0  0  0  0  0
    7.2132    4.7744    1.9872  C  0  0  0  0  0
    5.9548    4.8348    1.3798  C  0  0  0  0  0
    5.5828    5.8196    0.2945  C  0  0  0  0  0
    4.0486    5.9508    0.1906  C  0  0  0  0  0
    3.3048    4.5877    0.1225  C  0  0  0  0  0
  1  5  1  0  0  0
  1  2  1  0  0  0
  2  3  1  0  0  0
  3 12  1  0  0  0
  3  4  1  0  0  0
  4  9  2  0  0  0
  4  5  1  0  0  0
  5  6  2  0  0  0
  6  7  1  0  0  0
  7  8  2  0  0  0
  8  9  1  0  0  0
  9 10  1  0  0  0
 10 11  1  0  0  0
 11 12  1  0  0  0
M  END
$$$$
c12c3cccc1CCCN2CC3
  -ISIS-

 12 14  0  0  0  0  0  0  0  0  1
   -1.2970   -1.0090    0.7458  C  0  0  0  0  0
   -0.9173   -0.6919   -0.6852  C  0  0  0  0  0
   -1.8115    0.2959   -1.0953  N  0  0  0  0  0
   -2.5626    0.7554   -0.0065  C  0  0  0  0  0
   -2.2845    0.0123    1.1465  C  0  0  0  0  0
   -2.9181    0.3432    2.3329  C  0  0  0  0  0
   -3.8034    1.4276    2.3455  C  0  0  0  0  0
   -4.0534    2.1697    1.1809  C  0  0  0  0  0
   -3.4369    1.8333   -0.0341  C  0  0  0  0  0
   -3.6495    2.6273   -1.3213  C  0  0  0  0  0
   -3.1033    1.8306   -2.5487  C  0  0  0  0  0
   -1.7756    1.0413   -2.3588  C  0  0  0  0  0
  1  5  1  0  0  0
  1  2  1  0  0  0
  2  3  1  0  0  0
  3 12  1  0  0  0
  3  4  1  0  0  0
  4  9  2  0  0  0
  4  5  1  0  0  0
  5  6  2  0  0  0
  6  7  1  0  0  0
  7  8  2  0  0  0
  8  9  1  0  0  0
  9 10  1  0  0  0
 10 11  1  0  0  0
 11 12  1  0  0  0
M  END
$$$$
c12c3cccc1CCCN2CC3
  -ISIS-

 12 14  0  0  0  0  0  0  0  0  1
   -1.2970   -1.0090    0.7458  C  0  0  0  0  0
   -0.9173   -0.6919   -0.6852  C  0  0  0  0  0
   -1.8115    0.2959   -1.0953  N  0  0  0  0  0
   -2.5626    0.7554   -0.0065  C  0  0  0  0  0
   -2.2845    0.0123    1.1465  C  0  0  0  0  0
   -2.9181    0.3432    2.3329  C  0  0  0  0  0
   -3.8034    1.4276    2.3455  C  0  0  0  0  0
   -4.0534    2.1697    1.1809  C  0  0  0  0  0
   -3.4369    1.8333   -0.0341  C  0  0  0  0  0
   -3.6495    2.6273   -1.3213  C  0  0  0  0  0
   -3.1033    1.8306   -2.5487  C  0  0  0  0  0
   -1.7756    1.0413   -2.3588  C  0  0  0  0  0
  1  5  1  0  0  0
  1  2  1  0  0  0
  2  3  1  0  0  0
  3 12  1  0  0  0
  3  4  1  0  0  0
  4  9  2  0  0  0
  4  5  1  0  0  0
  5  6  2  0  0  0
  6  7  1  0  0  0
  7  8  2  0  0  0
  8  9  1  0  0  0
  9 10  1  0  0  0
 10 11  1  0  0  0
 11 12  1  0  0  0
M  END
$$$$
c12c3cccc1CCCN2CC3
  -ISIS-

 12 14  0  0  0  0  0  0  0  0  1
   -1.2970   -1.0090    0.7458  C  0  0  0  0  0
   -0.9173   -0.6919   -0.6852  C  0  0  0  0  0
   -1.8115    0.2959   -1.0953  N  0  0  0  0  0
   -2.5626    0.7554   -0.0065  C  0  0  0  0  0
   -2.2845    0.0123    1.1465  C  0  0  0  0  0
   -2.9181    0.3432    2.3329  C  0  0  0  0  0
   -3.8034    1.4276    2.3455  C  0  0  0  0  0
   -4.0534    2.1697    1.1809  C  0  0  0  0  0
   -3.4369    1.8333   -0.0341  C  0  0  0  0  0
   -3.6495    2.6273   -1.3213  C  0  0  0  0  0
   -3.1033    1.8306   -2.5487  C  0  0  0  0  0
   -1.7756    1.0413   -2.3588  C  0  0  0  0  0
  1  5  1  0  0  0
  1  2  1  0  0  0
  2  3  1  0  0  0
  3 12  1  0  0  0
  3  4  1  0  0  0
  4  9  2  0  0  0
  4  5  1  0  0  0
  5  6  2  0  0  0
  6  7  1  0  0  0
  7  8  2  0  0  0
  8  9  1  0  0  0
  9 10  1  0  0  0
 10 11  1  0  0  0
 11 12  1  0  0  0
M  END
$$$$
c12c3cccc1CCCN2CC3
  -ISIS-

 12 14  0  0  0  0  0  0  0  0  1
   -1.2970   -1.0090    0.7458  C  0  0  0  0  0
   -0.9173   -0.6919   -0.6852  C  0  0  0  0  0
   -1.8115    0.2959   -1.0953  N  0  0  0  0  0
   -2.5626    0.7554   -0.0065  C  0  0  0  0  0
   -2.2845    0.0123    1.1465  C  0  0  0  0  0
   -2.9181    0.3432    2.3329  C  0  0  0  0  0
   -3.8034    1.4276    2.3455  C  0  0  0  0  0
   -4.0534    2.1697    1.1809  C  0  0  0  0  0
   -3.4369    1.8333   -0.0341  C  0  0  0  0  0
   -3.6495    2.6273   -1.3213  C  0  0  0  0  0
   -3.1033    1.8306   -2.5487  C  0  0  0  0  0
   -1.7756    1.0413   -2.3588  C  0  0  0  0  0
  1  5  1  0  0  0
  1  2  1  0  0  0
  2  3  1  0  0  0
  3 12  1  0  0  0
  3  4  1  0  0  0
  4  9  2  0  0  0
  4  5  1  0  0  0
  5  6  2  0  0  0
  6  7  1  0  0  0
  7  8  2  0  0  0
  8  9  1  0  0  0
  9 10  1  0  0  0
 10 11  1  0  0  0
 11 12  1  0  0  0
M  END
$$$$
c12c3cccc1CCCN2CC3
  -ISIS-

 12 14  0  0  0  0  0  0  0  0  1
   -0.7066    7.4020   -3.8405  N  0  0  0  0  0
   -0.1433    6.7499   -2.6493  C  0  0  0  0  0
    0.1608    7.8100   -1.5473  C  0  0  0  0  0
   -0.9316    8.8687   -1.2885  C  0  0  0  0  0
   -1.5162    9.3686   -2.5815  C  0  0  0  0  0
   -2.2279   10.5680   -2.6798  C  0  0  0  0  0
   -2.7800   10.9731   -3.9077  C  0  0  0  0  0
   -2.6420   10.1867   -5.0599  C  0  0  0  0  0
   -1.9371    8.9989   -4.9675  C  0  0  0  0  0
   -1.3836    8.6237   -3.7414  C  0  0  0  0  0
   -1.6146    7.9082   -5.9012  C  0  0  0  0  0
   -0.8605    6.8615   -5.1130  C  0  0  0  0  0
  1 10  1  0  0  0
  1 12  1  0  0  0
  1  2  1  0  0  0
  2  3  1  0  0  0
  3  4  1  0  0  0
  4  5  1  0  0  0
  5 10  2  0  0  0
  5  6  1  0  0  0
  6  7  2  0  0  0
  7  8  1  0  0  0
  8  9  2  0  0  0
  9 10  1  0  0  0
  9 11  1  0  0  0
 11 12  1  0  0  0
M  END
$$$$
c12c3cccc1CCCN2CC3
  -ISIS-

 12 14  0  0  0  0  0  0  0  0  1
   -0.7066    7.4020   -3.8405  N  0  0  0  0  0
   -0.1433    6.7499   -2.6493  C  0  0  0  0  0
    0.1608    7.8100   -1.5473  C  0  0  0  0  0
   -0.9316    8.8687   -1.2885  C  0  0  0  0  0
   -1.5162    9.3686   -2.5815  C  0  0  0  0  0
   -2.2279   10.5680   -2.6798  C  0  0  0  0  0
   -2.7800   10.9731   -3.9077  C  0  0  0  0  0
   -2.6420   10.1867   -5.0599  C  0  0  0  0  0
   -1.9371    8.9989   -4.9675  C  0  0  0  0  0
   -1.3836    8.6237   -3.7414  C  0  0  0  0  0
   -1.6146    7.9082   -5.9012  C  0  0  0  0  0
   -0.8605    6.8615   -5.1130  C  0  0  0  0  0
  1 10  1  0  0  0
  1 12  1  0  0  0
  1  2  1  0  0  0
  2  3  1  0  0  0
  3  4  1  0  0  0
  4  5  1  0  0  0
  5 10  2  0  0  0
  5  6  1  0  0  0
  6  7  2  0  0  0
  7  8  1  0  0  0
  8  9  2  0  0  0
  9 10  1  0  0  0
  9 11  1  0  0  0
 11 12  1  0  0  0
M  END
$$$$
c12c3cccc1CCCN2CC3
  -ISIS-

 12 14  0  0  0  0  0  0  0  0  1
   -0.7066    7.4020   -3.8405  N  0  0  0  0  0
   -0.1433    6.7499   -2.6493  C  0  0  0  0  0
    0.1608    7.8100   -1.5473  C  0  0  0  0  0
   -0.9316    8.8687   -1.2885  C  0  0  0  0  0
   -1.5162    9.3686   -2.5815  C  0  0  0  0  0
   -2.2279   10.5680   -2.6798  C  0  0  0  0  0
   -2.7800   10.9731   -3.9077  C  0  0  0  0  0
   -2.6420   10.1867   -5.0599  C  0  0  0  0  0
   -1.9371    8.9989   -4.9675  C  0  0  0  0  0
   -1.3836    8.6237   -3.7414  C  0  0  0  0  0
   -1.6146    7.9082   -5.9012  C  0  0  0  0  0
   -0.8605    6.8615   -5.1130  C  0  0  0  0  0
  1 10  1  0  0  0
  1 12  1  0  0  0
  1  2  1  0  0  0
  2  3  1  0  0  0
  3  4  1  0  0  0
  4  5  1  0  0  0
  5 10  2  0  0  0
  5  6  1  0  0  0
  6  7  2  0  0  0
  7  8  1  0  0  0
  8  9  2  0  0  0
  9 10  1  0  0  0
  9 11  1  0  0  0
 11 12  1  0  0  0
M  END
$$$$
c12c3cccc1CCCN2CC3
  -ISIS-

 12 14  0  0  0  0  0  0  0  0  1
   -0.7066    7.4020   -3.8405  N  0  0  0  0  0
   -0.1433    6.7499   -2.6493  C  0  0  0  0  0
    0.1608    7.8100   -1.5473  C  0  0  0  0  0
   -0.9316    8.8687   -1.2885  C  0  0  0  0  0
   -1.5162    9.3686   -2.5815  C  0  0  0  0  0
   -2.2279   10.5680   -2.6798  C  0  0  0  0  0
   -2.7800   10.9731   -3.9077  C  0  0  0  0  0
   -2.6420   10.1867   -5.0599  C  0  0  0  0  0
   -1.9371    8.9989   -4.9675  C  0  0  0  0  0
   -1.3836    8.6237   -3.7414  C  0  0  0  0  0
   -1.6146    7.9082   -5.9012  C  0  0  0  0  0
   -0.8605    6.8615   -5.1130  C  0  0  0  0  0
  1 10  1  0  0  0
  1 12  1  0  0  0
  1  2  1  0  0  0
  2  3  1  0  0  0
  3  4  1  0  0  0
  4  5  1  0  0  0
  5 10  2  0  0  0
  5  6  1  0  0  0
  6  7  2  0  0  0
  7  8  1  0  0  0
  8  9  2  0  0  0
  9 10  1  0  0  0
  9 11  1  0  0  0
 11 12  1  0  0  0
M  END
$$$$
c12c3cccc1CCCN2CC3
  -ISIS-

 12 14  0  0  0  0  0  0  0  0  1
   -5.5220   -5.0926    1.3582  C  0  0  0  0  0
   -4.5771   -3.9906    1.1323  C  0  0  0  0  0
   -5.2832   -2.8280    1.4122  C  0  0  0  0  0
   -4.7337   -1.5607    1.3328  C  0  0  0  0  0
   -5.5780   -0.3739    1.7015  C  0  0  0  0  0
   -7.0785   -0.6815    1.5487  C  0  0  0  0  0
   -7.4646   -2.0075    2.2143  C  0  0  0  0  0
   -6.6010   -3.0822    1.7814  N  0  0  0  0  0
   -6.8452   -4.4363    1.8235  C  0  0  0  0  0
   -3.3904   -1.4820    0.9609  C  0  0  0  0  0
   -2.6602   -2.6539    0.6669  C  0  0  0  0  0
   -3.2523   -3.9241    0.7512  C  0  0  0  0  0
  1  9  1  0  0  0
  1  2  1  0  0  0
  2 12  2  0  0  0
  2  3  1  0  0  0
  3  8  1  0  0  0
  3  4  2  0  0  0
  4  5  1  0  0  0
  4 10  1  0  0  0
  5  6  1  0  0  0
  6  7  1  0  0  0
  7  8  1  0  0  0
  8  9  1  0  0  0
 10 11  2  0  0  0
 11 12  1  0  0  0
M  END
$$$$
c12c3cccc1CCCN2CC3
  -ISIS-

 12 14  0  0  0  0  0  0  0  0  1
   -5.5220   -5.0926    1.3582  C  0  0  0  0  0
   -4.5771   -3.9906    1.1323  C  0  0  0  0  0
   -5.2832   -2.8280    1.4122  C  0  0  0  0  0
   -4.7337   -1.5607    1.3328  C  0  0  0  0  0
   -5.5780   -0.3739    1.7015  C  0  0  0  0  0
   -7.0785   -0.6815    1.5487  C  0  0  0  0  0
   -7.4646   -2.0075    2.2143  C  0  0  0  0  0
   -6.6010   -3.0822    1.7814  N  0  0  0  0  0
   -6.8452   -4.4363    1.8235  C  0  0  0  0  0
   -3.3904   -1.4820    0.9609  C  0  0  0  0  0
   -2.6602   -2.6539    0.6669  C  0  0  0  0  0
   -3.2523   -3.9241    0.7512  C  0  0  0  0  0
  1  9  1  0  0  0
  1  2  1  0  0  0
  2 12  2  0  0  0
  2  3  1  0  0  0
  3  8  1  0  0  0
  3  4  2  0  0  0
  4  5  1  0  0  0
  4 10  1  0  0  0
  5  6  1  0  0  0
  6  7  1  0  0  0
  7  8  1  0  0  0
  8  9  1  0  0  0
 10 11  2  0  0  0
 11 12  1  0  0  0
M  END
$$$$
c12c3cccc1CCCN2CC3
  -ISIS-

 12 14  0  0  0  0  0  0  0  0  1
   -3.9916    0.1694   -1.0583  N  0  0  0  0  0
   -5.2259    0.6030   -0.5854  C  0  0  0  0  0
   -5.1556    0.9338    0.7687  C  0  0  0  0  0
   -3.7044    0.8710    1.2300  C  0  0  0  0  0
   -3.0372    0.2589   -0.0574  C  0  0  0  0  0
   -6.3445    1.1749    1.4464  C  0  0  0  0  0
   -7.5519    1.2115    0.7327  C  0  0  0  0  0
   -7.5651    0.9622   -0.6501  C  0  0  0  0  0
   -6.3909    0.6331   -1.3293  C  0  0  0  0  0
   -6.3596    0.3233   -2.7993  C  0  0  0  0  0
   -5.1586   -0.5823   -3.1325  C  0  0  0  0  0
   -3.7982   -0.2118   -2.4671  C  0  0  0  0  0
  1  5  1  0  0  0
  1 12  1  0  0  0
  1  2  1  0  0  0
  2  9  2  0  0  0
  2  3  1  0  0  0
  3  4  1  0  0  0
  3  6  2  0  0  0
  4  5  1  0  0  0
  6  7  1  0  0  0
  7  8  2  0  0  0
  8  9  1  0  0  0
  9 10  1  0  0  0
 10 11  1  0  0  0
 11 12  1  0  0  0
M  END
$$$$
c12c3cccc1CCCN2CC3
  -ISIS-

 12 14  0  0  0  0  0  0  0  0  1
   -3.9916    0.1694   -1.0583  N  0  0  0  0  0
   -5.2259    0.6030   -0.5854  C  0  0  0  0  0
   -5.1556    0.9338    0.7687  C  0  0  0  0  0
   -3.7044    0.8710    1.2300  C  0  0  0  0  0
   -3.0372    0.2589   -0.0574  C  0  0  0  0  0
   -6.3445    1.1749    1.4464  C  0  0  0  0  0
   -7.5519    1.2115    0.7327  C  0  0  0  0  0
   -7.5651    0.9622   -0.6501  C  0  0  0  0  0
   -6.3909    0.6331   -1.3293  C  0  0  0  0  0
   -6.3596    0.3233   -2.7993  C  0  0  0  0  0
   -5.1586   -0.5823   -3.1325  C  0  0  0  0  0
   -3.7982   -0.2118   -2.4671  C  0  0  0  0  0
  1  5  1  0  0  0
  1 12  1  0  0  0
  1  2  1  0  0  0
  2  9  2  0  0  0
  2  3  1  0  0  0
  3  4  1  0  0  0
  3  6  2  0  0  0
  4  5  1  0  0  0
  6  7  1  0  0  0
  7  8  2  0  0  0
  8  9  1  0  0  0
  9 10  1  0  0  0
 10 11  1  0  0  0
 11 12  1  0  0  0
M  END
$$$$
c12c3cccc1CCCN2CC3
  -ISIS-

 12 14  0  0  0  0  0  0  0  0  1
   -3.9916    0.1694   -1.0583  N  0  0  0  0  0
   -5.2259    0.6030   -0.5854  C  0  0  0  0  0
   -5.1556    0.9338    0.7687  C  0  0  0  0  0
   -3.7044    0.8710    1.2300  C  0  0  0  0  0
   -3.0372    0.2589   -0.0574  C  0  0  0  0  0
   -6.3445    1.1749    1.4464  C  0  0  0  0  0
   -7.5519    1.2115    0.7327  C  0  0  0  0  0
   -7.5651    0.9622   -0.6501  C  0  0  0  0  0
   -6.3909    0.6331   -1.3293  C  0  0  0  0  0
   -6.3596    0.3233   -2.7993  C  0  0  0  0  0
   -5.1586   -0.5823   -3.1325  C  0  0  0  0  0
   -3.7982   -0.2118   -2.4671  C  0  0  0  0  0
  1  5  1  0  0  0
  1 12  1  0  0  0
  1  2  1  0  0  0
  2  9  2  0  0  0
  2  3  1  0  0  0
  3  4  1  0  0  0
  3  6  2  0  0  0
  4  5  1  0  0  0
  6  7  1  0  0  0
  7  8  2  0  0  0
  8  9  1  0  0  0
  9 10  1  0  0  0
 10 11  1  0  0  0
 11 12  1  0  0  0
M  END
$$$$
c12c3cccc1CCCN2CC3
  -ISIS-

 12 14  0  0  0  0  0  0  0  0  1
   -3.9916    0.1694   -1.0583  N  0  0  0  0  0
   -5.2259    0.6030   -0.5854  C  0  0  0  0  0
   -5.1556    0.9338    0.7687  C  0  0  0  0  0
   -3.7044    0.8710    1.2300  C  0  0  0  0  0
   -3.0372    0.2589   -0.0574  C  0  0  0  0  0
   -6.3445    1.1749    1.4464  C  0  0  0  0  0
   -7.5519    1.2115    0.7327  C  0  0  0  0  0
   -7.5651    0.9622   -0.6501  C  0  0  0  0  0
   -6.3909    0.6331   -1.3293  C  0  0  0  0  0
   -6.3596    0.3233   -2.7993  C  0  0  0  0  0
   -5.1586   -0.5823   -3.1325  C  0  0  0  0  0
   -3.7982   -0.2118   -2.4671  C  0  0  0  0  0
  1  5  1  0  0  0
  1 12  1  0  0  0
  1  2  1  0  0  0
  2  9  2  0  0  0
  2  3  1  0  0  0
  3  4  1  0  0  0
  3  6  2  0  0  0
  4  5  1  0  0  0
  6  7  1  0  0  0
  7  8  2  0  0  0
  8  9  1  0  0  0
  9 10  1  0  0  0
 10 11  1  0  0  0
 11 12  1  0  0  0
M  END
$$$$
c12c3cccc1CCCN2CC3
  -ISIS-

 12 14  0  0  0  0  0  0  0  0  1
   -3.9916    0.1694   -1.0583  N  0  0  0  0  0
   -5.2259    0.6030   -0.5854  C  0  0  0  0  0
   -5.1556    0.9338    0.7687  C  0  0  0  0  0
   -3.7044    0.8710    1.2300  C  0  0  0  0  0
   -3.0372    0.2589   -0.0574  C  0  0  0  0  0
   -6.3445    1.1749    1.4464  C  0  0  0  0  0
   -7.5519    1.2115    0.7327  C  0  0  0  0  0
   -7.5651    0.9622   -0.6501  C  0  0  0  0  0
   -6.3909    0.6331   -1.3293  C  0  0  0  0  0
   -6.3596    0.3233   -2.7993  C  0  0  0  0  0
   -5.1586   -0.5823   -3.1325  C  0  0  0  0  0
   -3.7982   -0.2118   -2.4671  C  0  0  0  0  0
  1  5  1  0  0  0
  1 12  1  0  0  0
  1  2  1  0  0  0
  2  9  2  0  0  0
  2  3  1  0  0  0
  3  4  1  0  0  0
  3  6  2  0  0  0
  4  5  1  0  0  0
  6  7  1  0  0  0
  7  8  2  0  0  0
  8  9  1  0  0  0
  9 10  1  0  0  0
 10 11  1  0  0  0
 11 12  1  0  0  0
M  END
$$$$
c12c3cccc1CCCN2CC3
  -ISIS-

 12 14  0  0  0  0  0  0  0  0  1
   -3.7751    7.2709   -6.1451  C  0  0  0  0  0
   -4.4433    5.9651   -5.9708  C  0  0  0  0  0
   -4.5334    5.4091   -7.2486  C  0  0  0  0  0
   -5.0741    4.1602   -7.5087  C  0  0  0  0  0
   -5.0889    3.6133   -8.9109  C  0  0  0  0  0
   -4.9094    4.7393   -9.9491  C  0  0  0  0  0
   -3.8469    5.8283   -9.6130  C  0  0  0  0  0
   -3.9957    6.2638   -8.2166  N  0  0  0  0  0
   -3.4123    7.3764   -7.6135  C  0  0  0  0  0
   -5.5760    3.4468   -6.4163  C  0  0  0  0  0
   -5.5143    3.9811   -5.1130  C  0  0  0  0  0
   -4.9533    5.2548   -4.8950  C  0  0  0  0  0
  1  9  1  0  0  0
  1  2  1  0  0  0
  2 12  2  0  0  0
  2  3  1  0  0  0
  3  8  1  0  0  0
  3  4  2  0  0  0
  4  5  1  0  0  0
  4 10  1  0  0  0
  5  6  1  0  0  0
  6  7  1  0  0  0
  7  8  1  0  0  0
  8  9  1  0  0  0
 10 11  2  0  0  0
 11 12  1  0  0  0
M  END
$$$$
c12c3cccc1CCCN2CC3
  -ISIS-

 12 14  0  0  0  0  0  0  0  0  1
   -3.7751    7.2709   -6.1451  C  0  0  0  0  0
   -4.4433    5.9651   -5.9708  C  0  0  0  0  0
   -4.5334    5.4091   -7.2486  C  0  0  0  0  0
   -5.0741    4.1602   -7.5087  C  0  0  0  0  0
   -5.0889    3.6133   -8.9109  C  0  0  0  0  0
   -4.9094    4.7393   -9.9491  C  0  0  0  0  0
   -3.8469    5.8283   -9.6130  C  0  0  0  0  0
   -3.9957    6.2638   -8.2166  N  0  0  0  0  0
   -3.4123    7.3764   -7.6135  C  0  0  0  0  0
   -5.5760    3.4468   -6.4163  C  0  0  0  0  0
   -5.5143    3.9811   -5.1130  C  0  0  0  0  0
   -4.9533    5.2548   -4.8950  C  0  0  0  0  0
  1  9  1  0  0  0
  1  2  1  0  0  0
  2 12  2  0  0  0
  2  3  1  0  0  0
  3  8  1  0  0  0
  3  4  2  0  0  0
  4  5  1  0  0  0
  4 10  1  0  0  0
  5  6  1  0  0  0
  6  7  1  0  0  0
  7  8  1  0  0  0
  8  9  1  0  0  0
 10 11  2  0  0  0
 11 12  1  0  0  0
M  END
$$$$
c12c3cccc1CCCN2CC3
  -ISIS-

 12 14  0  0  0  0  0  0  0  0  1
   -3.7751    7.2709   -6.1451  C  0  0  0  0  0
   -4.4433    5.9651   -5.9708  C  0  0  0  0  0
   -4.5334    5.4091   -7.2486  C  0  0  0  0  0
   -5.0741    4.1602   -7.5087  C  0  0  0  0  0
   -5.0889    3.6133   -8.9109  C  0  0  0  0  0
   -4.9094    4.7393   -9.9491  C  0  0  0  0  0
   -3.8469    5.8283   -9.6130  C  0  0  0  0  0
   -3.9957    6.2638   -8.2166  N  0  0  0  0  0
   -3.4123    7.3764   -7.6135  C  0  0  0  0  0
   -5.5760    3.4468   -6.4163  C  0  0  0  0  0
   -5.5143    3.9811   -5.1130  C  0  0  0  0  0
   -4.9533    5.2548   -4.8950  C  0  0  0  0  0
  1  9  1  0  0  0
  1  2  1  0  0  0
  2 12  2  0  0  0
  2  3  1  0  0  0
  3  8  1  0  0  0
  3  4  2  0  0  0
  4  5  1  0  0  0
  4 10  1  0  0  0
  5  6  1  0  0  0
  6  7  1  0  0  0
  7  8  1  0  0  0
  8  9  1  0  0  0
 10 11  2  0  0  0
 11 12  1  0  0  0
M  END
$$$$
c12c3cccc1CCCN2CC3
  -ISIS-

 12 14  0  0  0  0  0  0  0  0  1
   -3.7751    7.2709   -6.1451  C  0  0  0  0  0
   -4.4433    5.9651   -5.9708  C  0  0  0  0  0
   -4.5334    5.4091   -7.2486  C  0  0  0  0  0
   -5.0741    4.1602   -7.5087  C  0  0  0  0  0
   -5.0889    3.6133   -8.9109  C  0  0  0  0  0
   -4.9094    4.7393   -9.9491  C  0  0  0  0  0
   -3.8469    5.8283   -9.6130  C  0  0  0  0  0
   -3.9957    6.2638   -8.2166  N  0  0  0  0  0
   -3.4123    7.3764   -7.6135  C  0  0  0  0  0
   -5.5760    3.4468   -6.4163  C  0  0  0  0  0
   -5.5143    3.9811   -5.1130  C  0  0  0  0  0
   -4.9533    5.2548   -4.8950  C  0  0  0  0  0
  1  9  1  0  0  0
  1  2  1  0  0  0
  2 12  2  0  0  0
  2  3  1  0  0  0
  3  8  1  0  0  0
  3  4  2  0  0  0
  4  5  1  0  0  0
  4 10  1  0  0  0
  5  6  1  0  0  0
  6  7  1  0  0  0
  7  8  1  0  0  0
  8  9  1  0  0  0
 10 11  2  0  0  0
 11 12  1  0  0  0
M  END
$$$$
c12c3cccc1CCCN2CC3
  -ISIS-

 12 14  0  0  0  0  0  0  0  0  1
   -3.7751    7.2709   -6.1451  C  0  0  0  0  0
   -4.4433    5.9651   -5.9708  C  0  0  0  0  0
   -4.5334    5.4091   -7.2486  C  0  0  0  0  0
   -5.0741    4.1602   -7.5087  C  0  0  0  0  0
   -5.0889    3.6133   -8.9109  C  0  0  0  0  0
   -4.9094    4.7393   -9.9491  C  0  0  0  0  0
   -3.8469    5.8283   -9.6130  C  0  0  0  0  0
   -3.9957    6.2638   -8.2166  N  0  0  0  0  0
   -3.4123    7.3764   -7.6135  C  0  0  0  0  0
   -5.5760    3.4468   -6.4163  C  0  0  0  0  0
   -5.5143    3.9811   -5.1130  C  0  0  0  0  0
   -4.9533    5.2548   -4.8950  C  0  0  0  0  0
  1  9  1  0  0  0
  1  2  1  0  0  0
  2 12  2  0  0  0
  2  3  1  0  0  0
  3  8  1  0  0  0
  3  4  2  0  0  0
  4  5  1  0  0  0
  4 10  1  0  0  0
  5  6  1  0  0  0
  6  7  1  0  0  0
  7  8  1  0  0  0
  8  9  1  0  0  0
 10 11  2  0  0  0
 11 12  1  0  0  0
M  END
$$$$
c12c3cccc1CCCN2CC3
  -ISIS-

 12 14  0  0  0  0  0  0  0  0  1
   -1.9250    6.5883   -4.4335  C  0  0  0  0  0
   -2.9311    5.8304   -5.2044  C  0  0  0  0  0
   -3.0320    6.4709   -6.4405  C  0  0  0  0  0
   -3.9099    6.0864   -7.4466  C  0  0  0  0  0
   -3.9937    6.9124   -8.7112  C  0  0  0  0  0
   -2.6911    7.7146   -8.9178  C  0  0  0  0  0
   -2.2254    8.4932   -7.6558  C  0  0  0  0  0
   -2.1712    7.5724   -6.5114  N  0  0  0  0  0
   -1.5521    7.7882   -5.2813  C  0  0  0  0  0
   -4.7336    4.9864   -7.1714  C  0  0  0  0  0
   -4.6441    4.3090   -5.9423  C  0  0  0  0  0
   -3.7415    4.7370   -4.9552  C  0  0  0  0  0
  1  9  1  0  0  0
  1  2  1  0  0  0
  2 12  2  0  0  0
  2  3  1  0  0  0
  3  8  1  0  0  0
  3  4  2  0  0  0
  4  5  1  0  0  0
  4 10  1  0  0  0
  5  6  1  0  0  0
  6  7  1  0  0  0
  7  8  1  0  0  0
  8  9  1  0  0  0
 10 11  2  0  0  0
 11 12  1  0  0  0
M  END
$$$$
c12c3cccc1CCCN2CC3
  -ISIS-

 12 14  0  0  0  0  0  0  0  0  1
   -1.9250    6.5883   -4.4335  C  0  0  0  0  0
   -2.9311    5.8304   -5.2044  C  0  0  0  0  0
   -3.0320    6.4709   -6.4405  C  0  0  0  0  0
   -3.9099    6.0864   -7.4466  C  0  0  0  0  0
   -3.9937    6.9124   -8.7112  C  0  0  0  0  0
   -2.6911    7.7146   -8.9178  C  0  0  0  0  0
   -2.2254    8.4932   -7.6558  C  0  0  0  0  0
   -2.1712    7.5724   -6.5114  N  0  0  0  0  0
   -1.5521    7.7882   -5.2813  C  0  0  0  0  0
   -4.7336    4.9864   -7.1714  C  0  0  0  0  0
   -4.6441    4.3090   -5.9423  C  0  0  0  0  0
   -3.7415    4.7370   -4.9552  C  0  0  0  0  0
  1  9  1  0  0  0
  1  2  1  0  0  0
  2 12  2  0  0  0
  2  3  1  0  0  0
  3  8  1  0  0  0
  3  4  2  0  0  0
  4  5  1  0  0  0
  4 10  1  0  0  0
  5  6  1  0  0  0
  6  7  1  0  0  0
  7  8  1  0  0  0
  8  9  1  0  0  0
 10 11  2  0  0  0
 11 12  1  0  0  0
M  END
$$$$
c12c3cccc1CCCN2CC3
  -ISIS-

 12 14  0  0  0  0  0  0  0  0  1
   -1.9250    6.5883   -4.4335  C  0  0  0  0  0
   -2.9311    5.8304   -5.2044  C  0  0  0  0  0
   -3.0320    6.4709   -6.4405  C  0  0  0  0  0
   -3.9099    6.0864   -7.4466  C  0  0  0  0  0
   -3.9937    6.9124   -8.7112  C  0  0  0  0  0
   -2.6911    7.7146   -8.9178  C  0  0  0  0  0
   -2.2254    8.4932   -7.6558  C  0  0  0  0  0
   -2.1712    7.5724   -6.5114  N  0  0  0  0  0
   -1.5521    7.7882   -5.2813  C  0  0  0  0  0
   -4.7336    4.9864   -7.1714  C  0  0  0  0  0
   -4.6441    4.3090   -5.9423  C  0  0  0  0  0
   -3.7415    4.7370   -4.9552  C  0  0  0  0  0
  1  9  1  0  0  0
  1  2  1  0  0  0
  2 12  2  0  0  0
  2  3  1  0  0  0
  3  8  1  0  0  0
  3  4  2  0  0  0
  4  5  1  0  0  0
  4 10  1  0  0  0
  5  6  1  0  0  0
  6  7  1  0  0  0
  7  8  1  0  0  0
  8  9  1  0  0  0
 10 11  2  0  0  0
 11 12  1  0  0  0
M  END
$$$$
c12c3cccc1CCCN2CC3
  -ISIS-

 12 14  0  0  0  0  0  0  0  0  1
   -1.9250    6.5883   -4.4335  C  0  0  0  0  0
   -2.9311    5.8304   -5.2044  C  0  0  0  0  0
   -3.0320    6.4709   -6.4405  C  0  0  0  0  0
   -3.9099    6.0864   -7.4466  C  0  0  0  0  0
   -3.9937    6.9124   -8.7112  C  0  0  0  0  0
   -2.6911    7.7146   -8.9178  C  0  0  0  0  0
   -2.2254    8.4932   -7.6558  C  0  0  0  0  0
   -2.1712    7.5724   -6.5114  N  0  0  0  0  0
   -1.5521    7.7882   -5.2813  C  0  0  0  0  0
   -4.7336    4.9864   -7.1714  C  0  0  0  0  0
   -4.6441    4.3090   -5.9423  C  0  0  0  0  0
   -3.7415    4.7370   -4.9552  C  0  0  0  0  0
  1  9  1  0  0  0
  1  2  1  0  0  0
  2 12  2  0  0  0
  2  3  1  0  0  0
  3  8  1  0  0  0
  3  4  2  0  0  0
  4  5  1  0  0  0
  4 10  1  0  0  0
  5  6  1  0  0  0
  6  7  1  0  0  0
  7  8  1  0  0  0
  8  9  1  0  0  0
 10 11  2  0  0  0
 11 12  1  0  0  0
M  END
$$$$
c12c3cccc1CCCN2CC3
  -ISIS-

 12 14  0  0  0  0  0  0  0  0  1
   -1.9250    6.5883   -4.4335  C  0  0  0  0  0
   -2.9311    5.8304   -5.2044  C  0  0  0  0  0
   -3.0320    6.4709   -6.4405  C  0  0  0  0  0
   -3.9099    6.0864   -7.4466  C  0  0  0  0  0
   -3.9937    6.9124   -8.7112  C  0  0  0  0  0
   -2.6911    7.7146   -8.9178  C  0  0  0  0  0
   -2.2254    8.4932   -7.6558  C  0  0  0  0  0
   -2.1712    7.5724   -6.5114  N  0  0  0  0  0
   -1.5521    7.7882   -5.2813  C  0  0  0  0  0
   -4.7336    4.9864   -7.1714  C  0  0  0  0  0
   -4.6441    4.3090   -5.9423  C  0  0  0  0  0
   -3.7415    4.7370   -4.9552  C  0  0  0  0  0
  1  9  1  0  0  0
  1  2  1  0  0  0
  2 12  2  0  0  0
  2  3  1  0  0  0
  3  8  1  0  0  0
  3  4  2  0  0  0
  4  5  1  0  0  0
  4 10  1  0  0  0
  5  6  1  0  0  0
  6  7  1  0  0  0
  7  8  1  0  0  0
  8  9  1  0  0  0
 10 11  2  0  0  0
 11 12  1  0  0  0
M  END
$$$$
c12c3cccc1CCCN2CC3
  -ISIS-

 12 14  0  0  0  0  0  0  0  0  1
   -3.2883   -3.2121   -7.2329  C  0  0  0  0  0
   -2.6951   -3.1812   -5.9572  C  0  0  0  0  0
   -1.5422   -3.9322   -5.6746  C  0  0  0  0  0
   -0.9979   -4.6940   -6.6922  C  0  0  0  0  0
   -1.5407   -4.6956   -7.9688  C  0  0  0  0  0
   -2.6849   -3.9721   -8.2536  C  0  0  0  0  0
   -0.6994   -5.5651   -8.8419  C  0  0  0  0  0
    0.5686   -5.6990   -7.9613  C  0  0  0  0  0
    0.1315   -5.5287   -6.5694  N  0  0  0  0  0
    1.0505   -5.0945   -5.5283  C  0  0  0  0  0
    0.2706   -4.9251   -4.2184  C  0  0  0  0  0
   -0.8274   -3.8581   -4.3533  C  0  0  0  0  0
  1  6  2  0  0  0
  1  2  1  0  0  0
  2  3  2  0  0  0
  3 12  1  0  0  0
  3  4  1  0  0  0
  4  9  1  0  0  0
  4  5  2  0  0  0
  5  6  1  0  0  0
  5  7  1  0  0  0
  7  8  1  0  0  0
  8  9  1  0  0  0
  9 10  1  0  0  0
 10 11  1  0  0  0
 11 12  1  0  0  0
M  END
$$$$
c12c3cccc1CCCN2CC3
  -ISIS-

 12 14  0  0  0  0  0  0  0  0  1
    1.8859   -1.2511    4.0418  C  0  0  0  0  0
    0.8767   -2.1188    4.4499  N  0  0  0  0  0
    0.6311   -2.6425    5.7753  C  0  0  0  0  0
   -0.2183   -3.9191    5.7227  C  0  0  0  0  0
   -1.4933   -3.7334    4.8787  C  0  0  0  0  0
   -1.1843   -3.0973    3.5544  C  0  0  0  0  0
   -0.0418   -2.3306    3.4326  C  0  0  0  0  0
    0.3366   -1.6640    2.2763  C  0  0  0  0  0
    1.6198   -0.9187    2.5413  C  0  0  0  0  0
   -0.4672   -1.7457    1.1547  C  0  0  0  0  0
   -1.6423   -2.5093    1.2378  C  0  0  0  0  0
   -2.0036   -3.1757    2.4287  C  0  0  0  0  0
  1  9  1  0  0  0
  1  2  1  0  0  0
  2  7  1  0  0  0
  2  3  1  0  0  0
  3  4  1  0  0  0
  4  5  1  0  0  0
  5  6  1  0  0  0
  6 12  2  0  0  0
  6  7  2  0  0  0
  7  8  2  0  0  0
  8  9  1  0  0  0
  8 10  1  0  0  0
 10 11  2  0  0  0
 11 12  1  0  0  0
M  END
$$$$
c12c3cccc1CCCN2CC3
  -ISIS-

 12 14  0  0  0  0  0  0  0  0  1
    1.8859   -1.2511    4.0418  C  0  0  0  0  0
    0.8767   -2.1188    4.4499  N  0  0  0  0  0
    0.6311   -2.6425    5.7753  C  0  0  0  0  0
   -0.2183   -3.9191    5.7227  C  0  0  0  0  0
   -1.4933   -3.7334    4.8787  C  0  0  0  0  0
   -1.1843   -3.0973    3.5544  C  0  0  0  0  0
   -0.0418   -2.3306    3.4326  C  0  0  0  0  0
    0.3366   -1.6640    2.2763  C  0  0  0  0  0
    1.6198   -0.9187    2.5413  C  0  0  0  0  0
   -0.4672   -1.7457    1.1547  C  0  0  0  0  0
   -1.6423   -2.5093    1.2378  C  0  0  0  0  0
   -2.0036   -3.1757    2.4287  C  0  0  0  0  0
  1  9  1  0  0  0
  1  2  1  0  0  0
  2  7  1  0  0  0
  2  3  1  0  0  0
  3  4  1  0  0  0
  4  5  1  0  0  0
  5  6  1  0  0  0
  6 12  2  0  0  0
  6  7  2  0  0  0
  7  8  2  0  0  0
  8  9  1  0  0  0
  8 10  1  0  0  0
 10 11  2  0  0  0
 11 12  1  0  0  0
M  END
$$$$
c12c3cccc1CCCN2CC3
  -ISIS-

 12 14  0  0  0  0  0  0  0  0  1
    0.6892    3.2120    1.7695  C  0  0  0  0  0
    0.6697    3.7959    3.0454  C  0  0  0  0  0
   -0.2732    4.9049    3.4180  C  0  0  0  0  0
    0.0408    5.5008    4.7992  C  0  0  0  0  0
    0.4147    4.4072    5.8075  C  0  0  0  0  0
    1.6123    3.7250    5.3406  N  0  0  0  0  0
    1.4894    3.2503    4.0161  C  0  0  0  0  0
    2.2789    2.1378    3.7599  C  0  0  0  0  0
    2.3151    1.5669    2.4996  C  0  0  0  0  0
    1.5397    2.1252    1.4651  C  0  0  0  0  0
    2.9820    1.7539    5.0175  C  0  0  0  0  0
    2.1586    2.5610    6.0520  C  0  0  0  0  0
  1 10  2  0  0  0
  1  2  1  0  0  0
  2  7  2  0  0  0
  2  3  1  0  0  0
  3  4  1  0  0  0
  4  5  1  0  0  0
  5  6  1  0  0  0
  6 12  1  0  0  0
  6  7  1  0  0  0
  7  8  1  0  0  0
  8  9  2  0  0  0
  8 11  1  0  0  0
  9 10  1  0  0  0
 11 12  1  0  0  0
M  END
$$$$
c12c3cccc1CCCN2CC3
  -ISIS-

 12 14  0  0  0  0  0  0  0  0  1
   -6.3225    2.2771   -7.7891  N  0  0  0  0  0
   -5.5826    1.9472   -6.5673  C  0  0  0  0  0
   -6.0808    0.5563   -6.1143  C  0  0  0  0  0
   -7.1579    0.2639   -7.1147  C  0  0  0  0  0
   -7.2404    1.2836   -8.0520  C  0  0  0  0  0
   -8.1391    1.2816   -9.0855  C  0  0  0  0  0
   -8.1301    2.4218  -10.0133  C  0  0  0  0  0
   -7.0911    3.5462   -9.7939  C  0  0  0  0  0
   -6.1921    3.4216   -8.5307  C  0  0  0  0  0
   -9.0069    0.1938   -9.1941  C  0  0  0  0  0
   -8.9374   -0.8543   -8.2560  C  0  0  0  0  0
   -8.0069   -0.8242   -7.2068  C  0  0  0  0  0
  1  9  1  0  0  0
  1  5  1  0  0  0
  1  2  1  0  0  0
  2  3  1  0  0  0
  3  4  1  0  0  0
  4 12  2  0  0  0
  4  5  1  0  0  0
  5  6  2  0  0  0
  6  7  1  0  0  0
  6 10  1  0  0  0
  7  8  1  0  0  0
  8  9  1  0  0  0
 10 11  2  0  0  0
 11 12  1  0  0  0
M  END
$$$$
c12c3cccc1CCCN2CC3
  -ISIS-

 12 14  0  0  0  0  0  0  0  0  1
   -6.3225    2.2771   -7.7891  N  0  0  0  0  0
   -5.5826    1.9472   -6.5673  C  0  0  0  0  0
   -6.0808    0.5563   -6.1143  C  0  0  0  0  0
   -7.1579    0.2639   -7.1147  C  0  0  0  0  0
   -7.2404    1.2836   -8.0520  C  0  0  0  0  0
   -8.1391    1.2816   -9.0855  C  0  0  0  0  0
   -8.1301    2.4218  -10.0133  C  0  0  0  0  0
   -7.0911    3.5462   -9.7939  C  0  0  0  0  0
   -6.1921    3.4216   -8.5307  C  0  0  0  0  0
   -9.0069    0.1938   -9.1941  C  0  0  0  0  0
   -8.9374   -0.8543   -8.2560  C  0  0  0  0  0
   -8.0069   -0.8242   -7.2068  C  0  0  0  0  0
  1  9  1  0  0  0
  1  5  1  0  0  0
  1  2  1  0  0  0
  2  3  1  0  0  0
  3  4  1  0  0  0
  4 12  2  0  0  0
  4  5  1  0  0  0
  5  6  2  0  0  0
  6  7  1  0  0  0
  6 10  1  0  0  0
  7  8  1  0  0  0
  8  9  1  0  0  0
 10 11  2  0  0  0
 11 12  1  0  0  0
M  END
$$$$
c12c3cccc1CCCN2CC3
  -ISIS-

 12 14  0  0  0  0  0  0  0  0  1
   -6.3225    2.2771   -7.7891  N  0  0  0  0  0
   -5.5826    1.9472   -6.5673  C  0  0  0  0  0
   -6.0808    0.5563   -6.1143  C  0  0  0  0  0
   -7.1579    0.2639   -7.1147  C  0  0  0  0  0
   -7.2404    1.2836   -8.0520  C  0  0  0  0  0
   -8.1391    1.2816   -9.0855  C  0  0  0  0  0
   -8.1301    2.4218  -10.0133  C  0  0  0  0  0
   -7.0911    3.5462   -9.7939  C  0  0  0  0  0
   -6.1921    3.4216   -8.5307  C  0  0  0  0  0
   -9.0069    0.1938   -9.1941  C  0  0  0  0  0
   -8.9374   -0.8543   -8.2560  C  0  0  0  0  0
   -8.0069   -0.8242   -7.2068  C  0  0  0  0  0
  1  9  1  0  0  0
  1  5  1  0  0  0
  1  2  1  0  0  0
  2  3  1  0  0  0
  3  4  1  0  0  0
  4 12  2  0  0  0
  4  5  1  0  0  0
  5  6  2  0  0  0
  6  7  1  0  0  0
  6 10  1  0  0  0
  7  8  1  0  0  0
  8  9  1  0  0  0
 10 11  2  0  0  0
 11 12  1  0  0  0
M  END
$$$$
c12c3cccc1CCCN2CC3
  -ISIS-

 12 14  0  0  0  0  0  0  0  0  1
    0.3724   -4.3527    2.2521  N  0  0  0  0  0
   -0.7888   -3.6099    2.0083  C  0  0  0  0  0
   -0.6162   -2.6918    0.9818  C  0  0  0  0  0
    0.7654   -2.8254    0.5359  C  0  0  0  0  0
    1.4074   -3.8802    1.4595  C  0  0  0  0  0
   -1.6314   -1.8554    0.5682  C  0  0  0  0  0
   -2.8537   -1.9612    1.2391  C  0  0  0  0  0
   -3.0260   -2.8821    2.2963  C  0  0  0  0  0
   -1.9793   -3.7248    2.6994  C  0  0  0  0  0
   -2.0964   -4.7024    3.8377  C  0  0  0  0  0
   -0.9803   -5.7707    3.7739  C  0  0  0  0  0
    0.4484   -5.2682    3.3967  C  0  0  0  0  0
  1  5  1  0  0  0
  1 12  1  0  0  0
  1  2  1  0  0  0
  2  9  2  0  0  0
  2  3  1  0  0  0
  3  4  1  0  0  0
  3  6  2  0  0  0
  4  5  1  0  0  0
  6  7  1  0  0  0
  7  8  2  0  0  0
  8  9  1  0  0  0
  9 10  1  0  0  0
 10 11  1  0  0  0
 11 12  1  0  0  0
M  END
$$$$
c12c3cccc1CCCN2CC3
  -ISIS-

 12 14  0  0  0  0  0  0  0  0  1
    0.3724   -4.3527    2.2521  N  0  0  0  0  0
   -0.7888   -3.6099    2.0083  C  0  0  0  0  0
   -0.6162   -2.6918    0.9818  C  0  0  0  0  0
    0.7654   -2.8254    0.5359  C  0  0  0  0  0
    1.4074   -3.8802    1.4595  C  0  0  0  0  0
   -1.6314   -1.8554    0.5682  C  0  0  0  0  0
   -2.8537   -1.9612    1.2391  C  0  0  0  0  0
   -3.0260   -2.8821    2.2963  C  0  0  0  0  0
   -1.9793   -3.7248    2.6994  C  0  0  0  0  0
   -2.0964   -4.7024    3.8377  C  0  0  0  0  0
   -0.9803   -5.7707    3.7739  C  0  0  0  0  0
    0.4484   -5.2682    3.3967  C  0  0  0  0  0
  1  5  1  0  0  0
  1 12  1  0  0  0
  1  2  1  0  0  0
  2  9  2  0  0  0
  2  3  1  0  0  0
  3  4  1  0  0  0
  3  6  2  0  0  0
  4  5  1  0  0  0
  6  7  1  0  0  0
  7  8  2  0  0  0
  8  9  1  0  0  0
  9 10  1  0  0  0
 10 11  1  0  0  0
 11 12  1  0  0  0
M  END
$$$$
c12c3cccc1CCCN2CC3
  -ISIS-

 12 14  0  0  0  0  0  0  0  0  1
    0.3724   -4.3527    2.2521  N  0  0  0  0  0
   -0.7888   -3.6099    2.0083  C  0  0  0  0  0
   -0.6162   -2.6918    0.9818  C  0  0  0  0  0
    0.7654   -2.8254    0.5359  C  0  0  0  0  0
    1.4074   -3.8802    1.4595  C  0  0  0  0  0
   -1.6314   -1.8554    0.5682  C  0  0  0  0  0
   -2.8537   -1.9612    1.2391  C  0  0  0  0  0
   -3.0260   -2.8821    2.2963  C  0  0  0  0  0
   -1.9793   -3.7248    2.6994  C  0  0  0  0  0
   -2.0964   -4.7024    3.8377  C  0  0  0  0  0
   -0.9803   -5.7707    3.7739  C  0  0  0  0  0
    0.4484   -5.2682    3.3967  C  0  0  0  0  0
  1  5  1  0  0  0
  1 12  1  0  0  0
  1  2  1  0  0  0
  2  9  2  0  0  0
  2  3  1  0  0  0
  3  4  1  0  0  0
  3  6  2  0  0  0
  4  5  1  0  0  0
  6  7  1  0  0  0
  7  8  2  0  0  0
  8  9  1  0  0  0
  9 10  1  0  0  0
 10 11  1  0  0  0
 11 12  1  0  0  0
M  END
$$$$
c12c3cccc1CCCN2CC3
  -ISIS-

 12 14  0  0  0  0  0  0  0  0  1
    0.3724   -4.3527    2.2521  N  0  0  0  0  0
   -0.7888   -3.6099    2.0083  C  0  0  0  0  0
   -0.6162   -2.6918    0.9818  C  0  0  0  0  0
    0.7654   -2.8254    0.5359  C  0  0  0  0  0
    1.4074   -3.8802    1.4595  C  0  0  0  0  0
   -1.6314   -1.8554    0.5682  C  0  0  0  0  0
   -2.8537   -1.9612    1.2391  C  0  0  0  0  0
   -3.0260   -2.8821    2.2963  C  0  0  0  0  0
   -1.9793   -3.7248    2.6994  C  0  0  0  0  0
   -2.0964   -4.7024    3.8377  C  0  0  0  0  0
   -0.9803   -5.7707    3.7739  C  0  0  0  0  0
    0.4484   -5.2682    3.3967  C  0  0  0  0  0
  1  5  1  0  0  0
  1 12  1  0  0  0
  1  2  1  0  0  0
  2  9  2  0  0  0
  2  3  1  0  0  0
  3  4  1  0  0  0
  3  6  2  0  0  0
  4  5  1  0  0  0
  6  7  1  0  0  0
  7  8  2  0  0  0
  8  9  1  0  0  0
  9 10  1  0  0  0
 10 11  1  0  0  0
 11 12  1  0  0  0
M  END
$$$$
