c12c(cccc1)CCC3(C2)CCCC3
  -ISIS-

 14 16  0  0  0  0  0  0  0  0  1
    0.4056   -1.7767   -1.4868  C  0  0  0  0  0
   -0.4955   -0.7034   -0.9831  C  0  0  0  0  0
   -0.3596   -0.2671    0.3422  C  0  0  0  0  0
   -1.2021    0.7229    0.8455  C  0  0  0  0  0
   -2.1838    1.2779    0.0296  C  0  0  0  0  0
   -2.3196    0.8497   -1.2916  C  0  0  0  0  0
   -1.4687   -0.1356   -1.8167  C  0  0  0  0  0
   -1.6527   -0.5727   -3.2464  C  0  0  0  0  0
   -0.3786   -1.2349   -3.8534  C  0  0  0  0  0
    0.1043   -2.3464   -2.8727  C  0  0  0  0  0
    0.6752   -0.1423   -4.1737  C  0  0  0  0  0
    0.2061    0.5145   -5.4726  C  0  0  0  0  0
   -0.7000   -0.4992   -6.1658  C  0  0  0  0  0
   -0.7096   -1.7419   -5.2780  C  0  0  0  0  0
  1 10  1  0  0  0
  1  2  1  0  0  0
  2  7  2  0  0  0
  2  3  1  0  0  0
  3  4  2  0  0  0
  4  5  1  0  0  0
  5  6  2  0  0  0
  6  7  1  0  0  0
  7  8  1  0  0  0
  8  9  1  0  0  0
  9 14  1  0  0  0
  9 10  1  0  0  0
  9 11  1  0  0  0
 11 12  1  0  0  0
 12 13  1  0  0  0
 13 14  1  0  0  0
M  END
$$$$
c12c(cccc1)CCC3(C2)CCCC3
  -ISIS-

 14 16  0  0  0  0  0  0  0  0  1
    0.4056   -1.7767   -1.4868  C  0  0  0  0  0
   -0.4955   -0.7034   -0.9831  C  0  0  0  0  0
   -0.3596   -0.2671    0.3422  C  0  0  0  0  0
   -1.2021    0.7229    0.8455  C  0  0  0  0  0
   -2.1838    1.2779    0.0296  C  0  0  0  0  0
   -2.3196    0.8497   -1.2916  C  0  0  0  0  0
   -1.4687   -0.1356   -1.8167  C  0  0  0  0  0
   -1.6527   -0.5727   -3.2464  C  0  0  0  0  0
   -0.3786   -1.2349   -3.8534  C  0  0  0  0  0
    0.1043   -2.3464   -2.8727  C  0  0  0  0  0
    0.6752   -0.1423   -4.1737  C  0  0  0  0  0
    0.2061    0.5145   -5.4726  C  0  0  0  0  0
   -0.7000   -0.4992   -6.1658  C  0  0  0  0  0
   -0.7096   -1.7419   -5.2780  C  0  0  0  0  0
  1 10  1  0  0  0
  1  2  1  0  0  0
  2  7  2  0  0  0
  2  3  1  0  0  0
  3  4  2  0  0  0
  4  5  1  0  0  0
  5  6  2  0  0  0
  6  7  1  0  0  0
  7  8  1  0  0  0
  8  9  1  0  0  0
  9 14  1  0  0  0
  9 10  1  0  0  0
  9 11  1  0  0  0
 11 12  1  0  0  0
 12 13  1  0  0  0
 13 14  1  0  0  0
M  END
$$$$
