C12c3c(SCC=1CCSO2)cccc3
  -ISIS-

 14 16  0  0  0  0  0  0  0  0  1
   -1.7562    6.3055   -2.1010  S  0  0  0  0  0
   -2.4167    4.7776   -1.5241  C  0  0  0  0  0
   -1.2988    3.9750   -0.8632  C  0  0  0  0  0
   -0.4465    4.7584    0.1272  C  0  0  0  0  0
   -0.5270    6.1050    0.2093  C  0  0  0  0  0
   -1.3119    6.8630   -0.6376  O  0  0  0  0  0
    0.2359    6.8973    1.1974  C  0  0  0  0  0
    1.4406    6.4157    1.7380  C  0  0  0  0  0
    2.0924    4.8258    1.2669  S  0  0  0  0  0
    0.5388    3.9689    0.9573  C  0  0  0  0  0
    2.1756    7.1971    2.6379  C  0  0  0  0  0
    1.7114    8.4543    3.0202  C  0  0  0  0  0
    0.5171    8.9399    2.4977  C  0  0  0  0  0
   -0.2134    8.1699    1.5894  C  0  0  0  0  0
  1  6  1  0  0  0
  1  2  1  0  0  0
  2  3  1  0  0  0
  3  4  1  0  0  0
  4 10  1  0  0  0
  4  5  2  0  0  0
  5  6  1  0  0  0
  5  7  1  0  0  0
  7 14  2  0  0  0
  7  8  1  0  0  0
  8  9  1  0  0  0
  8 11  2  0  0  0
  9 10  1  0  0  0
 11 12  1  0  0  0
 12 13  2  0  0  0
 13 14  1  0  0  0
M  END
$$$$
C12c3c(SCC=1CCSO2)cccc3
  -ISIS-

 14 16  0  0  0  0  0  0  0  0  1
   -1.7562    6.3055   -2.1010  S  0  0  0  0  0
   -2.4167    4.7776   -1.5241  C  0  0  0  0  0
   -1.2988    3.9750   -0.8632  C  0  0  0  0  0
   -0.4465    4.7584    0.1272  C  0  0  0  0  0
   -0.5270    6.1050    0.2093  C  0  0  0  0  0
   -1.3119    6.8630   -0.6376  O  0  0  0  0  0
    0.2359    6.8973    1.1974  C  0  0  0  0  0
    1.4406    6.4157    1.7380  C  0  0  0  0  0
    2.0924    4.8258    1.2669  S  0  0  0  0  0
    0.5388    3.9689    0.9573  C  0  0  0  0  0
    2.1756    7.1971    2.6379  C  0  0  0  0  0
    1.7114    8.4543    3.0202  C  0  0  0  0  0
    0.5171    8.9399    2.4977  C  0  0  0  0  0
   -0.2134    8.1699    1.5894  C  0  0  0  0  0
  1  6  1  0  0  0
  1  2  1  0  0  0
  2  3  1  0  0  0
  3  4  1  0  0  0
  4 10  1  0  0  0
  4  5  2  0  0  0
  5  6  1  0  0  0
  5  7  1  0  0  0
  7 14  2  0  0  0
  7  8  1  0  0  0
  8  9  1  0  0  0
  8 11  2  0  0  0
  9 10  1  0  0  0
 11 12  1  0  0  0
 12 13  2  0  0  0
 13 14  1  0  0  0
M  END
$$$$
