c12C3(Cc4[c]1[c](ccc2)ccc4)CC3
  -ISIS-

 14 17  0  0  0  0  0  0  0  0  1
    0.7189    9.9427    3.3327  C  0  0  0  0  0
    1.9942   10.6895    3.2927  C  0  0  0  0  0
    2.7518   11.1955    4.3318  C  0  0  0  0  0
    3.9394   11.8651    4.0049  C  0  0  0  0  0
    4.3461   12.0141    2.6605  C  0  0  0  0  0
    3.5631   11.4890    1.6108  C  0  0  0  0  0
    2.3897   10.8319    1.9799  C  0  0  0  0  0
    1.4913   10.2474    1.1025  C  0  0  0  0  0
    0.3591    9.6349    1.8946  C  0  0  0  0  0
   -1.0574    9.6223    1.3633  C  0  0  0  0  0
   -0.2651    8.3248    1.4802  C  0  0  0  0  0
    1.7692   10.3162   -0.2561  C  0  0  0  0  0
    2.9374   10.9679   -0.6875  C  0  0  0  0  0
    3.8303   11.5507    0.2324  C  0  0  0  0  0
  1  9  1  0  0  0
  1  2  1  0  0  0
  2  7  2  0  0  0
  2  3  1  0  0  0
  3  4  2  0  0  0
  4  5  1  0  0  0
  5  6  2  0  0  0
  6 14  1  0  0  0
  6  7  2  0  0  0
  7  8  1  0  0  0
  8  9  1  0  0  0
  8 12  2  0  0  0
  9 11  1  0  0  0
  9 10  1  0  0  0
 10 11  1  0  0  0
 12 13  1  0  0  0
 13 14  2  0  0  0
M  END
$$$$
c12C3(Cc4[c]1[c](ccc2)ccc4)CC3
  -ISIS-

 14 17  0  0  0  0  0  0  0  0  1
    0.7189    9.9427    3.3327  C  0  0  0  0  0
    1.9942   10.6895    3.2927  C  0  0  0  0  0
    2.7518   11.1955    4.3318  C  0  0  0  0  0
    3.9394   11.8651    4.0049  C  0  0  0  0  0
    4.3461   12.0141    2.6605  C  0  0  0  0  0
    3.5631   11.4890    1.6108  C  0  0  0  0  0
    2.3897   10.8319    1.9799  C  0  0  0  0  0
    1.4913   10.2474    1.1025  C  0  0  0  0  0
    0.3591    9.6349    1.8946  C  0  0  0  0  0
   -1.0574    9.6223    1.3633  C  0  0  0  0  0
   -0.2651    8.3248    1.4802  C  0  0  0  0  0
    1.7692   10.3162   -0.2561  C  0  0  0  0  0
    2.9374   10.9679   -0.6875  C  0  0  0  0  0
    3.8303   11.5507    0.2324  C  0  0  0  0  0
  1  9  1  0  0  0
  1  2  1  0  0  0
  2  7  2  0  0  0
  2  3  1  0  0  0
  3  4  2  0  0  0
  4  5  1  0  0  0
  5  6  2  0  0  0
  6 14  1  0  0  0
  6  7  2  0  0  0
  7  8  1  0  0  0
  8  9  1  0  0  0
  8 12  2  0  0  0
  9 11  1  0  0  0
  9 10  1  0  0  0
 10 11  1  0  0  0
 12 13  1  0  0  0
 13 14  2  0  0  0
M  END
$$$$
c12C3(Cc4[c]1[c](ccc2)ccc4)CC3
  -ISIS-

 14 17  0  0  0  0  0  0  0  0  1
    0.7189    9.9427    3.3327  C  0  0  0  0  0
    1.9942   10.6895    3.2927  C  0  0  0  0  0
    2.7518   11.1955    4.3318  C  0  0  0  0  0
    3.9394   11.8651    4.0049  C  0  0  0  0  0
    4.3461   12.0141    2.6605  C  0  0  0  0  0
    3.5631   11.4890    1.6108  C  0  0  0  0  0
    2.3897   10.8319    1.9799  C  0  0  0  0  0
    1.4913   10.2474    1.1025  C  0  0  0  0  0
    0.3591    9.6349    1.8946  C  0  0  0  0  0
   -1.0574    9.6223    1.3633  C  0  0  0  0  0
   -0.2651    8.3248    1.4802  C  0  0  0  0  0
    1.7692   10.3162   -0.2561  C  0  0  0  0  0
    2.9374   10.9679   -0.6875  C  0  0  0  0  0
    3.8303   11.5507    0.2324  C  0  0  0  0  0
  1  9  1  0  0  0
  1  2  1  0  0  0
  2  7  2  0  0  0
  2  3  1  0  0  0
  3  4  2  0  0  0
  4  5  1  0  0  0
  5  6  2  0  0  0
  6 14  1  0  0  0
  6  7  2  0  0  0
  7  8  1  0  0  0
  8  9  1  0  0  0
  8 12  2  0  0  0
  9 11  1  0  0  0
  9 10  1  0  0  0
 10 11  1  0  0  0
 12 13  1  0  0  0
 13 14  2  0  0  0
M  END
$$$$
c12C3(Cc4[c]1[c](ccc2)ccc4)CC3
  -ISIS-

 14 17  0  0  0  0  0  0  0  0  1
   -3.9999   10.7304   -2.8983  C  0  0  0  0  0
   -5.3117   11.2458   -2.4510  C  0  0  0  0  0
   -5.8462   12.5151   -2.5692  C  0  0  0  0  0
   -7.1267   12.7345   -2.0419  C  0  0  0  0  0
   -7.8429   11.6936   -1.4112  C  0  0  0  0  0
   -7.2838   10.4031   -1.2977  C  0  0  0  0  0
   -6.0089   10.2279   -1.8363  C  0  0  0  0  0
   -5.2929    9.0423   -1.8262  C  0  0  0  0  0
   -3.9608    9.2655   -2.5088  C  0  0  0  0  0
   -2.7261    8.4971   -2.1114  C  0  0  0  0  0
   -3.3894    8.2220   -3.4531  C  0  0  0  0  0
   -5.8821    7.9320   -1.2355  C  0  0  0  0  0
   -7.1662    8.0489   -0.6756  C  0  0  0  0  0
   -7.8658    9.2704   -0.7032  C  0  0  0  0  0
  1  9  1  0  0  0
  1  2  1  0  0  0
  2  7  2  0  0  0
  2  3  1  0  0  0
  3  4  2  0  0  0
  4  5  1  0  0  0
  5  6  2  0  0  0
  6 14  1  0  0  0
  6  7  2  0  0  0
  7  8  1  0  0  0
  8  9  1  0  0  0
  8 12  2  0  0  0
  9 11  1  0  0  0
  9 10  1  0  0  0
 10 11  1  0  0  0
 12 13  1  0  0  0
 13 14  2  0  0  0
M  END
$$$$
c12C3(Cc4[c]1[c](ccc2)ccc4)CC3
  -ISIS-

 14 17  0  0  0  0  0  0  0  0  1
   -3.9999   10.7304   -2.8983  C  0  0  0  0  0
   -5.3117   11.2458   -2.4510  C  0  0  0  0  0
   -5.8462   12.5151   -2.5692  C  0  0  0  0  0
   -7.1267   12.7345   -2.0419  C  0  0  0  0  0
   -7.8429   11.6936   -1.4112  C  0  0  0  0  0
   -7.2838   10.4031   -1.2977  C  0  0  0  0  0
   -6.0089   10.2279   -1.8363  C  0  0  0  0  0
   -5.2929    9.0423   -1.8262  C  0  0  0  0  0
   -3.9608    9.2655   -2.5088  C  0  0  0  0  0
   -2.7261    8.4971   -2.1114  C  0  0  0  0  0
   -3.3894    8.2220   -3.4531  C  0  0  0  0  0
   -5.8821    7.9320   -1.2355  C  0  0  0  0  0
   -7.1662    8.0489   -0.6756  C  0  0  0  0  0
   -7.8658    9.2704   -0.7032  C  0  0  0  0  0
  1  9  1  0  0  0
  1  2  1  0  0  0
  2  7  2  0  0  0
  2  3  1  0  0  0
  3  4  2  0  0  0
  4  5  1  0  0  0
  5  6  2  0  0  0
  6 14  1  0  0  0
  6  7  2  0  0  0
  7  8  1  0  0  0
  8  9  1  0  0  0
  8 12  2  0  0  0
  9 11  1  0  0  0
  9 10  1  0  0  0
 10 11  1  0  0  0
 12 13  1  0  0  0
 13 14  2  0  0  0
M  END
$$$$
c12C3(Cc4[c]1[c](ccc2)ccc4)CC3
  -ISIS-

 14 17  0  0  0  0  0  0  0  0  1
   -3.9999   10.7304   -2.8983  C  0  0  0  0  0
   -5.3117   11.2458   -2.4510  C  0  0  0  0  0
   -5.8462   12.5151   -2.5692  C  0  0  0  0  0
   -7.1267   12.7345   -2.0419  C  0  0  0  0  0
   -7.8429   11.6936   -1.4112  C  0  0  0  0  0
   -7.2838   10.4031   -1.2977  C  0  0  0  0  0
   -6.0089   10.2279   -1.8363  C  0  0  0  0  0
   -5.2929    9.0423   -1.8262  C  0  0  0  0  0
   -3.9608    9.2655   -2.5088  C  0  0  0  0  0
   -2.7261    8.4971   -2.1114  C  0  0  0  0  0
   -3.3894    8.2220   -3.4531  C  0  0  0  0  0
   -5.8821    7.9320   -1.2355  C  0  0  0  0  0
   -7.1662    8.0489   -0.6756  C  0  0  0  0  0
   -7.8658    9.2704   -0.7032  C  0  0  0  0  0
  1  9  1  0  0  0
  1  2  1  0  0  0
  2  7  2  0  0  0
  2  3  1  0  0  0
  3  4  2  0  0  0
  4  5  1  0  0  0
  5  6  2  0  0  0
  6 14  1  0  0  0
  6  7  2  0  0  0
  7  8  1  0  0  0
  8  9  1  0  0  0
  8 12  2  0  0  0
  9 11  1  0  0  0
  9 10  1  0  0  0
 10 11  1  0  0  0
 12 13  1  0  0  0
 13 14  2  0  0  0
M  END
$$$$
