c12c(cccc1)NC3C=CC=CC3S2
  -ISIS-

 14 16  0  0  0  0  0  0  0  0  1
   -2.4460    5.0772    5.7022  N  0  0  0  0  0
   -3.4015    4.0900    6.2110  C  0  0  0  0  0
   -3.8198    2.9678    5.4539  C  0  0  0  0  0
   -3.2895    2.5943    3.7859  S  0  0  0  0  0
   -1.8408    3.6686    3.7387  C  0  0  0  0  0
   -2.2532    5.0883    4.2258  C  0  0  0  0  0
   -1.1953    6.0933    3.7758  C  0  0  0  0  0
   -0.4189    5.8874    2.6991  C  0  0  0  0  0
   -0.5427    4.6932    1.9020  C  0  0  0  0  0
   -1.2078    3.6284    2.3721  C  0  0  0  0  0
   -4.7478    2.0534    5.9879  C  0  0  0  0  0
   -5.2755    2.2265    7.2626  C  0  0  0  0  0
   -4.8913    3.3260    8.0126  C  0  0  0  0  0
   -3.9737    4.2456    7.4919  C  0  0  0  0  0
  1  6  1  0  0  0
  1  2  1  0  0  0
  2 14  2  0  0  0
  2  3  1  0  0  0
  3  4  1  0  0  0
  3 11  2  0  0  0
  4  5  1  0  0  0
  5 10  1  0  0  0
  5  6  1  0  0  0
  6  7  1  0  0  0
  7  8  2  0  0  0
  8  9  1  0  0  0
  9 10  2  0  0  0
 11 12  1  0  0  0
 12 13  2  0  0  0
 13 14  1  0  0  0
M  END
$$$$
