c12C34C(CC(c1cccc2)OC3)CCCC4
  -ISIS-

 16 19  0  0  0  0  0  0  0  0  1
    0.5242   -4.6411   -0.3205  C  0  0  0  0  0
   -0.8399   -4.4823   -0.2741  O  0  0  0  0  0
   -1.3971   -3.7608   -1.3880  C  0  0  0  0  0
   -0.6911   -2.4265   -1.4557  C  0  0  0  0  0
    0.7146   -2.5321   -1.5700  C  0  0  0  0  0
    1.1720   -3.9937   -1.5880  C  0  0  0  0  0
    0.4631   -4.7065   -2.8006  C  0  0  0  0  0
   -1.0824   -4.5577   -2.6608  C  0  0  0  0  0
    1.0554   -4.3404   -4.2143  C  0  0  0  0  0
    2.5446   -3.9200   -4.1068  C  0  0  0  0  0
    3.2824   -4.6058   -2.9714  C  0  0  0  0  0
    2.6846   -4.3129   -1.5938  C  0  0  0  0  0
    1.4480   -1.3611   -1.6424  C  0  0  0  0  0
    0.8015   -0.1169   -1.5703  C  0  0  0  0  0
   -0.5918   -0.0014   -1.4767  C  0  0  0  0  0
   -1.3379   -1.1892   -1.4172  C  0  0  0  0  0
  1  6  1  0  0  0
  1  2  1  0  0  0
  2  3  1  0  0  0
  3  8  1  0  0  0
  3  4  1  0  0  0
  4 16  2  0  0  0
  4  5  1  0  0  0
  5  6  1  0  0  0
  5 13  2  0  0  0
  6 12  1  0  0  0
  6  7  1  0  0  0
  7  8  1  0  0  0
  7  9  1  0  0  0
  9 10  1  0  0  0
 10 11  1  0  0  0
 11 12  1  0  0  0
 13 14  1  0  0  0
 14 15  2  0  0  0
 15 16  1  0  0  0
M  END
$$$$
c12C34C(CC(c1cccc2)OC3)CCCC4
  -ISIS-

 16 19  0  0  0  0  0  0  0  0  1
    0.5242   -4.6411   -0.3205  C  0  0  0  0  0
   -0.8399   -4.4823   -0.2741  O  0  0  0  0  0
   -1.3971   -3.7608   -1.3880  C  0  0  0  0  0
   -0.6911   -2.4265   -1.4557  C  0  0  0  0  0
    0.7146   -2.5321   -1.5700  C  0  0  0  0  0
    1.1720   -3.9937   -1.5880  C  0  0  0  0  0
    0.4631   -4.7065   -2.8006  C  0  0  0  0  0
   -1.0824   -4.5577   -2.6608  C  0  0  0  0  0
    1.0554   -4.3404   -4.2143  C  0  0  0  0  0
    2.5446   -3.9200   -4.1068  C  0  0  0  0  0
    3.2824   -4.6058   -2.9714  C  0  0  0  0  0
    2.6846   -4.3129   -1.5938  C  0  0  0  0  0
    1.4480   -1.3611   -1.6424  C  0  0  0  0  0
    0.8015   -0.1169   -1.5703  C  0  0  0  0  0
   -0.5918   -0.0014   -1.4767  C  0  0  0  0  0
   -1.3379   -1.1892   -1.4172  C  0  0  0  0  0
  1  6  1  0  0  0
  1  2  1  0  0  0
  2  3  1  0  0  0
  3  8  1  0  0  0
  3  4  1  0  0  0
  4 16  2  0  0  0
  4  5  1  0  0  0
  5  6  1  0  0  0
  5 13  2  0  0  0
  6 12  1  0  0  0
  6  7  1  0  0  0
  7  8  1  0  0  0
  7  9  1  0  0  0
  9 10  1  0  0  0
 10 11  1  0  0  0
 11 12  1  0  0  0
 13 14  1  0  0  0
 14 15  2  0  0  0
 15 16  1  0  0  0
M  END
$$$$
c12C34C(CC(c1cccc2)OC3)CCCC4
  -ISIS-

 16 19  0  0  0  0  0  0  0  0  1
    0.5242   -4.6411   -0.3205  C  0  0  0  0  0
   -0.8399   -4.4823   -0.2741  O  0  0  0  0  0
   -1.3971   -3.7608   -1.3880  C  0  0  0  0  0
   -0.6911   -2.4265   -1.4557  C  0  0  0  0  0
    0.7146   -2.5321   -1.5700  C  0  0  0  0  0
    1.1720   -3.9937   -1.5880  C  0  0  0  0  0
    0.4631   -4.7065   -2.8006  C  0  0  0  0  0
   -1.0824   -4.5577   -2.6608  C  0  0  0  0  0
    1.0554   -4.3404   -4.2143  C  0  0  0  0  0
    2.5446   -3.9200   -4.1068  C  0  0  0  0  0
    3.2824   -4.6058   -2.9714  C  0  0  0  0  0
    2.6846   -4.3129   -1.5938  C  0  0  0  0  0
    1.4480   -1.3611   -1.6424  C  0  0  0  0  0
    0.8015   -0.1169   -1.5703  C  0  0  0  0  0
   -0.5918   -0.0014   -1.4767  C  0  0  0  0  0
   -1.3379   -1.1892   -1.4172  C  0  0  0  0  0
  1  6  1  0  0  0
  1  2  1  0  0  0
  2  3  1  0  0  0
  3  8  1  0  0  0
  3  4  1  0  0  0
  4 16  2  0  0  0
  4  5  1  0  0  0
  5  6  1  0  0  0
  5 13  2  0  0  0
  6 12  1  0  0  0
  6  7  1  0  0  0
  7  8  1  0  0  0
  7  9  1  0  0  0
  9 10  1  0  0  0
 10 11  1  0  0  0
 11 12  1  0  0  0
 13 14  1  0  0  0
 14 15  2  0  0  0
 15 16  1  0  0  0
M  END
$$$$
c12C34C(CC(c1cccc2)OC3)CCCC4
  -ISIS-

 16 19  0  0  0  0  0  0  0  0  1
    0.5242   -4.6411   -0.3205  C  0  0  0  0  0
   -0.8399   -4.4823   -0.2741  O  0  0  0  0  0
   -1.3971   -3.7608   -1.3880  C  0  0  0  0  0
   -0.6911   -2.4265   -1.4557  C  0  0  0  0  0
    0.7146   -2.5321   -1.5700  C  0  0  0  0  0
    1.1720   -3.9937   -1.5880  C  0  0  0  0  0
    0.4631   -4.7065   -2.8006  C  0  0  0  0  0
   -1.0824   -4.5577   -2.6608  C  0  0  0  0  0
    1.0554   -4.3404   -4.2143  C  0  0  0  0  0
    2.5446   -3.9200   -4.1068  C  0  0  0  0  0
    3.2824   -4.6058   -2.9714  C  0  0  0  0  0
    2.6846   -4.3129   -1.5938  C  0  0  0  0  0
    1.4480   -1.3611   -1.6424  C  0  0  0  0  0
    0.8015   -0.1169   -1.5703  C  0  0  0  0  0
   -0.5918   -0.0014   -1.4767  C  0  0  0  0  0
   -1.3379   -1.1892   -1.4172  C  0  0  0  0  0
  1  6  1  0  0  0
  1  2  1  0  0  0
  2  3  1  0  0  0
  3  8  1  0  0  0
  3  4  1  0  0  0
  4 16  2  0  0  0
  4  5  1  0  0  0
  5  6  1  0  0  0
  5 13  2  0  0  0
  6 12  1  0  0  0
  6  7  1  0  0  0
  7  8  1  0  0  0
  7  9  1  0  0  0
  9 10  1  0  0  0
 10 11  1  0  0  0
 11 12  1  0  0  0
 13 14  1  0  0  0
 14 15  2  0  0  0
 15 16  1  0  0  0
M  END
$$$$
c12C34C(CC(c1cccc2)OC3)CCCC4
  -ISIS-

 16 19  0  0  0  0  0  0  0  0  1
    0.5242   -4.6411   -0.3205  C  0  0  0  0  0
   -0.8399   -4.4823   -0.2741  O  0  0  0  0  0
   -1.3971   -3.7608   -1.3880  C  0  0  0  0  0
   -0.6911   -2.4265   -1.4557  C  0  0  0  0  0
    0.7146   -2.5321   -1.5700  C  0  0  0  0  0
    1.1720   -3.9937   -1.5880  C  0  0  0  0  0
    0.4631   -4.7065   -2.8006  C  0  0  0  0  0
   -1.0824   -4.5577   -2.6608  C  0  0  0  0  0
    1.0554   -4.3404   -4.2143  C  0  0  0  0  0
    2.5446   -3.9200   -4.1068  C  0  0  0  0  0
    3.2824   -4.6058   -2.9714  C  0  0  0  0  0
    2.6846   -4.3129   -1.5938  C  0  0  0  0  0
    1.4480   -1.3611   -1.6424  C  0  0  0  0  0
    0.8015   -0.1169   -1.5703  C  0  0  0  0  0
   -0.5918   -0.0014   -1.4767  C  0  0  0  0  0
   -1.3379   -1.1892   -1.4172  C  0  0  0  0  0
  1  6  1  0  0  0
  1  2  1  0  0  0
  2  3  1  0  0  0
  3  8  1  0  0  0
  3  4  1  0  0  0
  4 16  2  0  0  0
  4  5  1  0  0  0
  5  6  1  0  0  0
  5 13  2  0  0  0
  6 12  1  0  0  0
  6  7  1  0  0  0
  7  8  1  0  0  0
  7  9  1  0  0  0
  9 10  1  0  0  0
 10 11  1  0  0  0
 11 12  1  0  0  0
 13 14  1  0  0  0
 14 15  2  0  0  0
 15 16  1  0  0  0
M  END
$$$$
c12C34C(CC(c1cccc2)OC3)CCCC4
  -ISIS-

 16 19  0  0  0  0  0  0  0  0  1
   -5.7796   -7.0398    1.6294  C  0  0  0  0  0
   -5.3692   -5.9328    0.6618  C  0  0  0  0  0
   -5.5457   -4.5097    1.2458  C  0  0  0  0  0
   -7.0126   -4.3610    1.7635  C  0  0  0  0  0
   -7.3695   -2.9677    2.3504  C  0  0  0  0  0
   -8.2386   -3.1681    3.5948  C  0  0  0  0  0
   -7.4181   -3.9312    4.6109  C  0  0  0  0  0
   -7.0385   -5.2217    4.1739  C  0  0  0  0  0
   -7.5114   -5.4966    2.7438  C  0  0  0  0  0
   -7.2199   -6.8687    2.1084  C  0  0  0  0  0
   -9.0457   -5.2624    2.7948  C  0  0  0  0  0
   -9.3688   -3.9980    3.2250  O  0  0  0  0  0
   -6.3528   -6.0268    5.0675  C  0  0  0  0  0
   -5.9747   -5.5400    6.3231  C  0  0  0  0  0
   -6.3183   -4.2434    6.7550  C  0  0  0  0  0
   -7.0417   -3.4381    5.8619  C  0  0  0  0  0
  1 10  1  0  0  0
  1  2  1  0  0  0
  2  3  1  0  0  0
  3  4  1  0  0  0
  4  9  1  0  0  0
  4  5  1  0  0  0
  5  6  1  0  0  0
  6 12  1  0  0  0
  6  7  1  0  0  0
  7 16  2  0  0  0
  7  8  1  0  0  0
  8  9  1  0  0  0
  8 13  2  0  0  0
  9 10  1  0  0  0
  9 11  1  0  0  0
 11 12  1  0  0  0
 13 14  1  0  0  0
 14 15  2  0  0  0
 15 16  1  0  0  0
M  END
$$$$
c12C34C(CC(c1cccc2)OC3)CCCC4
  -ISIS-

 16 19  0  0  0  0  0  0  0  0  1
   -5.7796   -7.0398    1.6294  C  0  0  0  0  0
   -5.3692   -5.9328    0.6618  C  0  0  0  0  0
   -5.5457   -4.5097    1.2458  C  0  0  0  0  0
   -7.0126   -4.3610    1.7635  C  0  0  0  0  0
   -7.3695   -2.9677    2.3504  C  0  0  0  0  0
   -8.2386   -3.1681    3.5948  C  0  0  0  0  0
   -7.4181   -3.9312    4.6109  C  0  0  0  0  0
   -7.0385   -5.2217    4.1739  C  0  0  0  0  0
   -7.5114   -5.4966    2.7438  C  0  0  0  0  0
   -7.2199   -6.8687    2.1084  C  0  0  0  0  0
   -9.0457   -5.2624    2.7948  C  0  0  0  0  0
   -9.3688   -3.9980    3.2250  O  0  0  0  0  0
   -6.3528   -6.0268    5.0675  C  0  0  0  0  0
   -5.9747   -5.5400    6.3231  C  0  0  0  0  0
   -6.3183   -4.2434    6.7550  C  0  0  0  0  0
   -7.0417   -3.4381    5.8619  C  0  0  0  0  0
  1 10  1  0  0  0
  1  2  1  0  0  0
  2  3  1  0  0  0
  3  4  1  0  0  0
  4  9  1  0  0  0
  4  5  1  0  0  0
  5  6  1  0  0  0
  6 12  1  0  0  0
  6  7  1  0  0  0
  7 16  2  0  0  0
  7  8  1  0  0  0
  8  9  1  0  0  0
  8 13  2  0  0  0
  9 10  1  0  0  0
  9 11  1  0  0  0
 11 12  1  0  0  0
 13 14  1  0  0  0
 14 15  2  0  0  0
 15 16  1  0  0  0
M  END
$$$$
c12C34C(CC(c1cccc2)OC3)CCCC4
  -ISIS-

 16 19  0  0  0  0  0  0  0  0  1
   -5.7796   -7.0398    1.6294  C  0  0  0  0  0
   -5.3692   -5.9328    0.6618  C  0  0  0  0  0
   -5.5457   -4.5097    1.2458  C  0  0  0  0  0
   -7.0126   -4.3610    1.7635  C  0  0  0  0  0
   -7.3695   -2.9677    2.3504  C  0  0  0  0  0
   -8.2386   -3.1681    3.5948  C  0  0  0  0  0
   -7.4181   -3.9312    4.6109  C  0  0  0  0  0
   -7.0385   -5.2217    4.1739  C  0  0  0  0  0
   -7.5114   -5.4966    2.7438  C  0  0  0  0  0
   -7.2199   -6.8687    2.1084  C  0  0  0  0  0
   -9.0457   -5.2624    2.7948  C  0  0  0  0  0
   -9.3688   -3.9980    3.2250  O  0  0  0  0  0
   -6.3528   -6.0268    5.0675  C  0  0  0  0  0
   -5.9747   -5.5400    6.3231  C  0  0  0  0  0
   -6.3183   -4.2434    6.7550  C  0  0  0  0  0
   -7.0417   -3.4381    5.8619  C  0  0  0  0  0
  1 10  1  0  0  0
  1  2  1  0  0  0
  2  3  1  0  0  0
  3  4  1  0  0  0
  4  9  1  0  0  0
  4  5  1  0  0  0
  5  6  1  0  0  0
  6 12  1  0  0  0
  6  7  1  0  0  0
  7 16  2  0  0  0
  7  8  1  0  0  0
  8  9  1  0  0  0
  8 13  2  0  0  0
  9 10  1  0  0  0
  9 11  1  0  0  0
 11 12  1  0  0  0
 13 14  1  0  0  0
 14 15  2  0  0  0
 15 16  1  0  0  0
M  END
$$$$
c12C34C(CC(c1cccc2)OC3)CCCC4
  -ISIS-

 16 19  0  0  0  0  0  0  0  0  1
   -5.7796   -7.0398    1.6294  C  0  0  0  0  0
   -5.3692   -5.9328    0.6618  C  0  0  0  0  0
   -5.5457   -4.5097    1.2458  C  0  0  0  0  0
   -7.0126   -4.3610    1.7635  C  0  0  0  0  0
   -7.3695   -2.9677    2.3504  C  0  0  0  0  0
   -8.2386   -3.1681    3.5948  C  0  0  0  0  0
   -7.4181   -3.9312    4.6109  C  0  0  0  0  0
   -7.0385   -5.2217    4.1739  C  0  0  0  0  0
   -7.5114   -5.4966    2.7438  C  0  0  0  0  0
   -7.2199   -6.8687    2.1084  C  0  0  0  0  0
   -9.0457   -5.2624    2.7948  C  0  0  0  0  0
   -9.3688   -3.9980    3.2250  O  0  0  0  0  0
   -6.3528   -6.0268    5.0675  C  0  0  0  0  0
   -5.9747   -5.5400    6.3231  C  0  0  0  0  0
   -6.3183   -4.2434    6.7550  C  0  0  0  0  0
   -7.0417   -3.4381    5.8619  C  0  0  0  0  0
  1 10  1  0  0  0
  1  2  1  0  0  0
  2  3  1  0  0  0
  3  4  1  0  0  0
  4  9  1  0  0  0
  4  5  1  0  0  0
  5  6  1  0  0  0
  6 12  1  0  0  0
  6  7  1  0  0  0
  7 16  2  0  0  0
  7  8  1  0  0  0
  8  9  1  0  0  0
  8 13  2  0  0  0
  9 10  1  0  0  0
  9 11  1  0  0  0
 11 12  1  0  0  0
 13 14  1  0  0  0
 14 15  2  0  0  0
 15 16  1  0  0  0
M  END
$$$$
c12C34C(CC(c1cccc2)OC3)CCCC4
  -ISIS-

 16 19  0  0  0  0  0  0  0  0  1
   -5.7796   -7.0398    1.6294  C  0  0  0  0  0
   -5.3692   -5.9328    0.6618  C  0  0  0  0  0
   -5.5457   -4.5097    1.2458  C  0  0  0  0  0
   -7.0126   -4.3610    1.7635  C  0  0  0  0  0
   -7.3695   -2.9677    2.3504  C  0  0  0  0  0
   -8.2386   -3.1681    3.5948  C  0  0  0  0  0
   -7.4181   -3.9312    4.6109  C  0  0  0  0  0
   -7.0385   -5.2217    4.1739  C  0  0  0  0  0
   -7.5114   -5.4966    2.7438  C  0  0  0  0  0
   -7.2199   -6.8687    2.1084  C  0  0  0  0  0
   -9.0457   -5.2624    2.7948  C  0  0  0  0  0
   -9.3688   -3.9980    3.2250  O  0  0  0  0  0
   -6.3528   -6.0268    5.0675  C  0  0  0  0  0
   -5.9747   -5.5400    6.3231  C  0  0  0  0  0
   -6.3183   -4.2434    6.7550  C  0  0  0  0  0
   -7.0417   -3.4381    5.8619  C  0  0  0  0  0
  1 10  1  0  0  0
  1  2  1  0  0  0
  2  3  1  0  0  0
  3  4  1  0  0  0
  4  9  1  0  0  0
  4  5  1  0  0  0
  5  6  1  0  0  0
  6 12  1  0  0  0
  6  7  1  0  0  0
  7 16  2  0  0  0
  7  8  1  0  0  0
  8  9  1  0  0  0
  8 13  2  0  0  0
  9 10  1  0  0  0
  9 11  1  0  0  0
 11 12  1  0  0  0
 13 14  1  0  0  0
 14 15  2  0  0  0
 15 16  1  0  0  0
M  END
$$$$
