c12c([n]3[c](n1)cccc3)Cc4c(cccc4)C2
  -ISIS-

 17 20  0  0  0  0  0  0  0  0  1
   -0.1835   -0.3394    1.7975  C  0  0  0  0  0
   -1.3396   -0.6763    1.1378  N  0  0  0  0  0
   -0.9548   -1.0447   -0.0666  C  0  0  0  0  0
   -1.7066   -1.4969   -1.1882  C  0  0  0  0  0
   -1.0741   -1.8189   -2.3330  C  0  0  0  0  0
    0.3710   -1.7169   -2.4567  C  0  0  0  0  0
    1.0877   -1.2913   -1.4026  C  0  0  0  0  0
    0.4310   -0.9577   -0.2173  N  0  0  0  0  0
    0.9189   -0.5044    0.9848  C  0  0  0  0  0
    2.2666   -0.2354    1.3854  C  0  0  0  0  0
    2.4268    0.2543    2.7891  C  0  0  0  0  0
    3.7133    0.5428    3.2656  C  0  0  0  0  0
    3.8894    1.0005    4.5726  C  0  0  0  0  0
    2.7870    1.1729    5.4093  C  0  0  0  0  0
    1.5017    0.8888    4.9440  C  0  0  0  0  0
    1.3126    0.4283    3.6331  C  0  0  0  0  0
   -0.0773    0.1339    3.1681  C  0  0  0  0  0
  1  9  2  0  0  0
  1 17  1  0  0  0
  1  2  1  0  0  0
  2  3  2  0  0  0
  3  8  2  0  0  0
  3  4  1  0  0  0
  4  5  2  0  0  0
  5  6  1  0  0  0
  6  7  2  0  0  0
  7  8  1  0  0  0
  8  9  1  0  0  0
  9 10  1  0  0  0
 10 11  1  0  0  0
 11 16  2  0  0  0
 11 12  1  0  0  0
 12 13  2  0  0  0
 13 14  1  0  0  0
 14 15  2  0  0  0
 15 16  1  0  0  0
 16 17  1  0  0  0
M  END
$$$$
c12c([n]3[c](n1)cccc3)Cc4c(cccc4)C2
  -ISIS-

 17 20  0  0  0  0  0  0  0  0  1
   -0.1835   -0.3394    1.7975  C  0  0  0  0  0
   -1.3396   -0.6763    1.1378  N  0  0  0  0  0
   -0.9548   -1.0447   -0.0666  C  0  0  0  0  0
   -1.7066   -1.4969   -1.1882  C  0  0  0  0  0
   -1.0741   -1.8189   -2.3330  C  0  0  0  0  0
    0.3710   -1.7169   -2.4567  C  0  0  0  0  0
    1.0877   -1.2913   -1.4026  C  0  0  0  0  0
    0.4310   -0.9577   -0.2173  N  0  0  0  0  0
    0.9189   -0.5044    0.9848  C  0  0  0  0  0
    2.2666   -0.2354    1.3854  C  0  0  0  0  0
    2.4268    0.2543    2.7891  C  0  0  0  0  0
    3.7133    0.5428    3.2656  C  0  0  0  0  0
    3.8894    1.0005    4.5726  C  0  0  0  0  0
    2.7870    1.1729    5.4093  C  0  0  0  0  0
    1.5017    0.8888    4.9440  C  0  0  0  0  0
    1.3126    0.4283    3.6331  C  0  0  0  0  0
   -0.0773    0.1339    3.1681  C  0  0  0  0  0
  1  9  2  0  0  0
  1 17  1  0  0  0
  1  2  1  0  0  0
  2  3  2  0  0  0
  3  8  2  0  0  0
  3  4  1  0  0  0
  4  5  2  0  0  0
  5  6  1  0  0  0
  6  7  2  0  0  0
  7  8  1  0  0  0
  8  9  1  0  0  0
  9 10  1  0  0  0
 10 11  1  0  0  0
 11 16  2  0  0  0
 11 12  1  0  0  0
 12 13  2  0  0  0
 13 14  1  0  0  0
 14 15  2  0  0  0
 15 16  1  0  0  0
 16 17  1  0  0  0
M  END
$$$$
