c12c(nn[s]1)CNC=C2
  -ISIS-

  9 10  0  0  0  0  0  0  0  0  1
   -1.1580    5.8978   -3.7209  C  0  0  0  0  0
   -1.1912    4.9152   -4.7921  C  0  0  0  0  0
   -2.4787    4.7332   -5.3964  N  0  0  0  0  0
   -3.6137    5.4843   -4.9722  C  0  0  0  0  0
   -3.5722    6.3985   -3.9653  C  0  0  0  0  0
   -2.3050    6.5719   -3.3510  C  0  0  0  0  0
   -1.8709    7.5882   -2.0431  S  0  0  0  0  0
   -0.2703    7.1082   -2.0623  N  0  0  0  0  0
   -0.0179    6.2061   -2.9955  N  0  0  0  0  0
  1  6  2  0  0  0
  1  9  1  0  0  0
  1  2  1  0  0  0
  2  3  1  0  0  0
  3  4  1  0  0  0
  4  5  2  0  0  0
  5  6  1  0  0  0
  6  7  1  0  0  0
  7  8  1  0  0  0
  8  9  2  0  0  0
M  END
$$$$
