c12c(cccc1)CN3CN4CN(C2)CC(C3)C4
  -ISIS-

 17 20  0  0  0  0  0  0  0  0  1
   -4.2389    0.9921    3.9301  C  0  0  0  0  0
   -4.7275    1.4107    2.5510  C  0  0  0  0  0
   -3.6076    1.8964    1.7324  N  0  0  0  0  0
   -3.4935    3.1883    1.2314  C  0  0  0  0  0
   -4.1600    4.2731    1.9783  C  0  0  0  0  0
   -5.2640    4.9302    1.4400  C  0  0  0  0  0
   -5.8318    5.9890    2.1525  C  0  0  0  0  0
   -5.2829    6.4019    3.3741  C  0  0  0  0  0
   -4.1583    5.7620    3.9004  C  0  0  0  0  0
   -3.6089    4.6877    3.2044  C  0  0  0  0  0
   -2.3865    4.0211    3.6944  C  0  0  0  0  0
   -2.5093    2.7224    4.1753  N  0  0  0  0  0
   -3.7322    2.1591    4.7648  C  0  0  0  0  0
   -1.4340    1.8228    3.8435  C  0  0  0  0  0
   -2.0046    0.6844    3.0295  N  0  0  0  0  0
   -2.4282    1.0749    1.6323  C  0  0  0  0  0
   -3.1185   -0.0118    3.7658  C  0  0  0  0  0
  1 13  1  0  0  0
  1 17  1  0  0  0
  1  2  1  0  0  0
  2  3  1  0  0  0
  3 16  1  0  0  0
  3  4  1  0  0  0
  4  5  1  0  0  0
  5 10  2  0  0  0
  5  6  1  0  0  0
  6  7  2  0  0  0
  7  8  1  0  0  0
  8  9  2  0  0  0
  9 10  1  0  0  0
 10 11  1  0  0  0
 11 12  1  0  0  0
 12 13  1  0  0  0
 12 14  1  0  0  0
 14 15  1  0  0  0
 15 16  1  0  0  0
 15 17  1  0  0  0
M  END
$$$$
