c12c(cccc1)CC3N(C2)CCc4c(cccc4)C3
  -ISIS-

 19 22  0  0  0  0  0  0  0  0  1
    5.4610   -1.2227   -7.7373  C  0  0  0  0  0
    6.3084   -1.8781   -6.8432  C  0  0  0  0  0
    6.0179   -1.8802   -5.4767  C  0  0  0  0  0
    4.9077   -1.1802   -4.9802  C  0  0  0  0  0
    4.6475   -1.1641   -3.4997  C  0  0  0  0  0
    3.2309   -0.7650   -3.1294  N  0  0  0  0  0
    2.2635   -1.9264   -3.2818  C  0  0  0  0  0
    0.9370   -1.6571   -2.5730  C  0  0  0  0  0
   -0.0034   -0.8112   -3.3915  C  0  0  0  0  0
    0.3035    0.5168   -3.7360  C  0  0  0  0  0
    1.5941    1.1712   -3.3139  C  0  0  0  0  0
    2.8743    0.5244   -3.8677  C  0  0  0  0  0
    2.8840    0.3077   -5.3921  C  0  0  0  0  0
    4.0979   -0.4537   -5.8732  C  0  0  0  0  0
    4.3795   -0.4882   -7.2477  C  0  0  0  0  0
   -0.6212    1.2618   -4.4883  C  0  0  0  0  0
   -1.8259    0.6974   -4.9026  C  0  0  0  0  0
   -2.1275   -0.6158   -4.5650  C  0  0  0  0  0
   -1.2249   -1.3642   -3.8118  C  0  0  0  0  0
  1 15  2  0  0  0
  1  2  1  0  0  0
  2  3  2  0  0  0
  3  4  1  0  0  0
  4 14  2  0  0  0
  4  5  1  0  0  0
  5  6  1  0  0  0
  6 12  1  0  0  0
  6  7  1  0  0  0
  7  8  1  0  0  0
  8  9  1  0  0  0
  9 19  2  0  0  0
  9 10  1  0  0  0
 10 11  1  0  0  0
 10 16  2  0  0  0
 11 12  1  0  0  0
 12 13  1  0  0  0
 13 14  1  0  0  0
 14 15  1  0  0  0
 16 17  1  0  0  0
 17 18  2  0  0  0
 18 19  1  0  0  0
M  END
$$$$
