c12c3C4(Sc5c(cccc5)N4)CN1CC=Cc2ccc3
  -ISIS-

 20 24  0  0  0  0  0  0  0  0  1
    4.7828   -5.9632    2.1707  N  0  0  0  0  0
    4.1295   -7.1029    2.8197  C  0  0  0  0  0
    4.2023   -6.9682    4.3443  C  0  0  0  0  0
    4.8060   -5.9829    5.0412  C  0  0  0  0  0
    5.4710   -4.9091    4.2879  C  0  0  0  0  0
    5.4124   -4.9588    2.9069  C  0  0  0  0  0
    5.9888   -4.0070    2.0725  C  0  0  0  0  0
    5.7107   -4.3694    0.6407  C  0  0  0  0  0
    4.9262   -5.7299    0.7968  C  0  0  0  0  0
    4.6525   -3.1517   -0.2013  S  0  0  0  0  0
    5.7212   -3.1600   -1.5997  C  0  0  0  0  0
    5.5292   -2.4935   -2.8007  C  0  0  0  0  0
    6.4889   -2.6348   -3.8040  C  0  0  0  0  0
    7.6211   -3.4314   -3.5916  C  0  0  0  0  0
    7.8022   -4.0967   -2.3753  C  0  0  0  0  0
    6.8390   -3.9705   -1.3818  C  0  0  0  0  0
    6.9757   -4.5636   -0.1038  N  0  0  0  0  0
    6.6829   -2.9402    2.6193  C  0  0  0  0  0
    6.7828   -2.8505    4.0175  C  0  0  0  0  0
    6.1648   -3.8256    4.8398  C  0  0  0  0  0
  1  9  1  0  0  0
  1  6  1  0  0  0
  1  2  1  0  0  0
  2  3  1  0  0  0
  3  4  2  0  0  0
  4  5  1  0  0  0
  5 20  2  0  0  0
  5  6  2  0  0  0
  6  7  2  0  0  0
  7  8  1  0  0  0
  7 18  1  0  0  0
  8 17  1  0  0  0
  8  9  1  0  0  0
  8 10  1  0  0  0
 10 11  1  0  0  0
 11 16  2  0  0  0
 11 12  1  0  0  0
 12 13  2  0  0  0
 13 14  1  0  0  0
 14 15  2  0  0  0
 15 16  1  0  0  0
 16 17  1  0  0  0
 18 19  2  0  0  0
 19 20  1  0  0  0
M  END
$$$$
