C12C(=NCC=N1)NON=2
  -ISIS-

  9 10  0  0  0  0  0  0  0  0  1
   -7.5885   -0.4944    1.7809  C  0  0  0  0  0
   -6.9172   -0.4069    0.6856  N  0  0  0  0  0
   -5.5717   -0.1777    0.9198  C  0  0  0  0  0
   -5.1028    0.6128    2.2113  C  0  0  0  0  0
   -5.7886    0.4255    3.3116  N  0  0  0  0  0
   -6.9642   -0.2395    3.1155  C  0  0  0  0  0
   -7.7459   -0.6604    4.0532  N  0  0  0  0  0
   -8.9035   -1.1819    3.3928  O  0  0  0  0  0
   -8.8727   -0.8642    2.0233  N  0  0  0  0  0
  1  6  1  0  0  0
  1  9  1  0  0  0
  1  2  2  0  0  0
  2  3  1  0  0  0
  3  4  1  0  0  0
  4  5  2  0  0  0
  5  6  1  0  0  0
  6  7  2  0  0  0
  7  8  1  0  0  0
  8  9  1  0  0  0
M  END
$$$$
C12C(=NCC=N1)NON=2
  -ISIS-

  9 10  0  0  0  0  0  0  0  0  1
   -7.5885   -0.4944    1.7809  C  0  0  0  0  0
   -6.9172   -0.4069    0.6856  N  0  0  0  0  0
   -5.5717   -0.1777    0.9198  C  0  0  0  0  0
   -5.1028    0.6128    2.2113  C  0  0  0  0  0
   -5.7886    0.4255    3.3116  N  0  0  0  0  0
   -6.9642   -0.2395    3.1155  C  0  0  0  0  0
   -7.7459   -0.6604    4.0532  N  0  0  0  0  0
   -8.9035   -1.1819    3.3928  O  0  0  0  0  0
   -8.8727   -0.8642    2.0233  N  0  0  0  0  0
  1  6  1  0  0  0
  1  9  1  0  0  0
  1  2  2  0  0  0
  2  3  1  0  0  0
  3  4  1  0  0  0
  4  5  2  0  0  0
  5  6  1  0  0  0
  6  7  2  0  0  0
  7  8  1  0  0  0
  8  9  1  0  0  0
M  END
$$$$
