c12c(cccc1)CC3C4N(C2)COC4CC3
  -ISIS-

 16 19  0  0  0  0  0  0  0  0  1
   -1.0058    2.4571    5.8121  N  0  0  0  0  0
   -1.2714    1.5153    6.8226  C  0  0  0  0  0
   -2.6618    1.3374    6.9347  O  0  0  0  0  0
   -3.1348    1.8825    5.7143  C  0  0  0  0  0
   -2.2351    3.1284    5.6393  C  0  0  0  0  0
   -2.6503    3.8497    4.3667  C  0  0  0  0  0
   -1.6576    3.8088    3.1639  C  0  0  0  0  0
   -0.3605    4.5740    3.5820  C  0  0  0  0  0
    0.4517    4.2296    4.7009  C  0  0  0  0  0
    0.2779    3.0875    5.6919  C  0  0  0  0  0
    1.6216    4.9953    4.9581  C  0  0  0  0  0
    1.9918    6.0812    4.1741  C  0  0  0  0  0
    1.2023    6.4305    3.0975  C  0  0  0  0  0
    0.0535    5.6900    2.8090  C  0  0  0  0  0
   -4.1465    3.3931    4.2111  C  0  0  0  0  0
   -4.4879    2.5174    5.4617  C  0  0  0  0  0
  1 10  1  0  0  0
  1  5  1  0  0  0
  1  2  1  0  0  0
  2  3  1  0  0  0
  3  4  1  0  0  0
  4 16  1  0  0  0
  4  5  1  0  0  0
  5  6  1  0  0  0
  6  7  1  0  0  0
  6 15  1  0  0  0
  7  8  1  0  0  0
  8 14  2  0  0  0
  8  9  1  0  0  0
  9 10  1  0  0  0
  9 11  2  0  0  0
 11 12  1  0  0  0
 12 13  2  0  0  0
 13 14  1  0  0  0
 15 16  1  0  0  0
M  END
$$$$
c12c(cccc1)CC3C4N(C2)COC4CC3
  -ISIS-

 16 19  0  0  0  0  0  0  0  0  1
   -1.0058    2.4571    5.8121  N  0  0  0  0  0
   -1.2714    1.5153    6.8226  C  0  0  0  0  0
   -2.6618    1.3374    6.9347  O  0  0  0  0  0
   -3.1348    1.8825    5.7143  C  0  0  0  0  0
   -2.2351    3.1284    5.6393  C  0  0  0  0  0
   -2.6503    3.8497    4.3667  C  0  0  0  0  0
   -1.6576    3.8088    3.1639  C  0  0  0  0  0
   -0.3605    4.5740    3.5820  C  0  0  0  0  0
    0.4517    4.2296    4.7009  C  0  0  0  0  0
    0.2779    3.0875    5.6919  C  0  0  0  0  0
    1.6216    4.9953    4.9581  C  0  0  0  0  0
    1.9918    6.0812    4.1741  C  0  0  0  0  0
    1.2023    6.4305    3.0975  C  0  0  0  0  0
    0.0535    5.6900    2.8090  C  0  0  0  0  0
   -4.1465    3.3931    4.2111  C  0  0  0  0  0
   -4.4879    2.5174    5.4617  C  0  0  0  0  0
  1 10  1  0  0  0
  1  5  1  0  0  0
  1  2  1  0  0  0
  2  3  1  0  0  0
  3  4  1  0  0  0
  4 16  1  0  0  0
  4  5  1  0  0  0
  5  6  1  0  0  0
  6  7  1  0  0  0
  6 15  1  0  0  0
  7  8  1  0  0  0
  8 14  2  0  0  0
  8  9  1  0  0  0
  9 10  1  0  0  0
  9 11  2  0  0  0
 11 12  1  0  0  0
 12 13  2  0  0  0
 13 14  1  0  0  0
 15 16  1  0  0  0
M  END
$$$$
c12c(cccc1)CC3C4N(C2)COC4CC3
  -ISIS-

 16 19  0  0  0  0  0  0  0  0  1
   -1.0058    2.4571    5.8121  N  0  0  0  0  0
   -1.2714    1.5153    6.8226  C  0  0  0  0  0
   -2.6618    1.3374    6.9347  O  0  0  0  0  0
   -3.1348    1.8825    5.7143  C  0  0  0  0  0
   -2.2351    3.1284    5.6393  C  0  0  0  0  0
   -2.6503    3.8497    4.3667  C  0  0  0  0  0
   -1.6576    3.8088    3.1639  C  0  0  0  0  0
   -0.3605    4.5740    3.5820  C  0  0  0  0  0
    0.4517    4.2296    4.7009  C  0  0  0  0  0
    0.2779    3.0875    5.6919  C  0  0  0  0  0
    1.6216    4.9953    4.9581  C  0  0  0  0  0
    1.9918    6.0812    4.1741  C  0  0  0  0  0
    1.2023    6.4305    3.0975  C  0  0  0  0  0
    0.0535    5.6900    2.8090  C  0  0  0  0  0
   -4.1465    3.3931    4.2111  C  0  0  0  0  0
   -4.4879    2.5174    5.4617  C  0  0  0  0  0
  1 10  1  0  0  0
  1  5  1  0  0  0
  1  2  1  0  0  0
  2  3  1  0  0  0
  3  4  1  0  0  0
  4 16  1  0  0  0
  4  5  1  0  0  0
  5  6  1  0  0  0
  6  7  1  0  0  0
  6 15  1  0  0  0
  7  8  1  0  0  0
  8 14  2  0  0  0
  8  9  1  0  0  0
  9 10  1  0  0  0
  9 11  2  0  0  0
 11 12  1  0  0  0
 12 13  2  0  0  0
 13 14  1  0  0  0
 15 16  1  0  0  0
M  END
$$$$
c12c(cccc1)CC3C4N(C2)COC4CC3
  -ISIS-

 16 19  0  0  0  0  0  0  0  0  1
   -1.0058    2.4571    5.8121  N  0  0  0  0  0
   -1.2714    1.5153    6.8226  C  0  0  0  0  0
   -2.6618    1.3374    6.9347  O  0  0  0  0  0
   -3.1348    1.8825    5.7143  C  0  0  0  0  0
   -2.2351    3.1284    5.6393  C  0  0  0  0  0
   -2.6503    3.8497    4.3667  C  0  0  0  0  0
   -1.6576    3.8088    3.1639  C  0  0  0  0  0
   -0.3605    4.5740    3.5820  C  0  0  0  0  0
    0.4517    4.2296    4.7009  C  0  0  0  0  0
    0.2779    3.0875    5.6919  C  0  0  0  0  0
    1.6216    4.9953    4.9581  C  0  0  0  0  0
    1.9918    6.0812    4.1741  C  0  0  0  0  0
    1.2023    6.4305    3.0975  C  0  0  0  0  0
    0.0535    5.6900    2.8090  C  0  0  0  0  0
   -4.1465    3.3931    4.2111  C  0  0  0  0  0
   -4.4879    2.5174    5.4617  C  0  0  0  0  0
  1 10  1  0  0  0
  1  5  1  0  0  0
  1  2  1  0  0  0
  2  3  1  0  0  0
  3  4  1  0  0  0
  4 16  1  0  0  0
  4  5  1  0  0  0
  5  6  1  0  0  0
  6  7  1  0  0  0
  6 15  1  0  0  0
  7  8  1  0  0  0
  8 14  2  0  0  0
  8  9  1  0  0  0
  9 10  1  0  0  0
  9 11  2  0  0  0
 11 12  1  0  0  0
 12 13  2  0  0  0
 13 14  1  0  0  0
 15 16  1  0  0  0
M  END
$$$$
