c12c(OCNSO1)cccc2
  -ISIS-

 11 12  0  0  0  0  0  0  0  0  1
   -1.0102    0.7841    5.8192  C  0  0  0  0  0
   -0.9405    2.1434    6.0935  N  0  0  0  0  0
   -1.2745    3.2380    4.9024  S  0  0  0  0  0
   -2.8796    3.1959    4.6814  O  0  0  0  0  0
   -3.6427    2.0929    4.9421  C  0  0  0  0  0
   -3.1978    0.7737    5.0337  C  0  0  0  0  0
   -1.8762    0.3725    4.8228  O  0  0  0  0  0
   -4.1019   -0.2680    5.2719  C  0  0  0  0  0
   -5.4568    0.0092    5.4427  C  0  0  0  0  0
   -5.9101    1.3232    5.3585  C  0  0  0  0  0
   -5.0075    2.3578    5.1030  C  0  0  0  0  0
  1  7  1  0  0  0
  1  2  1  0  0  0
  2  3  1  0  0  0
  3  4  1  0  0  0
  4  5  1  0  0  0
  5 11  2  0  0  0
  5  6  1  0  0  0
  6  7  1  0  0  0
  6  8  2  0  0  0
  8  9  1  0  0  0
  9 10  2  0  0  0
 10 11  1  0  0  0
M  END
$$$$
c12c(OCNSO1)cccc2
  -ISIS-

 11 12  0  0  0  0  0  0  0  0  1
   -1.0102    0.7841    5.8192  C  0  0  0  0  0
   -0.9405    2.1434    6.0935  N  0  0  0  0  0
   -1.2745    3.2380    4.9024  S  0  0  0  0  0
   -2.8796    3.1959    4.6814  O  0  0  0  0  0
   -3.6427    2.0929    4.9421  C  0  0  0  0  0
   -3.1978    0.7737    5.0337  C  0  0  0  0  0
   -1.8762    0.3725    4.8228  O  0  0  0  0  0
   -4.1019   -0.2680    5.2719  C  0  0  0  0  0
   -5.4568    0.0092    5.4427  C  0  0  0  0  0
   -5.9101    1.3232    5.3585  C  0  0  0  0  0
   -5.0075    2.3578    5.1030  C  0  0  0  0  0
  1  7  1  0  0  0
  1  2  1  0  0  0
  2  3  1  0  0  0
  3  4  1  0  0  0
  4  5  1  0  0  0
  5 11  2  0  0  0
  5  6  1  0  0  0
  6  7  1  0  0  0
  6  8  2  0  0  0
  8  9  1  0  0  0
  9 10  2  0  0  0
 10 11  1  0  0  0
M  END
$$$$
