c12c3c(OCC3)ccc1OCO2
  -ISIS-

 12 14  0  0  0  0  0  0  0  0  1
   -3.6309   -3.7178    0.4135  C  0  0  0  0  0
   -2.4913   -3.1919   -0.3151  O  0  0  0  0  0
   -3.0631   -2.4493   -1.3152  C  0  0  0  0  0
   -2.3693   -1.9523   -2.4123  C  0  0  0  0  0
   -3.0716   -1.1979   -3.3589  C  0  0  0  0  0
   -4.4250   -0.9769   -3.1476  C  0  0  0  0  0
   -5.0894   -1.4697   -2.0459  C  0  0  0  0  0
   -4.4155   -2.2121   -1.1164  C  0  0  0  0  0
   -4.8551   -2.8149    0.1642  C  0  0  0  0  0
   -6.3997   -1.1224   -2.0241  O  0  0  0  0  0
   -6.4966   -0.3642   -3.2489  C  0  0  0  0  0
   -5.2464   -0.2611   -3.9631  O  0  0  0  0  0
  1  9  1  0  0  0
  1  2  1  0  0  0
  2  3  1  0  0  0
  3  8  2  0  0  0
  3  4  1  0  0  0
  4  5  2  0  0  0
  5  6  1  0  0  0
  6 12  1  0  0  0
  6  7  2  0  0  0
  7  8  1  0  0  0
  7 10  1  0  0  0
  8  9  1  0  0  0
 10 11  1  0  0  0
 11 12  1  0  0  0
M  END
$$$$
