c12c(OCCO1)cc3c(OC=CC3)c2
  -ISIS-

 14 16  0  0  0  0  0  0  0  0  1
    1.3529    3.2237   -0.9194  C  0  0  0  0  0
    1.7466    1.9747   -0.0957  C  0  0  0  0  0
    0.6975    1.6834    0.8391  O  0  0  0  0  0
   -0.5422    1.6910    0.2474  C  0  0  0  0  0
   -0.7863    2.3067   -0.9880  C  0  0  0  0  0
    0.1716    2.9764   -1.7061  O  0  0  0  0  0
   -2.0571    2.2589   -1.5613  C  0  0  0  0  0
   -3.0963    1.6175   -0.8886  C  0  0  0  0  0
   -2.8667    1.0242    0.3517  C  0  0  0  0  0
   -1.5900    1.0599    0.9263  C  0  0  0  0  0
   -3.9954    0.3653    1.0206  C  0  0  0  0  0
   -5.2914    0.3834    0.3286  C  0  0  0  0  0
   -5.3849    0.9960   -0.8603  C  0  0  0  0  0
   -4.3228    1.6111   -1.5048  O  0  0  0  0  0
  1  6  1  0  0  0
  1  2  1  0  0  0
  2  3  1  0  0  0
  3  4  1  0  0  0
  4 10  2  0  0  0
  4  5  1  0  0  0
  5  6  1  0  0  0
  5  7  2  0  0  0
  7  8  1  0  0  0
  8 14  1  0  0  0
  8  9  2  0  0  0
  9 10  1  0  0  0
  9 11  1  0  0  0
 11 12  1  0  0  0
 12 13  2  0  0  0
 13 14  1  0  0  0
M  END
$$$$
c12c(OCCO1)cc3c(OC=CC3)c2
  -ISIS-

 14 16  0  0  0  0  0  0  0  0  1
    1.3529    3.2237   -0.9194  C  0  0  0  0  0
    1.7466    1.9747   -0.0957  C  0  0  0  0  0
    0.6975    1.6834    0.8391  O  0  0  0  0  0
   -0.5422    1.6910    0.2474  C  0  0  0  0  0
   -0.7863    2.3067   -0.9880  C  0  0  0  0  0
    0.1716    2.9764   -1.7061  O  0  0  0  0  0
   -2.0571    2.2589   -1.5613  C  0  0  0  0  0
   -3.0963    1.6175   -0.8886  C  0  0  0  0  0
   -2.8667    1.0242    0.3517  C  0  0  0  0  0
   -1.5900    1.0599    0.9263  C  0  0  0  0  0
   -3.9954    0.3653    1.0206  C  0  0  0  0  0
   -5.2914    0.3834    0.3286  C  0  0  0  0  0
   -5.3849    0.9960   -0.8603  C  0  0  0  0  0
   -4.3228    1.6111   -1.5048  O  0  0  0  0  0
  1  6  1  0  0  0
  1  2  1  0  0  0
  2  3  1  0  0  0
  3  4  1  0  0  0
  4 10  2  0  0  0
  4  5  1  0  0  0
  5  6  1  0  0  0
  5  7  2  0  0  0
  7  8  1  0  0  0
  8 14  1  0  0  0
  8  9  2  0  0  0
  9 10  1  0  0  0
  9 11  1  0  0  0
 11 12  1  0  0  0
 12 13  2  0  0  0
 13 14  1  0  0  0
M  END
$$$$
c12c(OCCO1)cc3c(OC=CC3)c2
  -ISIS-

 14 16  0  0  0  0  0  0  0  0  1
    1.3529    3.2237   -0.9194  C  0  0  0  0  0
    1.7466    1.9747   -0.0957  C  0  0  0  0  0
    0.6975    1.6834    0.8391  O  0  0  0  0  0
   -0.5422    1.6910    0.2474  C  0  0  0  0  0
   -0.7863    2.3067   -0.9880  C  0  0  0  0  0
    0.1716    2.9764   -1.7061  O  0  0  0  0  0
   -2.0571    2.2589   -1.5613  C  0  0  0  0  0
   -3.0963    1.6175   -0.8886  C  0  0  0  0  0
   -2.8667    1.0242    0.3517  C  0  0  0  0  0
   -1.5900    1.0599    0.9263  C  0  0  0  0  0
   -3.9954    0.3653    1.0206  C  0  0  0  0  0
   -5.2914    0.3834    0.3286  C  0  0  0  0  0
   -5.3849    0.9960   -0.8603  C  0  0  0  0  0
   -4.3228    1.6111   -1.5048  O  0  0  0  0  0
  1  6  1  0  0  0
  1  2  1  0  0  0
  2  3  1  0  0  0
  3  4  1  0  0  0
  4 10  2  0  0  0
  4  5  1  0  0  0
  5  6  1  0  0  0
  5  7  2  0  0  0
  7  8  1  0  0  0
  8 14  1  0  0  0
  8  9  2  0  0  0
  9 10  1  0  0  0
  9 11  1  0  0  0
 11 12  1  0  0  0
 12 13  2  0  0  0
 13 14  1  0  0  0
M  END
$$$$
c12c(OCCO1)cc3c(OC=CC3)c2
  -ISIS-

 14 16  0  0  0  0  0  0  0  0  1
    1.3529    3.2237   -0.9194  C  0  0  0  0  0
    1.7466    1.9747   -0.0957  C  0  0  0  0  0
    0.6975    1.6834    0.8391  O  0  0  0  0  0
   -0.5422    1.6910    0.2474  C  0  0  0  0  0
   -0.7863    2.3067   -0.9880  C  0  0  0  0  0
    0.1716    2.9764   -1.7061  O  0  0  0  0  0
   -2.0571    2.2589   -1.5613  C  0  0  0  0  0
   -3.0963    1.6175   -0.8886  C  0  0  0  0  0
   -2.8667    1.0242    0.3517  C  0  0  0  0  0
   -1.5900    1.0599    0.9263  C  0  0  0  0  0
   -3.9954    0.3653    1.0206  C  0  0  0  0  0
   -5.2914    0.3834    0.3286  C  0  0  0  0  0
   -5.3849    0.9960   -0.8603  C  0  0  0  0  0
   -4.3228    1.6111   -1.5048  O  0  0  0  0  0
  1  6  1  0  0  0
  1  2  1  0  0  0
  2  3  1  0  0  0
  3  4  1  0  0  0
  4 10  2  0  0  0
  4  5  1  0  0  0
  5  6  1  0  0  0
  5  7  2  0  0  0
  7  8  1  0  0  0
  8 14  1  0  0  0
  8  9  2  0  0  0
  9 10  1  0  0  0
  9 11  1  0  0  0
 11 12  1  0  0  0
 12 13  2  0  0  0
 13 14  1  0  0  0
M  END
$$$$
c12c(OCCO1)cc3c(OC=CC3)c2
  -ISIS-

 14 16  0  0  0  0  0  0  0  0  1
    1.3529    3.2237   -0.9194  C  0  0  0  0  0
    1.7466    1.9747   -0.0957  C  0  0  0  0  0
    0.6975    1.6834    0.8391  O  0  0  0  0  0
   -0.5422    1.6910    0.2474  C  0  0  0  0  0
   -0.7863    2.3067   -0.9880  C  0  0  0  0  0
    0.1716    2.9764   -1.7061  O  0  0  0  0  0
   -2.0571    2.2589   -1.5613  C  0  0  0  0  0
   -3.0963    1.6175   -0.8886  C  0  0  0  0  0
   -2.8667    1.0242    0.3517  C  0  0  0  0  0
   -1.5900    1.0599    0.9263  C  0  0  0  0  0
   -3.9954    0.3653    1.0206  C  0  0  0  0  0
   -5.2914    0.3834    0.3286  C  0  0  0  0  0
   -5.3849    0.9960   -0.8603  C  0  0  0  0  0
   -4.3228    1.6111   -1.5048  O  0  0  0  0  0
  1  6  1  0  0  0
  1  2  1  0  0  0
  2  3  1  0  0  0
  3  4  1  0  0  0
  4 10  2  0  0  0
  4  5  1  0  0  0
  5  6  1  0  0  0
  5  7  2  0  0  0
  7  8  1  0  0  0
  8 14  1  0  0  0
  8  9  2  0  0  0
  9 10  1  0  0  0
  9 11  1  0  0  0
 11 12  1  0  0  0
 12 13  2  0  0  0
 13 14  1  0  0  0
M  END
$$$$
