c12c(OSO1)cccc2
  -ISIS-

  9 10  0  0  0  0  0  0  0  0  1
    7.6344    3.3151   -3.0050  S  0  0  0  0  0
    7.0937    4.7964   -2.6129  O  0  0  0  0  0
    5.7934    4.6790   -2.2278  C  0  0  0  0  0
    4.9706    5.7271   -1.8675  C  0  0  0  0  0
    3.6585    5.4257   -1.4921  C  0  0  0  0  0
    3.2042    4.0947   -1.4829  C  0  0  0  0  0
    4.0569    3.0494   -1.8483  C  0  0  0  0  0
    5.3472    3.3711   -2.2182  C  0  0  0  0  0
    6.3031    2.4784   -2.5951  O  0  0  0  0  0
  1  9  1  0  0  0
  1  2  1  0  0  0
  2  3  1  0  0  0
  3  8  2  0  0  0
  3  4  1  0  0  0
  4  5  2  0  0  0
  5  6  1  0  0  0
  6  7  2  0  0  0
  7  8  1  0  0  0
  8  9  1  0  0  0
M  END
$$$$
