c12c(cc[s]1)NCCCCC2
  -ISIS-

 11 12  0  0  0  0  0  0  0  0  1
   -1.5283   -8.8981    0.9273  C  0  0  0  0  0
   -0.8182  -10.0225   -0.1717  S  0  0  0  0  0
   -0.9507   -8.9538   -1.5065  C  0  0  0  0  0
   -0.7166   -9.4947   -2.8893  C  0  0  0  0  0
    0.6788   -9.2177   -3.4303  C  0  0  0  0  0
    0.8287   -7.8224   -4.0330  C  0  0  0  0  0
    0.7093   -6.7049   -3.0119  C  0  0  0  0  0
   -0.6914   -6.1376   -2.8911  C  0  0  0  0  0
   -1.5326   -6.5963   -1.9177  N  0  0  0  0  0
   -1.3789   -7.7047   -1.1060  C  0  0  0  0  0
   -1.7840   -7.7078    0.2621  C  0  0  0  0  0
  1 11  2  0  0  0
  1  2  1  0  0  0
  2  3  1  0  0  0
  3 10  2  0  0  0
  3  4  1  0  0  0
  4  5  1  0  0  0
  5  6  1  0  0  0
  6  7  1  0  0  0
  7  8  1  0  0  0
  8  9  1  0  0  0
  9 10  1  0  0  0
 10 11  1  0  0  0
M  END
$$$$
