c12c(C=CC3N1CCC3)cccc2
  -ISIS-

 13 15  0  0  0  0  0  0  0  0  1
   -5.0277   -5.7023    2.6675  C  0  0  0  0  0
   -3.7999   -4.8025    2.4269  C  0  0  0  0  0
   -4.2952   -3.4525    2.7519  N  0  0  0  0  0
   -5.6915   -3.3212    2.3198  C  0  0  0  0  0
   -6.2241   -4.7906    2.2196  C  0  0  0  0  0
   -3.3569   -2.4250    2.7390  C  0  0  0  0  0
   -2.0249   -2.7172    3.1312  C  0  0  0  0  0
   -1.6755   -4.0958    3.5038  C  0  0  0  0  0
   -2.5225   -5.0839    3.1767  C  0  0  0  0  0
   -1.0563   -1.7090    3.1981  C  0  0  0  0  0
   -1.3931   -0.3979    2.8724  C  0  0  0  0  0
   -2.6964   -0.0928    2.4910  C  0  0  0  0  0
   -3.6702   -1.0958    2.4321  C  0  0  0  0  0
  1  5  1  0  0  0
  1  2  1  0  0  0
  2  9  1  0  0  0
  2  3  1  0  0  0
  3  4  1  0  0  0
  3  6  1  0  0  0
  4  5  1  0  0  0
  6 13  2  0  0  0
  6  7  2  0  0  0
  7  8  1  0  0  0
  7 10  2  0  0  0
  8  9  2  0  0  0
 10 11  1  0  0  0
 11 12  2  0  0  0
 12 13  1  0  0  0
M  END
$$$$
