C12C=CCC3(C1CCC=2)CCCC3
  -ISIS-

 13 15  0  0  0  0  0  0  0  0  1
   -4.7643    3.3926    1.1268  C  0  0  0  0  0
   -4.2461    4.5156    0.1325  C  0  0  0  0  0
   -3.2243    4.1957   -0.7042  C  0  0  0  0  0
   -2.6809    2.8625   -0.6613  C  0  0  0  0  0
   -2.5502    2.1285    0.6455  C  0  0  0  0  0
   -3.5232    2.6189    1.7741  C  0  0  0  0  0
   -3.8889    1.4586    2.7335  C  0  0  0  0  0
   -4.1268    2.0677    4.1076  C  0  0  0  0  0
   -3.2916    3.3381    4.1534  C  0  0  0  0  0
   -2.7248    3.5471    2.7487  C  0  0  0  0  0
   -2.6640    0.6712    0.1630  C  0  0  0  0  0
   -2.0702    0.6798   -1.2493  C  0  0  0  0  0
   -2.3738    2.0723   -1.6995  C  0  0  0  0  0
  1  6  1  0  0  0
  1  2  1  0  0  0
  2  3  2  0  0  0
  3  4  1  0  0  0
  4 13  2  0  0  0
  4  5  1  0  0  0
  5  6  1  0  0  0
  5 11  1  0  0  0
  6 10  1  0  0  0
  6  7  1  0  0  0
  7  8  1  0  0  0
  8  9  1  0  0  0
  9 10  1  0  0  0
 11 12  1  0  0  0
 12 13  1  0  0  0
M  END
$$$$
C12C=CCC3(C1CCC=2)CCCC3
  -ISIS-

 13 15  0  0  0  0  0  0  0  0  1
   -4.7643    3.3926    1.1268  C  0  0  0  0  0
   -4.2461    4.5156    0.1325  C  0  0  0  0  0
   -3.2243    4.1957   -0.7042  C  0  0  0  0  0
   -2.6809    2.8625   -0.6613  C  0  0  0  0  0
   -2.5502    2.1285    0.6455  C  0  0  0  0  0
   -3.5232    2.6189    1.7741  C  0  0  0  0  0
   -3.8889    1.4586    2.7335  C  0  0  0  0  0
   -4.1268    2.0677    4.1076  C  0  0  0  0  0
   -3.2916    3.3381    4.1534  C  0  0  0  0  0
   -2.7248    3.5471    2.7487  C  0  0  0  0  0
   -2.6640    0.6712    0.1630  C  0  0  0  0  0
   -2.0702    0.6798   -1.2493  C  0  0  0  0  0
   -2.3738    2.0723   -1.6995  C  0  0  0  0  0
  1  6  1  0  0  0
  1  2  1  0  0  0
  2  3  2  0  0  0
  3  4  1  0  0  0
  4 13  2  0  0  0
  4  5  1  0  0  0
  5  6  1  0  0  0
  5 11  1  0  0  0
  6 10  1  0  0  0
  6  7  1  0  0  0
  7  8  1  0  0  0
  8  9  1  0  0  0
  9 10  1  0  0  0
 11 12  1  0  0  0
 12 13  1  0  0  0
M  END
$$$$
C12C=CCC3(C1CCC=2)CCCC3
  -ISIS-

 13 15  0  0  0  0  0  0  0  0  1
   -4.7643    3.3926    1.1268  C  0  0  0  0  0
   -4.2461    4.5156    0.1325  C  0  0  0  0  0
   -3.2243    4.1957   -0.7042  C  0  0  0  0  0
   -2.6809    2.8625   -0.6613  C  0  0  0  0  0
   -2.5502    2.1285    0.6455  C  0  0  0  0  0
   -3.5232    2.6189    1.7741  C  0  0  0  0  0
   -3.8889    1.4586    2.7335  C  0  0  0  0  0
   -4.1268    2.0677    4.1076  C  0  0  0  0  0
   -3.2916    3.3381    4.1534  C  0  0  0  0  0
   -2.7248    3.5471    2.7487  C  0  0  0  0  0
   -2.6640    0.6712    0.1630  C  0  0  0  0  0
   -2.0702    0.6798   -1.2493  C  0  0  0  0  0
   -2.3738    2.0723   -1.6995  C  0  0  0  0  0
  1  6  1  0  0  0
  1  2  1  0  0  0
  2  3  2  0  0  0
  3  4  1  0  0  0
  4 13  2  0  0  0
  4  5  1  0  0  0
  5  6  1  0  0  0
  5 11  1  0  0  0
  6 10  1  0  0  0
  6  7  1  0  0  0
  7  8  1  0  0  0
  8  9  1  0  0  0
  9 10  1  0  0  0
 11 12  1  0  0  0
 12 13  1  0  0  0
M  END
$$$$
