C12c3c([c]4[c](cc3)cccc4)NCC=1CCCC2
  -ISIS-

 18 21  0  0  0  0  0  0  0  0  1
    3.8353   -7.1822   -0.7219  C  0  0  0  0  0
    3.5677   -5.7058   -0.7044  C  0  0  0  0  0
    4.7636   -4.9232   -0.3566  N  0  0  0  0  0
    6.0380   -5.4239   -0.7138  C  0  0  0  0  0
    6.2145   -6.8107   -0.9497  C  0  0  0  0  0
    5.0600   -7.7359   -0.8198  C  0  0  0  0  0
    5.3002   -9.2250   -0.7842  C  0  0  0  0  0
    4.1247  -10.0027   -0.1999  C  0  0  0  0  0
    2.8134   -9.5457   -0.8079  C  0  0  0  0  0
    2.6331   -8.0603   -0.6041  C  0  0  0  0  0
    7.4833   -7.2812   -1.3095  C  0  0  0  0  0
    8.5743   -6.4171   -1.3891  C  0  0  0  0  0
    8.4385   -5.0600   -1.0872  C  0  0  0  0  0
    7.1705   -4.5444   -0.7243  C  0  0  0  0  0
    7.1089   -3.1680   -0.3919  C  0  0  0  0  0
    8.2347   -2.3409   -0.4412  C  0  0  0  0  0
    9.4613   -2.8653   -0.8205  C  0  0  0  0  0
    9.5624   -4.2175   -1.1384  C  0  0  0  0  0
  1  6  2  0  0  0
  1 10  1  0  0  0
  1  2  1  0  0  0
  2  3  1  0  0  0
  3  4  1  0  0  0
  4 14  2  0  0  0
  4  5  1  0  0  0
  5  6  1  0  0  0
  5 11  2  0  0  0
  6  7  1  0  0  0
  7  8  1  0  0  0
  8  9  1  0  0  0
  9 10  1  0  0  0
 11 12  1  0  0  0
 12 13  2  0  0  0
 13 18  1  0  0  0
 13 14  2  0  0  0
 14 15  1  0  0  0
 15 16  2  0  0  0
 16 17  1  0  0  0
 17 18  2  0  0  0
M  END
$$$$
