C12C3C4(c5c(N3CCC=1)cccc5)C6N(CC4)CCC2C6
  -ISIS-

 21 26  0  0  0  0  0  0  0  0  1
   -1.3193   -5.7710    4.4909  C  0  0  0  0  0
   -0.2839   -6.8888    4.7877  C  0  0  0  0  0
    1.1459   -6.4623    5.0736  C  0  0  0  0  0
    1.4731   -5.1709    5.2254  C  0  0  0  0  0
    2.8577   -4.5184    5.4174  C  0  0  0  0  0
    2.7699   -4.1363    6.8496  C  0  0  0  0  0
    1.7077   -3.0493    6.9096  C  0  0  0  0  0
    0.4336   -2.8817    5.9645  C  0  0  0  0  0
    0.4112   -4.1578    5.1369  C  0  0  0  0  0
   -0.9396   -4.5063    4.8830  N  0  0  0  0  0
   -1.4302   -3.2587    4.4426  C  0  0  0  0  0
   -0.4468   -2.2641    4.8150  C  0  0  0  0  0
   -0.4797   -1.0273    4.1850  C  0  0  0  0  0
   -1.5344   -0.7644    3.2988  C  0  0  0  0  0
   -2.5286   -1.7239    3.0231  C  0  0  0  0  0
   -2.4749   -2.9991    3.5837  C  0  0  0  0  0
   -0.1379   -1.8638    6.9663  C  0  0  0  0  0
    1.0991   -0.8666    7.0203  C  0  0  0  0  0
    2.3358   -1.7483    6.7469  N  0  0  0  0  0
    3.0501   -1.7850    5.3852  C  0  0  0  0  0
    3.1248   -3.1764    4.6523  C  0  0  0  0  0
  1 10  1  0  0  0
  1  2  1  0  0  0
  2  3  1  0  0  0
  3  4  2  0  0  0
  4  9  1  0  0  0
  4  5  1  0  0  0
  5 21  1  0  0  0
  5  6  1  0  0  0
  6  7  1  0  0  0
  7 19  1  0  0  0
  7  8  1  0  0  0
  8 12  1  0  0  0
  8  9  1  0  0  0
  8 17  1  0  0  0
  9 10  1  0  0  0
 10 11  1  0  0  0
 11 16  2  0  0  0
 11 12  1  0  0  0
 12 13  2  0  0  0
 13 14  1  0  0  0
 14 15  2  0  0  0
 15 16  1  0  0  0
 17 18  1  0  0  0
 18 19  1  0  0  0
 19 20  1  0  0  0
 20 21  1  0  0  0
M  END
$$$$
