c12c(cccc1)CC3C=CC=CC3S2
  -ISIS-

 14 16  0  0  0  0  0  0  0  0  1
   -5.7025   -4.9400    5.9500  C  0  0  0  0  0
   -6.7377   -6.0768    5.8610  C  0  0  0  0  0
   -7.7136   -5.8713    4.7367  C  0  0  0  0  0
   -8.3940   -4.6546    4.5895  C  0  0  0  0  0
   -8.0756   -3.3551    5.7968  S  0  0  0  0  0
   -6.3741   -3.6059    6.3945  C  0  0  0  0  0
   -5.5419   -2.3940    6.0285  C  0  0  0  0  0
   -4.6741   -2.4170    5.0030  C  0  0  0  0  0
   -4.4777   -3.6065    4.1990  C  0  0  0  0  0
   -4.9259   -4.7959    4.6384  C  0  0  0  0  0
   -9.3488   -4.4861    3.5646  C  0  0  0  0  0
   -9.5544   -5.5412    2.6577  C  0  0  0  0  0
   -8.8619   -6.7505    2.7763  C  0  0  0  0  0
   -7.9633   -6.9155    3.8329  C  0  0  0  0  0
  1  6  1  0  0  0
  1 10  1  0  0  0
  1  2  1  0  0  0
  2  3  1  0  0  0
  3 14  2  0  0  0
  3  4  1  0  0  0
  4  5  1  0  0  0
  4 11  2  0  0  0
  5  6  1  0  0  0
  6  7  1  0  0  0
  7  8  2  0  0  0
  8  9  1  0  0  0
  9 10  2  0  0  0
 11 12  1  0  0  0
 12 13  2  0  0  0
 13 14  1  0  0  0
M  END
$$$$
