C12c3c(SCCC=1CCSO2)cccc3
  -ISIS-

 15 17  0  0  0  0  0  0  0  0  1
   -4.4708    4.0745   -0.1039  S  0  0  0  0  0
   -3.4416    5.2130    0.7636  C  0  0  0  0  0
   -2.9135    4.5346    2.0249  C  0  0  0  0  0
   -2.3577    3.1354    1.8140  C  0  0  0  0  0
   -1.7215    2.4150    2.9936  C  0  0  0  0  0
   -0.1942    2.2808    2.9608  C  0  0  0  0  0
    0.5562    2.0318    1.3163  S  0  0  0  0  0
   -0.5923    0.8395    0.6246  C  0  0  0  0  0
   -0.0857   -0.4259    0.2991  C  0  0  0  0  0
   -0.9139   -1.3952   -0.2659  C  0  0  0  0  0
   -2.2509   -1.1054   -0.5198  C  0  0  0  0  0
   -2.7638    0.1561   -0.2122  C  0  0  0  0  0
   -1.9474    1.1447    0.3633  C  0  0  0  0  0
   -2.5360    2.4736    0.6476  C  0  0  0  0  0
   -3.3106    2.9667   -0.3845  O  0  0  0  0  0
  1 15  1  0  0  0
  1  2  1  0  0  0
  2  3  1  0  0  0
  3  4  1  0  0  0
  4 14  2  0  0  0
  4  5  1  0  0  0
  5  6  1  0  0  0
  6  7  1  0  0  0
  7  8  1  0  0  0
  8 13  2  0  0  0
  8  9  1  0  0  0
  9 10  2  0  0  0
 10 11  1  0  0  0
 11 12  2  0  0  0
 12 13  1  0  0  0
 13 14  1  0  0  0
 14 15  1  0  0  0
M  END
$$$$
