c12c(cc3[n]1CCC3)CC=CC2
  -ISIS-

 12 14  0  0  0  0  0  0  0  0  1
   -2.8714    5.1984   -3.9625  C  0  0  0  0  0
   -4.0678    4.5258   -4.1051  C  0  0  0  0  0
   -4.1441    3.5568   -3.1495  N  0  0  0  0  0
   -3.0358    3.5411   -2.3827  C  0  0  0  0  0
   -2.2049    4.5421   -2.8610  C  0  0  0  0  0
   -0.9035    4.8000   -2.2669  C  0  0  0  0  0
   -0.5424    3.8708   -1.1131  C  0  0  0  0  0
   -1.3830    2.9178   -0.6485  C  0  0  0  0  0
   -2.7264    2.6846   -1.2766  C  0  0  0  0  0
   -5.3800    2.7891   -3.1841  C  0  0  0  0  0
   -5.9488    3.1535   -4.5792  C  0  0  0  0  0
   -5.2973    4.5369   -4.9392  C  0  0  0  0  0
  1  5  1  0  0  0
  1  2  2  0  0  0
  2 12  1  0  0  0
  2  3  1  0  0  0
  3  4  1  0  0  0
  3 10  1  0  0  0
  4  9  1  0  0  0
  4  5  2  0  0  0
  5  6  1  0  0  0
  6  7  1  0  0  0
  7  8  2  0  0  0
  8  9  1  0  0  0
 10 11  1  0  0  0
 11 12  1  0  0  0
M  END
$$$$
c12c(cc3[n]1CCC3)CC=CC2
  -ISIS-

 12 14  0  0  0  0  0  0  0  0  1
   -2.8714    5.1984   -3.9625  C  0  0  0  0  0
   -4.0678    4.5258   -4.1051  C  0  0  0  0  0
   -4.1441    3.5568   -3.1495  N  0  0  0  0  0
   -3.0358    3.5411   -2.3827  C  0  0  0  0  0
   -2.2049    4.5421   -2.8610  C  0  0  0  0  0
   -0.9035    4.8000   -2.2669  C  0  0  0  0  0
   -0.5424    3.8708   -1.1131  C  0  0  0  0  0
   -1.3830    2.9178   -0.6485  C  0  0  0  0  0
   -2.7264    2.6846   -1.2766  C  0  0  0  0  0
   -5.3800    2.7891   -3.1841  C  0  0  0  0  0
   -5.9488    3.1535   -4.5792  C  0  0  0  0  0
   -5.2973    4.5369   -4.9392  C  0  0  0  0  0
  1  5  1  0  0  0
  1  2  2  0  0  0
  2 12  1  0  0  0
  2  3  1  0  0  0
  3  4  1  0  0  0
  3 10  1  0  0  0
  4  9  1  0  0  0
  4  5  2  0  0  0
  5  6  1  0  0  0
  6  7  1  0  0  0
  7  8  2  0  0  0
  8  9  1  0  0  0
 10 11  1  0  0  0
 11 12  1  0  0  0
M  END
$$$$
c12c(cc3[n]1CCC3)CC=CC2
  -ISIS-

 12 14  0  0  0  0  0  0  0  0  1
   -2.8714    5.1984   -3.9625  C  0  0  0  0  0
   -4.0678    4.5258   -4.1051  C  0  0  0  0  0
   -4.1441    3.5568   -3.1495  N  0  0  0  0  0
   -3.0358    3.5411   -2.3827  C  0  0  0  0  0
   -2.2049    4.5421   -2.8610  C  0  0  0  0  0
   -0.9035    4.8000   -2.2669  C  0  0  0  0  0
   -0.5424    3.8708   -1.1131  C  0  0  0  0  0
   -1.3830    2.9178   -0.6485  C  0  0  0  0  0
   -2.7264    2.6846   -1.2766  C  0  0  0  0  0
   -5.3800    2.7891   -3.1841  C  0  0  0  0  0
   -5.9488    3.1535   -4.5792  C  0  0  0  0  0
   -5.2973    4.5369   -4.9392  C  0  0  0  0  0
  1  5  1  0  0  0
  1  2  2  0  0  0
  2 12  1  0  0  0
  2  3  1  0  0  0
  3  4  1  0  0  0
  3 10  1  0  0  0
  4  9  1  0  0  0
  4  5  2  0  0  0
  5  6  1  0  0  0
  6  7  1  0  0  0
  7  8  2  0  0  0
  8  9  1  0  0  0
 10 11  1  0  0  0
 11 12  1  0  0  0
M  END
$$$$
c12c(cc3[n]1CCC3)CC=CC2
  -ISIS-

 12 14  0  0  0  0  0  0  0  0  1
   -2.8714    5.1984   -3.9625  C  0  0  0  0  0
   -4.0678    4.5258   -4.1051  C  0  0  0  0  0
   -4.1441    3.5568   -3.1495  N  0  0  0  0  0
   -3.0358    3.5411   -2.3827  C  0  0  0  0  0
   -2.2049    4.5421   -2.8610  C  0  0  0  0  0
   -0.9035    4.8000   -2.2669  C  0  0  0  0  0
   -0.5424    3.8708   -1.1131  C  0  0  0  0  0
   -1.3830    2.9178   -0.6485  C  0  0  0  0  0
   -2.7264    2.6846   -1.2766  C  0  0  0  0  0
   -5.3800    2.7891   -3.1841  C  0  0  0  0  0
   -5.9488    3.1535   -4.5792  C  0  0  0  0  0
   -5.2973    4.5369   -4.9392  C  0  0  0  0  0
  1  5  1  0  0  0
  1  2  2  0  0  0
  2 12  1  0  0  0
  2  3  1  0  0  0
  3  4  1  0  0  0
  3 10  1  0  0  0
  4  9  1  0  0  0
  4  5  2  0  0  0
  5  6  1  0  0  0
  6  7  1  0  0  0
  7  8  2  0  0  0
  8  9  1  0  0  0
 10 11  1  0  0  0
 11 12  1  0  0  0
M  END
$$$$
c12c(cc3[n]1CCC3)CC=CC2
  -ISIS-

 12 14  0  0  0  0  0  0  0  0  1
   -2.8714    5.1984   -3.9625  C  0  0  0  0  0
   -4.0678    4.5258   -4.1051  C  0  0  0  0  0
   -4.1441    3.5568   -3.1495  N  0  0  0  0  0
   -3.0358    3.5411   -2.3827  C  0  0  0  0  0
   -2.2049    4.5421   -2.8610  C  0  0  0  0  0
   -0.9035    4.8000   -2.2669  C  0  0  0  0  0
   -0.5424    3.8708   -1.1131  C  0  0  0  0  0
   -1.3830    2.9178   -0.6485  C  0  0  0  0  0
   -2.7264    2.6846   -1.2766  C  0  0  0  0  0
   -5.3800    2.7891   -3.1841  C  0  0  0  0  0
   -5.9488    3.1535   -4.5792  C  0  0  0  0  0
   -5.2973    4.5369   -4.9392  C  0  0  0  0  0
  1  5  1  0  0  0
  1  2  2  0  0  0
  2 12  1  0  0  0
  2  3  1  0  0  0
  3  4  1  0  0  0
  3 10  1  0  0  0
  4  9  1  0  0  0
  4  5  2  0  0  0
  5  6  1  0  0  0
  6  7  1  0  0  0
  7  8  2  0  0  0
  8  9  1  0  0  0
 10 11  1  0  0  0
 11 12  1  0  0  0
M  END
$$$$
c12c(cc3[n]1CCC3)CC=CC2
  -ISIS-

 12 14  0  0  0  0  0  0  0  0  1
   -2.8714    5.1984   -3.9625  C  0  0  0  0  0
   -4.0678    4.5258   -4.1051  C  0  0  0  0  0
   -4.1441    3.5568   -3.1495  N  0  0  0  0  0
   -3.0358    3.5411   -2.3827  C  0  0  0  0  0
   -2.2049    4.5421   -2.8610  C  0  0  0  0  0
   -0.9035    4.8000   -2.2669  C  0  0  0  0  0
   -0.5424    3.8708   -1.1131  C  0  0  0  0  0
   -1.3830    2.9178   -0.6485  C  0  0  0  0  0
   -2.7264    2.6846   -1.2766  C  0  0  0  0  0
   -5.3800    2.7891   -3.1841  C  0  0  0  0  0
   -5.9488    3.1535   -4.5792  C  0  0  0  0  0
   -5.2973    4.5369   -4.9392  C  0  0  0  0  0
  1  5  1  0  0  0
  1  2  2  0  0  0
  2 12  1  0  0  0
  2  3  1  0  0  0
  3  4  1  0  0  0
  3 10  1  0  0  0
  4  9  1  0  0  0
  4  5  2  0  0  0
  5  6  1  0  0  0
  6  7  1  0  0  0
  7  8  2  0  0  0
  8  9  1  0  0  0
 10 11  1  0  0  0
 11 12  1  0  0  0
M  END
$$$$
c12c(cc3[n]1CCC3)CC=CC2
  -ISIS-

 12 14  0  0  0  0  0  0  0  0  1
   -2.8714    5.1984   -3.9625  C  0  0  0  0  0
   -4.0678    4.5258   -4.1051  C  0  0  0  0  0
   -4.1441    3.5568   -3.1495  N  0  0  0  0  0
   -3.0358    3.5411   -2.3827  C  0  0  0  0  0
   -2.2049    4.5421   -2.8610  C  0  0  0  0  0
   -0.9035    4.8000   -2.2669  C  0  0  0  0  0
   -0.5424    3.8708   -1.1131  C  0  0  0  0  0
   -1.3830    2.9178   -0.6485  C  0  0  0  0  0
   -2.7264    2.6846   -1.2766  C  0  0  0  0  0
   -5.3800    2.7891   -3.1841  C  0  0  0  0  0
   -5.9488    3.1535   -4.5792  C  0  0  0  0  0
   -5.2973    4.5369   -4.9392  C  0  0  0  0  0
  1  5  1  0  0  0
  1  2  2  0  0  0
  2 12  1  0  0  0
  2  3  1  0  0  0
  3  4  1  0  0  0
  3 10  1  0  0  0
  4  9  1  0  0  0
  4  5  2  0  0  0
  5  6  1  0  0  0
  6  7  1  0  0  0
  7  8  2  0  0  0
  8  9  1  0  0  0
 10 11  1  0  0  0
 11 12  1  0  0  0
M  END
$$$$
c12c(cc3[n]1CCC3)CC=CC2
  -ISIS-

 12 14  0  0  0  0  0  0  0  0  1
   -3.1137    3.2546   -6.1097  C  0  0  0  0  0
   -2.6808    3.9564   -7.3657  C  0  0  0  0  0
   -2.4664    5.2925   -7.3912  C  0  0  0  0  0
   -2.6030    6.1753   -6.1558  C  0  0  0  0  0
   -3.0115    5.4660   -4.9565  C  0  0  0  0  0
   -3.2534    4.1008   -4.9626  C  0  0  0  0  0
   -3.6168    3.7673   -3.7081  N  0  0  0  0  0
   -3.6302    4.8613   -2.8932  C  0  0  0  0  0
   -3.2228    5.9603   -3.6174  C  0  0  0  0  0
   -4.0428    4.4849   -1.5195  C  0  0  0  0  0
   -4.6868    3.0675   -1.7609  C  0  0  0  0  0
   -3.9756    2.5301   -3.0281  C  0  0  0  0  0
  1  6  1  0  0  0
  1  2  1  0  0  0
  2  3  2  0  0  0
  3  4  1  0  0  0
  4  5  1  0  0  0
  5  9  1  0  0  0
  5  6  2  0  0  0
  6  7  1  0  0  0
  7 12  1  0  0  0
  7  8  1  0  0  0
  8  9  2  0  0  0
  8 10  1  0  0  0
 10 11  1  0  0  0
 11 12  1  0  0  0
M  END
$$$$
c12c(cc3[n]1CCC3)CC=CC2
  -ISIS-

 12 14  0  0  0  0  0  0  0  0  1
   -3.1137    3.2546   -6.1097  C  0  0  0  0  0
   -2.6808    3.9564   -7.3657  C  0  0  0  0  0
   -2.4664    5.2925   -7.3912  C  0  0  0  0  0
   -2.6030    6.1753   -6.1558  C  0  0  0  0  0
   -3.0115    5.4660   -4.9565  C  0  0  0  0  0
   -3.2534    4.1008   -4.9626  C  0  0  0  0  0
   -3.6168    3.7673   -3.7081  N  0  0  0  0  0
   -3.6302    4.8613   -2.8932  C  0  0  0  0  0
   -3.2228    5.9603   -3.6174  C  0  0  0  0  0
   -4.0428    4.4849   -1.5195  C  0  0  0  0  0
   -4.6868    3.0675   -1.7609  C  0  0  0  0  0
   -3.9756    2.5301   -3.0281  C  0  0  0  0  0
  1  6  1  0  0  0
  1  2  1  0  0  0
  2  3  2  0  0  0
  3  4  1  0  0  0
  4  5  1  0  0  0
  5  9  1  0  0  0
  5  6  2  0  0  0
  6  7  1  0  0  0
  7 12  1  0  0  0
  7  8  1  0  0  0
  8  9  2  0  0  0
  8 10  1  0  0  0
 10 11  1  0  0  0
 11 12  1  0  0  0
M  END
$$$$
c12c(cc3[n]1CCC3)CC=CC2
  -ISIS-

 12 14  0  0  0  0  0  0  0  0  1
   -3.1137    3.2546   -6.1097  C  0  0  0  0  0
   -2.6808    3.9564   -7.3657  C  0  0  0  0  0
   -2.4664    5.2925   -7.3912  C  0  0  0  0  0
   -2.6030    6.1753   -6.1558  C  0  0  0  0  0
   -3.0115    5.4660   -4.9565  C  0  0  0  0  0
   -3.2534    4.1008   -4.9626  C  0  0  0  0  0
   -3.6168    3.7673   -3.7081  N  0  0  0  0  0
   -3.6302    4.8613   -2.8932  C  0  0  0  0  0
   -3.2228    5.9603   -3.6174  C  0  0  0  0  0
   -4.0428    4.4849   -1.5195  C  0  0  0  0  0
   -4.6868    3.0675   -1.7609  C  0  0  0  0  0
   -3.9756    2.5301   -3.0281  C  0  0  0  0  0
  1  6  1  0  0  0
  1  2  1  0  0  0
  2  3  2  0  0  0
  3  4  1  0  0  0
  4  5  1  0  0  0
  5  9  1  0  0  0
  5  6  2  0  0  0
  6  7  1  0  0  0
  7 12  1  0  0  0
  7  8  1  0  0  0
  8  9  2  0  0  0
  8 10  1  0  0  0
 10 11  1  0  0  0
 11 12  1  0  0  0
M  END
$$$$
c12c(cc3[n]1CCC3)CC=CC2
  -ISIS-

 12 14  0  0  0  0  0  0  0  0  1
   -3.1137    3.2546   -6.1097  C  0  0  0  0  0
   -2.6808    3.9564   -7.3657  C  0  0  0  0  0
   -2.4664    5.2925   -7.3912  C  0  0  0  0  0
   -2.6030    6.1753   -6.1558  C  0  0  0  0  0
   -3.0115    5.4660   -4.9565  C  0  0  0  0  0
   -3.2534    4.1008   -4.9626  C  0  0  0  0  0
   -3.6168    3.7673   -3.7081  N  0  0  0  0  0
   -3.6302    4.8613   -2.8932  C  0  0  0  0  0
   -3.2228    5.9603   -3.6174  C  0  0  0  0  0
   -4.0428    4.4849   -1.5195  C  0  0  0  0  0
   -4.6868    3.0675   -1.7609  C  0  0  0  0  0
   -3.9756    2.5301   -3.0281  C  0  0  0  0  0
  1  6  1  0  0  0
  1  2  1  0  0  0
  2  3  2  0  0  0
  3  4  1  0  0  0
  4  5  1  0  0  0
  5  9  1  0  0  0
  5  6  2  0  0  0
  6  7  1  0  0  0
  7 12  1  0  0  0
  7  8  1  0  0  0
  8  9  2  0  0  0
  8 10  1  0  0  0
 10 11  1  0  0  0
 11 12  1  0  0  0
M  END
$$$$
c12c(cc3[n]1CCC3)CC=CC2
  -ISIS-

 12 14  0  0  0  0  0  0  0  0  1
   -3.1137    3.2546   -6.1097  C  0  0  0  0  0
   -2.6808    3.9564   -7.3657  C  0  0  0  0  0
   -2.4664    5.2925   -7.3912  C  0  0  0  0  0
   -2.6030    6.1753   -6.1558  C  0  0  0  0  0
   -3.0115    5.4660   -4.9565  C  0  0  0  0  0
   -3.2534    4.1008   -4.9626  C  0  0  0  0  0
   -3.6168    3.7673   -3.7081  N  0  0  0  0  0
   -3.6302    4.8613   -2.8932  C  0  0  0  0  0
   -3.2228    5.9603   -3.6174  C  0  0  0  0  0
   -4.0428    4.4849   -1.5195  C  0  0  0  0  0
   -4.6868    3.0675   -1.7609  C  0  0  0  0  0
   -3.9756    2.5301   -3.0281  C  0  0  0  0  0
  1  6  1  0  0  0
  1  2  1  0  0  0
  2  3  2  0  0  0
  3  4  1  0  0  0
  4  5  1  0  0  0
  5  9  1  0  0  0
  5  6  2  0  0  0
  6  7  1  0  0  0
  7 12  1  0  0  0
  7  8  1  0  0  0
  8  9  2  0  0  0
  8 10  1  0  0  0
 10 11  1  0  0  0
 11 12  1  0  0  0
M  END
$$$$
c12c(cc3[n]1CCC3)CC=CC2
  -ISIS-

 12 14  0  0  0  0  0  0  0  0  1
   -3.1137    3.2546   -6.1097  C  0  0  0  0  0
   -2.6808    3.9564   -7.3657  C  0  0  0  0  0
   -2.4664    5.2925   -7.3912  C  0  0  0  0  0
   -2.6030    6.1753   -6.1558  C  0  0  0  0  0
   -3.0115    5.4660   -4.9565  C  0  0  0  0  0
   -3.2534    4.1008   -4.9626  C  0  0  0  0  0
   -3.6168    3.7673   -3.7081  N  0  0  0  0  0
   -3.6302    4.8613   -2.8932  C  0  0  0  0  0
   -3.2228    5.9603   -3.6174  C  0  0  0  0  0
   -4.0428    4.4849   -1.5195  C  0  0  0  0  0
   -4.6868    3.0675   -1.7609  C  0  0  0  0  0
   -3.9756    2.5301   -3.0281  C  0  0  0  0  0
  1  6  1  0  0  0
  1  2  1  0  0  0
  2  3  2  0  0  0
  3  4  1  0  0  0
  4  5  1  0  0  0
  5  9  1  0  0  0
  5  6  2  0  0  0
  6  7  1  0  0  0
  7 12  1  0  0  0
  7  8  1  0  0  0
  8  9  2  0  0  0
  8 10  1  0  0  0
 10 11  1  0  0  0
 11 12  1  0  0  0
M  END
$$$$
c12c(cc3[n]1CCC3)CC=CC2
  -ISIS-

 12 14  0  0  0  0  0  0  0  0  1
   -3.1137    3.2546   -6.1097  C  0  0  0  0  0
   -2.6808    3.9564   -7.3657  C  0  0  0  0  0
   -2.4664    5.2925   -7.3912  C  0  0  0  0  0
   -2.6030    6.1753   -6.1558  C  0  0  0  0  0
   -3.0115    5.4660   -4.9565  C  0  0  0  0  0
   -3.2534    4.1008   -4.9626  C  0  0  0  0  0
   -3.6168    3.7673   -3.7081  N  0  0  0  0  0
   -3.6302    4.8613   -2.8932  C  0  0  0  0  0
   -3.2228    5.9603   -3.6174  C  0  0  0  0  0
   -4.0428    4.4849   -1.5195  C  0  0  0  0  0
   -4.6868    3.0675   -1.7609  C  0  0  0  0  0
   -3.9756    2.5301   -3.0281  C  0  0  0  0  0
  1  6  1  0  0  0
  1  2  1  0  0  0
  2  3  2  0  0  0
  3  4  1  0  0  0
  4  5  1  0  0  0
  5  9  1  0  0  0
  5  6  2  0  0  0
  6  7  1  0  0  0
  7 12  1  0  0  0
  7  8  1  0  0  0
  8  9  2  0  0  0
  8 10  1  0  0  0
 10 11  1  0  0  0
 11 12  1  0  0  0
M  END
$$$$
c12c(cc3[n]1CCC3)CC=CC2
  -ISIS-

 12 14  0  0  0  0  0  0  0  0  1
   -2.0975    1.9601   -4.3560  C  0  0  0  0  0
   -1.2750    0.7069   -4.4973  C  0  0  0  0  0
    0.0703    0.7173   -4.3162  C  0  0  0  0  0
    0.8148    1.9732   -3.8626  C  0  0  0  0  0
   -0.0007    3.1616   -3.7328  C  0  0  0  0  0
   -1.3648    3.1302   -3.9721  C  0  0  0  0  0
   -1.8231    4.3798   -3.7569  N  0  0  0  0  0
   -0.8082    5.2223   -3.4137  C  0  0  0  0  0
    0.3655    4.5027   -3.3514  C  0  0  0  0  0
   -1.3169    6.5919   -3.1918  C  0  0  0  0  0
   -2.7534    6.5243   -3.8193  C  0  0  0  0  0
   -3.1267    5.0200   -3.7936  C  0  0  0  0  0
  1  6  1  0  0  0
  1  2  1  0  0  0
  2  3  2  0  0  0
  3  4  1  0  0  0
  4  5  1  0  0  0
  5  9  1  0  0  0
  5  6  2  0  0  0
  6  7  1  0  0  0
  7 12  1  0  0  0
  7  8  1  0  0  0
  8  9  2  0  0  0
  8 10  1  0  0  0
 10 11  1  0  0  0
 11 12  1  0  0  0
M  END
$$$$
c12c(cc3[n]1CCC3)CC=CC2
  -ISIS-

 12 14  0  0  0  0  0  0  0  0  1
   -2.0975    1.9601   -4.3560  C  0  0  0  0  0
   -1.2750    0.7069   -4.4973  C  0  0  0  0  0
    0.0703    0.7173   -4.3162  C  0  0  0  0  0
    0.8148    1.9732   -3.8626  C  0  0  0  0  0
   -0.0007    3.1616   -3.7328  C  0  0  0  0  0
   -1.3648    3.1302   -3.9721  C  0  0  0  0  0
   -1.8231    4.3798   -3.7569  N  0  0  0  0  0
   -0.8082    5.2223   -3.4137  C  0  0  0  0  0
    0.3655    4.5027   -3.3514  C  0  0  0  0  0
   -1.3169    6.5919   -3.1918  C  0  0  0  0  0
   -2.7534    6.5243   -3.8193  C  0  0  0  0  0
   -3.1267    5.0200   -3.7936  C  0  0  0  0  0
  1  6  1  0  0  0
  1  2  1  0  0  0
  2  3  2  0  0  0
  3  4  1  0  0  0
  4  5  1  0  0  0
  5  9  1  0  0  0
  5  6  2  0  0  0
  6  7  1  0  0  0
  7 12  1  0  0  0
  7  8  1  0  0  0
  8  9  2  0  0  0
  8 10  1  0  0  0
 10 11  1  0  0  0
 11 12  1  0  0  0
M  END
$$$$
c12c(cc3[n]1CCC3)CC=CC2
  -ISIS-

 12 14  0  0  0  0  0  0  0  0  1
   -2.0975    1.9601   -4.3560  C  0  0  0  0  0
   -1.2750    0.7069   -4.4973  C  0  0  0  0  0
    0.0703    0.7173   -4.3162  C  0  0  0  0  0
    0.8148    1.9732   -3.8626  C  0  0  0  0  0
   -0.0007    3.1616   -3.7328  C  0  0  0  0  0
   -1.3648    3.1302   -3.9721  C  0  0  0  0  0
   -1.8231    4.3798   -3.7569  N  0  0  0  0  0
   -0.8082    5.2223   -3.4137  C  0  0  0  0  0
    0.3655    4.5027   -3.3514  C  0  0  0  0  0
   -1.3169    6.5919   -3.1918  C  0  0  0  0  0
   -2.7534    6.5243   -3.8193  C  0  0  0  0  0
   -3.1267    5.0200   -3.7936  C  0  0  0  0  0
  1  6  1  0  0  0
  1  2  1  0  0  0
  2  3  2  0  0  0
  3  4  1  0  0  0
  4  5  1  0  0  0
  5  9  1  0  0  0
  5  6  2  0  0  0
  6  7  1  0  0  0
  7 12  1  0  0  0
  7  8  1  0  0  0
  8  9  2  0  0  0
  8 10  1  0  0  0
 10 11  1  0  0  0
 11 12  1  0  0  0
M  END
$$$$
c12c(cc3[n]1CCC3)CC=CC2
  -ISIS-

 12 14  0  0  0  0  0  0  0  0  1
   -2.0975    1.9601   -4.3560  C  0  0  0  0  0
   -1.2750    0.7069   -4.4973  C  0  0  0  0  0
    0.0703    0.7173   -4.3162  C  0  0  0  0  0
    0.8148    1.9732   -3.8626  C  0  0  0  0  0
   -0.0007    3.1616   -3.7328  C  0  0  0  0  0
   -1.3648    3.1302   -3.9721  C  0  0  0  0  0
   -1.8231    4.3798   -3.7569  N  0  0  0  0  0
   -0.8082    5.2223   -3.4137  C  0  0  0  0  0
    0.3655    4.5027   -3.3514  C  0  0  0  0  0
   -1.3169    6.5919   -3.1918  C  0  0  0  0  0
   -2.7534    6.5243   -3.8193  C  0  0  0  0  0
   -3.1267    5.0200   -3.7936  C  0  0  0  0  0
  1  6  1  0  0  0
  1  2  1  0  0  0
  2  3  2  0  0  0
  3  4  1  0  0  0
  4  5  1  0  0  0
  5  9  1  0  0  0
  5  6  2  0  0  0
  6  7  1  0  0  0
  7 12  1  0  0  0
  7  8  1  0  0  0
  8  9  2  0  0  0
  8 10  1  0  0  0
 10 11  1  0  0  0
 11 12  1  0  0  0
M  END
$$$$
c12c(cc3[n]1CCC3)CC=CC2
  -ISIS-

 12 14  0  0  0  0  0  0  0  0  1
   -2.0975    1.9601   -4.3560  C  0  0  0  0  0
   -1.2750    0.7069   -4.4973  C  0  0  0  0  0
    0.0703    0.7173   -4.3162  C  0  0  0  0  0
    0.8148    1.9732   -3.8626  C  0  0  0  0  0
   -0.0007    3.1616   -3.7328  C  0  0  0  0  0
   -1.3648    3.1302   -3.9721  C  0  0  0  0  0
   -1.8231    4.3798   -3.7569  N  0  0  0  0  0
   -0.8082    5.2223   -3.4137  C  0  0  0  0  0
    0.3655    4.5027   -3.3514  C  0  0  0  0  0
   -1.3169    6.5919   -3.1918  C  0  0  0  0  0
   -2.7534    6.5243   -3.8193  C  0  0  0  0  0
   -3.1267    5.0200   -3.7936  C  0  0  0  0  0
  1  6  1  0  0  0
  1  2  1  0  0  0
  2  3  2  0  0  0
  3  4  1  0  0  0
  4  5  1  0  0  0
  5  9  1  0  0  0
  5  6  2  0  0  0
  6  7  1  0  0  0
  7 12  1  0  0  0
  7  8  1  0  0  0
  8  9  2  0  0  0
  8 10  1  0  0  0
 10 11  1  0  0  0
 11 12  1  0  0  0
M  END
$$$$
c12c(cc3[n]1CCC3)CC=CC2
  -ISIS-

 12 14  0  0  0  0  0  0  0  0  1
   -2.0975    1.9601   -4.3560  C  0  0  0  0  0
   -1.2750    0.7069   -4.4973  C  0  0  0  0  0
    0.0703    0.7173   -4.3162  C  0  0  0  0  0
    0.8148    1.9732   -3.8626  C  0  0  0  0  0
   -0.0007    3.1616   -3.7328  C  0  0  0  0  0
   -1.3648    3.1302   -3.9721  C  0  0  0  0  0
   -1.8231    4.3798   -3.7569  N  0  0  0  0  0
   -0.8082    5.2223   -3.4137  C  0  0  0  0  0
    0.3655    4.5027   -3.3514  C  0  0  0  0  0
   -1.3169    6.5919   -3.1918  C  0  0  0  0  0
   -2.7534    6.5243   -3.8193  C  0  0  0  0  0
   -3.1267    5.0200   -3.7936  C  0  0  0  0  0
  1  6  1  0  0  0
  1  2  1  0  0  0
  2  3  2  0  0  0
  3  4  1  0  0  0
  4  5  1  0  0  0
  5  9  1  0  0  0
  5  6  2  0  0  0
  6  7  1  0  0  0
  7 12  1  0  0  0
  7  8  1  0  0  0
  8  9  2  0  0  0
  8 10  1  0  0  0
 10 11  1  0  0  0
 11 12  1  0  0  0
M  END
$$$$
c12c(cc3[n]1CCC3)CC=CC2
  -ISIS-

 12 14  0  0  0  0  0  0  0  0  1
   -2.0975    1.9601   -4.3560  C  0  0  0  0  0
   -1.2750    0.7069   -4.4973  C  0  0  0  0  0
    0.0703    0.7173   -4.3162  C  0  0  0  0  0
    0.8148    1.9732   -3.8626  C  0  0  0  0  0
   -0.0007    3.1616   -3.7328  C  0  0  0  0  0
   -1.3648    3.1302   -3.9721  C  0  0  0  0  0
   -1.8231    4.3798   -3.7569  N  0  0  0  0  0
   -0.8082    5.2223   -3.4137  C  0  0  0  0  0
    0.3655    4.5027   -3.3514  C  0  0  0  0  0
   -1.3169    6.5919   -3.1918  C  0  0  0  0  0
   -2.7534    6.5243   -3.8193  C  0  0  0  0  0
   -3.1267    5.0200   -3.7936  C  0  0  0  0  0
  1  6  1  0  0  0
  1  2  1  0  0  0
  2  3  2  0  0  0
  3  4  1  0  0  0
  4  5  1  0  0  0
  5  9  1  0  0  0
  5  6  2  0  0  0
  6  7  1  0  0  0
  7 12  1  0  0  0
  7  8  1  0  0  0
  8  9  2  0  0  0
  8 10  1  0  0  0
 10 11  1  0  0  0
 11 12  1  0  0  0
M  END
$$$$
c12c(cc3[n]1CCC3)CC=CC2
  -ISIS-

 12 14  0  0  0  0  0  0  0  0  1
   -3.5776    8.6326   -1.8415  C  0  0  0  0  0
   -2.5414    8.0392   -2.7590  C  0  0  0  0  0
   -1.2236    8.0517   -2.4397  C  0  0  0  0  0
   -0.7195    8.6075   -1.0999  C  0  0  0  0  0
   -1.7440    9.1378   -0.2251  C  0  0  0  0  0
   -3.0772    9.1367   -0.5968  C  0  0  0  0  0
   -3.7618    9.6944    0.4214  N  0  0  0  0  0
   -2.9290   10.0653    1.4345  C  0  0  0  0  0
   -1.6330    9.7403    1.0827  C  0  0  0  0  0
   -3.7008   10.7021    2.5261  C  0  0  0  0  0
   -5.1918   10.3472    2.1659  C  0  0  0  0  0
   -5.1626   10.0064    0.6553  C  0  0  0  0  0
  1  6  1  0  0  0
  1  2  1  0  0  0
  2  3  2  0  0  0
  3  4  1  0  0  0
  4  5  1  0  0  0
  5  9  1  0  0  0
  5  6  2  0  0  0
  6  7  1  0  0  0
  7 12  1  0  0  0
  7  8  1  0  0  0
  8  9  2  0  0  0
  8 10  1  0  0  0
 10 11  1  0  0  0
 11 12  1  0  0  0
M  END
$$$$
c12c(cc3[n]1CCC3)CC=CC2
  -ISIS-

 12 14  0  0  0  0  0  0  0  0  1
   -3.5776    8.6326   -1.8415  C  0  0  0  0  0
   -2.5414    8.0392   -2.7590  C  0  0  0  0  0
   -1.2236    8.0517   -2.4397  C  0  0  0  0  0
   -0.7195    8.6075   -1.0999  C  0  0  0  0  0
   -1.7440    9.1378   -0.2251  C  0  0  0  0  0
   -3.0772    9.1367   -0.5968  C  0  0  0  0  0
   -3.7618    9.6944    0.4214  N  0  0  0  0  0
   -2.9290   10.0653    1.4345  C  0  0  0  0  0
   -1.6330    9.7403    1.0827  C  0  0  0  0  0
   -3.7008   10.7021    2.5261  C  0  0  0  0  0
   -5.1918   10.3472    2.1659  C  0  0  0  0  0
   -5.1626   10.0064    0.6553  C  0  0  0  0  0
  1  6  1  0  0  0
  1  2  1  0  0  0
  2  3  2  0  0  0
  3  4  1  0  0  0
  4  5  1  0  0  0
  5  9  1  0  0  0
  5  6  2  0  0  0
  6  7  1  0  0  0
  7 12  1  0  0  0
  7  8  1  0  0  0
  8  9  2  0  0  0
  8 10  1  0  0  0
 10 11  1  0  0  0
 11 12  1  0  0  0
M  END
$$$$
c12c(cc3[n]1CCC3)CC=CC2
  -ISIS-

 12 14  0  0  0  0  0  0  0  0  1
   -3.5776    8.6326   -1.8415  C  0  0  0  0  0
   -2.5414    8.0392   -2.7590  C  0  0  0  0  0
   -1.2236    8.0517   -2.4397  C  0  0  0  0  0
   -0.7195    8.6075   -1.0999  C  0  0  0  0  0
   -1.7440    9.1378   -0.2251  C  0  0  0  0  0
   -3.0772    9.1367   -0.5968  C  0  0  0  0  0
   -3.7618    9.6944    0.4214  N  0  0  0  0  0
   -2.9290   10.0653    1.4345  C  0  0  0  0  0
   -1.6330    9.7403    1.0827  C  0  0  0  0  0
   -3.7008   10.7021    2.5261  C  0  0  0  0  0
   -5.1918   10.3472    2.1659  C  0  0  0  0  0
   -5.1626   10.0064    0.6553  C  0  0  0  0  0
  1  6  1  0  0  0
  1  2  1  0  0  0
  2  3  2  0  0  0
  3  4  1  0  0  0
  4  5  1  0  0  0
  5  9  1  0  0  0
  5  6  2  0  0  0
  6  7  1  0  0  0
  7 12  1  0  0  0
  7  8  1  0  0  0
  8  9  2  0  0  0
  8 10  1  0  0  0
 10 11  1  0  0  0
 11 12  1  0  0  0
M  END
$$$$
c12c(cc3[n]1CCC3)CC=CC2
  -ISIS-

 12 14  0  0  0  0  0  0  0  0  1
   -3.5776    8.6326   -1.8415  C  0  0  0  0  0
   -2.5414    8.0392   -2.7590  C  0  0  0  0  0
   -1.2236    8.0517   -2.4397  C  0  0  0  0  0
   -0.7195    8.6075   -1.0999  C  0  0  0  0  0
   -1.7440    9.1378   -0.2251  C  0  0  0  0  0
   -3.0772    9.1367   -0.5968  C  0  0  0  0  0
   -3.7618    9.6944    0.4214  N  0  0  0  0  0
   -2.9290   10.0653    1.4345  C  0  0  0  0  0
   -1.6330    9.7403    1.0827  C  0  0  0  0  0
   -3.7008   10.7021    2.5261  C  0  0  0  0  0
   -5.1918   10.3472    2.1659  C  0  0  0  0  0
   -5.1626   10.0064    0.6553  C  0  0  0  0  0
  1  6  1  0  0  0
  1  2  1  0  0  0
  2  3  2  0  0  0
  3  4  1  0  0  0
  4  5  1  0  0  0
  5  9  1  0  0  0
  5  6  2  0  0  0
  6  7  1  0  0  0
  7 12  1  0  0  0
  7  8  1  0  0  0
  8  9  2  0  0  0
  8 10  1  0  0  0
 10 11  1  0  0  0
 11 12  1  0  0  0
M  END
$$$$
c12c(cc3[n]1CCC3)CC=CC2
  -ISIS-

 12 14  0  0  0  0  0  0  0  0  1
   -3.5776    8.6326   -1.8415  C  0  0  0  0  0
   -2.5414    8.0392   -2.7590  C  0  0  0  0  0
   -1.2236    8.0517   -2.4397  C  0  0  0  0  0
   -0.7195    8.6075   -1.0999  C  0  0  0  0  0
   -1.7440    9.1378   -0.2251  C  0  0  0  0  0
   -3.0772    9.1367   -0.5968  C  0  0  0  0  0
   -3.7618    9.6944    0.4214  N  0  0  0  0  0
   -2.9290   10.0653    1.4345  C  0  0  0  0  0
   -1.6330    9.7403    1.0827  C  0  0  0  0  0
   -3.7008   10.7021    2.5261  C  0  0  0  0  0
   -5.1918   10.3472    2.1659  C  0  0  0  0  0
   -5.1626   10.0064    0.6553  C  0  0  0  0  0
  1  6  1  0  0  0
  1  2  1  0  0  0
  2  3  2  0  0  0
  3  4  1  0  0  0
  4  5  1  0  0  0
  5  9  1  0  0  0
  5  6  2  0  0  0
  6  7  1  0  0  0
  7 12  1  0  0  0
  7  8  1  0  0  0
  8  9  2  0  0  0
  8 10  1  0  0  0
 10 11  1  0  0  0
 11 12  1  0  0  0
M  END
$$$$
c12c(cc3[n]1CCC3)CC=CC2
  -ISIS-

 12 14  0  0  0  0  0  0  0  0  1
   -3.5776    8.6326   -1.8415  C  0  0  0  0  0
   -2.5414    8.0392   -2.7590  C  0  0  0  0  0
   -1.2236    8.0517   -2.4397  C  0  0  0  0  0
   -0.7195    8.6075   -1.0999  C  0  0  0  0  0
   -1.7440    9.1378   -0.2251  C  0  0  0  0  0
   -3.0772    9.1367   -0.5968  C  0  0  0  0  0
   -3.7618    9.6944    0.4214  N  0  0  0  0  0
   -2.9290   10.0653    1.4345  C  0  0  0  0  0
   -1.6330    9.7403    1.0827  C  0  0  0  0  0
   -3.7008   10.7021    2.5261  C  0  0  0  0  0
   -5.1918   10.3472    2.1659  C  0  0  0  0  0
   -5.1626   10.0064    0.6553  C  0  0  0  0  0
  1  6  1  0  0  0
  1  2  1  0  0  0
  2  3  2  0  0  0
  3  4  1  0  0  0
  4  5  1  0  0  0
  5  9  1  0  0  0
  5  6  2  0  0  0
  6  7  1  0  0  0
  7 12  1  0  0  0
  7  8  1  0  0  0
  8  9  2  0  0  0
  8 10  1  0  0  0
 10 11  1  0  0  0
 11 12  1  0  0  0
M  END
$$$$
c12c(cc3[n]1CCC3)CC=CC2
  -ISIS-

 12 14  0  0  0  0  0  0  0  0  1
   -3.5776    8.6326   -1.8415  C  0  0  0  0  0
   -2.5414    8.0392   -2.7590  C  0  0  0  0  0
   -1.2236    8.0517   -2.4397  C  0  0  0  0  0
   -0.7195    8.6075   -1.0999  C  0  0  0  0  0
   -1.7440    9.1378   -0.2251  C  0  0  0  0  0
   -3.0772    9.1367   -0.5968  C  0  0  0  0  0
   -3.7618    9.6944    0.4214  N  0  0  0  0  0
   -2.9290   10.0653    1.4345  C  0  0  0  0  0
   -1.6330    9.7403    1.0827  C  0  0  0  0  0
   -3.7008   10.7021    2.5261  C  0  0  0  0  0
   -5.1918   10.3472    2.1659  C  0  0  0  0  0
   -5.1626   10.0064    0.6553  C  0  0  0  0  0
  1  6  1  0  0  0
  1  2  1  0  0  0
  2  3  2  0  0  0
  3  4  1  0  0  0
  4  5  1  0  0  0
  5  9  1  0  0  0
  5  6  2  0  0  0
  6  7  1  0  0  0
  7 12  1  0  0  0
  7  8  1  0  0  0
  8  9  2  0  0  0
  8 10  1  0  0  0
 10 11  1  0  0  0
 11 12  1  0  0  0
M  END
$$$$
c12c(cc3[n]1CCC3)CC=CC2
  -ISIS-

 12 14  0  0  0  0  0  0  0  0  1
    7.0711   -3.8048   -0.7892  C  0  0  0  0  0
    8.2463   -4.5224   -0.8557  C  0  0  0  0  0
    7.9469   -5.8238   -1.1277  N  0  0  0  0  0
    6.6175   -6.0038   -1.2528  C  0  0  0  0  0
    6.0257   -4.7671   -1.0442  C  0  0  0  0  0
    4.5846   -4.5904   -1.1100  C  0  0  0  0  0
    3.8085   -5.8720   -1.3982  C  0  0  0  0  0
    4.4117   -7.0630   -1.6190  C  0  0  0  0  0
    5.9045   -7.2091   -1.5522  C  0  0  0  0  0
    9.1156   -6.6788   -1.2270  C  0  0  0  0  0
   10.2054   -5.8031   -0.5907  C  0  0  0  0  0
    9.7166   -4.3388   -0.7490  C  0  0  0  0  0
  1  5  1  0  0  0
  1  2  2  0  0  0
  2 12  1  0  0  0
  2  3  1  0  0  0
  3  4  1  0  0  0
  3 10  1  0  0  0
  4  9  1  0  0  0
  4  5  2  0  0  0
  5  6  1  0  0  0
  6  7  1  0  0  0
  7  8  2  0  0  0
  8  9  1  0  0  0
 10 11  1  0  0  0
 11 12  1  0  0  0
M  END
$$$$
c12c(cc3[n]1CCC3)CC=CC2
  -ISIS-

 12 14  0  0  0  0  0  0  0  0  1
    7.0711   -3.8048   -0.7892  C  0  0  0  0  0
    8.2463   -4.5224   -0.8557  C  0  0  0  0  0
    7.9469   -5.8238   -1.1277  N  0  0  0  0  0
    6.6175   -6.0038   -1.2528  C  0  0  0  0  0
    6.0257   -4.7671   -1.0442  C  0  0  0  0  0
    4.5846   -4.5904   -1.1100  C  0  0  0  0  0
    3.8085   -5.8720   -1.3982  C  0  0  0  0  0
    4.4117   -7.0630   -1.6190  C  0  0  0  0  0
    5.9045   -7.2091   -1.5522  C  0  0  0  0  0
    9.1156   -6.6788   -1.2270  C  0  0  0  0  0
   10.2054   -5.8031   -0.5907  C  0  0  0  0  0
    9.7166   -4.3388   -0.7490  C  0  0  0  0  0
  1  5  1  0  0  0
  1  2  2  0  0  0
  2 12  1  0  0  0
  2  3  1  0  0  0
  3  4  1  0  0  0
  3 10  1  0  0  0
  4  9  1  0  0  0
  4  5  2  0  0  0
  5  6  1  0  0  0
  6  7  1  0  0  0
  7  8  2  0  0  0
  8  9  1  0  0  0
 10 11  1  0  0  0
 11 12  1  0  0  0
M  END
$$$$
c12c(cc3[n]1CCC3)CC=CC2
  -ISIS-

 12 14  0  0  0  0  0  0  0  0  1
    7.0711   -3.8048   -0.7892  C  0  0  0  0  0
    8.2463   -4.5224   -0.8557  C  0  0  0  0  0
    7.9469   -5.8238   -1.1277  N  0  0  0  0  0
    6.6175   -6.0038   -1.2528  C  0  0  0  0  0
    6.0257   -4.7671   -1.0442  C  0  0  0  0  0
    4.5846   -4.5904   -1.1100  C  0  0  0  0  0
    3.8085   -5.8720   -1.3982  C  0  0  0  0  0
    4.4117   -7.0630   -1.6190  C  0  0  0  0  0
    5.9045   -7.2091   -1.5522  C  0  0  0  0  0
    9.1156   -6.6788   -1.2270  C  0  0  0  0  0
   10.2054   -5.8031   -0.5907  C  0  0  0  0  0
    9.7166   -4.3388   -0.7490  C  0  0  0  0  0
  1  5  1  0  0  0
  1  2  2  0  0  0
  2 12  1  0  0  0
  2  3  1  0  0  0
  3  4  1  0  0  0
  3 10  1  0  0  0
  4  9  1  0  0  0
  4  5  2  0  0  0
  5  6  1  0  0  0
  6  7  1  0  0  0
  7  8  2  0  0  0
  8  9  1  0  0  0
 10 11  1  0  0  0
 11 12  1  0  0  0
M  END
$$$$
c12c(cc3[n]1CCC3)CC=CC2
  -ISIS-

 12 14  0  0  0  0  0  0  0  0  1
    7.0711   -3.8048   -0.7892  C  0  0  0  0  0
    8.2463   -4.5224   -0.8557  C  0  0  0  0  0
    7.9469   -5.8238   -1.1277  N  0  0  0  0  0
    6.6175   -6.0038   -1.2528  C  0  0  0  0  0
    6.0257   -4.7671   -1.0442  C  0  0  0  0  0
    4.5846   -4.5904   -1.1100  C  0  0  0  0  0
    3.8085   -5.8720   -1.3982  C  0  0  0  0  0
    4.4117   -7.0630   -1.6190  C  0  0  0  0  0
    5.9045   -7.2091   -1.5522  C  0  0  0  0  0
    9.1156   -6.6788   -1.2270  C  0  0  0  0  0
   10.2054   -5.8031   -0.5907  C  0  0  0  0  0
    9.7166   -4.3388   -0.7490  C  0  0  0  0  0
  1  5  1  0  0  0
  1  2  2  0  0  0
  2 12  1  0  0  0
  2  3  1  0  0  0
  3  4  1  0  0  0
  3 10  1  0  0  0
  4  9  1  0  0  0
  4  5  2  0  0  0
  5  6  1  0  0  0
  6  7  1  0  0  0
  7  8  2  0  0  0
  8  9  1  0  0  0
 10 11  1  0  0  0
 11 12  1  0  0  0
M  END
$$$$
c12c(cc3[n]1CCC3)CC=CC2
  -ISIS-

 12 14  0  0  0  0  0  0  0  0  1
    7.0711   -3.8048   -0.7892  C  0  0  0  0  0
    8.2463   -4.5224   -0.8557  C  0  0  0  0  0
    7.9469   -5.8238   -1.1277  N  0  0  0  0  0
    6.6175   -6.0038   -1.2528  C  0  0  0  0  0
    6.0257   -4.7671   -1.0442  C  0  0  0  0  0
    4.5846   -4.5904   -1.1100  C  0  0  0  0  0
    3.8085   -5.8720   -1.3982  C  0  0  0  0  0
    4.4117   -7.0630   -1.6190  C  0  0  0  0  0
    5.9045   -7.2091   -1.5522  C  0  0  0  0  0
    9.1156   -6.6788   -1.2270  C  0  0  0  0  0
   10.2054   -5.8031   -0.5907  C  0  0  0  0  0
    9.7166   -4.3388   -0.7490  C  0  0  0  0  0
  1  5  1  0  0  0
  1  2  2  0  0  0
  2 12  1  0  0  0
  2  3  1  0  0  0
  3  4  1  0  0  0
  3 10  1  0  0  0
  4  9  1  0  0  0
  4  5  2  0  0  0
  5  6  1  0  0  0
  6  7  1  0  0  0
  7  8  2  0  0  0
  8  9  1  0  0  0
 10 11  1  0  0  0
 11 12  1  0  0  0
M  END
$$$$
c12c(cc3[n]1CCC3)CC=CC2
  -ISIS-

 12 14  0  0  0  0  0  0  0  0  1
    7.0711   -3.8048   -0.7892  C  0  0  0  0  0
    8.2463   -4.5224   -0.8557  C  0  0  0  0  0
    7.9469   -5.8238   -1.1277  N  0  0  0  0  0
    6.6175   -6.0038   -1.2528  C  0  0  0  0  0
    6.0257   -4.7671   -1.0442  C  0  0  0  0  0
    4.5846   -4.5904   -1.1100  C  0  0  0  0  0
    3.8085   -5.8720   -1.3982  C  0  0  0  0  0
    4.4117   -7.0630   -1.6190  C  0  0  0  0  0
    5.9045   -7.2091   -1.5522  C  0  0  0  0  0
    9.1156   -6.6788   -1.2270  C  0  0  0  0  0
   10.2054   -5.8031   -0.5907  C  0  0  0  0  0
    9.7166   -4.3388   -0.7490  C  0  0  0  0  0
  1  5  1  0  0  0
  1  2  2  0  0  0
  2 12  1  0  0  0
  2  3  1  0  0  0
  3  4  1  0  0  0
  3 10  1  0  0  0
  4  9  1  0  0  0
  4  5  2  0  0  0
  5  6  1  0  0  0
  6  7  1  0  0  0
  7  8  2  0  0  0
  8  9  1  0  0  0
 10 11  1  0  0  0
 11 12  1  0  0  0
M  END
$$$$
c12c(cc3[n]1CCC3)CC=CC2
  -ISIS-

 12 14  0  0  0  0  0  0  0  0  1
   -4.2928    7.5882   -2.0922  C  0  0  0  0  0
   -3.7730    6.9809   -0.9040  C  0  0  0  0  0
   -4.5180    6.7095    0.2334  C  0  0  0  0  0
   -5.9314    7.0347    0.3152  C  0  0  0  0  0
   -6.5093    7.6509   -0.9550  C  0  0  0  0  0
   -5.7565    7.9205   -2.0469  C  0  0  0  0  0
   -3.6478    6.1027    1.2125  C  0  0  0  0  0
   -2.4121    6.0435    0.6015  C  0  0  0  0  0
   -2.5153    6.5689   -0.6515  N  0  0  0  0  0
   -1.2584    6.5911   -1.3751  C  0  0  0  0  0
   -0.2294    6.3692   -0.2446  C  0  0  0  0  0
   -1.0181    5.5967    0.8704  C  0  0  0  0  0
  1  6  1  0  0  0
  1  2  1  0  0  0
  2  9  1  0  0  0
  2  3  2  0  0  0
  3  4  1  0  0  0
  3  7  1  0  0  0
  4  5  1  0  0  0
  5  6  2  0  0  0
  7  8  2  0  0  0
  8 12  1  0  0  0
  8  9  1  0  0  0
  9 10  1  0  0  0
 10 11  1  0  0  0
 11 12  1  0  0  0
M  END
$$$$
c12c(cc3[n]1CCC3)CC=CC2
  -ISIS-

 12 14  0  0  0  0  0  0  0  0  1
   -4.2928    7.5882   -2.0922  C  0  0  0  0  0
   -3.7730    6.9809   -0.9040  C  0  0  0  0  0
   -4.5180    6.7095    0.2334  C  0  0  0  0  0
   -5.9314    7.0347    0.3152  C  0  0  0  0  0
   -6.5093    7.6509   -0.9550  C  0  0  0  0  0
   -5.7565    7.9205   -2.0469  C  0  0  0  0  0
   -3.6478    6.1027    1.2125  C  0  0  0  0  0
   -2.4121    6.0435    0.6015  C  0  0  0  0  0
   -2.5153    6.5689   -0.6515  N  0  0  0  0  0
   -1.2584    6.5911   -1.3751  C  0  0  0  0  0
   -0.2294    6.3692   -0.2446  C  0  0  0  0  0
   -1.0181    5.5967    0.8704  C  0  0  0  0  0
  1  6  1  0  0  0
  1  2  1  0  0  0
  2  9  1  0  0  0
  2  3  2  0  0  0
  3  4  1  0  0  0
  3  7  1  0  0  0
  4  5  1  0  0  0
  5  6  2  0  0  0
  7  8  2  0  0  0
  8 12  1  0  0  0
  8  9  1  0  0  0
  9 10  1  0  0  0
 10 11  1  0  0  0
 11 12  1  0  0  0
M  END
$$$$
c12c(cc3[n]1CCC3)CC=CC2
  -ISIS-

 12 14  0  0  0  0  0  0  0  0  1
   -4.2928    7.5882   -2.0922  C  0  0  0  0  0
   -3.7730    6.9809   -0.9040  C  0  0  0  0  0
   -4.5180    6.7095    0.2334  C  0  0  0  0  0
   -5.9314    7.0347    0.3152  C  0  0  0  0  0
   -6.5093    7.6509   -0.9550  C  0  0  0  0  0
   -5.7565    7.9205   -2.0469  C  0  0  0  0  0
   -3.6478    6.1027    1.2125  C  0  0  0  0  0
   -2.4121    6.0435    0.6015  C  0  0  0  0  0
   -2.5153    6.5689   -0.6515  N  0  0  0  0  0
   -1.2584    6.5911   -1.3751  C  0  0  0  0  0
   -0.2294    6.3692   -0.2446  C  0  0  0  0  0
   -1.0181    5.5967    0.8704  C  0  0  0  0  0
  1  6  1  0  0  0
  1  2  1  0  0  0
  2  9  1  0  0  0
  2  3  2  0  0  0
  3  4  1  0  0  0
  3  7  1  0  0  0
  4  5  1  0  0  0
  5  6  2  0  0  0
  7  8  2  0  0  0
  8 12  1  0  0  0
  8  9  1  0  0  0
  9 10  1  0  0  0
 10 11  1  0  0  0
 11 12  1  0  0  0
M  END
$$$$
c12c(cc3[n]1CCC3)CC=CC2
  -ISIS-

 12 14  0  0  0  0  0  0  0  0  1
   -4.2928    7.5882   -2.0922  C  0  0  0  0  0
   -3.7730    6.9809   -0.9040  C  0  0  0  0  0
   -4.5180    6.7095    0.2334  C  0  0  0  0  0
   -5.9314    7.0347    0.3152  C  0  0  0  0  0
   -6.5093    7.6509   -0.9550  C  0  0  0  0  0
   -5.7565    7.9205   -2.0469  C  0  0  0  0  0
   -3.6478    6.1027    1.2125  C  0  0  0  0  0
   -2.4121    6.0435    0.6015  C  0  0  0  0  0
   -2.5153    6.5689   -0.6515  N  0  0  0  0  0
   -1.2584    6.5911   -1.3751  C  0  0  0  0  0
   -0.2294    6.3692   -0.2446  C  0  0  0  0  0
   -1.0181    5.5967    0.8704  C  0  0  0  0  0
  1  6  1  0  0  0
  1  2  1  0  0  0
  2  9  1  0  0  0
  2  3  2  0  0  0
  3  4  1  0  0  0
  3  7  1  0  0  0
  4  5  1  0  0  0
  5  6  2  0  0  0
  7  8  2  0  0  0
  8 12  1  0  0  0
  8  9  1  0  0  0
  9 10  1  0  0  0
 10 11  1  0  0  0
 11 12  1  0  0  0
M  END
$$$$
c12c(cc3[n]1CCC3)CC=CC2
  -ISIS-

 12 14  0  0  0  0  0  0  0  0  1
   -4.2928    7.5882   -2.0922  C  0  0  0  0  0
   -3.7730    6.9809   -0.9040  C  0  0  0  0  0
   -4.5180    6.7095    0.2334  C  0  0  0  0  0
   -5.9314    7.0347    0.3152  C  0  0  0  0  0
   -6.5093    7.6509   -0.9550  C  0  0  0  0  0
   -5.7565    7.9205   -2.0469  C  0  0  0  0  0
   -3.6478    6.1027    1.2125  C  0  0  0  0  0
   -2.4121    6.0435    0.6015  C  0  0  0  0  0
   -2.5153    6.5689   -0.6515  N  0  0  0  0  0
   -1.2584    6.5911   -1.3751  C  0  0  0  0  0
   -0.2294    6.3692   -0.2446  C  0  0  0  0  0
   -1.0181    5.5967    0.8704  C  0  0  0  0  0
  1  6  1  0  0  0
  1  2  1  0  0  0
  2  9  1  0  0  0
  2  3  2  0  0  0
  3  4  1  0  0  0
  3  7  1  0  0  0
  4  5  1  0  0  0
  5  6  2  0  0  0
  7  8  2  0  0  0
  8 12  1  0  0  0
  8  9  1  0  0  0
  9 10  1  0  0  0
 10 11  1  0  0  0
 11 12  1  0  0  0
M  END
$$$$
c12c(cc3[n]1CCC3)CC=CC2
  -ISIS-

 12 14  0  0  0  0  0  0  0  0  1
   -4.2928    7.5882   -2.0922  C  0  0  0  0  0
   -3.7730    6.9809   -0.9040  C  0  0  0  0  0
   -4.5180    6.7095    0.2334  C  0  0  0  0  0
   -5.9314    7.0347    0.3152  C  0  0  0  0  0
   -6.5093    7.6509   -0.9550  C  0  0  0  0  0
   -5.7565    7.9205   -2.0469  C  0  0  0  0  0
   -3.6478    6.1027    1.2125  C  0  0  0  0  0
   -2.4121    6.0435    0.6015  C  0  0  0  0  0
   -2.5153    6.5689   -0.6515  N  0  0  0  0  0
   -1.2584    6.5911   -1.3751  C  0  0  0  0  0
   -0.2294    6.3692   -0.2446  C  0  0  0  0  0
   -1.0181    5.5967    0.8704  C  0  0  0  0  0
  1  6  1  0  0  0
  1  2  1  0  0  0
  2  9  1  0  0  0
  2  3  2  0  0  0
  3  4  1  0  0  0
  3  7  1  0  0  0
  4  5  1  0  0  0
  5  6  2  0  0  0
  7  8  2  0  0  0
  8 12  1  0  0  0
  8  9  1  0  0  0
  9 10  1  0  0  0
 10 11  1  0  0  0
 11 12  1  0  0  0
M  END
$$$$
c12c(cc3[n]1CCC3)CC=CC2
  -ISIS-

 12 14  0  0  0  0  0  0  0  0  1
   -4.2928    7.5882   -2.0922  C  0  0  0  0  0
   -3.7730    6.9809   -0.9040  C  0  0  0  0  0
   -4.5180    6.7095    0.2334  C  0  0  0  0  0
   -5.9314    7.0347    0.3152  C  0  0  0  0  0
   -6.5093    7.6509   -0.9550  C  0  0  0  0  0
   -5.7565    7.9205   -2.0469  C  0  0  0  0  0
   -3.6478    6.1027    1.2125  C  0  0  0  0  0
   -2.4121    6.0435    0.6015  C  0  0  0  0  0
   -2.5153    6.5689   -0.6515  N  0  0  0  0  0
   -1.2584    6.5911   -1.3751  C  0  0  0  0  0
   -0.2294    6.3692   -0.2446  C  0  0  0  0  0
   -1.0181    5.5967    0.8704  C  0  0  0  0  0
  1  6  1  0  0  0
  1  2  1  0  0  0
  2  9  1  0  0  0
  2  3  2  0  0  0
  3  4  1  0  0  0
  3  7  1  0  0  0
  4  5  1  0  0  0
  5  6  2  0  0  0
  7  8  2  0  0  0
  8 12  1  0  0  0
  8  9  1  0  0  0
  9 10  1  0  0  0
 10 11  1  0  0  0
 11 12  1  0  0  0
M  END
$$$$
