C12C3N(CC=1)CCC3OCOC2
  -ISIS-

 12 14  0  0  0  0  0  0  0  0  1
   -4.0337   -0.4553    0.1895  C  0  0  0  0  0
   -4.4628   -1.9058    0.5072  C  0  0  0  0  0
   -3.2635   -2.8216    0.1406  C  0  0  0  0  0
   -2.1147   -1.8224    0.0444  C  0  0  0  0  0
   -2.8409   -0.6801   -0.6350  N  0  0  0  0  0
   -1.7651    0.2428   -1.0580  C  0  0  0  0  0
   -0.7027   -0.7589   -1.4525  C  0  0  0  0  0
   -0.9529   -1.9572   -0.8814  C  0  0  0  0  0
   -0.3790   -3.2966   -1.1650  C  0  0  0  0  0
   -1.2675   -4.3076   -0.6971  O  0  0  0  0  0
   -2.4907   -4.4350   -1.4225  C  0  0  0  0  0
   -3.4443   -3.3840   -1.1676  O  0  0  0  0  0
  1  5  1  0  0  0
  1  2  1  0  0  0
  2  3  1  0  0  0
  3 12  1  0  0  0
  3  4  1  0  0  0
  4  8  1  0  0  0
  4  5  1  0  0  0
  5  6  1  0  0  0
  6  7  1  0  0  0
  7  8  2  0  0  0
  8  9  1  0  0  0
  9 10  1  0  0  0
 10 11  1  0  0  0
 11 12  1  0  0  0
M  END
$$$$
