c12c(cccc1)C[n]3c(ccn3)CN2
  -ISIS-

 14 16  0  0  0  0  0  0  0  0  1
    0.3478  -10.8948   -4.3831  N  0  0  0  0  0
   -0.4935  -11.7530   -5.0442  N  0  0  0  0  0
    0.1158  -12.0316   -6.1889  C  0  0  0  0  0
    1.3390  -11.3755   -6.2930  C  0  0  0  0  0
    1.4810  -10.6432   -5.1215  C  0  0  0  0  0
    2.6046   -9.8194   -4.8191  C  0  0  0  0  0
    2.7248   -9.1106   -3.6665  N  0  0  0  0  0
    1.9437   -8.9326   -2.5237  C  0  0  0  0  0
    0.7025   -9.5001   -2.2416  C  0  0  0  0  0
   -0.0507  -10.4253   -3.1187  C  0  0  0  0  0
    0.0777   -9.1823   -1.0096  C  0  0  0  0  0
    0.6652   -8.3252   -0.0805  C  0  0  0  0  0
    1.8965   -7.7634   -0.3635  C  0  0  0  0  0
    2.5252   -8.0656   -1.5710  C  0  0  0  0  0
  1 10  1  0  0  0
  1  5  1  0  0  0
  1  2  1  0  0  0
  2  3  2  0  0  0
  3  4  1  0  0  0
  4  5  2  0  0  0
  5  6  1  0  0  0
  6  7  1  0  0  0
  7  8  1  0  0  0
  8 14  2  0  0  0
  8  9  1  0  0  0
  9 10  1  0  0  0
  9 11  2  0  0  0
 11 12  1  0  0  0
 12 13  2  0  0  0
 13 14  1  0  0  0
M  END
$$$$
c12c(cccc1)C[n]3c(ccn3)CN2
  -ISIS-

 14 16  0  0  0  0  0  0  0  0  1
    0.3478  -10.8948   -4.3831  N  0  0  0  0  0
   -0.4935  -11.7530   -5.0442  N  0  0  0  0  0
    0.1158  -12.0316   -6.1889  C  0  0  0  0  0
    1.3390  -11.3755   -6.2930  C  0  0  0  0  0
    1.4810  -10.6432   -5.1215  C  0  0  0  0  0
    2.6046   -9.8194   -4.8191  C  0  0  0  0  0
    2.7248   -9.1106   -3.6665  N  0  0  0  0  0
    1.9437   -8.9326   -2.5237  C  0  0  0  0  0
    0.7025   -9.5001   -2.2416  C  0  0  0  0  0
   -0.0507  -10.4253   -3.1187  C  0  0  0  0  0
    0.0777   -9.1823   -1.0096  C  0  0  0  0  0
    0.6652   -8.3252   -0.0805  C  0  0  0  0  0
    1.8965   -7.7634   -0.3635  C  0  0  0  0  0
    2.5252   -8.0656   -1.5710  C  0  0  0  0  0
  1 10  1  0  0  0
  1  5  1  0  0  0
  1  2  1  0  0  0
  2  3  2  0  0  0
  3  4  1  0  0  0
  4  5  2  0  0  0
  5  6  1  0  0  0
  6  7  1  0  0  0
  7  8  1  0  0  0
  8 14  2  0  0  0
  8  9  1  0  0  0
  9 10  1  0  0  0
  9 11  2  0  0  0
 11 12  1  0  0  0
 12 13  2  0  0  0
 13 14  1  0  0  0
M  END
$$$$
c12c(cccc1)C[n]3c(ccn3)CN2
  -ISIS-

 14 16  0  0  0  0  0  0  0  0  1
   -2.8439    3.7223   -4.0138  C  0  0  0  0  0
   -3.2843    2.8744   -3.0143  C  0  0  0  0  0
   -2.9184    3.1299   -1.6938  C  0  0  0  0  0
   -2.1054    4.2352   -1.3379  C  0  0  0  0  0
   -1.6630    5.0879   -2.3474  C  0  0  0  0  0
   -2.0433    4.8144   -3.6810  C  0  0  0  0  0
   -0.8617    6.2230   -2.2171  N  0  0  0  0  0
   -0.2656    6.8723   -1.1834  C  0  0  0  0  0
   -0.3646    6.4467    0.1736  C  0  0  0  0  0
    0.2361    7.0961    1.2442  C  0  0  0  0  0
   -0.1060    6.3639    2.3774  C  0  0  0  0  0
   -0.8678    5.3210    2.0752  N  0  0  0  0  0
   -1.0289    5.3700    0.7140  N  0  0  0  0  0
   -1.8063    4.3679    0.1062  C  0  0  0  0  0
  1  6  2  0  0  0
  1  2  1  0  0  0
  2  3  2  0  0  0
  3  4  1  0  0  0
  4 14  1  0  0  0
  4  5  2  0  0  0
  5  6  1  0  0  0
  5  7  1  0  0  0
  7  8  1  0  0  0
  8  9  1  0  0  0
  9 13  1  0  0  0
  9 10  2  0  0  0
 10 11  1  0  0  0
 11 12  2  0  0  0
 12 13  1  0  0  0
 13 14  1  0  0  0
M  END
$$$$
c12c(cccc1)C[n]3c(ccn3)CN2
  -ISIS-

 14 16  0  0  0  0  0  0  0  0  1
   -2.8439    3.7223   -4.0138  C  0  0  0  0  0
   -3.2843    2.8744   -3.0143  C  0  0  0  0  0
   -2.9184    3.1299   -1.6938  C  0  0  0  0  0
   -2.1054    4.2352   -1.3379  C  0  0  0  0  0
   -1.6630    5.0879   -2.3474  C  0  0  0  0  0
   -2.0433    4.8144   -3.6810  C  0  0  0  0  0
   -0.8617    6.2230   -2.2171  N  0  0  0  0  0
   -0.2656    6.8723   -1.1834  C  0  0  0  0  0
   -0.3646    6.4467    0.1736  C  0  0  0  0  0
    0.2361    7.0961    1.2442  C  0  0  0  0  0
   -0.1060    6.3639    2.3774  C  0  0  0  0  0
   -0.8678    5.3210    2.0752  N  0  0  0  0  0
   -1.0289    5.3700    0.7140  N  0  0  0  0  0
   -1.8063    4.3679    0.1062  C  0  0  0  0  0
  1  6  2  0  0  0
  1  2  1  0  0  0
  2  3  2  0  0  0
  3  4  1  0  0  0
  4 14  1  0  0  0
  4  5  2  0  0  0
  5  6  1  0  0  0
  5  7  1  0  0  0
  7  8  1  0  0  0
  8  9  1  0  0  0
  9 13  1  0  0  0
  9 10  2  0  0  0
 10 11  1  0  0  0
 11 12  2  0  0  0
 12 13  1  0  0  0
 13 14  1  0  0  0
M  END
$$$$
