C12C3C(CC1CCCC2)CCCCC3
  -ISIS-

 14 16  0  0  0  0  0  0  0  0  1
    3.7882   -4.7706    0.5026  C  0  0  0  0  0
    3.8402   -4.4743   -0.9786  C  0  0  0  0  0
    4.8497   -3.4095   -1.3869  C  0  0  0  0  0
    4.4259   -1.9914   -1.0252  C  0  0  0  0  0
    3.0235   -1.6908   -1.5345  C  0  0  0  0  0
    2.0158   -2.6656   -0.9387  C  0  0  0  0  0
    2.3652   -4.1326   -1.2538  C  0  0  0  0  0
    1.5906   -5.1787   -0.3814  C  0  0  0  0  0
    0.1158   -4.8169   -0.0779  C  0  0  0  0  0
   -0.6944   -5.8846    0.6606  C  0  0  0  0  0
   -0.1545   -6.2748    2.0372  C  0  0  0  0  0
    1.0880   -7.1577    1.9730  C  0  0  0  0  0
    2.4141   -6.4185    1.7987  C  0  0  0  0  0
    2.3870   -5.1415    0.9606  C  0  0  0  0  0
  1 14  1  0  0  0
  1  2  1  0  0  0
  2  7  1  0  0  0
  2  3  1  0  0  0
  3  4  1  0  0  0
  4  5  1  0  0  0
  5  6  1  0  0  0
  6  7  1  0  0  0
  7  8  1  0  0  0
  8 14  1  0  0  0
  8  9  1  0  0  0
  9 10  1  0  0  0
 10 11  1  0  0  0
 11 12  1  0  0  0
 12 13  1  0  0  0
 13 14  1  0  0  0
M  END
$$$$
C12C3C(CC1CCCC2)CCCCC3
  -ISIS-

 14 16  0  0  0  0  0  0  0  0  1
    3.7882   -4.7706    0.5026  C  0  0  0  0  0
    3.8402   -4.4743   -0.9786  C  0  0  0  0  0
    4.8497   -3.4095   -1.3869  C  0  0  0  0  0
    4.4259   -1.9914   -1.0252  C  0  0  0  0  0
    3.0235   -1.6908   -1.5345  C  0  0  0  0  0
    2.0158   -2.6656   -0.9387  C  0  0  0  0  0
    2.3652   -4.1326   -1.2538  C  0  0  0  0  0
    1.5906   -5.1787   -0.3814  C  0  0  0  0  0
    0.1158   -4.8169   -0.0779  C  0  0  0  0  0
   -0.6944   -5.8846    0.6606  C  0  0  0  0  0
   -0.1545   -6.2748    2.0372  C  0  0  0  0  0
    1.0880   -7.1577    1.9730  C  0  0  0  0  0
    2.4141   -6.4185    1.7987  C  0  0  0  0  0
    2.3870   -5.1415    0.9606  C  0  0  0  0  0
  1 14  1  0  0  0
  1  2  1  0  0  0
  2  7  1  0  0  0
  2  3  1  0  0  0
  3  4  1  0  0  0
  4  5  1  0  0  0
  5  6  1  0  0  0
  6  7  1  0  0  0
  7  8  1  0  0  0
  8 14  1  0  0  0
  8  9  1  0  0  0
  9 10  1  0  0  0
 10 11  1  0  0  0
 11 12  1  0  0  0
 12 13  1  0  0  0
 13 14  1  0  0  0
M  END
$$$$
