C12CC(CNC1)CNC2
  -ISIS-

  9 10  0  0  0  0  0  0  0  0  1
   -3.1851    0.5497    4.4299  C  0  0  0  0  0
   -2.6903    1.8195    5.1546  C  0  0  0  0  0
   -3.5131    2.9979    4.8758  N  0  0  0  0  0
   -4.9608    2.8457    5.0819  C  0  0  0  0  0
   -5.5343    1.5586    4.4485  C  0  0  0  0  0
   -5.4603    1.6303    2.9085  C  0  0  0  0  0
   -4.0909    1.7370    2.4011  N  0  0  0  0  0
   -3.1304    0.7407    2.8979  C  0  0  0  0  0
   -4.6388    0.3968    4.8381  C  0  0  0  0  0
  1  8  1  0  0  0
  1  9  1  0  0  0
  1  2  1  0  0  0
  2  3  1  0  0  0
  3  4  1  0  0  0
  4  5  1  0  0  0
  5  6  1  0  0  0
  5  9  1  0  0  0
  6  7  1  0  0  0
  7  8  1  0  0  0
M  END
$$$$
