c12c(cccc1)NCC3(N2)NCNC3
  -ISIS-

 14 16  0  0  0  0  0  0  0  0  1
    5.6857    6.5270   -0.8593  N  0  0  0  0  0
    5.3093    7.2134    0.2861  C  0  0  0  0  0
    4.0089    6.9254    0.5679  N  0  0  0  0  0
    3.4405    6.2238   -0.4601  C  0  0  0  0  0
    4.5296    5.9613   -1.5308  C  0  0  0  0  0
    4.7762    4.5291   -1.6432  N  0  0  0  0  0
    5.1244    4.0271   -2.8969  C  0  0  0  0  0
    5.6155    2.7130   -2.9639  C  0  0  0  0  0
    5.9062    2.1112   -4.1865  C  0  0  0  0  0
    5.6839    2.8098   -5.3648  C  0  0  0  0  0
    5.1634    4.1050   -5.3188  C  0  0  0  0  0
    4.8686    4.7262   -4.0926  C  0  0  0  0  0
    4.3333    6.0492   -4.0415  N  0  0  0  0  0
    4.1437    6.7125   -2.8279  C  0  0  0  0  0
  1  5  1  0  0  0
  1  2  1  0  0  0
  2  3  1  0  0  0
  3  4  1  0  0  0
  4  5  1  0  0  0
  5 14  1  0  0  0
  5  6  1  0  0  0
  6  7  1  0  0  0
  7 12  2  0  0  0
  7  8  1  0  0  0
  8  9  2  0  0  0
  9 10  1  0  0  0
 10 11  2  0  0  0
 11 12  1  0  0  0
 12 13  1  0  0  0
 13 14  1  0  0  0
M  END
$$$$
c12c(cccc1)NCC3(N2)NCNC3
  -ISIS-

 14 16  0  0  0  0  0  0  0  0  1
    5.6857    6.5270   -0.8593  N  0  0  0  0  0
    5.3093    7.2134    0.2861  C  0  0  0  0  0
    4.0089    6.9254    0.5679  N  0  0  0  0  0
    3.4405    6.2238   -0.4601  C  0  0  0  0  0
    4.5296    5.9613   -1.5308  C  0  0  0  0  0
    4.7762    4.5291   -1.6432  N  0  0  0  0  0
    5.1244    4.0271   -2.8969  C  0  0  0  0  0
    5.6155    2.7130   -2.9639  C  0  0  0  0  0
    5.9062    2.1112   -4.1865  C  0  0  0  0  0
    5.6839    2.8098   -5.3648  C  0  0  0  0  0
    5.1634    4.1050   -5.3188  C  0  0  0  0  0
    4.8686    4.7262   -4.0926  C  0  0  0  0  0
    4.3333    6.0492   -4.0415  N  0  0  0  0  0
    4.1437    6.7125   -2.8279  C  0  0  0  0  0
  1  5  1  0  0  0
  1  2  1  0  0  0
  2  3  1  0  0  0
  3  4  1  0  0  0
  4  5  1  0  0  0
  5 14  1  0  0  0
  5  6  1  0  0  0
  6  7  1  0  0  0
  7 12  2  0  0  0
  7  8  1  0  0  0
  8  9  2  0  0  0
  9 10  1  0  0  0
 10 11  2  0  0  0
 11 12  1  0  0  0
 12 13  1  0  0  0
 13 14  1  0  0  0
M  END
$$$$
c12c(cccc1)NCC3(N2)NCNC3
  -ISIS-

 14 16  0  0  0  0  0  0  0  0  1
    5.6857    6.5270   -0.8593  N  0  0  0  0  0
    5.3093    7.2134    0.2861  C  0  0  0  0  0
    4.0089    6.9254    0.5679  N  0  0  0  0  0
    3.4405    6.2238   -0.4601  C  0  0  0  0  0
    4.5296    5.9613   -1.5308  C  0  0  0  0  0
    4.7762    4.5291   -1.6432  N  0  0  0  0  0
    5.1244    4.0271   -2.8969  C  0  0  0  0  0
    5.6155    2.7130   -2.9639  C  0  0  0  0  0
    5.9062    2.1112   -4.1865  C  0  0  0  0  0
    5.6839    2.8098   -5.3648  C  0  0  0  0  0
    5.1634    4.1050   -5.3188  C  0  0  0  0  0
    4.8686    4.7262   -4.0926  C  0  0  0  0  0
    4.3333    6.0492   -4.0415  N  0  0  0  0  0
    4.1437    6.7125   -2.8279  C  0  0  0  0  0
  1  5  1  0  0  0
  1  2  1  0  0  0
  2  3  1  0  0  0
  3  4  1  0  0  0
  4  5  1  0  0  0
  5 14  1  0  0  0
  5  6  1  0  0  0
  6  7  1  0  0  0
  7 12  2  0  0  0
  7  8  1  0  0  0
  8  9  2  0  0  0
  9 10  1  0  0  0
 10 11  2  0  0  0
 11 12  1  0  0  0
 12 13  1  0  0  0
 13 14  1  0  0  0
M  END
$$$$
c12c(cccc1)NCC3(N2)NCNC3
  -ISIS-

 14 16  0  0  0  0  0  0  0  0  1
    5.6857    6.5270   -0.8593  N  0  0  0  0  0
    5.3093    7.2134    0.2861  C  0  0  0  0  0
    4.0089    6.9254    0.5679  N  0  0  0  0  0
    3.4405    6.2238   -0.4601  C  0  0  0  0  0
    4.5296    5.9613   -1.5308  C  0  0  0  0  0
    4.7762    4.5291   -1.6432  N  0  0  0  0  0
    5.1244    4.0271   -2.8969  C  0  0  0  0  0
    5.6155    2.7130   -2.9639  C  0  0  0  0  0
    5.9062    2.1112   -4.1865  C  0  0  0  0  0
    5.6839    2.8098   -5.3648  C  0  0  0  0  0
    5.1634    4.1050   -5.3188  C  0  0  0  0  0
    4.8686    4.7262   -4.0926  C  0  0  0  0  0
    4.3333    6.0492   -4.0415  N  0  0  0  0  0
    4.1437    6.7125   -2.8279  C  0  0  0  0  0
  1  5  1  0  0  0
  1  2  1  0  0  0
  2  3  1  0  0  0
  3  4  1  0  0  0
  4  5  1  0  0  0
  5 14  1  0  0  0
  5  6  1  0  0  0
  6  7  1  0  0  0
  7 12  2  0  0  0
  7  8  1  0  0  0
  8  9  2  0  0  0
  9 10  1  0  0  0
 10 11  2  0  0  0
 11 12  1  0  0  0
 12 13  1  0  0  0
 13 14  1  0  0  0
M  END
$$$$
c12c(cccc1)NCC3(N2)NCNC3
  -ISIS-

 14 16  0  0  0  0  0  0  0  0  1
    5.6857    6.5270   -0.8593  N  0  0  0  0  0
    5.3093    7.2134    0.2861  C  0  0  0  0  0
    4.0089    6.9254    0.5679  N  0  0  0  0  0
    3.4405    6.2238   -0.4601  C  0  0  0  0  0
    4.5296    5.9613   -1.5308  C  0  0  0  0  0
    4.7762    4.5291   -1.6432  N  0  0  0  0  0
    5.1244    4.0271   -2.8969  C  0  0  0  0  0
    5.6155    2.7130   -2.9639  C  0  0  0  0  0
    5.9062    2.1112   -4.1865  C  0  0  0  0  0
    5.6839    2.8098   -5.3648  C  0  0  0  0  0
    5.1634    4.1050   -5.3188  C  0  0  0  0  0
    4.8686    4.7262   -4.0926  C  0  0  0  0  0
    4.3333    6.0492   -4.0415  N  0  0  0  0  0
    4.1437    6.7125   -2.8279  C  0  0  0  0  0
  1  5  1  0  0  0
  1  2  1  0  0  0
  2  3  1  0  0  0
  3  4  1  0  0  0
  4  5  1  0  0  0
  5 14  1  0  0  0
  5  6  1  0  0  0
  6  7  1  0  0  0
  7 12  2  0  0  0
  7  8  1  0  0  0
  8  9  2  0  0  0
  9 10  1  0  0  0
 10 11  2  0  0  0
 11 12  1  0  0  0
 12 13  1  0  0  0
 13 14  1  0  0  0
M  END
$$$$
c12c(cccc1)NCC3(N2)NCNC3
  -ISIS-

 14 16  0  0  0  0  0  0  0  0  1
    5.6857    6.5270   -0.8593  N  0  0  0  0  0
    5.3093    7.2134    0.2861  C  0  0  0  0  0
    4.0089    6.9254    0.5679  N  0  0  0  0  0
    3.4405    6.2238   -0.4601  C  0  0  0  0  0
    4.5296    5.9613   -1.5308  C  0  0  0  0  0
    4.7762    4.5291   -1.6432  N  0  0  0  0  0
    5.1244    4.0271   -2.8969  C  0  0  0  0  0
    5.6155    2.7130   -2.9639  C  0  0  0  0  0
    5.9062    2.1112   -4.1865  C  0  0  0  0  0
    5.6839    2.8098   -5.3648  C  0  0  0  0  0
    5.1634    4.1050   -5.3188  C  0  0  0  0  0
    4.8686    4.7262   -4.0926  C  0  0  0  0  0
    4.3333    6.0492   -4.0415  N  0  0  0  0  0
    4.1437    6.7125   -2.8279  C  0  0  0  0  0
  1  5  1  0  0  0
  1  2  1  0  0  0
  2  3  1  0  0  0
  3  4  1  0  0  0
  4  5  1  0  0  0
  5 14  1  0  0  0
  5  6  1  0  0  0
  6  7  1  0  0  0
  7 12  2  0  0  0
  7  8  1  0  0  0
  8  9  2  0  0  0
  9 10  1  0  0  0
 10 11  2  0  0  0
 11 12  1  0  0  0
 12 13  1  0  0  0
 13 14  1  0  0  0
M  END
$$$$
