C12c3c(cccc3CC=C1)COC=2
  -ISIS-

 13 15  0  0  0  0  0  0  0  0  1
    1.3648   -4.1957    7.1730  C  0  0  0  0  0
    1.9143   -5.4098    7.8551  C  0  0  0  0  0
    1.5872   -5.7111    9.1144  C  0  0  0  0  0
    0.6880   -4.8695    9.8619  C  0  0  0  0  0
    0.3431   -5.1479   11.1233  C  0  0  0  0  0
   -0.5229   -4.3766   11.9078  O  0  0  0  0  0
   -1.0980   -3.2385   11.4167  C  0  0  0  0  0
   -0.7586   -2.8703   10.0200  C  0  0  0  0  0
    0.1093   -3.6629    9.2643  C  0  0  0  0  0
    0.4272   -3.3052    7.9338  C  0  0  0  0  0
   -0.1354   -2.1392    7.3637  C  0  0  0  0  0
   -1.0074   -1.3611    8.1527  C  0  0  0  0  0
   -1.3176   -1.7185    9.4642  C  0  0  0  0  0
  1 10  1  0  0  0
  1  2  1  0  0  0
  2  3  2  0  0  0
  3  4  1  0  0  0
  4  9  1  0  0  0
  4  5  2  0  0  0
  5  6  1  0  0  0
  6  7  1  0  0  0
  7  8  1  0  0  0
  8 13  2  0  0  0
  8  9  2  0  0  0
  9 10  2  0  0  0
 10 11  1  0  0  0
 11 12  2  0  0  0
 12 13  1  0  0  0
M  END
$$$$
C12c3c(cccc3CC=C1)COC=2
  -ISIS-

 13 15  0  0  0  0  0  0  0  0  1
    1.3648   -4.1957    7.1730  C  0  0  0  0  0
    1.9143   -5.4098    7.8551  C  0  0  0  0  0
    1.5872   -5.7111    9.1144  C  0  0  0  0  0
    0.6880   -4.8695    9.8619  C  0  0  0  0  0
    0.3431   -5.1479   11.1233  C  0  0  0  0  0
   -0.5229   -4.3766   11.9078  O  0  0  0  0  0
   -1.0980   -3.2385   11.4167  C  0  0  0  0  0
   -0.7586   -2.8703   10.0200  C  0  0  0  0  0
    0.1093   -3.6629    9.2643  C  0  0  0  0  0
    0.4272   -3.3052    7.9338  C  0  0  0  0  0
   -0.1354   -2.1392    7.3637  C  0  0  0  0  0
   -1.0074   -1.3611    8.1527  C  0  0  0  0  0
   -1.3176   -1.7185    9.4642  C  0  0  0  0  0
  1 10  1  0  0  0
  1  2  1  0  0  0
  2  3  2  0  0  0
  3  4  1  0  0  0
  4  9  1  0  0  0
  4  5  2  0  0  0
  5  6  1  0  0  0
  6  7  1  0  0  0
  7  8  1  0  0  0
  8 13  2  0  0  0
  8  9  2  0  0  0
  9 10  2  0  0  0
 10 11  1  0  0  0
 11 12  2  0  0  0
 12 13  1  0  0  0
M  END
$$$$
C12c3c(cccc3CC=C1)COC=2
  -ISIS-

 13 15  0  0  0  0  0  0  0  0  1
    1.3648   -4.1957    7.1730  C  0  0  0  0  0
    1.9143   -5.4098    7.8551  C  0  0  0  0  0
    1.5872   -5.7111    9.1144  C  0  0  0  0  0
    0.6880   -4.8695    9.8619  C  0  0  0  0  0
    0.3431   -5.1479   11.1233  C  0  0  0  0  0
   -0.5229   -4.3766   11.9078  O  0  0  0  0  0
   -1.0980   -3.2385   11.4167  C  0  0  0  0  0
   -0.7586   -2.8703   10.0200  C  0  0  0  0  0
    0.1093   -3.6629    9.2643  C  0  0  0  0  0
    0.4272   -3.3052    7.9338  C  0  0  0  0  0
   -0.1354   -2.1392    7.3637  C  0  0  0  0  0
   -1.0074   -1.3611    8.1527  C  0  0  0  0  0
   -1.3176   -1.7185    9.4642  C  0  0  0  0  0
  1 10  1  0  0  0
  1  2  1  0  0  0
  2  3  2  0  0  0
  3  4  1  0  0  0
  4  9  1  0  0  0
  4  5  2  0  0  0
  5  6  1  0  0  0
  6  7  1  0  0  0
  7  8  1  0  0  0
  8 13  2  0  0  0
  8  9  2  0  0  0
  9 10  2  0  0  0
 10 11  1  0  0  0
 11 12  2  0  0  0
 12 13  1  0  0  0
M  END
$$$$
C12c3c(cccc3CC=C1)COC=2
  -ISIS-

 13 15  0  0  0  0  0  0  0  0  1
    1.3648   -4.1957    7.1730  C  0  0  0  0  0
    1.9143   -5.4098    7.8551  C  0  0  0  0  0
    1.5872   -5.7111    9.1144  C  0  0  0  0  0
    0.6880   -4.8695    9.8619  C  0  0  0  0  0
    0.3431   -5.1479   11.1233  C  0  0  0  0  0
   -0.5229   -4.3766   11.9078  O  0  0  0  0  0
   -1.0980   -3.2385   11.4167  C  0  0  0  0  0
   -0.7586   -2.8703   10.0200  C  0  0  0  0  0
    0.1093   -3.6629    9.2643  C  0  0  0  0  0
    0.4272   -3.3052    7.9338  C  0  0  0  0  0
   -0.1354   -2.1392    7.3637  C  0  0  0  0  0
   -1.0074   -1.3611    8.1527  C  0  0  0  0  0
   -1.3176   -1.7185    9.4642  C  0  0  0  0  0
  1 10  1  0  0  0
  1  2  1  0  0  0
  2  3  2  0  0  0
  3  4  1  0  0  0
  4  9  1  0  0  0
  4  5  2  0  0  0
  5  6  1  0  0  0
  6  7  1  0  0  0
  7  8  1  0  0  0
  8 13  2  0  0  0
  8  9  2  0  0  0
  9 10  2  0  0  0
 10 11  1  0  0  0
 11 12  2  0  0  0
 12 13  1  0  0  0
M  END
$$$$
