C12C3=C(c4c(SCC3)cccc4)NCC1=CNCC=2
  -ISIS-

 19 22  0  0  0  0  0  0  0  0  1
   -1.4718   -0.9366   -6.3173  C  0  0  0  0  0
   -1.8307   -0.7126   -7.7523  C  0  0  0  0  0
   -1.4238    0.4756   -8.3343  N  0  0  0  0  0
   -0.7482    1.4689   -7.6350  C  0  0  0  0  0
   -0.4202    1.2372   -6.3348  C  0  0  0  0  0
    0.2474    2.3440   -5.5570  C  0  0  0  0  0
    0.4298    2.1394   -4.1948  N  0  0  0  0  0
    0.3149    0.8894   -3.5874  C  0  0  0  0  0
   -0.2229   -0.1808   -4.2333  C  0  0  0  0  0
   -0.7331   -0.0255   -5.6306  C  0  0  0  0  0
   -0.2573   -1.5147   -3.4910  C  0  0  0  0  0
   -1.4218   -1.6426   -2.4919  C  0  0  0  0  0
   -1.6942   -0.2074   -1.3741  S  0  0  0  0  0
    0.0038    0.2949   -1.1236  C  0  0  0  0  0
    0.8262    0.7269   -2.1864  C  0  0  0  0  0
    2.1884    0.9681   -1.9249  C  0  0  0  0  0
    2.7037    0.8542   -0.6325  C  0  0  0  0  0
    1.8702    0.4817    0.4174  C  0  0  0  0  0
    0.5269    0.1971    0.1728  C  0  0  0  0  0
  1 10  2  0  0  0
  1  2  1  0  0  0
  2  3  1  0  0  0
  3  4  1  0  0  0
  4  5  2  0  0  0
  5 10  1  0  0  0
  5  6  1  0  0  0
  6  7  1  0  0  0
  7  8  1  0  0  0
  8 15  1  0  0  0
  8  9  2  0  0  0
  9 10  1  0  0  0
  9 11  1  0  0  0
 11 12  1  0  0  0
 12 13  1  0  0  0
 13 14  1  0  0  0
 14 19  2  0  0  0
 14 15  1  0  0  0
 15 16  2  0  0  0
 16 17  1  0  0  0
 17 18  2  0  0  0
 18 19  1  0  0  0
M  END
$$$$
C12C3=C(c4c(SCC3)cccc4)NCC1=CNCC=2
  -ISIS-

 19 22  0  0  0  0  0  0  0  0  1
   -1.4718   -0.9366   -6.3173  C  0  0  0  0  0
   -1.8307   -0.7126   -7.7523  C  0  0  0  0  0
   -1.4238    0.4756   -8.3343  N  0  0  0  0  0
   -0.7482    1.4689   -7.6350  C  0  0  0  0  0
   -0.4202    1.2372   -6.3348  C  0  0  0  0  0
    0.2474    2.3440   -5.5570  C  0  0  0  0  0
    0.4298    2.1394   -4.1948  N  0  0  0  0  0
    0.3149    0.8894   -3.5874  C  0  0  0  0  0
   -0.2229   -0.1808   -4.2333  C  0  0  0  0  0
   -0.7331   -0.0255   -5.6306  C  0  0  0  0  0
   -0.2573   -1.5147   -3.4910  C  0  0  0  0  0
   -1.4218   -1.6426   -2.4919  C  0  0  0  0  0
   -1.6942   -0.2074   -1.3741  S  0  0  0  0  0
    0.0038    0.2949   -1.1236  C  0  0  0  0  0
    0.8262    0.7269   -2.1864  C  0  0  0  0  0
    2.1884    0.9681   -1.9249  C  0  0  0  0  0
    2.7037    0.8542   -0.6325  C  0  0  0  0  0
    1.8702    0.4817    0.4174  C  0  0  0  0  0
    0.5269    0.1971    0.1728  C  0  0  0  0  0
  1 10  2  0  0  0
  1  2  1  0  0  0
  2  3  1  0  0  0
  3  4  1  0  0  0
  4  5  2  0  0  0
  5 10  1  0  0  0
  5  6  1  0  0  0
  6  7  1  0  0  0
  7  8  1  0  0  0
  8 15  1  0  0  0
  8  9  2  0  0  0
  9 10  1  0  0  0
  9 11  1  0  0  0
 11 12  1  0  0  0
 12 13  1  0  0  0
 13 14  1  0  0  0
 14 19  2  0  0  0
 14 15  1  0  0  0
 15 16  2  0  0  0
 16 17  1  0  0  0
 17 18  2  0  0  0
 18 19  1  0  0  0
M  END
$$$$
C12C3=C(c4c(SCC3)cccc4)NCC1=CNCC=2
  -ISIS-

 19 22  0  0  0  0  0  0  0  0  1
   -1.4718   -0.9366   -6.3173  C  0  0  0  0  0
   -1.8307   -0.7126   -7.7523  C  0  0  0  0  0
   -1.4238    0.4756   -8.3343  N  0  0  0  0  0
   -0.7482    1.4689   -7.6350  C  0  0  0  0  0
   -0.4202    1.2372   -6.3348  C  0  0  0  0  0
    0.2474    2.3440   -5.5570  C  0  0  0  0  0
    0.4298    2.1394   -4.1948  N  0  0  0  0  0
    0.3149    0.8894   -3.5874  C  0  0  0  0  0
   -0.2229   -0.1808   -4.2333  C  0  0  0  0  0
   -0.7331   -0.0255   -5.6306  C  0  0  0  0  0
   -0.2573   -1.5147   -3.4910  C  0  0  0  0  0
   -1.4218   -1.6426   -2.4919  C  0  0  0  0  0
   -1.6942   -0.2074   -1.3741  S  0  0  0  0  0
    0.0038    0.2949   -1.1236  C  0  0  0  0  0
    0.8262    0.7269   -2.1864  C  0  0  0  0  0
    2.1884    0.9681   -1.9249  C  0  0  0  0  0
    2.7037    0.8542   -0.6325  C  0  0  0  0  0
    1.8702    0.4817    0.4174  C  0  0  0  0  0
    0.5269    0.1971    0.1728  C  0  0  0  0  0
  1 10  2  0  0  0
  1  2  1  0  0  0
  2  3  1  0  0  0
  3  4  1  0  0  0
  4  5  2  0  0  0
  5 10  1  0  0  0
  5  6  1  0  0  0
  6  7  1  0  0  0
  7  8  1  0  0  0
  8 15  1  0  0  0
  8  9  2  0  0  0
  9 10  1  0  0  0
  9 11  1  0  0  0
 11 12  1  0  0  0
 12 13  1  0  0  0
 13 14  1  0  0  0
 14 19  2  0  0  0
 14 15  1  0  0  0
 15 16  2  0  0  0
 16 17  1  0  0  0
 17 18  2  0  0  0
 18 19  1  0  0  0
M  END
$$$$
C12C3=C(c4c(SCC3)cccc4)NCC1=CNCC=2
  -ISIS-

 19 22  0  0  0  0  0  0  0  0  1
   -1.4718   -0.9366   -6.3173  C  0  0  0  0  0
   -1.8307   -0.7126   -7.7523  C  0  0  0  0  0
   -1.4238    0.4756   -8.3343  N  0  0  0  0  0
   -0.7482    1.4689   -7.6350  C  0  0  0  0  0
   -0.4202    1.2372   -6.3348  C  0  0  0  0  0
    0.2474    2.3440   -5.5570  C  0  0  0  0  0
    0.4298    2.1394   -4.1948  N  0  0  0  0  0
    0.3149    0.8894   -3.5874  C  0  0  0  0  0
   -0.2229   -0.1808   -4.2333  C  0  0  0  0  0
   -0.7331   -0.0255   -5.6306  C  0  0  0  0  0
   -0.2573   -1.5147   -3.4910  C  0  0  0  0  0
   -1.4218   -1.6426   -2.4919  C  0  0  0  0  0
   -1.6942   -0.2074   -1.3741  S  0  0  0  0  0
    0.0038    0.2949   -1.1236  C  0  0  0  0  0
    0.8262    0.7269   -2.1864  C  0  0  0  0  0
    2.1884    0.9681   -1.9249  C  0  0  0  0  0
    2.7037    0.8542   -0.6325  C  0  0  0  0  0
    1.8702    0.4817    0.4174  C  0  0  0  0  0
    0.5269    0.1971    0.1728  C  0  0  0  0  0
  1 10  2  0  0  0
  1  2  1  0  0  0
  2  3  1  0  0  0
  3  4  1  0  0  0
  4  5  2  0  0  0
  5 10  1  0  0  0
  5  6  1  0  0  0
  6  7  1  0  0  0
  7  8  1  0  0  0
  8 15  1  0  0  0
  8  9  2  0  0  0
  9 10  1  0  0  0
  9 11  1  0  0  0
 11 12  1  0  0  0
 12 13  1  0  0  0
 13 14  1  0  0  0
 14 19  2  0  0  0
 14 15  1  0  0  0
 15 16  2  0  0  0
 16 17  1  0  0  0
 17 18  2  0  0  0
 18 19  1  0  0  0
M  END
$$$$
C12C3=C(c4c(SCC3)cccc4)NCC1=CNCC=2
  -ISIS-

 19 22  0  0  0  0  0  0  0  0  1
   -1.4718   -0.9366   -6.3173  C  0  0  0  0  0
   -1.8307   -0.7126   -7.7523  C  0  0  0  0  0
   -1.4238    0.4756   -8.3343  N  0  0  0  0  0
   -0.7482    1.4689   -7.6350  C  0  0  0  0  0
   -0.4202    1.2372   -6.3348  C  0  0  0  0  0
    0.2474    2.3440   -5.5570  C  0  0  0  0  0
    0.4298    2.1394   -4.1948  N  0  0  0  0  0
    0.3149    0.8894   -3.5874  C  0  0  0  0  0
   -0.2229   -0.1808   -4.2333  C  0  0  0  0  0
   -0.7331   -0.0255   -5.6306  C  0  0  0  0  0
   -0.2573   -1.5147   -3.4910  C  0  0  0  0  0
   -1.4218   -1.6426   -2.4919  C  0  0  0  0  0
   -1.6942   -0.2074   -1.3741  S  0  0  0  0  0
    0.0038    0.2949   -1.1236  C  0  0  0  0  0
    0.8262    0.7269   -2.1864  C  0  0  0  0  0
    2.1884    0.9681   -1.9249  C  0  0  0  0  0
    2.7037    0.8542   -0.6325  C  0  0  0  0  0
    1.8702    0.4817    0.4174  C  0  0  0  0  0
    0.5269    0.1971    0.1728  C  0  0  0  0  0
  1 10  2  0  0  0
  1  2  1  0  0  0
  2  3  1  0  0  0
  3  4  1  0  0  0
  4  5  2  0  0  0
  5 10  1  0  0  0
  5  6  1  0  0  0
  6  7  1  0  0  0
  7  8  1  0  0  0
  8 15  1  0  0  0
  8  9  2  0  0  0
  9 10  1  0  0  0
  9 11  1  0  0  0
 11 12  1  0  0  0
 12 13  1  0  0  0
 13 14  1  0  0  0
 14 19  2  0  0  0
 14 15  1  0  0  0
 15 16  2  0  0  0
 16 17  1  0  0  0
 17 18  2  0  0  0
 18 19  1  0  0  0
M  END
$$$$
C12C3=C(c4c(SCC3)cccc4)NCC1=CNCC=2
  -ISIS-

 19 22  0  0  0  0  0  0  0  0  1
   -1.4718   -0.9366   -6.3173  C  0  0  0  0  0
   -1.8307   -0.7126   -7.7523  C  0  0  0  0  0
   -1.4238    0.4756   -8.3343  N  0  0  0  0  0
   -0.7482    1.4689   -7.6350  C  0  0  0  0  0
   -0.4202    1.2372   -6.3348  C  0  0  0  0  0
    0.2474    2.3440   -5.5570  C  0  0  0  0  0
    0.4298    2.1394   -4.1948  N  0  0  0  0  0
    0.3149    0.8894   -3.5874  C  0  0  0  0  0
   -0.2229   -0.1808   -4.2333  C  0  0  0  0  0
   -0.7331   -0.0255   -5.6306  C  0  0  0  0  0
   -0.2573   -1.5147   -3.4910  C  0  0  0  0  0
   -1.4218   -1.6426   -2.4919  C  0  0  0  0  0
   -1.6942   -0.2074   -1.3741  S  0  0  0  0  0
    0.0038    0.2949   -1.1236  C  0  0  0  0  0
    0.8262    0.7269   -2.1864  C  0  0  0  0  0
    2.1884    0.9681   -1.9249  C  0  0  0  0  0
    2.7037    0.8542   -0.6325  C  0  0  0  0  0
    1.8702    0.4817    0.4174  C  0  0  0  0  0
    0.5269    0.1971    0.1728  C  0  0  0  0  0
  1 10  2  0  0  0
  1  2  1  0  0  0
  2  3  1  0  0  0
  3  4  1  0  0  0
  4  5  2  0  0  0
  5 10  1  0  0  0
  5  6  1  0  0  0
  6  7  1  0  0  0
  7  8  1  0  0  0
  8 15  1  0  0  0
  8  9  2  0  0  0
  9 10  1  0  0  0
  9 11  1  0  0  0
 11 12  1  0  0  0
 12 13  1  0  0  0
 13 14  1  0  0  0
 14 19  2  0  0  0
 14 15  1  0  0  0
 15 16  2  0  0  0
 16 17  1  0  0  0
 17 18  2  0  0  0
 18 19  1  0  0  0
M  END
$$$$
