c12c(cccc1)NCCC=C2
  -ISIS-

 11 12  0  0  0  0  0  0  0  0  1
   -3.7946    1.4129   -1.6330  N  0  0  0  0  0
   -2.6483    1.8703   -2.4698  C  0  0  0  0  0
   -3.0677    2.4061   -3.8492  C  0  0  0  0  0
   -4.2530    1.7121   -4.4703  C  0  0  0  0  0
   -5.4859    1.7500   -3.9373  C  0  0  0  0  0
   -5.7570    2.4611   -2.6762  C  0  0  0  0  0
   -4.9283    2.3086   -1.5423  C  0  0  0  0  0
   -5.1563    3.1027   -0.4128  C  0  0  0  0  0
   -6.2506    3.9694   -0.3703  C  0  0  0  0  0
   -7.1084    4.0689   -1.4637  C  0  0  0  0  0
   -6.8609    3.3214   -2.6157  C  0  0  0  0  0
  1  7  1  0  0  0
  1  2  1  0  0  0
  2  3  1  0  0  0
  3  4  1  0  0  0
  4  5  2  0  0  0
  5  6  1  0  0  0
  6 11  2  0  0  0
  6  7  1  0  0  0
  7  8  2  0  0  0
  8  9  1  0  0  0
  9 10  2  0  0  0
 10 11  1  0  0  0
M  END
$$$$
