c12c(cccn1)Cc3c(cc4c(c3)NCN4)N2
  -ISIS-

 17 20  0  0  0  0  0  0  0  0  1
    0.3185    6.0397   -9.6434  C  0  0  0  0  0
    0.6087    6.0250   -8.1855  C  0  0  0  0  0
    0.9573    4.7829   -7.5796  C  0  0  0  0  0
    1.0147    3.6309   -8.3677  N  0  0  0  0  0
    0.7512    3.6008   -9.7365  C  0  0  0  0  0
    0.8477    2.4101  -10.3656  N  0  0  0  0  0
    0.5904    2.3912  -11.6949  C  0  0  0  0  0
    0.2385    3.5104  -12.4342  C  0  0  0  0  0
    0.1424    4.7300  -11.7741  C  0  0  0  0  0
    0.4029    4.7744  -10.4052  C  0  0  0  0  0
    1.2382    4.7258   -6.2081  C  0  0  0  0  0
    1.1585    5.9079   -5.5073  C  0  0  0  0  0
    0.8161    7.1180   -6.1118  C  0  0  0  0  0
    0.5337    7.2165   -7.4510  C  0  0  0  0  0
    0.8279    8.1039   -5.1320  N  0  0  0  0  0
    1.1773    7.5194   -3.9062  C  0  0  0  0  0
    1.3797    6.1538   -4.1566  N  0  0  0  0  0
  1 10  1  0  0  0
  1  2  1  0  0  0
  2 14  2  0  0  0
  2  3  1  0  0  0
  3  4  1  0  0  0
  3 11  2  0  0  0
  4  5  1  0  0  0
  5 10  2  0  0  0
  5  6  1  0  0  0
  6  7  2  0  0  0
  7  8  1  0  0  0
  8  9  2  0  0  0
  9 10  1  0  0  0
 11 12  1  0  0  0
 12 17  1  0  0  0
 12 13  2  0  0  0
 13 14  1  0  0  0
 13 15  1  0  0  0
 15 16  1  0  0  0
 16 17  1  0  0  0
M  END
$$$$
