C12C(=CC=N1)C=CC=CC=2
  -ISIS-

 10 11  0  0  0  0  0  0  0  0  1
   -3.2048    5.8900    3.6394  C  0  0  0  0  0
   -1.8070    6.2848    3.5583  C  0  0  0  0  0
   -0.7143    5.7080    4.0785  C  0  0  0  0  0
   -0.5948    4.5163    4.8799  C  0  0  0  0  0
   -1.5610    3.6895    5.2974  C  0  0  0  0  0
   -2.9755    3.8059    5.0356  C  0  0  0  0  0
   -3.7037    4.8150    4.2806  C  0  0  0  0  0
   -5.0465    4.4894    4.3203  N  0  0  0  0  0
   -5.1311    3.3964    5.0246  C  0  0  0  0  0
   -3.8425    2.9024    5.5144  C  0  0  0  0  0
  1  7  2  0  0  0
  1  2  1  0  0  0
  2  3  2  0  0  0
  3  4  1  0  0  0
  4  5  2  0  0  0
  5  6  1  0  0  0
  6 10  2  0  0  0
  6  7  1  0  0  0
  7  8  1  0  0  0
  8  9  2  0  0  0
  9 10  1  0  0  0
M  END
$$$$
