c12c(coc1)CCCC=C2
  -ISIS-

 10 11  0  0  0  0  0  0  0  0  1
   -5.8040   -0.8269    3.3553  C  0  0  0  0  0
   -4.6470   -0.9896    2.6090  C  0  0  0  0  0
   -4.5652   -0.0278    1.6518  O  0  0  0  0  0
   -5.6731    0.7486    1.7588  C  0  0  0  0  0
   -6.4813    0.3047    2.7937  C  0  0  0  0  0
   -7.7478    0.9232    3.1641  C  0  0  0  0  0
   -8.4673    0.4604    4.4098  C  0  0  0  0  0
   -8.6996   -1.0547    4.4186  C  0  0  0  0  0
   -7.4793   -1.8143    4.8843  C  0  0  0  0  0
   -6.2216   -1.6690    4.4379  C  0  0  0  0  0
  1  5  1  0  0  0
  1 10  1  0  0  0
  1  2  2  0  0  0
  2  3  1  0  0  0
  3  4  1  0  0  0
  4  5  2  0  0  0
  5  6  1  0  0  0
  6  7  1  0  0  0
  7  8  1  0  0  0
  8  9  1  0  0  0
  9 10  2  0  0  0
M  END
$$$$
