c12c(cc[s]1)CCC=C2
  -ISIS-

  9 10  0  0  0  0  0  0  0  0  1
    1.8571    3.5773    2.3689  C  0  0  0  0  0
    2.8853    4.1839    1.1516  S  0  0  0  0  0
    1.8805    3.6265   -0.1126  C  0  0  0  0  0
    2.1509    3.8284   -1.5176  C  0  0  0  0  0
    1.0843    3.7525   -2.3504  C  0  0  0  0  0
   -0.3119    3.4219   -1.8499  C  0  0  0  0  0
   -0.3310    2.5845   -0.5603  C  0  0  0  0  0
    0.7349    3.0234    0.4011  C  0  0  0  0  0
    0.7501    2.9229    1.8370  C  0  0  0  0  0
  1  9  2  0  0  0
  1  2  1  0  0  0
  2  3  1  0  0  0
  3  8  2  0  0  0
  3  4  1  0  0  0
  4  5  2  0  0  0
  5  6  1  0  0  0
  6  7  1  0  0  0
  7  8  1  0  0  0
  8  9  1  0  0  0
M  END
$$$$
