c12c(n[c]3[c](n1)cccc3)SCS2
  -ISIS-

 13 15  0  0  0  0  0  0  0  0  1
   -5.5734    2.0111   -0.9512  C  0  0  0  0  0
   -4.9670    1.1720   -0.1077  N  0  0  0  0  0
   -4.5862    1.6984    1.0816  C  0  0  0  0  0
   -3.9492    0.8954    2.0177  C  0  0  0  0  0
   -3.5445    1.4055    3.2517  C  0  0  0  0  0
   -3.7797    2.7402    3.5566  C  0  0  0  0  0
   -4.4187    3.5607    2.6265  C  0  0  0  0  0
   -4.8276    3.0686    1.3946  C  0  0  0  0  0
   -5.4461    3.8920    0.5135  N  0  0  0  0  0
   -5.8075    3.3403   -0.6475  C  0  0  0  0  0
   -6.6244    4.3152   -1.8818  S  0  0  0  0  0
   -6.7699    2.9969   -3.0379  C  0  0  0  0  0
   -6.1180    1.4409   -2.5385  S  0  0  0  0  0
  1 13  1  0  0  0
  1 10  2  0  0  0
  1  2  1  0  0  0
  2  3  2  0  0  0
  3  8  2  0  0  0
  3  4  1  0  0  0
  4  5  2  0  0  0
  5  6  1  0  0  0
  6  7  2  0  0  0
  7  8  1  0  0  0
  8  9  2  0  0  0
  9 10  1  0  0  0
 10 11  1  0  0  0
 11 12  1  0  0  0
 12 13  1  0  0  0
M  END
$$$$
