c12c(cccc1)CC3C(C2)C3
  -ISIS-

 11 13  0  0  0  0  0  0  0  0  1
   -1.7847   -1.1918    4.4485  C  0  0  0  0  0
   -2.8639   -0.4496    4.9351  C  0  0  0  0  0
   -2.9637    0.9133    4.6550  C  0  0  0  0  0
   -2.0124    1.5377    3.8440  C  0  0  0  0  0
   -0.9345    0.8063    3.3331  C  0  0  0  0  0
   -0.8166   -0.5813    3.6440  C  0  0  0  0  0
    0.3909   -1.3504    3.1554  C  0  0  0  0  0
    1.5060   -0.4583    2.7576  C  0  0  0  0  0
    0.8436    0.4383    1.6520  C  0  0  0  0  0
    0.0785    1.4429    2.4091  C  0  0  0  0  0
    2.2112   -0.0854    1.5032  C  0  0  0  0  0
  1  6  2  0  0  0
  1  2  1  0  0  0
  2  3  2  0  0  0
  3  4  1  0  0  0
  4  5  2  0  0  0
  5 10  1  0  0  0
  5  6  1  0  0  0
  6  7  1  0  0  0
  7  8  1  0  0  0
  8 11  1  0  0  0
  8  9  1  0  0  0
  9 10  1  0  0  0
  9 11  1  0  0  0
M  END
$$$$
c12c(cccc1)CC3C(C2)C3
  -ISIS-

 11 13  0  0  0  0  0  0  0  0  1
   -1.7847   -1.1918    4.4485  C  0  0  0  0  0
   -2.8639   -0.4496    4.9351  C  0  0  0  0  0
   -2.9637    0.9133    4.6550  C  0  0  0  0  0
   -2.0124    1.5377    3.8440  C  0  0  0  0  0
   -0.9345    0.8063    3.3331  C  0  0  0  0  0
   -0.8166   -0.5813    3.6440  C  0  0  0  0  0
    0.3909   -1.3504    3.1554  C  0  0  0  0  0
    1.5060   -0.4583    2.7576  C  0  0  0  0  0
    0.8436    0.4383    1.6520  C  0  0  0  0  0
    0.0785    1.4429    2.4091  C  0  0  0  0  0
    2.2112   -0.0854    1.5032  C  0  0  0  0  0
  1  6  2  0  0  0
  1  2  1  0  0  0
  2  3  2  0  0  0
  3  4  1  0  0  0
  4  5  2  0  0  0
  5 10  1  0  0  0
  5  6  1  0  0  0
  6  7  1  0  0  0
  7  8  1  0  0  0
  8 11  1  0  0  0
  8  9  1  0  0  0
  9 10  1  0  0  0
  9 11  1  0  0  0
M  END
$$$$
c12c(cccc1)CC3C(C2)C3
  -ISIS-

 11 13  0  0  0  0  0  0  0  0  1
   -1.7847   -1.1918    4.4485  C  0  0  0  0  0
   -2.8639   -0.4496    4.9351  C  0  0  0  0  0
   -2.9637    0.9133    4.6550  C  0  0  0  0  0
   -2.0124    1.5377    3.8440  C  0  0  0  0  0
   -0.9345    0.8063    3.3331  C  0  0  0  0  0
   -0.8166   -0.5813    3.6440  C  0  0  0  0  0
    0.3909   -1.3504    3.1554  C  0  0  0  0  0
    1.5060   -0.4583    2.7576  C  0  0  0  0  0
    0.8436    0.4383    1.6520  C  0  0  0  0  0
    0.0785    1.4429    2.4091  C  0  0  0  0  0
    2.2112   -0.0854    1.5032  C  0  0  0  0  0
  1  6  2  0  0  0
  1  2  1  0  0  0
  2  3  2  0  0  0
  3  4  1  0  0  0
  4  5  2  0  0  0
  5 10  1  0  0  0
  5  6  1  0  0  0
  6  7  1  0  0  0
  7  8  1  0  0  0
  8 11  1  0  0  0
  8  9  1  0  0  0
  9 10  1  0  0  0
  9 11  1  0  0  0
M  END
$$$$
c12c(cccc1)CC3C(C2)C3
  -ISIS-

 11 13  0  0  0  0  0  0  0  0  1
   -1.7847   -1.1918    4.4485  C  0  0  0  0  0
   -2.8639   -0.4496    4.9351  C  0  0  0  0  0
   -2.9637    0.9133    4.6550  C  0  0  0  0  0
   -2.0124    1.5377    3.8440  C  0  0  0  0  0
   -0.9345    0.8063    3.3331  C  0  0  0  0  0
   -0.8166   -0.5813    3.6440  C  0  0  0  0  0
    0.3909   -1.3504    3.1554  C  0  0  0  0  0
    1.5060   -0.4583    2.7576  C  0  0  0  0  0
    0.8436    0.4383    1.6520  C  0  0  0  0  0
    0.0785    1.4429    2.4091  C  0  0  0  0  0
    2.2112   -0.0854    1.5032  C  0  0  0  0  0
  1  6  2  0  0  0
  1  2  1  0  0  0
  2  3  2  0  0  0
  3  4  1  0  0  0
  4  5  2  0  0  0
  5 10  1  0  0  0
  5  6  1  0  0  0
  6  7  1  0  0  0
  7  8  1  0  0  0
  8 11  1  0  0  0
  8  9  1  0  0  0
  9 10  1  0  0  0
  9 11  1  0  0  0
M  END
$$$$
c12c(cccc1)CC3C(C2)C3
  -ISIS-

 11 13  0  0  0  0  0  0  0  0  1
   -1.7847   -1.1918    4.4485  C  0  0  0  0  0
   -2.8639   -0.4496    4.9351  C  0  0  0  0  0
   -2.9637    0.9133    4.6550  C  0  0  0  0  0
   -2.0124    1.5377    3.8440  C  0  0  0  0  0
   -0.9345    0.8063    3.3331  C  0  0  0  0  0
   -0.8166   -0.5813    3.6440  C  0  0  0  0  0
    0.3909   -1.3504    3.1554  C  0  0  0  0  0
    1.5060   -0.4583    2.7576  C  0  0  0  0  0
    0.8436    0.4383    1.6520  C  0  0  0  0  0
    0.0785    1.4429    2.4091  C  0  0  0  0  0
    2.2112   -0.0854    1.5032  C  0  0  0  0  0
  1  6  2  0  0  0
  1  2  1  0  0  0
  2  3  2  0  0  0
  3  4  1  0  0  0
  4  5  2  0  0  0
  5 10  1  0  0  0
  5  6  1  0  0  0
  6  7  1  0  0  0
  7  8  1  0  0  0
  8 11  1  0  0  0
  8  9  1  0  0  0
  9 10  1  0  0  0
  9 11  1  0  0  0
M  END
$$$$
