c12cc(ccc1)CCc3cc(ccc3)CC2
  -ISIS-

 16 18  0  0  0  0  0  0  0  0  1
    5.4988   -6.3335    3.2148  C  0  0  0  0  0
    4.5138   -7.0670    2.5329  C  0  0  0  0  0
    4.7897   -7.4833    1.2214  C  0  0  0  0  0
    5.9574   -7.0584    0.5829  C  0  0  0  0  0
    6.8065   -6.1363    1.1959  C  0  0  0  0  0
    6.5427   -5.7173    2.5053  C  0  0  0  0  0
    7.1563   -4.4283    3.0360  C  0  0  0  0  0
    6.3167   -3.1540    2.6765  C  0  0  0  0  0
    4.8767   -3.2062    3.1796  C  0  0  0  0  0
    4.6015   -2.7907    4.4914  C  0  0  0  0  0
    3.4342   -3.2163    5.1303  C  0  0  0  0  0
    2.5848   -4.1381    4.5171  C  0  0  0  0  0
    2.8481   -4.5564    3.2073  C  0  0  0  0  0
    2.2342   -5.8448    2.6759  C  0  0  0  0  0
    3.0733   -7.1196    3.0350  C  0  0  0  0  0
    3.8914   -3.9394    2.4977  C  0  0  0  0  0
  1  6  2  0  0  0
  1  2  1  0  0  0
  2 15  1  0  0  0
  2  3  2  0  0  0
  3  4  1  0  0  0
  4  5  2  0  0  0
  5  6  1  0  0  0
  6  7  1  0  0  0
  7  8  1  0  0  0
  8  9  1  0  0  0
  9 16  2  0  0  0
  9 10  1  0  0  0
 10 11  2  0  0  0
 11 12  1  0  0  0
 12 13  2  0  0  0
 13 14  1  0  0  0
 13 16  1  0  0  0
 14 15  1  0  0  0
M  END
$$$$
