c12c(C3C(c4c(cccc4)N3)C=[S]1)cccc2
  -ISIS-

 17 20  0  0  0  0  0  0  0  0  1
   -2.8466   -1.5354    1.0738  C  0  0  0  0  0
   -1.5012   -1.1648    1.2633  C  0  0  0  0  0
   -0.6491   -1.9092    2.0851  C  0  0  0  0  0
   -1.1557   -3.0436    2.6838  C  0  0  0  0  0
   -0.4567   -3.8895    3.5971  N  0  0  0  0  0
   -1.3170   -5.0911    3.5622  C  0  0  0  0  0
   -2.7671   -4.5880    3.3906  C  0  0  0  0  0
   -2.4988   -3.4083    2.5146  C  0  0  0  0  0
   -3.3581   -2.6649    1.7191  C  0  0  0  0  0
   -3.6032   -5.6928    2.8530  C  0  0  0  0  0
   -3.5060   -7.2574    3.6325  S  0  0  0  0  0
   -2.2086   -7.0274    4.8606  C  0  0  0  0  0
   -1.2455   -5.9989    4.7600  C  0  0  0  0  0
   -0.2546   -5.8846    5.7445  C  0  0  0  0  0
   -0.2214   -6.7752    6.8179  C  0  0  0  0  0
   -1.1708   -7.7903    6.9146  C  0  0  0  0  0
   -2.1603   -7.9179    5.9389  C  0  0  0  0  0
  1  9  2  0  0  0
  1  2  1  0  0  0
  2  3  2  0  0  0
  3  4  1  0  0  0
  4  8  2  0  0  0
  4  5  1  0  0  0
  5  6  1  0  0  0
  6 13  1  0  0  0
  6  7  1  0  0  0
  7  8  1  0  0  0
  7 10  1  0  0  0
  8  9  1  0  0  0
 10 11  2  0  0  0
 11 12  1  0  0  0
 12 17  2  0  0  0
 12 13  2  0  0  0
 13 14  2  0  0  0
 14 15  1  0  0  0
 15 16  2  0  0  0
 16 17  1  0  0  0
M  END
$$$$
