c12c([s][c]3[c]1cc4c(n3)CCCC4)CCCCC2
  -ISIS-

 18 21  0  0  0  0  0  0  0  0  1
    5.2884    2.5034    1.9914  C  0  0  0  0  0
    5.8842    1.5525    2.8758  C  0  0  0  0  0
    5.2079    0.3264    3.1011  C  0  0  0  0  0
    4.0111    0.0818    2.4228  C  0  0  0  0  0
    3.4167    0.9645    1.6017  N  0  0  0  0  0
    4.0704    2.1272    1.4359  C  0  0  0  0  0
    3.3760    3.3251    0.4588  S  0  0  0  0  0
    4.6738    4.4009    0.7265  C  0  0  0  0  0
    4.5916    5.7752    0.1162  C  0  0  0  0  0
    5.2275    6.8398    1.0068  C  0  0  0  0  0
    6.7517    6.8939    0.9120  C  0  0  0  0  0
    7.4610    5.5473    0.7808  C  0  0  0  0  0
    7.0098    4.4888    1.7863  C  0  0  0  0  0
    5.6858    3.8253    1.4896  C  0  0  0  0  0
    3.2373   -1.1986    2.6225  C  0  0  0  0  0
    4.0728   -2.3312    3.2054  C  0  0  0  0  0
    4.8310   -1.8299    4.4233  C  0  0  0  0  0
    5.7985   -0.7169    4.0263  C  0  0  0  0  0
  1  6  2  0  0  0
  1 14  1  0  0  0
  1  2  1  0  0  0
  2  3  2  0  0  0
  3 18  1  0  0  0
  3  4  1  0  0  0
  4  5  2  0  0  0
  4 15  1  0  0  0
  5  6  1  0  0  0
  6  7  1  0  0  0
  7  8  1  0  0  0
  8 14  2  0  0  0
  8  9  1  0  0  0
  9 10  1  0  0  0
 10 11  1  0  0  0
 11 12  1  0  0  0
 12 13  1  0  0  0
 13 14  1  0  0  0
 15 16  1  0  0  0
 16 17  1  0  0  0
 17 18  1  0  0  0
M  END
$$$$
c12c([s][c]3[c]1cc4c(n3)CCCC4)CCCCC2
  -ISIS-

 18 21  0  0  0  0  0  0  0  0  1
    0.3170    5.0834    3.2028  C  0  0  0  0  0
    0.6139    5.0389    1.8111  C  0  0  0  0  0
    1.9208    5.3716    1.3821  C  0  0  0  0  0
    2.8569    5.7643    2.3441  C  0  0  0  0  0
    2.6093    5.8159    3.6658  N  0  0  0  0  0
    1.3594    5.4789    4.0307  C  0  0  0  0  0
    0.9329    5.5221    5.6714  S  0  0  0  0  0
   -0.6739    5.0326    5.3449  C  0  0  0  0  0
   -1.6237    4.9358    6.5098  C  0  0  0  0  0
   -3.1096    4.7976    6.1646  C  0  0  0  0  0
   -3.5842    5.7677    5.0831  C  0  0  0  0  0
   -3.3419    5.2903    3.6445  C  0  0  0  0  0
   -2.1888    4.3063    3.4437  C  0  0  0  0  0
   -0.8793    4.7983    3.9899  C  0  0  0  0  0
    4.2741    6.1198    1.9646  C  0  0  0  0  0
    4.4340    6.4991    0.4979  C  0  0  0  0  0
    3.7731    5.4461   -0.3764  C  0  0  0  0  0
    2.2747    5.3791   -0.0888  C  0  0  0  0  0
  1  6  2  0  0  0
  1 14  1  0  0  0
  1  2  1  0  0  0
  2  3  2  0  0  0
  3 18  1  0  0  0
  3  4  1  0  0  0
  4  5  2  0  0  0
  4 15  1  0  0  0
  5  6  1  0  0  0
  6  7  1  0  0  0
  7  8  1  0  0  0
  8 14  2  0  0  0
  8  9  1  0  0  0
  9 10  1  0  0  0
 10 11  1  0  0  0
 11 12  1  0  0  0
 12 13  1  0  0  0
 13 14  1  0  0  0
 15 16  1  0  0  0
 16 17  1  0  0  0
 17 18  1  0  0  0
M  END
$$$$
