c12c(C3CCN1CC3)cccn2
  -ISIS-

 12 14  0  0  0  0  0  0  0  0  1
    0.6316    2.3975   -2.9896  C  0  0  0  0  0
    1.6735    2.3545   -2.0544  C  0  0  0  0  0
    1.7141    3.2814   -1.0284  C  0  0  0  0  0
    0.6938    4.2376   -0.9629  C  0  0  0  0  0
   -0.3213    4.2110   -1.9310  C  0  0  0  0  0
   -0.3508    3.3044   -2.9420  N  0  0  0  0  0
    2.6511    1.2400   -2.3221  C  0  0  0  0  0
    1.8217   -0.0570   -2.3224  C  0  0  0  0  0
    0.6494    0.0769   -3.3223  C  0  0  0  0  0
    0.6866    1.3919   -4.0128  N  0  0  0  0  0
    1.9757    1.5762   -4.7278  C  0  0  0  0  0
    3.1710    1.4698   -3.7524  C  0  0  0  0  0
  1  6  2  0  0  0
  1 10  1  0  0  0
  1  2  1  0  0  0
  2  3  2  0  0  0
  2  7  1  0  0  0
  3  4  1  0  0  0
  4  5  2  0  0  0
  5  6  1  0  0  0
  7 12  1  0  0  0
  7  8  1  0  0  0
  8  9  1  0  0  0
  9 10  1  0  0  0
 10 11  1  0  0  0
 11 12  1  0  0  0
M  END
$$$$
c12c(C3CCN1CC3)cccn2
  -ISIS-

 12 14  0  0  0  0  0  0  0  0  1
    0.6316    2.3975   -2.9896  C  0  0  0  0  0
    1.6735    2.3545   -2.0544  C  0  0  0  0  0
    1.7141    3.2814   -1.0284  C  0  0  0  0  0
    0.6938    4.2376   -0.9629  C  0  0  0  0  0
   -0.3213    4.2110   -1.9310  C  0  0  0  0  0
   -0.3508    3.3044   -2.9420  N  0  0  0  0  0
    2.6511    1.2400   -2.3221  C  0  0  0  0  0
    1.8217   -0.0570   -2.3224  C  0  0  0  0  0
    0.6494    0.0769   -3.3223  C  0  0  0  0  0
    0.6866    1.3919   -4.0128  N  0  0  0  0  0
    1.9757    1.5762   -4.7278  C  0  0  0  0  0
    3.1710    1.4698   -3.7524  C  0  0  0  0  0
  1  6  2  0  0  0
  1 10  1  0  0  0
  1  2  1  0  0  0
  2  3  2  0  0  0
  2  7  1  0  0  0
  3  4  1  0  0  0
  4  5  2  0  0  0
  5  6  1  0  0  0
  7 12  1  0  0  0
  7  8  1  0  0  0
  8  9  1  0  0  0
  9 10  1  0  0  0
 10 11  1  0  0  0
 11 12  1  0  0  0
M  END
$$$$
c12c(C3CCN1CC3)cccn2
  -ISIS-

 12 14  0  0  0  0  0  0  0  0  1
   -2.8284   -5.2861    1.9270  C  0  0  0  0  0
   -4.0493   -5.9403    1.7174  C  0  0  0  0  0
   -5.2196   -5.2057    1.6492  C  0  0  0  0  0
   -5.1348   -3.8166    1.7981  C  0  0  0  0  0
   -3.8764   -3.2343    2.0128  C  0  0  0  0  0
   -2.7299   -3.9595    2.0710  N  0  0  0  0  0
   -3.8955   -7.4334    1.5887  C  0  0  0  0  0
   -3.2060   -7.8992    2.8838  C  0  0  0  0  0
   -1.9015   -7.0957    3.0952  C  0  0  0  0  0
   -1.6772   -6.1421    1.9782  N  0  0  0  0  0
   -1.6160   -6.8579    0.6778  C  0  0  0  0  0
   -2.9151   -7.6572    0.4234  C  0  0  0  0  0
  1  6  2  0  0  0
  1 10  1  0  0  0
  1  2  1  0  0  0
  2  3  2  0  0  0
  2  7  1  0  0  0
  3  4  1  0  0  0
  4  5  2  0  0  0
  5  6  1  0  0  0
  7 12  1  0  0  0
  7  8  1  0  0  0
  8  9  1  0  0  0
  9 10  1  0  0  0
 10 11  1  0  0  0
 11 12  1  0  0  0
M  END
$$$$
c12c(C3CCN1CC3)cccn2
  -ISIS-

 12 14  0  0  0  0  0  0  0  0  1
   -2.8284   -5.2861    1.9270  C  0  0  0  0  0
   -4.0493   -5.9403    1.7174  C  0  0  0  0  0
   -5.2196   -5.2057    1.6492  C  0  0  0  0  0
   -5.1348   -3.8166    1.7981  C  0  0  0  0  0
   -3.8764   -3.2343    2.0128  C  0  0  0  0  0
   -2.7299   -3.9595    2.0710  N  0  0  0  0  0
   -3.8955   -7.4334    1.5887  C  0  0  0  0  0
   -3.2060   -7.8992    2.8838  C  0  0  0  0  0
   -1.9015   -7.0957    3.0952  C  0  0  0  0  0
   -1.6772   -6.1421    1.9782  N  0  0  0  0  0
   -1.6160   -6.8579    0.6778  C  0  0  0  0  0
   -2.9151   -7.6572    0.4234  C  0  0  0  0  0
  1  6  2  0  0  0
  1 10  1  0  0  0
  1  2  1  0  0  0
  2  3  2  0  0  0
  2  7  1  0  0  0
  3  4  1  0  0  0
  4  5  2  0  0  0
  5  6  1  0  0  0
  7 12  1  0  0  0
  7  8  1  0  0  0
  8  9  1  0  0  0
  9 10  1  0  0  0
 10 11  1  0  0  0
 11 12  1  0  0  0
M  END
$$$$
c12c(C3CCN1CC3)cccn2
  -ISIS-

 12 14  0  0  0  0  0  0  0  0  1
   -3.1570   -0.7633   -3.5810  C  0  0  0  0  0
   -2.3543    0.3654   -3.3710  C  0  0  0  0  0
   -1.0928    0.2189   -2.8224  C  0  0  0  0  0
   -0.6644   -1.0716   -2.4906  C  0  0  0  0  0
   -1.5290   -2.1517   -2.7228  C  0  0  0  0  0
   -2.7630   -2.0034   -3.2700  N  0  0  0  0  0
   -3.0241    1.6446   -3.8007  C  0  0  0  0  0
   -4.3414    1.7175   -3.0074  C  0  0  0  0  0
   -5.1509    0.4179   -3.2249  C  0  0  0  0  0
   -4.4449   -0.4992   -4.1570  N  0  0  0  0  0
   -4.2034    0.1626   -5.4650  C  0  0  0  0  0
   -3.3764    1.4571   -5.2872  C  0  0  0  0  0
  1  6  2  0  0  0
  1 10  1  0  0  0
  1  2  1  0  0  0
  2  3  2  0  0  0
  2  7  1  0  0  0
  3  4  1  0  0  0
  4  5  2  0  0  0
  5  6  1  0  0  0
  7 12  1  0  0  0
  7  8  1  0  0  0
  8  9  1  0  0  0
  9 10  1  0  0  0
 10 11  1  0  0  0
 11 12  1  0  0  0
M  END
$$$$
c12c(C3CCN1CC3)cccn2
  -ISIS-

 12 14  0  0  0  0  0  0  0  0  1
   -3.1570   -0.7633   -3.5810  C  0  0  0  0  0
   -2.3543    0.3654   -3.3710  C  0  0  0  0  0
   -1.0928    0.2189   -2.8224  C  0  0  0  0  0
   -0.6644   -1.0716   -2.4906  C  0  0  0  0  0
   -1.5290   -2.1517   -2.7228  C  0  0  0  0  0
   -2.7630   -2.0034   -3.2700  N  0  0  0  0  0
   -3.0241    1.6446   -3.8007  C  0  0  0  0  0
   -4.3414    1.7175   -3.0074  C  0  0  0  0  0
   -5.1509    0.4179   -3.2249  C  0  0  0  0  0
   -4.4449   -0.4992   -4.1570  N  0  0  0  0  0
   -4.2034    0.1626   -5.4650  C  0  0  0  0  0
   -3.3764    1.4571   -5.2872  C  0  0  0  0  0
  1  6  2  0  0  0
  1 10  1  0  0  0
  1  2  1  0  0  0
  2  3  2  0  0  0
  2  7  1  0  0  0
  3  4  1  0  0  0
  4  5  2  0  0  0
  5  6  1  0  0  0
  7 12  1  0  0  0
  7  8  1  0  0  0
  8  9  1  0  0  0
  9 10  1  0  0  0
 10 11  1  0  0  0
 11 12  1  0  0  0
M  END
$$$$
c12c(C3CCN1CC3)cccn2
  -ISIS-

 12 14  0  0  0  0  0  0  0  0  1
    7.3997    1.2862    1.7863  C  0  0  0  0  0
    6.9431    0.4382    2.8036  C  0  0  0  0  0
    6.1415   -0.6443    2.4878  C  0  0  0  0  0
    5.8185   -0.8541    1.1422  C  0  0  0  0  0
    6.3225    0.0330    0.1793  C  0  0  0  0  0
    7.0996    1.1003    0.4957  N  0  0  0  0  0
    7.4207    0.8577    4.1695  C  0  0  0  0  0
    6.9296    2.3036    4.3621  C  0  0  0  0  0
    7.4062    3.1754    3.1770  C  0  0  0  0  0
    8.2211    2.3788    2.2237  N  0  0  0  0  0
    9.3983    1.7826    2.9071  C  0  0  0  0  0
    8.9577    0.8864    4.0882  C  0  0  0  0  0
  1  6  2  0  0  0
  1 10  1  0  0  0
  1  2  1  0  0  0
  2  3  2  0  0  0
  2  7  1  0  0  0
  3  4  1  0  0  0
  4  5  2  0  0  0
  5  6  1  0  0  0
  7 12  1  0  0  0
  7  8  1  0  0  0
  8  9  1  0  0  0
  9 10  1  0  0  0
 10 11  1  0  0  0
 11 12  1  0  0  0
M  END
$$$$
c12c(C3CCN1CC3)cccn2
  -ISIS-

 12 14  0  0  0  0  0  0  0  0  1
    7.3997    1.2862    1.7863  C  0  0  0  0  0
    6.9431    0.4382    2.8036  C  0  0  0  0  0
    6.1415   -0.6443    2.4878  C  0  0  0  0  0
    5.8185   -0.8541    1.1422  C  0  0  0  0  0
    6.3225    0.0330    0.1793  C  0  0  0  0  0
    7.0996    1.1003    0.4957  N  0  0  0  0  0
    7.4207    0.8577    4.1695  C  0  0  0  0  0
    6.9296    2.3036    4.3621  C  0  0  0  0  0
    7.4062    3.1754    3.1770  C  0  0  0  0  0
    8.2211    2.3788    2.2237  N  0  0  0  0  0
    9.3983    1.7826    2.9071  C  0  0  0  0  0
    8.9577    0.8864    4.0882  C  0  0  0  0  0
  1  6  2  0  0  0
  1 10  1  0  0  0
  1  2  1  0  0  0
  2  3  2  0  0  0
  2  7  1  0  0  0
  3  4  1  0  0  0
  4  5  2  0  0  0
  5  6  1  0  0  0
  7 12  1  0  0  0
  7  8  1  0  0  0
  8  9  1  0  0  0
  9 10  1  0  0  0
 10 11  1  0  0  0
 11 12  1  0  0  0
M  END
$$$$
c12c(C3CCN1CC3)cccn2
  -ISIS-

 12 14  0  0  0  0  0  0  0  0  1
   -2.4792    3.2124   -3.0726  C  0  0  0  0  0
   -1.3636    2.6161   -3.6744  C  0  0  0  0  0
   -0.2075    2.4234   -2.9394  C  0  0  0  0  0
   -0.1988    2.8418   -1.6038  C  0  0  0  0  0
   -1.3529    3.4385   -1.0735  C  0  0  0  0  0
   -2.4873    3.6179   -1.7975  N  0  0  0  0  0
   -1.6048    2.2510   -5.1159  C  0  0  0  0  0
   -2.8266    1.3150   -5.1143  C  0  0  0  0  0
   -4.0030    1.9991   -4.3795  C  0  0  0  0  0
   -3.6257    3.3616   -3.9234  N  0  0  0  0  0
   -3.2005    4.2033   -5.0715  C  0  0  0  0  0
   -2.0106    3.5583   -5.8200  C  0  0  0  0  0
  1  6  2  0  0  0
  1 10  1  0  0  0
  1  2  1  0  0  0
  2  3  2  0  0  0
  2  7  1  0  0  0
  3  4  1  0  0  0
  4  5  2  0  0  0
  5  6  1  0  0  0
  7 12  1  0  0  0
  7  8  1  0  0  0
  8  9  1  0  0  0
  9 10  1  0  0  0
 10 11  1  0  0  0
 11 12  1  0  0  0
M  END
$$$$
c12c(C3CCN1CC3)cccn2
  -ISIS-

 12 14  0  0  0  0  0  0  0  0  1
   -2.4792    3.2124   -3.0726  C  0  0  0  0  0
   -1.3636    2.6161   -3.6744  C  0  0  0  0  0
   -0.2075    2.4234   -2.9394  C  0  0  0  0  0
   -0.1988    2.8418   -1.6038  C  0  0  0  0  0
   -1.3529    3.4385   -1.0735  C  0  0  0  0  0
   -2.4873    3.6179   -1.7975  N  0  0  0  0  0
   -1.6048    2.2510   -5.1159  C  0  0  0  0  0
   -2.8266    1.3150   -5.1143  C  0  0  0  0  0
   -4.0030    1.9991   -4.3795  C  0  0  0  0  0
   -3.6257    3.3616   -3.9234  N  0  0  0  0  0
   -3.2005    4.2033   -5.0715  C  0  0  0  0  0
   -2.0106    3.5583   -5.8200  C  0  0  0  0  0
  1  6  2  0  0  0
  1 10  1  0  0  0
  1  2  1  0  0  0
  2  3  2  0  0  0
  2  7  1  0  0  0
  3  4  1  0  0  0
  4  5  2  0  0  0
  5  6  1  0  0  0
  7 12  1  0  0  0
  7  8  1  0  0  0
  8  9  1  0  0  0
  9 10  1  0  0  0
 10 11  1  0  0  0
 11 12  1  0  0  0
M  END
$$$$
c12c(C3CCN1CC3)cccn2
  -ISIS-

 12 14  0  0  0  0  0  0  0  0  1
    0.1309   -4.5128   -4.5700  C  0  0  0  0  0
    0.7357   -5.4858   -5.3770  C  0  0  0  0  0
    0.7221   -6.8123   -4.9833  C  0  0  0  0  0
    0.0858   -7.1365   -3.7798  C  0  0  0  0  0
   -0.5081   -6.1084   -3.0352  C  0  0  0  0  0
   -0.4758   -4.8018   -3.4141  N  0  0  0  0  0
    1.3402   -4.9098   -6.6303  C  0  0  0  0  0
    2.3452   -3.8425   -6.1624  C  0  0  0  0  0
    1.6365   -2.8384   -5.2243  C  0  0  0  0  0
    0.1960   -3.1698   -5.0774  N  0  0  0  0  0
   -0.4823   -3.1830   -6.3991  C  0  0  0  0  0
    0.1908   -4.1912   -7.3592  C  0  0  0  0  0
  1  6  2  0  0  0
  1 10  1  0  0  0
  1  2  1  0  0  0
  2  3  2  0  0  0
  2  7  1  0  0  0
  3  4  1  0  0  0
  4  5  2  0  0  0
  5  6  1  0  0  0
  7 12  1  0  0  0
  7  8  1  0  0  0
  8  9  1  0  0  0
  9 10  1  0  0  0
 10 11  1  0  0  0
 11 12  1  0  0  0
M  END
$$$$
c12c(C3CCN1CC3)cccn2
  -ISIS-

 12 14  0  0  0  0  0  0  0  0  1
    0.1309   -4.5128   -4.5700  C  0  0  0  0  0
    0.7357   -5.4858   -5.3770  C  0  0  0  0  0
    0.7221   -6.8123   -4.9833  C  0  0  0  0  0
    0.0858   -7.1365   -3.7798  C  0  0  0  0  0
   -0.5081   -6.1084   -3.0352  C  0  0  0  0  0
   -0.4758   -4.8018   -3.4141  N  0  0  0  0  0
    1.3402   -4.9098   -6.6303  C  0  0  0  0  0
    2.3452   -3.8425   -6.1624  C  0  0  0  0  0
    1.6365   -2.8384   -5.2243  C  0  0  0  0  0
    0.1960   -3.1698   -5.0774  N  0  0  0  0  0
   -0.4823   -3.1830   -6.3991  C  0  0  0  0  0
    0.1908   -4.1912   -7.3592  C  0  0  0  0  0
  1  6  2  0  0  0
  1 10  1  0  0  0
  1  2  1  0  0  0
  2  3  2  0  0  0
  2  7  1  0  0  0
  3  4  1  0  0  0
  4  5  2  0  0  0
  5  6  1  0  0  0
  7 12  1  0  0  0
  7  8  1  0  0  0
  8  9  1  0  0  0
  9 10  1  0  0  0
 10 11  1  0  0  0
 11 12  1  0  0  0
M  END
$$$$
c12c(C3CCN1CC3)cccn2
  -ISIS-

 12 14  0  0  0  0  0  0  0  0  1
    1.0996   -4.8651    5.7588  C  0  0  0  0  0
    1.8091   -5.6611    4.8504  C  0  0  0  0  0
    2.8071   -5.0968    4.0764  C  0  0  0  0  0
    3.0749   -3.7322    4.2374  C  0  0  0  0  0
    2.3284   -3.0027    5.1746  C  0  0  0  0  0
    1.3421   -3.5601    5.9252  N  0  0  0  0  0
    1.3525   -7.0965    4.8527  C  0  0  0  0  0
   -0.1525   -7.0608    4.5327  C  0  0  0  0  0
   -0.8711   -6.1152    5.5230  C  0  0  0  0  0
    0.0851   -5.5500    6.5097  N  0  0  0  0  0
    0.7693   -6.6335    7.2620  C  0  0  0  0  0
    1.5170   -7.5882    6.3020  C  0  0  0  0  0
  1  6  2  0  0  0
  1 10  1  0  0  0
  1  2  1  0  0  0
  2  3  2  0  0  0
  2  7  1  0  0  0
  3  4  1  0  0  0
  4  5  2  0  0  0
  5  6  1  0  0  0
  7 12  1  0  0  0
  7  8  1  0  0  0
  8  9  1  0  0  0
  9 10  1  0  0  0
 10 11  1  0  0  0
 11 12  1  0  0  0
M  END
$$$$
c12c(C3CCN1CC3)cccn2
  -ISIS-

 12 14  0  0  0  0  0  0  0  0  1
    1.0996   -4.8651    5.7588  C  0  0  0  0  0
    1.8091   -5.6611    4.8504  C  0  0  0  0  0
    2.8071   -5.0968    4.0764  C  0  0  0  0  0
    3.0749   -3.7322    4.2374  C  0  0  0  0  0
    2.3284   -3.0027    5.1746  C  0  0  0  0  0
    1.3421   -3.5601    5.9252  N  0  0  0  0  0
    1.3525   -7.0965    4.8527  C  0  0  0  0  0
   -0.1525   -7.0608    4.5327  C  0  0  0  0  0
   -0.8711   -6.1152    5.5230  C  0  0  0  0  0
    0.0851   -5.5500    6.5097  N  0  0  0  0  0
    0.7693   -6.6335    7.2620  C  0  0  0  0  0
    1.5170   -7.5882    6.3020  C  0  0  0  0  0
  1  6  2  0  0  0
  1 10  1  0  0  0
  1  2  1  0  0  0
  2  3  2  0  0  0
  2  7  1  0  0  0
  3  4  1  0  0  0
  4  5  2  0  0  0
  5  6  1  0  0  0
  7 12  1  0  0  0
  7  8  1  0  0  0
  8  9  1  0  0  0
  9 10  1  0  0  0
 10 11  1  0  0  0
 11 12  1  0  0  0
M  END
$$$$
c12c(C3CCN1CC3)cccn2
  -ISIS-

 12 14  0  0  0  0  0  0  0  0  1
   -0.0155   -5.7647   -6.8325  C  0  0  0  0  0
    0.5290   -7.0093   -6.4908  C  0  0  0  0  0
    1.5379   -7.0819   -5.5472  C  0  0  0  0  0
    1.9785   -5.8900   -4.9597  C  0  0  0  0  0
    1.3775   -4.6828   -5.3464  C  0  0  0  0  0
    0.3937   -4.6165   -6.2812  N  0  0  0  0  0
   -0.1009   -8.1487   -7.2482  C  0  0  0  0  0
   -1.6081   -8.0748   -6.9442  C  0  0  0  0  0
   -2.1360   -6.6600   -7.2779  C  0  0  0  0  0
   -1.0526   -5.8027   -7.8248  N  0  0  0  0  0
   -0.4599   -6.4140   -9.0420  C  0  0  0  0  0
    0.0978   -7.8241   -8.7394  C  0  0  0  0  0
  1  6  2  0  0  0
  1 10  1  0  0  0
  1  2  1  0  0  0
  2  3  2  0  0  0
  2  7  1  0  0  0
  3  4  1  0  0  0
  4  5  2  0  0  0
  5  6  1  0  0  0
  7 12  1  0  0  0
  7  8  1  0  0  0
  8  9  1  0  0  0
  9 10  1  0  0  0
 10 11  1  0  0  0
 11 12  1  0  0  0
M  END
$$$$
c12c(C3CCN1CC3)cccn2
  -ISIS-

 12 14  0  0  0  0  0  0  0  0  1
   -0.0155   -5.7647   -6.8325  C  0  0  0  0  0
    0.5290   -7.0093   -6.4908  C  0  0  0  0  0
    1.5379   -7.0819   -5.5472  C  0  0  0  0  0
    1.9785   -5.8900   -4.9597  C  0  0  0  0  0
    1.3775   -4.6828   -5.3464  C  0  0  0  0  0
    0.3937   -4.6165   -6.2812  N  0  0  0  0  0
   -0.1009   -8.1487   -7.2482  C  0  0  0  0  0
   -1.6081   -8.0748   -6.9442  C  0  0  0  0  0
   -2.1360   -6.6600   -7.2779  C  0  0  0  0  0
   -1.0526   -5.8027   -7.8248  N  0  0  0  0  0
   -0.4599   -6.4140   -9.0420  C  0  0  0  0  0
    0.0978   -7.8241   -8.7394  C  0  0  0  0  0
  1  6  2  0  0  0
  1 10  1  0  0  0
  1  2  1  0  0  0
  2  3  2  0  0  0
  2  7  1  0  0  0
  3  4  1  0  0  0
  4  5  2  0  0  0
  5  6  1  0  0  0
  7 12  1  0  0  0
  7  8  1  0  0  0
  8  9  1  0  0  0
  9 10  1  0  0  0
 10 11  1  0  0  0
 11 12  1  0  0  0
M  END
$$$$
