c12c(cc[s]1)CC=CCCC2
  -ISIS-

 11 12  0  0  0  0  0  0  0  0  1
   -1.6497    2.5209    8.0267  C  0  0  0  0  0
   -1.2618    1.8110    6.5222  S  0  0  0  0  0
   -2.7597    2.2572    5.8214  C  0  0  0  0  0
   -3.0336    1.9072    4.3851  C  0  0  0  0  0
   -4.1315    0.8527    4.2002  C  0  0  0  0  0
   -5.5604    1.4150    4.2477  C  0  0  0  0  0
   -6.1968    1.4030    5.6204  C  0  0  0  0  0
   -5.9501    2.3103    6.5878  C  0  0  0  0  0
   -4.9559    3.4348    6.4357  C  0  0  0  0  0
   -3.5645    2.9396    6.7197  C  0  0  0  0  0
   -2.9112    3.0844    7.9890  C  0  0  0  0  0
  1 11  2  0  0  0
  1  2  1  0  0  0
  2  3  1  0  0  0
  3 10  2  0  0  0
  3  4  1  0  0  0
  4  5  1  0  0  0
  5  6  1  0  0  0
  6  7  1  0  0  0
  7  8  2  0  0  0
  8  9  1  0  0  0
  9 10  1  0  0  0
 10 11  1  0  0  0
M  END
$$$$
