c12c(cccc1)CN=CN2
  -ISIS-

 10 11  0  0  0  0  0  0  0  0  1
    2.5640    1.5663   -0.8936  C  0  0  0  0  0
    3.0870    0.7352   -0.0587  N  0  0  0  0  0
    2.4511    0.5367    1.1482  C  0  0  0  0  0
    1.1743    1.2478    1.4359  C  0  0  0  0  0
    0.6876    2.1204    0.4562  C  0  0  0  0  0
    1.4224    2.2857   -0.7129  N  0  0  0  0  0
   -0.4997    2.8154    0.6919  C  0  0  0  0  0
   -1.1943    2.6286    1.8910  C  0  0  0  0  0
   -0.7045    1.7520    2.8612  C  0  0  0  0  0
    0.4842    1.0582    2.6370  C  0  0  0  0  0
  1  6  1  0  0  0
  1  2  2  0  0  0
  2  3  1  0  0  0
  3  4  1  0  0  0
  4 10  2  0  0  0
  4  5  1  0  0  0
  5  6  1  0  0  0
  5  7  2  0  0  0
  7  8  1  0  0  0
  8  9  2  0  0  0
  9 10  1  0  0  0
M  END
$$$$
