c12C3(OCc1cc4c(OCO4)c2)NCc5c(cccc5)C3
  -ISIS-

 21 25  0  0  0  0  0  0  0  0  1
    0.8996   -8.4217   -4.7450  C  0  0  0  0  0
    1.7265   -7.2980   -4.8710  C  0  0  0  0  0
    1.5805   -6.2014   -4.0146  C  0  0  0  0  0
    0.6092   -6.2218   -3.0263  C  0  0  0  0  0
   -0.2065   -7.3582   -2.8802  C  0  0  0  0  0
   -0.0613   -8.4709   -3.7208  C  0  0  0  0  0
    0.3720   -5.0542   -2.1473  C  0  0  0  0  0
    1.1545   -3.9163   -2.3332  N  0  0  0  0  0
    2.4514   -4.0173   -2.9999  C  0  0  0  0  0
    2.4812   -5.0451   -4.1464  C  0  0  0  0  0
    3.0257   -2.7150   -3.4559  C  0  0  0  0  0
    4.2691   -2.5468   -2.8548  C  0  0  0  0  0
    4.5158   -3.6792   -1.9736  C  0  0  0  0  0
    3.4129   -4.4817   -2.0275  O  0  0  0  0  0
    5.0806   -1.4468   -3.0830  C  0  0  0  0  0
    4.5724   -0.5157   -3.9636  C  0  0  0  0  0
    3.3391   -0.6712   -4.5745  C  0  0  0  0  0
    2.5313   -1.7691   -4.3465  C  0  0  0  0  0
    3.0403    0.3665   -5.4014  O  0  0  0  0  0
    4.2236    1.1815   -5.2620  C  0  0  0  0  0
    5.1883    0.6381   -4.3364  O  0  0  0  0  0
  1  6  2  0  0  0
  1  2  1  0  0  0
  2  3  2  0  0  0
  3 10  1  0  0  0
  3  4  1  0  0  0
  4  5  2  0  0  0
  4  7  1  0  0  0
  5  6  1  0  0  0
  7  8  1  0  0  0
  8  9  1  0  0  0
  9 14  1  0  0  0
  9 10  1  0  0  0
  9 11  1  0  0  0
 11 18  2  0  0  0
 11 12  1  0  0  0
 12 13  1  0  0  0
 12 15  2  0  0  0
 13 14  1  0  0  0
 15 16  1  0  0  0
 16 21  1  0  0  0
 16 17  2  0  0  0
 17 18  1  0  0  0
 17 19  1  0  0  0
 19 20  1  0  0  0
 20 21  1  0  0  0
M  END
$$$$
