C12C(OCCN1)C=CCC=2
  -ISIS-

 10 11  0  0  0  0  0  0  0  0  1
   -1.5600    3.7101    2.6189  C  0  0  0  0  0
   -2.1593    4.5235    1.7310  C  0  0  0  0  0
   -2.4961    5.9333    2.0379  C  0  0  0  0  0
   -2.0653    6.4882    3.3487  C  0  0  0  0  0
   -1.5094    5.6670    4.2538  C  0  0  0  0  0
   -1.2956    4.2047    4.0607  C  0  0  0  0  0
    0.0477    3.9081    4.4480  O  0  0  0  0  0
    0.3067    2.4999    4.3876  C  0  0  0  0  0
    0.1359    1.9480    2.9665  C  0  0  0  0  0
   -1.1495    2.3792    2.3540  N  0  0  0  0  0
  1  6  1  0  0  0
  1 10  1  0  0  0
  1  2  2  0  0  0
  2  3  1  0  0  0
  3  4  1  0  0  0
  4  5  2  0  0  0
  5  6  1  0  0  0
  6  7  1  0  0  0
  7  8  1  0  0  0
  8  9  1  0  0  0
  9 10  1  0  0  0
M  END
$$$$
C12C(OCCN1)C=CCC=2
  -ISIS-

 10 11  0  0  0  0  0  0  0  0  1
   -1.5600    3.7101    2.6189  C  0  0  0  0  0
   -2.1593    4.5235    1.7310  C  0  0  0  0  0
   -2.4961    5.9333    2.0379  C  0  0  0  0  0
   -2.0653    6.4882    3.3487  C  0  0  0  0  0
   -1.5094    5.6670    4.2538  C  0  0  0  0  0
   -1.2956    4.2047    4.0607  C  0  0  0  0  0
    0.0477    3.9081    4.4480  O  0  0  0  0  0
    0.3067    2.4999    4.3876  C  0  0  0  0  0
    0.1359    1.9480    2.9665  C  0  0  0  0  0
   -1.1495    2.3792    2.3540  N  0  0  0  0  0
  1  6  1  0  0  0
  1 10  1  0  0  0
  1  2  2  0  0  0
  2  3  1  0  0  0
  3  4  1  0  0  0
  4  5  2  0  0  0
  5  6  1  0  0  0
  6  7  1  0  0  0
  7  8  1  0  0  0
  8  9  1  0  0  0
  9 10  1  0  0  0
M  END
$$$$
C12C(OCCN1)C=CCC=2
  -ISIS-

 10 11  0  0  0  0  0  0  0  0  1
   -1.5600    3.7101    2.6189  C  0  0  0  0  0
   -2.1593    4.5235    1.7310  C  0  0  0  0  0
   -2.4961    5.9333    2.0379  C  0  0  0  0  0
   -2.0653    6.4882    3.3487  C  0  0  0  0  0
   -1.5094    5.6670    4.2538  C  0  0  0  0  0
   -1.2956    4.2047    4.0607  C  0  0  0  0  0
    0.0477    3.9081    4.4480  O  0  0  0  0  0
    0.3067    2.4999    4.3876  C  0  0  0  0  0
    0.1359    1.9480    2.9665  C  0  0  0  0  0
   -1.1495    2.3792    2.3540  N  0  0  0  0  0
  1  6  1  0  0  0
  1 10  1  0  0  0
  1  2  2  0  0  0
  2  3  1  0  0  0
  3  4  1  0  0  0
  4  5  2  0  0  0
  5  6  1  0  0  0
  6  7  1  0  0  0
  7  8  1  0  0  0
  8  9  1  0  0  0
  9 10  1  0  0  0
M  END
$$$$
C12C(OCCN1)C=CCC=2
  -ISIS-

 10 11  0  0  0  0  0  0  0  0  1
   -1.5600    3.7101    2.6189  C  0  0  0  0  0
   -2.1593    4.5235    1.7310  C  0  0  0  0  0
   -2.4961    5.9333    2.0379  C  0  0  0  0  0
   -2.0653    6.4882    3.3487  C  0  0  0  0  0
   -1.5094    5.6670    4.2538  C  0  0  0  0  0
   -1.2956    4.2047    4.0607  C  0  0  0  0  0
    0.0477    3.9081    4.4480  O  0  0  0  0  0
    0.3067    2.4999    4.3876  C  0  0  0  0  0
    0.1359    1.9480    2.9665  C  0  0  0  0  0
   -1.1495    2.3792    2.3540  N  0  0  0  0  0
  1  6  1  0  0  0
  1 10  1  0  0  0
  1  2  2  0  0  0
  2  3  1  0  0  0
  3  4  1  0  0  0
  4  5  2  0  0  0
  5  6  1  0  0  0
  6  7  1  0  0  0
  7  8  1  0  0  0
  8  9  1  0  0  0
  9 10  1  0  0  0
M  END
$$$$
C12C(OCCN1)C=CCC=2
  -ISIS-

 10 11  0  0  0  0  0  0  0  0  1
    1.1926    0.4303    8.0452  C  0  0  0  0  0
    0.0891    0.0458    7.3784  C  0  0  0  0  0
   -1.2772    0.4404    7.7945  C  0  0  0  0  0
   -1.4212    1.3486    8.9631  C  0  0  0  0  0
   -0.3247    1.7159    9.6447  C  0  0  0  0  0
    1.0637    1.2728    9.3348  C  0  0  0  0  0
    1.8734    2.4470    9.2313  O  0  0  0  0  0
    3.2494    2.1161    9.0128  C  0  0  0  0  0
    3.4531    1.3068    7.7227  C  0  0  0  0  0
    2.5316    0.1345    7.6605  N  0  0  0  0  0
  1  6  1  0  0  0
  1 10  1  0  0  0
  1  2  2  0  0  0
  2  3  1  0  0  0
  3  4  1  0  0  0
  4  5  2  0  0  0
  5  6  1  0  0  0
  6  7  1  0  0  0
  7  8  1  0  0  0
  8  9  1  0  0  0
  9 10  1  0  0  0
M  END
$$$$
C12C(OCCN1)C=CCC=2
  -ISIS-

 10 11  0  0  0  0  0  0  0  0  1
    1.1926    0.4303    8.0452  C  0  0  0  0  0
    0.0891    0.0458    7.3784  C  0  0  0  0  0
   -1.2772    0.4404    7.7945  C  0  0  0  0  0
   -1.4212    1.3486    8.9631  C  0  0  0  0  0
   -0.3247    1.7159    9.6447  C  0  0  0  0  0
    1.0637    1.2728    9.3348  C  0  0  0  0  0
    1.8734    2.4470    9.2313  O  0  0  0  0  0
    3.2494    2.1161    9.0128  C  0  0  0  0  0
    3.4531    1.3068    7.7227  C  0  0  0  0  0
    2.5316    0.1345    7.6605  N  0  0  0  0  0
  1  6  1  0  0  0
  1 10  1  0  0  0
  1  2  2  0  0  0
  2  3  1  0  0  0
  3  4  1  0  0  0
  4  5  2  0  0  0
  5  6  1  0  0  0
  6  7  1  0  0  0
  7  8  1  0  0  0
  8  9  1  0  0  0
  9 10  1  0  0  0
M  END
$$$$
C12C(OCCN1)C=CCC=2
  -ISIS-

 10 11  0  0  0  0  0  0  0  0  1
    1.1926    0.4303    8.0452  C  0  0  0  0  0
    0.0891    0.0458    7.3784  C  0  0  0  0  0
   -1.2772    0.4404    7.7945  C  0  0  0  0  0
   -1.4212    1.3486    8.9631  C  0  0  0  0  0
   -0.3247    1.7159    9.6447  C  0  0  0  0  0
    1.0637    1.2728    9.3348  C  0  0  0  0  0
    1.8734    2.4470    9.2313  O  0  0  0  0  0
    3.2494    2.1161    9.0128  C  0  0  0  0  0
    3.4531    1.3068    7.7227  C  0  0  0  0  0
    2.5316    0.1345    7.6605  N  0  0  0  0  0
  1  6  1  0  0  0
  1 10  1  0  0  0
  1  2  2  0  0  0
  2  3  1  0  0  0
  3  4  1  0  0  0
  4  5  2  0  0  0
  5  6  1  0  0  0
  6  7  1  0  0  0
  7  8  1  0  0  0
  8  9  1  0  0  0
  9 10  1  0  0  0
M  END
$$$$
C12C(OCCN1)C=CCC=2
  -ISIS-

 10 11  0  0  0  0  0  0  0  0  1
    1.1926    0.4303    8.0452  C  0  0  0  0  0
    0.0891    0.0458    7.3784  C  0  0  0  0  0
   -1.2772    0.4404    7.7945  C  0  0  0  0  0
   -1.4212    1.3486    8.9631  C  0  0  0  0  0
   -0.3247    1.7159    9.6447  C  0  0  0  0  0
    1.0637    1.2728    9.3348  C  0  0  0  0  0
    1.8734    2.4470    9.2313  O  0  0  0  0  0
    3.2494    2.1161    9.0128  C  0  0  0  0  0
    3.4531    1.3068    7.7227  C  0  0  0  0  0
    2.5316    0.1345    7.6605  N  0  0  0  0  0
  1  6  1  0  0  0
  1 10  1  0  0  0
  1  2  2  0  0  0
  2  3  1  0  0  0
  3  4  1  0  0  0
  4  5  2  0  0  0
  5  6  1  0  0  0
  6  7  1  0  0  0
  7  8  1  0  0  0
  8  9  1  0  0  0
  9 10  1  0  0  0
M  END
$$$$
C12C(OCCN1)C=CCC=2
  -ISIS-

 10 11  0  0  0  0  0  0  0  0  1
    2.6567   -0.9241    4.0881  C  0  0  0  0  0
    3.5218   -1.6588    4.8076  C  0  0  0  0  0
    4.5362   -1.0385    5.6868  C  0  0  0  0  0
    4.4687    0.4355    5.8967  C  0  0  0  0  0
    3.6131    1.1688    5.1648  C  0  0  0  0  0
    2.7083    0.6192    4.1056  C  0  0  0  0  0
    1.4090    1.1726    4.3290  O  0  0  0  0  0
    0.4466    0.6680    3.3889  C  0  0  0  0  0
    0.2976   -0.8551    3.4978  C  0  0  0  0  0
    1.6138   -1.5304    3.3348  N  0  0  0  0  0
  1  6  1  0  0  0
  1 10  1  0  0  0
  1  2  2  0  0  0
  2  3  1  0  0  0
  3  4  1  0  0  0
  4  5  2  0  0  0
  5  6  1  0  0  0
  6  7  1  0  0  0
  7  8  1  0  0  0
  8  9  1  0  0  0
  9 10  1  0  0  0
M  END
$$$$
C12C(OCCN1)C=CCC=2
  -ISIS-

 10 11  0  0  0  0  0  0  0  0  1
    2.6567   -0.9241    4.0881  C  0  0  0  0  0
    3.5218   -1.6588    4.8076  C  0  0  0  0  0
    4.5362   -1.0385    5.6868  C  0  0  0  0  0
    4.4687    0.4355    5.8967  C  0  0  0  0  0
    3.6131    1.1688    5.1648  C  0  0  0  0  0
    2.7083    0.6192    4.1056  C  0  0  0  0  0
    1.4090    1.1726    4.3290  O  0  0  0  0  0
    0.4466    0.6680    3.3889  C  0  0  0  0  0
    0.2976   -0.8551    3.4978  C  0  0  0  0  0
    1.6138   -1.5304    3.3348  N  0  0  0  0  0
  1  6  1  0  0  0
  1 10  1  0  0  0
  1  2  2  0  0  0
  2  3  1  0  0  0
  3  4  1  0  0  0
  4  5  2  0  0  0
  5  6  1  0  0  0
  6  7  1  0  0  0
  7  8  1  0  0  0
  8  9  1  0  0  0
  9 10  1  0  0  0
M  END
$$$$
C12C(OCCN1)C=CCC=2
  -ISIS-

 10 11  0  0  0  0  0  0  0  0  1
    2.6567   -0.9241    4.0881  C  0  0  0  0  0
    3.5218   -1.6588    4.8076  C  0  0  0  0  0
    4.5362   -1.0385    5.6868  C  0  0  0  0  0
    4.4687    0.4355    5.8967  C  0  0  0  0  0
    3.6131    1.1688    5.1648  C  0  0  0  0  0
    2.7083    0.6192    4.1056  C  0  0  0  0  0
    1.4090    1.1726    4.3290  O  0  0  0  0  0
    0.4466    0.6680    3.3889  C  0  0  0  0  0
    0.2976   -0.8551    3.4978  C  0  0  0  0  0
    1.6138   -1.5304    3.3348  N  0  0  0  0  0
  1  6  1  0  0  0
  1 10  1  0  0  0
  1  2  2  0  0  0
  2  3  1  0  0  0
  3  4  1  0  0  0
  4  5  2  0  0  0
  5  6  1  0  0  0
  6  7  1  0  0  0
  7  8  1  0  0  0
  8  9  1  0  0  0
  9 10  1  0  0  0
M  END
$$$$
C12C(OCCN1)C=CCC=2
  -ISIS-

 10 11  0  0  0  0  0  0  0  0  1
    2.6567   -0.9241    4.0881  C  0  0  0  0  0
    3.5218   -1.6588    4.8076  C  0  0  0  0  0
    4.5362   -1.0385    5.6868  C  0  0  0  0  0
    4.4687    0.4355    5.8967  C  0  0  0  0  0
    3.6131    1.1688    5.1648  C  0  0  0  0  0
    2.7083    0.6192    4.1056  C  0  0  0  0  0
    1.4090    1.1726    4.3290  O  0  0  0  0  0
    0.4466    0.6680    3.3889  C  0  0  0  0  0
    0.2976   -0.8551    3.4978  C  0  0  0  0  0
    1.6138   -1.5304    3.3348  N  0  0  0  0  0
  1  6  1  0  0  0
  1 10  1  0  0  0
  1  2  2  0  0  0
  2  3  1  0  0  0
  3  4  1  0  0  0
  4  5  2  0  0  0
  5  6  1  0  0  0
  6  7  1  0  0  0
  7  8  1  0  0  0
  8  9  1  0  0  0
  9 10  1  0  0  0
M  END
$$$$
C12C(OCCN1)C=CCC=2
  -ISIS-

 10 11  0  0  0  0  0  0  0  0  1
   -0.2875    1.6797   -5.7651  C  0  0  0  0  0
    0.7446    2.5155   -5.5405  C  0  0  0  0  0
    1.3981    3.2813   -6.6251  C  0  0  0  0  0
    0.7969    3.2192   -7.9720  C  0  0  0  0  0
   -0.2052    2.3686   -8.2246  C  0  0  0  0  0
   -0.7708    1.4171   -7.2161  C  0  0  0  0  0
   -2.1942    1.5082   -7.3034  O  0  0  0  0  0
   -2.8295    0.5965   -6.3959  C  0  0  0  0  0
   -2.4748    0.8988   -4.9353  C  0  0  0  0  0
   -1.0106    1.0074   -4.7484  N  0  0  0  0  0
  1  6  1  0  0  0
  1 10  1  0  0  0
  1  2  2  0  0  0
  2  3  1  0  0  0
  3  4  1  0  0  0
  4  5  2  0  0  0
  5  6  1  0  0  0
  6  7  1  0  0  0
  7  8  1  0  0  0
  8  9  1  0  0  0
  9 10  1  0  0  0
M  END
$$$$
C12C(OCCN1)C=CCC=2
  -ISIS-

 10 11  0  0  0  0  0  0  0  0  1
   -0.2875    1.6797   -5.7651  C  0  0  0  0  0
    0.7446    2.5155   -5.5405  C  0  0  0  0  0
    1.3981    3.2813   -6.6251  C  0  0  0  0  0
    0.7969    3.2192   -7.9720  C  0  0  0  0  0
   -0.2052    2.3686   -8.2246  C  0  0  0  0  0
   -0.7708    1.4171   -7.2161  C  0  0  0  0  0
   -2.1942    1.5082   -7.3034  O  0  0  0  0  0
   -2.8295    0.5965   -6.3959  C  0  0  0  0  0
   -2.4748    0.8988   -4.9353  C  0  0  0  0  0
   -1.0106    1.0074   -4.7484  N  0  0  0  0  0
  1  6  1  0  0  0
  1 10  1  0  0  0
  1  2  2  0  0  0
  2  3  1  0  0  0
  3  4  1  0  0  0
  4  5  2  0  0  0
  5  6  1  0  0  0
  6  7  1  0  0  0
  7  8  1  0  0  0
  8  9  1  0  0  0
  9 10  1  0  0  0
M  END
$$$$
C12C(OCCN1)C=CCC=2
  -ISIS-

 10 11  0  0  0  0  0  0  0  0  1
   -0.2875    1.6797   -5.7651  C  0  0  0  0  0
    0.7446    2.5155   -5.5405  C  0  0  0  0  0
    1.3981    3.2813   -6.6251  C  0  0  0  0  0
    0.7969    3.2192   -7.9720  C  0  0  0  0  0
   -0.2052    2.3686   -8.2246  C  0  0  0  0  0
   -0.7708    1.4171   -7.2161  C  0  0  0  0  0
   -2.1942    1.5082   -7.3034  O  0  0  0  0  0
   -2.8295    0.5965   -6.3959  C  0  0  0  0  0
   -2.4748    0.8988   -4.9353  C  0  0  0  0  0
   -1.0106    1.0074   -4.7484  N  0  0  0  0  0
  1  6  1  0  0  0
  1 10  1  0  0  0
  1  2  2  0  0  0
  2  3  1  0  0  0
  3  4  1  0  0  0
  4  5  2  0  0  0
  5  6  1  0  0  0
  6  7  1  0  0  0
  7  8  1  0  0  0
  8  9  1  0  0  0
  9 10  1  0  0  0
M  END
$$$$
C12C(OCCN1)C=CCC=2
  -ISIS-

 10 11  0  0  0  0  0  0  0  0  1
    2.5893   -0.0406   -2.7705  C  0  0  0  0  0
    2.9323    0.2408   -1.3589  N  0  0  0  0  0
    4.2285   -0.1207   -0.9094  C  0  0  0  0  0
    4.8781   -1.3627   -1.5807  C  0  0  0  0  0
    4.6395   -1.3719   -2.9887  O  0  0  0  0  0
    3.2328   -1.3383   -3.2667  C  0  0  0  0  0
    6.3614   -1.4430   -1.3810  C  0  0  0  0  0
    7.0303   -0.7277   -0.4684  C  0  0  0  0  0
    6.3108    0.2360    0.3880  C  0  0  0  0  0
    4.9079    0.5517    0.0406  C  0  0  0  0  0
  1  6  1  0  0  0
  1  2  1  0  0  0
  2  3  1  0  0  0
  3 10  2  0  0  0
  3  4  1  0  0  0
  4  5  1  0  0  0
  4  7  1  0  0  0
  5  6  1  0  0  0
  7  8  2  0  0  0
  8  9  1  0  0  0
  9 10  1  0  0  0
M  END
$$$$
C12C(OCCN1)C=CCC=2
  -ISIS-

 10 11  0  0  0  0  0  0  0  0  1
    2.5893   -0.0406   -2.7705  C  0  0  0  0  0
    2.9323    0.2408   -1.3589  N  0  0  0  0  0
    4.2285   -0.1207   -0.9094  C  0  0  0  0  0
    4.8781   -1.3627   -1.5807  C  0  0  0  0  0
    4.6395   -1.3719   -2.9887  O  0  0  0  0  0
    3.2328   -1.3383   -3.2667  C  0  0  0  0  0
    6.3614   -1.4430   -1.3810  C  0  0  0  0  0
    7.0303   -0.7277   -0.4684  C  0  0  0  0  0
    6.3108    0.2360    0.3880  C  0  0  0  0  0
    4.9079    0.5517    0.0406  C  0  0  0  0  0
  1  6  1  0  0  0
  1  2  1  0  0  0
  2  3  1  0  0  0
  3 10  2  0  0  0
  3  4  1  0  0  0
  4  5  1  0  0  0
  4  7  1  0  0  0
  5  6  1  0  0  0
  7  8  2  0  0  0
  8  9  1  0  0  0
  9 10  1  0  0  0
M  END
$$$$
C12C(OCCN1)C=CCC=2
  -ISIS-

 10 11  0  0  0  0  0  0  0  0  1
    2.5893   -0.0406   -2.7705  C  0  0  0  0  0
    2.9323    0.2408   -1.3589  N  0  0  0  0  0
    4.2285   -0.1207   -0.9094  C  0  0  0  0  0
    4.8781   -1.3627   -1.5807  C  0  0  0  0  0
    4.6395   -1.3719   -2.9887  O  0  0  0  0  0
    3.2328   -1.3383   -3.2667  C  0  0  0  0  0
    6.3614   -1.4430   -1.3810  C  0  0  0  0  0
    7.0303   -0.7277   -0.4684  C  0  0  0  0  0
    6.3108    0.2360    0.3880  C  0  0  0  0  0
    4.9079    0.5517    0.0406  C  0  0  0  0  0
  1  6  1  0  0  0
  1  2  1  0  0  0
  2  3  1  0  0  0
  3 10  2  0  0  0
  3  4  1  0  0  0
  4  5  1  0  0  0
  4  7  1  0  0  0
  5  6  1  0  0  0
  7  8  2  0  0  0
  8  9  1  0  0  0
  9 10  1  0  0  0
M  END
$$$$
