c12c(cncn1)NCc3c(cccc3)N2
  -ISIS-

 15 17  0  0  0  0  0  0  0  0  1
   -1.8447   -6.4033    1.4511  C  0  0  0  0  0
   -0.9535   -5.8262    2.2560  N  0  0  0  0  0
   -0.6477   -4.5596    1.9237  C  0  0  0  0  0
   -1.1865   -3.8678    0.8448  C  0  0  0  0  0
   -2.0981   -4.5782    0.0901  C  0  0  0  0  0
   -2.4363   -5.8528    0.3856  N  0  0  0  0  0
   -2.7576   -4.0963   -1.0229  N  0  0  0  0  0
   -2.7633   -2.8890   -1.7168  C  0  0  0  0  0
   -2.0125   -1.7516   -1.4092  C  0  0  0  0  0
   -1.0580   -1.5998   -0.2828  C  0  0  0  0  0
   -0.7579   -2.5559    0.6428  N  0  0  0  0  0
   -2.1440   -0.6028   -2.2297  C  0  0  0  0  0
   -2.9969   -0.5717   -3.3316  C  0  0  0  0  0
   -3.7414   -1.6947   -3.6398  C  0  0  0  0  0
   -3.6231   -2.8326   -2.8421  C  0  0  0  0  0
  1  6  2  0  0  0
  1  2  1  0  0  0
  2  3  2  0  0  0
  3  4  1  0  0  0
  4 11  1  0  0  0
  4  5  2  0  0  0
  5  6  1  0  0  0
  5  7  1  0  0  0
  7  8  1  0  0  0
  8 15  2  0  0  0
  8  9  1  0  0  0
  9 10  1  0  0  0
  9 12  2  0  0  0
 10 11  1  0  0  0
 12 13  1  0  0  0
 13 14  2  0  0  0
 14 15  1  0  0  0
M  END
$$$$
