c12c(ccnc1)CC=C2
  -ISIS-

  9 10  0  0  0  0  0  0  0  0  1
    4.3938   -8.2133   -3.8564  C  0  0  0  0  0
    3.3092   -8.3161   -4.8758  C  0  0  0  0  0
    3.1778   -9.7243   -5.2258  C  0  0  0  0  0
    2.2956  -10.3003   -6.1156  C  0  0  0  0  0
    2.3796  -11.6752   -6.2322  C  0  0  0  0  0
    3.2632  -12.4201   -5.5093  N  0  0  0  0  0
    4.1077  -11.8060   -4.6324  C  0  0  0  0  0
    4.1051  -10.4338   -4.4807  C  0  0  0  0  0
    4.8426   -9.4717   -3.6713  C  0  0  0  0  0
  1  9  2  0  0  0
  1  2  1  0  0  0
  2  3  1  0  0  0
  3  8  2  0  0  0
  3  4  1  0  0  0
  4  5  2  0  0  0
  5  6  1  0  0  0
  6  7  2  0  0  0
  7  8  1  0  0  0
  8  9  1  0  0  0
M  END
$$$$
