c12c3c(C4C(c1cccc2)CNC4)cccc3
  -ISIS-

 17 20  0  0  0  0  0  0  0  0  1
   -8.5442   -2.6094    3.9155  N  0  0  0  0  0
   -8.4452   -3.7449    3.1627  C  0  0  0  0  0
   -8.1422   -4.9011    4.0901  C  0  0  0  0  0
   -8.8014   -6.1976    3.7028  C  0  0  0  0  0
   -9.9620   -6.6457    4.3634  C  0  0  0  0  0
  -10.5641   -5.8345    5.4509  C  0  0  0  0  0
   -9.8553   -4.7490    6.0116  C  0  0  0  0  0
   -8.4887   -4.3561    5.4809  C  0  0  0  0  0
   -8.3688   -2.8628    5.2449  C  0  0  0  0  0
  -10.3969   -4.0436    7.1071  C  0  0  0  0  0
  -11.6557   -4.3535    7.6105  C  0  0  0  0  0
  -12.3879   -5.3776    7.0323  C  0  0  0  0  0
  -11.8472   -6.1068    5.9698  C  0  0  0  0  0
  -10.4905   -7.8890    3.9597  C  0  0  0  0  0
   -9.9172   -8.6387    2.9275  C  0  0  0  0  0
   -8.7917   -8.1665    2.2699  C  0  0  0  0  0
   -8.2346   -6.9534    2.6566  C  0  0  0  0  0
  1  9  1  0  0  0
  1  2  1  0  0  0
  2  3  1  0  0  0
  3  8  1  0  0  0
  3  4  1  0  0  0
  4 17  2  0  0  0
  4  5  1  0  0  0
  5  6  1  0  0  0
  5 14  2  0  0  0
  6 13  2  0  0  0
  6  7  2  0  0  0
  7  8  1  0  0  0
  7 10  2  0  0  0
  8  9  1  0  0  0
 10 11  1  0  0  0
 11 12  2  0  0  0
 12 13  1  0  0  0
 14 15  1  0  0  0
 15 16  2  0  0  0
 16 17  1  0  0  0
M  END
$$$$
