c12c3c(cncc3)CNc1cccc2
  -ISIS-

 14 16  0  0  0  0  0  0  0  0  1
    4.3242   -1.3851    1.7624  C  0  0  0  0  0
    4.8553   -2.7546    1.4745  C  0  0  0  0  0
    5.9290   -2.9008    0.5872  C  0  0  0  0  0
    6.5682   -1.7718    0.0780  N  0  0  0  0  0
    6.2616   -0.4850    0.4332  C  0  0  0  0  0
    5.0711   -0.2672    1.3073  C  0  0  0  0  0
    4.6592    1.0341    1.6342  C  0  0  0  0  0
    3.5366    1.2819    2.3492  N  0  0  0  0  0
    2.7678    0.2299    2.7203  C  0  0  0  0  0
    3.1085   -1.1014    2.4409  C  0  0  0  0  0
    6.4338   -4.1547    0.2245  C  0  0  0  0  0
    5.8859   -5.3207    0.7578  C  0  0  0  0  0
    4.8710   -5.2203    1.7144  C  0  0  0  0  0
    4.3983   -3.9434    2.0727  C  0  0  0  0  0
  1  6  2  0  0  0
  1 10  1  0  0  0
  1  2  1  0  0  0
  2 14  2  0  0  0
  2  3  1  0  0  0
  3  4  1  0  0  0
  3 11  2  0  0  0
  4  5  1  0  0  0
  5  6  1  0  0  0
  6  7  1  0  0  0
  7  8  2  0  0  0
  8  9  1  0  0  0
  9 10  2  0  0  0
 11 12  1  0  0  0
 12 13  2  0  0  0
 13 14  1  0  0  0
M  END
$$$$
