C12c3c4C(=CNc4ccc3)CC1NCCC=2
  -ISIS-

 16 19  0  0  0  0  0  0  0  0  1
   -2.3922    1.5069   -3.6913  N  0  0  0  0  0
   -1.3583    1.0234   -4.6936  C  0  0  0  0  0
    0.0496    1.4858   -4.2691  C  0  0  0  0  0
    0.3248    1.1784   -2.8143  C  0  0  0  0  0
   -0.6582    0.8947   -1.9383  C  0  0  0  0  0
   -2.1590    0.9097   -2.3022  C  0  0  0  0  0
   -2.8467   -0.4885   -2.1020  C  0  0  0  0  0
   -2.4814   -1.0102   -0.7517  C  0  0  0  0  0
   -3.0625   -1.9136    0.1059  C  0  0  0  0  0
   -2.2700   -1.9877    1.2361  N  0  0  0  0  0
   -1.1901   -1.1382    1.1192  C  0  0  0  0  0
   -1.3077   -0.5317   -0.1173  C  0  0  0  0  0
   -0.3602    0.3986   -0.5781  C  0  0  0  0  0
    0.7169    0.6996    0.2572  C  0  0  0  0  0
    0.8254    0.0840    1.5127  C  0  0  0  0  0
   -0.1224   -0.8486    1.9714  C  0  0  0  0  0
  1  6  1  0  0  0
  1  2  1  0  0  0
  2  3  1  0  0  0
  3  4  1  0  0  0
  4  5  2  0  0  0
  5 13  1  0  0  0
  5  6  1  0  0  0
  6  7  1  0  0  0
  7  8  1  0  0  0
  8 12  1  0  0  0
  8  9  2  0  0  0
  9 10  1  0  0  0
 10 11  1  0  0  0
 11 16  2  0  0  0
 11 12  1  0  0  0
 12 13  2  0  0  0
 13 14  1  0  0  0
 14 15  2  0  0  0
 15 16  1  0  0  0
M  END
$$$$
C12c3c4C(=CNc4ccc3)CC1NCCC=2
  -ISIS-

 16 19  0  0  0  0  0  0  0  0  1
   -2.3922    1.5069   -3.6913  N  0  0  0  0  0
   -1.3583    1.0234   -4.6936  C  0  0  0  0  0
    0.0496    1.4858   -4.2691  C  0  0  0  0  0
    0.3248    1.1784   -2.8143  C  0  0  0  0  0
   -0.6582    0.8947   -1.9383  C  0  0  0  0  0
   -2.1590    0.9097   -2.3022  C  0  0  0  0  0
   -2.8467   -0.4885   -2.1020  C  0  0  0  0  0
   -2.4814   -1.0102   -0.7517  C  0  0  0  0  0
   -3.0625   -1.9136    0.1059  C  0  0  0  0  0
   -2.2700   -1.9877    1.2361  N  0  0  0  0  0
   -1.1901   -1.1382    1.1192  C  0  0  0  0  0
   -1.3077   -0.5317   -0.1173  C  0  0  0  0  0
   -0.3602    0.3986   -0.5781  C  0  0  0  0  0
    0.7169    0.6996    0.2572  C  0  0  0  0  0
    0.8254    0.0840    1.5127  C  0  0  0  0  0
   -0.1224   -0.8486    1.9714  C  0  0  0  0  0
  1  6  1  0  0  0
  1  2  1  0  0  0
  2  3  1  0  0  0
  3  4  1  0  0  0
  4  5  2  0  0  0
  5 13  1  0  0  0
  5  6  1  0  0  0
  6  7  1  0  0  0
  7  8  1  0  0  0
  8 12  1  0  0  0
  8  9  2  0  0  0
  9 10  1  0  0  0
 10 11  1  0  0  0
 11 16  2  0  0  0
 11 12  1  0  0  0
 12 13  2  0  0  0
 13 14  1  0  0  0
 14 15  2  0  0  0
 15 16  1  0  0  0
M  END
$$$$
C12c3c4C(=CNc4ccc3)CC1NCCC=2
  -ISIS-

 16 19  0  0  0  0  0  0  0  0  1
   -5.3213   -1.4244   -2.7390  C  0  0  0  0  0
   -4.6640   -2.3916   -3.7437  C  0  0  0  0  0
   -5.4475   -3.6914   -3.8081  N  0  0  0  0  0
   -6.8740   -3.4704   -4.3146  C  0  0  0  0  0
   -6.9917   -3.5033   -5.8808  C  0  0  0  0  0
   -8.4022   -3.1922   -6.2591  C  0  0  0  0  0
   -9.2226   -2.4776   -5.3505  C  0  0  0  0  0
   -8.9108   -1.9655   -4.0793  C  0  0  0  0  0
   -7.5035   -2.2038   -3.6951  C  0  0  0  0  0
   -6.8113   -1.3054   -2.9686  C  0  0  0  0  0
   -9.9167   -1.2940   -3.3824  C  0  0  0  0  0
  -11.1906   -1.1522   -3.9518  C  0  0  0  0  0
  -11.5006   -1.6632   -5.2251  C  0  0  0  0  0
  -10.4793   -2.3283   -5.9068  C  0  0  0  0  0
  -10.4267   -2.9321   -7.1455  N  0  0  0  0  0
   -9.1695   -3.4628   -7.3669  C  0  0  0  0  0
  1 10  1  0  0  0
  1  2  1  0  0  0
  2  3  1  0  0  0
  3  4  1  0  0  0
  4  9  1  0  0  0
  4  5  1  0  0  0
  5  6  1  0  0  0
  6 16  2  0  0  0
  6  7  1  0  0  0
  7 14  2  0  0  0
  7  8  2  0  0  0
  8  9  1  0  0  0
  8 11  2  0  0  0
  9 10  2  0  0  0
 11 12  1  0  0  0
 12 13  2  0  0  0
 13 14  1  0  0  0
 14 15  1  0  0  0
 15 16  1  0  0  0
M  END
$$$$
C12c3c4C(=CNc4ccc3)CC1NCCC=2
  -ISIS-

 16 19  0  0  0  0  0  0  0  0  1
   -5.3213   -1.4244   -2.7390  C  0  0  0  0  0
   -4.6640   -2.3916   -3.7437  C  0  0  0  0  0
   -5.4475   -3.6914   -3.8081  N  0  0  0  0  0
   -6.8740   -3.4704   -4.3146  C  0  0  0  0  0
   -6.9917   -3.5033   -5.8808  C  0  0  0  0  0
   -8.4022   -3.1922   -6.2591  C  0  0  0  0  0
   -9.2226   -2.4776   -5.3505  C  0  0  0  0  0
   -8.9108   -1.9655   -4.0793  C  0  0  0  0  0
   -7.5035   -2.2038   -3.6951  C  0  0  0  0  0
   -6.8113   -1.3054   -2.9686  C  0  0  0  0  0
   -9.9167   -1.2940   -3.3824  C  0  0  0  0  0
  -11.1906   -1.1522   -3.9518  C  0  0  0  0  0
  -11.5006   -1.6632   -5.2251  C  0  0  0  0  0
  -10.4793   -2.3283   -5.9068  C  0  0  0  0  0
  -10.4267   -2.9321   -7.1455  N  0  0  0  0  0
   -9.1695   -3.4628   -7.3669  C  0  0  0  0  0
  1 10  1  0  0  0
  1  2  1  0  0  0
  2  3  1  0  0  0
  3  4  1  0  0  0
  4  9  1  0  0  0
  4  5  1  0  0  0
  5  6  1  0  0  0
  6 16  2  0  0  0
  6  7  1  0  0  0
  7 14  2  0  0  0
  7  8  2  0  0  0
  8  9  1  0  0  0
  8 11  2  0  0  0
  9 10  2  0  0  0
 11 12  1  0  0  0
 12 13  2  0  0  0
 13 14  1  0  0  0
 14 15  1  0  0  0
 15 16  1  0  0  0
M  END
$$$$
C12c3c4C(=CNc4ccc3)CC1NCCC=2
  -ISIS-

 16 19  0  0  0  0  0  0  0  0  1
   -2.8912   -2.6731    5.4594  N  0  0  0  0  0
   -3.5759   -4.0152    5.2273  C  0  0  0  0  0
   -3.6449   -4.3354    3.7296  C  0  0  0  0  0
   -2.3181   -4.1221    3.0468  C  0  0  0  0  0
   -1.3030   -3.4352    3.6071  C  0  0  0  0  0
   -0.0025   -3.3015    2.9093  C  0  0  0  0  0
    0.7576   -2.1969    3.3205  C  0  0  0  0  0
    2.0026   -1.9249    2.7806  C  0  0  0  0  0
    2.4559   -0.7822    3.4046  N  0  0  0  0  0
    1.5233   -0.3390    4.3209  C  0  0  0  0  0
    0.4584   -1.2076    4.2824  C  0  0  0  0  0
   -0.8340   -1.2612    5.0092  C  0  0  0  0  0
   -1.4248   -2.7185    4.9757  C  0  0  0  0  0
    2.5660   -2.7389    1.7968  C  0  0  0  0  0
    1.8122   -3.8486    1.3835  C  0  0  0  0  0
    0.5508   -4.1310    1.9270  C  0  0  0  0  0
  1 13  1  0  0  0
  1  2  1  0  0  0
  2  3  1  0  0  0
  3  4  1  0  0  0
  4  5  2  0  0  0
  5 13  1  0  0  0
  5  6  1  0  0  0
  6 16  2  0  0  0
  6  7  1  0  0  0
  7 11  1  0  0  0
  7  8  2  0  0  0
  8  9  1  0  0  0
  8 14  1  0  0  0
  9 10  1  0  0  0
 10 11  2  0  0  0
 11 12  1  0  0  0
 12 13  1  0  0  0
 14 15  2  0  0  0
 15 16  1  0  0  0
M  END
$$$$
C12c3c4C(=CNc4ccc3)CC1NCCC=2
  -ISIS-

 16 19  0  0  0  0  0  0  0  0  1
   -2.8912   -2.6731    5.4594  N  0  0  0  0  0
   -3.5759   -4.0152    5.2273  C  0  0  0  0  0
   -3.6449   -4.3354    3.7296  C  0  0  0  0  0
   -2.3181   -4.1221    3.0468  C  0  0  0  0  0
   -1.3030   -3.4352    3.6071  C  0  0  0  0  0
   -0.0025   -3.3015    2.9093  C  0  0  0  0  0
    0.7576   -2.1969    3.3205  C  0  0  0  0  0
    2.0026   -1.9249    2.7806  C  0  0  0  0  0
    2.4559   -0.7822    3.4046  N  0  0  0  0  0
    1.5233   -0.3390    4.3209  C  0  0  0  0  0
    0.4584   -1.2076    4.2824  C  0  0  0  0  0
   -0.8340   -1.2612    5.0092  C  0  0  0  0  0
   -1.4248   -2.7185    4.9757  C  0  0  0  0  0
    2.5660   -2.7389    1.7968  C  0  0  0  0  0
    1.8122   -3.8486    1.3835  C  0  0  0  0  0
    0.5508   -4.1310    1.9270  C  0  0  0  0  0
  1 13  1  0  0  0
  1  2  1  0  0  0
  2  3  1  0  0  0
  3  4  1  0  0  0
  4  5  2  0  0  0
  5 13  1  0  0  0
  5  6  1  0  0  0
  6 16  2  0  0  0
  6  7  1  0  0  0
  7 11  1  0  0  0
  7  8  2  0  0  0
  8  9  1  0  0  0
  8 14  1  0  0  0
  9 10  1  0  0  0
 10 11  2  0  0  0
 11 12  1  0  0  0
 12 13  1  0  0  0
 14 15  2  0  0  0
 15 16  1  0  0  0
M  END
$$$$
C12c3c4C(=CNc4ccc3)CC1NCCC=2
  -ISIS-

 16 19  0  0  0  0  0  0  0  0  1
   -3.5955   -2.8372    5.4589  C  0  0  0  0  0
   -3.0704   -4.2465    5.1098  C  0  0  0  0  0
   -3.0503   -4.4471    3.6050  N  0  0  0  0  0
   -2.1043   -3.4653    2.9136  C  0  0  0  0  0
   -0.6168   -3.9670    2.8520  C  0  0  0  0  0
    0.2208   -2.8960    2.2341  C  0  0  0  0  0
   -0.2337   -1.5538    2.2676  C  0  0  0  0  0
   -1.4055   -1.0225    2.8331  C  0  0  0  0  0
   -2.2301   -2.0467    3.5085  C  0  0  0  0  0
   -2.9186   -1.7665    4.6316  C  0  0  0  0  0
   -1.6183    0.3525    2.7209  C  0  0  0  0  0
   -0.6793    1.1563    2.0580  C  0  0  0  0  0
    0.4954    0.6237    1.4964  C  0  0  0  0  0
    0.6898   -0.7535    1.6217  C  0  0  0  0  0
    1.7053   -1.5915    1.2114  N  0  0  0  0  0
    1.4265   -2.8959    1.5742  C  0  0  0  0  0
  1 10  1  0  0  0
  1  2  1  0  0  0
  2  3  1  0  0  0
  3  4  1  0  0  0
  4  9  1  0  0  0
  4  5  1  0  0  0
  5  6  1  0  0  0
  6 16  2  0  0  0
  6  7  1  0  0  0
  7 14  2  0  0  0
  7  8  2  0  0  0
  8  9  1  0  0  0
  8 11  2  0  0  0
  9 10  2  0  0  0
 11 12  1  0  0  0
 12 13  2  0  0  0
 13 14  1  0  0  0
 14 15  1  0  0  0
 15 16  1  0  0  0
M  END
$$$$
C12c3c4C(=CNc4ccc3)CC1NCCC=2
  -ISIS-

 16 19  0  0  0  0  0  0  0  0  1
   -3.5955   -2.8372    5.4589  C  0  0  0  0  0
   -3.0704   -4.2465    5.1098  C  0  0  0  0  0
   -3.0503   -4.4471    3.6050  N  0  0  0  0  0
   -2.1043   -3.4653    2.9136  C  0  0  0  0  0
   -0.6168   -3.9670    2.8520  C  0  0  0  0  0
    0.2208   -2.8960    2.2341  C  0  0  0  0  0
   -0.2337   -1.5538    2.2676  C  0  0  0  0  0
   -1.4055   -1.0225    2.8331  C  0  0  0  0  0
   -2.2301   -2.0467    3.5085  C  0  0  0  0  0
   -2.9186   -1.7665    4.6316  C  0  0  0  0  0
   -1.6183    0.3525    2.7209  C  0  0  0  0  0
   -0.6793    1.1563    2.0580  C  0  0  0  0  0
    0.4954    0.6237    1.4964  C  0  0  0  0  0
    0.6898   -0.7535    1.6217  C  0  0  0  0  0
    1.7053   -1.5915    1.2114  N  0  0  0  0  0
    1.4265   -2.8959    1.5742  C  0  0  0  0  0
  1 10  1  0  0  0
  1  2  1  0  0  0
  2  3  1  0  0  0
  3  4  1  0  0  0
  4  9  1  0  0  0
  4  5  1  0  0  0
  5  6  1  0  0  0
  6 16  2  0  0  0
  6  7  1  0  0  0
  7 14  2  0  0  0
  7  8  2  0  0  0
  8  9  1  0  0  0
  8 11  2  0  0  0
  9 10  2  0  0  0
 11 12  1  0  0  0
 12 13  2  0  0  0
 13 14  1  0  0  0
 14 15  1  0  0  0
 15 16  1  0  0  0
M  END
$$$$
C12c3c4C(=CNc4ccc3)CC1NCCC=2
  -ISIS-

 16 19  0  0  0  0  0  0  0  0  1
    0.4712    3.4001   -2.5113  N  0  0  0  0  0
    0.3884    2.7814   -1.1263  C  0  0  0  0  0
    0.8948    1.3265   -1.1653  C  0  0  0  0  0
    2.2265    1.2159   -1.8728  C  0  0  0  0  0
    2.6973    2.1862   -2.6796  C  0  0  0  0  0
    1.9142    3.4749   -3.0136  C  0  0  0  0  0
    2.6654    4.7774   -2.5581  C  0  0  0  0  0
    4.0798    4.7017   -3.0305  C  0  0  0  0  0
    5.0448    5.6448   -3.2923  C  0  0  0  0  0
    6.1762    4.9778   -3.7234  N  0  0  0  0  0
    5.9490    3.6178   -3.7482  C  0  0  0  0  0
    4.6504    3.4350   -3.3112  C  0  0  0  0  0
    4.0807    2.1550   -3.1994  C  0  0  0  0  0
    4.8705    1.0577   -3.5469  C  0  0  0  0  0
    6.1852    1.2524   -3.9949  C  0  0  0  0  0
    6.7546    2.5340   -4.1041  C  0  0  0  0  0
  1  6  1  0  0  0
  1  2  1  0  0  0
  2  3  1  0  0  0
  3  4  1  0  0  0
  4  5  2  0  0  0
  5 13  1  0  0  0
  5  6  1  0  0  0
  6  7  1  0  0  0
  7  8  1  0  0  0
  8 12  1  0  0  0
  8  9  2  0  0  0
  9 10  1  0  0  0
 10 11  1  0  0  0
 11 16  2  0  0  0
 11 12  1  0  0  0
 12 13  2  0  0  0
 13 14  1  0  0  0
 14 15  2  0  0  0
 15 16  1  0  0  0
M  END
$$$$
C12c3c4C(=CNc4ccc3)CC1NCCC=2
  -ISIS-

 16 19  0  0  0  0  0  0  0  0  1
    0.4712    3.4001   -2.5113  N  0  0  0  0  0
    0.3884    2.7814   -1.1263  C  0  0  0  0  0
    0.8948    1.3265   -1.1653  C  0  0  0  0  0
    2.2265    1.2159   -1.8728  C  0  0  0  0  0
    2.6973    2.1862   -2.6796  C  0  0  0  0  0
    1.9142    3.4749   -3.0136  C  0  0  0  0  0
    2.6654    4.7774   -2.5581  C  0  0  0  0  0
    4.0798    4.7017   -3.0305  C  0  0  0  0  0
    5.0448    5.6448   -3.2923  C  0  0  0  0  0
    6.1762    4.9778   -3.7234  N  0  0  0  0  0
    5.9490    3.6178   -3.7482  C  0  0  0  0  0
    4.6504    3.4350   -3.3112  C  0  0  0  0  0
    4.0807    2.1550   -3.1994  C  0  0  0  0  0
    4.8705    1.0577   -3.5469  C  0  0  0  0  0
    6.1852    1.2524   -3.9949  C  0  0  0  0  0
    6.7546    2.5340   -4.1041  C  0  0  0  0  0
  1  6  1  0  0  0
  1  2  1  0  0  0
  2  3  1  0  0  0
  3  4  1  0  0  0
  4  5  2  0  0  0
  5 13  1  0  0  0
  5  6  1  0  0  0
  6  7  1  0  0  0
  7  8  1  0  0  0
  8 12  1  0  0  0
  8  9  2  0  0  0
  9 10  1  0  0  0
 10 11  1  0  0  0
 11 16  2  0  0  0
 11 12  1  0  0  0
 12 13  2  0  0  0
 13 14  1  0  0  0
 14 15  2  0  0  0
 15 16  1  0  0  0
M  END
$$$$
C12c3c4C(=CNc4ccc3)CC1NCCC=2
  -ISIS-

 16 19  0  0  0  0  0  0  0  0  1
   -4.9296    3.4474   -3.4503  C  0  0  0  0  0
   -6.2548    4.1869   -3.1752  C  0  0  0  0  0
   -7.1144    3.3797   -2.2173  N  0  0  0  0  0
   -6.4382    3.2054   -0.8566  C  0  0  0  0  0
   -6.7226    4.3889    0.1354  C  0  0  0  0  0
   -5.9483    4.1579    1.3912  C  0  0  0  0  0
   -4.8006    3.3244    1.3560  C  0  0  0  0  0
   -4.2235    2.6485    0.2673  C  0  0  0  0  0
   -4.9309    2.9014   -1.0058  C  0  0  0  0  0
   -4.2658    2.9854   -2.1739  C  0  0  0  0  0
   -3.0807    1.8837    0.5069  C  0  0  0  0  0
   -2.5470    1.8036    1.8016  C  0  0  0  0  0
   -3.1235    2.4821    2.8904  C  0  0  0  0  0
   -4.2634    3.2447    2.6292  C  0  0  0  0  0
   -5.0633    4.0296    3.4330  N  0  0  0  0  0
   -6.0812    4.5779    2.6899  C  0  0  0  0  0
  1 10  1  0  0  0
  1  2  1  0  0  0
  2  3  1  0  0  0
  3  4  1  0  0  0
  4  9  1  0  0  0
  4  5  1  0  0  0
  5  6  1  0  0  0
  6 16  2  0  0  0
  6  7  1  0  0  0
  7 14  2  0  0  0
  7  8  2  0  0  0
  8  9  1  0  0  0
  8 11  2  0  0  0
  9 10  2  0  0  0
 11 12  1  0  0  0
 12 13  2  0  0  0
 13 14  1  0  0  0
 14 15  1  0  0  0
 15 16  1  0  0  0
M  END
$$$$
C12c3c4C(=CNc4ccc3)CC1NCCC=2
  -ISIS-

 16 19  0  0  0  0  0  0  0  0  1
   -4.9296    3.4474   -3.4503  C  0  0  0  0  0
   -6.2548    4.1869   -3.1752  C  0  0  0  0  0
   -7.1144    3.3797   -2.2173  N  0  0  0  0  0
   -6.4382    3.2054   -0.8566  C  0  0  0  0  0
   -6.7226    4.3889    0.1354  C  0  0  0  0  0
   -5.9483    4.1579    1.3912  C  0  0  0  0  0
   -4.8006    3.3244    1.3560  C  0  0  0  0  0
   -4.2235    2.6485    0.2673  C  0  0  0  0  0
   -4.9309    2.9014   -1.0058  C  0  0  0  0  0
   -4.2658    2.9854   -2.1739  C  0  0  0  0  0
   -3.0807    1.8837    0.5069  C  0  0  0  0  0
   -2.5470    1.8036    1.8016  C  0  0  0  0  0
   -3.1235    2.4821    2.8904  C  0  0  0  0  0
   -4.2634    3.2447    2.6292  C  0  0  0  0  0
   -5.0633    4.0296    3.4330  N  0  0  0  0  0
   -6.0812    4.5779    2.6899  C  0  0  0  0  0
  1 10  1  0  0  0
  1  2  1  0  0  0
  2  3  1  0  0  0
  3  4  1  0  0  0
  4  9  1  0  0  0
  4  5  1  0  0  0
  5  6  1  0  0  0
  6 16  2  0  0  0
  6  7  1  0  0  0
  7 14  2  0  0  0
  7  8  2  0  0  0
  8  9  1  0  0  0
  8 11  2  0  0  0
  9 10  2  0  0  0
 11 12  1  0  0  0
 12 13  2  0  0  0
 13 14  1  0  0  0
 14 15  1  0  0  0
 15 16  1  0  0  0
M  END
$$$$
C12c3c4C(=CNc4ccc3)CC1NCCC=2
  -ISIS-

 16 19  0  0  0  0  0  0  0  0  1
   -4.9296    3.4474   -3.4503  C  0  0  0  0  0
   -6.2548    4.1869   -3.1752  C  0  0  0  0  0
   -7.1144    3.3797   -2.2173  N  0  0  0  0  0
   -6.4382    3.2054   -0.8566  C  0  0  0  0  0
   -6.7226    4.3889    0.1354  C  0  0  0  0  0
   -5.9483    4.1579    1.3912  C  0  0  0  0  0
   -4.8006    3.3244    1.3560  C  0  0  0  0  0
   -4.2235    2.6485    0.2673  C  0  0  0  0  0
   -4.9309    2.9014   -1.0058  C  0  0  0  0  0
   -4.2658    2.9854   -2.1739  C  0  0  0  0  0
   -3.0807    1.8837    0.5069  C  0  0  0  0  0
   -2.5470    1.8036    1.8016  C  0  0  0  0  0
   -3.1235    2.4821    2.8904  C  0  0  0  0  0
   -4.2634    3.2447    2.6292  C  0  0  0  0  0
   -5.0633    4.0296    3.4330  N  0  0  0  0  0
   -6.0812    4.5779    2.6899  C  0  0  0  0  0
  1 10  1  0  0  0
  1  2  1  0  0  0
  2  3  1  0  0  0
  3  4  1  0  0  0
  4  9  1  0  0  0
  4  5  1  0  0  0
  5  6  1  0  0  0
  6 16  2  0  0  0
  6  7  1  0  0  0
  7 14  2  0  0  0
  7  8  2  0  0  0
  8  9  1  0  0  0
  8 11  2  0  0  0
  9 10  2  0  0  0
 11 12  1  0  0  0
 12 13  2  0  0  0
 13 14  1  0  0  0
 14 15  1  0  0  0
 15 16  1  0  0  0
M  END
$$$$
C12c3c4C(=CNc4ccc3)CC1NCCC=2
  -ISIS-

 16 19  0  0  0  0  0  0  0  0  1
   -1.8673    4.1426   -9.4813  N  0  0  0  0  0
   -1.8667    5.5832   -9.1077  C  0  0  0  0  0
   -3.2661    6.0906   -8.7457  C  0  0  0  0  0
   -4.2742    5.6879   -9.7930  C  0  0  0  0  0
   -4.0463    4.6788  -10.6528  C  0  0  0  0  0
   -4.9734    4.4006  -11.7737  C  0  0  0  0  0
   -4.3360    3.8588  -12.9027  C  0  0  0  0  0
   -5.0335    3.5562  -14.0586  C  0  0  0  0  0
   -4.1055    3.0525  -14.9453  N  0  0  0  0  0
   -2.8513    3.0291  -14.3693  C  0  0  0  0  0
   -2.9725    3.5238  -13.0921  C  0  0  0  0  0
   -2.0079    3.7353  -11.9724  C  0  0  0  0  0
   -2.7892    3.7806  -10.6152  C  0  0  0  0  0
   -6.4100    3.7730  -14.1560  C  0  0  0  0  0
   -7.0520    4.3087  -13.0255  C  0  0  0  0  0
   -6.3508    4.6208  -11.8515  C  0  0  0  0  0
  1 13  1  0  0  0
  1  2  1  0  0  0
  2  3  1  0  0  0
  3  4  1  0  0  0
  4  5  2  0  0  0
  5 13  1  0  0  0
  5  6  1  0  0  0
  6 16  2  0  0  0
  6  7  1  0  0  0
  7 11  1  0  0  0
  7  8  2  0  0  0
  8  9  1  0  0  0
  8 14  1  0  0  0
  9 10  1  0  0  0
 10 11  2  0  0  0
 11 12  1  0  0  0
 12 13  1  0  0  0
 14 15  2  0  0  0
 15 16  1  0  0  0
M  END
$$$$
C12c3c4C(=CNc4ccc3)CC1NCCC=2
  -ISIS-

 16 19  0  0  0  0  0  0  0  0  1
   -1.8673    4.1426   -9.4813  N  0  0  0  0  0
   -1.8667    5.5832   -9.1077  C  0  0  0  0  0
   -3.2661    6.0906   -8.7457  C  0  0  0  0  0
   -4.2742    5.6879   -9.7930  C  0  0  0  0  0
   -4.0463    4.6788  -10.6528  C  0  0  0  0  0
   -4.9734    4.4006  -11.7737  C  0  0  0  0  0
   -4.3360    3.8588  -12.9027  C  0  0  0  0  0
   -5.0335    3.5562  -14.0586  C  0  0  0  0  0
   -4.1055    3.0525  -14.9453  N  0  0  0  0  0
   -2.8513    3.0291  -14.3693  C  0  0  0  0  0
   -2.9725    3.5238  -13.0921  C  0  0  0  0  0
   -2.0079    3.7353  -11.9724  C  0  0  0  0  0
   -2.7892    3.7806  -10.6152  C  0  0  0  0  0
   -6.4100    3.7730  -14.1560  C  0  0  0  0  0
   -7.0520    4.3087  -13.0255  C  0  0  0  0  0
   -6.3508    4.6208  -11.8515  C  0  0  0  0  0
  1 13  1  0  0  0
  1  2  1  0  0  0
  2  3  1  0  0  0
  3  4  1  0  0  0
  4  5  2  0  0  0
  5 13  1  0  0  0
  5  6  1  0  0  0
  6 16  2  0  0  0
  6  7  1  0  0  0
  7 11  1  0  0  0
  7  8  2  0  0  0
  8  9  1  0  0  0
  8 14  1  0  0  0
  9 10  1  0  0  0
 10 11  2  0  0  0
 11 12  1  0  0  0
 12 13  1  0  0  0
 14 15  2  0  0  0
 15 16  1  0  0  0
M  END
$$$$
C12c3c4C(=CNc4ccc3)CC1NCCC=2
  -ISIS-

 16 19  0  0  0  0  0  0  0  0  1
   -5.8675    3.7903   -6.1764  N  0  0  0  0  0
   -4.5321    3.5308   -6.8316  C  0  0  0  0  0
   -4.0115    4.7038   -7.6815  C  0  0  0  0  0
   -5.0926    5.2436   -8.5882  C  0  0  0  0  0
   -6.4002    5.0058   -8.3794  C  0  0  0  0  0
   -7.4251    5.4028   -9.3701  C  0  0  0  0  0
   -8.5284    4.5317   -9.4040  C  0  0  0  0  0
   -9.5811    4.7238  -10.2795  C  0  0  0  0  0
  -10.4688    3.6942  -10.0479  N  0  0  0  0  0
   -9.9968    2.8715   -9.0426  C  0  0  0  0  0
   -8.7880    3.3755   -8.6261  C  0  0  0  0  0
   -7.7996    2.9593   -7.5916  C  0  0  0  0  0
   -6.9446    4.2094   -7.1778  C  0  0  0  0  0
   -9.5970    5.7975  -11.1721  C  0  0  0  0  0
   -8.4951    6.6706  -11.1397  C  0  0  0  0  0
   -7.4216    6.4811  -10.2573  C  0  0  0  0  0
  1 13  1  0  0  0
  1  2  1  0  0  0
  2  3  1  0  0  0
  3  4  1  0  0  0
  4  5  2  0  0  0
  5 13  1  0  0  0
  5  6  1  0  0  0
  6 16  2  0  0  0
  6  7  1  0  0  0
  7 11  1  0  0  0
  7  8  2  0  0  0
  8  9  1  0  0  0
  8 14  1  0  0  0
  9 10  1  0  0  0
 10 11  2  0  0  0
 11 12  1  0  0  0
 12 13  1  0  0  0
 14 15  2  0  0  0
 15 16  1  0  0  0
M  END
$$$$
C12c3c4C(=CNc4ccc3)CC1NCCC=2
  -ISIS-

 16 19  0  0  0  0  0  0  0  0  1
   -5.8675    3.7903   -6.1764  N  0  0  0  0  0
   -4.5321    3.5308   -6.8316  C  0  0  0  0  0
   -4.0115    4.7038   -7.6815  C  0  0  0  0  0
   -5.0926    5.2436   -8.5882  C  0  0  0  0  0
   -6.4002    5.0058   -8.3794  C  0  0  0  0  0
   -7.4251    5.4028   -9.3701  C  0  0  0  0  0
   -8.5284    4.5317   -9.4040  C  0  0  0  0  0
   -9.5811    4.7238  -10.2795  C  0  0  0  0  0
  -10.4688    3.6942  -10.0479  N  0  0  0  0  0
   -9.9968    2.8715   -9.0426  C  0  0  0  0  0
   -8.7880    3.3755   -8.6261  C  0  0  0  0  0
   -7.7996    2.9593   -7.5916  C  0  0  0  0  0
   -6.9446    4.2094   -7.1778  C  0  0  0  0  0
   -9.5970    5.7975  -11.1721  C  0  0  0  0  0
   -8.4951    6.6706  -11.1397  C  0  0  0  0  0
   -7.4216    6.4811  -10.2573  C  0  0  0  0  0
  1 13  1  0  0  0
  1  2  1  0  0  0
  2  3  1  0  0  0
  3  4  1  0  0  0
  4  5  2  0  0  0
  5 13  1  0  0  0
  5  6  1  0  0  0
  6 16  2  0  0  0
  6  7  1  0  0  0
  7 11  1  0  0  0
  7  8  2  0  0  0
  8  9  1  0  0  0
  8 14  1  0  0  0
  9 10  1  0  0  0
 10 11  2  0  0  0
 11 12  1  0  0  0
 12 13  1  0  0  0
 14 15  2  0  0  0
 15 16  1  0  0  0
M  END
$$$$
C12c3c4C(=CNc4ccc3)CC1NCCC=2
  -ISIS-

 16 19  0  0  0  0  0  0  0  0  1
   -2.4242    1.3495   -1.3337  N  0  0  0  0  0
   -3.6011    0.4065   -1.1233  C  0  0  0  0  0
   -4.8578    0.9537   -1.8008  C  0  0  0  0  0
   -4.6031    1.4506   -3.2000  C  0  0  0  0  0
   -3.3648    1.6466   -3.6925  C  0  0  0  0  0
   -3.1681    2.0689   -5.0987  C  0  0  0  0  0
   -1.9407    2.7027   -5.3403  C  0  0  0  0  0
   -1.5860    3.1519   -6.6004  C  0  0  0  0  0
   -0.3357    3.7184   -6.4734  N  0  0  0  0  0
    0.0963    3.6293   -5.1653  C  0  0  0  0  0
   -0.8907    2.9998   -4.4444  C  0  0  0  0  0
   -1.0235    2.6314   -3.0132  C  0  0  0  0  0
   -2.0841    1.4837   -2.8342  C  0  0  0  0  0
   -2.4349    2.9958   -7.6973  C  0  0  0  0  0
   -3.6635    2.3585   -7.4632  C  0  0  0  0  0
   -4.0288    1.8996   -6.1897  C  0  0  0  0  0
  1 13  1  0  0  0
  1  2  1  0  0  0
  2  3  1  0  0  0
  3  4  1  0  0  0
  4  5  2  0  0  0
  5 13  1  0  0  0
  5  6  1  0  0  0
  6 16  2  0  0  0
  6  7  1  0  0  0
  7 11  1  0  0  0
  7  8  2  0  0  0
  8  9  1  0  0  0
  8 14  1  0  0  0
  9 10  1  0  0  0
 10 11  2  0  0  0
 11 12  1  0  0  0
 12 13  1  0  0  0
 14 15  2  0  0  0
 15 16  1  0  0  0
M  END
$$$$
C12c3c4C(=CNc4ccc3)CC1NCCC=2
  -ISIS-

 16 19  0  0  0  0  0  0  0  0  1
   -2.4242    1.3495   -1.3337  N  0  0  0  0  0
   -3.6011    0.4065   -1.1233  C  0  0  0  0  0
   -4.8578    0.9537   -1.8008  C  0  0  0  0  0
   -4.6031    1.4506   -3.2000  C  0  0  0  0  0
   -3.3648    1.6466   -3.6925  C  0  0  0  0  0
   -3.1681    2.0689   -5.0987  C  0  0  0  0  0
   -1.9407    2.7027   -5.3403  C  0  0  0  0  0
   -1.5860    3.1519   -6.6004  C  0  0  0  0  0
   -0.3357    3.7184   -6.4734  N  0  0  0  0  0
    0.0963    3.6293   -5.1653  C  0  0  0  0  0
   -0.8907    2.9998   -4.4444  C  0  0  0  0  0
   -1.0235    2.6314   -3.0132  C  0  0  0  0  0
   -2.0841    1.4837   -2.8342  C  0  0  0  0  0
   -2.4349    2.9958   -7.6973  C  0  0  0  0  0
   -3.6635    2.3585   -7.4632  C  0  0  0  0  0
   -4.0288    1.8996   -6.1897  C  0  0  0  0  0
  1 13  1  0  0  0
  1  2  1  0  0  0
  2  3  1  0  0  0
  3  4  1  0  0  0
  4  5  2  0  0  0
  5 13  1  0  0  0
  5  6  1  0  0  0
  6 16  2  0  0  0
  6  7  1  0  0  0
  7 11  1  0  0  0
  7  8  2  0  0  0
  8  9  1  0  0  0
  8 14  1  0  0  0
  9 10  1  0  0  0
 10 11  2  0  0  0
 11 12  1  0  0  0
 12 13  1  0  0  0
 14 15  2  0  0  0
 15 16  1  0  0  0
M  END
$$$$
C12c3c4C(=CNc4ccc3)CC1NCCC=2
  -ISIS-

 16 19  0  0  0  0  0  0  0  0  1
   -4.2831    6.9394   -1.5509  N  0  0  0  0  0
   -3.0024    7.6896   -1.8678  C  0  0  0  0  0
   -2.1275    7.8003   -0.6139  C  0  0  0  0  0
   -1.9854    6.4671    0.0842  C  0  0  0  0  0
   -2.7786    5.4091   -0.1700  C  0  0  0  0  0
   -2.5591    4.1127    0.5123  C  0  0  0  0  0
   -3.6918    3.2867    0.5517  C  0  0  0  0  0
   -3.6630    2.0342    1.1397  C  0  0  0  0  0
   -4.9309    1.5111    1.0019  N  0  0  0  0  0
   -5.7468    2.4081    0.3420  C  0  0  0  0  0
   -4.9923    3.5209    0.0544  C  0  0  0  0  0
   -5.2971    4.8099   -0.6149  C  0  0  0  0  0
   -3.9771    5.4810   -1.1451  C  0  0  0  0  0
   -2.5012    1.5289    1.7255  C  0  0  0  0  0
   -1.3634    2.3504    1.6889  C  0  0  0  0  0
   -1.3853    3.6197    1.0935  C  0  0  0  0  0
  1 13  1  0  0  0
  1  2  1  0  0  0
  2  3  1  0  0  0
  3  4  1  0  0  0
  4  5  2  0  0  0
  5 13  1  0  0  0
  5  6  1  0  0  0
  6 16  2  0  0  0
  6  7  1  0  0  0
  7 11  1  0  0  0
  7  8  2  0  0  0
  8  9  1  0  0  0
  8 14  1  0  0  0
  9 10  1  0  0  0
 10 11  2  0  0  0
 11 12  1  0  0  0
 12 13  1  0  0  0
 14 15  2  0  0  0
 15 16  1  0  0  0
M  END
$$$$
C12c3c4C(=CNc4ccc3)CC1NCCC=2
  -ISIS-

 16 19  0  0  0  0  0  0  0  0  1
   -4.2831    6.9394   -1.5509  N  0  0  0  0  0
   -3.0024    7.6896   -1.8678  C  0  0  0  0  0
   -2.1275    7.8003   -0.6139  C  0  0  0  0  0
   -1.9854    6.4671    0.0842  C  0  0  0  0  0
   -2.7786    5.4091   -0.1700  C  0  0  0  0  0
   -2.5591    4.1127    0.5123  C  0  0  0  0  0
   -3.6918    3.2867    0.5517  C  0  0  0  0  0
   -3.6630    2.0342    1.1397  C  0  0  0  0  0
   -4.9309    1.5111    1.0019  N  0  0  0  0  0
   -5.7468    2.4081    0.3420  C  0  0  0  0  0
   -4.9923    3.5209    0.0544  C  0  0  0  0  0
   -5.2971    4.8099   -0.6149  C  0  0  0  0  0
   -3.9771    5.4810   -1.1451  C  0  0  0  0  0
   -2.5012    1.5289    1.7255  C  0  0  0  0  0
   -1.3634    2.3504    1.6889  C  0  0  0  0  0
   -1.3853    3.6197    1.0935  C  0  0  0  0  0
  1 13  1  0  0  0
  1  2  1  0  0  0
  2  3  1  0  0  0
  3  4  1  0  0  0
  4  5  2  0  0  0
  5 13  1  0  0  0
  5  6  1  0  0  0
  6 16  2  0  0  0
  6  7  1  0  0  0
  7 11  1  0  0  0
  7  8  2  0  0  0
  8  9  1  0  0  0
  8 14  1  0  0  0
  9 10  1  0  0  0
 10 11  2  0  0  0
 11 12  1  0  0  0
 12 13  1  0  0  0
 14 15  2  0  0  0
 15 16  1  0  0  0
M  END
$$$$
C12c3c4C(=CNc4ccc3)CC1NCCC=2
  -ISIS-

 16 19  0  0  0  0  0  0  0  0  1
    0.8712    8.9432   -3.3088  N  0  0  0  0  0
   -0.3551    9.1063   -4.2014  C  0  0  0  0  0
   -0.2707    8.1601   -5.4125  C  0  0  0  0  0
    0.0401    6.7502   -4.9729  C  0  0  0  0  0
    0.5359    6.4488   -3.7566  C  0  0  0  0  0
    0.7811    5.0409   -3.3650  C  0  0  0  0  0
    1.7435    4.8882   -2.3561  C  0  0  0  0  0
    2.0950    3.6434   -1.8640  C  0  0  0  0  0
    3.0547    3.8639   -0.8991  N  0  0  0  0  0
    3.3052    5.2161   -0.7773  C  0  0  0  0  0
    2.4968    5.8706   -1.6762  C  0  0  0  0  0
    2.3099    7.3027   -2.0196  C  0  0  0  0  0
    0.9125    7.5237   -2.7069  C  0  0  0  0  0
    1.5064    2.4740   -2.3483  C  0  0  0  0  0
    0.5377    2.6205   -3.3539  C  0  0  0  0  0
    0.1760    3.8786   -3.8565  C  0  0  0  0  0
  1 13  1  0  0  0
  1  2  1  0  0  0
  2  3  1  0  0  0
  3  4  1  0  0  0
  4  5  2  0  0  0
  5 13  1  0  0  0
  5  6  1  0  0  0
  6 16  2  0  0  0
  6  7  1  0  0  0
  7 11  1  0  0  0
  7  8  2  0  0  0
  8  9  1  0  0  0
  8 14  1  0  0  0
  9 10  1  0  0  0
 10 11  2  0  0  0
 11 12  1  0  0  0
 12 13  1  0  0  0
 14 15  2  0  0  0
 15 16  1  0  0  0
M  END
$$$$
C12c3c4C(=CNc4ccc3)CC1NCCC=2
  -ISIS-

 16 19  0  0  0  0  0  0  0  0  1
    0.8712    8.9432   -3.3088  N  0  0  0  0  0
   -0.3551    9.1063   -4.2014  C  0  0  0  0  0
   -0.2707    8.1601   -5.4125  C  0  0  0  0  0
    0.0401    6.7502   -4.9729  C  0  0  0  0  0
    0.5359    6.4488   -3.7566  C  0  0  0  0  0
    0.7811    5.0409   -3.3650  C  0  0  0  0  0
    1.7435    4.8882   -2.3561  C  0  0  0  0  0
    2.0950    3.6434   -1.8640  C  0  0  0  0  0
    3.0547    3.8639   -0.8991  N  0  0  0  0  0
    3.3052    5.2161   -0.7773  C  0  0  0  0  0
    2.4968    5.8706   -1.6762  C  0  0  0  0  0
    2.3099    7.3027   -2.0196  C  0  0  0  0  0
    0.9125    7.5237   -2.7069  C  0  0  0  0  0
    1.5064    2.4740   -2.3483  C  0  0  0  0  0
    0.5377    2.6205   -3.3539  C  0  0  0  0  0
    0.1760    3.8786   -3.8565  C  0  0  0  0  0
  1 13  1  0  0  0
  1  2  1  0  0  0
  2  3  1  0  0  0
  3  4  1  0  0  0
  4  5  2  0  0  0
  5 13  1  0  0  0
  5  6  1  0  0  0
  6 16  2  0  0  0
  6  7  1  0  0  0
  7 11  1  0  0  0
  7  8  2  0  0  0
  8  9  1  0  0  0
  8 14  1  0  0  0
  9 10  1  0  0  0
 10 11  2  0  0  0
 11 12  1  0  0  0
 12 13  1  0  0  0
 14 15  2  0  0  0
 15 16  1  0  0  0
M  END
$$$$
C12c3c4C(=CNc4ccc3)CC1NCCC=2
  -ISIS-

 16 19  0  0  0  0  0  0  0  0  1
   -4.0231    4.9774   -3.0036  N  0  0  0  0  0
   -3.3029    5.1988   -4.2896  C  0  0  0  0  0
   -3.1612    3.9206   -5.1334  C  0  0  0  0  0
   -2.7051    2.7611   -4.2843  C  0  0  0  0  0
   -2.8091    2.7628   -2.9435  C  0  0  0  0  0
   -2.2024    1.6853   -2.1272  C  0  0  0  0  0
   -1.7776    2.1180   -0.8596  C  0  0  0  0  0
   -1.1639    1.2605    0.0361  C  0  0  0  0  0
   -0.8851    2.0131    1.1574  N  0  0  0  0  0
   -1.3143    3.3134    0.9843  C  0  0  0  0  0
   -1.8786    3.4006   -0.2665  C  0  0  0  0  0
   -2.5296    4.5066   -1.0299  C  0  0  0  0  0
   -3.4656    3.8975   -2.1280  C  0  0  0  0  0
   -0.9401   -0.0820   -0.2781  C  0  0  0  0  0
   -1.3691   -0.5201   -1.5435  C  0  0  0  0  0
   -1.9890    0.3444   -2.4578  C  0  0  0  0  0
  1 13  1  0  0  0
  1  2  1  0  0  0
  2  3  1  0  0  0
  3  4  1  0  0  0
  4  5  2  0  0  0
  5 13  1  0  0  0
  5  6  1  0  0  0
  6 16  2  0  0  0
  6  7  1  0  0  0
  7 11  1  0  0  0
  7  8  2  0  0  0
  8  9  1  0  0  0
  8 14  1  0  0  0
  9 10  1  0  0  0
 10 11  2  0  0  0
 11 12  1  0  0  0
 12 13  1  0  0  0
 14 15  2  0  0  0
 15 16  1  0  0  0
M  END
$$$$
C12c3c4C(=CNc4ccc3)CC1NCCC=2
  -ISIS-

 16 19  0  0  0  0  0  0  0  0  1
   -4.0231    4.9774   -3.0036  N  0  0  0  0  0
   -3.3029    5.1988   -4.2896  C  0  0  0  0  0
   -3.1612    3.9206   -5.1334  C  0  0  0  0  0
   -2.7051    2.7611   -4.2843  C  0  0  0  0  0
   -2.8091    2.7628   -2.9435  C  0  0  0  0  0
   -2.2024    1.6853   -2.1272  C  0  0  0  0  0
   -1.7776    2.1180   -0.8596  C  0  0  0  0  0
   -1.1639    1.2605    0.0361  C  0  0  0  0  0
   -0.8851    2.0131    1.1574  N  0  0  0  0  0
   -1.3143    3.3134    0.9843  C  0  0  0  0  0
   -1.8786    3.4006   -0.2665  C  0  0  0  0  0
   -2.5296    4.5066   -1.0299  C  0  0  0  0  0
   -3.4656    3.8975   -2.1280  C  0  0  0  0  0
   -0.9401   -0.0820   -0.2781  C  0  0  0  0  0
   -1.3691   -0.5201   -1.5435  C  0  0  0  0  0
   -1.9890    0.3444   -2.4578  C  0  0  0  0  0
  1 13  1  0  0  0
  1  2  1  0  0  0
  2  3  1  0  0  0
  3  4  1  0  0  0
  4  5  2  0  0  0
  5 13  1  0  0  0
  5  6  1  0  0  0
  6 16  2  0  0  0
  6  7  1  0  0  0
  7 11  1  0  0  0
  7  8  2  0  0  0
  8  9  1  0  0  0
  8 14  1  0  0  0
  9 10  1  0  0  0
 10 11  2  0  0  0
 11 12  1  0  0  0
 12 13  1  0  0  0
 14 15  2  0  0  0
 15 16  1  0  0  0
M  END
$$$$
C12c3c4C(=CNc4ccc3)CC1NCCC=2
  -ISIS-

 16 19  0  0  0  0  0  0  0  0  1
   -2.4962   -0.6801    0.2234  N  0  0  0  0  0
   -1.1187   -1.3376    0.2958  C  0  0  0  0  0
   -0.8071   -2.2338   -0.9110  C  0  0  0  0  0
   -1.9680   -3.1651   -1.2043  C  0  0  0  0  0
   -3.2176   -2.9402   -0.7601  C  0  0  0  0  0
   -4.2943   -3.9387   -0.9295  C  0  0  0  0  0
   -5.2367   -3.9180    0.1133  C  0  0  0  0  0
   -6.3061   -4.7939    0.1459  C  0  0  0  0  0
   -7.0078   -4.5005    1.2960  N  0  0  0  0  0
   -6.4065   -3.4571    1.9740  C  0  0  0  0  0
   -5.2997   -3.0770    1.2527  C  0  0  0  0  0
   -4.2536   -2.0289    1.4378  C  0  0  0  0  0
   -3.6170   -1.6908    0.0424  C  0  0  0  0  0
   -6.5006   -5.7404   -0.8628  C  0  0  0  0  0
   -5.5602   -5.7604   -1.9090  C  0  0  0  0  0
   -4.4707   -4.8781   -1.9466  C  0  0  0  0  0
  1 13  1  0  0  0
  1  2  1  0  0  0
  2  3  1  0  0  0
  3  4  1  0  0  0
  4  5  2  0  0  0
  5 13  1  0  0  0
  5  6  1  0  0  0
  6 16  2  0  0  0
  6  7  1  0  0  0
  7 11  1  0  0  0
  7  8  2  0  0  0
  8  9  1  0  0  0
  8 14  1  0  0  0
  9 10  1  0  0  0
 10 11  2  0  0  0
 11 12  1  0  0  0
 12 13  1  0  0  0
 14 15  2  0  0  0
 15 16  1  0  0  0
M  END
$$$$
C12c3c4C(=CNc4ccc3)CC1NCCC=2
  -ISIS-

 16 19  0  0  0  0  0  0  0  0  1
   -2.4962   -0.6801    0.2234  N  0  0  0  0  0
   -1.1187   -1.3376    0.2958  C  0  0  0  0  0
   -0.8071   -2.2338   -0.9110  C  0  0  0  0  0
   -1.9680   -3.1651   -1.2043  C  0  0  0  0  0
   -3.2176   -2.9402   -0.7601  C  0  0  0  0  0
   -4.2943   -3.9387   -0.9295  C  0  0  0  0  0
   -5.2367   -3.9180    0.1133  C  0  0  0  0  0
   -6.3061   -4.7939    0.1459  C  0  0  0  0  0
   -7.0078   -4.5005    1.2960  N  0  0  0  0  0
   -6.4065   -3.4571    1.9740  C  0  0  0  0  0
   -5.2997   -3.0770    1.2527  C  0  0  0  0  0
   -4.2536   -2.0289    1.4378  C  0  0  0  0  0
   -3.6170   -1.6908    0.0424  C  0  0  0  0  0
   -6.5006   -5.7404   -0.8628  C  0  0  0  0  0
   -5.5602   -5.7604   -1.9090  C  0  0  0  0  0
   -4.4707   -4.8781   -1.9466  C  0  0  0  0  0
  1 13  1  0  0  0
  1  2  1  0  0  0
  2  3  1  0  0  0
  3  4  1  0  0  0
  4  5  2  0  0  0
  5 13  1  0  0  0
  5  6  1  0  0  0
  6 16  2  0  0  0
  6  7  1  0  0  0
  7 11  1  0  0  0
  7  8  2  0  0  0
  8  9  1  0  0  0
  8 14  1  0  0  0
  9 10  1  0  0  0
 10 11  2  0  0  0
 11 12  1  0  0  0
 12 13  1  0  0  0
 14 15  2  0  0  0
 15 16  1  0  0  0
M  END
$$$$
C12c3c4C(=CNc4ccc3)CC1NCCC=2
  -ISIS-

 16 19  0  0  0  0  0  0  0  0  1
   -0.1670   -1.9783    2.7244  C  0  0  0  0  0
   -0.0335   -1.8895    4.2614  C  0  0  0  0  0
    1.3359   -1.3860    4.7188  N  0  0  0  0  0
    2.4615   -2.2873    4.1892  C  0  0  0  0  0
    3.8718   -1.6794    4.5148  C  0  0  0  0  0
    4.9332   -2.4799    3.8553  C  0  0  0  0  0
    4.6122   -3.2568    2.7191  C  0  0  0  0  0
    3.3755   -3.4443    2.0802  C  0  0  0  0  0
    2.2364   -2.7454    2.7294  C  0  0  0  0  0
    1.0655   -2.5741    2.0849  C  0  0  0  0  0
    3.3623   -4.2734    0.9508  C  0  0  0  0  0
    4.5420   -4.8748    0.4893  C  0  0  0  0  0
    5.7727   -4.6815    1.1338  C  0  0  0  0  0
    5.7715   -3.8591    2.2608  C  0  0  0  0  0
    6.7805   -3.4661    3.1146  N  0  0  0  0  0
    6.2800   -2.6252    4.0870  C  0  0  0  0  0
  1 10  1  0  0  0
  1  2  1  0  0  0
  2  3  1  0  0  0
  3  4  1  0  0  0
  4  9  1  0  0  0
  4  5  1  0  0  0
  5  6  1  0  0  0
  6 16  2  0  0  0
  6  7  1  0  0  0
  7 14  2  0  0  0
  7  8  2  0  0  0
  8  9  1  0  0  0
  8 11  2  0  0  0
  9 10  2  0  0  0
 11 12  1  0  0  0
 12 13  2  0  0  0
 13 14  1  0  0  0
 14 15  1  0  0  0
 15 16  1  0  0  0
M  END
$$$$
C12c3c4C(=CNc4ccc3)CC1NCCC=2
  -ISIS-

 16 19  0  0  0  0  0  0  0  0  1
   -0.1670   -1.9783    2.7244  C  0  0  0  0  0
   -0.0335   -1.8895    4.2614  C  0  0  0  0  0
    1.3359   -1.3860    4.7188  N  0  0  0  0  0
    2.4615   -2.2873    4.1892  C  0  0  0  0  0
    3.8718   -1.6794    4.5148  C  0  0  0  0  0
    4.9332   -2.4799    3.8553  C  0  0  0  0  0
    4.6122   -3.2568    2.7191  C  0  0  0  0  0
    3.3755   -3.4443    2.0802  C  0  0  0  0  0
    2.2364   -2.7454    2.7294  C  0  0  0  0  0
    1.0655   -2.5741    2.0849  C  0  0  0  0  0
    3.3623   -4.2734    0.9508  C  0  0  0  0  0
    4.5420   -4.8748    0.4893  C  0  0  0  0  0
    5.7727   -4.6815    1.1338  C  0  0  0  0  0
    5.7715   -3.8591    2.2608  C  0  0  0  0  0
    6.7805   -3.4661    3.1146  N  0  0  0  0  0
    6.2800   -2.6252    4.0870  C  0  0  0  0  0
  1 10  1  0  0  0
  1  2  1  0  0  0
  2  3  1  0  0  0
  3  4  1  0  0  0
  4  9  1  0  0  0
  4  5  1  0  0  0
  5  6  1  0  0  0
  6 16  2  0  0  0
  6  7  1  0  0  0
  7 14  2  0  0  0
  7  8  2  0  0  0
  8  9  1  0  0  0
  8 11  2  0  0  0
  9 10  2  0  0  0
 11 12  1  0  0  0
 12 13  2  0  0  0
 13 14  1  0  0  0
 14 15  1  0  0  0
 15 16  1  0  0  0
M  END
$$$$
C12c3c4C(=CNc4ccc3)CC1NCCC=2
  -ISIS-

 16 19  0  0  0  0  0  0  0  0  1
    0.7626   -5.0059    2.0626  C  0  0  0  0  0
   -0.2037   -3.8271    2.3043  C  0  0  0  0  0
   -0.2011   -3.4160    3.7631  N  0  0  0  0  0
    1.1774   -2.9701    4.2405  C  0  0  0  0  0
    1.4995   -1.4697    3.9117  C  0  0  0  0  0
    2.9082   -1.1811    4.3166  C  0  0  0  0  0
    3.8271   -2.2524    4.4529  C  0  0  0  0  0
    3.6327   -3.6279    4.2367  C  0  0  0  0  0
    2.2754   -3.9323    3.7437  C  0  0  0  0  0
    2.0680   -4.8800    2.8120  C  0  0  0  0  0
    4.7147   -4.4826    4.4470  C  0  0  0  0  0
    5.9469   -3.9610    4.8672  C  0  0  0  0  0
    6.1426   -2.5836    5.0792  C  0  0  0  0  0
    5.0474   -1.7458    4.8578  C  0  0  0  0  0
    4.8832   -0.3801    4.9588  N  0  0  0  0  0
    3.5875   -0.0279    4.6289  C  0  0  0  0  0
  1 10  1  0  0  0
  1  2  1  0  0  0
  2  3  1  0  0  0
  3  4  1  0  0  0
  4  9  1  0  0  0
  4  5  1  0  0  0
  5  6  1  0  0  0
  6 16  2  0  0  0
  6  7  1  0  0  0
  7 14  2  0  0  0
  7  8  2  0  0  0
  8  9  1  0  0  0
  8 11  2  0  0  0
  9 10  2  0  0  0
 11 12  1  0  0  0
 12 13  2  0  0  0
 13 14  1  0  0  0
 14 15  1  0  0  0
 15 16  1  0  0  0
M  END
$$$$
C12c3c4C(=CNc4ccc3)CC1NCCC=2
  -ISIS-

 16 19  0  0  0  0  0  0  0  0  1
    0.7626   -5.0059    2.0626  C  0  0  0  0  0
   -0.2037   -3.8271    2.3043  C  0  0  0  0  0
   -0.2011   -3.4160    3.7631  N  0  0  0  0  0
    1.1774   -2.9701    4.2405  C  0  0  0  0  0
    1.4995   -1.4697    3.9117  C  0  0  0  0  0
    2.9082   -1.1811    4.3166  C  0  0  0  0  0
    3.8271   -2.2524    4.4529  C  0  0  0  0  0
    3.6327   -3.6279    4.2367  C  0  0  0  0  0
    2.2754   -3.9323    3.7437  C  0  0  0  0  0
    2.0680   -4.8800    2.8120  C  0  0  0  0  0
    4.7147   -4.4826    4.4470  C  0  0  0  0  0
    5.9469   -3.9610    4.8672  C  0  0  0  0  0
    6.1426   -2.5836    5.0792  C  0  0  0  0  0
    5.0474   -1.7458    4.8578  C  0  0  0  0  0
    4.8832   -0.3801    4.9588  N  0  0  0  0  0
    3.5875   -0.0279    4.6289  C  0  0  0  0  0
  1 10  1  0  0  0
  1  2  1  0  0  0
  2  3  1  0  0  0
  3  4  1  0  0  0
  4  9  1  0  0  0
  4  5  1  0  0  0
  5  6  1  0  0  0
  6 16  2  0  0  0
  6  7  1  0  0  0
  7 14  2  0  0  0
  7  8  2  0  0  0
  8  9  1  0  0  0
  8 11  2  0  0  0
  9 10  2  0  0  0
 11 12  1  0  0  0
 12 13  2  0  0  0
 13 14  1  0  0  0
 14 15  1  0  0  0
 15 16  1  0  0  0
M  END
$$$$
