C12c3c(cc4c5c(cccc5)CC[n]34)CC[N]=1CCc6c2cccc6
  -ISIS-

 25 30  0  0  0  0  0  0  0  0  1
    2.6668   -0.8007   -2.3522  C  0  0  0  0  0
    2.8990    0.4995   -3.1662  C  0  0  0  0  0
    3.9952    1.3610   -2.5569  N  0  0  0  0  0
    4.8084    2.1865   -3.5079  C  0  0  0  0  0
    5.2159    3.4981   -2.8369  C  0  0  0  0  0
    5.8734    3.2028   -1.5159  C  0  0  0  0  0
    5.3844    2.1393   -0.7481  C  0  0  0  0  0
    4.2061    1.3905   -1.2681  C  0  0  0  0  0
    3.2997    0.6515   -0.4031  C  0  0  0  0  0
    2.5726   -0.4193   -0.9049  C  0  0  0  0  0
    1.8019   -0.9699    0.1384  C  0  0  0  0  0
    2.0027   -0.1793    1.2529  C  0  0  0  0  0
    1.4108   -0.2160    2.5914  C  0  0  0  0  0
    1.4306    0.9632    3.3619  C  0  0  0  0  0
    2.0116    2.2227    2.7649  C  0  0  0  0  0
    3.1826    1.9154    1.8250  C  0  0  0  0  0
    2.8802    0.8323    0.8949  N  0  0  0  0  0
    0.8410    0.9767    4.6322  C  0  0  0  0  0
    0.2454   -0.1777    5.1445  C  0  0  0  0  0
    0.2881   -1.3636    4.4034  C  0  0  0  0  0
    0.8380   -1.3759    3.1185  C  0  0  0  0  0
    6.0601    1.7628    0.4091  C  0  0  0  0  0
    7.1586    2.5026    0.8728  C  0  0  0  0  0
    7.5917    3.6363    0.1610  C  0  0  0  0  0
    6.9517    3.9638   -1.0447  C  0  0  0  0  0
  1 10  1  0  0  0
  1  2  1  0  0  0
  2  3  1  0  0  0
  3  8  2  0  0  0
  3  4  1  0  0  0
  4  5  1  0  0  0
  5  6  1  0  0  0
  6 25  2  0  0  0
  6  7  2  0  0  0
  7  8  1  0  0  0
  7 22  2  0  0  0
  8  9  1  0  0  0
  9 17  1  0  0  0
  9 10  2  0  0  0
 10 11  1  0  0  0
 11 12  2  0  0  0
 12 17  1  0  0  0
 12 13  1  0  0  0
 13 21  2  0  0  0
 13 14  1  0  0  0
 14 15  1  0  0  0
 14 18  2  0  0  0
 15 16  1  0  0  0
 16 17  1  0  0  0
 18 19  1  0  0  0
 19 20  2  0  0  0
 20 21  1  0  0  0
 22 23  1  0  0  0
 23 24  2  0  0  0
 24 25  1  0  0  0
M  END
$$$$
C12c3c(cc4c5c(cccc5)CC[n]34)CC[N]=1CCc6c2cccc6
  -ISIS-

 25 30  0  0  0  0  0  0  0  0  1
    2.6668   -0.8007   -2.3522  C  0  0  0  0  0
    2.8990    0.4995   -3.1662  C  0  0  0  0  0
    3.9952    1.3610   -2.5569  N  0  0  0  0  0
    4.8084    2.1865   -3.5079  C  0  0  0  0  0
    5.2159    3.4981   -2.8369  C  0  0  0  0  0
    5.8734    3.2028   -1.5159  C  0  0  0  0  0
    5.3844    2.1393   -0.7481  C  0  0  0  0  0
    4.2061    1.3905   -1.2681  C  0  0  0  0  0
    3.2997    0.6515   -0.4031  C  0  0  0  0  0
    2.5726   -0.4193   -0.9049  C  0  0  0  0  0
    1.8019   -0.9699    0.1384  C  0  0  0  0  0
    2.0027   -0.1793    1.2529  C  0  0  0  0  0
    1.4108   -0.2160    2.5914  C  0  0  0  0  0
    1.4306    0.9632    3.3619  C  0  0  0  0  0
    2.0116    2.2227    2.7649  C  0  0  0  0  0
    3.1826    1.9154    1.8250  C  0  0  0  0  0
    2.8802    0.8323    0.8949  N  0  0  0  0  0
    0.8410    0.9767    4.6322  C  0  0  0  0  0
    0.2454   -0.1777    5.1445  C  0  0  0  0  0
    0.2881   -1.3636    4.4034  C  0  0  0  0  0
    0.8380   -1.3759    3.1185  C  0  0  0  0  0
    6.0601    1.7628    0.4091  C  0  0  0  0  0
    7.1586    2.5026    0.8728  C  0  0  0  0  0
    7.5917    3.6363    0.1610  C  0  0  0  0  0
    6.9517    3.9638   -1.0447  C  0  0  0  0  0
  1 10  1  0  0  0
  1  2  1  0  0  0
  2  3  1  0  0  0
  3  8  2  0  0  0
  3  4  1  0  0  0
  4  5  1  0  0  0
  5  6  1  0  0  0
  6 25  2  0  0  0
  6  7  2  0  0  0
  7  8  1  0  0  0
  7 22  2  0  0  0
  8  9  1  0  0  0
  9 17  1  0  0  0
  9 10  2  0  0  0
 10 11  1  0  0  0
 11 12  2  0  0  0
 12 17  1  0  0  0
 12 13  1  0  0  0
 13 21  2  0  0  0
 13 14  1  0  0  0
 14 15  1  0  0  0
 14 18  2  0  0  0
 15 16  1  0  0  0
 16 17  1  0  0  0
 18 19  1  0  0  0
 19 20  2  0  0  0
 20 21  1  0  0  0
 22 23  1  0  0  0
 23 24  2  0  0  0
 24 25  1  0  0  0
M  END
$$$$
C12c3c(cc4c5c(cccc5)CC[n]34)CC[N]=1CCc6c2cccc6
  -ISIS-

 25 30  0  0  0  0  0  0  0  0  1
    2.6668   -0.8007   -2.3522  C  0  0  0  0  0
    2.8990    0.4995   -3.1662  C  0  0  0  0  0
    3.9952    1.3610   -2.5569  N  0  0  0  0  0
    4.8084    2.1865   -3.5079  C  0  0  0  0  0
    5.2159    3.4981   -2.8369  C  0  0  0  0  0
    5.8734    3.2028   -1.5159  C  0  0  0  0  0
    5.3844    2.1393   -0.7481  C  0  0  0  0  0
    4.2061    1.3905   -1.2681  C  0  0  0  0  0
    3.2997    0.6515   -0.4031  C  0  0  0  0  0
    2.5726   -0.4193   -0.9049  C  0  0  0  0  0
    1.8019   -0.9699    0.1384  C  0  0  0  0  0
    2.0027   -0.1793    1.2529  C  0  0  0  0  0
    1.4108   -0.2160    2.5914  C  0  0  0  0  0
    1.4306    0.9632    3.3619  C  0  0  0  0  0
    2.0116    2.2227    2.7649  C  0  0  0  0  0
    3.1826    1.9154    1.8250  C  0  0  0  0  0
    2.8802    0.8323    0.8949  N  0  0  0  0  0
    0.8410    0.9767    4.6322  C  0  0  0  0  0
    0.2454   -0.1777    5.1445  C  0  0  0  0  0
    0.2881   -1.3636    4.4034  C  0  0  0  0  0
    0.8380   -1.3759    3.1185  C  0  0  0  0  0
    6.0601    1.7628    0.4091  C  0  0  0  0  0
    7.1586    2.5026    0.8728  C  0  0  0  0  0
    7.5917    3.6363    0.1610  C  0  0  0  0  0
    6.9517    3.9638   -1.0447  C  0  0  0  0  0
  1 10  1  0  0  0
  1  2  1  0  0  0
  2  3  1  0  0  0
  3  8  2  0  0  0
  3  4  1  0  0  0
  4  5  1  0  0  0
  5  6  1  0  0  0
  6 25  2  0  0  0
  6  7  2  0  0  0
  7  8  1  0  0  0
  7 22  2  0  0  0
  8  9  1  0  0  0
  9 17  1  0  0  0
  9 10  2  0  0  0
 10 11  1  0  0  0
 11 12  2  0  0  0
 12 17  1  0  0  0
 12 13  1  0  0  0
 13 21  2  0  0  0
 13 14  1  0  0  0
 14 15  1  0  0  0
 14 18  2  0  0  0
 15 16  1  0  0  0
 16 17  1  0  0  0
 18 19  1  0  0  0
 19 20  2  0  0  0
 20 21  1  0  0  0
 22 23  1  0  0  0
 23 24  2  0  0  0
 24 25  1  0  0  0
M  END
$$$$
C12c3c(cc4c5c(cccc5)CC[n]34)CC[N]=1CCc6c2cccc6
  -ISIS-

 25 30  0  0  0  0  0  0  0  0  1
    2.6668   -0.8007   -2.3522  C  0  0  0  0  0
    2.8990    0.4995   -3.1662  C  0  0  0  0  0
    3.9952    1.3610   -2.5569  N  0  0  0  0  0
    4.8084    2.1865   -3.5079  C  0  0  0  0  0
    5.2159    3.4981   -2.8369  C  0  0  0  0  0
    5.8734    3.2028   -1.5159  C  0  0  0  0  0
    5.3844    2.1393   -0.7481  C  0  0  0  0  0
    4.2061    1.3905   -1.2681  C  0  0  0  0  0
    3.2997    0.6515   -0.4031  C  0  0  0  0  0
    2.5726   -0.4193   -0.9049  C  0  0  0  0  0
    1.8019   -0.9699    0.1384  C  0  0  0  0  0
    2.0027   -0.1793    1.2529  C  0  0  0  0  0
    1.4108   -0.2160    2.5914  C  0  0  0  0  0
    1.4306    0.9632    3.3619  C  0  0  0  0  0
    2.0116    2.2227    2.7649  C  0  0  0  0  0
    3.1826    1.9154    1.8250  C  0  0  0  0  0
    2.8802    0.8323    0.8949  N  0  0  0  0  0
    0.8410    0.9767    4.6322  C  0  0  0  0  0
    0.2454   -0.1777    5.1445  C  0  0  0  0  0
    0.2881   -1.3636    4.4034  C  0  0  0  0  0
    0.8380   -1.3759    3.1185  C  0  0  0  0  0
    6.0601    1.7628    0.4091  C  0  0  0  0  0
    7.1586    2.5026    0.8728  C  0  0  0  0  0
    7.5917    3.6363    0.1610  C  0  0  0  0  0
    6.9517    3.9638   -1.0447  C  0  0  0  0  0
  1 10  1  0  0  0
  1  2  1  0  0  0
  2  3  1  0  0  0
  3  8  2  0  0  0
  3  4  1  0  0  0
  4  5  1  0  0  0
  5  6  1  0  0  0
  6 25  2  0  0  0
  6  7  2  0  0  0
  7  8  1  0  0  0
  7 22  2  0  0  0
  8  9  1  0  0  0
  9 17  1  0  0  0
  9 10  2  0  0  0
 10 11  1  0  0  0
 11 12  2  0  0  0
 12 17  1  0  0  0
 12 13  1  0  0  0
 13 21  2  0  0  0
 13 14  1  0  0  0
 14 15  1  0  0  0
 14 18  2  0  0  0
 15 16  1  0  0  0
 16 17  1  0  0  0
 18 19  1  0  0  0
 19 20  2  0  0  0
 20 21  1  0  0  0
 22 23  1  0  0  0
 23 24  2  0  0  0
 24 25  1  0  0  0
M  END
$$$$
C12c3c(cc4c5c(cccc5)CC[n]34)CC[N]=1CCc6c2cccc6
  -ISIS-

 25 30  0  0  0  0  0  0  0  0  1
    2.6668   -0.8007   -2.3522  C  0  0  0  0  0
    2.8990    0.4995   -3.1662  C  0  0  0  0  0
    3.9952    1.3610   -2.5569  N  0  0  0  0  0
    4.8084    2.1865   -3.5079  C  0  0  0  0  0
    5.2159    3.4981   -2.8369  C  0  0  0  0  0
    5.8734    3.2028   -1.5159  C  0  0  0  0  0
    5.3844    2.1393   -0.7481  C  0  0  0  0  0
    4.2061    1.3905   -1.2681  C  0  0  0  0  0
    3.2997    0.6515   -0.4031  C  0  0  0  0  0
    2.5726   -0.4193   -0.9049  C  0  0  0  0  0
    1.8019   -0.9699    0.1384  C  0  0  0  0  0
    2.0027   -0.1793    1.2529  C  0  0  0  0  0
    1.4108   -0.2160    2.5914  C  0  0  0  0  0
    1.4306    0.9632    3.3619  C  0  0  0  0  0
    2.0116    2.2227    2.7649  C  0  0  0  0  0
    3.1826    1.9154    1.8250  C  0  0  0  0  0
    2.8802    0.8323    0.8949  N  0  0  0  0  0
    0.8410    0.9767    4.6322  C  0  0  0  0  0
    0.2454   -0.1777    5.1445  C  0  0  0  0  0
    0.2881   -1.3636    4.4034  C  0  0  0  0  0
    0.8380   -1.3759    3.1185  C  0  0  0  0  0
    6.0601    1.7628    0.4091  C  0  0  0  0  0
    7.1586    2.5026    0.8728  C  0  0  0  0  0
    7.5917    3.6363    0.1610  C  0  0  0  0  0
    6.9517    3.9638   -1.0447  C  0  0  0  0  0
  1 10  1  0  0  0
  1  2  1  0  0  0
  2  3  1  0  0  0
  3  8  2  0  0  0
  3  4  1  0  0  0
  4  5  1  0  0  0
  5  6  1  0  0  0
  6 25  2  0  0  0
  6  7  2  0  0  0
  7  8  1  0  0  0
  7 22  2  0  0  0
  8  9  1  0  0  0
  9 17  1  0  0  0
  9 10  2  0  0  0
 10 11  1  0  0  0
 11 12  2  0  0  0
 12 17  1  0  0  0
 12 13  1  0  0  0
 13 21  2  0  0  0
 13 14  1  0  0  0
 14 15  1  0  0  0
 14 18  2  0  0  0
 15 16  1  0  0  0
 16 17  1  0  0  0
 18 19  1  0  0  0
 19 20  2  0  0  0
 20 21  1  0  0  0
 22 23  1  0  0  0
 23 24  2  0  0  0
 24 25  1  0  0  0
M  END
$$$$
