c12c3c(cccc3)COc1c[c]4[c](c2)cco4
  -ISIS-

 17 20  0  0  0  0  0  0  0  0  1
    2.6412    1.7090    0.9214  C  0  0  0  0  0
    2.6317    3.1823    0.7535  C  0  0  0  0  0
    1.5215    3.8437    0.2030  C  0  0  0  0  0
    0.3488    3.0605   -0.2144  C  0  0  0  0  0
   -0.8155    3.6219   -0.7809  C  0  0  0  0  0
   -1.9012    2.7969   -1.1562  C  0  0  0  0  0
   -3.1924    2.9985   -1.7323  C  0  0  0  0  0
   -3.7677    1.7467   -1.8203  C  0  0  0  0  0
   -2.9263    0.7928   -1.3439  O  0  0  0  0  0
   -1.7934    1.4288   -0.9415  C  0  0  0  0  0
   -0.6782    0.8142   -0.3909  C  0  0  0  0  0
    0.3735    1.6709   -0.0426  C  0  0  0  0  0
    1.5034    1.0298    0.5151  O  0  0  0  0  0
    1.6020    5.2452    0.0838  C  0  0  0  0  0
    2.7380    5.9528    0.4942  C  0  0  0  0  0
    3.8244    5.2776    1.0353  C  0  0  0  0  0
    3.7730    3.8937    1.1657  C  0  0  0  0  0
  1 13  1  0  0  0
  1  2  1  0  0  0
  2 17  2  0  0  0
  2  3  1  0  0  0
  3  4  1  0  0  0
  3 14  2  0  0  0
  4 12  2  0  0  0
  4  5  1  0  0  0
  5  6  2  0  0  0
  6 10  1  0  0  0
  6  7  1  0  0  0
  7  8  2  0  0  0
  8  9  1  0  0  0
  9 10  1  0  0  0
 10 11  2  0  0  0
 11 12  1  0  0  0
 12 13  1  0  0  0
 14 15  1  0  0  0
 15 16  2  0  0  0
 16 17  1  0  0  0
M  END
$$$$
c12c3c(cccc3)COc1c[c]4[c](c2)cco4
  -ISIS-

 17 20  0  0  0  0  0  0  0  0  1
    2.6412    1.7090    0.9214  C  0  0  0  0  0
    2.6317    3.1823    0.7535  C  0  0  0  0  0
    1.5215    3.8437    0.2030  C  0  0  0  0  0
    0.3488    3.0605   -0.2144  C  0  0  0  0  0
   -0.8155    3.6219   -0.7809  C  0  0  0  0  0
   -1.9012    2.7969   -1.1562  C  0  0  0  0  0
   -3.1924    2.9985   -1.7323  C  0  0  0  0  0
   -3.7677    1.7467   -1.8203  C  0  0  0  0  0
   -2.9263    0.7928   -1.3439  O  0  0  0  0  0
   -1.7934    1.4288   -0.9415  C  0  0  0  0  0
   -0.6782    0.8142   -0.3909  C  0  0  0  0  0
    0.3735    1.6709   -0.0426  C  0  0  0  0  0
    1.5034    1.0298    0.5151  O  0  0  0  0  0
    1.6020    5.2452    0.0838  C  0  0  0  0  0
    2.7380    5.9528    0.4942  C  0  0  0  0  0
    3.8244    5.2776    1.0353  C  0  0  0  0  0
    3.7730    3.8937    1.1657  C  0  0  0  0  0
  1 13  1  0  0  0
  1  2  1  0  0  0
  2 17  2  0  0  0
  2  3  1  0  0  0
  3  4  1  0  0  0
  3 14  2  0  0  0
  4 12  2  0  0  0
  4  5  1  0  0  0
  5  6  2  0  0  0
  6 10  1  0  0  0
  6  7  1  0  0  0
  7  8  2  0  0  0
  8  9  1  0  0  0
  9 10  1  0  0  0
 10 11  2  0  0  0
 11 12  1  0  0  0
 12 13  1  0  0  0
 14 15  1  0  0  0
 15 16  2  0  0  0
 16 17  1  0  0  0
M  END
$$$$
c12c3c(cccc3)COc1c[c]4[c](c2)cco4
  -ISIS-

 17 20  0  0  0  0  0  0  0  0  1
    1.2025    0.0527   -5.7704  C  0  0  0  0  0
    1.4288    1.5112   -5.6269  C  0  0  0  0  0
    2.2222    2.0249   -4.5875  C  0  0  0  0  0
    2.8370    1.0994   -3.6239  C  0  0  0  0  0
    3.6478    1.5073   -2.5428  C  0  0  0  0  0
    4.2009    0.5514   -1.6592  C  0  0  0  0  0
    5.0390    0.5853   -0.5030  C  0  0  0  0  0
    5.2177   -0.7306   -0.1257  C  0  0  0  0  0
    4.5515   -1.5682   -0.9619  O  0  0  0  0  0
    3.9339   -0.7917   -1.8921  C  0  0  0  0  0
    3.1461   -1.2584   -2.9342  C  0  0  0  0  0
    2.6148   -0.2747   -3.7774  C  0  0  0  0  0
    1.8134   -0.7657   -4.8334  O  0  0  0  0  0
    2.3825    3.4236   -4.5323  C  0  0  0  0  0
    1.7783    4.2693   -5.4700  C  0  0  0  0  0
    0.9973    3.7390   -6.4886  C  0  0  0  0  0
    0.8218    2.3614   -6.5686  C  0  0  0  0  0
  1 13  1  0  0  0
  1  2  1  0  0  0
  2 17  2  0  0  0
  2  3  1  0  0  0
  3  4  1  0  0  0
  3 14  2  0  0  0
  4 12  2  0  0  0
  4  5  1  0  0  0
  5  6  2  0  0  0
  6 10  1  0  0  0
  6  7  1  0  0  0
  7  8  2  0  0  0
  8  9  1  0  0  0
  9 10  1  0  0  0
 10 11  2  0  0  0
 11 12  1  0  0  0
 12 13  1  0  0  0
 14 15  1  0  0  0
 15 16  2  0  0  0
 16 17  1  0  0  0
M  END
$$$$
c12c3c(cccc3)COc1c[c]4[c](c2)cco4
  -ISIS-

 17 20  0  0  0  0  0  0  0  0  1
    1.2025    0.0527   -5.7704  C  0  0  0  0  0
    1.4288    1.5112   -5.6269  C  0  0  0  0  0
    2.2222    2.0249   -4.5875  C  0  0  0  0  0
    2.8370    1.0994   -3.6239  C  0  0  0  0  0
    3.6478    1.5073   -2.5428  C  0  0  0  0  0
    4.2009    0.5514   -1.6592  C  0  0  0  0  0
    5.0390    0.5853   -0.5030  C  0  0  0  0  0
    5.2177   -0.7306   -0.1257  C  0  0  0  0  0
    4.5515   -1.5682   -0.9619  O  0  0  0  0  0
    3.9339   -0.7917   -1.8921  C  0  0  0  0  0
    3.1461   -1.2584   -2.9342  C  0  0  0  0  0
    2.6148   -0.2747   -3.7774  C  0  0  0  0  0
    1.8134   -0.7657   -4.8334  O  0  0  0  0  0
    2.3825    3.4236   -4.5323  C  0  0  0  0  0
    1.7783    4.2693   -5.4700  C  0  0  0  0  0
    0.9973    3.7390   -6.4886  C  0  0  0  0  0
    0.8218    2.3614   -6.5686  C  0  0  0  0  0
  1 13  1  0  0  0
  1  2  1  0  0  0
  2 17  2  0  0  0
  2  3  1  0  0  0
  3  4  1  0  0  0
  3 14  2  0  0  0
  4 12  2  0  0  0
  4  5  1  0  0  0
  5  6  2  0  0  0
  6 10  1  0  0  0
  6  7  1  0  0  0
  7  8  2  0  0  0
  8  9  1  0  0  0
  9 10  1  0  0  0
 10 11  2  0  0  0
 11 12  1  0  0  0
 12 13  1  0  0  0
 14 15  1  0  0  0
 15 16  2  0  0  0
 16 17  1  0  0  0
M  END
$$$$
c12c3c(cccc3)COc1c[c]4[c](c2)cco4
  -ISIS-

 17 20  0  0  0  0  0  0  0  0  1
    1.5074   -3.7473    6.2917  C  0  0  0  0  0
    2.3025   -4.0614    7.3846  C  0  0  0  0  0
    3.5802   -4.3048    6.9893  O  0  0  0  0  0
    3.6206   -4.1540    5.6339  C  0  0  0  0  0
    2.3697   -3.8023    5.1555  C  0  0  0  0  0
    1.8400   -4.1154    8.6913  C  0  0  0  0  0
    0.4809   -3.8241    8.8632  C  0  0  0  0  0
    0.0236   -3.8845   10.1998  O  0  0  0  0  0
   -1.2879   -3.6288   10.5683  C  0  0  0  0  0
   -2.2276   -3.2723    9.4781  C  0  0  0  0  0
   -1.7985   -3.2042    8.1421  C  0  0  0  0  0
   -0.3930   -3.4925    7.8200  C  0  0  0  0  0
    0.1421   -3.4556    6.5148  C  0  0  0  0  0
   -2.7614   -2.8563    7.1743  C  0  0  0  0  0
   -4.0904   -2.5898    7.5240  C  0  0  0  0  0
   -4.4922   -2.6639    8.8514  C  0  0  0  0  0
   -3.5630   -3.0045    9.8289  C  0  0  0  0  0
  1  5  1  0  0  0
  1 13  2  0  0  0
  1  2  1  0  0  0
  2  3  1  0  0  0
  2  6  2  0  0  0
  3  4  1  0  0  0
  4  5  2  0  0  0
  6  7  1  0  0  0
  7 12  2  0  0  0
  7  8  1  0  0  0
  8  9  1  0  0  0
  9 10  1  0  0  0
 10 17  2  0  0  0
 10 11  1  0  0  0
 11 12  1  0  0  0
 11 14  2  0  0  0
 12 13  1  0  0  0
 14 15  1  0  0  0
 15 16  2  0  0  0
 16 17  1  0  0  0
M  END
$$$$
c12c3c(cccc3)COc1c[c]4[c](c2)cco4
  -ISIS-

 17 20  0  0  0  0  0  0  0  0  1
    1.5074   -3.7473    6.2917  C  0  0  0  0  0
    2.3025   -4.0614    7.3846  C  0  0  0  0  0
    3.5802   -4.3048    6.9893  O  0  0  0  0  0
    3.6206   -4.1540    5.6339  C  0  0  0  0  0
    2.3697   -3.8023    5.1555  C  0  0  0  0  0
    1.8400   -4.1154    8.6913  C  0  0  0  0  0
    0.4809   -3.8241    8.8632  C  0  0  0  0  0
    0.0236   -3.8845   10.1998  O  0  0  0  0  0
   -1.2879   -3.6288   10.5683  C  0  0  0  0  0
   -2.2276   -3.2723    9.4781  C  0  0  0  0  0
   -1.7985   -3.2042    8.1421  C  0  0  0  0  0
   -0.3930   -3.4925    7.8200  C  0  0  0  0  0
    0.1421   -3.4556    6.5148  C  0  0  0  0  0
   -2.7614   -2.8563    7.1743  C  0  0  0  0  0
   -4.0904   -2.5898    7.5240  C  0  0  0  0  0
   -4.4922   -2.6639    8.8514  C  0  0  0  0  0
   -3.5630   -3.0045    9.8289  C  0  0  0  0  0
  1  5  1  0  0  0
  1 13  2  0  0  0
  1  2  1  0  0  0
  2  3  1  0  0  0
  2  6  2  0  0  0
  3  4  1  0  0  0
  4  5  2  0  0  0
  6  7  1  0  0  0
  7 12  2  0  0  0
  7  8  1  0  0  0
  8  9  1  0  0  0
  9 10  1  0  0  0
 10 17  2  0  0  0
 10 11  1  0  0  0
 11 12  1  0  0  0
 11 14  2  0  0  0
 12 13  1  0  0  0
 14 15  1  0  0  0
 15 16  2  0  0  0
 16 17  1  0  0  0
M  END
$$$$
c12c3c(cccc3)COc1c[c]4[c](c2)cco4
  -ISIS-

 17 20  0  0  0  0  0  0  0  0  1
    1.5074   -3.7473    6.2917  C  0  0  0  0  0
    2.3025   -4.0614    7.3846  C  0  0  0  0  0
    3.5802   -4.3048    6.9893  O  0  0  0  0  0
    3.6206   -4.1540    5.6339  C  0  0  0  0  0
    2.3697   -3.8023    5.1555  C  0  0  0  0  0
    1.8400   -4.1154    8.6913  C  0  0  0  0  0
    0.4809   -3.8241    8.8632  C  0  0  0  0  0
    0.0236   -3.8845   10.1998  O  0  0  0  0  0
   -1.2879   -3.6288   10.5683  C  0  0  0  0  0
   -2.2276   -3.2723    9.4781  C  0  0  0  0  0
   -1.7985   -3.2042    8.1421  C  0  0  0  0  0
   -0.3930   -3.4925    7.8200  C  0  0  0  0  0
    0.1421   -3.4556    6.5148  C  0  0  0  0  0
   -2.7614   -2.8563    7.1743  C  0  0  0  0  0
   -4.0904   -2.5898    7.5240  C  0  0  0  0  0
   -4.4922   -2.6639    8.8514  C  0  0  0  0  0
   -3.5630   -3.0045    9.8289  C  0  0  0  0  0
  1  5  1  0  0  0
  1 13  2  0  0  0
  1  2  1  0  0  0
  2  3  1  0  0  0
  2  6  2  0  0  0
  3  4  1  0  0  0
  4  5  2  0  0  0
  6  7  1  0  0  0
  7 12  2  0  0  0
  7  8  1  0  0  0
  8  9  1  0  0  0
  9 10  1  0  0  0
 10 17  2  0  0  0
 10 11  1  0  0  0
 11 12  1  0  0  0
 11 14  2  0  0  0
 12 13  1  0  0  0
 14 15  1  0  0  0
 15 16  2  0  0  0
 16 17  1  0  0  0
M  END
$$$$
c12c3c(cccc3)COc1c[c]4[c](c2)cco4
  -ISIS-

 17 20  0  0  0  0  0  0  0  0  1
    3.0721   -1.5481   -5.0532  C  0  0  0  0  0
    4.0205   -1.3289   -4.0196  O  0  0  0  0  0
    3.7841   -0.5479   -2.9007  C  0  0  0  0  0
    2.4486    0.0860   -2.8104  C  0  0  0  0  0
    2.1820    0.8863   -1.6846  C  0  0  0  0  0
    0.9468    1.5089   -1.5406  C  0  0  0  0  0
   -0.0227    1.3337   -2.5191  C  0  0  0  0  0
    0.2430    0.5373   -3.6395  C  0  0  0  0  0
    1.4845   -0.1063   -3.8132  C  0  0  0  0  0
    1.8042   -0.9519   -4.9751  C  0  0  0  0  0
    0.9055   -1.2057   -6.0309  C  0  0  0  0  0
    1.2859   -2.0292   -7.1124  C  0  0  0  0  0
    0.6532   -2.4856   -8.3103  C  0  0  0  0  0
    1.5889   -3.2763   -8.9445  C  0  0  0  0  0
    2.7389   -3.3379   -8.2292  O  0  0  0  0  0
    2.5606   -2.5799   -7.1109  C  0  0  0  0  0
    3.5090   -2.3799   -6.1076  C  0  0  0  0  0
  1 10  2  0  0  0
  1 17  1  0  0  0
  1  2  1  0  0  0
  2  3  1  0  0  0
  3  4  1  0  0  0
  4  9  2  0  0  0
  4  5  1  0  0  0
  5  6  2  0  0  0
  6  7  1  0  0  0
  7  8  2  0  0  0
  8  9  1  0  0  0
  9 10  1  0  0  0
 10 11  1  0  0  0
 11 12  2  0  0  0
 12 16  1  0  0  0
 12 13  1  0  0  0
 13 14  2  0  0  0
 14 15  1  0  0  0
 15 16  1  0  0  0
 16 17  2  0  0  0
M  END
$$$$
c12c3c(cccc3)COc1c[c]4[c](c2)cco4
  -ISIS-

 17 20  0  0  0  0  0  0  0  0  1
    3.0721   -1.5481   -5.0532  C  0  0  0  0  0
    4.0205   -1.3289   -4.0196  O  0  0  0  0  0
    3.7841   -0.5479   -2.9007  C  0  0  0  0  0
    2.4486    0.0860   -2.8104  C  0  0  0  0  0
    2.1820    0.8863   -1.6846  C  0  0  0  0  0
    0.9468    1.5089   -1.5406  C  0  0  0  0  0
   -0.0227    1.3337   -2.5191  C  0  0  0  0  0
    0.2430    0.5373   -3.6395  C  0  0  0  0  0
    1.4845   -0.1063   -3.8132  C  0  0  0  0  0
    1.8042   -0.9519   -4.9751  C  0  0  0  0  0
    0.9055   -1.2057   -6.0309  C  0  0  0  0  0
    1.2859   -2.0292   -7.1124  C  0  0  0  0  0
    0.6532   -2.4856   -8.3103  C  0  0  0  0  0
    1.5889   -3.2763   -8.9445  C  0  0  0  0  0
    2.7389   -3.3379   -8.2292  O  0  0  0  0  0
    2.5606   -2.5799   -7.1109  C  0  0  0  0  0
    3.5090   -2.3799   -6.1076  C  0  0  0  0  0
  1 10  2  0  0  0
  1 17  1  0  0  0
  1  2  1  0  0  0
  2  3  1  0  0  0
  3  4  1  0  0  0
  4  9  2  0  0  0
  4  5  1  0  0  0
  5  6  2  0  0  0
  6  7  1  0  0  0
  7  8  2  0  0  0
  8  9  1  0  0  0
  9 10  1  0  0  0
 10 11  1  0  0  0
 11 12  2  0  0  0
 12 16  1  0  0  0
 12 13  1  0  0  0
 13 14  2  0  0  0
 14 15  1  0  0  0
 15 16  1  0  0  0
 16 17  2  0  0  0
M  END
$$$$
c12c3c(cccc3)COc1c[c]4[c](c2)cco4
  -ISIS-

 17 20  0  0  0  0  0  0  0  0  1
    3.0721   -1.5481   -5.0532  C  0  0  0  0  0
    4.0205   -1.3289   -4.0196  O  0  0  0  0  0
    3.7841   -0.5479   -2.9007  C  0  0  0  0  0
    2.4486    0.0860   -2.8104  C  0  0  0  0  0
    2.1820    0.8863   -1.6846  C  0  0  0  0  0
    0.9468    1.5089   -1.5406  C  0  0  0  0  0
   -0.0227    1.3337   -2.5191  C  0  0  0  0  0
    0.2430    0.5373   -3.6395  C  0  0  0  0  0
    1.4845   -0.1063   -3.8132  C  0  0  0  0  0
    1.8042   -0.9519   -4.9751  C  0  0  0  0  0
    0.9055   -1.2057   -6.0309  C  0  0  0  0  0
    1.2859   -2.0292   -7.1124  C  0  0  0  0  0
    0.6532   -2.4856   -8.3103  C  0  0  0  0  0
    1.5889   -3.2763   -8.9445  C  0  0  0  0  0
    2.7389   -3.3379   -8.2292  O  0  0  0  0  0
    2.5606   -2.5799   -7.1109  C  0  0  0  0  0
    3.5090   -2.3799   -6.1076  C  0  0  0  0  0
  1 10  2  0  0  0
  1 17  1  0  0  0
  1  2  1  0  0  0
  2  3  1  0  0  0
  3  4  1  0  0  0
  4  9  2  0  0  0
  4  5  1  0  0  0
  5  6  2  0  0  0
  6  7  1  0  0  0
  7  8  2  0  0  0
  8  9  1  0  0  0
  9 10  1  0  0  0
 10 11  1  0  0  0
 11 12  2  0  0  0
 12 16  1  0  0  0
 12 13  1  0  0  0
 13 14  2  0  0  0
 14 15  1  0  0  0
 15 16  1  0  0  0
 16 17  2  0  0  0
M  END
$$$$
c12c3c(cccc3)COc1c[c]4[c](c2)cco4
  -ISIS-

 17 20  0  0  0  0  0  0  0  0  1
    8.4921    0.4595   -3.9216  C  0  0  0  0  0
    8.7457    1.2569   -5.0817  C  0  0  0  0  0
    8.3500    0.4842   -6.1614  C  0  0  0  0  0
    7.8830   -0.7235   -5.7416  O  0  0  0  0  0
    7.9679   -0.7382   -4.3862  C  0  0  0  0  0
    7.5879   -1.7920   -3.5681  C  0  0  0  0  0
    7.7641   -1.5835   -2.1949  C  0  0  0  0  0
    7.3727   -2.6656   -1.3736  O  0  0  0  0  0
    7.4714   -2.6470    0.0086  C  0  0  0  0  0
    8.0193   -1.4119    0.6194  C  0  0  0  0  0
    8.4152   -0.3224   -0.1741  C  0  0  0  0  0
    8.2838   -0.4091   -1.6365  C  0  0  0  0  0
    8.6506    0.6240   -2.5264  C  0  0  0  0  0
    8.9240    0.8084    0.4947  C  0  0  0  0  0
    9.0324    0.8494    1.8897  C  0  0  0  0  0
    8.6347   -0.2399    2.6540  C  0  0  0  0  0
    8.1284   -1.3703    2.0211  C  0  0  0  0  0
  1  5  2  0  0  0
  1 13  1  0  0  0
  1  2  1  0  0  0
  2  3  2  0  0  0
  3  4  1  0  0  0
  4  5  1  0  0  0
  5  6  1  0  0  0
  6  7  2  0  0  0
  7 12  2  0  0  0
  7  8  1  0  0  0
  8  9  1  0  0  0
  9 10  1  0  0  0
 10 17  2  0  0  0
 10 11  1  0  0  0
 11 12  1  0  0  0
 11 14  2  0  0  0
 12 13  2  0  0  0
 14 15  1  0  0  0
 15 16  2  0  0  0
 16 17  1  0  0  0
M  END
$$$$
c12c3c(cccc3)COc1c[c]4[c](c2)cco4
  -ISIS-

 17 20  0  0  0  0  0  0  0  0  1
    8.4921    0.4595   -3.9216  C  0  0  0  0  0
    8.7457    1.2569   -5.0817  C  0  0  0  0  0
    8.3500    0.4842   -6.1614  C  0  0  0  0  0
    7.8830   -0.7235   -5.7416  O  0  0  0  0  0
    7.9679   -0.7382   -4.3862  C  0  0  0  0  0
    7.5879   -1.7920   -3.5681  C  0  0  0  0  0
    7.7641   -1.5835   -2.1949  C  0  0  0  0  0
    7.3727   -2.6656   -1.3736  O  0  0  0  0  0
    7.4714   -2.6470    0.0086  C  0  0  0  0  0
    8.0193   -1.4119    0.6194  C  0  0  0  0  0
    8.4152   -0.3224   -0.1741  C  0  0  0  0  0
    8.2838   -0.4091   -1.6365  C  0  0  0  0  0
    8.6506    0.6240   -2.5264  C  0  0  0  0  0
    8.9240    0.8084    0.4947  C  0  0  0  0  0
    9.0324    0.8494    1.8897  C  0  0  0  0  0
    8.6347   -0.2399    2.6540  C  0  0  0  0  0
    8.1284   -1.3703    2.0211  C  0  0  0  0  0
  1  5  2  0  0  0
  1 13  1  0  0  0
  1  2  1  0  0  0
  2  3  2  0  0  0
  3  4  1  0  0  0
  4  5  1  0  0  0
  5  6  1  0  0  0
  6  7  2  0  0  0
  7 12  2  0  0  0
  7  8  1  0  0  0
  8  9  1  0  0  0
  9 10  1  0  0  0
 10 17  2  0  0  0
 10 11  1  0  0  0
 11 12  1  0  0  0
 11 14  2  0  0  0
 12 13  2  0  0  0
 14 15  1  0  0  0
 15 16  2  0  0  0
 16 17  1  0  0  0
M  END
$$$$
c12c3c(cccc3)COc1c[c]4[c](c2)cco4
  -ISIS-

 17 20  0  0  0  0  0  0  0  0  1
    8.4921    0.4595   -3.9216  C  0  0  0  0  0
    8.7457    1.2569   -5.0817  C  0  0  0  0  0
    8.3500    0.4842   -6.1614  C  0  0  0  0  0
    7.8830   -0.7235   -5.7416  O  0  0  0  0  0
    7.9679   -0.7382   -4.3862  C  0  0  0  0  0
    7.5879   -1.7920   -3.5681  C  0  0  0  0  0
    7.7641   -1.5835   -2.1949  C  0  0  0  0  0
    7.3727   -2.6656   -1.3736  O  0  0  0  0  0
    7.4714   -2.6470    0.0086  C  0  0  0  0  0
    8.0193   -1.4119    0.6194  C  0  0  0  0  0
    8.4152   -0.3224   -0.1741  C  0  0  0  0  0
    8.2838   -0.4091   -1.6365  C  0  0  0  0  0
    8.6506    0.6240   -2.5264  C  0  0  0  0  0
    8.9240    0.8084    0.4947  C  0  0  0  0  0
    9.0324    0.8494    1.8897  C  0  0  0  0  0
    8.6347   -0.2399    2.6540  C  0  0  0  0  0
    8.1284   -1.3703    2.0211  C  0  0  0  0  0
  1  5  2  0  0  0
  1 13  1  0  0  0
  1  2  1  0  0  0
  2  3  2  0  0  0
  3  4  1  0  0  0
  4  5  1  0  0  0
  5  6  1  0  0  0
  6  7  2  0  0  0
  7 12  2  0  0  0
  7  8  1  0  0  0
  8  9  1  0  0  0
  9 10  1  0  0  0
 10 17  2  0  0  0
 10 11  1  0  0  0
 11 12  1  0  0  0
 11 14  2  0  0  0
 12 13  2  0  0  0
 14 15  1  0  0  0
 15 16  2  0  0  0
 16 17  1  0  0  0
M  END
$$$$
c12c3c(cccc3)COc1c[c]4[c](c2)cco4
  -ISIS-

 17 20  0  0  0  0  0  0  0  0  1
   -3.0491    7.1827   -2.8178  C  0  0  0  0  0
   -2.6479    8.3076   -3.5104  C  0  0  0  0  0
   -2.1281    7.9727   -4.7196  O  0  0  0  0  0
   -2.1896    6.6176   -4.8158  C  0  0  0  0  0
   -2.7510    6.0734   -3.6677  C  0  0  0  0  0
   -2.9053    4.6691   -3.5987  C  0  0  0  0  0
   -2.4861    3.8486   -4.6677  C  0  0  0  0  0
   -1.9259    4.4829   -5.7831  C  0  0  0  0  0
   -1.7588    5.8682   -5.9010  C  0  0  0  0  0
   -1.4834    3.7326   -6.8964  O  0  0  0  0  0
   -1.5709    2.3515   -6.9661  C  0  0  0  0  0
   -2.1601    1.6596   -5.7940  C  0  0  0  0  0
   -2.6056    2.3833   -4.6761  C  0  0  0  0  0
   -3.1485    1.6426   -3.6120  C  0  0  0  0  0
   -3.2403    0.2465   -3.6673  C  0  0  0  0  0
   -2.7939   -0.4559   -4.7831  C  0  0  0  0  0
   -2.2531    0.2541   -5.8485  C  0  0  0  0  0
  1  5  1  0  0  0
  1  2  2  0  0  0
  2  3  1  0  0  0
  3  4  1  0  0  0
  4  9  2  0  0  0
  4  5  1  0  0  0
  5  6  2  0  0  0
  6  7  1  0  0  0
  7 13  1  0  0  0
  7  8  2  0  0  0
  8  9  1  0  0  0
  8 10  1  0  0  0
 10 11  1  0  0  0
 11 12  1  0  0  0
 12 17  2  0  0  0
 12 13  2  0  0  0
 13 14  2  0  0  0
 14 15  1  0  0  0
 15 16  2  0  0  0
 16 17  1  0  0  0
M  END
$$$$
c12c3c(cccc3)COc1c[c]4[c](c2)cco4
  -ISIS-

 17 20  0  0  0  0  0  0  0  0  1
   -3.0491    7.1827   -2.8178  C  0  0  0  0  0
   -2.6479    8.3076   -3.5104  C  0  0  0  0  0
   -2.1281    7.9727   -4.7196  O  0  0  0  0  0
   -2.1896    6.6176   -4.8158  C  0  0  0  0  0
   -2.7510    6.0734   -3.6677  C  0  0  0  0  0
   -2.9053    4.6691   -3.5987  C  0  0  0  0  0
   -2.4861    3.8486   -4.6677  C  0  0  0  0  0
   -1.9259    4.4829   -5.7831  C  0  0  0  0  0
   -1.7588    5.8682   -5.9010  C  0  0  0  0  0
   -1.4834    3.7326   -6.8964  O  0  0  0  0  0
   -1.5709    2.3515   -6.9661  C  0  0  0  0  0
   -2.1601    1.6596   -5.7940  C  0  0  0  0  0
   -2.6056    2.3833   -4.6761  C  0  0  0  0  0
   -3.1485    1.6426   -3.6120  C  0  0  0  0  0
   -3.2403    0.2465   -3.6673  C  0  0  0  0  0
   -2.7939   -0.4559   -4.7831  C  0  0  0  0  0
   -2.2531    0.2541   -5.8485  C  0  0  0  0  0
  1  5  1  0  0  0
  1  2  2  0  0  0
  2  3  1  0  0  0
  3  4  1  0  0  0
  4  9  2  0  0  0
  4  5  1  0  0  0
  5  6  2  0  0  0
  6  7  1  0  0  0
  7 13  1  0  0  0
  7  8  2  0  0  0
  8  9  1  0  0  0
  8 10  1  0  0  0
 10 11  1  0  0  0
 11 12  1  0  0  0
 12 17  2  0  0  0
 12 13  2  0  0  0
 13 14  2  0  0  0
 14 15  1  0  0  0
 15 16  2  0  0  0
 16 17  1  0  0  0
M  END
$$$$
c12c3c(cccc3)COc1c[c]4[c](c2)cco4
  -ISIS-

 17 20  0  0  0  0  0  0  0  0  1
   -3.0491    7.1827   -2.8178  C  0  0  0  0  0
   -2.6479    8.3076   -3.5104  C  0  0  0  0  0
   -2.1281    7.9727   -4.7196  O  0  0  0  0  0
   -2.1896    6.6176   -4.8158  C  0  0  0  0  0
   -2.7510    6.0734   -3.6677  C  0  0  0  0  0
   -2.9053    4.6691   -3.5987  C  0  0  0  0  0
   -2.4861    3.8486   -4.6677  C  0  0  0  0  0
   -1.9259    4.4829   -5.7831  C  0  0  0  0  0
   -1.7588    5.8682   -5.9010  C  0  0  0  0  0
   -1.4834    3.7326   -6.8964  O  0  0  0  0  0
   -1.5709    2.3515   -6.9661  C  0  0  0  0  0
   -2.1601    1.6596   -5.7940  C  0  0  0  0  0
   -2.6056    2.3833   -4.6761  C  0  0  0  0  0
   -3.1485    1.6426   -3.6120  C  0  0  0  0  0
   -3.2403    0.2465   -3.6673  C  0  0  0  0  0
   -2.7939   -0.4559   -4.7831  C  0  0  0  0  0
   -2.2531    0.2541   -5.8485  C  0  0  0  0  0
  1  5  1  0  0  0
  1  2  2  0  0  0
  2  3  1  0  0  0
  3  4  1  0  0  0
  4  9  2  0  0  0
  4  5  1  0  0  0
  5  6  2  0  0  0
  6  7  1  0  0  0
  7 13  1  0  0  0
  7  8  2  0  0  0
  8  9  1  0  0  0
  8 10  1  0  0  0
 10 11  1  0  0  0
 11 12  1  0  0  0
 12 17  2  0  0  0
 12 13  2  0  0  0
 13 14  2  0  0  0
 14 15  1  0  0  0
 15 16  2  0  0  0
 16 17  1  0  0  0
M  END
$$$$
c12c3c(cccc3)COc1c[c]4[c](c2)cco4
  -ISIS-

 17 20  0  0  0  0  0  0  0  0  1
   -6.0106   -7.0849    3.3962  C  0  0  0  0  0
   -6.3794   -8.4450    3.2247  O  0  0  0  0  0
   -6.5405   -9.3441    4.2659  C  0  0  0  0  0
   -6.2993   -8.8211    5.6305  C  0  0  0  0  0
   -6.4512   -9.7138    6.7070  C  0  0  0  0  0
   -6.2376   -9.2845    8.0124  C  0  0  0  0  0
   -5.8719   -7.9652    8.2447  C  0  0  0  0  0
   -5.7211   -7.0768    7.1732  C  0  0  0  0  0
   -5.9316   -7.4821    5.8400  C  0  0  0  0  0
   -5.7847   -6.5806    4.6856  C  0  0  0  0  0
   -5.4243   -5.2226    4.7930  C  0  0  0  0  0
   -5.3038   -4.4182    3.6382  C  0  0  0  0  0
   -4.9664   -3.0553    3.3762  C  0  0  0  0  0
   -5.0185   -2.9084    2.0060  C  0  0  0  0  0
   -5.3616   -4.0779    1.4094  O  0  0  0  0  0
   -5.5376   -5.0000    2.3983  C  0  0  0  0  0
   -5.8985   -6.3341    2.2051  C  0  0  0  0  0
  1 10  2  0  0  0
  1 17  1  0  0  0
  1  2  1  0  0  0
  2  3  1  0  0  0
  3  4  1  0  0  0
  4  9  2  0  0  0
  4  5  1  0  0  0
  5  6  2  0  0  0
  6  7  1  0  0  0
  7  8  2  0  0  0
  8  9  1  0  0  0
  9 10  1  0  0  0
 10 11  1  0  0  0
 11 12  2  0  0  0
 12 16  1  0  0  0
 12 13  1  0  0  0
 13 14  2  0  0  0
 14 15  1  0  0  0
 15 16  1  0  0  0
 16 17  2  0  0  0
M  END
$$$$
c12c3c(cccc3)COc1c[c]4[c](c2)cco4
  -ISIS-

 17 20  0  0  0  0  0  0  0  0  1
   -6.0106   -7.0849    3.3962  C  0  0  0  0  0
   -6.3794   -8.4450    3.2247  O  0  0  0  0  0
   -6.5405   -9.3441    4.2659  C  0  0  0  0  0
   -6.2993   -8.8211    5.6305  C  0  0  0  0  0
   -6.4512   -9.7138    6.7070  C  0  0  0  0  0
   -6.2376   -9.2845    8.0124  C  0  0  0  0  0
   -5.8719   -7.9652    8.2447  C  0  0  0  0  0
   -5.7211   -7.0768    7.1732  C  0  0  0  0  0
   -5.9316   -7.4821    5.8400  C  0  0  0  0  0
   -5.7847   -6.5806    4.6856  C  0  0  0  0  0
   -5.4243   -5.2226    4.7930  C  0  0  0  0  0
   -5.3038   -4.4182    3.6382  C  0  0  0  0  0
   -4.9664   -3.0553    3.3762  C  0  0  0  0  0
   -5.0185   -2.9084    2.0060  C  0  0  0  0  0
   -5.3616   -4.0779    1.4094  O  0  0  0  0  0
   -5.5376   -5.0000    2.3983  C  0  0  0  0  0
   -5.8985   -6.3341    2.2051  C  0  0  0  0  0
  1 10  2  0  0  0
  1 17  1  0  0  0
  1  2  1  0  0  0
  2  3  1  0  0  0
  3  4  1  0  0  0
  4  9  2  0  0  0
  4  5  1  0  0  0
  5  6  2  0  0  0
  6  7  1  0  0  0
  7  8  2  0  0  0
  8  9  1  0  0  0
  9 10  1  0  0  0
 10 11  1  0  0  0
 11 12  2  0  0  0
 12 16  1  0  0  0
 12 13  1  0  0  0
 13 14  2  0  0  0
 14 15  1  0  0  0
 15 16  1  0  0  0
 16 17  2  0  0  0
M  END
$$$$
c12c3c(cccc3)COc1c[c]4[c](c2)cco4
  -ISIS-

 17 20  0  0  0  0  0  0  0  0  1
   -6.0106   -7.0849    3.3962  C  0  0  0  0  0
   -6.3794   -8.4450    3.2247  O  0  0  0  0  0
   -6.5405   -9.3441    4.2659  C  0  0  0  0  0
   -6.2993   -8.8211    5.6305  C  0  0  0  0  0
   -6.4512   -9.7138    6.7070  C  0  0  0  0  0
   -6.2376   -9.2845    8.0124  C  0  0  0  0  0
   -5.8719   -7.9652    8.2447  C  0  0  0  0  0
   -5.7211   -7.0768    7.1732  C  0  0  0  0  0
   -5.9316   -7.4821    5.8400  C  0  0  0  0  0
   -5.7847   -6.5806    4.6856  C  0  0  0  0  0
   -5.4243   -5.2226    4.7930  C  0  0  0  0  0
   -5.3038   -4.4182    3.6382  C  0  0  0  0  0
   -4.9664   -3.0553    3.3762  C  0  0  0  0  0
   -5.0185   -2.9084    2.0060  C  0  0  0  0  0
   -5.3616   -4.0779    1.4094  O  0  0  0  0  0
   -5.5376   -5.0000    2.3983  C  0  0  0  0  0
   -5.8985   -6.3341    2.2051  C  0  0  0  0  0
  1 10  2  0  0  0
  1 17  1  0  0  0
  1  2  1  0  0  0
  2  3  1  0  0  0
  3  4  1  0  0  0
  4  9  2  0  0  0
  4  5  1  0  0  0
  5  6  2  0  0  0
  6  7  1  0  0  0
  7  8  2  0  0  0
  8  9  1  0  0  0
  9 10  1  0  0  0
 10 11  1  0  0  0
 11 12  2  0  0  0
 12 16  1  0  0  0
 12 13  1  0  0  0
 13 14  2  0  0  0
 14 15  1  0  0  0
 15 16  1  0  0  0
 16 17  2  0  0  0
M  END
$$$$
c12c3c(cccc3)COc1c[c]4[c](c2)cco4
  -ISIS-

 17 20  0  0  0  0  0  0  0  0  1
    8.8854    1.5203   -0.8372  C  0  0  0  0  0
    9.9792    0.7631   -1.3322  O  0  0  0  0  0
   10.8117    1.1802   -2.3569  C  0  0  0  0  0
   10.5176    2.5055   -2.9497  C  0  0  0  0  0
   11.3554    2.9496   -3.9932  C  0  0  0  0  0
   11.1365    4.1842   -4.5924  C  0  0  0  0  0
   10.0793    4.9691   -4.1419  C  0  0  0  0  0
    9.2468    4.5283   -3.1056  C  0  0  0  0  0
    9.4458    3.2829   -2.4839  C  0  0  0  0  0
    8.5989    2.7758   -1.3926  C  0  0  0  0  0
    7.4998    3.4801   -0.8623  C  0  0  0  0  0
    6.7341    2.9309    0.1902  C  0  0  0  0  0
    5.5927    3.3438    0.9448  C  0  0  0  0  0
    5.3349    2.3182    1.8303  C  0  0  0  0  0
    6.2294    1.3099    1.6747  O  0  0  0  0  0
    7.0841    1.6780    0.6783  C  0  0  0  0  0
    8.1543    0.9152    0.2087  C  0  0  0  0  0
  1 10  2  0  0  0
  1 17  1  0  0  0
  1  2  1  0  0  0
  2  3  1  0  0  0
  3  4  1  0  0  0
  4  9  2  0  0  0
  4  5  1  0  0  0
  5  6  2  0  0  0
  6  7  1  0  0  0
  7  8  2  0  0  0
  8  9  1  0  0  0
  9 10  1  0  0  0
 10 11  1  0  0  0
 11 12  2  0  0  0
 12 16  1  0  0  0
 12 13  1  0  0  0
 13 14  2  0  0  0
 14 15  1  0  0  0
 15 16  1  0  0  0
 16 17  2  0  0  0
M  END
$$$$
c12c3c(cccc3)COc1c[c]4[c](c2)cco4
  -ISIS-

 17 20  0  0  0  0  0  0  0  0  1
    8.8854    1.5203   -0.8372  C  0  0  0  0  0
    9.9792    0.7631   -1.3322  O  0  0  0  0  0
   10.8117    1.1802   -2.3569  C  0  0  0  0  0
   10.5176    2.5055   -2.9497  C  0  0  0  0  0
   11.3554    2.9496   -3.9932  C  0  0  0  0  0
   11.1365    4.1842   -4.5924  C  0  0  0  0  0
   10.0793    4.9691   -4.1419  C  0  0  0  0  0
    9.2468    4.5283   -3.1056  C  0  0  0  0  0
    9.4458    3.2829   -2.4839  C  0  0  0  0  0
    8.5989    2.7758   -1.3926  C  0  0  0  0  0
    7.4998    3.4801   -0.8623  C  0  0  0  0  0
    6.7341    2.9309    0.1902  C  0  0  0  0  0
    5.5927    3.3438    0.9448  C  0  0  0  0  0
    5.3349    2.3182    1.8303  C  0  0  0  0  0
    6.2294    1.3099    1.6747  O  0  0  0  0  0
    7.0841    1.6780    0.6783  C  0  0  0  0  0
    8.1543    0.9152    0.2087  C  0  0  0  0  0
  1 10  2  0  0  0
  1 17  1  0  0  0
  1  2  1  0  0  0
  2  3  1  0  0  0
  3  4  1  0  0  0
  4  9  2  0  0  0
  4  5  1  0  0  0
  5  6  2  0  0  0
  6  7  1  0  0  0
  7  8  2  0  0  0
  8  9  1  0  0  0
  9 10  1  0  0  0
 10 11  1  0  0  0
 11 12  2  0  0  0
 12 16  1  0  0  0
 12 13  1  0  0  0
 13 14  2  0  0  0
 14 15  1  0  0  0
 15 16  1  0  0  0
 16 17  2  0  0  0
M  END
$$$$
c12c3c(cccc3)COc1c[c]4[c](c2)cco4
  -ISIS-

 17 20  0  0  0  0  0  0  0  0  1
    8.8854    1.5203   -0.8372  C  0  0  0  0  0
    9.9792    0.7631   -1.3322  O  0  0  0  0  0
   10.8117    1.1802   -2.3569  C  0  0  0  0  0
   10.5176    2.5055   -2.9497  C  0  0  0  0  0
   11.3554    2.9496   -3.9932  C  0  0  0  0  0
   11.1365    4.1842   -4.5924  C  0  0  0  0  0
   10.0793    4.9691   -4.1419  C  0  0  0  0  0
    9.2468    4.5283   -3.1056  C  0  0  0  0  0
    9.4458    3.2829   -2.4839  C  0  0  0  0  0
    8.5989    2.7758   -1.3926  C  0  0  0  0  0
    7.4998    3.4801   -0.8623  C  0  0  0  0  0
    6.7341    2.9309    0.1902  C  0  0  0  0  0
    5.5927    3.3438    0.9448  C  0  0  0  0  0
    5.3349    2.3182    1.8303  C  0  0  0  0  0
    6.2294    1.3099    1.6747  O  0  0  0  0  0
    7.0841    1.6780    0.6783  C  0  0  0  0  0
    8.1543    0.9152    0.2087  C  0  0  0  0  0
  1 10  2  0  0  0
  1 17  1  0  0  0
  1  2  1  0  0  0
  2  3  1  0  0  0
  3  4  1  0  0  0
  4  9  2  0  0  0
  4  5  1  0  0  0
  5  6  2  0  0  0
  6  7  1  0  0  0
  7  8  2  0  0  0
  8  9  1  0  0  0
  9 10  1  0  0  0
 10 11  1  0  0  0
 11 12  2  0  0  0
 12 16  1  0  0  0
 12 13  1  0  0  0
 13 14  2  0  0  0
 14 15  1  0  0  0
 15 16  1  0  0  0
 16 17  2  0  0  0
M  END
$$$$
c12c3c(cccc3)COc1c[c]4[c](c2)cco4
  -ISIS-

 17 20  0  0  0  0  0  0  0  0  1
    8.8854    1.5203   -0.8372  C  0  0  0  0  0
    9.9792    0.7631   -1.3322  O  0  0  0  0  0
   10.8117    1.1802   -2.3569  C  0  0  0  0  0
   10.5176    2.5055   -2.9497  C  0  0  0  0  0
   11.3554    2.9496   -3.9932  C  0  0  0  0  0
   11.1365    4.1842   -4.5924  C  0  0  0  0  0
   10.0793    4.9691   -4.1419  C  0  0  0  0  0
    9.2468    4.5283   -3.1056  C  0  0  0  0  0
    9.4458    3.2829   -2.4839  C  0  0  0  0  0
    8.5989    2.7758   -1.3926  C  0  0  0  0  0
    7.4998    3.4801   -0.8623  C  0  0  0  0  0
    6.7341    2.9309    0.1902  C  0  0  0  0  0
    5.5927    3.3438    0.9448  C  0  0  0  0  0
    5.3349    2.3182    1.8303  C  0  0  0  0  0
    6.2294    1.3099    1.6747  O  0  0  0  0  0
    7.0841    1.6780    0.6783  C  0  0  0  0  0
    8.1543    0.9152    0.2087  C  0  0  0  0  0
  1 10  2  0  0  0
  1 17  1  0  0  0
  1  2  1  0  0  0
  2  3  1  0  0  0
  3  4  1  0  0  0
  4  9  2  0  0  0
  4  5  1  0  0  0
  5  6  2  0  0  0
  6  7  1  0  0  0
  7  8  2  0  0  0
  8  9  1  0  0  0
  9 10  1  0  0  0
 10 11  1  0  0  0
 11 12  2  0  0  0
 12 16  1  0  0  0
 12 13  1  0  0  0
 13 14  2  0  0  0
 14 15  1  0  0  0
 15 16  1  0  0  0
 16 17  2  0  0  0
M  END
$$$$
c12c3c(cccc3)COc1c[c]4[c](c2)cco4
  -ISIS-

 17 20  0  0  0  0  0  0  0  0  1
    0.2642   -3.0318    2.1727  C  0  0  0  0  0
    0.2930   -3.9792    1.1622  O  0  0  0  0  0
    1.4846   -4.5792    0.6946  C  0  0  0  0  0
    2.7253   -4.2359    1.2460  C  0  0  0  0  0
    2.7647   -3.2363    2.3235  C  0  0  0  0  0
    1.5678   -2.6532    2.7701  C  0  0  0  0  0
    1.5549   -1.6897    3.7994  C  0  0  0  0  0
    2.7416   -1.2908    4.4029  C  0  0  0  0  0
    3.9369   -1.8596    3.9722  C  0  0  0  0  0
    3.9509   -2.8165    2.9499  C  0  0  0  0  0
    3.8675   -4.8801    0.7229  C  0  0  0  0  0
    3.7411   -5.8303   -0.3159  C  0  0  0  0  0
    2.4720   -6.1103   -0.8012  C  0  0  0  0  0
    1.3104   -5.5142   -0.3329  C  0  0  0  0  0
    2.5378   -7.0420   -1.7874  O  0  0  0  0  0
    3.8494   -7.3719   -1.9431  C  0  0  0  0  0
    4.6417   -6.6495   -1.0659  C  0  0  0  0  0
  1  6  1  0  0  0
  1  2  1  0  0  0
  2  3  1  0  0  0
  3 14  2  0  0  0
  3  4  2  0  0  0
  4  5  1  0  0  0
  4 11  2  0  0  0
  5 10  2  0  0  0
  5  6  2  0  0  0
  6  7  2  0  0  0
  7  8  1  0  0  0
  8  9  2  0  0  0
  9 10  1  0  0  0
 11 12  1  0  0  0
 12 17  1  0  0  0
 12 13  2  0  0  0
 13 14  1  0  0  0
 13 15  1  0  0  0
 15 16  1  0  0  0
 16 17  2  0  0  0
M  END
$$$$
c12c3c(cccc3)COc1c[c]4[c](c2)cco4
  -ISIS-

 17 20  0  0  0  0  0  0  0  0  1
    0.2642   -3.0318    2.1727  C  0  0  0  0  0
    0.2930   -3.9792    1.1622  O  0  0  0  0  0
    1.4846   -4.5792    0.6946  C  0  0  0  0  0
    2.7253   -4.2359    1.2460  C  0  0  0  0  0
    2.7647   -3.2363    2.3235  C  0  0  0  0  0
    1.5678   -2.6532    2.7701  C  0  0  0  0  0
    1.5549   -1.6897    3.7994  C  0  0  0  0  0
    2.7416   -1.2908    4.4029  C  0  0  0  0  0
    3.9369   -1.8596    3.9722  C  0  0  0  0  0
    3.9509   -2.8165    2.9499  C  0  0  0  0  0
    3.8675   -4.8801    0.7229  C  0  0  0  0  0
    3.7411   -5.8303   -0.3159  C  0  0  0  0  0
    2.4720   -6.1103   -0.8012  C  0  0  0  0  0
    1.3104   -5.5142   -0.3329  C  0  0  0  0  0
    2.5378   -7.0420   -1.7874  O  0  0  0  0  0
    3.8494   -7.3719   -1.9431  C  0  0  0  0  0
    4.6417   -6.6495   -1.0659  C  0  0  0  0  0
  1  6  1  0  0  0
  1  2  1  0  0  0
  2  3  1  0  0  0
  3 14  2  0  0  0
  3  4  2  0  0  0
  4  5  1  0  0  0
  4 11  2  0  0  0
  5 10  2  0  0  0
  5  6  2  0  0  0
  6  7  2  0  0  0
  7  8  1  0  0  0
  8  9  2  0  0  0
  9 10  1  0  0  0
 11 12  1  0  0  0
 12 17  1  0  0  0
 12 13  2  0  0  0
 13 14  1  0  0  0
 13 15  1  0  0  0
 15 16  1  0  0  0
 16 17  2  0  0  0
M  END
$$$$
c12c3c(cccc3)COc1c[c]4[c](c2)cco4
  -ISIS-

 17 20  0  0  0  0  0  0  0  0  1
    0.2642   -3.0318    2.1727  C  0  0  0  0  0
    0.2930   -3.9792    1.1622  O  0  0  0  0  0
    1.4846   -4.5792    0.6946  C  0  0  0  0  0
    2.7253   -4.2359    1.2460  C  0  0  0  0  0
    2.7647   -3.2363    2.3235  C  0  0  0  0  0
    1.5678   -2.6532    2.7701  C  0  0  0  0  0
    1.5549   -1.6897    3.7994  C  0  0  0  0  0
    2.7416   -1.2908    4.4029  C  0  0  0  0  0
    3.9369   -1.8596    3.9722  C  0  0  0  0  0
    3.9509   -2.8165    2.9499  C  0  0  0  0  0
    3.8675   -4.8801    0.7229  C  0  0  0  0  0
    3.7411   -5.8303   -0.3159  C  0  0  0  0  0
    2.4720   -6.1103   -0.8012  C  0  0  0  0  0
    1.3104   -5.5142   -0.3329  C  0  0  0  0  0
    2.5378   -7.0420   -1.7874  O  0  0  0  0  0
    3.8494   -7.3719   -1.9431  C  0  0  0  0  0
    4.6417   -6.6495   -1.0659  C  0  0  0  0  0
  1  6  1  0  0  0
  1  2  1  0  0  0
  2  3  1  0  0  0
  3 14  2  0  0  0
  3  4  2  0  0  0
  4  5  1  0  0  0
  4 11  2  0  0  0
  5 10  2  0  0  0
  5  6  2  0  0  0
  6  7  2  0  0  0
  7  8  1  0  0  0
  8  9  2  0  0  0
  9 10  1  0  0  0
 11 12  1  0  0  0
 12 17  1  0  0  0
 12 13  2  0  0  0
 13 14  1  0  0  0
 13 15  1  0  0  0
 15 16  1  0  0  0
 16 17  2  0  0  0
M  END
$$$$
c12c3c(cccc3)COc1c[c]4[c](c2)cco4
  -ISIS-

 17 20  0  0  0  0  0  0  0  0  1
    0.2642   -3.0318    2.1727  C  0  0  0  0  0
    0.2930   -3.9792    1.1622  O  0  0  0  0  0
    1.4846   -4.5792    0.6946  C  0  0  0  0  0
    2.7253   -4.2359    1.2460  C  0  0  0  0  0
    2.7647   -3.2363    2.3235  C  0  0  0  0  0
    1.5678   -2.6532    2.7701  C  0  0  0  0  0
    1.5549   -1.6897    3.7994  C  0  0  0  0  0
    2.7416   -1.2908    4.4029  C  0  0  0  0  0
    3.9369   -1.8596    3.9722  C  0  0  0  0  0
    3.9509   -2.8165    2.9499  C  0  0  0  0  0
    3.8675   -4.8801    0.7229  C  0  0  0  0  0
    3.7411   -5.8303   -0.3159  C  0  0  0  0  0
    2.4720   -6.1103   -0.8012  C  0  0  0  0  0
    1.3104   -5.5142   -0.3329  C  0  0  0  0  0
    2.5378   -7.0420   -1.7874  O  0  0  0  0  0
    3.8494   -7.3719   -1.9431  C  0  0  0  0  0
    4.6417   -6.6495   -1.0659  C  0  0  0  0  0
  1  6  1  0  0  0
  1  2  1  0  0  0
  2  3  1  0  0  0
  3 14  2  0  0  0
  3  4  2  0  0  0
  4  5  1  0  0  0
  4 11  2  0  0  0
  5 10  2  0  0  0
  5  6  2  0  0  0
  6  7  2  0  0  0
  7  8  1  0  0  0
  8  9  2  0  0  0
  9 10  1  0  0  0
 11 12  1  0  0  0
 12 17  1  0  0  0
 12 13  2  0  0  0
 13 14  1  0  0  0
 13 15  1  0  0  0
 15 16  1  0  0  0
 16 17  2  0  0  0
M  END
$$$$
c12c3c(cccc3)COc1c[c]4[c](c2)cco4
  -ISIS-

 17 20  0  0  0  0  0  0  0  0  1
    6.6593    1.0754    1.9654  C  0  0  0  0  0
    7.4726   -0.1628    2.0297  C  0  0  0  0  0
    7.0291   -1.3554    1.4341  C  0  0  0  0  0
    5.7364   -1.3747    0.7331  C  0  0  0  0  0
    5.1987   -2.5147    0.0981  C  0  0  0  0  0
    3.9467   -2.4486   -0.5563  C  0  0  0  0  0
    3.1154   -3.3602   -1.2758  C  0  0  0  0  0
    1.9947   -2.6423   -1.6425  C  0  0  0  0  0
    2.0769   -1.3594   -1.2041  O  0  0  0  0  0
    3.2611   -1.2407   -0.5457  C  0  0  0  0  0
    3.7334   -0.0846    0.0586  C  0  0  0  0  0
    4.9801   -0.1970    0.6865  C  0  0  0  0  0
    5.4487    0.9895    1.2959  O  0  0  0  0  0
    7.8676   -2.4817    1.5485  C  0  0  0  0  0
    9.0918   -2.4198    2.2246  C  0  0  0  0  0
    9.5105   -1.2294    2.8048  C  0  0  0  0  0
    8.7029   -0.1011    2.7087  C  0  0  0  0  0
  1 13  1  0  0  0
  1  2  1  0  0  0
  2 17  2  0  0  0
  2  3  1  0  0  0
  3  4  1  0  0  0
  3 14  2  0  0  0
  4 12  2  0  0  0
  4  5  1  0  0  0
  5  6  2  0  0  0
  6 10  1  0  0  0
  6  7  1  0  0  0
  7  8  2  0  0  0
  8  9  1  0  0  0
  9 10  1  0  0  0
 10 11  2  0  0  0
 11 12  1  0  0  0
 12 13  1  0  0  0
 14 15  1  0  0  0
 15 16  2  0  0  0
 16 17  1  0  0  0
M  END
$$$$
c12c3c(cccc3)COc1c[c]4[c](c2)cco4
  -ISIS-

 17 20  0  0  0  0  0  0  0  0  1
    6.6593    1.0754    1.9654  C  0  0  0  0  0
    7.4726   -0.1628    2.0297  C  0  0  0  0  0
    7.0291   -1.3554    1.4341  C  0  0  0  0  0
    5.7364   -1.3747    0.7331  C  0  0  0  0  0
    5.1987   -2.5147    0.0981  C  0  0  0  0  0
    3.9467   -2.4486   -0.5563  C  0  0  0  0  0
    3.1154   -3.3602   -1.2758  C  0  0  0  0  0
    1.9947   -2.6423   -1.6425  C  0  0  0  0  0
    2.0769   -1.3594   -1.2041  O  0  0  0  0  0
    3.2611   -1.2407   -0.5457  C  0  0  0  0  0
    3.7334   -0.0846    0.0586  C  0  0  0  0  0
    4.9801   -0.1970    0.6865  C  0  0  0  0  0
    5.4487    0.9895    1.2959  O  0  0  0  0  0
    7.8676   -2.4817    1.5485  C  0  0  0  0  0
    9.0918   -2.4198    2.2246  C  0  0  0  0  0
    9.5105   -1.2294    2.8048  C  0  0  0  0  0
    8.7029   -0.1011    2.7087  C  0  0  0  0  0
  1 13  1  0  0  0
  1  2  1  0  0  0
  2 17  2  0  0  0
  2  3  1  0  0  0
  3  4  1  0  0  0
  3 14  2  0  0  0
  4 12  2  0  0  0
  4  5  1  0  0  0
  5  6  2  0  0  0
  6 10  1  0  0  0
  6  7  1  0  0  0
  7  8  2  0  0  0
  8  9  1  0  0  0
  9 10  1  0  0  0
 10 11  2  0  0  0
 11 12  1  0  0  0
 12 13  1  0  0  0
 14 15  1  0  0  0
 15 16  2  0  0  0
 16 17  1  0  0  0
M  END
$$$$
c12c3c(cccc3)COc1c[c]4[c](c2)cco4
  -ISIS-

 17 20  0  0  0  0  0  0  0  0  1
    2.2066   -3.5619    2.5477  C  0  0  0  0  0
    1.1255   -3.4791    3.4118  O  0  0  0  0  0
    0.3521   -2.3078    3.5804  C  0  0  0  0  0
    0.6511   -1.1421    2.8644  C  0  0  0  0  0
    1.7910   -1.1591    1.9358  C  0  0  0  0  0
    2.5415   -2.3352    1.7853  C  0  0  0  0  0
    3.6379   -2.3914    0.9070  C  0  0  0  0  0
    4.0123   -1.2776    0.1598  C  0  0  0  0  0
    3.2820   -0.1028    0.2954  C  0  0  0  0  0
    2.1874   -0.0461    1.1713  C  0  0  0  0  0
   -0.1707   -0.0165    3.0876  C  0  0  0  0  0
   -1.2495   -0.0848    3.9997  C  0  0  0  0  0
   -1.4677   -1.2801    4.6728  C  0  0  0  0  0
   -0.6989   -2.4217    4.4987  C  0  0  0  0  0
   -2.5293   -1.1652    5.5152  O  0  0  0  0  0
   -3.0003    0.1023    5.3884  C  0  0  0  0  0
   -2.2550    0.8141    4.4700  C  0  0  0  0  0
  1  6  1  0  0  0
  1  2  1  0  0  0
  2  3  1  0  0  0
  3 14  2  0  0  0
  3  4  1  0  0  0
  4  5  1  0  0  0
  4 11  2  0  0  0
  5 10  2  0  0  0
  5  6  2  0  0  0
  6  7  2  0  0  0
  7  8  1  0  0  0
  8  9  2  0  0  0
  9 10  1  0  0  0
 11 12  1  0  0  0
 12 17  1  0  0  0
 12 13  2  0  0  0
 13 14  1  0  0  0
 13 15  1  0  0  0
 15 16  1  0  0  0
 16 17  2  0  0  0
M  END
$$$$
c12c3c(cccc3)COc1c[c]4[c](c2)cco4
  -ISIS-

 17 20  0  0  0  0  0  0  0  0  1
    2.2066   -3.5619    2.5477  C  0  0  0  0  0
    1.1255   -3.4791    3.4118  O  0  0  0  0  0
    0.3521   -2.3078    3.5804  C  0  0  0  0  0
    0.6511   -1.1421    2.8644  C  0  0  0  0  0
    1.7910   -1.1591    1.9358  C  0  0  0  0  0
    2.5415   -2.3352    1.7853  C  0  0  0  0  0
    3.6379   -2.3914    0.9070  C  0  0  0  0  0
    4.0123   -1.2776    0.1598  C  0  0  0  0  0
    3.2820   -0.1028    0.2954  C  0  0  0  0  0
    2.1874   -0.0461    1.1713  C  0  0  0  0  0
   -0.1707   -0.0165    3.0876  C  0  0  0  0  0
   -1.2495   -0.0848    3.9997  C  0  0  0  0  0
   -1.4677   -1.2801    4.6728  C  0  0  0  0  0
   -0.6989   -2.4217    4.4987  C  0  0  0  0  0
   -2.5293   -1.1652    5.5152  O  0  0  0  0  0
   -3.0003    0.1023    5.3884  C  0  0  0  0  0
   -2.2550    0.8141    4.4700  C  0  0  0  0  0
  1  6  1  0  0  0
  1  2  1  0  0  0
  2  3  1  0  0  0
  3 14  2  0  0  0
  3  4  1  0  0  0
  4  5  1  0  0  0
  4 11  2  0  0  0
  5 10  2  0  0  0
  5  6  2  0  0  0
  6  7  2  0  0  0
  7  8  1  0  0  0
  8  9  2  0  0  0
  9 10  1  0  0  0
 11 12  1  0  0  0
 12 17  1  0  0  0
 12 13  2  0  0  0
 13 14  1  0  0  0
 13 15  1  0  0  0
 15 16  1  0  0  0
 16 17  2  0  0  0
M  END
$$$$
c12c3c(cccc3)COc1c[c]4[c](c2)cco4
  -ISIS-

 17 20  0  0  0  0  0  0  0  0  1
    2.2066   -3.5619    2.5477  C  0  0  0  0  0
    1.1255   -3.4791    3.4118  O  0  0  0  0  0
    0.3521   -2.3078    3.5804  C  0  0  0  0  0
    0.6511   -1.1421    2.8644  C  0  0  0  0  0
    1.7910   -1.1591    1.9358  C  0  0  0  0  0
    2.5415   -2.3352    1.7853  C  0  0  0  0  0
    3.6379   -2.3914    0.9070  C  0  0  0  0  0
    4.0123   -1.2776    0.1598  C  0  0  0  0  0
    3.2820   -0.1028    0.2954  C  0  0  0  0  0
    2.1874   -0.0461    1.1713  C  0  0  0  0  0
   -0.1707   -0.0165    3.0876  C  0  0  0  0  0
   -1.2495   -0.0848    3.9997  C  0  0  0  0  0
   -1.4677   -1.2801    4.6728  C  0  0  0  0  0
   -0.6989   -2.4217    4.4987  C  0  0  0  0  0
   -2.5293   -1.1652    5.5152  O  0  0  0  0  0
   -3.0003    0.1023    5.3884  C  0  0  0  0  0
   -2.2550    0.8141    4.4700  C  0  0  0  0  0
  1  6  1  0  0  0
  1  2  1  0  0  0
  2  3  1  0  0  0
  3 14  2  0  0  0
  3  4  1  0  0  0
  4  5  1  0  0  0
  4 11  2  0  0  0
  5 10  2  0  0  0
  5  6  2  0  0  0
  6  7  2  0  0  0
  7  8  1  0  0  0
  8  9  2  0  0  0
  9 10  1  0  0  0
 11 12  1  0  0  0
 12 17  1  0  0  0
 12 13  2  0  0  0
 13 14  1  0  0  0
 13 15  1  0  0  0
 15 16  1  0  0  0
 16 17  2  0  0  0
M  END
$$$$
c12c3c(cccc3)COc1c[c]4[c](c2)cco4
  -ISIS-

 17 20  0  0  0  0  0  0  0  0  1
   -0.2499   -1.8768   -2.7946  C  0  0  0  0  0
   -1.2357   -1.0446   -2.3559  O  0  0  0  0  0
   -2.3482   -1.2948   -3.1025  C  0  0  0  0  0
   -2.0830   -2.2825   -4.0341  C  0  0  0  0  0
   -0.7227   -2.6674   -3.8328  C  0  0  0  0  0
    0.1580   -3.5960   -4.4297  C  0  0  0  0  0
    1.4846   -3.7190   -3.9718  C  0  0  0  0  0
    2.4620   -4.6616   -4.5386  C  0  0  0  0  0
    2.1697   -5.5388   -5.6001  C  0  0  0  0  0
    3.1285   -6.4247   -6.1144  C  0  0  0  0  0
    4.4108   -6.4582   -5.5800  C  0  0  0  0  0
    4.7228   -5.5989   -4.5298  C  0  0  0  0  0
    3.7618   -4.7112   -4.0143  C  0  0  0  0  0
    4.1707   -3.8293   -2.8971  C  0  0  0  0  0
    3.2034   -2.9653   -2.4105  O  0  0  0  0  0
    1.8790   -2.8852   -2.9149  C  0  0  0  0  0
    1.0468   -1.9351   -2.2828  C  0  0  0  0  0
  1  5  2  0  0  0
  1 17  1  0  0  0
  1  2  1  0  0  0
  2  3  1  0  0  0
  3  4  2  0  0  0
  4  5  1  0  0  0
  5  6  1  0  0  0
  6  7  2  0  0  0
  7 16  2  0  0  0
  7  8  1  0  0  0
  8 13  2  0  0  0
  8  9  1  0  0  0
  9 10  2  0  0  0
 10 11  1  0  0  0
 11 12  2  0  0  0
 12 13  1  0  0  0
 13 14  1  0  0  0
 14 15  1  0  0  0
 15 16  1  0  0  0
 16 17  2  0  0  0
M  END
$$$$
c12c3c(cccc3)COc1c[c]4[c](c2)cco4
  -ISIS-

 17 20  0  0  0  0  0  0  0  0  1
   -0.2499   -1.8768   -2.7946  C  0  0  0  0  0
   -1.2357   -1.0446   -2.3559  O  0  0  0  0  0
   -2.3482   -1.2948   -3.1025  C  0  0  0  0  0
   -2.0830   -2.2825   -4.0341  C  0  0  0  0  0
   -0.7227   -2.6674   -3.8328  C  0  0  0  0  0
    0.1580   -3.5960   -4.4297  C  0  0  0  0  0
    1.4846   -3.7190   -3.9718  C  0  0  0  0  0
    2.4620   -4.6616   -4.5386  C  0  0  0  0  0
    2.1697   -5.5388   -5.6001  C  0  0  0  0  0
    3.1285   -6.4247   -6.1144  C  0  0  0  0  0
    4.4108   -6.4582   -5.5800  C  0  0  0  0  0
    4.7228   -5.5989   -4.5298  C  0  0  0  0  0
    3.7618   -4.7112   -4.0143  C  0  0  0  0  0
    4.1707   -3.8293   -2.8971  C  0  0  0  0  0
    3.2034   -2.9653   -2.4105  O  0  0  0  0  0
    1.8790   -2.8852   -2.9149  C  0  0  0  0  0
    1.0468   -1.9351   -2.2828  C  0  0  0  0  0
  1  5  2  0  0  0
  1 17  1  0  0  0
  1  2  1  0  0  0
  2  3  1  0  0  0
  3  4  2  0  0  0
  4  5  1  0  0  0
  5  6  1  0  0  0
  6  7  2  0  0  0
  7 16  2  0  0  0
  7  8  1  0  0  0
  8 13  2  0  0  0
  8  9  1  0  0  0
  9 10  2  0  0  0
 10 11  1  0  0  0
 11 12  2  0  0  0
 12 13  1  0  0  0
 13 14  1  0  0  0
 14 15  1  0  0  0
 15 16  1  0  0  0
 16 17  2  0  0  0
M  END
$$$$
c12c3c(cccc3)COc1c[c]4[c](c2)cco4
  -ISIS-

 17 20  0  0  0  0  0  0  0  0  1
   -0.2499   -1.8768   -2.7946  C  0  0  0  0  0
   -1.2357   -1.0446   -2.3559  O  0  0  0  0  0
   -2.3482   -1.2948   -3.1025  C  0  0  0  0  0
   -2.0830   -2.2825   -4.0341  C  0  0  0  0  0
   -0.7227   -2.6674   -3.8328  C  0  0  0  0  0
    0.1580   -3.5960   -4.4297  C  0  0  0  0  0
    1.4846   -3.7190   -3.9718  C  0  0  0  0  0
    2.4620   -4.6616   -4.5386  C  0  0  0  0  0
    2.1697   -5.5388   -5.6001  C  0  0  0  0  0
    3.1285   -6.4247   -6.1144  C  0  0  0  0  0
    4.4108   -6.4582   -5.5800  C  0  0  0  0  0
    4.7228   -5.5989   -4.5298  C  0  0  0  0  0
    3.7618   -4.7112   -4.0143  C  0  0  0  0  0
    4.1707   -3.8293   -2.8971  C  0  0  0  0  0
    3.2034   -2.9653   -2.4105  O  0  0  0  0  0
    1.8790   -2.8852   -2.9149  C  0  0  0  0  0
    1.0468   -1.9351   -2.2828  C  0  0  0  0  0
  1  5  2  0  0  0
  1 17  1  0  0  0
  1  2  1  0  0  0
  2  3  1  0  0  0
  3  4  2  0  0  0
  4  5  1  0  0  0
  5  6  1  0  0  0
  6  7  2  0  0  0
  7 16  2  0  0  0
  7  8  1  0  0  0
  8 13  2  0  0  0
  8  9  1  0  0  0
  9 10  2  0  0  0
 10 11  1  0  0  0
 11 12  2  0  0  0
 12 13  1  0  0  0
 13 14  1  0  0  0
 14 15  1  0  0  0
 15 16  1  0  0  0
 16 17  2  0  0  0
M  END
$$$$
c12c3c(cccc3)COc1c[c]4[c](c2)cco4
  -ISIS-

 17 20  0  0  0  0  0  0  0  0  1
   -0.2499   -1.8768   -2.7946  C  0  0  0  0  0
   -1.2357   -1.0446   -2.3559  O  0  0  0  0  0
   -2.3482   -1.2948   -3.1025  C  0  0  0  0  0
   -2.0830   -2.2825   -4.0341  C  0  0  0  0  0
   -0.7227   -2.6674   -3.8328  C  0  0  0  0  0
    0.1580   -3.5960   -4.4297  C  0  0  0  0  0
    1.4846   -3.7190   -3.9718  C  0  0  0  0  0
    2.4620   -4.6616   -4.5386  C  0  0  0  0  0
    2.1697   -5.5388   -5.6001  C  0  0  0  0  0
    3.1285   -6.4247   -6.1144  C  0  0  0  0  0
    4.4108   -6.4582   -5.5800  C  0  0  0  0  0
    4.7228   -5.5989   -4.5298  C  0  0  0  0  0
    3.7618   -4.7112   -4.0143  C  0  0  0  0  0
    4.1707   -3.8293   -2.8971  C  0  0  0  0  0
    3.2034   -2.9653   -2.4105  O  0  0  0  0  0
    1.8790   -2.8852   -2.9149  C  0  0  0  0  0
    1.0468   -1.9351   -2.2828  C  0  0  0  0  0
  1  5  2  0  0  0
  1 17  1  0  0  0
  1  2  1  0  0  0
  2  3  1  0  0  0
  3  4  2  0  0  0
  4  5  1  0  0  0
  5  6  1  0  0  0
  6  7  2  0  0  0
  7 16  2  0  0  0
  7  8  1  0  0  0
  8 13  2  0  0  0
  8  9  1  0  0  0
  9 10  2  0  0  0
 10 11  1  0  0  0
 11 12  2  0  0  0
 12 13  1  0  0  0
 13 14  1  0  0  0
 14 15  1  0  0  0
 15 16  1  0  0  0
 16 17  2  0  0  0
M  END
$$$$
c12c3c(cccc3)COc1c[c]4[c](c2)cco4
  -ISIS-

 17 20  0  0  0  0  0  0  0  0  1
   -0.2499   -1.8768   -2.7946  C  0  0  0  0  0
   -1.2357   -1.0446   -2.3559  O  0  0  0  0  0
   -2.3482   -1.2948   -3.1025  C  0  0  0  0  0
   -2.0830   -2.2825   -4.0341  C  0  0  0  0  0
   -0.7227   -2.6674   -3.8328  C  0  0  0  0  0
    0.1580   -3.5960   -4.4297  C  0  0  0  0  0
    1.4846   -3.7190   -3.9718  C  0  0  0  0  0
    2.4620   -4.6616   -4.5386  C  0  0  0  0  0
    2.1697   -5.5388   -5.6001  C  0  0  0  0  0
    3.1285   -6.4247   -6.1144  C  0  0  0  0  0
    4.4108   -6.4582   -5.5800  C  0  0  0  0  0
    4.7228   -5.5989   -4.5298  C  0  0  0  0  0
    3.7618   -4.7112   -4.0143  C  0  0  0  0  0
    4.1707   -3.8293   -2.8971  C  0  0  0  0  0
    3.2034   -2.9653   -2.4105  O  0  0  0  0  0
    1.8790   -2.8852   -2.9149  C  0  0  0  0  0
    1.0468   -1.9351   -2.2828  C  0  0  0  0  0
  1  5  2  0  0  0
  1 17  1  0  0  0
  1  2  1  0  0  0
  2  3  1  0  0  0
  3  4  2  0  0  0
  4  5  1  0  0  0
  5  6  1  0  0  0
  6  7  2  0  0  0
  7 16  2  0  0  0
  7  8  1  0  0  0
  8 13  2  0  0  0
  8  9  1  0  0  0
  9 10  2  0  0  0
 10 11  1  0  0  0
 11 12  2  0  0  0
 12 13  1  0  0  0
 13 14  1  0  0  0
 14 15  1  0  0  0
 15 16  1  0  0  0
 16 17  2  0  0  0
M  END
$$$$
c12c3c(cccc3)COc1c[c]4[c](c2)cco4
  -ISIS-

 17 20  0  0  0  0  0  0  0  0  1
    1.0971    0.3950   -3.7898  C  0  0  0  0  0
    1.3431    0.1170   -2.3542  C  0  0  0  0  0
    0.3094   -0.3259   -1.5121  C  0  0  0  0  0
   -1.0396   -0.5191   -2.0654  C  0  0  0  0  0
   -2.1471   -0.9635   -1.3115  C  0  0  0  0  0
   -3.4131   -1.1243   -1.9213  C  0  0  0  0  0
   -4.7138   -1.5334   -1.4955  C  0  0  0  0  0
   -5.5222   -1.4476   -2.6112  C  0  0  0  0  0
   -4.8155   -1.0188   -3.6888  O  0  0  0  0  0
   -3.5359   -0.8230   -3.2717  C  0  0  0  0  0
   -2.4887   -0.3836   -4.0685  C  0  0  0  0  0
   -1.2539   -0.2472   -3.4223  C  0  0  0  0  0
   -0.1966    0.1994   -4.2477  O  0  0  0  0  0
    0.6363   -0.5610   -0.1621  C  0  0  0  0  0
    1.9344   -0.3646    0.3238  C  0  0  0  0  0
    2.9409    0.0724   -0.5276  C  0  0  0  0  0
    2.6472    0.3136   -1.8656  C  0  0  0  0  0
  1 13  1  0  0  0
  1  2  1  0  0  0
  2 17  2  0  0  0
  2  3  1  0  0  0
  3  4  1  0  0  0
  3 14  2  0  0  0
  4 12  2  0  0  0
  4  5  1  0  0  0
  5  6  2  0  0  0
  6 10  1  0  0  0
  6  7  1  0  0  0
  7  8  2  0  0  0
  8  9  1  0  0  0
  9 10  1  0  0  0
 10 11  2  0  0  0
 11 12  1  0  0  0
 12 13  1  0  0  0
 14 15  1  0  0  0
 15 16  2  0  0  0
 16 17  1  0  0  0
M  END
$$$$
c12c3c(cccc3)COc1c[c]4[c](c2)cco4
  -ISIS-

 17 20  0  0  0  0  0  0  0  0  1
    1.0971    0.3950   -3.7898  C  0  0  0  0  0
    1.3431    0.1170   -2.3542  C  0  0  0  0  0
    0.3094   -0.3259   -1.5121  C  0  0  0  0  0
   -1.0396   -0.5191   -2.0654  C  0  0  0  0  0
   -2.1471   -0.9635   -1.3115  C  0  0  0  0  0
   -3.4131   -1.1243   -1.9213  C  0  0  0  0  0
   -4.7138   -1.5334   -1.4955  C  0  0  0  0  0
   -5.5222   -1.4476   -2.6112  C  0  0  0  0  0
   -4.8155   -1.0188   -3.6888  O  0  0  0  0  0
   -3.5359   -0.8230   -3.2717  C  0  0  0  0  0
   -2.4887   -0.3836   -4.0685  C  0  0  0  0  0
   -1.2539   -0.2472   -3.4223  C  0  0  0  0  0
   -0.1966    0.1994   -4.2477  O  0  0  0  0  0
    0.6363   -0.5610   -0.1621  C  0  0  0  0  0
    1.9344   -0.3646    0.3238  C  0  0  0  0  0
    2.9409    0.0724   -0.5276  C  0  0  0  0  0
    2.6472    0.3136   -1.8656  C  0  0  0  0  0
  1 13  1  0  0  0
  1  2  1  0  0  0
  2 17  2  0  0  0
  2  3  1  0  0  0
  3  4  1  0  0  0
  3 14  2  0  0  0
  4 12  2  0  0  0
  4  5  1  0  0  0
  5  6  2  0  0  0
  6 10  1  0  0  0
  6  7  1  0  0  0
  7  8  2  0  0  0
  8  9  1  0  0  0
  9 10  1  0  0  0
 10 11  2  0  0  0
 11 12  1  0  0  0
 12 13  1  0  0  0
 14 15  1  0  0  0
 15 16  2  0  0  0
 16 17  1  0  0  0
M  END
$$$$
c12c3c(cccc3)COc1c[c]4[c](c2)cco4
  -ISIS-

 17 20  0  0  0  0  0  0  0  0  1
   -2.3746    3.1539    3.3520  C  0  0  0  0  0
   -1.3086    3.9096    2.9064  C  0  0  0  0  0
   -0.8565    4.7341    3.8861  O  0  0  0  0  0
   -1.6338    4.5136    4.9801  C  0  0  0  0  0
   -2.5920    3.5454    4.7087  C  0  0  0  0  0
   -3.5013    3.1972    5.7347  C  0  0  0  0  0
   -3.4230    3.8139    7.0019  C  0  0  0  0  0
   -2.4210    4.7742    7.1880  C  0  0  0  0  0
   -1.5032    5.1572    6.2021  C  0  0  0  0  0
   -2.2753    5.4388    8.4272  O  0  0  0  0  0
   -3.0923    5.1992    9.5208  C  0  0  0  0  0
   -4.1603    4.1860    9.3433  C  0  0  0  0  0
   -4.3253    3.5101    8.1228  C  0  0  0  0  0
   -5.3663    2.5637    8.0477  C  0  0  0  0  0
   -6.2032    2.3048    9.1395  C  0  0  0  0  0
   -6.0216    2.9856   10.3364  C  0  0  0  0  0
   -5.0016    3.9256   10.4399  C  0  0  0  0  0
  1  5  1  0  0  0
  1  2  2  0  0  0
  2  3  1  0  0  0
  3  4  1  0  0  0
  4  9  2  0  0  0
  4  5  1  0  0  0
  5  6  2  0  0  0
  6  7  1  0  0  0
  7 13  1  0  0  0
  7  8  2  0  0  0
  8  9  1  0  0  0
  8 10  1  0  0  0
 10 11  1  0  0  0
 11 12  1  0  0  0
 12 17  2  0  0  0
 12 13  1  0  0  0
 13 14  2  0  0  0
 14 15  1  0  0  0
 15 16  2  0  0  0
 16 17  1  0  0  0
M  END
$$$$
c12c3c(cccc3)COc1c[c]4[c](c2)cco4
  -ISIS-

 17 20  0  0  0  0  0  0  0  0  1
   -2.3746    3.1539    3.3520  C  0  0  0  0  0
   -1.3086    3.9096    2.9064  C  0  0  0  0  0
   -0.8565    4.7341    3.8861  O  0  0  0  0  0
   -1.6338    4.5136    4.9801  C  0  0  0  0  0
   -2.5920    3.5454    4.7087  C  0  0  0  0  0
   -3.5013    3.1972    5.7347  C  0  0  0  0  0
   -3.4230    3.8139    7.0019  C  0  0  0  0  0
   -2.4210    4.7742    7.1880  C  0  0  0  0  0
   -1.5032    5.1572    6.2021  C  0  0  0  0  0
   -2.2753    5.4388    8.4272  O  0  0  0  0  0
   -3.0923    5.1992    9.5208  C  0  0  0  0  0
   -4.1603    4.1860    9.3433  C  0  0  0  0  0
   -4.3253    3.5101    8.1228  C  0  0  0  0  0
   -5.3663    2.5637    8.0477  C  0  0  0  0  0
   -6.2032    2.3048    9.1395  C  0  0  0  0  0
   -6.0216    2.9856   10.3364  C  0  0  0  0  0
   -5.0016    3.9256   10.4399  C  0  0  0  0  0
  1  5  1  0  0  0
  1  2  2  0  0  0
  2  3  1  0  0  0
  3  4  1  0  0  0
  4  9  2  0  0  0
  4  5  1  0  0  0
  5  6  2  0  0  0
  6  7  1  0  0  0
  7 13  1  0  0  0
  7  8  2  0  0  0
  8  9  1  0  0  0
  8 10  1  0  0  0
 10 11  1  0  0  0
 11 12  1  0  0  0
 12 17  2  0  0  0
 12 13  1  0  0  0
 13 14  2  0  0  0
 14 15  1  0  0  0
 15 16  2  0  0  0
 16 17  1  0  0  0
M  END
$$$$
c12c3c(cccc3)COc1c[c]4[c](c2)cco4
  -ISIS-

 17 20  0  0  0  0  0  0  0  0  1
    0.0370    5.5553   -3.8207  C  0  0  0  0  0
    0.1885    5.2420   -5.1970  O  0  0  0  0  0
   -0.5959    4.3253   -5.8776  C  0  0  0  0  0
   -1.6511    3.6499   -5.0882  C  0  0  0  0  0
   -2.4645    2.7149   -5.7529  C  0  0  0  0  0
   -3.4776    2.0409   -5.0764  C  0  0  0  0  0
   -3.6739    2.3073   -3.7267  C  0  0  0  0  0
   -2.8620    3.2401   -3.0635  C  0  0  0  0  0
   -1.8320    3.9336   -3.7266  C  0  0  0  0  0
   -0.9601    4.9185   -3.0664  C  0  0  0  0  0
   -1.0628    5.2693   -1.7051  C  0  0  0  0  0
   -0.1883    6.2250   -1.1446  C  0  0  0  0  0
   -0.0128    6.8010    0.1520  C  0  0  0  0  0
    1.0358    7.6883    0.0238  C  0  0  0  0  0
    1.5122    7.6980   -1.2453  O  0  0  0  0  0
    0.7705    6.8080   -1.9626  C  0  0  0  0  0
    0.9395    6.5173   -3.3166  C  0  0  0  0  0
  1 10  2  0  0  0
  1 17  1  0  0  0
  1  2  1  0  0  0
  2  3  1  0  0  0
  3  4  1  0  0  0
  4  9  2  0  0  0
  4  5  1  0  0  0
  5  6  2  0  0  0
  6  7  1  0  0  0
  7  8  2  0  0  0
  8  9  1  0  0  0
  9 10  1  0  0  0
 10 11  1  0  0  0
 11 12  2  0  0  0
 12 16  1  0  0  0
 12 13  1  0  0  0
 13 14  2  0  0  0
 14 15  1  0  0  0
 15 16  1  0  0  0
 16 17  2  0  0  0
M  END
$$$$
c12c3c(cccc3)COc1c[c]4[c](c2)cco4
  -ISIS-

 17 20  0  0  0  0  0  0  0  0  1
    0.0370    5.5553   -3.8207  C  0  0  0  0  0
    0.1885    5.2420   -5.1970  O  0  0  0  0  0
   -0.5959    4.3253   -5.8776  C  0  0  0  0  0
   -1.6511    3.6499   -5.0882  C  0  0  0  0  0
   -2.4645    2.7149   -5.7529  C  0  0  0  0  0
   -3.4776    2.0409   -5.0764  C  0  0  0  0  0
   -3.6739    2.3073   -3.7267  C  0  0  0  0  0
   -2.8620    3.2401   -3.0635  C  0  0  0  0  0
   -1.8320    3.9336   -3.7266  C  0  0  0  0  0
   -0.9601    4.9185   -3.0664  C  0  0  0  0  0
   -1.0628    5.2693   -1.7051  C  0  0  0  0  0
   -0.1883    6.2250   -1.1446  C  0  0  0  0  0
   -0.0128    6.8010    0.1520  C  0  0  0  0  0
    1.0358    7.6883    0.0238  C  0  0  0  0  0
    1.5122    7.6980   -1.2453  O  0  0  0  0  0
    0.7705    6.8080   -1.9626  C  0  0  0  0  0
    0.9395    6.5173   -3.3166  C  0  0  0  0  0
  1 10  2  0  0  0
  1 17  1  0  0  0
  1  2  1  0  0  0
  2  3  1  0  0  0
  3  4  1  0  0  0
  4  9  2  0  0  0
  4  5  1  0  0  0
  5  6  2  0  0  0
  6  7  1  0  0  0
  7  8  2  0  0  0
  8  9  1  0  0  0
  9 10  1  0  0  0
 10 11  1  0  0  0
 11 12  2  0  0  0
 12 16  1  0  0  0
 12 13  1  0  0  0
 13 14  2  0  0  0
 14 15  1  0  0  0
 15 16  1  0  0  0
 16 17  2  0  0  0
M  END
$$$$
c12c3c(cccc3)COc1c[c]4[c](c2)cco4
  -ISIS-

 17 20  0  0  0  0  0  0  0  0  1
    0.0370    5.5553   -3.8207  C  0  0  0  0  0
    0.1885    5.2420   -5.1970  O  0  0  0  0  0
   -0.5959    4.3253   -5.8776  C  0  0  0  0  0
   -1.6511    3.6499   -5.0882  C  0  0  0  0  0
   -2.4645    2.7149   -5.7529  C  0  0  0  0  0
   -3.4776    2.0409   -5.0764  C  0  0  0  0  0
   -3.6739    2.3073   -3.7267  C  0  0  0  0  0
   -2.8620    3.2401   -3.0635  C  0  0  0  0  0
   -1.8320    3.9336   -3.7266  C  0  0  0  0  0
   -0.9601    4.9185   -3.0664  C  0  0  0  0  0
   -1.0628    5.2693   -1.7051  C  0  0  0  0  0
   -0.1883    6.2250   -1.1446  C  0  0  0  0  0
   -0.0128    6.8010    0.1520  C  0  0  0  0  0
    1.0358    7.6883    0.0238  C  0  0  0  0  0
    1.5122    7.6980   -1.2453  O  0  0  0  0  0
    0.7705    6.8080   -1.9626  C  0  0  0  0  0
    0.9395    6.5173   -3.3166  C  0  0  0  0  0
  1 10  2  0  0  0
  1 17  1  0  0  0
  1  2  1  0  0  0
  2  3  1  0  0  0
  3  4  1  0  0  0
  4  9  2  0  0  0
  4  5  1  0  0  0
  5  6  2  0  0  0
  6  7  1  0  0  0
  7  8  2  0  0  0
  8  9  1  0  0  0
  9 10  1  0  0  0
 10 11  1  0  0  0
 11 12  2  0  0  0
 12 16  1  0  0  0
 12 13  1  0  0  0
 13 14  2  0  0  0
 14 15  1  0  0  0
 15 16  1  0  0  0
 16 17  2  0  0  0
M  END
$$$$
c12c3c(cccc3)COc1c[c]4[c](c2)cco4
  -ISIS-

 17 20  0  0  0  0  0  0  0  0  1
    0.0370    5.5553   -3.8207  C  0  0  0  0  0
    0.1885    5.2420   -5.1970  O  0  0  0  0  0
   -0.5959    4.3253   -5.8776  C  0  0  0  0  0
   -1.6511    3.6499   -5.0882  C  0  0  0  0  0
   -2.4645    2.7149   -5.7529  C  0  0  0  0  0
   -3.4776    2.0409   -5.0764  C  0  0  0  0  0
   -3.6739    2.3073   -3.7267  C  0  0  0  0  0
   -2.8620    3.2401   -3.0635  C  0  0  0  0  0
   -1.8320    3.9336   -3.7266  C  0  0  0  0  0
   -0.9601    4.9185   -3.0664  C  0  0  0  0  0
   -1.0628    5.2693   -1.7051  C  0  0  0  0  0
   -0.1883    6.2250   -1.1446  C  0  0  0  0  0
   -0.0128    6.8010    0.1520  C  0  0  0  0  0
    1.0358    7.6883    0.0238  C  0  0  0  0  0
    1.5122    7.6980   -1.2453  O  0  0  0  0  0
    0.7705    6.8080   -1.9626  C  0  0  0  0  0
    0.9395    6.5173   -3.3166  C  0  0  0  0  0
  1 10  2  0  0  0
  1 17  1  0  0  0
  1  2  1  0  0  0
  2  3  1  0  0  0
  3  4  1  0  0  0
  4  9  2  0  0  0
  4  5  1  0  0  0
  5  6  2  0  0  0
  6  7  1  0  0  0
  7  8  2  0  0  0
  8  9  1  0  0  0
  9 10  1  0  0  0
 10 11  1  0  0  0
 11 12  2  0  0  0
 12 16  1  0  0  0
 12 13  1  0  0  0
 13 14  2  0  0  0
 14 15  1  0  0  0
 15 16  1  0  0  0
 16 17  2  0  0  0
M  END
$$$$
