C12C(=CNN=1)CC=CC2
  -ISIS-

  9 10  0  0  0  0  0  0  0  0  1
    0.7837    9.3507    4.1721  C  0  0  0  0  0
   -0.5283    9.7373    4.0902  N  0  0  0  0  0
   -1.3854    8.7121    3.9484  N  0  0  0  0  0
   -0.5982    7.6272    3.9420  C  0  0  0  0  0
    0.7618    7.9736    4.0768  C  0  0  0  0  0
    1.8342    7.0143    4.1062  C  0  0  0  0  0
    1.3773    5.5710    3.9359  C  0  0  0  0  0
    0.0654    5.2736    3.8391  C  0  0  0  0  0
   -1.0561    6.2535    3.8182  C  0  0  0  0  0
  1  5  2  0  0  0
  1  2  1  0  0  0
  2  3  1  0  0  0
  3  4  2  0  0  0
  4  9  1  0  0  0
  4  5  1  0  0  0
  5  6  1  0  0  0
  6  7  1  0  0  0
  7  8  2  0  0  0
  8  9  1  0  0  0
M  END
$$$$
C12C(=CNN=1)CC=CC2
  -ISIS-

  9 10  0  0  0  0  0  0  0  0  1
    0.7837    9.3507    4.1721  C  0  0  0  0  0
   -0.5283    9.7373    4.0902  N  0  0  0  0  0
   -1.3854    8.7121    3.9484  N  0  0  0  0  0
   -0.5982    7.6272    3.9420  C  0  0  0  0  0
    0.7618    7.9736    4.0768  C  0  0  0  0  0
    1.8342    7.0143    4.1062  C  0  0  0  0  0
    1.3773    5.5710    3.9359  C  0  0  0  0  0
    0.0654    5.2736    3.8391  C  0  0  0  0  0
   -1.0561    6.2535    3.8182  C  0  0  0  0  0
  1  5  2  0  0  0
  1  2  1  0  0  0
  2  3  1  0  0  0
  3  4  2  0  0  0
  4  9  1  0  0  0
  4  5  1  0  0  0
  5  6  1  0  0  0
  6  7  1  0  0  0
  7  8  2  0  0  0
  8  9  1  0  0  0
M  END
$$$$
C12C(=CNN=1)CC=CC2
  -ISIS-

  9 10  0  0  0  0  0  0  0  0  1
    0.7837    9.3507    4.1721  C  0  0  0  0  0
   -0.5283    9.7373    4.0902  N  0  0  0  0  0
   -1.3854    8.7121    3.9484  N  0  0  0  0  0
   -0.5982    7.6272    3.9420  C  0  0  0  0  0
    0.7618    7.9736    4.0768  C  0  0  0  0  0
    1.8342    7.0143    4.1062  C  0  0  0  0  0
    1.3773    5.5710    3.9359  C  0  0  0  0  0
    0.0654    5.2736    3.8391  C  0  0  0  0  0
   -1.0561    6.2535    3.8182  C  0  0  0  0  0
  1  5  2  0  0  0
  1  2  1  0  0  0
  2  3  1  0  0  0
  3  4  2  0  0  0
  4  9  1  0  0  0
  4  5  1  0  0  0
  5  6  1  0  0  0
  6  7  1  0  0  0
  7  8  2  0  0  0
  8  9  1  0  0  0
M  END
$$$$
C12C(=CNN=1)CC=CC2
  -ISIS-

  9 10  0  0  0  0  0  0  0  0  1
    0.7837    9.3507    4.1721  C  0  0  0  0  0
   -0.5283    9.7373    4.0902  N  0  0  0  0  0
   -1.3854    8.7121    3.9484  N  0  0  0  0  0
   -0.5982    7.6272    3.9420  C  0  0  0  0  0
    0.7618    7.9736    4.0768  C  0  0  0  0  0
    1.8342    7.0143    4.1062  C  0  0  0  0  0
    1.3773    5.5710    3.9359  C  0  0  0  0  0
    0.0654    5.2736    3.8391  C  0  0  0  0  0
   -1.0561    6.2535    3.8182  C  0  0  0  0  0
  1  5  2  0  0  0
  1  2  1  0  0  0
  2  3  1  0  0  0
  3  4  2  0  0  0
  4  9  1  0  0  0
  4  5  1  0  0  0
  5  6  1  0  0  0
  6  7  1  0  0  0
  7  8  2  0  0  0
  8  9  1  0  0  0
M  END
$$$$
C12C(=CNN=1)CC=CC2
  -ISIS-

  9 10  0  0  0  0  0  0  0  0  1
   -2.2383    3.2640   -2.9337  C  0  0  0  0  0
   -0.9062    3.3801   -3.4451  C  0  0  0  0  0
   -0.3552    2.9321   -4.6272  C  0  0  0  0  0
    0.9544    3.3266   -4.5832  N  0  0  0  0  0
    1.2775    3.9969   -3.4637  N  0  0  0  0  0
    0.1354    4.0276   -2.7581  C  0  0  0  0  0
   -0.0173    4.6468   -1.4451  C  0  0  0  0  0
   -1.4489    4.5517   -0.8818  C  0  0  0  0  0
   -2.3995    3.9159   -1.6109  C  0  0  0  0  0
  1  9  1  0  0  0
  1  2  1  0  0  0
  2  6  1  0  0  0
  2  3  2  0  0  0
  3  4  1  0  0  0
  4  5  1  0  0  0
  5  6  2  0  0  0
  6  7  1  0  0  0
  7  8  1  0  0  0
  8  9  2  0  0  0
M  END
$$$$
C12C(=CNN=1)CC=CC2
  -ISIS-

  9 10  0  0  0  0  0  0  0  0  1
   -2.2383    3.2640   -2.9337  C  0  0  0  0  0
   -0.9062    3.3801   -3.4451  C  0  0  0  0  0
   -0.3552    2.9321   -4.6272  C  0  0  0  0  0
    0.9544    3.3266   -4.5832  N  0  0  0  0  0
    1.2775    3.9969   -3.4637  N  0  0  0  0  0
    0.1354    4.0276   -2.7581  C  0  0  0  0  0
   -0.0173    4.6468   -1.4451  C  0  0  0  0  0
   -1.4489    4.5517   -0.8818  C  0  0  0  0  0
   -2.3995    3.9159   -1.6109  C  0  0  0  0  0
  1  9  1  0  0  0
  1  2  1  0  0  0
  2  6  1  0  0  0
  2  3  2  0  0  0
  3  4  1  0  0  0
  4  5  1  0  0  0
  5  6  2  0  0  0
  6  7  1  0  0  0
  7  8  1  0  0  0
  8  9  2  0  0  0
M  END
$$$$
C12C(=CNN=1)CC=CC2
  -ISIS-

  9 10  0  0  0  0  0  0  0  0  1
   -2.2383    3.2640   -2.9337  C  0  0  0  0  0
   -0.9062    3.3801   -3.4451  C  0  0  0  0  0
   -0.3552    2.9321   -4.6272  C  0  0  0  0  0
    0.9544    3.3266   -4.5832  N  0  0  0  0  0
    1.2775    3.9969   -3.4637  N  0  0  0  0  0
    0.1354    4.0276   -2.7581  C  0  0  0  0  0
   -0.0173    4.6468   -1.4451  C  0  0  0  0  0
   -1.4489    4.5517   -0.8818  C  0  0  0  0  0
   -2.3995    3.9159   -1.6109  C  0  0  0  0  0
  1  9  1  0  0  0
  1  2  1  0  0  0
  2  6  1  0  0  0
  2  3  2  0  0  0
  3  4  1  0  0  0
  4  5  1  0  0  0
  5  6  2  0  0  0
  6  7  1  0  0  0
  7  8  1  0  0  0
  8  9  2  0  0  0
M  END
$$$$
C12C(=CNN=1)CC=CC2
  -ISIS-

  9 10  0  0  0  0  0  0  0  0  1
   -2.2383    3.2640   -2.9337  C  0  0  0  0  0
   -0.9062    3.3801   -3.4451  C  0  0  0  0  0
   -0.3552    2.9321   -4.6272  C  0  0  0  0  0
    0.9544    3.3266   -4.5832  N  0  0  0  0  0
    1.2775    3.9969   -3.4637  N  0  0  0  0  0
    0.1354    4.0276   -2.7581  C  0  0  0  0  0
   -0.0173    4.6468   -1.4451  C  0  0  0  0  0
   -1.4489    4.5517   -0.8818  C  0  0  0  0  0
   -2.3995    3.9159   -1.6109  C  0  0  0  0  0
  1  9  1  0  0  0
  1  2  1  0  0  0
  2  6  1  0  0  0
  2  3  2  0  0  0
  3  4  1  0  0  0
  4  5  1  0  0  0
  5  6  2  0  0  0
  6  7  1  0  0  0
  7  8  1  0  0  0
  8  9  2  0  0  0
M  END
$$$$
