c12c3c(SCc1cno2)cccc3
  -ISIS-

 13 15  0  0  0  0  0  0  0  0  1
    6.7020    2.3799   -1.2558  C  0  0  0  0  0
    5.8625    3.2192   -1.8938  N  0  0  0  0  0
    4.5974    2.6658   -1.7866  O  0  0  0  0  0
    4.6827    1.5037   -1.1031  C  0  0  0  0  0
    5.9801    1.2643   -0.7388  C  0  0  0  0  0
    6.4376    0.0576   -0.0196  C  0  0  0  0  0
    5.1126   -0.7126    1.0038  S  0  0  0  0  0
    3.6066   -0.3488    0.0751  C  0  0  0  0  0
    3.5017    0.7141   -0.8465  C  0  0  0  0  0
    2.2811    0.9656   -1.4857  C  0  0  0  0  0
    1.1684    0.1686   -1.2128  C  0  0  0  0  0
    1.2672   -0.8790   -0.2990  C  0  0  0  0  0
    2.4789   -1.1344    0.3463  C  0  0  0  0  0
  1  5  1  0  0  0
  1  2  2  0  0  0
  2  3  1  0  0  0
  3  4  1  0  0  0
  4  9  1  0  0  0
  4  5  2  0  0  0
  5  6  1  0  0  0
  6  7  1  0  0  0
  7  8  1  0  0  0
  8 13  2  0  0  0
  8  9  1  0  0  0
  9 10  2  0  0  0
 10 11  1  0  0  0
 11 12  2  0  0  0
 12 13  1  0  0  0
M  END
$$$$
c12c3c(SCc1cno2)cccc3
  -ISIS-

 13 15  0  0  0  0  0  0  0  0  1
    5.9504   -7.0382   -4.2044  C  0  0  0  0  0
    6.0644   -7.0335   -2.8613  N  0  0  0  0  0
    4.9296   -7.6725   -2.3805  O  0  0  0  0  0
    4.1619   -8.0494   -3.4280  C  0  0  0  0  0
    4.7497   -7.6757   -4.6082  C  0  0  0  0  0
    4.1502   -7.9002   -5.9385  C  0  0  0  0  0
    3.0479   -9.3697   -5.9834  S  0  0  0  0  0
    2.3148   -9.3746   -4.3307  C  0  0  0  0  0
    2.9248   -8.7639   -3.2136  C  0  0  0  0  0
    2.3244   -8.8584   -1.9523  C  0  0  0  0  0
    1.1249   -9.5551   -1.7978  C  0  0  0  0  0
    0.5228  -10.1634   -2.8979  C  0  0  0  0  0
    1.1167  -10.0788   -4.1588  C  0  0  0  0  0
  1  5  1  0  0  0
  1  2  2  0  0  0
  2  3  1  0  0  0
  3  4  1  0  0  0
  4  9  1  0  0  0
  4  5  2  0  0  0
  5  6  1  0  0  0
  6  7  1  0  0  0
  7  8  1  0  0  0
  8 13  2  0  0  0
  8  9  2  0  0  0
  9 10  2  0  0  0
 10 11  1  0  0  0
 11 12  2  0  0  0
 12 13  1  0  0  0
M  END
$$$$
