c12c(n[c]3[c]1cccc3)CCCCC2
  -ISIS-

 14 16  0  0  0  0  0  0  0  0  1
    0.8100    1.0058    7.8397  N  0  0  0  0  0
    1.1250   -0.2377    7.3200  C  0  0  0  0  0
    2.4586   -0.4882    7.6408  C  0  0  0  0  0
    2.9372    0.6255    8.3978  C  0  0  0  0  0
    1.8756    1.5070    8.5620  C  0  0  0  0  0
    1.8301    2.8038    9.3230  C  0  0  0  0  0
    2.8308    2.8602   10.4772  C  0  0  0  0  0
    4.2823    3.0979   10.0564  C  0  0  0  0  0
    4.8097    2.2434    8.9018  C  0  0  0  0  0
    4.3326    0.7918    8.9244  C  0  0  0  0  0
    3.0487   -1.6905    7.1951  C  0  0  0  0  0
    2.2936   -2.6039    6.4531  C  0  0  0  0  0
    0.9641   -2.3360    6.1502  C  0  0  0  0  0
    0.3572   -1.1512    6.5756  C  0  0  0  0  0
  1  5  1  0  0  0
  1  2  1  0  0  0
  2 14  2  0  0  0
  2  3  1  0  0  0
  3  4  1  0  0  0
  3 11  2  0  0  0
  4 10  1  0  0  0
  4  5  2  0  0  0
  5  6  1  0  0  0
  6  7  1  0  0  0
  7  8  1  0  0  0
  8  9  1  0  0  0
  9 10  1  0  0  0
 11 12  1  0  0  0
 12 13  2  0  0  0
 13 14  1  0  0  0
M  END
$$$$
c12c(n[c]3[c]1cccc3)CCCCC2
  -ISIS-

 14 16  0  0  0  0  0  0  0  0  1
    8.0488    1.7896   -0.9592  N  0  0  0  0  0
    8.2720    1.2951   -2.2322  C  0  0  0  0  0
    7.5723    2.1104   -3.1182  C  0  0  0  0  0
    6.9044    3.1089   -2.3465  C  0  0  0  0  0
    7.2174    2.8971   -1.0052  C  0  0  0  0  0
    6.7734    3.6726    0.1513  C  0  0  0  0  0
    6.1696    5.0523   -0.0868  C  0  0  0  0  0
    6.9101    5.8694   -1.1417  C  0  0  0  0  0
    6.4774    5.5901   -2.5863  C  0  0  0  0  0
    5.9943    4.1702   -2.8758  C  0  0  0  0  0
    7.6353    1.8188   -4.4979  C  0  0  0  0  0
    8.3864    0.7321   -4.9623  C  0  0  0  0  0
    9.0734   -0.0678   -4.0552  C  0  0  0  0  0
    9.0271    0.1980   -2.6802  C  0  0  0  0  0
  1  5  1  0  0  0
  1  2  1  0  0  0
  2 14  2  0  0  0
  2  3  1  0  0  0
  3  4  1  0  0  0
  3 11  2  0  0  0
  4 10  1  0  0  0
  4  5  2  0  0  0
  5  6  1  0  0  0
  6  7  1  0  0  0
  7  8  1  0  0  0
  8  9  1  0  0  0
  9 10  1  0  0  0
 11 12  1  0  0  0
 12 13  2  0  0  0
 13 14  1  0  0  0
M  END
$$$$
c12c(n[c]3[c]1cccc3)CCCCC2
  -ISIS-

 14 16  0  0  0  0  0  0  0  0  1
    8.0488    1.7896   -0.9592  N  0  0  0  0  0
    8.2720    1.2951   -2.2322  C  0  0  0  0  0
    7.5723    2.1104   -3.1182  C  0  0  0  0  0
    6.9044    3.1089   -2.3465  C  0  0  0  0  0
    7.2174    2.8971   -1.0052  C  0  0  0  0  0
    6.7734    3.6726    0.1513  C  0  0  0  0  0
    6.1696    5.0523   -0.0868  C  0  0  0  0  0
    6.9101    5.8694   -1.1417  C  0  0  0  0  0
    6.4774    5.5901   -2.5863  C  0  0  0  0  0
    5.9943    4.1702   -2.8758  C  0  0  0  0  0
    7.6353    1.8188   -4.4979  C  0  0  0  0  0
    8.3864    0.7321   -4.9623  C  0  0  0  0  0
    9.0734   -0.0678   -4.0552  C  0  0  0  0  0
    9.0271    0.1980   -2.6802  C  0  0  0  0  0
  1  5  1  0  0  0
  1  2  1  0  0  0
  2 14  2  0  0  0
  2  3  1  0  0  0
  3  4  1  0  0  0
  3 11  2  0  0  0
  4 10  1  0  0  0
  4  5  2  0  0  0
  5  6  1  0  0  0
  6  7  1  0  0  0
  7  8  1  0  0  0
  8  9  1  0  0  0
  9 10  1  0  0  0
 11 12  1  0  0  0
 12 13  2  0  0  0
 13 14  1  0  0  0
M  END
$$$$
c12c(n[c]3[c]1cccc3)CCCCC2
  -ISIS-

 14 16  0  0  0  0  0  0  0  0  1
    8.0488    1.7896   -0.9592  N  0  0  0  0  0
    8.2720    1.2951   -2.2322  C  0  0  0  0  0
    7.5723    2.1104   -3.1182  C  0  0  0  0  0
    6.9044    3.1089   -2.3465  C  0  0  0  0  0
    7.2174    2.8971   -1.0052  C  0  0  0  0  0
    6.7734    3.6726    0.1513  C  0  0  0  0  0
    6.1696    5.0523   -0.0868  C  0  0  0  0  0
    6.9101    5.8694   -1.1417  C  0  0  0  0  0
    6.4774    5.5901   -2.5863  C  0  0  0  0  0
    5.9943    4.1702   -2.8758  C  0  0  0  0  0
    7.6353    1.8188   -4.4979  C  0  0  0  0  0
    8.3864    0.7321   -4.9623  C  0  0  0  0  0
    9.0734   -0.0678   -4.0552  C  0  0  0  0  0
    9.0271    0.1980   -2.6802  C  0  0  0  0  0
  1  5  1  0  0  0
  1  2  1  0  0  0
  2 14  2  0  0  0
  2  3  1  0  0  0
  3  4  1  0  0  0
  3 11  2  0  0  0
  4 10  1  0  0  0
  4  5  2  0  0  0
  5  6  1  0  0  0
  6  7  1  0  0  0
  7  8  1  0  0  0
  8  9  1  0  0  0
  9 10  1  0  0  0
 11 12  1  0  0  0
 12 13  2  0  0  0
 13 14  1  0  0  0
M  END
$$$$
c12c(n[c]3[c]1cccc3)CCCCC2
  -ISIS-

 14 16  0  0  0  0  0  0  0  0  1
    2.4219   -3.8814   -2.0013  N  0  0  0  0  0
    2.7244   -5.1396   -1.5166  C  0  0  0  0  0
    3.1201   -4.9898   -0.1929  C  0  0  0  0  0
    2.9544   -3.6126    0.1516  C  0  0  0  0  0
    2.4830   -2.9486   -0.9812  C  0  0  0  0  0
    2.1880   -1.5741   -0.9664  C  0  0  0  0  0
    2.3956   -0.8654    0.2195  C  0  0  0  0  0
    2.8782   -1.5034    1.3559  C  0  0  0  0  0
    3.1568   -2.8732    1.3358  C  0  0  0  0  0
    3.5899   -6.0736    0.7366  C  0  0  0  0  0
    4.4082   -7.1529    0.0298  C  0  0  0  0  0
    3.5707   -8.1793   -0.7359  C  0  0  0  0  0
    2.3511   -7.6448   -1.4891  C  0  0  0  0  0
    2.6143   -6.3986   -2.3341  C  0  0  0  0  0
  1  5  1  0  0  0
  1  2  1  0  0  0
  2 14  1  0  0  0
  2  3  2  0  0  0
  3  4  1  0  0  0
  3 10  1  0  0  0
  4  9  2  0  0  0
  4  5  1  0  0  0
  5  6  2  0  0  0
  6  7  1  0  0  0
  7  8  2  0  0  0
  8  9  1  0  0  0
 10 11  1  0  0  0
 11 12  1  0  0  0
 12 13  1  0  0  0
 13 14  1  0  0  0
M  END
$$$$
c12c(n[c]3[c]1cccc3)CCCCC2
  -ISIS-

 14 16  0  0  0  0  0  0  0  0  1
   -0.1717    4.8365   -6.0385  N  0  0  0  0  0
    0.0724    4.0707   -4.9142  C  0  0  0  0  0
   -1.1101    4.0015   -4.1964  C  0  0  0  0  0
   -2.1074    4.7004   -4.9434  C  0  0  0  0  0
   -3.4691    4.9865   -4.7038  C  0  0  0  0  0
   -4.2125    5.6955   -5.6480  C  0  0  0  0  0
   -3.6305    6.0835   -6.8477  C  0  0  0  0  0
   -2.2917    5.7748   -7.1399  C  0  0  0  0  0
   -1.5242    5.1283   -6.1423  C  0  0  0  0  0
   -1.2902    3.3236   -2.8782  C  0  0  0  0  0
   -0.9810    1.8264   -2.9134  C  0  0  0  0  0
    0.3776    1.4139   -3.4996  C  0  0  0  0  0
    1.4637    2.4888   -3.4473  C  0  0  0  0  0
    1.4180    3.4701   -4.6238  C  0  0  0  0  0
  1  9  1  0  0  0
  1  2  1  0  0  0
  2 14  1  0  0  0
  2  3  2  0  0  0
  3  4  1  0  0  0
  3 10  1  0  0  0
  4  9  2  0  0  0
  4  5  1  0  0  0
  5  6  2  0  0  0
  6  7  1  0  0  0
  7  8  2  0  0  0
  8  9  1  0  0  0
 10 11  1  0  0  0
 11 12  1  0  0  0
 12 13  1  0  0  0
 13 14  1  0  0  0
M  END
$$$$
c12c(n[c]3[c]1cccc3)CCCCC2
  -ISIS-

 14 16  0  0  0  0  0  0  0  0  1
   -0.1717    4.8365   -6.0385  N  0  0  0  0  0
    0.0724    4.0707   -4.9142  C  0  0  0  0  0
   -1.1101    4.0015   -4.1964  C  0  0  0  0  0
   -2.1074    4.7004   -4.9434  C  0  0  0  0  0
   -3.4691    4.9865   -4.7038  C  0  0  0  0  0
   -4.2125    5.6955   -5.6480  C  0  0  0  0  0
   -3.6305    6.0835   -6.8477  C  0  0  0  0  0
   -2.2917    5.7748   -7.1399  C  0  0  0  0  0
   -1.5242    5.1283   -6.1423  C  0  0  0  0  0
   -1.2902    3.3236   -2.8782  C  0  0  0  0  0
   -0.9810    1.8264   -2.9134  C  0  0  0  0  0
    0.3776    1.4139   -3.4996  C  0  0  0  0  0
    1.4637    2.4888   -3.4473  C  0  0  0  0  0
    1.4180    3.4701   -4.6238  C  0  0  0  0  0
  1  9  1  0  0  0
  1  2  1  0  0  0
  2 14  1  0  0  0
  2  3  2  0  0  0
  3  4  1  0  0  0
  3 10  1  0  0  0
  4  9  2  0  0  0
  4  5  1  0  0  0
  5  6  2  0  0  0
  6  7  1  0  0  0
  7  8  2  0  0  0
  8  9  1  0  0  0
 10 11  1  0  0  0
 11 12  1  0  0  0
 12 13  1  0  0  0
 13 14  1  0  0  0
M  END
$$$$
