c12c(c3c([s]1)CCCC3)CNN=N2
  -ISIS-

 13 15  0  0  0  0  0  0  0  0  1
    1.4620    7.2585    2.2061  C  0  0  0  0  0
    1.9279    7.2780    0.9325  N  0  0  0  0  0
    1.1741    6.9046   -0.0035  N  0  0  0  0  0
   -0.0984    6.4863    0.2829  N  0  0  0  0  0
   -0.6713    6.4250    1.5339  C  0  0  0  0  0
    0.2047    6.8606    2.5923  C  0  0  0  0  0
    0.0028    6.9538    4.0033  C  0  0  0  0  0
    1.1475    7.4117    4.6311  C  0  0  0  0  0
    2.4131    7.7392    3.5379  S  0  0  0  0  0
    1.2901    7.6411    6.1041  C  0  0  0  0  0
    0.1637    6.9274    6.8684  C  0  0  0  0  0
   -1.2027    7.1455    6.2023  C  0  0  0  0  0
   -1.2352    6.5907    4.7686  C  0  0  0  0  0
  1  9  1  0  0  0
  1  6  2  0  0  0
  1  2  1  0  0  0
  2  3  2  0  0  0
  3  4  1  0  0  0
  4  5  1  0  0  0
  5  6  1  0  0  0
  6  7  1  0  0  0
  7 13  1  0  0  0
  7  8  2  0  0  0
  8  9  1  0  0  0
  8 10  1  0  0  0
 10 11  1  0  0  0
 11 12  1  0  0  0
 12 13  1  0  0  0
M  END
$$$$
