C12c3c(cccn3)CC=1C=CCN2
  -ISIS-

 13 15  0  0  0  0  0  0  0  0  1
   -3.4823    2.4359  -11.8272  C  0  0  0  0  0
   -3.2645    2.9010  -10.5654  N  0  0  0  0  0
   -3.8233    4.0798  -10.1166  C  0  0  0  0  0
   -4.6856    4.8173  -11.1032  C  0  0  0  0  0
   -4.8815    4.3315  -12.3429  C  0  0  0  0  0
   -4.2506    3.0980  -12.6990  C  0  0  0  0  0
   -4.2770    2.3289  -13.9619  C  0  0  0  0  0
   -3.4423    1.1491  -13.7318  C  0  0  0  0  0
   -2.9687    1.2285  -12.4348  C  0  0  0  0  0
   -2.1652    0.3287  -11.8475  N  0  0  0  0  0
   -1.8302   -0.7165  -12.6472  C  0  0  0  0  0
   -2.2642   -0.8764  -13.9717  C  0  0  0  0  0
   -3.0999    0.0877  -14.5386  C  0  0  0  0  0
  1  9  1  0  0  0
  1  6  2  0  0  0
  1  2  1  0  0  0
  2  3  1  0  0  0
  3  4  1  0  0  0
  4  5  2  0  0  0
  5  6  1  0  0  0
  6  7  1  0  0  0
  7  8  1  0  0  0
  8 13  2  0  0  0
  8  9  1  0  0  0
  9 10  2  0  0  0
 10 11  1  0  0  0
 11 12  2  0  0  0
 12 13  1  0  0  0
M  END
$$$$
C12c3c(cccn3)CC=1C=CCN2
  -ISIS-

 13 15  0  0  0  0  0  0  0  0  1
   -3.4823    2.4359  -11.8272  C  0  0  0  0  0
   -3.2645    2.9010  -10.5654  N  0  0  0  0  0
   -3.8233    4.0798  -10.1166  C  0  0  0  0  0
   -4.6856    4.8173  -11.1032  C  0  0  0  0  0
   -4.8815    4.3315  -12.3429  C  0  0  0  0  0
   -4.2506    3.0980  -12.6990  C  0  0  0  0  0
   -4.2770    2.3289  -13.9619  C  0  0  0  0  0
   -3.4423    1.1491  -13.7318  C  0  0  0  0  0
   -2.9687    1.2285  -12.4348  C  0  0  0  0  0
   -2.1652    0.3287  -11.8475  N  0  0  0  0  0
   -1.8302   -0.7165  -12.6472  C  0  0  0  0  0
   -2.2642   -0.8764  -13.9717  C  0  0  0  0  0
   -3.0999    0.0877  -14.5386  C  0  0  0  0  0
  1  9  1  0  0  0
  1  6  2  0  0  0
  1  2  1  0  0  0
  2  3  1  0  0  0
  3  4  1  0  0  0
  4  5  2  0  0  0
  5  6  1  0  0  0
  6  7  1  0  0  0
  7  8  1  0  0  0
  8 13  2  0  0  0
  8  9  1  0  0  0
  9 10  2  0  0  0
 10 11  1  0  0  0
 11 12  2  0  0  0
 12 13  1  0  0  0
M  END
$$$$
