C12C=CCCC1CCCC=2
  -ISIS-

 10 11  0  0  0  0  0  0  0  0  1
    1.5578    0.6989    4.1730  C  0  0  0  0  0
    1.0226   -0.0870    2.9166  C  0  0  0  0  0
    0.2967   -1.2158    3.1403  C  0  0  0  0  0
   -0.0211   -1.6421    4.5052  C  0  0  0  0  0
    1.0549   -1.4560    5.5712  C  0  0  0  0  0
    2.1030   -0.3584    5.1925  C  0  0  0  0  0
    0.4233   -1.3050    6.9734  C  0  0  0  0  0
   -0.5672   -2.4366    7.2404  C  0  0  0  0  0
   -1.6953   -2.4456    6.2162  C  0  0  0  0  0
   -1.2517   -2.0910    4.8269  C  0  0  0  0  0
  1  6  1  0  0  0
  1  2  1  0  0  0
  2  3  2  0  0  0
  3  4  1  0  0  0
  4 10  2  0  0  0
  4  5  1  0  0  0
  5  6  1  0  0  0
  5  7  1  0  0  0
  7  8  1  0  0  0
  8  9  1  0  0  0
  9 10  1  0  0  0
M  END
$$$$
