c12c([c]3[c]([n]4[c]1nnn4)cccc3)NC=C2
  -ISIS-

 16 19  0  0  0  0  0  0  0  0  1
   -0.6995    0.5229    1.1672  C  0  0  0  0  0
   -0.8207   -0.4798    0.2202  C  0  0  0  0  0
   -2.0568   -0.7721   -0.5131  C  0  0  0  0  0
   -2.1819   -1.7815   -1.4648  C  0  0  0  0  0
   -3.4104   -1.9761   -2.1068  C  0  0  0  0  0
   -4.5144   -1.1691   -1.8047  C  0  0  0  0  0
   -4.4097   -0.1531   -0.8549  C  0  0  0  0  0
   -3.1852    0.0386   -0.2165  C  0  0  0  0  0
   -3.0061    1.0492    0.7584  N  0  0  0  0  0
   -1.8244    1.2926    1.4283  C  0  0  0  0  0
   -2.0024    2.2945    2.2577  N  0  0  0  0  0
   -3.3212    2.6735    2.0942  N  0  0  0  0  0
   -3.9380    1.9222    1.1850  N  0  0  0  0  0
    0.4014   -1.0921    0.1366  N  0  0  0  0  0
    1.2999   -0.4979    1.0123  C  0  0  0  0  0
    0.6124    0.5138    1.6607  C  0  0  0  0  0
  1 10  1  0  0  0
  1 16  1  0  0  0
  1  2  2  0  0  0
  2  3  1  0  0  0
  2 14  1  0  0  0
  3  8  2  0  0  0
  3  4  1  0  0  0
  4  5  2  0  0  0
  5  6  1  0  0  0
  6  7  2  0  0  0
  7  8  1  0  0  0
  8  9  1  0  0  0
  9 13  1  0  0  0
  9 10  2  0  0  0
 10 11  2  0  0  0
 11 12  1  0  0  0
 12 13  2  0  0  0
 14 15  1  0  0  0
 15 16  2  0  0  0
M  END
$$$$
c12c([c]3[c]([n]4[c]1nnn4)cccc3)NC=C2
  -ISIS-

 16 19  0  0  0  0  0  0  0  0  1
   -0.6995    0.5229    1.1672  C  0  0  0  0  0
   -0.8207   -0.4798    0.2202  C  0  0  0  0  0
   -2.0568   -0.7721   -0.5131  C  0  0  0  0  0
   -2.1819   -1.7815   -1.4648  C  0  0  0  0  0
   -3.4104   -1.9761   -2.1068  C  0  0  0  0  0
   -4.5144   -1.1691   -1.8047  C  0  0  0  0  0
   -4.4097   -0.1531   -0.8549  C  0  0  0  0  0
   -3.1852    0.0386   -0.2165  C  0  0  0  0  0
   -3.0061    1.0492    0.7584  N  0  0  0  0  0
   -1.8244    1.2926    1.4283  C  0  0  0  0  0
   -2.0024    2.2945    2.2577  N  0  0  0  0  0
   -3.3212    2.6735    2.0942  N  0  0  0  0  0
   -3.9380    1.9222    1.1850  N  0  0  0  0  0
    0.4014   -1.0921    0.1366  N  0  0  0  0  0
    1.2999   -0.4979    1.0123  C  0  0  0  0  0
    0.6124    0.5138    1.6607  C  0  0  0  0  0
  1 10  1  0  0  0
  1 16  1  0  0  0
  1  2  2  0  0  0
  2  3  1  0  0  0
  2 14  1  0  0  0
  3  8  2  0  0  0
  3  4  1  0  0  0
  4  5  2  0  0  0
  5  6  1  0  0  0
  6  7  2  0  0  0
  7  8  1  0  0  0
  8  9  1  0  0  0
  9 13  1  0  0  0
  9 10  2  0  0  0
 10 11  2  0  0  0
 11 12  1  0  0  0
 12 13  2  0  0  0
 14 15  1  0  0  0
 15 16  2  0  0  0
M  END
$$$$
