c12c(cccc1)CCC3C2CCC4C3CCNC4
  -ISIS-

 18 21  0  0  0  0  0  0  0  0  1
    1.2342    1.7665   -3.8053  C  0  0  0  0  0
   -0.0712    2.4369   -4.3521  C  0  0  0  0  0
   -0.5921    3.6720   -3.5670  C  0  0  0  0  0
    0.0338    5.0341   -3.9043  C  0  0  0  0  0
   -0.7345    6.1636   -3.2114  C  0  0  0  0  0
   -1.0980    5.8816   -1.7751  C  0  0  0  0  0
   -1.5697    6.9433   -0.9791  C  0  0  0  0  0
   -1.9650    6.7283    0.3417  C  0  0  0  0  0
   -1.8965    5.4402    0.8695  C  0  0  0  0  0
   -1.4383    4.3772    0.0907  C  0  0  0  0  0
   -1.0386    4.5846   -1.2379  C  0  0  0  0  0
   -0.5158    3.4124   -2.0489  C  0  0  0  0  0
    0.8926    3.0226   -1.5639  C  0  0  0  0  0
    1.8614    2.5853   -2.6586  C  0  0  0  0  0
   -0.0491    2.6651   -5.8696  C  0  0  0  0  0
    0.5024    1.4309   -6.5588  C  0  0  0  0  0
    1.8757    1.2376   -6.1549  N  0  0  0  0  0
    2.3304    1.5404   -4.8820  C  0  0  0  0  0
  1 14  1  0  0  0
  1 18  1  0  0  0
  1  2  1  0  0  0
  2  3  1  0  0  0
  2 15  1  0  0  0
  3 12  1  0  0  0
  3  4  1  0  0  0
  4  5  1  0  0  0
  5  6  1  0  0  0
  6 11  2  0  0  0
  6  7  1  0  0  0
  7  8  2  0  0  0
  8  9  1  0  0  0
  9 10  2  0  0  0
 10 11  1  0  0  0
 11 12  1  0  0  0
 12 13  1  0  0  0
 13 14  1  0  0  0
 15 16  1  0  0  0
 16 17  1  0  0  0
 17 18  1  0  0  0
M  END
$$$$
