c12c(C=CN3N1CCC3)cccc2
  -ISIS-

 13 15  0  0  0  0  0  0  0  0  1
   -7.3675    0.3713    1.0133  C  0  0  0  0  0
   -6.5789   -0.8776    0.6751  C  0  0  0  0  0
   -5.2137   -0.3800    0.2678  C  0  0  0  0  0
   -5.2762    1.0051    0.3224  N  0  0  0  0  0
   -4.2665    1.8806    0.0308  C  0  0  0  0  0
   -4.4161    3.2147    0.1346  C  0  0  0  0  0
   -5.7344    3.7333    0.5906  C  0  0  0  0  0
   -6.7782    2.8310    0.9001  C  0  0  0  0  0
   -6.5237    1.4491    0.7545  N  0  0  0  0  0
   -8.0142    3.3258    1.3329  C  0  0  0  0  0
   -8.2205    4.7012    1.4592  C  0  0  0  0  0
   -7.1966    5.5925    1.1546  C  0  0  0  0  0
   -5.9598    5.1127    0.7227  C  0  0  0  0  0
  1  9  1  0  0  0
  1  2  1  0  0  0
  2  3  1  0  0  0
  3  4  1  0  0  0
  4  9  1  0  0  0
  4  5  1  0  0  0
  5  6  2  0  0  0
  6  7  1  0  0  0
  7 13  2  0  0  0
  7  8  2  0  0  0
  8  9  1  0  0  0
  8 10  2  0  0  0
 10 11  1  0  0  0
 11 12  2  0  0  0
 12 13  1  0  0  0
M  END
$$$$
