c12c(cccc1)CC3C=CC=CC3O2
  -ISIS-

 14 16  0  0  0  0  0  0  0  0  1
   -3.1458    2.4681   -1.5689  C  0  0  0  0  0
   -3.5848    2.4775   -3.0463  C  0  0  0  0  0
   -4.1010    1.0514   -3.3422  C  0  0  0  0  0
   -5.3442    0.8392   -2.6695  O  0  0  0  0  0
   -5.2492    1.0538   -1.3152  C  0  0  0  0  0
   -4.2296    1.8142   -0.7141  C  0  0  0  0  0
   -4.2264    1.9297    0.6866  C  0  0  0  0  0
   -5.2315    1.3362    1.4549  C  0  0  0  0  0
   -6.2510    0.6152    0.8393  C  0  0  0  0  0
   -6.2606    0.4763   -0.5462  C  0  0  0  0  0
   -4.2806    0.8011   -4.8165  C  0  0  0  0  0
   -3.5209    1.4456   -5.7164  C  0  0  0  0  0
   -2.5183    2.3977   -5.2916  C  0  0  0  0  0
   -2.5254    2.9012   -4.0464  C  0  0  0  0  0
  1  6  1  0  0  0
  1  2  1  0  0  0
  2 14  1  0  0  0
  2  3  1  0  0  0
  3  4  1  0  0  0
  3 11  1  0  0  0
  4  5  1  0  0  0
  5 10  2  0  0  0
  5  6  1  0  0  0
  6  7  2  0  0  0
  7  8  1  0  0  0
  8  9  2  0  0  0
  9 10  1  0  0  0
 11 12  2  0  0  0
 12 13  1  0  0  0
 13 14  2  0  0  0
M  END
$$$$
