C12C(=Nc3c(cccc3)N1)CNCN=2
  -ISIS-

 14 16  0  0  0  0  0  0  0  0  1
    4.1308   -1.8749   -0.0697  C  0  0  0  0  0
    3.1239   -2.5644   -0.5237  N  0  0  0  0  0
    1.9932   -1.8630   -0.9966  C  0  0  0  0  0
    1.9161   -0.4560   -0.9731  C  0  0  0  0  0
    2.9855    0.2774   -0.4445  N  0  0  0  0  0
    4.1231   -0.3639   -0.0342  C  0  0  0  0  0
    5.1715    0.2812    0.3675  N  0  0  0  0  0
    6.2985   -0.3837    0.7686  C  0  0  0  0  0
    6.2275   -1.7146    1.0720  N  0  0  0  0  0
    5.3599   -2.5647    0.4541  C  0  0  0  0  0
    0.7620    0.1838   -1.4340  C  0  0  0  0  0
   -0.3192   -0.5561   -1.9423  C  0  0  0  0  0
   -0.2387   -1.9626   -1.9784  C  0  0  0  0  0
    0.9195   -2.5979   -1.5009  C  0  0  0  0  0
  1  6  1  0  0  0
  1 10  1  0  0  0
  1  2  2  0  0  0
  2  3  1  0  0  0
  3 14  2  0  0  0
  3  4  1  0  0  0
  4  5  1  0  0  0
  4 11  2  0  0  0
  5  6  1  0  0  0
  6  7  2  0  0  0
  7  8  1  0  0  0
  8  9  1  0  0  0
  9 10  1  0  0  0
 11 12  1  0  0  0
 12 13  2  0  0  0
 13 14  1  0  0  0
M  END
$$$$
