c12c(cccc1)NC3C24CC5N6C3CC(C5C4)CC6
  -ISIS-

 19 24  0  0  0  0  0  0  0  0  1
   -0.7848   -0.9627   -3.7667  C  0  0  0  0  0
   -1.1617   -0.3656   -4.9572  C  0  0  0  0  0
   -1.4496    1.0266   -5.1994  N  0  0  0  0  0
   -1.2493    1.0792   -6.6756  C  0  0  0  0  0
   -1.8669    2.3167   -7.3861  C  0  0  0  0  0
   -3.3825    2.1246   -7.6593  N  0  0  0  0  0
   -3.6697    0.7471   -8.2192  C  0  0  0  0  0
   -3.3781   -0.2560   -7.1385  C  0  0  0  0  0
   -1.8456   -0.2638   -7.1884  C  0  0  0  0  0
   -1.3332   -1.1554   -6.1160  C  0  0  0  0  0
   -1.0987   -2.5189   -6.1182  C  0  0  0  0  0
   -0.6909   -3.1094   -4.9222  C  0  0  0  0  0
   -0.5419   -2.3405   -3.7567  C  0  0  0  0  0
   -1.6071   -0.4835   -8.6847  C  0  0  0  0  0
   -2.6263    0.4985   -9.3419  C  0  0  0  0  0
   -2.0892    1.8825   -9.8365  C  0  0  0  0  0
   -1.2021    2.5288   -8.7591  C  0  0  0  0  0
   -3.3312    2.8186  -10.0258  C  0  0  0  0  0
   -3.8929    3.1704   -8.6093  C  0  0  0  0  0
  1 13  2  0  0  0
  1  2  1  0  0  0
  2 10  2  0  0  0
  2  3  1  0  0  0
  3  4  1  0  0  0
  4  9  1  0  0  0
  4  5  1  0  0  0
  5 17  1  0  0  0
  5  6  1  0  0  0
  6 19  1  0  0  0
  6  7  1  0  0  0
  7 15  1  0  0  0
  7  8  1  0  0  0
  8  9  1  0  0  0
  9 10  1  0  0  0
  9 14  1  0  0  0
 10 11  1  0  0  0
 11 12  2  0  0  0
 12 13  1  0  0  0
 14 15  1  0  0  0
 15 16  1  0  0  0
 16 17  1  0  0  0
 16 18  1  0  0  0
 18 19  1  0  0  0
M  END
$$$$
