c12c(c[c]3[c](c1)cccc3)Nc4c(cccc4)N2
  -ISIS-

 18 21  0  0  0  0  0  0  0  0  1
    2.0445    6.1697   -3.0649  C  0  0  0  0  0
    1.5290    5.5701   -4.2247  C  0  0  0  0  0
    2.0975    4.3954   -4.7266  C  0  0  0  0  0
    3.1679    3.7981   -4.0597  C  0  0  0  0  0
    3.8048    2.6509   -4.5846  N  0  0  0  0  0
    4.8473    1.9979   -3.8852  C  0  0  0  0  0
    5.3717    2.5992   -2.7157  C  0  0  0  0  0
    4.8364    3.8336   -2.2801  N  0  0  0  0  0
    3.6931    4.4009   -2.8878  C  0  0  0  0  0
    3.1363    5.5866   -2.4059  C  0  0  0  0  0
    6.4608    2.0165   -2.0645  C  0  0  0  0  0
    7.0267    0.8237   -2.5447  C  0  0  0  0  0
    8.1119    0.2185   -1.8904  C  0  0  0  0  0
    8.6721   -0.9630   -2.3787  C  0  0  0  0  0
    8.1574   -1.5534   -3.5287  C  0  0  0  0  0
    7.0808   -0.9642   -4.1935  C  0  0  0  0  0
    6.5027    0.2227   -3.7149  C  0  0  0  0  0
    5.4232    0.8265   -4.3811  C  0  0  0  0  0
  1 10  2  0  0  0
  1  2  1  0  0  0
  2  3  2  0  0  0
  3  4  1  0  0  0
  4  9  2  0  0  0
  4  5  1  0  0  0
  5  6  1  0  0  0
  6 18  2  0  0  0
  6  7  1  0  0  0
  7  8  1  0  0  0
  7 11  2  0  0  0
  8  9  1  0  0  0
  9 10  1  0  0  0
 11 12  1  0  0  0
 12 17  2  0  0  0
 12 13  1  0  0  0
 13 14  2  0  0  0
 14 15  1  0  0  0
 15 16  2  0  0  0
 16 17  1  0  0  0
 17 18  1  0  0  0
M  END
$$$$
c12c(c[c]3[c](c1)cccc3)Nc4c(cccc4)N2
  -ISIS-

 18 21  0  0  0  0  0  0  0  0  1
   -3.0077   -2.0905    4.9935  C  0  0  0  0  0
   -2.8847   -2.4998    3.6322  C  0  0  0  0  0
   -1.5924   -2.4889    3.0478  C  0  0  0  0  0
   -0.4792   -2.0919    3.8021  C  0  0  0  0  0
   -0.6158   -1.6672    5.1242  C  0  0  0  0  0
   -1.8936   -1.6469    5.7343  C  0  0  0  0  0
   -1.9785   -1.2601    7.1039  N  0  0  0  0  0
   -0.8496   -0.7717    7.8111  C  0  0  0  0  0
   -0.9652   -0.3418    9.1350  C  0  0  0  0  0
    0.1712    0.0629    9.8381  C  0  0  0  0  0
    1.4275    0.0144    9.2313  C  0  0  0  0  0
    1.5567   -0.4386    7.9167  C  0  0  0  0  0
    0.4236   -0.8210    7.1964  C  0  0  0  0  0
    0.5277   -1.3378    5.8878  N  0  0  0  0  0
   -1.4140   -2.8957    1.7143  C  0  0  0  0  0
   -2.4911   -3.3198    0.9400  C  0  0  0  0  0
   -3.7624   -3.3484    1.4923  C  0  0  0  0  0
   -3.9552   -2.9491    2.8173  C  0  0  0  0  0
  1  6  2  0  0  0
  1  2  1  0  0  0
  2 18  1  0  0  0
  2  3  2  0  0  0
  3  4  1  0  0  0
  3 15  1  0  0  0
  4  5  2  0  0  0
  5 14  1  0  0  0
  5  6  1  0  0  0
  6  7  1  0  0  0
  7  8  1  0  0  0
  8 13  2  0  0  0
  8  9  1  0  0  0
  9 10  2  0  0  0
 10 11  1  0  0  0
 11 12  2  0  0  0
 12 13  1  0  0  0
 13 14  1  0  0  0
 15 16  2  0  0  0
 16 17  1  0  0  0
 17 18  2  0  0  0
M  END
$$$$
c12c(c[c]3[c](c1)cccc3)Nc4c(cccc4)N2
  -ISIS-

 18 21  0  0  0  0  0  0  0  0  1
    7.7738   -7.8200   -2.9767  C  0  0  0  0  0
    7.7137   -7.4567   -4.3185  C  0  0  0  0  0
    6.5030   -7.0416   -4.8752  C  0  0  0  0  0
    5.3349   -6.9873   -4.0976  C  0  0  0  0  0
    4.1133   -6.5643   -4.6476  C  0  0  0  0  0
    2.9558   -6.5305   -3.8671  C  0  0  0  0  0
    3.0170   -6.9002   -2.5018  C  0  0  0  0  0
    4.2344   -7.2965   -1.9443  C  0  0  0  0  0
    5.3961   -7.3571   -2.7321  C  0  0  0  0  0
    6.6233   -7.7694   -2.1880  C  0  0  0  0  0
    1.8571   -6.7704   -1.7024  N  0  0  0  0  0
    0.6037   -6.4395   -2.2675  C  0  0  0  0  0
   -0.5489   -6.3821   -1.4817  C  0  0  0  0  0
   -1.7615   -5.9857   -2.0500  C  0  0  0  0  0
   -1.8219   -5.6209   -3.3965  C  0  0  0  0  0
   -0.6702   -5.6494   -4.1860  C  0  0  0  0  0
    0.5424   -6.0689   -3.6354  C  0  0  0  0  0
    1.7366   -6.0418   -4.3924  N  0  0  0  0  0
  1 10  2  0  0  0
  1  2  1  0  0  0
  2  3  2  0  0  0
  3  4  1  0  0  0
  4  9  2  0  0  0
  4  5  1  0  0  0
  5  6  2  0  0  0
  6 18  1  0  0  0
  6  7  1  0  0  0
  7  8  2  0  0  0
  7 11  1  0  0  0
  8  9  1  0  0  0
  9 10  1  0  0  0
 11 12  1  0  0  0
 12 17  2  0  0  0
 12 13  1  0  0  0
 13 14  2  0  0  0
 14 15  1  0  0  0
 15 16  2  0  0  0
 16 17  1  0  0  0
 17 18  1  0  0  0
M  END
$$$$
