c12c(cc[c]3[c]1cccc3)NCS2
  -ISIS-

 13 15  0  0  0  0  0  0  0  0  1
    2.8491   -0.7809   -0.4637  N  0  0  0  0  0
    2.1258   -1.2020   -1.5934  C  0  0  0  0  0
    0.9102   -0.4975   -1.8032  C  0  0  0  0  0
    0.6793    0.7733   -0.5303  S  0  0  0  0  0
    2.2154    0.2794    0.1641  C  0  0  0  0  0
    0.0452   -0.7815   -2.8793  C  0  0  0  0  0
   -1.1721   -0.1052   -3.1196  C  0  0  0  0  0
   -1.9819   -0.4371   -4.2072  C  0  0  0  0  0
   -1.5928   -1.4493   -5.0766  C  0  0  0  0  0
   -0.3942   -2.1301   -4.8595  C  0  0  0  0  0
    0.4333   -1.8106   -3.7703  C  0  0  0  0  0
    1.6434   -2.5018   -3.5625  C  0  0  0  0  0
    2.4845   -2.2023   -2.4850  C  0  0  0  0  0
  1  5  1  0  0  0
  1  2  1  0  0  0
  2 13  2  0  0  0
  2  3  1  0  0  0
  3  4  1  0  0  0
  3  6  2  0  0  0
  4  5  1  0  0  0
  6 11  2  0  0  0
  6  7  1  0  0  0
  7  8  2  0  0  0
  8  9  1  0  0  0
  9 10  2  0  0  0
 10 11  1  0  0  0
 11 12  2  0  0  0
 12 13  1  0  0  0
M  END
$$$$
