c12c(c3c([s]1)CCCCCC3)CNN=N2
  -ISIS-

 15 17  0  0  0  0  0  0  0  0  1
    8.6661   -6.0055   -1.1252  C  0  0  0  0  0
    7.5681   -6.5956   -0.3914  C  0  0  0  0  0
    7.9634   -7.5381    0.5571  N  0  0  0  0  0
    9.2723   -7.9185    0.7869  N  0  0  0  0  0
   10.2081   -7.3814    0.1452  N  0  0  0  0  0
    9.9189   -6.4549   -0.7976  C  0  0  0  0  0
   11.1267   -5.7111   -1.7347  S  0  0  0  0  0
    9.9792   -4.7783   -2.5997  C  0  0  0  0  0
   10.4374   -3.8441   -3.6835  C  0  0  0  0  0
   10.2169   -4.3990   -5.0933  C  0  0  0  0  0
    8.7630   -4.3962   -5.5918  C  0  0  0  0  0
    7.8942   -5.5328   -5.0427  C  0  0  0  0  0
    6.8956   -5.1267   -3.9505  C  0  0  0  0  0
    7.4735   -4.3551   -2.7650  C  0  0  0  0  0
    8.6812   -5.0177   -2.1693  C  0  0  0  0  0
  1  6  2  0  0  0
  1 15  1  0  0  0
  1  2  1  0  0  0
  2  3  1  0  0  0
  3  4  1  0  0  0
  4  5  2  0  0  0
  5  6  1  0  0  0
  6  7  1  0  0  0
  7  8  1  0  0  0
  8 15  2  0  0  0
  8  9  1  0  0  0
  9 10  1  0  0  0
 10 11  1  0  0  0
 11 12  1  0  0  0
 12 13  1  0  0  0
 13 14  1  0  0  0
 14 15  1  0  0  0
M  END
$$$$
