c12c(cco1)NC=C2
  -ISIS-

  8  9  0  0  0  0  0  0  0  0  1
    1.5466    0.3080   -2.1063  C  0  0  0  0  0
    1.1563    1.5601   -1.7171  N  0  0  0  0  0
    2.1049    2.4758   -2.1590  C  0  0  0  0  0
    3.1251    1.7762   -2.8058  C  0  0  0  0  0
    2.7189    0.4366   -2.7538  C  0  0  0  0  0
    3.1758   -0.7716   -3.1676  O  0  0  0  0  0
    2.2280   -1.6643   -2.7435  C  0  0  0  0  0
    1.1863   -1.0536   -2.0734  C  0  0  0  0  0
  1  5  2  0  0  0
  1  8  1  0  0  0
  1  2  1  0  0  0
  2  3  1  0  0  0
  3  4  2  0  0  0
  4  5  1  0  0  0
  5  6  1  0  0  0
  6  7  1  0  0  0
  7  8  2  0  0  0
M  END
$$$$
c12c(cco1)NC=C2
  -ISIS-

  8  9  0  0  0  0  0  0  0  0  1
    1.5466    0.3080   -2.1063  C  0  0  0  0  0
    1.1563    1.5601   -1.7171  N  0  0  0  0  0
    2.1049    2.4758   -2.1590  C  0  0  0  0  0
    3.1251    1.7762   -2.8058  C  0  0  0  0  0
    2.7189    0.4366   -2.7538  C  0  0  0  0  0
    3.1758   -0.7716   -3.1676  O  0  0  0  0  0
    2.2280   -1.6643   -2.7435  C  0  0  0  0  0
    1.1863   -1.0536   -2.0734  C  0  0  0  0  0
  1  5  2  0  0  0
  1  8  1  0  0  0
  1  2  1  0  0  0
  2  3  1  0  0  0
  3  4  2  0  0  0
  4  5  1  0  0  0
  5  6  1  0  0  0
  6  7  1  0  0  0
  7  8  2  0  0  0
M  END
$$$$
c12c(cco1)NC=C2
  -ISIS-

  8  9  0  0  0  0  0  0  0  0  1
    4.1745   -1.4526   -0.8814  C  0  0  0  0  0
    4.3563   -0.6570   -1.9778  N  0  0  0  0  0
    3.5886    0.4912   -1.8218  C  0  0  0  0  0
    2.9125    0.4135   -0.6048  C  0  0  0  0  0
    3.3149   -0.8157   -0.0638  C  0  0  0  0  0
    3.0824   -1.5473    1.0546  O  0  0  0  0  0
    3.8417   -2.6758    0.8945  C  0  0  0  0  0
    4.5468   -2.6773   -0.2930  C  0  0  0  0  0
  1  5  2  0  0  0
  1  8  1  0  0  0
  1  2  1  0  0  0
  2  3  1  0  0  0
  3  4  2  0  0  0
  4  5  1  0  0  0
  5  6  1  0  0  0
  6  7  1  0  0  0
  7  8  2  0  0  0
M  END
$$$$
c12c(cco1)NC=C2
  -ISIS-

  8  9  0  0  0  0  0  0  0  0  1
    4.1745   -1.4526   -0.8814  C  0  0  0  0  0
    4.3563   -0.6570   -1.9778  N  0  0  0  0  0
    3.5886    0.4912   -1.8218  C  0  0  0  0  0
    2.9125    0.4135   -0.6048  C  0  0  0  0  0
    3.3149   -0.8157   -0.0638  C  0  0  0  0  0
    3.0824   -1.5473    1.0546  O  0  0  0  0  0
    3.8417   -2.6758    0.8945  C  0  0  0  0  0
    4.5468   -2.6773   -0.2930  C  0  0  0  0  0
  1  5  2  0  0  0
  1  8  1  0  0  0
  1  2  1  0  0  0
  2  3  1  0  0  0
  3  4  2  0  0  0
  4  5  1  0  0  0
  5  6  1  0  0  0
  6  7  1  0  0  0
  7  8  2  0  0  0
M  END
$$$$
c12c(cco1)NC=C2
  -ISIS-

  8  9  0  0  0  0  0  0  0  0  1
    4.5743   -0.4388    1.0518  C  0  0  0  0  0
    4.9300   -1.7381    0.8213  N  0  0  0  0  0
    6.1095   -1.9997    1.5084  C  0  0  0  0  0
    6.5008   -0.8432    2.1821  C  0  0  0  0  0
    5.5085    0.0940    1.8613  C  0  0  0  0  0
    5.2245    1.3916    2.1388  O  0  0  0  0  0
    4.0588    1.6466    1.4584  C  0  0  0  0  0
    3.6056    0.5408    0.7618  C  0  0  0  0  0
  1  5  2  0  0  0
  1  8  1  0  0  0
  1  2  1  0  0  0
  2  3  1  0  0  0
  3  4  2  0  0  0
  4  5  1  0  0  0
  5  6  1  0  0  0
  6  7  1  0  0  0
  7  8  2  0  0  0
M  END
$$$$
c12c(cco1)NC=C2
  -ISIS-

  8  9  0  0  0  0  0  0  0  0  1
    4.5743   -0.4388    1.0518  C  0  0  0  0  0
    4.9300   -1.7381    0.8213  N  0  0  0  0  0
    6.1095   -1.9997    1.5084  C  0  0  0  0  0
    6.5008   -0.8432    2.1821  C  0  0  0  0  0
    5.5085    0.0940    1.8613  C  0  0  0  0  0
    5.2245    1.3916    2.1388  O  0  0  0  0  0
    4.0588    1.6466    1.4584  C  0  0  0  0  0
    3.6056    0.5408    0.7618  C  0  0  0  0  0
  1  5  2  0  0  0
  1  8  1  0  0  0
  1  2  1  0  0  0
  2  3  1  0  0  0
  3  4  2  0  0  0
  4  5  1  0  0  0
  5  6  1  0  0  0
  6  7  1  0  0  0
  7  8  2  0  0  0
M  END
$$$$
c12c(cco1)NC=C2
  -ISIS-

  8  9  0  0  0  0  0  0  0  0  1
    2.2026   -2.9610    4.7452  C  0  0  0  0  0
    1.9613   -3.1220    3.4023  O  0  0  0  0  0
    1.2953   -2.0048    3.0209  C  0  0  0  0  0
    0.7230   -1.4864    1.8524  C  0  0  0  0  0
    0.1953   -0.2597    2.2503  C  0  0  0  0  0
    0.4600   -0.0741    3.6021  N  0  0  0  0  0
    1.1348   -1.1706    4.0633  C  0  0  0  0  0
    1.7229   -1.7455    5.2094  C  0  0  0  0  0
  1  8  2  0  0  0
  1  2  1  0  0  0
  2  3  1  0  0  0
  3  7  2  0  0  0
  3  4  1  0  0  0
  4  5  2  0  0  0
  5  6  1  0  0  0
  6  7  1  0  0  0
  7  8  1  0  0  0
M  END
$$$$
c12c(cco1)NC=C2
  -ISIS-

  8  9  0  0  0  0  0  0  0  0  1
    2.2026   -2.9610    4.7452  C  0  0  0  0  0
    1.9613   -3.1220    3.4023  O  0  0  0  0  0
    1.2953   -2.0048    3.0209  C  0  0  0  0  0
    0.7230   -1.4864    1.8524  C  0  0  0  0  0
    0.1953   -0.2597    2.2503  C  0  0  0  0  0
    0.4600   -0.0741    3.6021  N  0  0  0  0  0
    1.1348   -1.1706    4.0633  C  0  0  0  0  0
    1.7229   -1.7455    5.2094  C  0  0  0  0  0
  1  8  2  0  0  0
  1  2  1  0  0  0
  2  3  1  0  0  0
  3  7  2  0  0  0
  3  4  1  0  0  0
  4  5  2  0  0  0
  5  6  1  0  0  0
  6  7  1  0  0  0
  7  8  1  0  0  0
M  END
$$$$
c12c(cco1)NC=C2
  -ISIS-

  8  9  0  0  0  0  0  0  0  0  1
   -1.8046   -3.3829   -2.4623  C  0  0  0  0  0
   -0.8408   -3.7924   -3.3687  C  0  0  0  0  0
   -0.4930   -2.5996   -4.0237  C  0  0  0  0  0
    0.3545   -2.1990   -5.0065  O  0  0  0  0  0
    0.1514   -0.8433   -5.1262  C  0  0  0  0  0
   -0.8069   -0.3868   -4.2367  C  0  0  0  0  0
   -1.1959   -1.5509   -3.5464  C  0  0  0  0  0
   -2.0222   -2.0269   -2.5673  N  0  0  0  0  0
  1  8  1  0  0  0
  1  2  2  0  0  0
  2  3  1  0  0  0
  3  7  2  0  0  0
  3  4  1  0  0  0
  4  5  1  0  0  0
  5  6  2  0  0  0
  6  7  1  0  0  0
  7  8  1  0  0  0
M  END
$$$$
c12c(cco1)NC=C2
  -ISIS-

  8  9  0  0  0  0  0  0  0  0  1
   -1.8046   -3.3829   -2.4623  C  0  0  0  0  0
   -0.8408   -3.7924   -3.3687  C  0  0  0  0  0
   -0.4930   -2.5996   -4.0237  C  0  0  0  0  0
    0.3545   -2.1990   -5.0065  O  0  0  0  0  0
    0.1514   -0.8433   -5.1262  C  0  0  0  0  0
   -0.8069   -0.3868   -4.2367  C  0  0  0  0  0
   -1.1959   -1.5509   -3.5464  C  0  0  0  0  0
   -2.0222   -2.0269   -2.5673  N  0  0  0  0  0
  1  8  1  0  0  0
  1  2  2  0  0  0
  2  3  1  0  0  0
  3  7  2  0  0  0
  3  4  1  0  0  0
  4  5  1  0  0  0
  5  6  2  0  0  0
  6  7  1  0  0  0
  7  8  1  0  0  0
M  END
$$$$
