c12c3c4cccc3COCc1cccc2COC4
  -ISIS-

 18 21  0  0  0  0  0  0  0  0  1
   -2.2877    0.2105    2.8718  C  0  0  0  0  0
   -1.1876    0.9761    3.5186  C  0  0  0  0  0
   -0.1206    0.1900    3.9956  C  0  0  0  0  0
    0.9850    0.7812    4.5923  C  0  0  0  0  0
    1.0369    2.1643    4.7030  C  0  0  0  0  0
   -0.0088    2.9660    4.2057  C  0  0  0  0  0
   -1.1543    2.3890    3.6056  C  0  0  0  0  0
   -2.2644    3.2233    3.0933  C  0  0  0  0  0
   -3.6074    2.8587    3.3237  C  0  0  0  0  0
   -3.9139    1.5838    4.0573  C  0  0  0  0  0
   -3.5700    0.4823    3.2080  O  0  0  0  0  0
   -4.6544    3.6519    2.8295  C  0  0  0  0  0
   -4.3814    4.8142    2.1163  C  0  0  0  0  0
   -3.0626    5.1905    1.8859  C  0  0  0  0  0
   -2.0045    4.4019    2.3633  C  0  0  0  0  0
   -0.5841    4.8399    2.1443  C  0  0  0  0  0
   -0.0517    5.2818    3.3988  O  0  0  0  0  0
    0.1651    4.4276    4.4256  C  0  0  0  0  0
  1 11  1  0  0  0
  1  2  1  0  0  0
  2  7  2  0  0  0
  2  3  1  0  0  0
  3  4  2  0  0  0
  4  5  1  0  0  0
  5  6  2  0  0  0
  6 18  1  0  0  0
  6  7  1  0  0  0
  7  8  1  0  0  0
  8 15  2  0  0  0
  8  9  1  0  0  0
  9 10  1  0  0  0
  9 12  2  0  0  0
 10 11  1  0  0  0
 12 13  1  0  0  0
 13 14  2  0  0  0
 14 15  1  0  0  0
 15 16  1  0  0  0
 16 17  1  0  0  0
 17 18  1  0  0  0
M  END
$$$$
