c12c(cccn1)CNCC2
  -ISIS-

 10 11  0  0  0  0  0  0  0  0  1
    5.2115   -0.8541   -2.6118  C  0  0  0  0  0
    6.2062   -1.9842   -2.6441  C  0  0  0  0  0
    6.8347   -2.2107   -4.0016  N  0  0  0  0  0
    7.2717   -0.9021   -4.6144  C  0  0  0  0  0
    6.0480   -0.0325   -4.8565  C  0  0  0  0  0
    5.1748    0.0859   -3.6373  C  0  0  0  0  0
    4.3135    1.1251   -3.6436  N  0  0  0  0  0
    3.4487    1.2889   -2.6100  C  0  0  0  0  0
    3.4286    0.4184   -1.5237  C  0  0  0  0  0
    4.3303   -0.6681   -1.5228  C  0  0  0  0  0
  1  6  2  0  0  0
  1 10  1  0  0  0
  1  2  1  0  0  0
  2  3  1  0  0  0
  3  4  1  0  0  0
  4  5  1  0  0  0
  5  6  1  0  0  0
  6  7  1  0  0  0
  7  8  2  0  0  0
  8  9  1  0  0  0
  9 10  2  0  0  0
M  END
$$$$
