C12C(=NNN=1)C=CC=C2
  -ISIS-

  9 10  0  0  0  0  0  0  0  0  1
   -2.2008    3.7565   -3.0499  C  0  0  0  0  0
   -2.3846    4.7947   -2.2220  N  0  0  0  0  0
   -3.3308    5.5014   -2.8538  N  0  0  0  0  0
   -3.8033    5.0461   -4.0214  N  0  0  0  0  0
   -3.1027    3.9162   -4.1937  C  0  0  0  0  0
   -3.1542    2.9890   -5.2469  C  0  0  0  0  0
   -2.2682    1.8932   -5.1143  C  0  0  0  0  0
   -1.3856    1.7368   -3.9949  C  0  0  0  0  0
   -1.3258    2.6651   -2.9281  C  0  0  0  0  0
  1  9  1  0  0  0
  1  5  1  0  0  0
  1  2  2  0  0  0
  2  3  1  0  0  0
  3  4  1  0  0  0
  4  5  2  0  0  0
  5  6  1  0  0  0
  6  7  2  0  0  0
  7  8  1  0  0  0
  8  9  2  0  0  0
M  END
$$$$
C12C(=NNN=1)C=CC=C2
  -ISIS-

  9 10  0  0  0  0  0  0  0  0  1
   -2.2008    3.7565   -3.0499  C  0  0  0  0  0
   -2.3846    4.7947   -2.2220  N  0  0  0  0  0
   -3.3308    5.5014   -2.8538  N  0  0  0  0  0
   -3.8033    5.0461   -4.0214  N  0  0  0  0  0
   -3.1027    3.9162   -4.1937  C  0  0  0  0  0
   -3.1542    2.9890   -5.2469  C  0  0  0  0  0
   -2.2682    1.8932   -5.1143  C  0  0  0  0  0
   -1.3856    1.7368   -3.9949  C  0  0  0  0  0
   -1.3258    2.6651   -2.9281  C  0  0  0  0  0
  1  9  1  0  0  0
  1  5  1  0  0  0
  1  2  2  0  0  0
  2  3  1  0  0  0
  3  4  1  0  0  0
  4  5  2  0  0  0
  5  6  1  0  0  0
  6  7  2  0  0  0
  7  8  1  0  0  0
  8  9  2  0  0  0
M  END
$$$$
