c12c3c(cco3)CCCc1o[c]4[c]2cccc4
  -ISIS-

 17 20  0  0  0  0  0  0  0  0  1
   -2.2631   -4.3508    1.9469  C  0  0  0  0  0
   -1.8267   -4.3181    3.2569  C  0  0  0  0  0
   -1.7237   -3.2763    4.3043  C  0  0  0  0  0
   -2.6876   -2.1090    4.1130  C  0  0  0  0  0
   -2.3725   -1.2775    2.8538  C  0  0  0  0  0
   -2.8624   -1.9370    1.5816  C  0  0  0  0  0
   -2.7870   -3.2820    1.2169  C  0  0  0  0  0
   -3.3267   -3.4459   -0.0308  O  0  0  0  0  0
   -3.7424   -2.2375   -0.4777  C  0  0  0  0  0
   -3.4784   -1.2778    0.4674  C  0  0  0  0  0
   -1.3807   -5.5524    3.6336  O  0  0  0  0  0
   -1.5385   -6.3831    2.5707  C  0  0  0  0  0
   -1.2025   -7.7357    2.5543  C  0  0  0  0  0
   -1.4402   -8.4248    1.3605  C  0  0  0  0  0
   -1.9864   -7.7708    0.2546  C  0  0  0  0  0
   -2.3141   -6.4097    0.2992  C  0  0  0  0  0
   -2.0837   -5.6945    1.4932  C  0  0  0  0  0
  1  7  1  0  0  0
  1 17  1  0  0  0
  1  2  2  0  0  0
  2  3  1  0  0  0
  2 11  1  0  0  0
  3  4  1  0  0  0
  4  5  1  0  0  0
  5  6  1  0  0  0
  6 10  1  0  0  0
  6  7  2  0  0  0
  7  8  1  0  0  0
  8  9  1  0  0  0
  9 10  2  0  0  0
 11 12  1  0  0  0
 12 17  2  0  0  0
 12 13  1  0  0  0
 13 14  2  0  0  0
 14 15  1  0  0  0
 15 16  2  0  0  0
 16 17  1  0  0  0
M  END
$$$$
c12c3c(cco3)CCCc1o[c]4[c]2cccc4
  -ISIS-

 17 20  0  0  0  0  0  0  0  0  1
   -2.2631   -4.3508    1.9469  C  0  0  0  0  0
   -1.8267   -4.3181    3.2569  C  0  0  0  0  0
   -1.7237   -3.2763    4.3043  C  0  0  0  0  0
   -2.6876   -2.1090    4.1130  C  0  0  0  0  0
   -2.3725   -1.2775    2.8538  C  0  0  0  0  0
   -2.8624   -1.9370    1.5816  C  0  0  0  0  0
   -2.7870   -3.2820    1.2169  C  0  0  0  0  0
   -3.3267   -3.4459   -0.0308  O  0  0  0  0  0
   -3.7424   -2.2375   -0.4777  C  0  0  0  0  0
   -3.4784   -1.2778    0.4674  C  0  0  0  0  0
   -1.3807   -5.5524    3.6336  O  0  0  0  0  0
   -1.5385   -6.3831    2.5707  C  0  0  0  0  0
   -1.2025   -7.7357    2.5543  C  0  0  0  0  0
   -1.4402   -8.4248    1.3605  C  0  0  0  0  0
   -1.9864   -7.7708    0.2546  C  0  0  0  0  0
   -2.3141   -6.4097    0.2992  C  0  0  0  0  0
   -2.0837   -5.6945    1.4932  C  0  0  0  0  0
  1  7  1  0  0  0
  1 17  1  0  0  0
  1  2  2  0  0  0
  2  3  1  0  0  0
  2 11  1  0  0  0
  3  4  1  0  0  0
  4  5  1  0  0  0
  5  6  1  0  0  0
  6 10  1  0  0  0
  6  7  2  0  0  0
  7  8  1  0  0  0
  8  9  1  0  0  0
  9 10  2  0  0  0
 11 12  1  0  0  0
 12 17  2  0  0  0
 12 13  1  0  0  0
 13 14  2  0  0  0
 14 15  1  0  0  0
 15 16  2  0  0  0
 16 17  1  0  0  0
M  END
$$$$
c12c3c(cco3)CCCc1o[c]4[c]2cccc4
  -ISIS-

 17 20  0  0  0  0  0  0  0  0  1
   -2.2631   -4.3508    1.9469  C  0  0  0  0  0
   -1.8267   -4.3181    3.2569  C  0  0  0  0  0
   -1.7237   -3.2763    4.3043  C  0  0  0  0  0
   -2.6876   -2.1090    4.1130  C  0  0  0  0  0
   -2.3725   -1.2775    2.8538  C  0  0  0  0  0
   -2.8624   -1.9370    1.5816  C  0  0  0  0  0
   -2.7870   -3.2820    1.2169  C  0  0  0  0  0
   -3.3267   -3.4459   -0.0308  O  0  0  0  0  0
   -3.7424   -2.2375   -0.4777  C  0  0  0  0  0
   -3.4784   -1.2778    0.4674  C  0  0  0  0  0
   -1.3807   -5.5524    3.6336  O  0  0  0  0  0
   -1.5385   -6.3831    2.5707  C  0  0  0  0  0
   -1.2025   -7.7357    2.5543  C  0  0  0  0  0
   -1.4402   -8.4248    1.3605  C  0  0  0  0  0
   -1.9864   -7.7708    0.2546  C  0  0  0  0  0
   -2.3141   -6.4097    0.2992  C  0  0  0  0  0
   -2.0837   -5.6945    1.4932  C  0  0  0  0  0
  1  7  1  0  0  0
  1 17  1  0  0  0
  1  2  2  0  0  0
  2  3  1  0  0  0
  2 11  1  0  0  0
  3  4  1  0  0  0
  4  5  1  0  0  0
  5  6  1  0  0  0
  6 10  1  0  0  0
  6  7  2  0  0  0
  7  8  1  0  0  0
  8  9  1  0  0  0
  9 10  2  0  0  0
 11 12  1  0  0  0
 12 17  2  0  0  0
 12 13  1  0  0  0
 13 14  2  0  0  0
 14 15  1  0  0  0
 15 16  2  0  0  0
 16 17  1  0  0  0
M  END
$$$$
c12c3c(cco3)CCCc1o[c]4[c]2cccc4
  -ISIS-

 17 20  0  0  0  0  0  0  0  0  1
    5.5102   -3.1662    1.8971  C  0  0  0  0  0
    4.2182   -2.9554    1.4597  C  0  0  0  0  0
    3.0106   -2.3074    2.0210  C  0  0  0  0  0
    3.3108   -1.2558    3.0849  C  0  0  0  0  0
    3.9282   -1.8598    4.3617  C  0  0  0  0  0
    5.4011   -2.1756    4.2049  C  0  0  0  0  0
    6.0535   -2.7555    3.1161  C  0  0  0  0  0
    7.3867   -2.8840    3.4003  O  0  0  0  0  0
    7.6044   -2.4080    4.6489  C  0  0  0  0  0
    6.4227   -1.9649    5.1884  C  0  0  0  0  0
    4.0493   -3.4984    0.2197  O  0  0  0  0  0
    5.2352   -4.0541   -0.1527  C  0  0  0  0  0
    5.4966   -4.7127   -1.3557  C  0  0  0  0  0
    6.7857   -5.2165   -1.5476  C  0  0  0  0  0
    7.7569   -5.0553   -0.5599  C  0  0  0  0  0
    7.4780   -4.3920    0.6425  C  0  0  0  0  0
    6.1813   -3.8761    0.8527  C  0  0  0  0  0
  1  7  1  0  0  0
  1 17  1  0  0  0
  1  2  2  0  0  0
  2  3  1  0  0  0
  2 11  1  0  0  0
  3  4  1  0  0  0
  4  5  1  0  0  0
  5  6  1  0  0  0
  6 10  1  0  0  0
  6  7  2  0  0  0
  7  8  1  0  0  0
  8  9  1  0  0  0
  9 10  2  0  0  0
 11 12  1  0  0  0
 12 17  2  0  0  0
 12 13  1  0  0  0
 13 14  2  0  0  0
 14 15  1  0  0  0
 15 16  2  0  0  0
 16 17  1  0  0  0
M  END
$$$$
c12c3c(cco3)CCCc1o[c]4[c]2cccc4
  -ISIS-

 17 20  0  0  0  0  0  0  0  0  1
    5.5102   -3.1662    1.8971  C  0  0  0  0  0
    4.2182   -2.9554    1.4597  C  0  0  0  0  0
    3.0106   -2.3074    2.0210  C  0  0  0  0  0
    3.3108   -1.2558    3.0849  C  0  0  0  0  0
    3.9282   -1.8598    4.3617  C  0  0  0  0  0
    5.4011   -2.1756    4.2049  C  0  0  0  0  0
    6.0535   -2.7555    3.1161  C  0  0  0  0  0
    7.3867   -2.8840    3.4003  O  0  0  0  0  0
    7.6044   -2.4080    4.6489  C  0  0  0  0  0
    6.4227   -1.9649    5.1884  C  0  0  0  0  0
    4.0493   -3.4984    0.2197  O  0  0  0  0  0
    5.2352   -4.0541   -0.1527  C  0  0  0  0  0
    5.4966   -4.7127   -1.3557  C  0  0  0  0  0
    6.7857   -5.2165   -1.5476  C  0  0  0  0  0
    7.7569   -5.0553   -0.5599  C  0  0  0  0  0
    7.4780   -4.3920    0.6425  C  0  0  0  0  0
    6.1813   -3.8761    0.8527  C  0  0  0  0  0
  1  7  1  0  0  0
  1 17  1  0  0  0
  1  2  2  0  0  0
  2  3  1  0  0  0
  2 11  1  0  0  0
  3  4  1  0  0  0
  4  5  1  0  0  0
  5  6  1  0  0  0
  6 10  1  0  0  0
  6  7  2  0  0  0
  7  8  1  0  0  0
  8  9  1  0  0  0
  9 10  2  0  0  0
 11 12  1  0  0  0
 12 17  2  0  0  0
 12 13  1  0  0  0
 13 14  2  0  0  0
 14 15  1  0  0  0
 15 16  2  0  0  0
 16 17  1  0  0  0
M  END
$$$$
c12c3c(cco3)CCCc1o[c]4[c]2cccc4
  -ISIS-

 17 20  0  0  0  0  0  0  0  0  1
    5.5102   -3.1662    1.8971  C  0  0  0  0  0
    4.2182   -2.9554    1.4597  C  0  0  0  0  0
    3.0106   -2.3074    2.0210  C  0  0  0  0  0
    3.3108   -1.2558    3.0849  C  0  0  0  0  0
    3.9282   -1.8598    4.3617  C  0  0  0  0  0
    5.4011   -2.1756    4.2049  C  0  0  0  0  0
    6.0535   -2.7555    3.1161  C  0  0  0  0  0
    7.3867   -2.8840    3.4003  O  0  0  0  0  0
    7.6044   -2.4080    4.6489  C  0  0  0  0  0
    6.4227   -1.9649    5.1884  C  0  0  0  0  0
    4.0493   -3.4984    0.2197  O  0  0  0  0  0
    5.2352   -4.0541   -0.1527  C  0  0  0  0  0
    5.4966   -4.7127   -1.3557  C  0  0  0  0  0
    6.7857   -5.2165   -1.5476  C  0  0  0  0  0
    7.7569   -5.0553   -0.5599  C  0  0  0  0  0
    7.4780   -4.3920    0.6425  C  0  0  0  0  0
    6.1813   -3.8761    0.8527  C  0  0  0  0  0
  1  7  1  0  0  0
  1 17  1  0  0  0
  1  2  2  0  0  0
  2  3  1  0  0  0
  2 11  1  0  0  0
  3  4  1  0  0  0
  4  5  1  0  0  0
  5  6  1  0  0  0
  6 10  1  0  0  0
  6  7  2  0  0  0
  7  8  1  0  0  0
  8  9  1  0  0  0
  9 10  2  0  0  0
 11 12  1  0  0  0
 12 17  2  0  0  0
 12 13  1  0  0  0
 13 14  2  0  0  0
 14 15  1  0  0  0
 15 16  2  0  0  0
 16 17  1  0  0  0
M  END
$$$$
c12c3c(cco3)CCCc1o[c]4[c]2cccc4
  -ISIS-

 17 20  0  0  0  0  0  0  0  0  1
    5.5102   -3.1662    1.8971  C  0  0  0  0  0
    4.2182   -2.9554    1.4597  C  0  0  0  0  0
    3.0106   -2.3074    2.0210  C  0  0  0  0  0
    3.3108   -1.2558    3.0849  C  0  0  0  0  0
    3.9282   -1.8598    4.3617  C  0  0  0  0  0
    5.4011   -2.1756    4.2049  C  0  0  0  0  0
    6.0535   -2.7555    3.1161  C  0  0  0  0  0
    7.3867   -2.8840    3.4003  O  0  0  0  0  0
    7.6044   -2.4080    4.6489  C  0  0  0  0  0
    6.4227   -1.9649    5.1884  C  0  0  0  0  0
    4.0493   -3.4984    0.2197  O  0  0  0  0  0
    5.2352   -4.0541   -0.1527  C  0  0  0  0  0
    5.4966   -4.7127   -1.3557  C  0  0  0  0  0
    6.7857   -5.2165   -1.5476  C  0  0  0  0  0
    7.7569   -5.0553   -0.5599  C  0  0  0  0  0
    7.4780   -4.3920    0.6425  C  0  0  0  0  0
    6.1813   -3.8761    0.8527  C  0  0  0  0  0
  1  7  1  0  0  0
  1 17  1  0  0  0
  1  2  2  0  0  0
  2  3  1  0  0  0
  2 11  1  0  0  0
  3  4  1  0  0  0
  4  5  1  0  0  0
  5  6  1  0  0  0
  6 10  1  0  0  0
  6  7  2  0  0  0
  7  8  1  0  0  0
  8  9  1  0  0  0
  9 10  2  0  0  0
 11 12  1  0  0  0
 12 17  2  0  0  0
 12 13  1  0  0  0
 13 14  2  0  0  0
 14 15  1  0  0  0
 15 16  2  0  0  0
 16 17  1  0  0  0
M  END
$$$$
c12c3c(cco3)CCCc1o[c]4[c]2cccc4
  -ISIS-

 17 20  0  0  0  0  0  0  0  0  1
    4.4641   -2.0529    2.4958  C  0  0  0  0  0
    5.7571   -1.6287    2.8056  C  0  0  0  0  0
    6.9372   -2.2009    2.3764  C  0  0  0  0  0
    7.2984   -3.3477    1.5153  C  0  0  0  0  0
    6.1651   -4.3446    1.2896  C  0  0  0  0  0
    4.9082   -3.7945    0.5424  C  0  0  0  0  0
    4.0554   -2.9750    1.5268  C  0  0  0  0  0
    2.6198   -3.0173    1.6376  C  0  0  0  0  0
    2.2595   -2.1431    2.6310  C  0  0  0  0  0
    3.3649   -1.5585    3.1470  O  0  0  0  0  0
    8.0035   -1.5151    2.8847  O  0  0  0  0  0
    7.5100   -0.5042    3.6463  C  0  0  0  0  0
    6.1209   -0.5250    3.6381  C  0  0  0  0  0
    5.4436    0.4632    4.3826  C  0  0  0  0  0
    6.1895    1.4142    5.0942  C  0  0  0  0  0
    7.5854    1.3941    5.0726  C  0  0  0  0  0
    8.2803    0.4261    4.3416  C  0  0  0  0  0
  1  7  2  0  0  0
  1 10  1  0  0  0
  1  2  1  0  0  0
  2 13  1  0  0  0
  2  3  2  0  0  0
  3  4  1  0  0  0
  3 11  1  0  0  0
  4  5  1  0  0  0
  5  6  1  0  0  0
  6  7  1  0  0  0
  7  8  1  0  0  0
  8  9  2  0  0  0
  9 10  1  0  0  0
 11 12  1  0  0  0
 12 17  2  0  0  0
 12 13  1  0  0  0
 13 14  2  0  0  0
 14 15  1  0  0  0
 15 16  2  0  0  0
 16 17  1  0  0  0
M  END
$$$$
c12c3c(cco3)CCCc1o[c]4[c]2cccc4
  -ISIS-

 17 20  0  0  0  0  0  0  0  0  1
    4.4641   -2.0529    2.4958  C  0  0  0  0  0
    5.7571   -1.6287    2.8056  C  0  0  0  0  0
    6.9372   -2.2009    2.3764  C  0  0  0  0  0
    7.2984   -3.3477    1.5153  C  0  0  0  0  0
    6.1651   -4.3446    1.2896  C  0  0  0  0  0
    4.9082   -3.7945    0.5424  C  0  0  0  0  0
    4.0554   -2.9750    1.5268  C  0  0  0  0  0
    2.6198   -3.0173    1.6376  C  0  0  0  0  0
    2.2595   -2.1431    2.6310  C  0  0  0  0  0
    3.3649   -1.5585    3.1470  O  0  0  0  0  0
    8.0035   -1.5151    2.8847  O  0  0  0  0  0
    7.5100   -0.5042    3.6463  C  0  0  0  0  0
    6.1209   -0.5250    3.6381  C  0  0  0  0  0
    5.4436    0.4632    4.3826  C  0  0  0  0  0
    6.1895    1.4142    5.0942  C  0  0  0  0  0
    7.5854    1.3941    5.0726  C  0  0  0  0  0
    8.2803    0.4261    4.3416  C  0  0  0  0  0
  1  7  2  0  0  0
  1 10  1  0  0  0
  1  2  1  0  0  0
  2 13  1  0  0  0
  2  3  2  0  0  0
  3  4  1  0  0  0
  3 11  1  0  0  0
  4  5  1  0  0  0
  5  6  1  0  0  0
  6  7  1  0  0  0
  7  8  1  0  0  0
  8  9  2  0  0  0
  9 10  1  0  0  0
 11 12  1  0  0  0
 12 17  2  0  0  0
 12 13  1  0  0  0
 13 14  2  0  0  0
 14 15  1  0  0  0
 15 16  2  0  0  0
 16 17  1  0  0  0
M  END
$$$$
c12c3c(cco3)CCCc1o[c]4[c]2cccc4
  -ISIS-

 17 20  0  0  0  0  0  0  0  0  1
   -3.8730   -1.7298   -0.4102  C  0  0  0  0  0
   -4.0948   -1.4694    0.9282  C  0  0  0  0  0
   -3.7301   -2.1220    2.2090  C  0  0  0  0  0
   -3.3983   -3.6054    2.0801  C  0  0  0  0  0
   -2.1761   -3.9321    1.2060  C  0  0  0  0  0
   -2.4411   -3.7841   -0.2667  C  0  0  0  0  0
   -3.1747   -2.8147   -0.9437  C  0  0  0  0  0
   -3.1261   -3.0745   -2.2881  O  0  0  0  0  0
   -2.3815   -4.1915   -2.4800  C  0  0  0  0  0
   -1.9368   -4.6677   -1.2717  C  0  0  0  0  0
   -4.8159   -0.3189    1.0654  O  0  0  0  0  0
   -5.0703    0.1619   -0.1826  C  0  0  0  0  0
   -5.7844    1.3212   -0.4909  C  0  0  0  0  0
   -5.9355    1.6447   -1.8417  C  0  0  0  0  0
   -5.3846    0.8249   -2.8262  C  0  0  0  0  0
   -4.6701   -0.3353   -2.4999  C  0  0  0  0  0
   -4.5084   -0.6773   -1.1402  C  0  0  0  0  0
  1  7  1  0  0  0
  1 17  1  0  0  0
  1  2  2  0  0  0
  2  3  1  0  0  0
  2 11  1  0  0  0
  3  4  1  0  0  0
  4  5  1  0  0  0
  5  6  1  0  0  0
  6 10  1  0  0  0
  6  7  2  0  0  0
  7  8  1  0  0  0
  8  9  1  0  0  0
  9 10  2  0  0  0
 11 12  1  0  0  0
 12 17  2  0  0  0
 12 13  1  0  0  0
 13 14  2  0  0  0
 14 15  1  0  0  0
 15 16  2  0  0  0
 16 17  1  0  0  0
M  END
$$$$
c12c3c(cco3)CCCc1o[c]4[c]2cccc4
  -ISIS-

 17 20  0  0  0  0  0  0  0  0  1
   -3.8730   -1.7298   -0.4102  C  0  0  0  0  0
   -4.0948   -1.4694    0.9282  C  0  0  0  0  0
   -3.7301   -2.1220    2.2090  C  0  0  0  0  0
   -3.3983   -3.6054    2.0801  C  0  0  0  0  0
   -2.1761   -3.9321    1.2060  C  0  0  0  0  0
   -2.4411   -3.7841   -0.2667  C  0  0  0  0  0
   -3.1747   -2.8147   -0.9437  C  0  0  0  0  0
   -3.1261   -3.0745   -2.2881  O  0  0  0  0  0
   -2.3815   -4.1915   -2.4800  C  0  0  0  0  0
   -1.9368   -4.6677   -1.2717  C  0  0  0  0  0
   -4.8159   -0.3189    1.0654  O  0  0  0  0  0
   -5.0703    0.1619   -0.1826  C  0  0  0  0  0
   -5.7844    1.3212   -0.4909  C  0  0  0  0  0
   -5.9355    1.6447   -1.8417  C  0  0  0  0  0
   -5.3846    0.8249   -2.8262  C  0  0  0  0  0
   -4.6701   -0.3353   -2.4999  C  0  0  0  0  0
   -4.5084   -0.6773   -1.1402  C  0  0  0  0  0
  1  7  1  0  0  0
  1 17  1  0  0  0
  1  2  2  0  0  0
  2  3  1  0  0  0
  2 11  1  0  0  0
  3  4  1  0  0  0
  4  5  1  0  0  0
  5  6  1  0  0  0
  6 10  1  0  0  0
  6  7  2  0  0  0
  7  8  1  0  0  0
  8  9  1  0  0  0
  9 10  2  0  0  0
 11 12  1  0  0  0
 12 17  2  0  0  0
 12 13  1  0  0  0
 13 14  2  0  0  0
 14 15  1  0  0  0
 15 16  2  0  0  0
 16 17  1  0  0  0
M  END
$$$$
c12c3c(cco3)CCCc1o[c]4[c]2cccc4
  -ISIS-

 17 20  0  0  0  0  0  0  0  0  1
   -3.8730   -1.7298   -0.4102  C  0  0  0  0  0
   -4.0948   -1.4694    0.9282  C  0  0  0  0  0
   -3.7301   -2.1220    2.2090  C  0  0  0  0  0
   -3.3983   -3.6054    2.0801  C  0  0  0  0  0
   -2.1761   -3.9321    1.2060  C  0  0  0  0  0
   -2.4411   -3.7841   -0.2667  C  0  0  0  0  0
   -3.1747   -2.8147   -0.9437  C  0  0  0  0  0
   -3.1261   -3.0745   -2.2881  O  0  0  0  0  0
   -2.3815   -4.1915   -2.4800  C  0  0  0  0  0
   -1.9368   -4.6677   -1.2717  C  0  0  0  0  0
   -4.8159   -0.3189    1.0654  O  0  0  0  0  0
   -5.0703    0.1619   -0.1826  C  0  0  0  0  0
   -5.7844    1.3212   -0.4909  C  0  0  0  0  0
   -5.9355    1.6447   -1.8417  C  0  0  0  0  0
   -5.3846    0.8249   -2.8262  C  0  0  0  0  0
   -4.6701   -0.3353   -2.4999  C  0  0  0  0  0
   -4.5084   -0.6773   -1.1402  C  0  0  0  0  0
  1  7  1  0  0  0
  1 17  1  0  0  0
  1  2  2  0  0  0
  2  3  1  0  0  0
  2 11  1  0  0  0
  3  4  1  0  0  0
  4  5  1  0  0  0
  5  6  1  0  0  0
  6 10  1  0  0  0
  6  7  2  0  0  0
  7  8  1  0  0  0
  8  9  1  0  0  0
  9 10  2  0  0  0
 11 12  1  0  0  0
 12 17  2  0  0  0
 12 13  1  0  0  0
 13 14  2  0  0  0
 14 15  1  0  0  0
 15 16  2  0  0  0
 16 17  1  0  0  0
M  END
$$$$
c12c3c(cco3)CCCc1o[c]4[c]2cccc4
  -ISIS-

 17 20  0  0  0  0  0  0  0  0  1
   -3.8730   -1.7298   -0.4102  C  0  0  0  0  0
   -4.0948   -1.4694    0.9282  C  0  0  0  0  0
   -3.7301   -2.1220    2.2090  C  0  0  0  0  0
   -3.3983   -3.6054    2.0801  C  0  0  0  0  0
   -2.1761   -3.9321    1.2060  C  0  0  0  0  0
   -2.4411   -3.7841   -0.2667  C  0  0  0  0  0
   -3.1747   -2.8147   -0.9437  C  0  0  0  0  0
   -3.1261   -3.0745   -2.2881  O  0  0  0  0  0
   -2.3815   -4.1915   -2.4800  C  0  0  0  0  0
   -1.9368   -4.6677   -1.2717  C  0  0  0  0  0
   -4.8159   -0.3189    1.0654  O  0  0  0  0  0
   -5.0703    0.1619   -0.1826  C  0  0  0  0  0
   -5.7844    1.3212   -0.4909  C  0  0  0  0  0
   -5.9355    1.6447   -1.8417  C  0  0  0  0  0
   -5.3846    0.8249   -2.8262  C  0  0  0  0  0
   -4.6701   -0.3353   -2.4999  C  0  0  0  0  0
   -4.5084   -0.6773   -1.1402  C  0  0  0  0  0
  1  7  1  0  0  0
  1 17  1  0  0  0
  1  2  2  0  0  0
  2  3  1  0  0  0
  2 11  1  0  0  0
  3  4  1  0  0  0
  4  5  1  0  0  0
  5  6  1  0  0  0
  6 10  1  0  0  0
  6  7  2  0  0  0
  7  8  1  0  0  0
  8  9  1  0  0  0
  9 10  2  0  0  0
 11 12  1  0  0  0
 12 17  2  0  0  0
 12 13  1  0  0  0
 13 14  2  0  0  0
 14 15  1  0  0  0
 15 16  2  0  0  0
 16 17  1  0  0  0
M  END
$$$$
c12c3c(cco3)CCCc1o[c]4[c]2cccc4
  -ISIS-

 17 20  0  0  0  0  0  0  0  0  1
   -1.2354   -1.2897    1.6284  C  0  0  0  0  0
   -0.7568   -0.6791    2.7887  C  0  0  0  0  0
    0.1753   -1.1936    3.6667  C  0  0  0  0  0
    0.9696   -2.4385    3.7472  C  0  0  0  0  0
    0.4383   -3.5770    2.8808  C  0  0  0  0  0
    0.4454   -3.3242    1.3392  C  0  0  0  0  0
   -0.7449   -2.4218    0.9696  C  0  0  0  0  0
   -1.6108   -2.5922   -0.1691  C  0  0  0  0  0
   -2.5386   -1.5829   -0.1332  C  0  0  0  0  0
   -2.3142   -0.7954    0.9435  O  0  0  0  0  0
    0.3923   -0.3146    4.6894  O  0  0  0  0  0
   -0.4040    0.7645    4.4728  C  0  0  0  0  0
   -1.1432    0.5954    3.3086  C  0  0  0  0  0
   -2.0256    1.6298    2.9335  C  0  0  0  0  0
   -2.1221    2.7727    3.7409  C  0  0  0  0  0
   -1.3589    2.8967    4.9034  C  0  0  0  0  0
   -0.4763    1.8863    5.2966  C  0  0  0  0  0
  1  7  2  0  0  0
  1 10  1  0  0  0
  1  2  1  0  0  0
  2 13  1  0  0  0
  2  3  2  0  0  0
  3  4  1  0  0  0
  3 11  1  0  0  0
  4  5  1  0  0  0
  5  6  1  0  0  0
  6  7  1  0  0  0
  7  8  1  0  0  0
  8  9  2  0  0  0
  9 10  1  0  0  0
 11 12  1  0  0  0
 12 17  2  0  0  0
 12 13  1  0  0  0
 13 14  2  0  0  0
 14 15  1  0  0  0
 15 16  2  0  0  0
 16 17  1  0  0  0
M  END
$$$$
c12c3c(cco3)CCCc1o[c]4[c]2cccc4
  -ISIS-

 17 20  0  0  0  0  0  0  0  0  1
   -1.2354   -1.2897    1.6284  C  0  0  0  0  0
   -0.7568   -0.6791    2.7887  C  0  0  0  0  0
    0.1753   -1.1936    3.6667  C  0  0  0  0  0
    0.9696   -2.4385    3.7472  C  0  0  0  0  0
    0.4383   -3.5770    2.8808  C  0  0  0  0  0
    0.4454   -3.3242    1.3392  C  0  0  0  0  0
   -0.7449   -2.4218    0.9696  C  0  0  0  0  0
   -1.6108   -2.5922   -0.1691  C  0  0  0  0  0
   -2.5386   -1.5829   -0.1332  C  0  0  0  0  0
   -2.3142   -0.7954    0.9435  O  0  0  0  0  0
    0.3923   -0.3146    4.6894  O  0  0  0  0  0
   -0.4040    0.7645    4.4728  C  0  0  0  0  0
   -1.1432    0.5954    3.3086  C  0  0  0  0  0
   -2.0256    1.6298    2.9335  C  0  0  0  0  0
   -2.1221    2.7727    3.7409  C  0  0  0  0  0
   -1.3589    2.8967    4.9034  C  0  0  0  0  0
   -0.4763    1.8863    5.2966  C  0  0  0  0  0
  1  7  2  0  0  0
  1 10  1  0  0  0
  1  2  1  0  0  0
  2 13  1  0  0  0
  2  3  2  0  0  0
  3  4  1  0  0  0
  3 11  1  0  0  0
  4  5  1  0  0  0
  5  6  1  0  0  0
  6  7  1  0  0  0
  7  8  1  0  0  0
  8  9  2  0  0  0
  9 10  1  0  0  0
 11 12  1  0  0  0
 12 17  2  0  0  0
 12 13  1  0  0  0
 13 14  2  0  0  0
 14 15  1  0  0  0
 15 16  2  0  0  0
 16 17  1  0  0  0
M  END
$$$$
