c12c(cccc1)CCC3C2OCC3
  -ISIS-

 13 15  0  0  0  0  0  0  0  0  1
   -4.7648   -0.6269   -4.6731  C  0  0  0  0  0
   -5.2944   -1.9401   -4.6421  C  0  0  0  0  0
   -5.7899   -2.4924   -5.8297  C  0  0  0  0  0
   -5.8222   -1.7638   -7.0160  C  0  0  0  0  0
   -5.3546   -0.4453   -7.0535  C  0  0  0  0  0
   -4.8352    0.1407   -5.8765  C  0  0  0  0  0
   -4.3127    1.5748   -5.9366  C  0  0  0  0  0
   -3.8921    2.1891   -4.5952  C  0  0  0  0  0
   -3.2066    1.1174   -3.7790  C  0  0  0  0  0
   -4.2172    0.0448   -3.4267  C  0  0  0  0  0
   -3.4847   -0.7623   -2.5079  O  0  0  0  0  0
   -2.6585    0.0645   -1.7916  C  0  0  0  0  0
   -2.6130    1.4407   -2.4216  C  0  0  0  0  0
  1 10  1  0  0  0
  1  6  2  0  0  0
  1  2  1  0  0  0
  2  3  2  0  0  0
  3  4  1  0  0  0
  4  5  2  0  0  0
  5  6  1  0  0  0
  6  7  1  0  0  0
  7  8  1  0  0  0
  8  9  1  0  0  0
  9 13  1  0  0  0
  9 10  1  0  0  0
 10 11  1  0  0  0
 11 12  1  0  0  0
 12 13  1  0  0  0
M  END
$$$$
