C12C(=CC3N1C=CCN=3)C=CC=CC=2
  -ISIS-

 14 16  0  0  0  0  0  0  0  0  1
   -3.7442   -1.3692   -6.7080  C  0  0  0  0  0
   -3.8230   -2.6468   -7.4327  C  0  0  0  0  0
   -4.4240   -3.4956   -6.5730  C  0  0  0  0  0
   -4.7389   -2.8118   -5.2950  C  0  0  0  0  0
   -4.3358   -1.4863   -5.4664  N  0  0  0  0  0
   -4.3782   -0.3495   -4.6816  C  0  0  0  0  0
   -3.8245    0.7954   -5.1109  C  0  0  0  0  0
   -3.1468    0.8181   -6.4317  C  0  0  0  0  0
   -3.1850   -0.3187   -7.2076  N  0  0  0  0  0
   -5.2589   -3.4136   -4.2129  C  0  0  0  0  0
   -5.6464   -4.7923   -4.0161  C  0  0  0  0  0
   -5.6325   -5.8182   -4.8751  C  0  0  0  0  0
   -5.2259   -5.8411   -6.2560  C  0  0  0  0  0
   -4.7013   -4.8524   -6.9893  C  0  0  0  0  0
  1  9  2  0  0  0
  1  5  1  0  0  0
  1  2  1  0  0  0
  2  3  2  0  0  0
  3 14  1  0  0  0
  3  4  1  0  0  0
  4  5  1  0  0  0
  4 10  2  0  0  0
  5  6  1  0  0  0
  6  7  2  0  0  0
  7  8  1  0  0  0
  8  9  1  0  0  0
 10 11  1  0  0  0
 11 12  2  0  0  0
 12 13  1  0  0  0
 13 14  2  0  0  0
M  END
$$$$
C12C(=CC3N1C=CCN=3)C=CC=CC=2
  -ISIS-

 14 16  0  0  0  0  0  0  0  0  1
   -3.7442   -1.3692   -6.7080  C  0  0  0  0  0
   -3.8230   -2.6468   -7.4327  C  0  0  0  0  0
   -4.4240   -3.4956   -6.5730  C  0  0  0  0  0
   -4.7389   -2.8118   -5.2950  C  0  0  0  0  0
   -4.3358   -1.4863   -5.4664  N  0  0  0  0  0
   -4.3782   -0.3495   -4.6816  C  0  0  0  0  0
   -3.8245    0.7954   -5.1109  C  0  0  0  0  0
   -3.1468    0.8181   -6.4317  C  0  0  0  0  0
   -3.1850   -0.3187   -7.2076  N  0  0  0  0  0
   -5.2589   -3.4136   -4.2129  C  0  0  0  0  0
   -5.6464   -4.7923   -4.0161  C  0  0  0  0  0
   -5.6325   -5.8182   -4.8751  C  0  0  0  0  0
   -5.2259   -5.8411   -6.2560  C  0  0  0  0  0
   -4.7013   -4.8524   -6.9893  C  0  0  0  0  0
  1  9  2  0  0  0
  1  5  1  0  0  0
  1  2  1  0  0  0
  2  3  2  0  0  0
  3 14  1  0  0  0
  3  4  1  0  0  0
  4  5  1  0  0  0
  4 10  2  0  0  0
  5  6  1  0  0  0
  6  7  2  0  0  0
  7  8  1  0  0  0
  8  9  1  0  0  0
 10 11  1  0  0  0
 11 12  2  0  0  0
 12 13  1  0  0  0
 13 14  2  0  0  0
M  END
$$$$
