c12c(cccc1)CC3C(C2)CCCC3
  -ISIS-

 14 16  0  0  0  0  0  0  0  0  1
    2.8749   -2.3188   -5.6339  C  0  0  0  0  0
    1.4058   -2.4826   -5.7297  C  0  0  0  0  0
    0.5053   -2.0278   -4.5940  C  0  0  0  0  0
   -0.7290   -1.3106   -5.1755  C  0  0  0  0  0
   -1.3359   -0.3168   -4.1899  C  0  0  0  0  0
   -0.3433    0.7752   -3.7630  C  0  0  0  0  0
    1.1257    0.3257   -3.8199  C  0  0  0  0  0
    1.1960   -1.1820   -3.5228  C  0  0  0  0  0
    2.6216   -1.6072   -3.2736  C  0  0  0  0  0
    3.4744   -1.8798   -4.4514  C  0  0  0  0  0
    4.8679   -1.7140   -4.4008  C  0  0  0  0  0
    5.6619   -2.0061   -5.5109  C  0  0  0  0  0
    5.0663   -2.4613   -6.6835  C  0  0  0  0  0
    3.6839   -2.6147   -6.7439  C  0  0  0  0  0
  1 10  2  0  0  0
  1 14  1  0  0  0
  1  2  1  0  0  0
  2  3  1  0  0  0
  3  8  1  0  0  0
  3  4  1  0  0  0
  4  5  1  0  0  0
  5  6  1  0  0  0
  6  7  1  0  0  0
  7  8  1  0  0  0
  8  9  1  0  0  0
  9 10  1  0  0  0
 10 11  1  0  0  0
 11 12  2  0  0  0
 12 13  1  0  0  0
 13 14  2  0  0  0
M  END
$$$$
