c12c(c[c]3[c](n1)cccc3)CNCC2
  -ISIS-

 14 16  0  0  0  0  0  0  0  0  1
    5.7435   -3.8883   -1.7105  C  0  0  0  0  0
    5.6882   -5.2963   -1.2136  C  0  0  0  0  0
    4.4253   -5.9851   -1.6812  N  0  0  0  0  0
    3.2013   -5.0712   -1.6657  C  0  0  0  0  0
    3.4275   -3.7738   -0.8754  C  0  0  0  0  0
    4.6398   -3.0895   -1.4509  C  0  0  0  0  0
    4.5580   -1.7933   -1.7995  N  0  0  0  0  0
    5.6025   -1.2540   -2.4606  C  0  0  0  0  0
    5.5309    0.0887   -2.8079  C  0  0  0  0  0
    6.5461    0.7230   -3.5273  C  0  0  0  0  0
    7.6642    0.0009   -3.9175  C  0  0  0  0  0
    7.7627   -1.3485   -3.5822  C  0  0  0  0  0
    6.7463   -1.9975   -2.8442  C  0  0  0  0  0
    6.7877   -3.3629   -2.4758  C  0  0  0  0  0
  1  6  2  0  0  0
  1 14  1  0  0  0
  1  2  1  0  0  0
  2  3  1  0  0  0
  3  4  1  0  0  0
  4  5  1  0  0  0
  5  6  1  0  0  0
  6  7  1  0  0  0
  7  8  2  0  0  0
  8 13  2  0  0  0
  8  9  1  0  0  0
  9 10  2  0  0  0
 10 11  1  0  0  0
 11 12  2  0  0  0
 12 13  1  0  0  0
 13 14  2  0  0  0
M  END
$$$$
