c12c(cccc1)CC3C(C2)COC3
  -ISIS-

 13 15  0  0  0  0  0  0  0  0  1
   -4.7539   -3.4879    4.6440  C  0  0  0  0  0
   -3.6171   -4.2988    4.4520  C  0  0  0  0  0
   -3.4503   -5.4491    5.2136  C  0  0  0  0  0
   -4.3948   -5.8023    6.1703  C  0  0  0  0  0
   -5.5218   -5.0219    6.3805  C  0  0  0  0  0
   -5.7222   -3.8621    5.6152  C  0  0  0  0  0
   -6.9555   -3.0234    5.8990  C  0  0  0  0  0
   -7.2437   -2.0714    4.7575  C  0  0  0  0  0
   -5.9816   -1.3162    4.3966  C  0  0  0  0  0
   -4.9115   -2.2248    3.7848  C  0  0  0  0  0
   -6.5518   -0.1574    3.6199  C  0  0  0  0  0
   -7.7359    0.1823    4.3634  O  0  0  0  0  0
   -8.1569   -0.9217    5.0658  C  0  0  0  0  0
  1 10  1  0  0  0
  1  6  2  0  0  0
  1  2  1  0  0  0
  2  3  2  0  0  0
  3  4  1  0  0  0
  4  5  2  0  0  0
  5  6  1  0  0  0
  6  7  1  0  0  0
  7  8  1  0  0  0
  8 13  1  0  0  0
  8  9  1  0  0  0
  9 10  1  0  0  0
  9 11  1  0  0  0
 11 12  1  0  0  0
 12 13  1  0  0  0
M  END
$$$$
