c12c(cccc1)COCCO2
  -ISIS-

 11 12  0  0  0  0  0  0  0  0  1
   -2.9427    2.6511    2.7794  C  0  0  0  0  0
   -2.5631    3.0584    1.5477  O  0  0  0  0  0
   -1.6649    2.2931    0.7440  C  0  0  0  0  0
   -2.3395    1.0674    0.1777  C  0  0  0  0  0
   -2.7953    0.1546    1.1194  O  0  0  0  0  0
   -2.3928    0.2034    2.4665  C  0  0  0  0  0
   -2.4547    1.3451    3.2640  C  0  0  0  0  0
   -2.0828    1.2539    4.6138  C  0  0  0  0  0
   -1.6428    0.0398    5.1460  C  0  0  0  0  0
   -1.5867   -1.0953    4.3389  C  0  0  0  0  0
   -1.9701   -1.0178    3.0006  C  0  0  0  0  0
  1  7  1  0  0  0
  1  2  1  0  0  0
  2  3  1  0  0  0
  3  4  1  0  0  0
  4  5  1  0  0  0
  5  6  1  0  0  0
  6 11  2  0  0  0
  6  7  1  0  0  0
  7  8  2  0  0  0
  8  9  1  0  0  0
  9 10  2  0  0  0
 10 11  1  0  0  0
M  END
$$$$
