c12c(cccc1)CCC3(NCNC3)C2
  -ISIS-

 14 16  0  0  0  0  0  0  0  0  1
    3.3207   -1.6841   -3.9534  C  0  0  0  0  0
    3.3379   -2.5731   -5.0415  C  0  0  0  0  0
    2.6515   -2.1664   -6.3178  C  0  0  0  0  0
    3.0046   -0.7157   -6.6361  C  0  0  0  0  0
    2.6543    0.2417   -5.4850  C  0  0  0  0  0
    2.5621   -0.3858   -4.0790  C  0  0  0  0  0
    3.5432    1.3955   -5.4981  N  0  0  0  0  0
    2.8829    2.5767   -5.7214  C  0  0  0  0  0
    1.5698    2.3066   -5.8906  N  0  0  0  0  0
    1.3317    0.9713   -5.7941  C  0  0  0  0  0
    3.9665   -3.8156   -4.9153  C  0  0  0  0  0
    4.5868   -4.1666   -3.7165  C  0  0  0  0  0
    4.5709   -3.2854   -2.6363  C  0  0  0  0  0
    3.9326   -2.0504   -2.7497  C  0  0  0  0  0
  1  6  1  0  0  0
  1 14  2  0  0  0
  1  2  1  0  0  0
  2  3  1  0  0  0
  2 11  2  0  0  0
  3  4  1  0  0  0
  4  5  1  0  0  0
  5 10  1  0  0  0
  5  6  1  0  0  0
  5  7  1  0  0  0
  7  8  1  0  0  0
  8  9  1  0  0  0
  9 10  1  0  0  0
 11 12  1  0  0  0
 12 13  2  0  0  0
 13 14  1  0  0  0
M  END
$$$$
c12c(cccc1)CCC3(NCNC3)C2
  -ISIS-

 14 16  0  0  0  0  0  0  0  0  1
    3.3207   -1.6841   -3.9534  C  0  0  0  0  0
    3.3379   -2.5731   -5.0415  C  0  0  0  0  0
    2.6515   -2.1664   -6.3178  C  0  0  0  0  0
    3.0046   -0.7157   -6.6361  C  0  0  0  0  0
    2.6543    0.2417   -5.4850  C  0  0  0  0  0
    2.5621   -0.3858   -4.0790  C  0  0  0  0  0
    3.5432    1.3955   -5.4981  N  0  0  0  0  0
    2.8829    2.5767   -5.7214  C  0  0  0  0  0
    1.5698    2.3066   -5.8906  N  0  0  0  0  0
    1.3317    0.9713   -5.7941  C  0  0  0  0  0
    3.9665   -3.8156   -4.9153  C  0  0  0  0  0
    4.5868   -4.1666   -3.7165  C  0  0  0  0  0
    4.5709   -3.2854   -2.6363  C  0  0  0  0  0
    3.9326   -2.0504   -2.7497  C  0  0  0  0  0
  1  6  1  0  0  0
  1 14  2  0  0  0
  1  2  1  0  0  0
  2  3  1  0  0  0
  2 11  2  0  0  0
  3  4  1  0  0  0
  4  5  1  0  0  0
  5 10  1  0  0  0
  5  6  1  0  0  0
  5  7  1  0  0  0
  7  8  1  0  0  0
  8  9  1  0  0  0
  9 10  1  0  0  0
 11 12  1  0  0  0
 12 13  2  0  0  0
 13 14  1  0  0  0
M  END
$$$$
c12c(cccc1)CCC3(NCNC3)C2
  -ISIS-

 14 16  0  0  0  0  0  0  0  0  1
   -0.1901    8.0157    3.2047  C  0  0  0  0  0
   -1.0343    7.3964    4.1426  C  0  0  0  0  0
   -1.9728    6.2848    3.7526  C  0  0  0  0  0
   -1.5537    5.5651    2.4741  C  0  0  0  0  0
   -1.1886    6.5390    1.3579  C  0  0  0  0  0
   -0.1140    7.5516    1.7695  C  0  0  0  0  0
   -0.7809    5.8095    0.1636  N  0  0  0  0  0
   -1.6031    6.0381   -0.9099  C  0  0  0  0  0
   -2.5744    6.8952   -0.5294  N  0  0  0  0  0
   -2.4311    7.2495    0.7766  C  0  0  0  0  0
   -1.0527    7.8628    5.4670  C  0  0  0  0  0
   -0.2257    8.9124    5.8638  C  0  0  0  0  0
    0.6161    9.5080    4.9371  C  0  0  0  0  0
    0.6429    9.0709    3.6162  C  0  0  0  0  0
  1  6  1  0  0  0
  1 14  2  0  0  0
  1  2  1  0  0  0
  2  3  1  0  0  0
  2 11  2  0  0  0
  3  4  1  0  0  0
  4  5  1  0  0  0
  5 10  1  0  0  0
  5  6  1  0  0  0
  5  7  1  0  0  0
  7  8  1  0  0  0
  8  9  1  0  0  0
  9 10  1  0  0  0
 11 12  1  0  0  0
 12 13  2  0  0  0
 13 14  1  0  0  0
M  END
$$$$
c12c(cccc1)CCC3(NCNC3)C2
  -ISIS-

 14 16  0  0  0  0  0  0  0  0  1
   -0.1901    8.0157    3.2047  C  0  0  0  0  0
   -1.0343    7.3964    4.1426  C  0  0  0  0  0
   -1.9728    6.2848    3.7526  C  0  0  0  0  0
   -1.5537    5.5651    2.4741  C  0  0  0  0  0
   -1.1886    6.5390    1.3579  C  0  0  0  0  0
   -0.1140    7.5516    1.7695  C  0  0  0  0  0
   -0.7809    5.8095    0.1636  N  0  0  0  0  0
   -1.6031    6.0381   -0.9099  C  0  0  0  0  0
   -2.5744    6.8952   -0.5294  N  0  0  0  0  0
   -2.4311    7.2495    0.7766  C  0  0  0  0  0
   -1.0527    7.8628    5.4670  C  0  0  0  0  0
   -0.2257    8.9124    5.8638  C  0  0  0  0  0
    0.6161    9.5080    4.9371  C  0  0  0  0  0
    0.6429    9.0709    3.6162  C  0  0  0  0  0
  1  6  1  0  0  0
  1 14  2  0  0  0
  1  2  1  0  0  0
  2  3  1  0  0  0
  2 11  2  0  0  0
  3  4  1  0  0  0
  4  5  1  0  0  0
  5 10  1  0  0  0
  5  6  1  0  0  0
  5  7  1  0  0  0
  7  8  1  0  0  0
  8  9  1  0  0  0
  9 10  1  0  0  0
 11 12  1  0  0  0
 12 13  2  0  0  0
 13 14  1  0  0  0
M  END
$$$$
c12c(cccc1)CCC3(NCNC3)C2
  -ISIS-

 14 16  0  0  0  0  0  0  0  0  1
   -0.1901    8.0157    3.2047  C  0  0  0  0  0
   -1.0343    7.3964    4.1426  C  0  0  0  0  0
   -1.9728    6.2848    3.7526  C  0  0  0  0  0
   -1.5537    5.5651    2.4741  C  0  0  0  0  0
   -1.1886    6.5390    1.3579  C  0  0  0  0  0
   -0.1140    7.5516    1.7695  C  0  0  0  0  0
   -0.7809    5.8095    0.1636  N  0  0  0  0  0
   -1.6031    6.0381   -0.9099  C  0  0  0  0  0
   -2.5744    6.8952   -0.5294  N  0  0  0  0  0
   -2.4311    7.2495    0.7766  C  0  0  0  0  0
   -1.0527    7.8628    5.4670  C  0  0  0  0  0
   -0.2257    8.9124    5.8638  C  0  0  0  0  0
    0.6161    9.5080    4.9371  C  0  0  0  0  0
    0.6429    9.0709    3.6162  C  0  0  0  0  0
  1  6  1  0  0  0
  1 14  2  0  0  0
  1  2  1  0  0  0
  2  3  1  0  0  0
  2 11  2  0  0  0
  3  4  1  0  0  0
  4  5  1  0  0  0
  5 10  1  0  0  0
  5  6  1  0  0  0
  5  7  1  0  0  0
  7  8  1  0  0  0
  8  9  1  0  0  0
  9 10  1  0  0  0
 11 12  1  0  0  0
 12 13  2  0  0  0
 13 14  1  0  0  0
M  END
$$$$
c12c(cccc1)CCC3(NCNC3)C2
  -ISIS-

 14 16  0  0  0  0  0  0  0  0  1
    0.3866    2.0822   -2.5267  C  0  0  0  0  0
   -0.6930    2.8213   -3.0446  C  0  0  0  0  0
   -0.8315    3.1064   -4.5202  C  0  0  0  0  0
    0.4578    2.8892   -5.3092  C  0  0  0  0  0
    1.1429    1.5906   -4.8962  C  0  0  0  0  0
    1.5146    1.6012   -3.4112  C  0  0  0  0  0
    0.3731    0.4175   -5.2726  N  0  0  0  0  0
    1.0557   -0.4054   -6.1331  C  0  0  0  0  0
    2.2359    0.1795   -6.4385  N  0  0  0  0  0
    2.3970    1.3411   -5.7490  C  0  0  0  0  0
   -1.7031    3.2613   -2.1755  C  0  0  0  0  0
   -1.6327    2.9944   -0.8087  C  0  0  0  0  0
   -0.5544    2.2811   -0.2947  C  0  0  0  0  0
    0.4516    1.8298   -1.1478  C  0  0  0  0  0
  1  6  1  0  0  0
  1 14  2  0  0  0
  1  2  1  0  0  0
  2  3  1  0  0  0
  2 11  2  0  0  0
  3  4  1  0  0  0
  4  5  1  0  0  0
  5 10  1  0  0  0
  5  6  1  0  0  0
  5  7  1  0  0  0
  7  8  1  0  0  0
  8  9  1  0  0  0
  9 10  1  0  0  0
 11 12  1  0  0  0
 12 13  2  0  0  0
 13 14  1  0  0  0
M  END
$$$$
c12c(cccc1)CCC3(NCNC3)C2
  -ISIS-

 14 16  0  0  0  0  0  0  0  0  1
    0.3866    2.0822   -2.5267  C  0  0  0  0  0
   -0.6930    2.8213   -3.0446  C  0  0  0  0  0
   -0.8315    3.1064   -4.5202  C  0  0  0  0  0
    0.4578    2.8892   -5.3092  C  0  0  0  0  0
    1.1429    1.5906   -4.8962  C  0  0  0  0  0
    1.5146    1.6012   -3.4112  C  0  0  0  0  0
    0.3731    0.4175   -5.2726  N  0  0  0  0  0
    1.0557   -0.4054   -6.1331  C  0  0  0  0  0
    2.2359    0.1795   -6.4385  N  0  0  0  0  0
    2.3970    1.3411   -5.7490  C  0  0  0  0  0
   -1.7031    3.2613   -2.1755  C  0  0  0  0  0
   -1.6327    2.9944   -0.8087  C  0  0  0  0  0
   -0.5544    2.2811   -0.2947  C  0  0  0  0  0
    0.4516    1.8298   -1.1478  C  0  0  0  0  0
  1  6  1  0  0  0
  1 14  2  0  0  0
  1  2  1  0  0  0
  2  3  1  0  0  0
  2 11  2  0  0  0
  3  4  1  0  0  0
  4  5  1  0  0  0
  5 10  1  0  0  0
  5  6  1  0  0  0
  5  7  1  0  0  0
  7  8  1  0  0  0
  8  9  1  0  0  0
  9 10  1  0  0  0
 11 12  1  0  0  0
 12 13  2  0  0  0
 13 14  1  0  0  0
M  END
$$$$
c12c(cccc1)CCC3(NCNC3)C2
  -ISIS-

 14 16  0  0  0  0  0  0  0  0  1
   -4.0470   -5.1633   -0.3143  C  0  0  0  0  0
   -3.0401   -6.1254   -0.4971  C  0  0  0  0  0
   -1.5810   -5.7528   -0.5114  C  0  0  0  0  0
   -1.2925   -4.4327    0.1971  C  0  0  0  0  0
   -2.2580   -3.3273   -0.2274  C  0  0  0  0  0
   -3.7288   -3.7120   -0.0455  C  0  0  0  0  0
   -1.9493   -2.0952    0.4857  N  0  0  0  0  0
   -1.4141   -1.1307   -0.3327  C  0  0  0  0  0
   -1.4773   -1.5722   -1.6135  N  0  0  0  0  0
   -1.9658   -2.8472   -1.6662  C  0  0  0  0  0
   -3.3998   -7.4611   -0.7347  C  0  0  0  0  0
   -4.7400   -7.8444   -0.7641  C  0  0  0  0  0
   -5.7370   -6.8955   -0.5646  C  0  0  0  0  0
   -5.3931   -5.5631   -0.3404  C  0  0  0  0  0
  1  6  1  0  0  0
  1 14  2  0  0  0
  1  2  1  0  0  0
  2  3  1  0  0  0
  2 11  2  0  0  0
  3  4  1  0  0  0
  4  5  1  0  0  0
  5 10  1  0  0  0
  5  6  1  0  0  0
  5  7  1  0  0  0
  7  8  1  0  0  0
  8  9  1  0  0  0
  9 10  1  0  0  0
 11 12  1  0  0  0
 12 13  2  0  0  0
 13 14  1  0  0  0
M  END
$$$$
c12c(cccc1)CCC3(NCNC3)C2
  -ISIS-

 14 16  0  0  0  0  0  0  0  0  1
   -4.0470   -5.1633   -0.3143  C  0  0  0  0  0
   -3.0401   -6.1254   -0.4971  C  0  0  0  0  0
   -1.5810   -5.7528   -0.5114  C  0  0  0  0  0
   -1.2925   -4.4327    0.1971  C  0  0  0  0  0
   -2.2580   -3.3273   -0.2274  C  0  0  0  0  0
   -3.7288   -3.7120   -0.0455  C  0  0  0  0  0
   -1.9493   -2.0952    0.4857  N  0  0  0  0  0
   -1.4141   -1.1307   -0.3327  C  0  0  0  0  0
   -1.4773   -1.5722   -1.6135  N  0  0  0  0  0
   -1.9658   -2.8472   -1.6662  C  0  0  0  0  0
   -3.3998   -7.4611   -0.7347  C  0  0  0  0  0
   -4.7400   -7.8444   -0.7641  C  0  0  0  0  0
   -5.7370   -6.8955   -0.5646  C  0  0  0  0  0
   -5.3931   -5.5631   -0.3404  C  0  0  0  0  0
  1  6  1  0  0  0
  1 14  2  0  0  0
  1  2  1  0  0  0
  2  3  1  0  0  0
  2 11  2  0  0  0
  3  4  1  0  0  0
  4  5  1  0  0  0
  5 10  1  0  0  0
  5  6  1  0  0  0
  5  7  1  0  0  0
  7  8  1  0  0  0
  8  9  1  0  0  0
  9 10  1  0  0  0
 11 12  1  0  0  0
 12 13  2  0  0  0
 13 14  1  0  0  0
M  END
$$$$
c12c(cccc1)CCC3(NCNC3)C2
  -ISIS-

 14 16  0  0  0  0  0  0  0  0  1
   -4.0470   -5.1633   -0.3143  C  0  0  0  0  0
   -3.0401   -6.1254   -0.4971  C  0  0  0  0  0
   -1.5810   -5.7528   -0.5114  C  0  0  0  0  0
   -1.2925   -4.4327    0.1971  C  0  0  0  0  0
   -2.2580   -3.3273   -0.2274  C  0  0  0  0  0
   -3.7288   -3.7120   -0.0455  C  0  0  0  0  0
   -1.9493   -2.0952    0.4857  N  0  0  0  0  0
   -1.4141   -1.1307   -0.3327  C  0  0  0  0  0
   -1.4773   -1.5722   -1.6135  N  0  0  0  0  0
   -1.9658   -2.8472   -1.6662  C  0  0  0  0  0
   -3.3998   -7.4611   -0.7347  C  0  0  0  0  0
   -4.7400   -7.8444   -0.7641  C  0  0  0  0  0
   -5.7370   -6.8955   -0.5646  C  0  0  0  0  0
   -5.3931   -5.5631   -0.3404  C  0  0  0  0  0
  1  6  1  0  0  0
  1 14  2  0  0  0
  1  2  1  0  0  0
  2  3  1  0  0  0
  2 11  2  0  0  0
  3  4  1  0  0  0
  4  5  1  0  0  0
  5 10  1  0  0  0
  5  6  1  0  0  0
  5  7  1  0  0  0
  7  8  1  0  0  0
  8  9  1  0  0  0
  9 10  1  0  0  0
 11 12  1  0  0  0
 12 13  2  0  0  0
 13 14  1  0  0  0
M  END
$$$$
c12c(cccc1)CCC3(NCNC3)C2
  -ISIS-

 14 16  0  0  0  0  0  0  0  0  1
   -1.0999    3.0916    4.5890  C  0  0  0  0  0
   -0.8930    2.8145    5.9617  C  0  0  0  0  0
   -0.7365    1.3932    6.4639  C  0  0  0  0  0
   -1.1900    0.3237    5.4758  C  0  0  0  0  0
   -0.6846    0.6310    4.0750  C  0  0  0  0  0
   -1.2263    1.9695    3.5741  C  0  0  0  0  0
    0.7619    0.5373    3.9737  N  0  0  0  0  0
    1.1644   -0.3948    3.0505  C  0  0  0  0  0
    0.0675   -1.0220    2.5693  N  0  0  0  0  0
   -1.0688   -0.4899    3.0957  C  0  0  0  0  0
   -0.7764    3.8793    6.8792  C  0  0  0  0  0
   -0.9045    5.1940    6.4315  C  0  0  0  0  0
   -1.1424    5.4649    5.0816  C  0  0  0  0  0
   -1.2449    4.4259    4.1573  C  0  0  0  0  0
  1  6  1  0  0  0
  1 14  2  0  0  0
  1  2  1  0  0  0
  2  3  1  0  0  0
  2 11  2  0  0  0
  3  4  1  0  0  0
  4  5  1  0  0  0
  5 10  1  0  0  0
  5  6  1  0  0  0
  5  7  1  0  0  0
  7  8  1  0  0  0
  8  9  1  0  0  0
  9 10  1  0  0  0
 11 12  1  0  0  0
 12 13  2  0  0  0
 13 14  1  0  0  0
M  END
$$$$
c12c(cccc1)CCC3(NCNC3)C2
  -ISIS-

 14 16  0  0  0  0  0  0  0  0  1
   -1.0999    3.0916    4.5890  C  0  0  0  0  0
   -0.8930    2.8145    5.9617  C  0  0  0  0  0
   -0.7365    1.3932    6.4639  C  0  0  0  0  0
   -1.1900    0.3237    5.4758  C  0  0  0  0  0
   -0.6846    0.6310    4.0750  C  0  0  0  0  0
   -1.2263    1.9695    3.5741  C  0  0  0  0  0
    0.7619    0.5373    3.9737  N  0  0  0  0  0
    1.1644   -0.3948    3.0505  C  0  0  0  0  0
    0.0675   -1.0220    2.5693  N  0  0  0  0  0
   -1.0688   -0.4899    3.0957  C  0  0  0  0  0
   -0.7764    3.8793    6.8792  C  0  0  0  0  0
   -0.9045    5.1940    6.4315  C  0  0  0  0  0
   -1.1424    5.4649    5.0816  C  0  0  0  0  0
   -1.2449    4.4259    4.1573  C  0  0  0  0  0
  1  6  1  0  0  0
  1 14  2  0  0  0
  1  2  1  0  0  0
  2  3  1  0  0  0
  2 11  2  0  0  0
  3  4  1  0  0  0
  4  5  1  0  0  0
  5 10  1  0  0  0
  5  6  1  0  0  0
  5  7  1  0  0  0
  7  8  1  0  0  0
  8  9  1  0  0  0
  9 10  1  0  0  0
 11 12  1  0  0  0
 12 13  2  0  0  0
 13 14  1  0  0  0
M  END
$$$$
c12c(cccc1)CCC3(NCNC3)C2
  -ISIS-

 14 16  0  0  0  0  0  0  0  0  1
   -1.0999    3.0916    4.5890  C  0  0  0  0  0
   -0.8930    2.8145    5.9617  C  0  0  0  0  0
   -0.7365    1.3932    6.4639  C  0  0  0  0  0
   -1.1900    0.3237    5.4758  C  0  0  0  0  0
   -0.6846    0.6310    4.0750  C  0  0  0  0  0
   -1.2263    1.9695    3.5741  C  0  0  0  0  0
    0.7619    0.5373    3.9737  N  0  0  0  0  0
    1.1644   -0.3948    3.0505  C  0  0  0  0  0
    0.0675   -1.0220    2.5693  N  0  0  0  0  0
   -1.0688   -0.4899    3.0957  C  0  0  0  0  0
   -0.7764    3.8793    6.8792  C  0  0  0  0  0
   -0.9045    5.1940    6.4315  C  0  0  0  0  0
   -1.1424    5.4649    5.0816  C  0  0  0  0  0
   -1.2449    4.4259    4.1573  C  0  0  0  0  0
  1  6  1  0  0  0
  1 14  2  0  0  0
  1  2  1  0  0  0
  2  3  1  0  0  0
  2 11  2  0  0  0
  3  4  1  0  0  0
  4  5  1  0  0  0
  5 10  1  0  0  0
  5  6  1  0  0  0
  5  7  1  0  0  0
  7  8  1  0  0  0
  8  9  1  0  0  0
  9 10  1  0  0  0
 11 12  1  0  0  0
 12 13  2  0  0  0
 13 14  1  0  0  0
M  END
$$$$
c12c(cccc1)CCC3(NCNC3)C2
  -ISIS-

 14 16  0  0  0  0  0  0  0  0  1
   -1.0999    3.0916    4.5890  C  0  0  0  0  0
   -0.8930    2.8145    5.9617  C  0  0  0  0  0
   -0.7365    1.3932    6.4639  C  0  0  0  0  0
   -1.1900    0.3237    5.4758  C  0  0  0  0  0
   -0.6846    0.6310    4.0750  C  0  0  0  0  0
   -1.2263    1.9695    3.5741  C  0  0  0  0  0
    0.7619    0.5373    3.9737  N  0  0  0  0  0
    1.1644   -0.3948    3.0505  C  0  0  0  0  0
    0.0675   -1.0220    2.5693  N  0  0  0  0  0
   -1.0688   -0.4899    3.0957  C  0  0  0  0  0
   -0.7764    3.8793    6.8792  C  0  0  0  0  0
   -0.9045    5.1940    6.4315  C  0  0  0  0  0
   -1.1424    5.4649    5.0816  C  0  0  0  0  0
   -1.2449    4.4259    4.1573  C  0  0  0  0  0
  1  6  1  0  0  0
  1 14  2  0  0  0
  1  2  1  0  0  0
  2  3  1  0  0  0
  2 11  2  0  0  0
  3  4  1  0  0  0
  4  5  1  0  0  0
  5 10  1  0  0  0
  5  6  1  0  0  0
  5  7  1  0  0  0
  7  8  1  0  0  0
  8  9  1  0  0  0
  9 10  1  0  0  0
 11 12  1  0  0  0
 12 13  2  0  0  0
 13 14  1  0  0  0
M  END
$$$$
