c12c3c([s]c1CCCCCN2)CCCC3
  -ISIS-

 15 17  0  0  0  0  0  0  0  0  1
    4.6636    0.4425   -4.3513  C  0  0  0  0  0
    4.3829   -0.0645   -5.6151  C  0  0  0  0  0
    4.2482    1.1736   -6.7936  S  0  0  0  0  0
    4.5683    2.3829   -5.6555  C  0  0  0  0  0
    4.7724    1.8845   -4.3812  C  0  0  0  0  0
    5.0182    2.8238   -3.2285  C  0  0  0  0  0
    4.6143    4.2700   -3.5521  C  0  0  0  0  0
    5.1410    4.7015   -4.9245  C  0  0  0  0  0
    4.5564    3.8323   -6.0442  C  0  0  0  0  0
    4.2419   -1.4883   -6.0780  C  0  0  0  0  0
    2.8023   -1.9884   -5.9806  C  0  0  0  0  0
    2.3849   -2.4258   -4.5761  C  0  0  0  0  0
    2.5598   -1.3560   -3.5051  C  0  0  0  0  0
    3.9570   -1.3878   -2.8983  C  0  0  0  0  0
    4.8696   -0.3819   -3.2188  N  0  0  0  0  0
  1  5  1  0  0  0
  1 15  1  0  0  0
  1  2  2  0  0  0
  2  3  1  0  0  0
  2 10  1  0  0  0
  3  4  1  0  0  0
  4  9  1  0  0  0
  4  5  2  0  0  0
  5  6  1  0  0  0
  6  7  1  0  0  0
  7  8  1  0  0  0
  8  9  1  0  0  0
 10 11  1  0  0  0
 11 12  1  0  0  0
 12 13  1  0  0  0
 13 14  1  0  0  0
 14 15  1  0  0  0
M  END
$$$$
