C12C3NC(C(N1)CCCC2)CCCC3
  -ISIS-

 14 16  0  0  0  0  0  0  0  0  1
    2.6290   -5.7722   -2.0313  N  0  0  0  0  0
    1.4045   -6.5946   -2.6194  C  0  0  0  0  0
    0.1402   -5.9679   -1.8191  C  0  0  0  0  0
    0.1218   -6.1185   -0.2807  N  0  0  0  0  0
    1.3915   -5.3739    0.2765  C  0  0  0  0  0
    2.6238   -6.0420   -0.5197  C  0  0  0  0  0
    3.8271   -6.8313   -0.0521  C  0  0  0  0  0
    3.7233   -8.3142   -0.5807  C  0  0  0  0  0
    3.0971   -8.6417   -1.9876  C  0  0  0  0  0
    1.6868   -8.1165   -2.4319  C  0  0  0  0  0
    1.0901   -3.8535    0.0118  C  0  0  0  0  0
   -0.4003   -3.4151   -0.3064  C  0  0  0  0  0
   -1.0872   -3.7660   -1.6914  C  0  0  0  0  0
   -1.1353   -5.2599   -2.2305  C  0  0  0  0  0
  1  6  1  0  0  0
  1  2  1  0  0  0
  2 10  1  0  0  0
  2  3  1  0  0  0
  3 14  1  0  0  0
  3  4  1  0  0  0
  4  5  1  0  0  0
  5  6  1  0  0  0
  5 11  1  0  0  0
  6  7  1  0  0  0
  7  8  1  0  0  0
  8  9  1  0  0  0
  9 10  1  0  0  0
 11 12  1  0  0  0
 12 13  1  0  0  0
 13 14  1  0  0  0
M  END
$$$$
C12C3NC(C(N1)CCCC2)CCCC3
  -ISIS-

 14 16  0  0  0  0  0  0  0  0  1
    2.6290   -5.7722   -2.0313  N  0  0  0  0  0
    1.4045   -6.5946   -2.6194  C  0  0  0  0  0
    0.1402   -5.9679   -1.8191  C  0  0  0  0  0
    0.1218   -6.1185   -0.2807  N  0  0  0  0  0
    1.3915   -5.3739    0.2765  C  0  0  0  0  0
    2.6238   -6.0420   -0.5197  C  0  0  0  0  0
    3.8271   -6.8313   -0.0521  C  0  0  0  0  0
    3.7233   -8.3142   -0.5807  C  0  0  0  0  0
    3.0971   -8.6417   -1.9876  C  0  0  0  0  0
    1.6868   -8.1165   -2.4319  C  0  0  0  0  0
    1.0901   -3.8535    0.0118  C  0  0  0  0  0
   -0.4003   -3.4151   -0.3064  C  0  0  0  0  0
   -1.0872   -3.7660   -1.6914  C  0  0  0  0  0
   -1.1353   -5.2599   -2.2305  C  0  0  0  0  0
  1  6  1  0  0  0
  1  2  1  0  0  0
  2 10  1  0  0  0
  2  3  1  0  0  0
  3 14  1  0  0  0
  3  4  1  0  0  0
  4  5  1  0  0  0
  5  6  1  0  0  0
  5 11  1  0  0  0
  6  7  1  0  0  0
  7  8  1  0  0  0
  8  9  1  0  0  0
  9 10  1  0  0  0
 11 12  1  0  0  0
 12 13  1  0  0  0
 13 14  1  0  0  0
M  END
$$$$
C12C3NC(C(N1)CCCC2)CCCC3
  -ISIS-

 14 16  0  0  0  0  0  0  0  0  1
    5.9690   -0.9412   -0.7370  N  0  0  0  0  0
    4.5354   -1.1734   -0.2269  C  0  0  0  0  0
    3.4335   -0.4091   -1.3007  C  0  0  0  0  0
    3.5106   -1.1425   -2.7146  C  0  0  0  0  0
    3.9460   -0.4975   -4.0869  C  0  0  0  0  0
    5.2413    0.3703   -4.3092  C  0  0  0  0  0
    5.5792    1.5833   -3.3501  C  0  0  0  0  0
    5.2693    1.2331   -1.9013  C  0  0  0  0  0
    6.1412    0.6048   -0.7442  C  0  0  0  0  0
    7.1733    1.1053    0.2283  C  0  0  0  0  0
    6.6173    0.9298    1.6933  C  0  0  0  0  0
    5.7247   -0.3057    2.0882  C  0  0  0  0  0
    4.4551   -0.7652    1.2799  C  0  0  0  0  0
    3.7083    1.1737   -1.5169  N  0  0  0  0  0
  1  9  1  0  0  0
  1  2  1  0  0  0
  2 13  1  0  0  0
  2  3  1  0  0  0
  3 14  1  0  0  0
  3  4  1  0  0  0
  4  5  1  0  0  0
  5  6  1  0  0  0
  6  7  1  0  0  0
  7  8  1  0  0  0
  8  9  1  0  0  0
  8 14  1  0  0  0
  9 10  1  0  0  0
 10 11  1  0  0  0
 11 12  1  0  0  0
 12 13  1  0  0  0
M  END
$$$$
C12C3NC(C(N1)CCCC2)CCCC3
  -ISIS-

 14 16  0  0  0  0  0  0  0  0  1
    5.9690   -0.9412   -0.7370  N  0  0  0  0  0
    4.5354   -1.1734   -0.2269  C  0  0  0  0  0
    3.4335   -0.4091   -1.3007  C  0  0  0  0  0
    3.5106   -1.1425   -2.7146  C  0  0  0  0  0
    3.9460   -0.4975   -4.0869  C  0  0  0  0  0
    5.2413    0.3703   -4.3092  C  0  0  0  0  0
    5.5792    1.5833   -3.3501  C  0  0  0  0  0
    5.2693    1.2331   -1.9013  C  0  0  0  0  0
    6.1412    0.6048   -0.7442  C  0  0  0  0  0
    7.1733    1.1053    0.2283  C  0  0  0  0  0
    6.6173    0.9298    1.6933  C  0  0  0  0  0
    5.7247   -0.3057    2.0882  C  0  0  0  0  0
    4.4551   -0.7652    1.2799  C  0  0  0  0  0
    3.7083    1.1737   -1.5169  N  0  0  0  0  0
  1  9  1  0  0  0
  1  2  1  0  0  0
  2 13  1  0  0  0
  2  3  1  0  0  0
  3 14  1  0  0  0
  3  4  1  0  0  0
  4  5  1  0  0  0
  5  6  1  0  0  0
  6  7  1  0  0  0
  7  8  1  0  0  0
  8  9  1  0  0  0
  8 14  1  0  0  0
  9 10  1  0  0  0
 10 11  1  0  0  0
 11 12  1  0  0  0
 12 13  1  0  0  0
M  END
$$$$
