C12c3c(cccc3)CN1Cc4c(N=2)cccc4
  -ISIS-

 17 20  0  0  0  0  0  0  0  0  1
   -3.5099    4.5967    0.7986  N  0  0  0  0  0
   -4.0699    3.5147    0.1398  C  0  0  0  0  0
   -4.7123    3.8527   -1.1538  C  0  0  0  0  0
   -4.6963    5.1886   -1.5795  C  0  0  0  0  0
   -4.0966    6.2180   -0.8298  N  0  0  0  0  0
   -3.5543    5.8647    0.2853  C  0  0  0  0  0
   -2.8817    6.7462    1.2199  C  0  0  0  0  0
   -2.4513    5.9637    2.2765  C  0  0  0  0  0
   -1.7678    6.5019    3.3498  C  0  0  0  0  0
   -1.5249    7.8790    3.3283  C  0  0  0  0  0
   -1.9647    8.6746    2.2496  C  0  0  0  0  0
   -2.6550    8.1072    1.1740  C  0  0  0  0  0
   -2.8531    4.5792    2.0104  C  0  0  0  0  0
   -5.2996    5.5124   -2.7966  C  0  0  0  0  0
   -5.9077    4.5235   -3.5751  C  0  0  0  0  0
   -5.9178    3.1975   -3.1417  C  0  0  0  0  0
   -5.3197    2.8575   -1.9289  C  0  0  0  0  0
  1  6  1  0  0  0
  1 13  1  0  0  0
  1  2  1  0  0  0
  2  3  1  0  0  0
  3 17  2  0  0  0
  3  4  1  0  0  0
  4  5  1  0  0  0
  4 14  2  0  0  0
  5  6  2  0  0  0
  6  7  1  0  0  0
  7 12  2  0  0  0
  7  8  1  0  0  0
  8  9  2  0  0  0
  8 13  1  0  0  0
  9 10  1  0  0  0
 10 11  2  0  0  0
 11 12  1  0  0  0
 14 15  1  0  0  0
 15 16  2  0  0  0
 16 17  1  0  0  0
M  END
$$$$
