c12c(n[c]3[c](n1)c[c]4[c](c3)cccc4)CNCN2
  -ISIS-

 18 21  0  0  0  0  0  0  0  0  1
   -2.4398   -6.9358   -2.4487  C  0  0  0  0  0
   -1.7231   -5.7874   -2.1798  N  0  0  0  0  0
   -1.7640   -4.6717   -3.0548  C  0  0  0  0  0
   -2.5856   -4.6847   -4.1738  C  0  0  0  0  0
   -3.3980   -5.8862   -4.4407  C  0  0  0  0  0
   -3.2321   -6.9230   -3.5606  N  0  0  0  0  0
   -2.6756   -3.6594   -5.0613  N  0  0  0  0  0
   -1.9004   -2.5940   -4.8147  C  0  0  0  0  0
   -1.0432   -2.5580   -3.6912  C  0  0  0  0  0
   -0.9829   -3.5887   -2.8175  N  0  0  0  0  0
   -0.2452   -1.4381   -3.4944  C  0  0  0  0  0
   -0.2745   -0.3412   -4.3700  C  0  0  0  0  0
   -1.1375   -0.3784   -5.4826  C  0  0  0  0  0
   -1.9372   -1.5124   -5.6838  C  0  0  0  0  0
   -1.1746    0.7146   -6.3634  C  0  0  0  0  0
   -0.3659    1.8309   -6.1463  C  0  0  0  0  0
    0.4886    1.8674   -5.0484  C  0  0  0  0  0
    0.5351    0.7881   -4.1648  C  0  0  0  0  0
  1  6  1  0  0  0
  1  2  1  0  0  0
  2  3  1  0  0  0
  3 10  2  0  0  0
  3  4  1  0  0  0
  4  5  1  0  0  0
  4  7  2  0  0  0
  5  6  1  0  0  0
  7  8  1  0  0  0
  8 14  1  0  0  0
  8  9  2  0  0  0
  9 10  1  0  0  0
  9 11  1  0  0  0
 11 12  2  0  0  0
 12 18  1  0  0  0
 12 13  2  0  0  0
 13 14  2  0  0  0
 13 15  1  0  0  0
 15 16  2  0  0  0
 16 17  1  0  0  0
 17 18  2  0  0  0
M  END
$$$$
