c12c(cccn1)Cc3c(cccc3)N2
  -ISIS-

 14 16  0  0  0  0  0  0  0  0  1
   -1.3539    1.1282   -2.8458  C  0  0  0  0  0
   -0.6409   -0.0707   -2.6768  C  0  0  0  0  0
   -0.0483   -0.6472   -3.8084  C  0  0  0  0  0
   -0.1804   -0.0277   -5.0474  C  0  0  0  0  0
   -0.8646    1.1256   -5.2159  N  0  0  0  0  0
   -1.4374    1.6846   -4.1268  C  0  0  0  0  0
   -2.1348    2.8708   -4.3396  N  0  0  0  0  0
   -2.7876    3.6004   -3.3464  C  0  0  0  0  0
   -2.7589    3.1227   -2.0263  C  0  0  0  0  0
   -2.0346    1.8555   -1.7351  C  0  0  0  0  0
   -3.3999    3.8147   -0.9924  C  0  0  0  0  0
   -4.0752    5.0074   -1.2617  C  0  0  0  0  0
   -4.1199    5.4800   -2.5800  C  0  0  0  0  0
   -3.4788    4.7924   -3.6269  C  0  0  0  0  0
  1 10  1  0  0  0
  1  6  2  0  0  0
  1  2  1  0  0  0
  2  3  2  0  0  0
  3  4  1  0  0  0
  4  5  2  0  0  0
  5  6  1  0  0  0
  6  7  1  0  0  0
  7  8  1  0  0  0
  8 14  2  0  0  0
  8  9  1  0  0  0
  9 10  1  0  0  0
  9 11  2  0  0  0
 11 12  1  0  0  0
 12 13  2  0  0  0
 13 14  1  0  0  0
M  END
$$$$
