c12c(c[c]3[c](n1)cccc3)CNc4c(O2)cccc4
  -ISIS-

 19 22  0  0  0  0  0  0  0  0  1
   -1.4611    2.0231    5.2395  C  0  0  0  0  0
   -1.9279    1.3098    4.1486  C  0  0  0  0  0
   -2.6623    2.0328    3.0699  C  0  0  0  0  0
   -1.7571    2.9139    2.3536  N  0  0  0  0  0
   -1.1952    4.0140    3.0234  C  0  0  0  0  0
   -0.5169    4.9584    2.2304  C  0  0  0  0  0
    0.1179    6.0714    2.7900  C  0  0  0  0  0
    0.1059    6.2575    4.1667  C  0  0  0  0  0
   -0.5253    5.3201    4.9794  C  0  0  0  0  0
   -1.1458    4.1920    4.4211  C  0  0  0  0  0
   -1.7427    3.3666    5.3529  O  0  0  0  0  0
   -1.6623   -0.0583    4.1126  C  0  0  0  0  0
   -0.9732   -0.6618    5.1731  C  0  0  0  0  0
   -0.5733    0.1529    6.2550  C  0  0  0  0  0
    0.1022   -0.4448    7.3104  C  0  0  0  0  0
    0.3908   -1.8129    7.3190  C  0  0  0  0  0
   -0.0024   -2.6102    6.2502  C  0  0  0  0  0
   -0.6837   -2.0377    5.1779  C  0  0  0  0  0
   -0.8241    1.4711    6.2969  N  0  0  0  0  0
  1 11  1  0  0  0
  1 19  2  0  0  0
  1  2  1  0  0  0
  2  3  1  0  0  0
  2 12  2  0  0  0
  3  4  1  0  0  0
  4  5  1  0  0  0
  5 10  2  0  0  0
  5  6  1  0  0  0
  6  7  2  0  0  0
  7  8  1  0  0  0
  8  9  2  0  0  0
  9 10  1  0  0  0
 10 11  1  0  0  0
 12 13  1  0  0  0
 13 18  1  0  0  0
 13 14  2  0  0  0
 14 15  1  0  0  0
 14 19  1  0  0  0
 15 16  2  0  0  0
 16 17  1  0  0  0
 17 18  2  0  0  0
M  END
$$$$
