c12c(ccnc1)NCC=N2
  -ISIS-

 10 11  0  0  0  0  0  0  0  0  1
   -0.5390   -3.7664   -0.7526  C  0  0  0  0  0
   -1.7697   -3.3241   -0.4328  N  0  0  0  0  0
   -1.8965   -2.0445   -0.0252  C  0  0  0  0  0
   -0.8171   -1.1802    0.0923  C  0  0  0  0  0
    0.4655   -1.6539   -0.1913  C  0  0  0  0  0
    0.6163   -2.9703   -0.6578  C  0  0  0  0  0
    1.8745   -3.4915   -1.0550  N  0  0  0  0  0
    2.9179   -2.7650   -0.7606  C  0  0  0  0  0
    2.8470   -1.4600    0.0242  C  0  0  0  0  0
    1.5668   -0.7666   -0.1523  N  0  0  0  0  0
  1  6  2  0  0  0
  1  2  1  0  0  0
  2  3  2  0  0  0
  3  4  1  0  0  0
  4  5  2  0  0  0
  5 10  1  0  0  0
  5  6  1  0  0  0
  6  7  1  0  0  0
  7  8  2  0  0  0
  8  9  1  0  0  0
  9 10  1  0  0  0
M  END
$$$$
c12c(ccnc1)NCC=N2
  -ISIS-

 10 11  0  0  0  0  0  0  0  0  1
   -0.5390   -3.7664   -0.7526  C  0  0  0  0  0
   -1.7697   -3.3241   -0.4328  N  0  0  0  0  0
   -1.8965   -2.0445   -0.0252  C  0  0  0  0  0
   -0.8171   -1.1802    0.0923  C  0  0  0  0  0
    0.4655   -1.6539   -0.1913  C  0  0  0  0  0
    0.6163   -2.9703   -0.6578  C  0  0  0  0  0
    1.8745   -3.4915   -1.0550  N  0  0  0  0  0
    2.9179   -2.7650   -0.7606  C  0  0  0  0  0
    2.8470   -1.4600    0.0242  C  0  0  0  0  0
    1.5668   -0.7666   -0.1523  N  0  0  0  0  0
  1  6  2  0  0  0
  1  2  1  0  0  0
  2  3  2  0  0  0
  3  4  1  0  0  0
  4  5  2  0  0  0
  5 10  1  0  0  0
  5  6  1  0  0  0
  6  7  1  0  0  0
  7  8  2  0  0  0
  8  9  1  0  0  0
  9 10  1  0  0  0
M  END
$$$$
c12c(ccnc1)NCC=N2
  -ISIS-

 10 11  0  0  0  0  0  0  0  0  1
   -0.5390   -3.7664   -0.7526  C  0  0  0  0  0
   -1.7697   -3.3241   -0.4328  N  0  0  0  0  0
   -1.8965   -2.0445   -0.0252  C  0  0  0  0  0
   -0.8171   -1.1802    0.0923  C  0  0  0  0  0
    0.4655   -1.6539   -0.1913  C  0  0  0  0  0
    0.6163   -2.9703   -0.6578  C  0  0  0  0  0
    1.8745   -3.4915   -1.0550  N  0  0  0  0  0
    2.9179   -2.7650   -0.7606  C  0  0  0  0  0
    2.8470   -1.4600    0.0242  C  0  0  0  0  0
    1.5668   -0.7666   -0.1523  N  0  0  0  0  0
  1  6  2  0  0  0
  1  2  1  0  0  0
  2  3  2  0  0  0
  3  4  1  0  0  0
  4  5  2  0  0  0
  5 10  1  0  0  0
  5  6  1  0  0  0
  6  7  1  0  0  0
  7  8  2  0  0  0
  8  9  1  0  0  0
  9 10  1  0  0  0
M  END
$$$$
c12c(ccnc1)NCC=N2
  -ISIS-

 10 11  0  0  0  0  0  0  0  0  1
   -4.1967   -1.9063    4.8065  C  0  0  0  0  0
   -4.4336   -3.2146    5.0147  N  0  0  0  0  0
   -5.3294   -3.8370    4.2312  C  0  0  0  0  0
   -6.0344   -3.1651    3.2345  C  0  0  0  0  0
   -5.8333   -1.7967    3.0472  C  0  0  0  0  0
   -4.8621   -1.1486    3.8253  C  0  0  0  0  0
   -4.5297    0.2167    3.6377  N  0  0  0  0  0
   -5.2884    0.8948    2.8224  C  0  0  0  0  0
   -6.5260    0.3270    2.1383  C  0  0  0  0  0
   -6.4865   -1.1314    1.9899  N  0  0  0  0  0
  1  6  2  0  0  0
  1  2  1  0  0  0
  2  3  2  0  0  0
  3  4  1  0  0  0
  4  5  2  0  0  0
  5 10  1  0  0  0
  5  6  1  0  0  0
  6  7  1  0  0  0
  7  8  2  0  0  0
  8  9  1  0  0  0
  9 10  1  0  0  0
M  END
$$$$
c12c(ccnc1)NCC=N2
  -ISIS-

 10 11  0  0  0  0  0  0  0  0  1
   -4.1967   -1.9063    4.8065  C  0  0  0  0  0
   -4.4336   -3.2146    5.0147  N  0  0  0  0  0
   -5.3294   -3.8370    4.2312  C  0  0  0  0  0
   -6.0344   -3.1651    3.2345  C  0  0  0  0  0
   -5.8333   -1.7967    3.0472  C  0  0  0  0  0
   -4.8621   -1.1486    3.8253  C  0  0  0  0  0
   -4.5297    0.2167    3.6377  N  0  0  0  0  0
   -5.2884    0.8948    2.8224  C  0  0  0  0  0
   -6.5260    0.3270    2.1383  C  0  0  0  0  0
   -6.4865   -1.1314    1.9899  N  0  0  0  0  0
  1  6  2  0  0  0
  1  2  1  0  0  0
  2  3  2  0  0  0
  3  4  1  0  0  0
  4  5  2  0  0  0
  5 10  1  0  0  0
  5  6  1  0  0  0
  6  7  1  0  0  0
  7  8  2  0  0  0
  8  9  1  0  0  0
  9 10  1  0  0  0
M  END
$$$$
c12c(ccnc1)NCC=N2
  -ISIS-

 10 11  0  0  0  0  0  0  0  0  1
   -4.1967   -1.9063    4.8065  C  0  0  0  0  0
   -4.4336   -3.2146    5.0147  N  0  0  0  0  0
   -5.3294   -3.8370    4.2312  C  0  0  0  0  0
   -6.0344   -3.1651    3.2345  C  0  0  0  0  0
   -5.8333   -1.7967    3.0472  C  0  0  0  0  0
   -4.8621   -1.1486    3.8253  C  0  0  0  0  0
   -4.5297    0.2167    3.6377  N  0  0  0  0  0
   -5.2884    0.8948    2.8224  C  0  0  0  0  0
   -6.5260    0.3270    2.1383  C  0  0  0  0  0
   -6.4865   -1.1314    1.9899  N  0  0  0  0  0
  1  6  2  0  0  0
  1  2  1  0  0  0
  2  3  2  0  0  0
  3  4  1  0  0  0
  4  5  2  0  0  0
  5 10  1  0  0  0
  5  6  1  0  0  0
  6  7  1  0  0  0
  7  8  2  0  0  0
  8  9  1  0  0  0
  9 10  1  0  0  0
M  END
$$$$
c12c(ccnc1)NCC=N2
  -ISIS-

 10 11  0  0  0  0  0  0  0  0  1
   -2.3410    6.3061   -0.5619  C  0  0  0  0  0
   -3.0685    6.7232    0.4893  N  0  0  0  0  0
   -4.3981    6.5484    0.4202  C  0  0  0  0  0
   -5.0114    5.9356   -0.6761  C  0  0  0  0  0
   -4.2312    5.4580   -1.7337  C  0  0  0  0  0
   -2.8497    5.6804   -1.6978  C  0  0  0  0  0
   -1.9824    5.3227   -2.7574  N  0  0  0  0  0
   -2.5124    4.5974   -3.7046  C  0  0  0  0  0
   -3.9416    4.0644   -3.6698  C  0  0  0  0  0
   -4.8479    4.9065   -2.8781  N  0  0  0  0  0
  1  6  2  0  0  0
  1  2  1  0  0  0
  2  3  2  0  0  0
  3  4  1  0  0  0
  4  5  2  0  0  0
  5 10  1  0  0  0
  5  6  1  0  0  0
  6  7  1  0  0  0
  7  8  2  0  0  0
  8  9  1  0  0  0
  9 10  1  0  0  0
M  END
$$$$
c12c(ccnc1)NCC=N2
  -ISIS-

 10 11  0  0  0  0  0  0  0  0  1
   -2.3410    6.3061   -0.5619  C  0  0  0  0  0
   -3.0685    6.7232    0.4893  N  0  0  0  0  0
   -4.3981    6.5484    0.4202  C  0  0  0  0  0
   -5.0114    5.9356   -0.6761  C  0  0  0  0  0
   -4.2312    5.4580   -1.7337  C  0  0  0  0  0
   -2.8497    5.6804   -1.6978  C  0  0  0  0  0
   -1.9824    5.3227   -2.7574  N  0  0  0  0  0
   -2.5124    4.5974   -3.7046  C  0  0  0  0  0
   -3.9416    4.0644   -3.6698  C  0  0  0  0  0
   -4.8479    4.9065   -2.8781  N  0  0  0  0  0
  1  6  2  0  0  0
  1  2  1  0  0  0
  2  3  2  0  0  0
  3  4  1  0  0  0
  4  5  2  0  0  0
  5 10  1  0  0  0
  5  6  1  0  0  0
  6  7  1  0  0  0
  7  8  2  0  0  0
  8  9  1  0  0  0
  9 10  1  0  0  0
M  END
$$$$
c12c(ccnc1)NCC=N2
  -ISIS-

 10 11  0  0  0  0  0  0  0  0  1
   -2.3410    6.3061   -0.5619  C  0  0  0  0  0
   -3.0685    6.7232    0.4893  N  0  0  0  0  0
   -4.3981    6.5484    0.4202  C  0  0  0  0  0
   -5.0114    5.9356   -0.6761  C  0  0  0  0  0
   -4.2312    5.4580   -1.7337  C  0  0  0  0  0
   -2.8497    5.6804   -1.6978  C  0  0  0  0  0
   -1.9824    5.3227   -2.7574  N  0  0  0  0  0
   -2.5124    4.5974   -3.7046  C  0  0  0  0  0
   -3.9416    4.0644   -3.6698  C  0  0  0  0  0
   -4.8479    4.9065   -2.8781  N  0  0  0  0  0
  1  6  2  0  0  0
  1  2  1  0  0  0
  2  3  2  0  0  0
  3  4  1  0  0  0
  4  5  2  0  0  0
  5 10  1  0  0  0
  5  6  1  0  0  0
  6  7  1  0  0  0
  7  8  2  0  0  0
  8  9  1  0  0  0
  9 10  1  0  0  0
M  END
$$$$
c12c(ccnc1)NCC=N2
  -ISIS-

 10 11  0  0  0  0  0  0  0  0  1
    3.4016    1.2332   -6.5917  C  0  0  0  0  0
    2.0915    0.9717   -6.4131  N  0  0  0  0  0
    1.5841    1.0770   -5.1702  C  0  0  0  0  0
    2.3571    1.4223   -4.0709  C  0  0  0  0  0
    3.7251    1.6403   -4.2463  C  0  0  0  0  0
    4.2651    1.5825   -5.5432  C  0  0  0  0  0
    5.6254    1.8951   -5.8060  N  0  0  0  0  0
    6.4044    2.0078   -4.7638  C  0  0  0  0  0
    5.9376    1.7356   -3.3383  C  0  0  0  0  0
    4.5174    2.0588   -3.1484  N  0  0  0  0  0
  1  6  2  0  0  0
  1  2  1  0  0  0
  2  3  2  0  0  0
  3  4  1  0  0  0
  4  5  2  0  0  0
  5 10  1  0  0  0
  5  6  1  0  0  0
  6  7  1  0  0  0
  7  8  2  0  0  0
  8  9  1  0  0  0
  9 10  1  0  0  0
M  END
$$$$
c12c(ccnc1)NCC=N2
  -ISIS-

 10 11  0  0  0  0  0  0  0  0  1
    3.4016    1.2332   -6.5917  C  0  0  0  0  0
    2.0915    0.9717   -6.4131  N  0  0  0  0  0
    1.5841    1.0770   -5.1702  C  0  0  0  0  0
    2.3571    1.4223   -4.0709  C  0  0  0  0  0
    3.7251    1.6403   -4.2463  C  0  0  0  0  0
    4.2651    1.5825   -5.5432  C  0  0  0  0  0
    5.6254    1.8951   -5.8060  N  0  0  0  0  0
    6.4044    2.0078   -4.7638  C  0  0  0  0  0
    5.9376    1.7356   -3.3383  C  0  0  0  0  0
    4.5174    2.0588   -3.1484  N  0  0  0  0  0
  1  6  2  0  0  0
  1  2  1  0  0  0
  2  3  2  0  0  0
  3  4  1  0  0  0
  4  5  2  0  0  0
  5 10  1  0  0  0
  5  6  1  0  0  0
  6  7  1  0  0  0
  7  8  2  0  0  0
  8  9  1  0  0  0
  9 10  1  0  0  0
M  END
$$$$
c12c(ccnc1)NCC=N2
  -ISIS-

 10 11  0  0  0  0  0  0  0  0  1
    3.4016    1.2332   -6.5917  C  0  0  0  0  0
    2.0915    0.9717   -6.4131  N  0  0  0  0  0
    1.5841    1.0770   -5.1702  C  0  0  0  0  0
    2.3571    1.4223   -4.0709  C  0  0  0  0  0
    3.7251    1.6403   -4.2463  C  0  0  0  0  0
    4.2651    1.5825   -5.5432  C  0  0  0  0  0
    5.6254    1.8951   -5.8060  N  0  0  0  0  0
    6.4044    2.0078   -4.7638  C  0  0  0  0  0
    5.9376    1.7356   -3.3383  C  0  0  0  0  0
    4.5174    2.0588   -3.1484  N  0  0  0  0  0
  1  6  2  0  0  0
  1  2  1  0  0  0
  2  3  2  0  0  0
  3  4  1  0  0  0
  4  5  2  0  0  0
  5 10  1  0  0  0
  5  6  1  0  0  0
  6  7  1  0  0  0
  7  8  2  0  0  0
  8  9  1  0  0  0
  9 10  1  0  0  0
M  END
$$$$
c12c(ccnc1)NCC=N2
  -ISIS-

 10 11  0  0  0  0  0  0  0  0  1
    1.3368   -0.4230    7.2669  C  0  0  0  0  0
    2.0728   -0.7004    8.3617  N  0  0  0  0  0
    3.2882   -1.2625    8.1873  C  0  0  0  0  0
    3.7867   -1.5828    6.9323  C  0  0  0  0  0
    2.9990   -1.3459    5.8016  C  0  0  0  0  0
    1.7529   -0.7164    5.9594  C  0  0  0  0  0
    0.9601   -0.3312    4.8505  N  0  0  0  0  0
    1.3281   -0.7813    3.6851  C  0  0  0  0  0
    2.4912   -1.7468    3.4905  C  0  0  0  0  0
    3.5306   -1.6032    4.5136  N  0  0  0  0  0
  1  6  2  0  0  0
  1  2  1  0  0  0
  2  3  2  0  0  0
  3  4  1  0  0  0
  4  5  2  0  0  0
  5 10  1  0  0  0
  5  6  1  0  0  0
  6  7  1  0  0  0
  7  8  2  0  0  0
  8  9  1  0  0  0
  9 10  1  0  0  0
M  END
$$$$
c12c(ccnc1)NCC=N2
  -ISIS-

 10 11  0  0  0  0  0  0  0  0  1
    1.3368   -0.4230    7.2669  C  0  0  0  0  0
    2.0728   -0.7004    8.3617  N  0  0  0  0  0
    3.2882   -1.2625    8.1873  C  0  0  0  0  0
    3.7867   -1.5828    6.9323  C  0  0  0  0  0
    2.9990   -1.3459    5.8016  C  0  0  0  0  0
    1.7529   -0.7164    5.9594  C  0  0  0  0  0
    0.9601   -0.3312    4.8505  N  0  0  0  0  0
    1.3281   -0.7813    3.6851  C  0  0  0  0  0
    2.4912   -1.7468    3.4905  C  0  0  0  0  0
    3.5306   -1.6032    4.5136  N  0  0  0  0  0
  1  6  2  0  0  0
  1  2  1  0  0  0
  2  3  2  0  0  0
  3  4  1  0  0  0
  4  5  2  0  0  0
  5 10  1  0  0  0
  5  6  1  0  0  0
  6  7  1  0  0  0
  7  8  2  0  0  0
  8  9  1  0  0  0
  9 10  1  0  0  0
M  END
$$$$
c12c(ccnc1)NCC=N2
  -ISIS-

 10 11  0  0  0  0  0  0  0  0  1
    1.3368   -0.4230    7.2669  C  0  0  0  0  0
    2.0728   -0.7004    8.3617  N  0  0  0  0  0
    3.2882   -1.2625    8.1873  C  0  0  0  0  0
    3.7867   -1.5828    6.9323  C  0  0  0  0  0
    2.9990   -1.3459    5.8016  C  0  0  0  0  0
    1.7529   -0.7164    5.9594  C  0  0  0  0  0
    0.9601   -0.3312    4.8505  N  0  0  0  0  0
    1.3281   -0.7813    3.6851  C  0  0  0  0  0
    2.4912   -1.7468    3.4905  C  0  0  0  0  0
    3.5306   -1.6032    4.5136  N  0  0  0  0  0
  1  6  2  0  0  0
  1  2  1  0  0  0
  2  3  2  0  0  0
  3  4  1  0  0  0
  4  5  2  0  0  0
  5 10  1  0  0  0
  5  6  1  0  0  0
  6  7  1  0  0  0
  7  8  2  0  0  0
  8  9  1  0  0  0
  9 10  1  0  0  0
M  END
$$$$
c12c(ccnc1)NCC=N2
  -ISIS-

 10 11  0  0  0  0  0  0  0  0  1
    2.7730    4.1040   -6.3450  C  0  0  0  0  0
    3.5477    3.1214   -6.8433  N  0  0  0  0  0
    2.9861    1.9249   -7.0802  C  0  0  0  0  0
    1.6454    1.6687   -6.8044  C  0  0  0  0  0
    0.8519    2.6680   -6.2364  C  0  0  0  0  0
    1.4137    3.9383   -6.0295  C  0  0  0  0  0
    0.6575    5.0206   -5.5161  N  0  0  0  0  0
   -0.5563    4.7590   -5.1234  C  0  0  0  0  0
   -1.1655    3.3638   -5.1012  C  0  0  0  0  0
   -0.5215    2.4293   -6.0297  N  0  0  0  0  0
  1  6  2  0  0  0
  1  2  1  0  0  0
  2  3  2  0  0  0
  3  4  1  0  0  0
  4  5  2  0  0  0
  5 10  1  0  0  0
  5  6  1  0  0  0
  6  7  1  0  0  0
  7  8  2  0  0  0
  8  9  1  0  0  0
  9 10  1  0  0  0
M  END
$$$$
c12c(ccnc1)NCC=N2
  -ISIS-

 10 11  0  0  0  0  0  0  0  0  1
    2.7730    4.1040   -6.3450  C  0  0  0  0  0
    3.5477    3.1214   -6.8433  N  0  0  0  0  0
    2.9861    1.9249   -7.0802  C  0  0  0  0  0
    1.6454    1.6687   -6.8044  C  0  0  0  0  0
    0.8519    2.6680   -6.2364  C  0  0  0  0  0
    1.4137    3.9383   -6.0295  C  0  0  0  0  0
    0.6575    5.0206   -5.5161  N  0  0  0  0  0
   -0.5563    4.7590   -5.1234  C  0  0  0  0  0
   -1.1655    3.3638   -5.1012  C  0  0  0  0  0
   -0.5215    2.4293   -6.0297  N  0  0  0  0  0
  1  6  2  0  0  0
  1  2  1  0  0  0
  2  3  2  0  0  0
  3  4  1  0  0  0
  4  5  2  0  0  0
  5 10  1  0  0  0
  5  6  1  0  0  0
  6  7  1  0  0  0
  7  8  2  0  0  0
  8  9  1  0  0  0
  9 10  1  0  0  0
M  END
$$$$
c12c(ccnc1)NCC=N2
  -ISIS-

 10 11  0  0  0  0  0  0  0  0  1
    2.7730    4.1040   -6.3450  C  0  0  0  0  0
    3.5477    3.1214   -6.8433  N  0  0  0  0  0
    2.9861    1.9249   -7.0802  C  0  0  0  0  0
    1.6454    1.6687   -6.8044  C  0  0  0  0  0
    0.8519    2.6680   -6.2364  C  0  0  0  0  0
    1.4137    3.9383   -6.0295  C  0  0  0  0  0
    0.6575    5.0206   -5.5161  N  0  0  0  0  0
   -0.5563    4.7590   -5.1234  C  0  0  0  0  0
   -1.1655    3.3638   -5.1012  C  0  0  0  0  0
   -0.5215    2.4293   -6.0297  N  0  0  0  0  0
  1  6  2  0  0  0
  1  2  1  0  0  0
  2  3  2  0  0  0
  3  4  1  0  0  0
  4  5  2  0  0  0
  5 10  1  0  0  0
  5  6  1  0  0  0
  6  7  1  0  0  0
  7  8  2  0  0  0
  8  9  1  0  0  0
  9 10  1  0  0  0
M  END
$$$$
c12c(ccnc1)NCC=N2
  -ISIS-

 10 11  0  0  0  0  0  0  0  0  1
   -0.7108   -0.1261    3.1631  C  0  0  0  0  0
   -0.4613    0.7605    2.1812  N  0  0  0  0  0
   -1.3224    1.7860    2.0211  C  0  0  0  0  0
   -2.4533    1.9514    2.8097  C  0  0  0  0  0
   -2.7393    1.0035    3.7940  C  0  0  0  0  0
   -1.8321   -0.0475    4.0082  C  0  0  0  0  0
   -2.0018   -0.9905    5.0543  N  0  0  0  0  0
   -3.1593   -0.9756    5.6574  C  0  0  0  0  0
   -4.3114   -0.0627    5.2549  C  0  0  0  0  0
   -3.8473    1.1945    4.6547  N  0  0  0  0  0
  1  6  2  0  0  0
  1  2  1  0  0  0
  2  3  2  0  0  0
  3  4  1  0  0  0
  4  5  2  0  0  0
  5 10  1  0  0  0
  5  6  1  0  0  0
  6  7  1  0  0  0
  7  8  2  0  0  0
  8  9  1  0  0  0
  9 10  1  0  0  0
M  END
$$$$
c12c(ccnc1)NCC=N2
  -ISIS-

 10 11  0  0  0  0  0  0  0  0  1
   -0.7108   -0.1261    3.1631  C  0  0  0  0  0
   -0.4613    0.7605    2.1812  N  0  0  0  0  0
   -1.3224    1.7860    2.0211  C  0  0  0  0  0
   -2.4533    1.9514    2.8097  C  0  0  0  0  0
   -2.7393    1.0035    3.7940  C  0  0  0  0  0
   -1.8321   -0.0475    4.0082  C  0  0  0  0  0
   -2.0018   -0.9905    5.0543  N  0  0  0  0  0
   -3.1593   -0.9756    5.6574  C  0  0  0  0  0
   -4.3114   -0.0627    5.2549  C  0  0  0  0  0
   -3.8473    1.1945    4.6547  N  0  0  0  0  0
  1  6  2  0  0  0
  1  2  1  0  0  0
  2  3  2  0  0  0
  3  4  1  0  0  0
  4  5  2  0  0  0
  5 10  1  0  0  0
  5  6  1  0  0  0
  6  7  1  0  0  0
  7  8  2  0  0  0
  8  9  1  0  0  0
  9 10  1  0  0  0
M  END
$$$$
c12c(ccnc1)NCC=N2
  -ISIS-

 10 11  0  0  0  0  0  0  0  0  1
   -0.7108   -0.1261    3.1631  C  0  0  0  0  0
   -0.4613    0.7605    2.1812  N  0  0  0  0  0
   -1.3224    1.7860    2.0211  C  0  0  0  0  0
   -2.4533    1.9514    2.8097  C  0  0  0  0  0
   -2.7393    1.0035    3.7940  C  0  0  0  0  0
   -1.8321   -0.0475    4.0082  C  0  0  0  0  0
   -2.0018   -0.9905    5.0543  N  0  0  0  0  0
   -3.1593   -0.9756    5.6574  C  0  0  0  0  0
   -4.3114   -0.0627    5.2549  C  0  0  0  0  0
   -3.8473    1.1945    4.6547  N  0  0  0  0  0
  1  6  2  0  0  0
  1  2  1  0  0  0
  2  3  2  0  0  0
  3  4  1  0  0  0
  4  5  2  0  0  0
  5 10  1  0  0  0
  5  6  1  0  0  0
  6  7  1  0  0  0
  7  8  2  0  0  0
  8  9  1  0  0  0
  9 10  1  0  0  0
M  END
$$$$
c12c(ccnc1)NCC=N2
  -ISIS-

 10 11  0  0  0  0  0  0  0  0  1
    2.5905    2.0878   -1.6858  C  0  0  0  0  0
    1.3385    1.8594   -2.1255  N  0  0  0  0  0
    0.4275    1.4132   -1.2461  C  0  0  0  0  0
    0.7425    1.1440    0.0829  C  0  0  0  0  0
    2.0534    1.3265    0.5272  C  0  0  0  0  0
    3.0031    1.8540   -0.3645  C  0  0  0  0  0
    4.3125    2.1970    0.0556  N  0  0  0  0  0
    4.6782    1.7876    1.2362  C  0  0  0  0  0
    3.8001    0.8804    2.1031  C  0  0  0  0  0
    2.3667    1.1231    1.8944  N  0  0  0  0  0
  1  6  2  0  0  0
  1  2  1  0  0  0
  2  3  2  0  0  0
  3  4  1  0  0  0
  4  5  2  0  0  0
  5 10  1  0  0  0
  5  6  1  0  0  0
  6  7  1  0  0  0
  7  8  2  0  0  0
  8  9  1  0  0  0
  9 10  1  0  0  0
M  END
$$$$
c12c(ccnc1)NCC=N2
  -ISIS-

 10 11  0  0  0  0  0  0  0  0  1
    2.5905    2.0878   -1.6858  C  0  0  0  0  0
    1.3385    1.8594   -2.1255  N  0  0  0  0  0
    0.4275    1.4132   -1.2461  C  0  0  0  0  0
    0.7425    1.1440    0.0829  C  0  0  0  0  0
    2.0534    1.3265    0.5272  C  0  0  0  0  0
    3.0031    1.8540   -0.3645  C  0  0  0  0  0
    4.3125    2.1970    0.0556  N  0  0  0  0  0
    4.6782    1.7876    1.2362  C  0  0  0  0  0
    3.8001    0.8804    2.1031  C  0  0  0  0  0
    2.3667    1.1231    1.8944  N  0  0  0  0  0
  1  6  2  0  0  0
  1  2  1  0  0  0
  2  3  2  0  0  0
  3  4  1  0  0  0
  4  5  2  0  0  0
  5 10  1  0  0  0
  5  6  1  0  0  0
  6  7  1  0  0  0
  7  8  2  0  0  0
  8  9  1  0  0  0
  9 10  1  0  0  0
M  END
$$$$
c12c(ccnc1)NCC=N2
  -ISIS-

 10 11  0  0  0  0  0  0  0  0  1
    2.5905    2.0878   -1.6858  C  0  0  0  0  0
    1.3385    1.8594   -2.1255  N  0  0  0  0  0
    0.4275    1.4132   -1.2461  C  0  0  0  0  0
    0.7425    1.1440    0.0829  C  0  0  0  0  0
    2.0534    1.3265    0.5272  C  0  0  0  0  0
    3.0031    1.8540   -0.3645  C  0  0  0  0  0
    4.3125    2.1970    0.0556  N  0  0  0  0  0
    4.6782    1.7876    1.2362  C  0  0  0  0  0
    3.8001    0.8804    2.1031  C  0  0  0  0  0
    2.3667    1.1231    1.8944  N  0  0  0  0  0
  1  6  2  0  0  0
  1  2  1  0  0  0
  2  3  2  0  0  0
  3  4  1  0  0  0
  4  5  2  0  0  0
  5 10  1  0  0  0
  5  6  1  0  0  0
  6  7  1  0  0  0
  7  8  2  0  0  0
  8  9  1  0  0  0
  9 10  1  0  0  0
M  END
$$$$
c12c(ccnc1)NCC=N2
  -ISIS-

 10 11  0  0  0  0  0  0  0  0  1
    3.5219    1.8590   -0.9991  C  0  0  0  0  0
    4.0397    3.0565   -1.3408  N  0  0  0  0  0
    3.7646    3.5463   -2.5706  C  0  0  0  0  0
    2.9592    2.8717   -3.4755  C  0  0  0  0  0
    2.3860    1.6561   -3.0968  C  0  0  0  0  0
    2.6944    1.1059   -1.8442  C  0  0  0  0  0
    2.2521   -0.1877   -1.4716  N  0  0  0  0  0
    1.3067   -0.7168   -2.1955  C  0  0  0  0  0
    0.6782    0.0148   -3.3849  C  0  0  0  0  0
    1.6230    0.9271   -4.0558  N  0  0  0  0  0
  1  6  2  0  0  0
  1  2  1  0  0  0
  2  3  2  0  0  0
  3  4  1  0  0  0
  4  5  2  0  0  0
  5 10  1  0  0  0
  5  6  1  0  0  0
  6  7  1  0  0  0
  7  8  2  0  0  0
  8  9  1  0  0  0
  9 10  1  0  0  0
M  END
$$$$
c12c(ccnc1)NCC=N2
  -ISIS-

 10 11  0  0  0  0  0  0  0  0  1
    3.5219    1.8590   -0.9991  C  0  0  0  0  0
    4.0397    3.0565   -1.3408  N  0  0  0  0  0
    3.7646    3.5463   -2.5706  C  0  0  0  0  0
    2.9592    2.8717   -3.4755  C  0  0  0  0  0
    2.3860    1.6561   -3.0968  C  0  0  0  0  0
    2.6944    1.1059   -1.8442  C  0  0  0  0  0
    2.2521   -0.1877   -1.4716  N  0  0  0  0  0
    1.3067   -0.7168   -2.1955  C  0  0  0  0  0
    0.6782    0.0148   -3.3849  C  0  0  0  0  0
    1.6230    0.9271   -4.0558  N  0  0  0  0  0
  1  6  2  0  0  0
  1  2  1  0  0  0
  2  3  2  0  0  0
  3  4  1  0  0  0
  4  5  2  0  0  0
  5 10  1  0  0  0
  5  6  1  0  0  0
  6  7  1  0  0  0
  7  8  2  0  0  0
  8  9  1  0  0  0
  9 10  1  0  0  0
M  END
$$$$
c12c(ccnc1)NCC=N2
  -ISIS-

 10 11  0  0  0  0  0  0  0  0  1
    3.5219    1.8590   -0.9991  C  0  0  0  0  0
    4.0397    3.0565   -1.3408  N  0  0  0  0  0
    3.7646    3.5463   -2.5706  C  0  0  0  0  0
    2.9592    2.8717   -3.4755  C  0  0  0  0  0
    2.3860    1.6561   -3.0968  C  0  0  0  0  0
    2.6944    1.1059   -1.8442  C  0  0  0  0  0
    2.2521   -0.1877   -1.4716  N  0  0  0  0  0
    1.3067   -0.7168   -2.1955  C  0  0  0  0  0
    0.6782    0.0148   -3.3849  C  0  0  0  0  0
    1.6230    0.9271   -4.0558  N  0  0  0  0  0
  1  6  2  0  0  0
  1  2  1  0  0  0
  2  3  2  0  0  0
  3  4  1  0  0  0
  4  5  2  0  0  0
  5 10  1  0  0  0
  5  6  1  0  0  0
  6  7  1  0  0  0
  7  8  2  0  0  0
  8  9  1  0  0  0
  9 10  1  0  0  0
M  END
$$$$
c12c(ccnc1)NCC=N2
  -ISIS-

 10 11  0  0  0  0  0  0  0  0  1
   -0.5360   -3.0319    0.1097  C  0  0  0  0  0
    0.6406   -2.9297   -0.5383  N  0  0  0  0  0
    0.6479   -2.3967   -1.7721  C  0  0  0  0  0
   -0.5084   -1.9325   -2.3893  C  0  0  0  0  0
   -1.7188   -1.9982   -1.7006  C  0  0  0  0  0
   -1.7553   -2.5950   -0.4293  C  0  0  0  0  0
   -2.9781   -2.8062    0.2564  N  0  0  0  0  0
   -4.0155   -2.1764   -0.2086  C  0  0  0  0  0
   -3.9480   -1.2157   -1.3917  C  0  0  0  0  0
   -2.9136   -1.5968   -2.3697  N  0  0  0  0  0
  1  6  2  0  0  0
  1  2  1  0  0  0
  2  3  2  0  0  0
  3  4  1  0  0  0
  4  5  2  0  0  0
  5 10  1  0  0  0
  5  6  1  0  0  0
  6  7  1  0  0  0
  7  8  2  0  0  0
  8  9  1  0  0  0
  9 10  1  0  0  0
M  END
$$$$
c12c(ccnc1)NCC=N2
  -ISIS-

 10 11  0  0  0  0  0  0  0  0  1
   -0.5360   -3.0319    0.1097  C  0  0  0  0  0
    0.6406   -2.9297   -0.5383  N  0  0  0  0  0
    0.6479   -2.3967   -1.7721  C  0  0  0  0  0
   -0.5084   -1.9325   -2.3893  C  0  0  0  0  0
   -1.7188   -1.9982   -1.7006  C  0  0  0  0  0
   -1.7553   -2.5950   -0.4293  C  0  0  0  0  0
   -2.9781   -2.8062    0.2564  N  0  0  0  0  0
   -4.0155   -2.1764   -0.2086  C  0  0  0  0  0
   -3.9480   -1.2157   -1.3917  C  0  0  0  0  0
   -2.9136   -1.5968   -2.3697  N  0  0  0  0  0
  1  6  2  0  0  0
  1  2  1  0  0  0
  2  3  2  0  0  0
  3  4  1  0  0  0
  4  5  2  0  0  0
  5 10  1  0  0  0
  5  6  1  0  0  0
  6  7  1  0  0  0
  7  8  2  0  0  0
  8  9  1  0  0  0
  9 10  1  0  0  0
M  END
$$$$
c12c(ccnc1)NCC=N2
  -ISIS-

 10 11  0  0  0  0  0  0  0  0  1
   -0.5360   -3.0319    0.1097  C  0  0  0  0  0
    0.6406   -2.9297   -0.5383  N  0  0  0  0  0
    0.6479   -2.3967   -1.7721  C  0  0  0  0  0
   -0.5084   -1.9325   -2.3893  C  0  0  0  0  0
   -1.7188   -1.9982   -1.7006  C  0  0  0  0  0
   -1.7553   -2.5950   -0.4293  C  0  0  0  0  0
   -2.9781   -2.8062    0.2564  N  0  0  0  0  0
   -4.0155   -2.1764   -0.2086  C  0  0  0  0  0
   -3.9480   -1.2157   -1.3917  C  0  0  0  0  0
   -2.9136   -1.5968   -2.3697  N  0  0  0  0  0
  1  6  2  0  0  0
  1  2  1  0  0  0
  2  3  2  0  0  0
  3  4  1  0  0  0
  4  5  2  0  0  0
  5 10  1  0  0  0
  5  6  1  0  0  0
  6  7  1  0  0  0
  7  8  2  0  0  0
  8  9  1  0  0  0
  9 10  1  0  0  0
M  END
$$$$
c12c(ccnc1)NCC=N2
  -ISIS-

 10 11  0  0  0  0  0  0  0  0  1
    8.7430   -0.5081   -4.8838  C  0  0  0  0  0
    9.4729   -0.5692   -6.0148  N  0  0  0  0  0
    9.0352    0.0994   -7.0950  C  0  0  0  0  0
    7.8662    0.8519   -7.0811  C  0  0  0  0  0
    7.1398    0.9560   -5.8958  C  0  0  0  0  0
    7.5593    0.2367   -4.7668  C  0  0  0  0  0
    6.8146    0.2462   -3.5629  N  0  0  0  0  0
    5.8620    1.1279   -3.4592  C  0  0  0  0  0
    5.5672    2.1527   -4.5572  C  0  0  0  0  0
    5.9017    1.6623   -5.9081  N  0  0  0  0  0
  1  6  2  0  0  0
  1  2  1  0  0  0
  2  3  2  0  0  0
  3  4  1  0  0  0
  4  5  2  0  0  0
  5 10  1  0  0  0
  5  6  1  0  0  0
  6  7  1  0  0  0
  7  8  2  0  0  0
  8  9  1  0  0  0
  9 10  1  0  0  0
M  END
$$$$
c12c(ccnc1)NCC=N2
  -ISIS-

 10 11  0  0  0  0  0  0  0  0  1
    8.7430   -0.5081   -4.8838  C  0  0  0  0  0
    9.4729   -0.5692   -6.0148  N  0  0  0  0  0
    9.0352    0.0994   -7.0950  C  0  0  0  0  0
    7.8662    0.8519   -7.0811  C  0  0  0  0  0
    7.1398    0.9560   -5.8958  C  0  0  0  0  0
    7.5593    0.2367   -4.7668  C  0  0  0  0  0
    6.8146    0.2462   -3.5629  N  0  0  0  0  0
    5.8620    1.1279   -3.4592  C  0  0  0  0  0
    5.5672    2.1527   -4.5572  C  0  0  0  0  0
    5.9017    1.6623   -5.9081  N  0  0  0  0  0
  1  6  2  0  0  0
  1  2  1  0  0  0
  2  3  2  0  0  0
  3  4  1  0  0  0
  4  5  2  0  0  0
  5 10  1  0  0  0
  5  6  1  0  0  0
  6  7  1  0  0  0
  7  8  2  0  0  0
  8  9  1  0  0  0
  9 10  1  0  0  0
M  END
$$$$
c12c(ccnc1)NCC=N2
  -ISIS-

 10 11  0  0  0  0  0  0  0  0  1
    8.7430   -0.5081   -4.8838  C  0  0  0  0  0
    9.4729   -0.5692   -6.0148  N  0  0  0  0  0
    9.0352    0.0994   -7.0950  C  0  0  0  0  0
    7.8662    0.8519   -7.0811  C  0  0  0  0  0
    7.1398    0.9560   -5.8958  C  0  0  0  0  0
    7.5593    0.2367   -4.7668  C  0  0  0  0  0
    6.8146    0.2462   -3.5629  N  0  0  0  0  0
    5.8620    1.1279   -3.4592  C  0  0  0  0  0
    5.5672    2.1527   -4.5572  C  0  0  0  0  0
    5.9017    1.6623   -5.9081  N  0  0  0  0  0
  1  6  2  0  0  0
  1  2  1  0  0  0
  2  3  2  0  0  0
  3  4  1  0  0  0
  4  5  2  0  0  0
  5 10  1  0  0  0
  5  6  1  0  0  0
  6  7  1  0  0  0
  7  8  2  0  0  0
  8  9  1  0  0  0
  9 10  1  0  0  0
M  END
$$$$
c12c(ccnc1)NCC=N2
  -ISIS-

 10 11  0  0  0  0  0  0  0  0  1
    3.7924   -1.3863    2.1547  C  0  0  0  0  0
    4.5668   -0.3101    2.3949  N  0  0  0  0  0
    5.7181   -0.4873    3.0651  C  0  0  0  0  0
    6.1423   -1.7385    3.4984  C  0  0  0  0  0
    5.3615   -2.8566    3.2103  C  0  0  0  0  0
    4.1328   -2.6876    2.5535  C  0  0  0  0  0
    3.2422   -3.7726    2.3603  N  0  0  0  0  0
    3.7284   -4.9694    2.5285  C  0  0  0  0  0
    5.1932   -5.2125    2.9039  C  0  0  0  0  0
    5.7554   -4.1252    3.7295  N  0  0  0  0  0
  1  6  2  0  0  0
  1  2  1  0  0  0
  2  3  2  0  0  0
  3  4  1  0  0  0
  4  5  2  0  0  0
  5 10  1  0  0  0
  5  6  1  0  0  0
  6  7  1  0  0  0
  7  8  2  0  0  0
  8  9  1  0  0  0
  9 10  1  0  0  0
M  END
$$$$
c12c(ccnc1)NCC=N2
  -ISIS-

 10 11  0  0  0  0  0  0  0  0  1
    3.7924   -1.3863    2.1547  C  0  0  0  0  0
    4.5668   -0.3101    2.3949  N  0  0  0  0  0
    5.7181   -0.4873    3.0651  C  0  0  0  0  0
    6.1423   -1.7385    3.4984  C  0  0  0  0  0
    5.3615   -2.8566    3.2103  C  0  0  0  0  0
    4.1328   -2.6876    2.5535  C  0  0  0  0  0
    3.2422   -3.7726    2.3603  N  0  0  0  0  0
    3.7284   -4.9694    2.5285  C  0  0  0  0  0
    5.1932   -5.2125    2.9039  C  0  0  0  0  0
    5.7554   -4.1252    3.7295  N  0  0  0  0  0
  1  6  2  0  0  0
  1  2  1  0  0  0
  2  3  2  0  0  0
  3  4  1  0  0  0
  4  5  2  0  0  0
  5 10  1  0  0  0
  5  6  1  0  0  0
  6  7  1  0  0  0
  7  8  2  0  0  0
  8  9  1  0  0  0
  9 10  1  0  0  0
M  END
$$$$
c12c(ccnc1)NCC=N2
  -ISIS-

 10 11  0  0  0  0  0  0  0  0  1
    3.7924   -1.3863    2.1547  C  0  0  0  0  0
    4.5668   -0.3101    2.3949  N  0  0  0  0  0
    5.7181   -0.4873    3.0651  C  0  0  0  0  0
    6.1423   -1.7385    3.4984  C  0  0  0  0  0
    5.3615   -2.8566    3.2103  C  0  0  0  0  0
    4.1328   -2.6876    2.5535  C  0  0  0  0  0
    3.2422   -3.7726    2.3603  N  0  0  0  0  0
    3.7284   -4.9694    2.5285  C  0  0  0  0  0
    5.1932   -5.2125    2.9039  C  0  0  0  0  0
    5.7554   -4.1252    3.7295  N  0  0  0  0  0
  1  6  2  0  0  0
  1  2  1  0  0  0
  2  3  2  0  0  0
  3  4  1  0  0  0
  4  5  2  0  0  0
  5 10  1  0  0  0
  5  6  1  0  0  0
  6  7  1  0  0  0
  7  8  2  0  0  0
  8  9  1  0  0  0
  9 10  1  0  0  0
M  END
$$$$
c12c(ccnc1)NCC=N2
  -ISIS-

 10 11  0  0  0  0  0  0  0  0  1
   -4.1978   -2.1217    5.4922  C  0  0  0  0  0
   -3.6132   -2.7327    6.5412  N  0  0  0  0  0
   -2.3016   -2.5287    6.7503  C  0  0  0  0  0
   -1.5360   -1.7084    5.9294  C  0  0  0  0  0
   -2.1532   -1.0366    4.8753  C  0  0  0  0  0
   -3.5132   -1.2639    4.6173  C  0  0  0  0  0
   -4.1677   -0.6680    3.5127  N  0  0  0  0  0
   -3.5340    0.2812    2.8859  C  0  0  0  0  0
   -2.1572    0.7820    3.3295  C  0  0  0  0  0
   -1.3493   -0.2615    3.9895  N  0  0  0  0  0
  1  6  2  0  0  0
  1  2  1  0  0  0
  2  3  2  0  0  0
  3  4  1  0  0  0
  4  5  2  0  0  0
  5 10  1  0  0  0
  5  6  1  0  0  0
  6  7  1  0  0  0
  7  8  2  0  0  0
  8  9  1  0  0  0
  9 10  1  0  0  0
M  END
$$$$
c12c(ccnc1)NCC=N2
  -ISIS-

 10 11  0  0  0  0  0  0  0  0  1
   -4.1978   -2.1217    5.4922  C  0  0  0  0  0
   -3.6132   -2.7327    6.5412  N  0  0  0  0  0
   -2.3016   -2.5287    6.7503  C  0  0  0  0  0
   -1.5360   -1.7084    5.9294  C  0  0  0  0  0
   -2.1532   -1.0366    4.8753  C  0  0  0  0  0
   -3.5132   -1.2639    4.6173  C  0  0  0  0  0
   -4.1677   -0.6680    3.5127  N  0  0  0  0  0
   -3.5340    0.2812    2.8859  C  0  0  0  0  0
   -2.1572    0.7820    3.3295  C  0  0  0  0  0
   -1.3493   -0.2615    3.9895  N  0  0  0  0  0
  1  6  2  0  0  0
  1  2  1  0  0  0
  2  3  2  0  0  0
  3  4  1  0  0  0
  4  5  2  0  0  0
  5 10  1  0  0  0
  5  6  1  0  0  0
  6  7  1  0  0  0
  7  8  2  0  0  0
  8  9  1  0  0  0
  9 10  1  0  0  0
M  END
$$$$
c12c(ccnc1)NCC=N2
  -ISIS-

 10 11  0  0  0  0  0  0  0  0  1
   -4.1978   -2.1217    5.4922  C  0  0  0  0  0
   -3.6132   -2.7327    6.5412  N  0  0  0  0  0
   -2.3016   -2.5287    6.7503  C  0  0  0  0  0
   -1.5360   -1.7084    5.9294  C  0  0  0  0  0
   -2.1532   -1.0366    4.8753  C  0  0  0  0  0
   -3.5132   -1.2639    4.6173  C  0  0  0  0  0
   -4.1677   -0.6680    3.5127  N  0  0  0  0  0
   -3.5340    0.2812    2.8859  C  0  0  0  0  0
   -2.1572    0.7820    3.3295  C  0  0  0  0  0
   -1.3493   -0.2615    3.9895  N  0  0  0  0  0
  1  6  2  0  0  0
  1  2  1  0  0  0
  2  3  2  0  0  0
  3  4  1  0  0  0
  4  5  2  0  0  0
  5 10  1  0  0  0
  5  6  1  0  0  0
  6  7  1  0  0  0
  7  8  2  0  0  0
  8  9  1  0  0  0
  9 10  1  0  0  0
M  END
$$$$
c12c(ccnc1)NCC=N2
  -ISIS-

 10 11  0  0  0  0  0  0  0  0  1
   -4.2338   -4.8673   -3.4400  C  0  0  0  0  0
   -4.9101   -5.0779   -4.5881  N  0  0  0  0  0
   -5.2347   -4.0007   -5.3383  C  0  0  0  0  0
   -4.8819   -2.7058   -4.9896  C  0  0  0  0  0
   -4.1369   -2.5021   -3.8280  C  0  0  0  0  0
   -3.8313   -3.5961   -3.0016  C  0  0  0  0  0
   -3.1758   -3.4245   -1.7562  N  0  0  0  0  0
   -2.6364   -2.2598   -1.5363  C  0  0  0  0  0
   -2.6282   -1.1418   -2.5801  C  0  0  0  0  0
   -3.8322   -1.1674   -3.4287  N  0  0  0  0  0
  1  6  2  0  0  0
  1  2  1  0  0  0
  2  3  2  0  0  0
  3  4  1  0  0  0
  4  5  2  0  0  0
  5 10  1  0  0  0
  5  6  1  0  0  0
  6  7  1  0  0  0
  7  8  2  0  0  0
  8  9  1  0  0  0
  9 10  1  0  0  0
M  END
$$$$
c12c(ccnc1)NCC=N2
  -ISIS-

 10 11  0  0  0  0  0  0  0  0  1
   -4.2338   -4.8673   -3.4400  C  0  0  0  0  0
   -4.9101   -5.0779   -4.5881  N  0  0  0  0  0
   -5.2347   -4.0007   -5.3383  C  0  0  0  0  0
   -4.8819   -2.7058   -4.9896  C  0  0  0  0  0
   -4.1369   -2.5021   -3.8280  C  0  0  0  0  0
   -3.8313   -3.5961   -3.0016  C  0  0  0  0  0
   -3.1758   -3.4245   -1.7562  N  0  0  0  0  0
   -2.6364   -2.2598   -1.5363  C  0  0  0  0  0
   -2.6282   -1.1418   -2.5801  C  0  0  0  0  0
   -3.8322   -1.1674   -3.4287  N  0  0  0  0  0
  1  6  2  0  0  0
  1  2  1  0  0  0
  2  3  2  0  0  0
  3  4  1  0  0  0
  4  5  2  0  0  0
  5 10  1  0  0  0
  5  6  1  0  0  0
  6  7  1  0  0  0
  7  8  2  0  0  0
  8  9  1  0  0  0
  9 10  1  0  0  0
M  END
$$$$
c12c(ccnc1)NCC=N2
  -ISIS-

 10 11  0  0  0  0  0  0  0  0  1
   -4.2338   -4.8673   -3.4400  C  0  0  0  0  0
   -4.9101   -5.0779   -4.5881  N  0  0  0  0  0
   -5.2347   -4.0007   -5.3383  C  0  0  0  0  0
   -4.8819   -2.7058   -4.9896  C  0  0  0  0  0
   -4.1369   -2.5021   -3.8280  C  0  0  0  0  0
   -3.8313   -3.5961   -3.0016  C  0  0  0  0  0
   -3.1758   -3.4245   -1.7562  N  0  0  0  0  0
   -2.6364   -2.2598   -1.5363  C  0  0  0  0  0
   -2.6282   -1.1418   -2.5801  C  0  0  0  0  0
   -3.8322   -1.1674   -3.4287  N  0  0  0  0  0
  1  6  2  0  0  0
  1  2  1  0  0  0
  2  3  2  0  0  0
  3  4  1  0  0  0
  4  5  2  0  0  0
  5 10  1  0  0  0
  5  6  1  0  0  0
  6  7  1  0  0  0
  7  8  2  0  0  0
  8  9  1  0  0  0
  9 10  1  0  0  0
M  END
$$$$
c12c(ccnc1)NCC=N2
  -ISIS-

 10 11  0  0  0  0  0  0  0  0  1
    7.7591    0.4003   -6.3331  C  0  0  0  0  0
    7.6981    0.0650   -7.6374  N  0  0  0  0  0
    8.3401   -1.0445   -8.0445  C  0  0  0  0  0
    9.0449   -1.8578   -7.1627  C  0  0  0  0  0
    9.0682   -1.5345   -5.8070  C  0  0  0  0  0
    8.4429   -0.3574   -5.3706  C  0  0  0  0  0
    8.5543    0.0868   -4.0298  N  0  0  0  0  0
    8.9861   -0.7797   -3.1576  C  0  0  0  0  0
    9.3473   -2.2178   -3.5419  C  0  0  0  0  0
    9.8591   -2.3248   -4.9228  N  0  0  0  0  0
  1  6  2  0  0  0
  1  2  1  0  0  0
  2  3  2  0  0  0
  3  4  1  0  0  0
  4  5  2  0  0  0
  5 10  1  0  0  0
  5  6  1  0  0  0
  6  7  1  0  0  0
  7  8  2  0  0  0
  8  9  1  0  0  0
  9 10  1  0  0  0
M  END
$$$$
c12c(ccnc1)NCC=N2
  -ISIS-

 10 11  0  0  0  0  0  0  0  0  1
    7.7591    0.4003   -6.3331  C  0  0  0  0  0
    7.6981    0.0650   -7.6374  N  0  0  0  0  0
    8.3401   -1.0445   -8.0445  C  0  0  0  0  0
    9.0449   -1.8578   -7.1627  C  0  0  0  0  0
    9.0682   -1.5345   -5.8070  C  0  0  0  0  0
    8.4429   -0.3574   -5.3706  C  0  0  0  0  0
    8.5543    0.0868   -4.0298  N  0  0  0  0  0
    8.9861   -0.7797   -3.1576  C  0  0  0  0  0
    9.3473   -2.2178   -3.5419  C  0  0  0  0  0
    9.8591   -2.3248   -4.9228  N  0  0  0  0  0
  1  6  2  0  0  0
  1  2  1  0  0  0
  2  3  2  0  0  0
  3  4  1  0  0  0
  4  5  2  0  0  0
  5 10  1  0  0  0
  5  6  1  0  0  0
  6  7  1  0  0  0
  7  8  2  0  0  0
  8  9  1  0  0  0
  9 10  1  0  0  0
M  END
$$$$
c12c(ccnc1)NCC=N2
  -ISIS-

 10 11  0  0  0  0  0  0  0  0  1
    7.7591    0.4003   -6.3331  C  0  0  0  0  0
    7.6981    0.0650   -7.6374  N  0  0  0  0  0
    8.3401   -1.0445   -8.0445  C  0  0  0  0  0
    9.0449   -1.8578   -7.1627  C  0  0  0  0  0
    9.0682   -1.5345   -5.8070  C  0  0  0  0  0
    8.4429   -0.3574   -5.3706  C  0  0  0  0  0
    8.5543    0.0868   -4.0298  N  0  0  0  0  0
    8.9861   -0.7797   -3.1576  C  0  0  0  0  0
    9.3473   -2.2178   -3.5419  C  0  0  0  0  0
    9.8591   -2.3248   -4.9228  N  0  0  0  0  0
  1  6  2  0  0  0
  1  2  1  0  0  0
  2  3  2  0  0  0
  3  4  1  0  0  0
  4  5  2  0  0  0
  5 10  1  0  0  0
  5  6  1  0  0  0
  6  7  1  0  0  0
  7  8  2  0  0  0
  8  9  1  0  0  0
  9 10  1  0  0  0
M  END
$$$$
c12c(ccnc1)NCC=N2
  -ISIS-

 10 11  0  0  0  0  0  0  0  0  1
    9.3758   -1.6586   -3.3032  C  0  0  0  0  0
   10.1040   -2.2354   -2.3254  N  0  0  0  0  0
    9.4602   -2.6712   -1.2193  C  0  0  0  0  0
    8.0864   -2.5619   -1.0682  C  0  0  0  0  0
    7.3327   -2.0088   -2.1053  C  0  0  0  0  0
    7.9831   -1.5076   -3.2422  C  0  0  0  0  0
    7.2784   -0.8112   -4.2551  N  0  0  0  0  0
    5.9797   -0.9178   -4.2473  C  0  0  0  0  0
    5.2334   -1.7650   -3.2128  C  0  0  0  0  0
    5.9316   -1.8247   -1.9150  N  0  0  0  0  0
  1  6  2  0  0  0
  1  2  1  0  0  0
  2  3  2  0  0  0
  3  4  1  0  0  0
  4  5  2  0  0  0
  5 10  1  0  0  0
  5  6  1  0  0  0
  6  7  1  0  0  0
  7  8  2  0  0  0
  8  9  1  0  0  0
  9 10  1  0  0  0
M  END
$$$$
c12c(ccnc1)NCC=N2
  -ISIS-

 10 11  0  0  0  0  0  0  0  0  1
    9.3758   -1.6586   -3.3032  C  0  0  0  0  0
   10.1040   -2.2354   -2.3254  N  0  0  0  0  0
    9.4602   -2.6712   -1.2193  C  0  0  0  0  0
    8.0864   -2.5619   -1.0682  C  0  0  0  0  0
    7.3327   -2.0088   -2.1053  C  0  0  0  0  0
    7.9831   -1.5076   -3.2422  C  0  0  0  0  0
    7.2784   -0.8112   -4.2551  N  0  0  0  0  0
    5.9797   -0.9178   -4.2473  C  0  0  0  0  0
    5.2334   -1.7650   -3.2128  C  0  0  0  0  0
    5.9316   -1.8247   -1.9150  N  0  0  0  0  0
  1  6  2  0  0  0
  1  2  1  0  0  0
  2  3  2  0  0  0
  3  4  1  0  0  0
  4  5  2  0  0  0
  5 10  1  0  0  0
  5  6  1  0  0  0
  6  7  1  0  0  0
  7  8  2  0  0  0
  8  9  1  0  0  0
  9 10  1  0  0  0
M  END
$$$$
c12c(ccnc1)NCC=N2
  -ISIS-

 10 11  0  0  0  0  0  0  0  0  1
    9.3758   -1.6586   -3.3032  C  0  0  0  0  0
   10.1040   -2.2354   -2.3254  N  0  0  0  0  0
    9.4602   -2.6712   -1.2193  C  0  0  0  0  0
    8.0864   -2.5619   -1.0682  C  0  0  0  0  0
    7.3327   -2.0088   -2.1053  C  0  0  0  0  0
    7.9831   -1.5076   -3.2422  C  0  0  0  0  0
    7.2784   -0.8112   -4.2551  N  0  0  0  0  0
    5.9797   -0.9178   -4.2473  C  0  0  0  0  0
    5.2334   -1.7650   -3.2128  C  0  0  0  0  0
    5.9316   -1.8247   -1.9150  N  0  0  0  0  0
  1  6  2  0  0  0
  1  2  1  0  0  0
  2  3  2  0  0  0
  3  4  1  0  0  0
  4  5  2  0  0  0
  5 10  1  0  0  0
  5  6  1  0  0  0
  6  7  1  0  0  0
  7  8  2  0  0  0
  8  9  1  0  0  0
  9 10  1  0  0  0
M  END
$$$$
c12c(ccnc1)NCC=N2
  -ISIS-

 10 11  0  0  0  0  0  0  0  0  1
    9.3720   -0.4822   -2.6104  C  0  0  0  0  0
   10.0523   -1.1052   -1.6262  N  0  0  0  0  0
    9.3808   -1.4583   -0.5078  C  0  0  0  0  0
    8.0299   -1.1984   -0.3398  C  0  0  0  0  0
    7.3281   -0.5415   -1.3572  C  0  0  0  0  0
    8.0059   -0.1717   -2.5322  C  0  0  0  0  0
    7.3406    0.4622   -3.6120  N  0  0  0  0  0
    6.1481    0.9305   -3.3738  C  0  0  0  0  0
    5.5378    0.9151   -1.9681  C  0  0  0  0  0
    5.9360   -0.2749   -1.1856  N  0  0  0  0  0
  1  6  2  0  0  0
  1  2  1  0  0  0
  2  3  2  0  0  0
  3  4  1  0  0  0
  4  5  2  0  0  0
  5 10  1  0  0  0
  5  6  1  0  0  0
  6  7  1  0  0  0
  7  8  2  0  0  0
  8  9  1  0  0  0
  9 10  1  0  0  0
M  END
$$$$
c12c(ccnc1)NCC=N2
  -ISIS-

 10 11  0  0  0  0  0  0  0  0  1
    9.3720   -0.4822   -2.6104  C  0  0  0  0  0
   10.0523   -1.1052   -1.6262  N  0  0  0  0  0
    9.3808   -1.4583   -0.5078  C  0  0  0  0  0
    8.0299   -1.1984   -0.3398  C  0  0  0  0  0
    7.3281   -0.5415   -1.3572  C  0  0  0  0  0
    8.0059   -0.1717   -2.5322  C  0  0  0  0  0
    7.3406    0.4622   -3.6120  N  0  0  0  0  0
    6.1481    0.9305   -3.3738  C  0  0  0  0  0
    5.5378    0.9151   -1.9681  C  0  0  0  0  0
    5.9360   -0.2749   -1.1856  N  0  0  0  0  0
  1  6  2  0  0  0
  1  2  1  0  0  0
  2  3  2  0  0  0
  3  4  1  0  0  0
  4  5  2  0  0  0
  5 10  1  0  0  0
  5  6  1  0  0  0
  6  7  1  0  0  0
  7  8  2  0  0  0
  8  9  1  0  0  0
  9 10  1  0  0  0
M  END
$$$$
c12c(ccnc1)NCC=N2
  -ISIS-

 10 11  0  0  0  0  0  0  0  0  1
    9.3720   -0.4822   -2.6104  C  0  0  0  0  0
   10.0523   -1.1052   -1.6262  N  0  0  0  0  0
    9.3808   -1.4583   -0.5078  C  0  0  0  0  0
    8.0299   -1.1984   -0.3398  C  0  0  0  0  0
    7.3281   -0.5415   -1.3572  C  0  0  0  0  0
    8.0059   -0.1717   -2.5322  C  0  0  0  0  0
    7.3406    0.4622   -3.6120  N  0  0  0  0  0
    6.1481    0.9305   -3.3738  C  0  0  0  0  0
    5.5378    0.9151   -1.9681  C  0  0  0  0  0
    5.9360   -0.2749   -1.1856  N  0  0  0  0  0
  1  6  2  0  0  0
  1  2  1  0  0  0
  2  3  2  0  0  0
  3  4  1  0  0  0
  4  5  2  0  0  0
  5 10  1  0  0  0
  5  6  1  0  0  0
  6  7  1  0  0  0
  7  8  2  0  0  0
  8  9  1  0  0  0
  9 10  1  0  0  0
M  END
$$$$
c12c(ccnc1)NCC=N2
  -ISIS-

 10 11  0  0  0  0  0  0  0  0  1
    9.3720   -0.4822   -2.6104  C  0  0  0  0  0
   10.0523   -1.1052   -1.6262  N  0  0  0  0  0
    9.3808   -1.4583   -0.5078  C  0  0  0  0  0
    8.0299   -1.1984   -0.3398  C  0  0  0  0  0
    7.3281   -0.5415   -1.3572  C  0  0  0  0  0
    8.0059   -0.1717   -2.5322  C  0  0  0  0  0
    7.3406    0.4622   -3.6120  N  0  0  0  0  0
    6.1481    0.9305   -3.3738  C  0  0  0  0  0
    5.5378    0.9151   -1.9681  C  0  0  0  0  0
    5.9360   -0.2749   -1.1856  N  0  0  0  0  0
  1  6  2  0  0  0
  1  2  1  0  0  0
  2  3  2  0  0  0
  3  4  1  0  0  0
  4  5  2  0  0  0
  5 10  1  0  0  0
  5  6  1  0  0  0
  6  7  1  0  0  0
  7  8  2  0  0  0
  8  9  1  0  0  0
  9 10  1  0  0  0
M  END
$$$$
c12c(ccnc1)NCC=N2
  -ISIS-

 10 11  0  0  0  0  0  0  0  0  1
   -3.6206   -4.1840   -4.0447  C  0  0  0  0  0
   -3.2047   -5.2692   -4.7245  N  0  0  0  0  0
   -1.9309   -5.6659   -4.5755  C  0  0  0  0  0
   -1.0254   -4.9795   -3.7692  C  0  0  0  0  0
   -1.4344   -3.8213   -3.1074  C  0  0  0  0  0
   -2.7772   -3.4268   -3.2110  C  0  0  0  0  0
   -3.2980   -2.3269   -2.4831  N  0  0  0  0  0
   -2.4365   -1.5754   -1.8577  C  0  0  0  0  0
   -0.9212   -1.7604   -1.9952  C  0  0  0  0  0
   -0.5432   -3.1581   -2.2315  N  0  0  0  0  0
  1  6  2  0  0  0
  1  2  1  0  0  0
  2  3  2  0  0  0
  3  4  1  0  0  0
  4  5  2  0  0  0
  5 10  1  0  0  0
  5  6  1  0  0  0
  6  7  1  0  0  0
  7  8  2  0  0  0
  8  9  1  0  0  0
  9 10  1  0  0  0
M  END
$$$$
c12c(ccnc1)NCC=N2
  -ISIS-

 10 11  0  0  0  0  0  0  0  0  1
   -3.6206   -4.1840   -4.0447  C  0  0  0  0  0
   -3.2047   -5.2692   -4.7245  N  0  0  0  0  0
   -1.9309   -5.6659   -4.5755  C  0  0  0  0  0
   -1.0254   -4.9795   -3.7692  C  0  0  0  0  0
   -1.4344   -3.8213   -3.1074  C  0  0  0  0  0
   -2.7772   -3.4268   -3.2110  C  0  0  0  0  0
   -3.2980   -2.3269   -2.4831  N  0  0  0  0  0
   -2.4365   -1.5754   -1.8577  C  0  0  0  0  0
   -0.9212   -1.7604   -1.9952  C  0  0  0  0  0
   -0.5432   -3.1581   -2.2315  N  0  0  0  0  0
  1  6  2  0  0  0
  1  2  1  0  0  0
  2  3  2  0  0  0
  3  4  1  0  0  0
  4  5  2  0  0  0
  5 10  1  0  0  0
  5  6  1  0  0  0
  6  7  1  0  0  0
  7  8  2  0  0  0
  8  9  1  0  0  0
  9 10  1  0  0  0
M  END
$$$$
c12c(ccnc1)NCC=N2
  -ISIS-

 10 11  0  0  0  0  0  0  0  0  1
   -3.6206   -4.1840   -4.0447  C  0  0  0  0  0
   -3.2047   -5.2692   -4.7245  N  0  0  0  0  0
   -1.9309   -5.6659   -4.5755  C  0  0  0  0  0
   -1.0254   -4.9795   -3.7692  C  0  0  0  0  0
   -1.4344   -3.8213   -3.1074  C  0  0  0  0  0
   -2.7772   -3.4268   -3.2110  C  0  0  0  0  0
   -3.2980   -2.3269   -2.4831  N  0  0  0  0  0
   -2.4365   -1.5754   -1.8577  C  0  0  0  0  0
   -0.9212   -1.7604   -1.9952  C  0  0  0  0  0
   -0.5432   -3.1581   -2.2315  N  0  0  0  0  0
  1  6  2  0  0  0
  1  2  1  0  0  0
  2  3  2  0  0  0
  3  4  1  0  0  0
  4  5  2  0  0  0
  5 10  1  0  0  0
  5  6  1  0  0  0
  6  7  1  0  0  0
  7  8  2  0  0  0
  8  9  1  0  0  0
  9 10  1  0  0  0
M  END
$$$$
c12c(ccnc1)NCC=N2
  -ISIS-

 10 11  0  0  0  0  0  0  0  0  1
    5.3396    0.2705   -0.2322  C  0  0  0  0  0
    4.6427    0.3037    0.9216  N  0  0  0  0  0
    3.4795   -0.3820    0.9774  C  0  0  0  0  0
    2.9922   -1.1259   -0.0876  C  0  0  0  0  0
    3.7457   -1.1978   -1.2594  C  0  0  0  0  0
    4.9341   -0.4577   -1.3615  C  0  0  0  0  0
    5.6604   -0.3822   -2.5765  N  0  0  0  0  0
    5.3455   -1.2418   -3.5029  C  0  0  0  0  0
    4.2936   -2.3344   -3.2834  C  0  0  0  0  0
    3.2151   -1.9015   -2.3793  N  0  0  0  0  0
  1  6  2  0  0  0
  1  2  1  0  0  0
  2  3  2  0  0  0
  3  4  1  0  0  0
  4  5  2  0  0  0
  5 10  1  0  0  0
  5  6  1  0  0  0
  6  7  1  0  0  0
  7  8  2  0  0  0
  8  9  1  0  0  0
  9 10  1  0  0  0
M  END
$$$$
c12c(ccnc1)NCC=N2
  -ISIS-

 10 11  0  0  0  0  0  0  0  0  1
    5.3396    0.2705   -0.2322  C  0  0  0  0  0
    4.6427    0.3037    0.9216  N  0  0  0  0  0
    3.4795   -0.3820    0.9774  C  0  0  0  0  0
    2.9922   -1.1259   -0.0876  C  0  0  0  0  0
    3.7457   -1.1978   -1.2594  C  0  0  0  0  0
    4.9341   -0.4577   -1.3615  C  0  0  0  0  0
    5.6604   -0.3822   -2.5765  N  0  0  0  0  0
    5.3455   -1.2418   -3.5029  C  0  0  0  0  0
    4.2936   -2.3344   -3.2834  C  0  0  0  0  0
    3.2151   -1.9015   -2.3793  N  0  0  0  0  0
  1  6  2  0  0  0
  1  2  1  0  0  0
  2  3  2  0  0  0
  3  4  1  0  0  0
  4  5  2  0  0  0
  5 10  1  0  0  0
  5  6  1  0  0  0
  6  7  1  0  0  0
  7  8  2  0  0  0
  8  9  1  0  0  0
  9 10  1  0  0  0
M  END
$$$$
c12c(ccnc1)NCC=N2
  -ISIS-

 10 11  0  0  0  0  0  0  0  0  1
    5.3396    0.2705   -0.2322  C  0  0  0  0  0
    4.6427    0.3037    0.9216  N  0  0  0  0  0
    3.4795   -0.3820    0.9774  C  0  0  0  0  0
    2.9922   -1.1259   -0.0876  C  0  0  0  0  0
    3.7457   -1.1978   -1.2594  C  0  0  0  0  0
    4.9341   -0.4577   -1.3615  C  0  0  0  0  0
    5.6604   -0.3822   -2.5765  N  0  0  0  0  0
    5.3455   -1.2418   -3.5029  C  0  0  0  0  0
    4.2936   -2.3344   -3.2834  C  0  0  0  0  0
    3.2151   -1.9015   -2.3793  N  0  0  0  0  0
  1  6  2  0  0  0
  1  2  1  0  0  0
  2  3  2  0  0  0
  3  4  1  0  0  0
  4  5  2  0  0  0
  5 10  1  0  0  0
  5  6  1  0  0  0
  6  7  1  0  0  0
  7  8  2  0  0  0
  8  9  1  0  0  0
  9 10  1  0  0  0
M  END
$$$$
c12c(ccnc1)NCC=N2
  -ISIS-

 10 11  0  0  0  0  0  0  0  0  1
    2.9999   -9.2393    1.1567  C  0  0  0  0  0
    1.7450   -9.4581    1.5941  N  0  0  0  0  0
    0.7452   -9.4188    0.6997  C  0  0  0  0  0
    0.9593   -9.1345   -0.6460  C  0  0  0  0  0
    2.2512   -8.8461   -1.0908  C  0  0  0  0  0
    3.3148   -8.9369   -0.1788  C  0  0  0  0  0
    4.6587   -8.7347   -0.5743  N  0  0  0  0  0
    4.8707   -8.2971   -1.7819  C  0  0  0  0  0
    3.7397   -7.9174   -2.7396  C  0  0  0  0  0
    2.4823   -8.6209   -2.4655  N  0  0  0  0  0
  1  6  2  0  0  0
  1  2  1  0  0  0
  2  3  2  0  0  0
  3  4  1  0  0  0
  4  5  2  0  0  0
  5 10  1  0  0  0
  5  6  1  0  0  0
  6  7  1  0  0  0
  7  8  2  0  0  0
  8  9  1  0  0  0
  9 10  1  0  0  0
M  END
$$$$
c12c(ccnc1)NCC=N2
  -ISIS-

 10 11  0  0  0  0  0  0  0  0  1
    2.9999   -9.2393    1.1567  C  0  0  0  0  0
    1.7450   -9.4581    1.5941  N  0  0  0  0  0
    0.7452   -9.4188    0.6997  C  0  0  0  0  0
    0.9593   -9.1345   -0.6460  C  0  0  0  0  0
    2.2512   -8.8461   -1.0908  C  0  0  0  0  0
    3.3148   -8.9369   -0.1788  C  0  0  0  0  0
    4.6587   -8.7347   -0.5743  N  0  0  0  0  0
    4.8707   -8.2971   -1.7819  C  0  0  0  0  0
    3.7397   -7.9174   -2.7396  C  0  0  0  0  0
    2.4823   -8.6209   -2.4655  N  0  0  0  0  0
  1  6  2  0  0  0
  1  2  1  0  0  0
  2  3  2  0  0  0
  3  4  1  0  0  0
  4  5  2  0  0  0
  5 10  1  0  0  0
  5  6  1  0  0  0
  6  7  1  0  0  0
  7  8  2  0  0  0
  8  9  1  0  0  0
  9 10  1  0  0  0
M  END
$$$$
c12c(ccnc1)NCC=N2
  -ISIS-

 10 11  0  0  0  0  0  0  0  0  1
    2.9999   -9.2393    1.1567  C  0  0  0  0  0
    1.7450   -9.4581    1.5941  N  0  0  0  0  0
    0.7452   -9.4188    0.6997  C  0  0  0  0  0
    0.9593   -9.1345   -0.6460  C  0  0  0  0  0
    2.2512   -8.8461   -1.0908  C  0  0  0  0  0
    3.3148   -8.9369   -0.1788  C  0  0  0  0  0
    4.6587   -8.7347   -0.5743  N  0  0  0  0  0
    4.8707   -8.2971   -1.7819  C  0  0  0  0  0
    3.7397   -7.9174   -2.7396  C  0  0  0  0  0
    2.4823   -8.6209   -2.4655  N  0  0  0  0  0
  1  6  2  0  0  0
  1  2  1  0  0  0
  2  3  2  0  0  0
  3  4  1  0  0  0
  4  5  2  0  0  0
  5 10  1  0  0  0
  5  6  1  0  0  0
  6  7  1  0  0  0
  7  8  2  0  0  0
  8  9  1  0  0  0
  9 10  1  0  0  0
M  END
$$$$
c12c(ccnc1)NCC=N2
  -ISIS-

 10 11  0  0  0  0  0  0  0  0  1
    7.1271   -2.9588   -0.9287  C  0  0  0  0  0
    8.1922   -2.2086   -0.5793  N  0  0  0  0  0
    7.9868   -0.8956   -0.3443  C  0  0  0  0  0
    6.7420   -0.2928   -0.4646  C  0  0  0  0  0
    5.6517   -1.0606   -0.8795  C  0  0  0  0  0
    5.8304   -2.4407   -1.0870  C  0  0  0  0  0
    4.7528   -3.2916   -1.4446  N  0  0  0  0  0
    3.6283   -2.7054   -1.7300  C  0  0  0  0  0
    3.4524   -1.1945   -1.8280  C  0  0  0  0  0
    4.3649   -0.4706   -0.9396  N  0  0  0  0  0
  1  6  2  0  0  0
  1  2  1  0  0  0
  2  3  2  0  0  0
  3  4  1  0  0  0
  4  5  2  0  0  0
  5 10  1  0  0  0
  5  6  1  0  0  0
  6  7  1  0  0  0
  7  8  2  0  0  0
  8  9  1  0  0  0
  9 10  1  0  0  0
M  END
$$$$
c12c(ccnc1)NCC=N2
  -ISIS-

 10 11  0  0  0  0  0  0  0  0  1
    7.1271   -2.9588   -0.9287  C  0  0  0  0  0
    8.1922   -2.2086   -0.5793  N  0  0  0  0  0
    7.9868   -0.8956   -0.3443  C  0  0  0  0  0
    6.7420   -0.2928   -0.4646  C  0  0  0  0  0
    5.6517   -1.0606   -0.8795  C  0  0  0  0  0
    5.8304   -2.4407   -1.0870  C  0  0  0  0  0
    4.7528   -3.2916   -1.4446  N  0  0  0  0  0
    3.6283   -2.7054   -1.7300  C  0  0  0  0  0
    3.4524   -1.1945   -1.8280  C  0  0  0  0  0
    4.3649   -0.4706   -0.9396  N  0  0  0  0  0
  1  6  2  0  0  0
  1  2  1  0  0  0
  2  3  2  0  0  0
  3  4  1  0  0  0
  4  5  2  0  0  0
  5 10  1  0  0  0
  5  6  1  0  0  0
  6  7  1  0  0  0
  7  8  2  0  0  0
  8  9  1  0  0  0
  9 10  1  0  0  0
M  END
$$$$
c12c(ccnc1)NCC=N2
  -ISIS-

 10 11  0  0  0  0  0  0  0  0  1
    7.1271   -2.9588   -0.9287  C  0  0  0  0  0
    8.1922   -2.2086   -0.5793  N  0  0  0  0  0
    7.9868   -0.8956   -0.3443  C  0  0  0  0  0
    6.7420   -0.2928   -0.4646  C  0  0  0  0  0
    5.6517   -1.0606   -0.8795  C  0  0  0  0  0
    5.8304   -2.4407   -1.0870  C  0  0  0  0  0
    4.7528   -3.2916   -1.4446  N  0  0  0  0  0
    3.6283   -2.7054   -1.7300  C  0  0  0  0  0
    3.4524   -1.1945   -1.8280  C  0  0  0  0  0
    4.3649   -0.4706   -0.9396  N  0  0  0  0  0
  1  6  2  0  0  0
  1  2  1  0  0  0
  2  3  2  0  0  0
  3  4  1  0  0  0
  4  5  2  0  0  0
  5 10  1  0  0  0
  5  6  1  0  0  0
  6  7  1  0  0  0
  7  8  2  0  0  0
  8  9  1  0  0  0
  9 10  1  0  0  0
M  END
$$$$
c12c(ccnc1)NCC=N2
  -ISIS-

 10 11  0  0  0  0  0  0  0  0  1
   -1.0081    0.5552    3.5198  C  0  0  0  0  0
   -0.2862    1.6280    3.1438  N  0  0  0  0  0
   -0.8533    2.8400    3.2436  C  0  0  0  0  0
   -2.1619    3.0166    3.6839  C  0  0  0  0  0
   -2.9289    1.9006    4.0244  C  0  0  0  0  0
   -2.3318    0.6325    3.9830  C  0  0  0  0  0
   -3.0043   -0.5249    4.4408  N  0  0  0  0  0
   -4.2786   -0.4293    4.7005  C  0  0  0  0  0
   -5.0762    0.8688    4.4546  C  0  0  0  0  0
   -4.2318    2.0765    4.5360  N  0  0  0  0  0
  1  6  2  0  0  0
  1  2  1  0  0  0
  2  3  2  0  0  0
  3  4  1  0  0  0
  4  5  2  0  0  0
  5 10  1  0  0  0
  5  6  1  0  0  0
  6  7  1  0  0  0
  7  8  2  0  0  0
  8  9  1  0  0  0
  9 10  1  0  0  0
M  END
$$$$
c12c(ccnc1)NCC=N2
  -ISIS-

 10 11  0  0  0  0  0  0  0  0  1
   -1.0081    0.5552    3.5198  C  0  0  0  0  0
   -0.2862    1.6280    3.1438  N  0  0  0  0  0
   -0.8533    2.8400    3.2436  C  0  0  0  0  0
   -2.1619    3.0166    3.6839  C  0  0  0  0  0
   -2.9289    1.9006    4.0244  C  0  0  0  0  0
   -2.3318    0.6325    3.9830  C  0  0  0  0  0
   -3.0043   -0.5249    4.4408  N  0  0  0  0  0
   -4.2786   -0.4293    4.7005  C  0  0  0  0  0
   -5.0762    0.8688    4.4546  C  0  0  0  0  0
   -4.2318    2.0765    4.5360  N  0  0  0  0  0
  1  6  2  0  0  0
  1  2  1  0  0  0
  2  3  2  0  0  0
  3  4  1  0  0  0
  4  5  2  0  0  0
  5 10  1  0  0  0
  5  6  1  0  0  0
  6  7  1  0  0  0
  7  8  2  0  0  0
  8  9  1  0  0  0
  9 10  1  0  0  0
M  END
$$$$
c12c(ccnc1)NCC=N2
  -ISIS-

 10 11  0  0  0  0  0  0  0  0  1
   -1.0081    0.5552    3.5198  C  0  0  0  0  0
   -0.2862    1.6280    3.1438  N  0  0  0  0  0
   -0.8533    2.8400    3.2436  C  0  0  0  0  0
   -2.1619    3.0166    3.6839  C  0  0  0  0  0
   -2.9289    1.9006    4.0244  C  0  0  0  0  0
   -2.3318    0.6325    3.9830  C  0  0  0  0  0
   -3.0043   -0.5249    4.4408  N  0  0  0  0  0
   -4.2786   -0.4293    4.7005  C  0  0  0  0  0
   -5.0762    0.8688    4.4546  C  0  0  0  0  0
   -4.2318    2.0765    4.5360  N  0  0  0  0  0
  1  6  2  0  0  0
  1  2  1  0  0  0
  2  3  2  0  0  0
  3  4  1  0  0  0
  4  5  2  0  0  0
  5 10  1  0  0  0
  5  6  1  0  0  0
  6  7  1  0  0  0
  7  8  2  0  0  0
  8  9  1  0  0  0
  9 10  1  0  0  0
M  END
$$$$
c12c(ccnc1)NCC=N2
  -ISIS-

 10 11  0  0  0  0  0  0  0  0  1
   -1.0081    0.5552    3.5198  C  0  0  0  0  0
   -0.2862    1.6280    3.1438  N  0  0  0  0  0
   -0.8533    2.8400    3.2436  C  0  0  0  0  0
   -2.1619    3.0166    3.6839  C  0  0  0  0  0
   -2.9289    1.9006    4.0244  C  0  0  0  0  0
   -2.3318    0.6325    3.9830  C  0  0  0  0  0
   -3.0043   -0.5249    4.4408  N  0  0  0  0  0
   -4.2786   -0.4293    4.7005  C  0  0  0  0  0
   -5.0762    0.8688    4.4546  C  0  0  0  0  0
   -4.2318    2.0765    4.5360  N  0  0  0  0  0
  1  6  2  0  0  0
  1  2  1  0  0  0
  2  3  2  0  0  0
  3  4  1  0  0  0
  4  5  2  0  0  0
  5 10  1  0  0  0
  5  6  1  0  0  0
  6  7  1  0  0  0
  7  8  2  0  0  0
  8  9  1  0  0  0
  9 10  1  0  0  0
M  END
$$$$
c12c(ccnc1)NCC=N2
  -ISIS-

 10 11  0  0  0  0  0  0  0  0  1
    6.8245   -1.3185    1.5337  N  0  0  0  0  0
    6.4787   -0.6466    0.3618  C  0  0  0  0  0
    5.7764    0.6886    0.5326  C  0  0  0  0  0
    5.5891    1.2513    1.6971  N  0  0  0  0  0
    6.0057    0.5558    2.8429  C  0  0  0  0  0
    6.6021   -0.7113    2.8012  C  0  0  0  0  0
    6.9684   -1.3312    4.0005  C  0  0  0  0  0
    6.7296   -0.6666    5.1936  C  0  0  0  0  0
    6.1605    0.5512    5.2710  N  0  0  0  0  0
    5.8114    1.1279    4.0971  C  0  0  0  0  0
  1  6  1  0  0  0
  1  2  1  0  0  0
  2  3  1  0  0  0
  3  4  2  0  0  0
  4  5  1  0  0  0
  5 10  2  0  0  0
  5  6  2  0  0  0
  6  7  2  0  0  0
  7  8  1  0  0  0
  8  9  2  0  0  0
  9 10  1  0  0  0
M  END
$$$$
c12c(ccnc1)NCC=N2
  -ISIS-

 10 11  0  0  0  0  0  0  0  0  1
    6.8245   -1.3185    1.5337  N  0  0  0  0  0
    6.4787   -0.6466    0.3618  C  0  0  0  0  0
    5.7764    0.6886    0.5326  C  0  0  0  0  0
    5.5891    1.2513    1.6971  N  0  0  0  0  0
    6.0057    0.5558    2.8429  C  0  0  0  0  0
    6.6021   -0.7113    2.8012  C  0  0  0  0  0
    6.9684   -1.3312    4.0005  C  0  0  0  0  0
    6.7296   -0.6666    5.1936  C  0  0  0  0  0
    6.1605    0.5512    5.2710  N  0  0  0  0  0
    5.8114    1.1279    4.0971  C  0  0  0  0  0
  1  6  1  0  0  0
  1  2  1  0  0  0
  2  3  1  0  0  0
  3  4  2  0  0  0
  4  5  1  0  0  0
  5 10  2  0  0  0
  5  6  2  0  0  0
  6  7  2  0  0  0
  7  8  1  0  0  0
  8  9  2  0  0  0
  9 10  1  0  0  0
M  END
$$$$
c12c(ccnc1)NCC=N2
  -ISIS-

 10 11  0  0  0  0  0  0  0  0  1
    6.8245   -1.3185    1.5337  N  0  0  0  0  0
    6.4787   -0.6466    0.3618  C  0  0  0  0  0
    5.7764    0.6886    0.5326  C  0  0  0  0  0
    5.5891    1.2513    1.6971  N  0  0  0  0  0
    6.0057    0.5558    2.8429  C  0  0  0  0  0
    6.6021   -0.7113    2.8012  C  0  0  0  0  0
    6.9684   -1.3312    4.0005  C  0  0  0  0  0
    6.7296   -0.6666    5.1936  C  0  0  0  0  0
    6.1605    0.5512    5.2710  N  0  0  0  0  0
    5.8114    1.1279    4.0971  C  0  0  0  0  0
  1  6  1  0  0  0
  1  2  1  0  0  0
  2  3  1  0  0  0
  3  4  2  0  0  0
  4  5  1  0  0  0
  5 10  2  0  0  0
  5  6  2  0  0  0
  6  7  2  0  0  0
  7  8  1  0  0  0
  8  9  2  0  0  0
  9 10  1  0  0  0
M  END
$$$$
c12c(ccnc1)NCC=N2
  -ISIS-

 10 11  0  0  0  0  0  0  0  0  1
   -1.0679   -3.6858    0.8386  C  0  0  0  0  0
   -0.2868   -2.5178    0.9070  C  0  0  0  0  0
    1.0971   -2.5770    0.6167  N  0  0  0  0  0
    1.8007   -1.4983    0.8212  C  0  0  0  0  0
    1.2191   -0.2194    1.4591  C  0  0  0  0  0
   -0.2349   -0.0964    1.2565  N  0  0  0  0  0
   -0.9315   -1.3200    1.2411  C  0  0  0  0  0
   -2.3161   -1.3338    1.4186  C  0  0  0  0  0
   -3.0105   -2.5387    1.3339  C  0  0  0  0  0
   -2.3951   -3.7012    1.0607  N  0  0  0  0  0
  1 10  2  0  0  0
  1  2  1  0  0  0
  2  7  2  0  0  0
  2  3  1  0  0  0
  3  4  2  0  0  0
  4  5  1  0  0  0
  5  6  1  0  0  0
  6  7  1  0  0  0
  7  8  1  0  0  0
  8  9  2  0  0  0
  9 10  1  0  0  0
M  END
$$$$
c12c(ccnc1)NCC=N2
  -ISIS-

 10 11  0  0  0  0  0  0  0  0  1
   -1.0679   -3.6858    0.8386  C  0  0  0  0  0
   -0.2868   -2.5178    0.9070  C  0  0  0  0  0
    1.0971   -2.5770    0.6167  N  0  0  0  0  0
    1.8007   -1.4983    0.8212  C  0  0  0  0  0
    1.2191   -0.2194    1.4591  C  0  0  0  0  0
   -0.2349   -0.0964    1.2565  N  0  0  0  0  0
   -0.9315   -1.3200    1.2411  C  0  0  0  0  0
   -2.3161   -1.3338    1.4186  C  0  0  0  0  0
   -3.0105   -2.5387    1.3339  C  0  0  0  0  0
   -2.3951   -3.7012    1.0607  N  0  0  0  0  0
  1 10  2  0  0  0
  1  2  1  0  0  0
  2  7  2  0  0  0
  2  3  1  0  0  0
  3  4  2  0  0  0
  4  5  1  0  0  0
  5  6  1  0  0  0
  6  7  1  0  0  0
  7  8  1  0  0  0
  8  9  2  0  0  0
  9 10  1  0  0  0
M  END
$$$$
c12c(ccnc1)NCC=N2
  -ISIS-

 10 11  0  0  0  0  0  0  0  0  1
   -1.0679   -3.6858    0.8386  C  0  0  0  0  0
   -0.2868   -2.5178    0.9070  C  0  0  0  0  0
    1.0971   -2.5770    0.6167  N  0  0  0  0  0
    1.8007   -1.4983    0.8212  C  0  0  0  0  0
    1.2191   -0.2194    1.4591  C  0  0  0  0  0
   -0.2349   -0.0964    1.2565  N  0  0  0  0  0
   -0.9315   -1.3200    1.2411  C  0  0  0  0  0
   -2.3161   -1.3338    1.4186  C  0  0  0  0  0
   -3.0105   -2.5387    1.3339  C  0  0  0  0  0
   -2.3951   -3.7012    1.0607  N  0  0  0  0  0
  1 10  2  0  0  0
  1  2  1  0  0  0
  2  7  2  0  0  0
  2  3  1  0  0  0
  3  4  2  0  0  0
  4  5  1  0  0  0
  5  6  1  0  0  0
  6  7  1  0  0  0
  7  8  1  0  0  0
  8  9  2  0  0  0
  9 10  1  0  0  0
M  END
$$$$
c12c(ccnc1)NCC=N2
  -ISIS-

 10 11  0  0  0  0  0  0  0  0  1
   -1.0679   -3.6858    0.8386  C  0  0  0  0  0
   -0.2868   -2.5178    0.9070  C  0  0  0  0  0
    1.0971   -2.5770    0.6167  N  0  0  0  0  0
    1.8007   -1.4983    0.8212  C  0  0  0  0  0
    1.2191   -0.2194    1.4591  C  0  0  0  0  0
   -0.2349   -0.0964    1.2565  N  0  0  0  0  0
   -0.9315   -1.3200    1.2411  C  0  0  0  0  0
   -2.3161   -1.3338    1.4186  C  0  0  0  0  0
   -3.0105   -2.5387    1.3339  C  0  0  0  0  0
   -2.3951   -3.7012    1.0607  N  0  0  0  0  0
  1 10  2  0  0  0
  1  2  1  0  0  0
  2  7  2  0  0  0
  2  3  1  0  0  0
  3  4  2  0  0  0
  4  5  1  0  0  0
  5  6  1  0  0  0
  6  7  1  0  0  0
  7  8  1  0  0  0
  8  9  2  0  0  0
  9 10  1  0  0  0
M  END
$$$$
c12c(ccnc1)NCC=N2
  -ISIS-

 10 11  0  0  0  0  0  0  0  0  1
    1.9146   -1.2775    7.7047  C  0  0  0  0  0
    2.3514   -0.1872    6.9483  C  0  0  0  0  0
    1.4117    0.5121    6.1486  N  0  0  0  0  0
    1.8543    1.8838    5.7940  C  0  0  0  0  0
    3.3812    1.9641    5.5552  C  0  0  0  0  0
    4.2360    1.1196    6.0581  N  0  0  0  0  0
    3.7197    0.0885    6.8742  C  0  0  0  0  0
    4.5873   -0.7193    7.6278  C  0  0  0  0  0
    4.1635   -1.7445    8.3907  N  0  0  0  0  0
    2.8422   -2.0195    8.4207  C  0  0  0  0  0
  1 10  2  0  0  0
  1  2  1  0  0  0
  2  7  2  0  0  0
  2  3  1  0  0  0
  3  4  1  0  0  0
  4  5  1  0  0  0
  5  6  2  0  0  0
  6  7  1  0  0  0
  7  8  1  0  0  0
  8  9  2  0  0  0
  9 10  1  0  0  0
M  END
$$$$
c12c(ccnc1)NCC=N2
  -ISIS-

 10 11  0  0  0  0  0  0  0  0  1
    1.9146   -1.2775    7.7047  C  0  0  0  0  0
    2.3514   -0.1872    6.9483  C  0  0  0  0  0
    1.4117    0.5121    6.1486  N  0  0  0  0  0
    1.8543    1.8838    5.7940  C  0  0  0  0  0
    3.3812    1.9641    5.5552  C  0  0  0  0  0
    4.2360    1.1196    6.0581  N  0  0  0  0  0
    3.7197    0.0885    6.8742  C  0  0  0  0  0
    4.5873   -0.7193    7.6278  C  0  0  0  0  0
    4.1635   -1.7445    8.3907  N  0  0  0  0  0
    2.8422   -2.0195    8.4207  C  0  0  0  0  0
  1 10  2  0  0  0
  1  2  1  0  0  0
  2  7  2  0  0  0
  2  3  1  0  0  0
  3  4  1  0  0  0
  4  5  1  0  0  0
  5  6  2  0  0  0
  6  7  1  0  0  0
  7  8  1  0  0  0
  8  9  2  0  0  0
  9 10  1  0  0  0
M  END
$$$$
c12c(ccnc1)NCC=N2
  -ISIS-

 10 11  0  0  0  0  0  0  0  0  1
    1.9146   -1.2775    7.7047  C  0  0  0  0  0
    2.3514   -0.1872    6.9483  C  0  0  0  0  0
    1.4117    0.5121    6.1486  N  0  0  0  0  0
    1.8543    1.8838    5.7940  C  0  0  0  0  0
    3.3812    1.9641    5.5552  C  0  0  0  0  0
    4.2360    1.1196    6.0581  N  0  0  0  0  0
    3.7197    0.0885    6.8742  C  0  0  0  0  0
    4.5873   -0.7193    7.6278  C  0  0  0  0  0
    4.1635   -1.7445    8.3907  N  0  0  0  0  0
    2.8422   -2.0195    8.4207  C  0  0  0  0  0
  1 10  2  0  0  0
  1  2  1  0  0  0
  2  7  2  0  0  0
  2  3  1  0  0  0
  3  4  1  0  0  0
  4  5  1  0  0  0
  5  6  2  0  0  0
  6  7  1  0  0  0
  7  8  1  0  0  0
  8  9  2  0  0  0
  9 10  1  0  0  0
M  END
$$$$
c12c(ccnc1)NCC=N2
  -ISIS-

 10 11  0  0  0  0  0  0  0  0  1
    1.9146   -1.2775    7.7047  C  0  0  0  0  0
    2.3514   -0.1872    6.9483  C  0  0  0  0  0
    1.4117    0.5121    6.1486  N  0  0  0  0  0
    1.8543    1.8838    5.7940  C  0  0  0  0  0
    3.3812    1.9641    5.5552  C  0  0  0  0  0
    4.2360    1.1196    6.0581  N  0  0  0  0  0
    3.7197    0.0885    6.8742  C  0  0  0  0  0
    4.5873   -0.7193    7.6278  C  0  0  0  0  0
    4.1635   -1.7445    8.3907  N  0  0  0  0  0
    2.8422   -2.0195    8.4207  C  0  0  0  0  0
  1 10  2  0  0  0
  1  2  1  0  0  0
  2  7  2  0  0  0
  2  3  1  0  0  0
  3  4  1  0  0  0
  4  5  1  0  0  0
  5  6  2  0  0  0
  6  7  1  0  0  0
  7  8  1  0  0  0
  8  9  2  0  0  0
  9 10  1  0  0  0
M  END
$$$$
