C12C(=Nc3c1cccc3)N=CNN=2
  -ISIS-

 13 15  0  0  0  0  0  0  0  0  1
   -7.3763   -3.1414    3.8459  C  0  0  0  0  0
   -6.8822   -3.3039    2.5871  N  0  0  0  0  0
   -6.8080   -2.1620    1.9638  C  0  0  0  0  0
   -7.1617   -0.9285    2.4937  N  0  0  0  0  0
   -7.6823   -0.7046    3.7607  N  0  0  0  0  0
   -7.7775   -1.8095    4.4207  C  0  0  0  0  0
   -8.2412   -2.0945    5.7467  C  0  0  0  0  0
   -8.0902   -3.4792    5.8583  C  0  0  0  0  0
   -8.4499   -4.1031    7.0374  C  0  0  0  0  0
   -8.9560   -3.3152    8.0816  C  0  0  0  0  0
   -9.0965   -1.9194    7.9382  C  0  0  0  0  0
   -8.7339   -1.2861    6.7491  C  0  0  0  0  0
   -7.5661   -4.1068    4.7033  N  0  0  0  0  0
  1  6  1  0  0  0
  1 13  2  0  0  0
  1  2  1  0  0  0
  2  3  2  0  0  0
  3  4  1  0  0  0
  4  5  1  0  0  0
  5  6  2  0  0  0
  6  7  1  0  0  0
  7 12  2  0  0  0
  7  8  1  0  0  0
  8  9  2  0  0  0
  8 13  1  0  0  0
  9 10  1  0  0  0
 10 11  2  0  0  0
 11 12  1  0  0  0
M  END
$$$$
C12C(=Nc3c1cccc3)N=CNN=2
  -ISIS-

 13 15  0  0  0  0  0  0  0  0  1
   -3.6963   -0.5671    1.0086  C  0  0  0  0  0
   -3.5328   -0.1598    2.3012  N  0  0  0  0  0
   -3.7287   -1.1466    3.1199  C  0  0  0  0  0
   -4.0618   -2.4463    2.7761  N  0  0  0  0  0
   -4.2767   -2.9090    1.4905  N  0  0  0  0  0
   -4.0751   -1.9741    0.6194  C  0  0  0  0  0
   -4.1534   -1.9587   -0.8125  C  0  0  0  0  0
   -3.8397   -0.6370   -1.1459  C  0  0  0  0  0
   -3.8222   -0.2631   -2.4755  C  0  0  0  0  0
   -4.1220   -1.2321   -3.4438  C  0  0  0  0  0
   -4.4350   -2.5571   -3.0762  C  0  0  0  0  0
   -4.4539   -2.9388   -1.7344  C  0  0  0  0  0
   -3.5681    0.1993   -0.0360  N  0  0  0  0  0
  1  6  1  0  0  0
  1 13  2  0  0  0
  1  2  1  0  0  0
  2  3  2  0  0  0
  3  4  1  0  0  0
  4  5  1  0  0  0
  5  6  2  0  0  0
  6  7  1  0  0  0
  7 12  2  0  0  0
  7  8  1  0  0  0
  8  9  2  0  0  0
  8 13  1  0  0  0
  9 10  1  0  0  0
 10 11  2  0  0  0
 11 12  1  0  0  0
M  END
$$$$
C12C(=Nc3c1cccc3)N=CNN=2
  -ISIS-

 13 15  0  0  0  0  0  0  0  0  1
   -0.3932    3.9771   -2.1383  C  0  0  0  0  0
   -0.7198    2.9592   -1.2886  N  0  0  0  0  0
    0.2679    2.6889   -0.4923  C  0  0  0  0  0
    1.4990    3.3241   -0.4768  N  0  0  0  0  0
    1.8898    4.3562   -1.3068  N  0  0  0  0  0
    0.9434    4.6749   -2.1298  C  0  0  0  0  0
    0.8574    5.6609   -3.1678  C  0  0  0  0  0
   -0.4329    5.4884   -3.6805  C  0  0  0  0  0
   -0.8593    6.2938   -4.7185  C  0  0  0  0  0
    0.0264    7.2586   -5.2196  C  0  0  0  0  0
    1.3215    7.4083   -4.6820  C  0  0  0  0  0
    1.7561    6.5971   -3.6333  C  0  0  0  0  0
   -1.1830    4.4656   -3.0502  N  0  0  0  0  0
  1  6  1  0  0  0
  1 13  2  0  0  0
  1  2  1  0  0  0
  2  3  2  0  0  0
  3  4  1  0  0  0
  4  5  1  0  0  0
  5  6  2  0  0  0
  6  7  1  0  0  0
  7 12  2  0  0  0
  7  8  1  0  0  0
  8  9  2  0  0  0
  8 13  1  0  0  0
  9 10  1  0  0  0
 10 11  2  0  0  0
 11 12  1  0  0  0
M  END
$$$$
C12C(=Nc3c1cccc3)N=CNN=2
  -ISIS-

 13 15  0  0  0  0  0  0  0  0  1
   -1.2561   -1.5059    7.3043  C  0  0  0  0  0
   -2.5569   -1.1329    7.1212  N  0  0  0  0  0
   -2.7883    0.0178    7.6734  C  0  0  0  0  0
   -1.8676    0.7907    8.3623  N  0  0  0  0  0
   -0.5421    0.4712    8.5808  N  0  0  0  0  0
   -0.2461   -0.6720    8.0517  C  0  0  0  0  0
    0.9723   -1.4271    8.0029  C  0  0  0  0  0
    0.6212   -2.5733    7.2813  C  0  0  0  0  0
    1.5791   -3.5391    7.0418  C  0  0  0  0  0
    2.8744   -3.3289    7.5359  C  0  0  0  0  0
    3.1980   -2.1628    8.2600  C  0  0  0  0  0
    2.2335   -1.1847    8.5041  C  0  0  0  0  0
   -0.7312   -2.6116    6.8622  N  0  0  0  0  0
  1  6  1  0  0  0
  1 13  2  0  0  0
  1  2  1  0  0  0
  2  3  2  0  0  0
  3  4  1  0  0  0
  4  5  1  0  0  0
  5  6  2  0  0  0
  6  7  1  0  0  0
  7 12  2  0  0  0
  7  8  1  0  0  0
  8  9  2  0  0  0
  8 13  1  0  0  0
  9 10  1  0  0  0
 10 11  2  0  0  0
 11 12  1  0  0  0
M  END
$$$$
