c12c(c[c]3[c](c1)cccc3)CNNC2
  -ISIS-

 14 16  0  0  0  0  0  0  0  0  1
   -2.5404    2.5406   -3.4920  N  0  0  0  0  0
   -3.3381    3.6002   -3.8960  C  0  0  0  0  0
   -4.3986    4.0330   -2.9683  C  0  0  0  0  0
   -4.5803    3.3848   -1.7572  C  0  0  0  0  0
   -3.8299    2.1544   -1.4479  C  0  0  0  0  0
   -2.9612    1.6840   -2.4207  N  0  0  0  0  0
   -5.5408    3.8567   -0.8485  C  0  0  0  0  0
   -6.3248    4.9814   -1.1490  C  0  0  0  0  0
   -7.2887    5.4632   -0.2493  C  0  0  0  0  0
   -8.0616    6.5813   -0.5654  C  0  0  0  0  0
   -7.8811    7.2304   -1.7832  C  0  0  0  0  0
   -6.9274    6.7634   -2.6885  C  0  0  0  0  0
   -6.1425    5.6397   -2.3857  C  0  0  0  0  0
   -5.1771    5.1580   -3.2833  C  0  0  0  0  0
  1  6  1  0  0  0
  1  2  1  0  0  0
  2  3  1  0  0  0
  3 14  2  0  0  0
  3  4  1  0  0  0
  4  5  1  0  0  0
  4  7  2  0  0  0
  5  6  1  0  0  0
  7  8  1  0  0  0
  8 13  2  0  0  0
  8  9  1  0  0  0
  9 10  2  0  0  0
 10 11  1  0  0  0
 11 12  2  0  0  0
 12 13  1  0  0  0
 13 14  1  0  0  0
M  END
$$$$
