c12c3c(cccc3)Cc1cn[c]4nnc[n]24
  -ISIS-

 16 19  0  0  0  0  0  0  0  0  1
    4.2030   -8.0428   -1.1943  C  0  0  0  0  0
    5.2804   -7.3479   -0.4934  C  0  0  0  0  0
    5.0265   -5.9243   -0.7188  C  0  0  0  0  0
    5.7557   -4.8392   -0.2687  C  0  0  0  0  0
    5.2959   -3.5746   -0.6283  C  0  0  0  0  0
    4.1382   -3.4342   -1.4144  C  0  0  0  0  0
    3.4182   -4.5545   -1.8564  C  0  0  0  0  0
    3.8711   -5.8139   -1.5026  C  0  0  0  0  0
    3.3818   -7.1576   -1.7817  C  0  0  0  0  0
    2.2995   -7.6397   -2.4936  N  0  0  0  0  0
    2.0585   -9.0124   -2.6044  C  0  0  0  0  0
    0.9709   -9.1807   -3.3304  N  0  0  0  0  0
    0.4925   -7.9439   -3.7004  N  0  0  0  0  0
    1.2956   -7.0386   -3.1932  C  0  0  0  0  0
    2.8823   -9.9386   -2.0143  N  0  0  0  0  0
    3.8969   -9.4697   -1.3473  C  0  0  0  0  0
  1  9  2  0  0  0
  1 16  1  0  0  0
  1  2  1  0  0  0
  2  3  1  0  0  0
  3  8  2  0  0  0
  3  4  1  0  0  0
  4  5  2  0  0  0
  5  6  1  0  0  0
  6  7  2  0  0  0
  7  8  1  0  0  0
  8  9  1  0  0  0
  9 10  1  0  0  0
 10 14  1  0  0  0
 10 11  2  0  0  0
 11 12  2  0  0  0
 11 15  1  0  0  0
 12 13  1  0  0  0
 13 14  2  0  0  0
 15 16  2  0  0  0
M  END
$$$$
