c12C3(c4c(cc[s]4)CCc1cc[s]2)CCCCC3
  -ISIS-

 18 21  0  0  0  0  0  0  0  0  1
    3.5386   -7.9464   -1.7411  C  0  0  0  0  0
    2.2137   -8.4861   -2.4231  C  0  0  0  0  0
    1.7870   -9.7906   -2.7152  C  0  0  0  0  0
    2.5041  -11.1036   -2.5070  C  0  0  0  0  0
    3.5508  -11.1317   -1.4044  C  0  0  0  0  0
    4.7417  -10.3173   -1.7977  C  0  0  0  0  0
    4.7217   -8.9379   -2.0071  C  0  0  0  0  0
    6.2270   -8.4419   -2.6900  S  0  0  0  0  0
    6.9227   -9.9822   -2.5487  C  0  0  0  0  0
    6.0223  -10.8997   -2.0735  C  0  0  0  0  0
    0.4794   -9.8011   -3.3241  C  0  0  0  0  0
   -0.0756   -8.5560   -3.4434  C  0  0  0  0  0
    0.9465   -7.3604   -2.8239  S  0  0  0  0  0
    3.8676   -6.4795   -2.2265  C  0  0  0  0  0
    4.8619   -5.6794   -1.3692  C  0  0  0  0  0
    4.5152   -5.7187    0.1107  C  0  0  0  0  0
    4.3397   -7.1476    0.5978  C  0  0  0  0  0
    3.2570   -7.8697   -0.2019  C  0  0  0  0  0
  1  7  1  0  0  0
  1 18  1  0  0  0
  1  2  1  0  0  0
  1 14  1  0  0  0
  2 13  1  0  0  0
  2  3  2  0  0  0
  3  4  1  0  0  0
  3 11  1  0  0  0
  4  5  1  0  0  0
  5  6  1  0  0  0
  6 10  1  0  0  0
  6  7  2  0  0  0
  7  8  1  0  0  0
  8  9  1  0  0  0
  9 10  2  0  0  0
 11 12  2  0  0  0
 12 13  1  0  0  0
 14 15  1  0  0  0
 15 16  1  0  0  0
 16 17  1  0  0  0
 17 18  1  0  0  0
M  END
$$$$
