c12c(SC3N1C=CS3)cccc2
  -ISIS-

 12 14  0  0  0  0  0  0  0  0  1
   -0.7414   -9.1327   -1.4498  N  0  0  0  0  0
    0.1663  -10.0789   -1.0216  C  0  0  0  0  0
   -0.0910  -11.7114   -1.5625  S  0  0  0  0  0
   -1.5498  -11.0933   -2.4498  C  0  0  0  0  0
   -1.7316   -9.6931   -2.2684  C  0  0  0  0  0
   -2.7966   -9.0484   -2.8737  C  0  0  0  0  0
   -3.6769   -9.8030   -3.6580  C  0  0  0  0  0
   -3.4896  -11.1856   -3.8316  C  0  0  0  0  0
   -2.4179  -11.8440   -3.2247  C  0  0  0  0  0
    1.4253   -9.4432    0.0026  S  0  0  0  0  0
    0.6460   -7.8503   -0.1927  C  0  0  0  0  0
   -0.4546   -7.8852   -0.9729  C  0  0  0  0  0
  1  5  1  0  0  0
  1 12  1  0  0  0
  1  2  1  0  0  0
  2  3  1  0  0  0
  2 10  1  0  0  0
  3  4  1  0  0  0
  4  9  2  0  0  0
  4  5  1  0  0  0
  5  6  2  0  0  0
  6  7  1  0  0  0
  7  8  2  0  0  0
  8  9  1  0  0  0
 10 11  1  0  0  0
 11 12  2  0  0  0
M  END
$$$$
c12c(SC3N1C=CS3)cccc2
  -ISIS-

 12 14  0  0  0  0  0  0  0  0  1
    1.9788  -11.8481   -0.9359  C  0  0  0  0  0
    2.3504  -12.4617   -2.0862  C  0  0  0  0  0
    1.6111  -11.7815   -3.5493  S  0  0  0  0  0
    0.8016  -10.6552   -2.4993  C  0  0  0  0  0
   -0.3028   -9.3870   -2.9366  S  0  0  0  0  0
   -0.4120   -8.9996   -1.1712  C  0  0  0  0  0
    0.3983   -9.8615   -0.3763  C  0  0  0  0  0
    1.0902  -10.8088   -1.1548  N  0  0  0  0  0
    0.4207   -9.6885    0.9979  C  0  0  0  0  0
   -0.3546   -8.6700    1.5685  C  0  0  0  0  0
   -1.1474   -7.8295    0.7716  C  0  0  0  0  0
   -1.1813   -7.9903   -0.6132  C  0  0  0  0  0
  1  8  1  0  0  0
  1  2  2  0  0  0
  2  3  1  0  0  0
  3  4  1  0  0  0
  4  8  1  0  0  0
  4  5  1  0  0  0
  5  6  1  0  0  0
  6 12  2  0  0  0
  6  7  1  0  0  0
  7  8  1  0  0  0
  7  9  2  0  0  0
  9 10  1  0  0  0
 10 11  2  0  0  0
 11 12  1  0  0  0
M  END
$$$$
c12c(SC3N1C=CS3)cccc2
  -ISIS-

 12 14  0  0  0  0  0  0  0  0  1
    1.3644   -2.4195   -0.1719  N  0  0  0  0  0
    2.1545   -3.2148   -0.9775  C  0  0  0  0  0
    3.2251   -2.5627   -1.4893  C  0  0  0  0  0
    3.3301   -0.8599   -0.9904  S  0  0  0  0  0
    1.8669   -1.1338   -0.0842  C  0  0  0  0  0
    0.9855   -0.0029    0.8977  S  0  0  0  0  0
   -0.1771   -1.3491    1.2428  C  0  0  0  0  0
    0.1878   -2.5604    0.5871  C  0  0  0  0  0
   -0.6040   -3.6849    0.7539  C  0  0  0  0  0
   -1.7438   -3.5993    1.5641  C  0  0  0  0  0
   -2.0903   -2.3986    2.2034  C  0  0  0  0  0
   -1.3035   -1.2578    2.0457  C  0  0  0  0  0
  1  8  1  0  0  0
  1  5  1  0  0  0
  1  2  1  0  0  0
  2  3  2  0  0  0
  3  4  1  0  0  0
  4  5  1  0  0  0
  5  6  1  0  0  0
  6  7  1  0  0  0
  7 12  2  0  0  0
  7  8  1  0  0  0
  8  9  2  0  0  0
  9 10  1  0  0  0
 10 11  2  0  0  0
 11 12  1  0  0  0
M  END
$$$$
c12c(SC3N1C=CS3)cccc2
  -ISIS-

 12 14  0  0  0  0  0  0  0  0  1
    0.9339    2.3911    8.3721  C  0  0  0  0  0
    1.8725    3.9096    8.2774  S  0  0  0  0  0
    3.1445    2.9680    7.5539  C  0  0  0  0  0
    2.8683    1.6193    7.4234  N  0  0  0  0  0
    1.6059    1.3165    7.8827  C  0  0  0  0  0
    4.0026    0.9065    6.9918  C  0  0  0  0  0
    4.1592   -0.4628    6.8452  C  0  0  0  0  0
    5.3902   -0.9603    6.3970  C  0  0  0  0  0
    6.4602   -0.0981    6.1099  C  0  0  0  0  0
    6.3262    1.2798    6.2775  C  0  0  0  0  0
    5.1061    1.7663    6.7196  C  0  0  0  0  0
    4.7262    3.5024    7.0683  S  0  0  0  0  0
  1  5  2  0  0  0
  1  2  1  0  0  0
  2  3  1  0  0  0
  3 12  1  0  0  0
  3  4  1  0  0  0
  4  5  1  0  0  0
  4  6  1  0  0  0
  6 11  2  0  0  0
  6  7  1  0  0  0
  7  8  2  0  0  0
  8  9  1  0  0  0
  9 10  2  0  0  0
 10 11  1  0  0  0
 11 12  1  0  0  0
M  END
$$$$
c12c(SC3N1C=CS3)cccc2
  -ISIS-

 12 14  0  0  0  0  0  0  0  0  1
    0.9339    2.3911    8.3721  C  0  0  0  0  0
    1.8725    3.9096    8.2774  S  0  0  0  0  0
    3.1445    2.9680    7.5539  C  0  0  0  0  0
    2.8683    1.6193    7.4234  N  0  0  0  0  0
    1.6059    1.3165    7.8827  C  0  0  0  0  0
    4.0026    0.9065    6.9918  C  0  0  0  0  0
    4.1592   -0.4628    6.8452  C  0  0  0  0  0
    5.3902   -0.9603    6.3970  C  0  0  0  0  0
    6.4602   -0.0981    6.1099  C  0  0  0  0  0
    6.3262    1.2798    6.2775  C  0  0  0  0  0
    5.1061    1.7663    6.7196  C  0  0  0  0  0
    4.7262    3.5024    7.0683  S  0  0  0  0  0
  1  5  2  0  0  0
  1  2  1  0  0  0
  2  3  1  0  0  0
  3 12  1  0  0  0
  3  4  1  0  0  0
  4  5  1  0  0  0
  4  6  1  0  0  0
  6 11  2  0  0  0
  6  7  1  0  0  0
  7  8  2  0  0  0
  8  9  1  0  0  0
  9 10  2  0  0  0
 10 11  1  0  0  0
 11 12  1  0  0  0
M  END
$$$$
c12c(SC3N1C=CS3)cccc2
  -ISIS-

 12 14  0  0  0  0  0  0  0  0  1
    1.8635   -3.6720   -0.1787  C  0  0  0  0  0
    0.9327   -3.4462    1.3249  S  0  0  0  0  0
    1.9461   -2.0615    1.6243  C  0  0  0  0  0
    2.8926   -1.8207    0.6494  N  0  0  0  0  0
    2.8341   -2.7406   -0.3708  C  0  0  0  0  0
    3.6631   -0.6855    0.9453  C  0  0  0  0  0
    3.2752   -0.0760    2.1717  C  0  0  0  0  0
    1.9036   -0.9573    2.9680  S  0  0  0  0  0
    3.9058    1.0598    2.6534  C  0  0  0  0  0
    4.9467    1.6018    1.8968  C  0  0  0  0  0
    5.3378    1.0084    0.6846  C  0  0  0  0  0
    4.6965   -0.1393    0.2035  C  0  0  0  0  0
  1  5  2  0  0  0
  1  2  1  0  0  0
  2  3  1  0  0  0
  3  8  1  0  0  0
  3  4  1  0  0  0
  4  5  1  0  0  0
  4  6  1  0  0  0
  6 12  2  0  0  0
  6  7  1  0  0  0
  7  8  1  0  0  0
  7  9  2  0  0  0
  9 10  1  0  0  0
 10 11  2  0  0  0
 11 12  1  0  0  0
M  END
$$$$
c12c(SC3N1C=CS3)cccc2
  -ISIS-

 12 14  0  0  0  0  0  0  0  0  1
    1.8635   -3.6720   -0.1787  C  0  0  0  0  0
    0.9327   -3.4462    1.3249  S  0  0  0  0  0
    1.9461   -2.0615    1.6243  C  0  0  0  0  0
    2.8926   -1.8207    0.6494  N  0  0  0  0  0
    2.8341   -2.7406   -0.3708  C  0  0  0  0  0
    3.6631   -0.6855    0.9453  C  0  0  0  0  0
    3.2752   -0.0760    2.1717  C  0  0  0  0  0
    1.9036   -0.9573    2.9680  S  0  0  0  0  0
    3.9058    1.0598    2.6534  C  0  0  0  0  0
    4.9467    1.6018    1.8968  C  0  0  0  0  0
    5.3378    1.0084    0.6846  C  0  0  0  0  0
    4.6965   -0.1393    0.2035  C  0  0  0  0  0
  1  5  2  0  0  0
  1  2  1  0  0  0
  2  3  1  0  0  0
  3  8  1  0  0  0
  3  4  1  0  0  0
  4  5  1  0  0  0
  4  6  1  0  0  0
  6 12  2  0  0  0
  6  7  1  0  0  0
  7  8  1  0  0  0
  7  9  2  0  0  0
  9 10  1  0  0  0
 10 11  2  0  0  0
 11 12  1  0  0  0
M  END
$$$$
c12c(SC3N1C=CS3)cccc2
  -ISIS-

 12 14  0  0  0  0  0  0  0  0  1
   -5.5773   -0.4605    0.2777  C  0  0  0  0  0
   -6.4405   -0.0679    1.2442  C  0  0  0  0  0
   -5.9989   -0.6352    2.8696  S  0  0  0  0  0
   -4.6212   -1.3996    2.1255  C  0  0  0  0  0
   -3.3761   -2.3420    2.8880  S  0  0  0  0  0
   -2.6424   -2.5355    1.2429  C  0  0  0  0  0
   -3.3959   -1.8702    0.2326  C  0  0  0  0  0
   -4.5301   -1.2219    0.7565  N  0  0  0  0  0
   -2.9618   -1.9266   -1.0818  C  0  0  0  0  0
   -1.7922   -2.6374   -1.3814  C  0  0  0  0  0
   -1.0610   -3.2875   -0.3749  C  0  0  0  0  0
   -1.4846   -3.2403    0.9530  C  0  0  0  0  0
  1  8  1  0  0  0
  1  2  2  0  0  0
  2  3  1  0  0  0
  3  4  1  0  0  0
  4  8  1  0  0  0
  4  5  1  0  0  0
  5  6  1  0  0  0
  6 12  2  0  0  0
  6  7  1  0  0  0
  7  8  1  0  0  0
  7  9  2  0  0  0
  9 10  1  0  0  0
 10 11  2  0  0  0
 11 12  1  0  0  0
M  END
$$$$
c12c(SC3N1C=CS3)cccc2
  -ISIS-

 12 14  0  0  0  0  0  0  0  0  1
    5.4279    0.9292    0.9522  C  0  0  0  0  0
    4.3538    1.5635    1.5437  N  0  0  0  0  0
    4.7063    2.1248    2.7579  C  0  0  0  0  0
    6.3724    1.8914    3.2124  S  0  0  0  0  0
    6.5637    1.0015    1.6857  C  0  0  0  0  0
    3.4619    2.9604    3.6370  S  0  0  0  0  0
    2.3439    2.5379    2.2755  C  0  0  0  0  0
    2.9962    1.7923    1.2511  C  0  0  0  0  0
    2.2717    1.3928    0.1399  C  0  0  0  0  0
    0.9154    1.7338    0.0544  C  0  0  0  0  0
    0.2871    2.4686    1.0720  C  0  0  0  0  0
    1.0025    2.8781    2.1970  C  0  0  0  0  0
  1  5  2  0  0  0
  1  2  1  0  0  0
  2  8  1  0  0  0
  2  3  1  0  0  0
  3  4  1  0  0  0
  3  6  1  0  0  0
  4  5  1  0  0  0
  6  7  1  0  0  0
  7 12  2  0  0  0
  7  8  1  0  0  0
  8  9  2  0  0  0
  9 10  1  0  0  0
 10 11  2  0  0  0
 11 12  1  0  0  0
M  END
$$$$
