c12c3c4c(ccc3)CCCN4Cc1c[c]5[c](n2)cccc5
  -ISIS-

 21 25  0  0  0  0  0  0  0  0  1
   -2.6722    3.7015   -7.0086  C  0  0  0  0  0
   -2.5588    4.8346   -6.1711  C  0  0  0  0  0
   -3.5130    5.8579   -6.3368  C  0  0  0  0  0
   -4.4948    5.8077   -7.2514  N  0  0  0  0  0
   -4.5883    4.7071   -8.0477  C  0  0  0  0  0
   -3.7236    3.6284   -7.9442  C  0  0  0  0  0
   -3.8499    2.4765   -8.8986  C  0  0  0  0  0
   -5.1744    2.3605   -9.5432  N  0  0  0  0  0
   -5.2990    1.2478  -10.4811  C  0  0  0  0  0
   -6.7530    1.0379  -10.8659  C  0  0  0  0  0
   -7.2729    2.2918  -11.5504  C  0  0  0  0  0
   -6.9482    3.5317  -10.7572  C  0  0  0  0  0
   -5.8983    3.5297   -9.8081  C  0  0  0  0  0
   -5.6446    4.7101   -9.0711  C  0  0  0  0  0
   -6.4099    5.8639   -9.3342  C  0  0  0  0  0
   -7.4149    5.8635  -10.2978  C  0  0  0  0  0
   -7.6829    4.7009  -11.0078  C  0  0  0  0  0
   -3.4339    6.9821   -5.5238  C  0  0  0  0  0
   -2.4392    7.1290   -4.5537  C  0  0  0  0  0
   -1.4922    6.1293   -4.3880  C  0  0  0  0  0
   -1.5507    4.9913   -5.1904  C  0  0  0  0  0
  1  6  2  0  0  0
  1  2  1  0  0  0
  2 21  1  0  0  0
  2  3  2  0  0  0
  3  4  1  0  0  0
  3 18  1  0  0  0
  4  5  2  0  0  0
  5 14  1  0  0  0
  5  6  2  0  0  0
  6  7  1  0  0  0
  7  8  1  0  0  0
  8 13  1  0  0  0
  8  9  1  0  0  0
  9 10  1  0  0  0
 10 11  1  0  0  0
 11 12  1  0  0  0
 12 17  2  0  0  0
 12 13  2  0  0  0
 13 14  2  0  0  0
 14 15  1  0  0  0
 15 16  2  0  0  0
 16 17  1  0  0  0
 18 19  2  0  0  0
 19 20  1  0  0  0
 20 21  2  0  0  0
M  END
$$$$
