c12c3c(occ3)CCc1cnn2
  -ISIS-

 12 14  0  0  0  0  0  0  0  0  1
    1.2982    3.3502    1.1888  C  0  0  0  0  0
    0.9801    2.0458    1.5095  N  0  0  0  0  0
    0.2209    1.4811    0.5349  N  0  0  0  0  0
    0.2657    2.3438   -0.5017  C  0  0  0  0  0
    0.9601    3.5291   -0.1467  C  0  0  0  0  0
    1.2077    4.7924   -0.9315  C  0  0  0  0  0
    2.2807    5.7015   -0.2762  C  0  0  0  0  0
    2.2568    5.5213    1.1996  C  0  0  0  0  0
    2.6825    6.5032    2.0314  O  0  0  0  0  0
    2.4607    6.0366    3.2941  C  0  0  0  0  0
    1.9035    4.7726    3.2672  C  0  0  0  0  0
    1.8120    4.4256    1.9072  C  0  0  0  0  0
  1  5  2  0  0  0
  1 12  1  0  0  0
  1  2  1  0  0  0
  2  3  1  0  0  0
  3  4  2  0  0  0
  4  5  1  0  0  0
  5  6  1  0  0  0
  6  7  1  0  0  0
  7  8  1  0  0  0
  8 12  2  0  0  0
  8  9  1  0  0  0
  9 10  1  0  0  0
 10 11  2  0  0  0
 11 12  1  0  0  0
M  END
$$$$
c12c3c(occ3)CCc1cnn2
  -ISIS-

 12 14  0  0  0  0  0  0  0  0  1
    1.2982    3.3502    1.1888  C  0  0  0  0  0
    0.9801    2.0458    1.5095  N  0  0  0  0  0
    0.2209    1.4811    0.5349  N  0  0  0  0  0
    0.2657    2.3438   -0.5017  C  0  0  0  0  0
    0.9601    3.5291   -0.1467  C  0  0  0  0  0
    1.2077    4.7924   -0.9315  C  0  0  0  0  0
    2.2807    5.7015   -0.2762  C  0  0  0  0  0
    2.2568    5.5213    1.1996  C  0  0  0  0  0
    2.6825    6.5032    2.0314  O  0  0  0  0  0
    2.4607    6.0366    3.2941  C  0  0  0  0  0
    1.9035    4.7726    3.2672  C  0  0  0  0  0
    1.8120    4.4256    1.9072  C  0  0  0  0  0
  1  5  2  0  0  0
  1 12  1  0  0  0
  1  2  1  0  0  0
  2  3  1  0  0  0
  3  4  2  0  0  0
  4  5  1  0  0  0
  5  6  1  0  0  0
  6  7  1  0  0  0
  7  8  1  0  0  0
  8 12  2  0  0  0
  8  9  1  0  0  0
  9 10  1  0  0  0
 10 11  2  0  0  0
 11 12  1  0  0  0
M  END
$$$$
