c12c(nccc1)NCC3N2CCNC3
  -ISIS-

 14 16  0  0  0  0  0  0  0  0  1
    0.9005   -0.4167   -2.1075  C  0  0  0  0  0
    0.0681   -1.2022   -1.0947  C  0  0  0  0  0
   -1.3665   -1.1135   -1.3391  N  0  0  0  0  0
   -1.8091   -1.4345   -2.6219  C  0  0  0  0  0
   -0.7981   -1.1963   -3.7414  C  0  0  0  0  0
   -0.3344   -2.4338   -4.4959  C  0  0  0  0  0
    0.5457   -2.1481   -5.5421  N  0  0  0  0  0
    1.2518   -0.9127   -5.5997  C  0  0  0  0  0
    1.1940   -0.0400   -4.4961  C  0  0  0  0  0
    0.3520   -0.3550   -3.3902  N  0  0  0  0  0
    2.0038    1.0950   -4.5002  C  0  0  0  0  0
    2.8152    1.3479   -5.6006  C  0  0  0  0  0
    2.7961    0.4471   -6.6518  C  0  0  0  0  0
    2.0416   -0.6744   -6.6718  N  0  0  0  0  0
  1 10  1  0  0  0
  1  2  1  0  0  0
  2  3  1  0  0  0
  3  4  1  0  0  0
  4  5  1  0  0  0
  5 10  1  0  0  0
  5  6  1  0  0  0
  6  7  1  0  0  0
  7  8  1  0  0  0
  8 14  2  0  0  0
  8  9  1  0  0  0
  9 10  1  0  0  0
  9 11  2  0  0  0
 11 12  1  0  0  0
 12 13  2  0  0  0
 13 14  1  0  0  0
M  END
$$$$
c12c(nccc1)NCC3N2CCNC3
  -ISIS-

 14 16  0  0  0  0  0  0  0  0  1
    0.9005   -0.4167   -2.1075  C  0  0  0  0  0
    0.0681   -1.2022   -1.0947  C  0  0  0  0  0
   -1.3665   -1.1135   -1.3391  N  0  0  0  0  0
   -1.8091   -1.4345   -2.6219  C  0  0  0  0  0
   -0.7981   -1.1963   -3.7414  C  0  0  0  0  0
   -0.3344   -2.4338   -4.4959  C  0  0  0  0  0
    0.5457   -2.1481   -5.5421  N  0  0  0  0  0
    1.2518   -0.9127   -5.5997  C  0  0  0  0  0
    1.1940   -0.0400   -4.4961  C  0  0  0  0  0
    0.3520   -0.3550   -3.3902  N  0  0  0  0  0
    2.0038    1.0950   -4.5002  C  0  0  0  0  0
    2.8152    1.3479   -5.6006  C  0  0  0  0  0
    2.7961    0.4471   -6.6518  C  0  0  0  0  0
    2.0416   -0.6744   -6.6718  N  0  0  0  0  0
  1 10  1  0  0  0
  1  2  1  0  0  0
  2  3  1  0  0  0
  3  4  1  0  0  0
  4  5  1  0  0  0
  5 10  1  0  0  0
  5  6  1  0  0  0
  6  7  1  0  0  0
  7  8  1  0  0  0
  8 14  2  0  0  0
  8  9  1  0  0  0
  9 10  1  0  0  0
  9 11  2  0  0  0
 11 12  1  0  0  0
 12 13  2  0  0  0
 13 14  1  0  0  0
M  END
$$$$
c12c(nccc1)NCC3N2CCNC3
  -ISIS-

 14 16  0  0  0  0  0  0  0  0  1
    0.9005   -0.4167   -2.1075  C  0  0  0  0  0
    0.0681   -1.2022   -1.0947  C  0  0  0  0  0
   -1.3665   -1.1135   -1.3391  N  0  0  0  0  0
   -1.8091   -1.4345   -2.6219  C  0  0  0  0  0
   -0.7981   -1.1963   -3.7414  C  0  0  0  0  0
   -0.3344   -2.4338   -4.4959  C  0  0  0  0  0
    0.5457   -2.1481   -5.5421  N  0  0  0  0  0
    1.2518   -0.9127   -5.5997  C  0  0  0  0  0
    1.1940   -0.0400   -4.4961  C  0  0  0  0  0
    0.3520   -0.3550   -3.3902  N  0  0  0  0  0
    2.0038    1.0950   -4.5002  C  0  0  0  0  0
    2.8152    1.3479   -5.6006  C  0  0  0  0  0
    2.7961    0.4471   -6.6518  C  0  0  0  0  0
    2.0416   -0.6744   -6.6718  N  0  0  0  0  0
  1 10  1  0  0  0
  1  2  1  0  0  0
  2  3  1  0  0  0
  3  4  1  0  0  0
  4  5  1  0  0  0
  5 10  1  0  0  0
  5  6  1  0  0  0
  6  7  1  0  0  0
  7  8  1  0  0  0
  8 14  2  0  0  0
  8  9  1  0  0  0
  9 10  1  0  0  0
  9 11  2  0  0  0
 11 12  1  0  0  0
 12 13  2  0  0  0
 13 14  1  0  0  0
M  END
$$$$
c12c(nccc1)NCC3N2CCNC3
  -ISIS-

 14 16  0  0  0  0  0  0  0  0  1
    0.9005   -0.4167   -2.1075  C  0  0  0  0  0
    0.0681   -1.2022   -1.0947  C  0  0  0  0  0
   -1.3665   -1.1135   -1.3391  N  0  0  0  0  0
   -1.8091   -1.4345   -2.6219  C  0  0  0  0  0
   -0.7981   -1.1963   -3.7414  C  0  0  0  0  0
   -0.3344   -2.4338   -4.4959  C  0  0  0  0  0
    0.5457   -2.1481   -5.5421  N  0  0  0  0  0
    1.2518   -0.9127   -5.5997  C  0  0  0  0  0
    1.1940   -0.0400   -4.4961  C  0  0  0  0  0
    0.3520   -0.3550   -3.3902  N  0  0  0  0  0
    2.0038    1.0950   -4.5002  C  0  0  0  0  0
    2.8152    1.3479   -5.6006  C  0  0  0  0  0
    2.7961    0.4471   -6.6518  C  0  0  0  0  0
    2.0416   -0.6744   -6.6718  N  0  0  0  0  0
  1 10  1  0  0  0
  1  2  1  0  0  0
  2  3  1  0  0  0
  3  4  1  0  0  0
  4  5  1  0  0  0
  5 10  1  0  0  0
  5  6  1  0  0  0
  6  7  1  0  0  0
  7  8  1  0  0  0
  8 14  2  0  0  0
  8  9  1  0  0  0
  9 10  1  0  0  0
  9 11  2  0  0  0
 11 12  1  0  0  0
 12 13  2  0  0  0
 13 14  1  0  0  0
M  END
$$$$
c12c(nccc1)NCC3N2CCNC3
  -ISIS-

 14 16  0  0  0  0  0  0  0  0  1
    0.9005   -0.4167   -2.1075  C  0  0  0  0  0
    0.0681   -1.2022   -1.0947  C  0  0  0  0  0
   -1.3665   -1.1135   -1.3391  N  0  0  0  0  0
   -1.8091   -1.4345   -2.6219  C  0  0  0  0  0
   -0.7981   -1.1963   -3.7414  C  0  0  0  0  0
   -0.3344   -2.4338   -4.4959  C  0  0  0  0  0
    0.5457   -2.1481   -5.5421  N  0  0  0  0  0
    1.2518   -0.9127   -5.5997  C  0  0  0  0  0
    1.1940   -0.0400   -4.4961  C  0  0  0  0  0
    0.3520   -0.3550   -3.3902  N  0  0  0  0  0
    2.0038    1.0950   -4.5002  C  0  0  0  0  0
    2.8152    1.3479   -5.6006  C  0  0  0  0  0
    2.7961    0.4471   -6.6518  C  0  0  0  0  0
    2.0416   -0.6744   -6.6718  N  0  0  0  0  0
  1 10  1  0  0  0
  1  2  1  0  0  0
  2  3  1  0  0  0
  3  4  1  0  0  0
  4  5  1  0  0  0
  5 10  1  0  0  0
  5  6  1  0  0  0
  6  7  1  0  0  0
  7  8  1  0  0  0
  8 14  2  0  0  0
  8  9  1  0  0  0
  9 10  1  0  0  0
  9 11  2  0  0  0
 11 12  1  0  0  0
 12 13  2  0  0  0
 13 14  1  0  0  0
M  END
$$$$
c12c(nccc1)NCC3N2CCNC3
  -ISIS-

 14 16  0  0  0  0  0  0  0  0  1
   -4.1419   -4.6820    3.1997  N  0  0  0  0  0
   -3.3022   -3.9246    2.2857  C  0  0  0  0  0
   -3.4502   -4.5236    0.8778  C  0  0  0  0  0
   -2.4493   -3.8573   -0.0863  C  0  0  0  0  0
   -2.6195   -4.4322   -1.4977  N  0  0  0  0  0
   -4.0528   -4.2468   -1.9791  C  0  0  0  0  0
   -5.0676   -4.8629   -0.9891  C  0  0  0  0  0
   -4.8418   -4.3502    0.3744  N  0  0  0  0  0
   -5.8145   -4.6556    1.3726  C  0  0  0  0  0
   -5.4832   -4.7872    2.7639  C  0  0  0  0  0
   -6.4180   -5.0572    3.7057  N  0  0  0  0  0
   -7.7047   -5.1717    3.3286  C  0  0  0  0  0
   -8.1309   -5.0245    2.0278  C  0  0  0  0  0
   -7.1779   -4.7562    1.0487  C  0  0  0  0  0
  1 10  1  0  0  0
  1  2  1  0  0  0
  2  3  1  0  0  0
  3  8  1  0  0  0
  3  4  1  0  0  0
  4  5  1  0  0  0
  5  6  1  0  0  0
  6  7  1  0  0  0
  7  8  1  0  0  0
  8  9  1  0  0  0
  9 14  2  0  0  0
  9 10  1  0  0  0
 10 11  2  0  0  0
 11 12  1  0  0  0
 12 13  2  0  0  0
 13 14  1  0  0  0
M  END
$$$$
c12c(nccc1)NCC3N2CCNC3
  -ISIS-

 14 16  0  0  0  0  0  0  0  0  1
   -4.1419   -4.6820    3.1997  N  0  0  0  0  0
   -3.3022   -3.9246    2.2857  C  0  0  0  0  0
   -3.4502   -4.5236    0.8778  C  0  0  0  0  0
   -2.4493   -3.8573   -0.0863  C  0  0  0  0  0
   -2.6195   -4.4322   -1.4977  N  0  0  0  0  0
   -4.0528   -4.2468   -1.9791  C  0  0  0  0  0
   -5.0676   -4.8629   -0.9891  C  0  0  0  0  0
   -4.8418   -4.3502    0.3744  N  0  0  0  0  0
   -5.8145   -4.6556    1.3726  C  0  0  0  0  0
   -5.4832   -4.7872    2.7639  C  0  0  0  0  0
   -6.4180   -5.0572    3.7057  N  0  0  0  0  0
   -7.7047   -5.1717    3.3286  C  0  0  0  0  0
   -8.1309   -5.0245    2.0278  C  0  0  0  0  0
   -7.1779   -4.7562    1.0487  C  0  0  0  0  0
  1 10  1  0  0  0
  1  2  1  0  0  0
  2  3  1  0  0  0
  3  8  1  0  0  0
  3  4  1  0  0  0
  4  5  1  0  0  0
  5  6  1  0  0  0
  6  7  1  0  0  0
  7  8  1  0  0  0
  8  9  1  0  0  0
  9 14  2  0  0  0
  9 10  1  0  0  0
 10 11  2  0  0  0
 11 12  1  0  0  0
 12 13  2  0  0  0
 13 14  1  0  0  0
M  END
$$$$
