c12c(cnn1)CNCCN2
  -ISIS-

 10 11  0  0  0  0  0  0  0  0  1
   -0.1242    0.9194   -2.5588  C  0  0  0  0  0
    1.2046    0.5191   -2.8749  C  0  0  0  0  0
    1.6920   -0.0656   -1.7068  C  0  0  0  0  0
    0.6309   -0.0199   -0.8201  N  0  0  0  0  0
   -0.4654    0.5781   -1.3154  N  0  0  0  0  0
    2.9678   -0.5709   -1.3985  N  0  0  0  0  0
    3.7804   -1.1223   -2.3971  C  0  0  0  0  0
    3.1866   -1.2854   -3.7898  C  0  0  0  0  0
    2.9965    0.0055   -4.4261  N  0  0  0  0  0
    1.8997    0.7977   -4.1243  C  0  0  0  0  0
  1  5  2  0  0  0
  1  2  1  0  0  0
  2 10  1  0  0  0
  2  3  2  0  0  0
  3  4  1  0  0  0
  3  6  1  0  0  0
  4  5  1  0  0  0
  6  7  1  0  0  0
  7  8  1  0  0  0
  8  9  1  0  0  0
  9 10  1  0  0  0
M  END
$$$$
c12c(cnn1)CNCCN2
  -ISIS-

 10 11  0  0  0  0  0  0  0  0  1
   -0.1242    0.9194   -2.5588  C  0  0  0  0  0
    1.2046    0.5191   -2.8749  C  0  0  0  0  0
    1.6920   -0.0656   -1.7068  C  0  0  0  0  0
    0.6309   -0.0199   -0.8201  N  0  0  0  0  0
   -0.4654    0.5781   -1.3154  N  0  0  0  0  0
    2.9678   -0.5709   -1.3985  N  0  0  0  0  0
    3.7804   -1.1223   -2.3971  C  0  0  0  0  0
    3.1866   -1.2854   -3.7898  C  0  0  0  0  0
    2.9965    0.0055   -4.4261  N  0  0  0  0  0
    1.8997    0.7977   -4.1243  C  0  0  0  0  0
  1  5  2  0  0  0
  1  2  1  0  0  0
  2 10  1  0  0  0
  2  3  2  0  0  0
  3  4  1  0  0  0
  3  6  1  0  0  0
  4  5  1  0  0  0
  6  7  1  0  0  0
  7  8  1  0  0  0
  8  9  1  0  0  0
  9 10  1  0  0  0
M  END
$$$$
c12c(cnn1)CNCCN2
  -ISIS-

 10 11  0  0  0  0  0  0  0  0  1
   -0.1242    0.9194   -2.5588  C  0  0  0  0  0
    1.2046    0.5191   -2.8749  C  0  0  0  0  0
    1.6920   -0.0656   -1.7068  C  0  0  0  0  0
    0.6309   -0.0199   -0.8201  N  0  0  0  0  0
   -0.4654    0.5781   -1.3154  N  0  0  0  0  0
    2.9678   -0.5709   -1.3985  N  0  0  0  0  0
    3.7804   -1.1223   -2.3971  C  0  0  0  0  0
    3.1866   -1.2854   -3.7898  C  0  0  0  0  0
    2.9965    0.0055   -4.4261  N  0  0  0  0  0
    1.8997    0.7977   -4.1243  C  0  0  0  0  0
  1  5  2  0  0  0
  1  2  1  0  0  0
  2 10  1  0  0  0
  2  3  2  0  0  0
  3  4  1  0  0  0
  3  6  1  0  0  0
  4  5  1  0  0  0
  6  7  1  0  0  0
  7  8  1  0  0  0
  8  9  1  0  0  0
  9 10  1  0  0  0
M  END
$$$$
c12c(cnn1)CNCCN2
  -ISIS-

 10 11  0  0  0  0  0  0  0  0  1
   -0.1242    0.9194   -2.5588  C  0  0  0  0  0
    1.2046    0.5191   -2.8749  C  0  0  0  0  0
    1.6920   -0.0656   -1.7068  C  0  0  0  0  0
    0.6309   -0.0199   -0.8201  N  0  0  0  0  0
   -0.4654    0.5781   -1.3154  N  0  0  0  0  0
    2.9678   -0.5709   -1.3985  N  0  0  0  0  0
    3.7804   -1.1223   -2.3971  C  0  0  0  0  0
    3.1866   -1.2854   -3.7898  C  0  0  0  0  0
    2.9965    0.0055   -4.4261  N  0  0  0  0  0
    1.8997    0.7977   -4.1243  C  0  0  0  0  0
  1  5  2  0  0  0
  1  2  1  0  0  0
  2 10  1  0  0  0
  2  3  2  0  0  0
  3  4  1  0  0  0
  3  6  1  0  0  0
  4  5  1  0  0  0
  6  7  1  0  0  0
  7  8  1  0  0  0
  8  9  1  0  0  0
  9 10  1  0  0  0
M  END
$$$$
c12c(cnn1)CNCCN2
  -ISIS-

 10 11  0  0  0  0  0  0  0  0  1
   -0.1242    0.9194   -2.5588  C  0  0  0  0  0
    1.2046    0.5191   -2.8749  C  0  0  0  0  0
    1.6920   -0.0656   -1.7068  C  0  0  0  0  0
    0.6309   -0.0199   -0.8201  N  0  0  0  0  0
   -0.4654    0.5781   -1.3154  N  0  0  0  0  0
    2.9678   -0.5709   -1.3985  N  0  0  0  0  0
    3.7804   -1.1223   -2.3971  C  0  0  0  0  0
    3.1866   -1.2854   -3.7898  C  0  0  0  0  0
    2.9965    0.0055   -4.4261  N  0  0  0  0  0
    1.8997    0.7977   -4.1243  C  0  0  0  0  0
  1  5  2  0  0  0
  1  2  1  0  0  0
  2 10  1  0  0  0
  2  3  2  0  0  0
  3  4  1  0  0  0
  3  6  1  0  0  0
  4  5  1  0  0  0
  6  7  1  0  0  0
  7  8  1  0  0  0
  8  9  1  0  0  0
  9 10  1  0  0  0
M  END
$$$$
c12c(cnn1)CNCCN2
  -ISIS-

 10 11  0  0  0  0  0  0  0  0  1
   -0.1242    0.9194   -2.5588  C  0  0  0  0  0
    1.2046    0.5191   -2.8749  C  0  0  0  0  0
    1.6920   -0.0656   -1.7068  C  0  0  0  0  0
    0.6309   -0.0199   -0.8201  N  0  0  0  0  0
   -0.4654    0.5781   -1.3154  N  0  0  0  0  0
    2.9678   -0.5709   -1.3985  N  0  0  0  0  0
    3.7804   -1.1223   -2.3971  C  0  0  0  0  0
    3.1866   -1.2854   -3.7898  C  0  0  0  0  0
    2.9965    0.0055   -4.4261  N  0  0  0  0  0
    1.8997    0.7977   -4.1243  C  0  0  0  0  0
  1  5  2  0  0  0
  1  2  1  0  0  0
  2 10  1  0  0  0
  2  3  2  0  0  0
  3  4  1  0  0  0
  3  6  1  0  0  0
  4  5  1  0  0  0
  6  7  1  0  0  0
  7  8  1  0  0  0
  8  9  1  0  0  0
  9 10  1  0  0  0
M  END
$$$$
c12c(cnn1)CNCCN2
  -ISIS-

 10 11  0  0  0  0  0  0  0  0  1
   -5.6734   -0.6921    4.7383  C  0  0  0  0  0
   -4.8855    0.3734    4.4035  N  0  0  0  0  0
   -5.2082    1.4071    3.4368  C  0  0  0  0  0
   -5.1916    0.9656    1.9733  C  0  0  0  0  0
   -5.8341   -0.1643    1.5659  N  0  0  0  0  0
   -6.5122   -1.0708    2.3609  C  0  0  0  0  0
   -6.5473   -1.2625    3.7355  C  0  0  0  0  0
   -7.6470   -2.1544    3.9430  C  0  0  0  0  0
   -8.2238   -2.4863    2.7808  N  0  0  0  0  0
   -7.3740   -2.0370    1.8331  N  0  0  0  0  0
  1  7  1  0  0  0
  1  2  1  0  0  0
  2  3  1  0  0  0
  3  4  1  0  0  0
  4  5  1  0  0  0
  5  6  1  0  0  0
  6 10  1  0  0  0
  6  7  2  0  0  0
  7  8  1  0  0  0
  8  9  2  0  0  0
  9 10  1  0  0  0
M  END
$$$$
c12c(cnn1)CNCCN2
  -ISIS-

 10 11  0  0  0  0  0  0  0  0  1
   -5.6734   -0.6921    4.7383  C  0  0  0  0  0
   -4.8855    0.3734    4.4035  N  0  0  0  0  0
   -5.2082    1.4071    3.4368  C  0  0  0  0  0
   -5.1916    0.9656    1.9733  C  0  0  0  0  0
   -5.8341   -0.1643    1.5659  N  0  0  0  0  0
   -6.5122   -1.0708    2.3609  C  0  0  0  0  0
   -6.5473   -1.2625    3.7355  C  0  0  0  0  0
   -7.6470   -2.1544    3.9430  C  0  0  0  0  0
   -8.2238   -2.4863    2.7808  N  0  0  0  0  0
   -7.3740   -2.0370    1.8331  N  0  0  0  0  0
  1  7  1  0  0  0
  1  2  1  0  0  0
  2  3  1  0  0  0
  3  4  1  0  0  0
  4  5  1  0  0  0
  5  6  1  0  0  0
  6 10  1  0  0  0
  6  7  2  0  0  0
  7  8  1  0  0  0
  8  9  2  0  0  0
  9 10  1  0  0  0
M  END
$$$$
c12c(cnn1)CNCCN2
  -ISIS-

 10 11  0  0  0  0  0  0  0  0  1
   -5.6734   -0.6921    4.7383  C  0  0  0  0  0
   -4.8855    0.3734    4.4035  N  0  0  0  0  0
   -5.2082    1.4071    3.4368  C  0  0  0  0  0
   -5.1916    0.9656    1.9733  C  0  0  0  0  0
   -5.8341   -0.1643    1.5659  N  0  0  0  0  0
   -6.5122   -1.0708    2.3609  C  0  0  0  0  0
   -6.5473   -1.2625    3.7355  C  0  0  0  0  0
   -7.6470   -2.1544    3.9430  C  0  0  0  0  0
   -8.2238   -2.4863    2.7808  N  0  0  0  0  0
   -7.3740   -2.0370    1.8331  N  0  0  0  0  0
  1  7  1  0  0  0
  1  2  1  0  0  0
  2  3  1  0  0  0
  3  4  1  0  0  0
  4  5  1  0  0  0
  5  6  1  0  0  0
  6 10  1  0  0  0
  6  7  2  0  0  0
  7  8  1  0  0  0
  8  9  2  0  0  0
  9 10  1  0  0  0
M  END
$$$$
c12c(cnn1)CNCCN2
  -ISIS-

 10 11  0  0  0  0  0  0  0  0  1
   -5.6734   -0.6921    4.7383  C  0  0  0  0  0
   -4.8855    0.3734    4.4035  N  0  0  0  0  0
   -5.2082    1.4071    3.4368  C  0  0  0  0  0
   -5.1916    0.9656    1.9733  C  0  0  0  0  0
   -5.8341   -0.1643    1.5659  N  0  0  0  0  0
   -6.5122   -1.0708    2.3609  C  0  0  0  0  0
   -6.5473   -1.2625    3.7355  C  0  0  0  0  0
   -7.6470   -2.1544    3.9430  C  0  0  0  0  0
   -8.2238   -2.4863    2.7808  N  0  0  0  0  0
   -7.3740   -2.0370    1.8331  N  0  0  0  0  0
  1  7  1  0  0  0
  1  2  1  0  0  0
  2  3  1  0  0  0
  3  4  1  0  0  0
  4  5  1  0  0  0
  5  6  1  0  0  0
  6 10  1  0  0  0
  6  7  2  0  0  0
  7  8  1  0  0  0
  8  9  2  0  0  0
  9 10  1  0  0  0
M  END
$$$$
c12c(cnn1)CNCCN2
  -ISIS-

 10 11  0  0  0  0  0  0  0  0  1
   -5.6734   -0.6921    4.7383  C  0  0  0  0  0
   -4.8855    0.3734    4.4035  N  0  0  0  0  0
   -5.2082    1.4071    3.4368  C  0  0  0  0  0
   -5.1916    0.9656    1.9733  C  0  0  0  0  0
   -5.8341   -0.1643    1.5659  N  0  0  0  0  0
   -6.5122   -1.0708    2.3609  C  0  0  0  0  0
   -6.5473   -1.2625    3.7355  C  0  0  0  0  0
   -7.6470   -2.1544    3.9430  C  0  0  0  0  0
   -8.2238   -2.4863    2.7808  N  0  0  0  0  0
   -7.3740   -2.0370    1.8331  N  0  0  0  0  0
  1  7  1  0  0  0
  1  2  1  0  0  0
  2  3  1  0  0  0
  3  4  1  0  0  0
  4  5  1  0  0  0
  5  6  1  0  0  0
  6 10  1  0  0  0
  6  7  2  0  0  0
  7  8  1  0  0  0
  8  9  2  0  0  0
  9 10  1  0  0  0
M  END
$$$$
