c12C34C5N(CC3)CCCC5CCC4Nc1cccc2
  -ISIS-

 19 23  0  0  0  0  0  0  0  0  1
    5.6939    0.5217   -2.6498  C  0  0  0  0  0
    4.2122    0.9810   -2.4615  C  0  0  0  0  0
    3.7504    0.9701   -0.9596  C  0  0  0  0  0
    4.6222    1.9975   -0.2633  C  0  0  0  0  0
    6.1217    1.7391   -0.2468  C  0  0  0  0  0
    6.4518    0.7048   -1.3283  C  0  0  0  0  0
    7.9215    0.8748   -1.3877  N  0  0  0  0  0
    8.2932    0.6494    0.0793  C  0  0  0  0  0
    6.9693    1.0186    0.8517  C  0  0  0  0  0
    8.5887    0.1912   -2.5123  C  0  0  0  0  0
    7.9809    0.7640   -3.8161  C  0  0  0  0  0
    6.5097    1.2801   -3.7175  C  0  0  0  0  0
    6.4516    3.2101    0.0667  C  0  0  0  0  0
    5.4149    3.6952    0.9459  C  0  0  0  0  0
    4.3537    2.7297    0.9538  N  0  0  0  0  0
    5.4473    4.9664    1.5051  C  0  0  0  0  0
    6.5647    5.7510    1.2092  C  0  0  0  0  0
    7.5841    5.2853    0.3526  C  0  0  0  0  0
    7.5358    4.0151   -0.2312  C  0  0  0  0  0
  1  6  1  0  0  0
  1 12  1  0  0  0
  1  2  1  0  0  0
  2  3  1  0  0  0
  3  4  1  0  0  0
  4 15  1  0  0  0
  4  5  1  0  0  0
  5  9  1  0  0  0
  5  6  1  0  0  0
  5 13  1  0  0  0
  6  7  1  0  0  0
  7  8  1  0  0  0
  7 10  1  0  0  0
  8  9  1  0  0  0
 10 11  1  0  0  0
 11 12  1  0  0  0
 13 19  2  0  0  0
 13 14  1  0  0  0
 14 15  1  0  0  0
 14 16  2  0  0  0
 16 17  1  0  0  0
 17 18  2  0  0  0
 18 19  1  0  0  0
M  END
$$$$
