c12c(C3OC1C4OCOC34)cccc2
  -ISIS-

 14 17  0  0  0  0  0  0  0  0  1
   -3.2506    1.1404   -0.1950  O  0  0  0  0  0
   -4.4125    0.4953    0.2416  C  0  0  0  0  0
   -4.3181   -0.8886    0.0584  O  0  0  0  0  0
   -3.2831   -0.9480   -0.8816  C  0  0  0  0  0
   -2.2638   -2.0662   -1.2198  C  0  0  0  0  0
   -1.7853   -1.6626   -2.6050  C  0  0  0  0  0
   -1.9774   -2.2105   -3.8576  C  0  0  0  0  0
   -1.4625   -1.5103   -4.9509  C  0  0  0  0  0
   -0.7815   -0.2893   -4.7770  C  0  0  0  0  0
   -0.5931    0.2583   -3.5050  C  0  0  0  0  0
   -1.0993   -0.4394   -2.4269  C  0  0  0  0  0
   -1.0520   -0.1832   -0.9399  C  0  0  0  0  0
   -2.3817    0.0544   -0.2250  C  0  0  0  0  0
   -1.0302   -1.6274   -0.5355  O  0  0  0  0  0
  1 13  1  0  0  0
  1  2  1  0  0  0
  2  3  1  0  0  0
  3  4  1  0  0  0
  4 13  1  0  0  0
  4  5  1  0  0  0
  5 14  1  0  0  0
  5  6  1  0  0  0
  6 11  2  0  0  0
  6  7  1  0  0  0
  7  8  2  0  0  0
  8  9  1  0  0  0
  9 10  2  0  0  0
 10 11  1  0  0  0
 11 12  1  0  0  0
 12 13  1  0  0  0
 12 14  1  0  0  0
M  END
$$$$
