c12c(cccc1)CC3C(O2)SCCNC=3
  -ISIS-

 15 17  0  0  0  0  0  0  0  0  1
    3.4827   -4.1814   -2.9609  C  0  0  0  0  0
    3.6088   -2.8590   -3.6149  C  0  0  0  0  0
    2.9141   -1.7404   -2.9670  C  0  0  0  0  0
    1.9942   -2.0004   -1.9596  C  0  0  0  0  0
    1.6818   -3.2520   -1.5261  O  0  0  0  0  0
    2.6773   -4.2677   -1.7024  C  0  0  0  0  0
    3.7655   -4.3931   -0.2477  S  0  0  0  0  0
    4.9111   -5.6661   -0.8511  C  0  0  0  0  0
    4.2231   -6.7594   -1.6673  C  0  0  0  0  0
    4.1579   -6.5272   -3.0660  N  0  0  0  0  0
    4.0763   -5.2251   -3.5727  C  0  0  0  0  0
    1.2882   -0.9464   -1.3787  C  0  0  0  0  0
    1.5229    0.3669   -1.7905  C  0  0  0  0  0
    2.4543    0.6278   -2.7951  C  0  0  0  0  0
    3.1481   -0.4264   -3.3898  C  0  0  0  0  0
  1 11  2  0  0  0
  1  6  1  0  0  0
  1  2  1  0  0  0
  2  3  1  0  0  0
  3 15  2  0  0  0
  3  4  1  0  0  0
  4  5  1  0  0  0
  4 12  2  0  0  0
  5  6  1  0  0  0
  6  7  1  0  0  0
  7  8  1  0  0  0
  8  9  1  0  0  0
  9 10  1  0  0  0
 10 11  1  0  0  0
 12 13  1  0  0  0
 13 14  2  0  0  0
 14 15  1  0  0  0
M  END
$$$$
c12c(cccc1)CC3C(O2)SCCNC=3
  -ISIS-

 15 17  0  0  0  0  0  0  0  0  1
    3.4827   -4.1814   -2.9609  C  0  0  0  0  0
    3.6088   -2.8590   -3.6149  C  0  0  0  0  0
    2.9141   -1.7404   -2.9670  C  0  0  0  0  0
    1.9942   -2.0004   -1.9596  C  0  0  0  0  0
    1.6818   -3.2520   -1.5261  O  0  0  0  0  0
    2.6773   -4.2677   -1.7024  C  0  0  0  0  0
    3.7655   -4.3931   -0.2477  S  0  0  0  0  0
    4.9111   -5.6661   -0.8511  C  0  0  0  0  0
    4.2231   -6.7594   -1.6673  C  0  0  0  0  0
    4.1579   -6.5272   -3.0660  N  0  0  0  0  0
    4.0763   -5.2251   -3.5727  C  0  0  0  0  0
    1.2882   -0.9464   -1.3787  C  0  0  0  0  0
    1.5229    0.3669   -1.7905  C  0  0  0  0  0
    2.4543    0.6278   -2.7951  C  0  0  0  0  0
    3.1481   -0.4264   -3.3898  C  0  0  0  0  0
  1 11  2  0  0  0
  1  6  1  0  0  0
  1  2  1  0  0  0
  2  3  1  0  0  0
  3 15  2  0  0  0
  3  4  1  0  0  0
  4  5  1  0  0  0
  4 12  2  0  0  0
  5  6  1  0  0  0
  6  7  1  0  0  0
  7  8  1  0  0  0
  8  9  1  0  0  0
  9 10  1  0  0  0
 10 11  1  0  0  0
 12 13  1  0  0  0
 13 14  2  0  0  0
 14 15  1  0  0  0
M  END
$$$$
c12c(cccc1)CC3C(O2)SCCNC=3
  -ISIS-

 15 17  0  0  0  0  0  0  0  0  1
    3.4827   -4.1814   -2.9609  C  0  0  0  0  0
    3.6088   -2.8590   -3.6149  C  0  0  0  0  0
    2.9141   -1.7404   -2.9670  C  0  0  0  0  0
    1.9942   -2.0004   -1.9596  C  0  0  0  0  0
    1.6818   -3.2520   -1.5261  O  0  0  0  0  0
    2.6773   -4.2677   -1.7024  C  0  0  0  0  0
    3.7655   -4.3931   -0.2477  S  0  0  0  0  0
    4.9111   -5.6661   -0.8511  C  0  0  0  0  0
    4.2231   -6.7594   -1.6673  C  0  0  0  0  0
    4.1579   -6.5272   -3.0660  N  0  0  0  0  0
    4.0763   -5.2251   -3.5727  C  0  0  0  0  0
    1.2882   -0.9464   -1.3787  C  0  0  0  0  0
    1.5229    0.3669   -1.7905  C  0  0  0  0  0
    2.4543    0.6278   -2.7951  C  0  0  0  0  0
    3.1481   -0.4264   -3.3898  C  0  0  0  0  0
  1 11  2  0  0  0
  1  6  1  0  0  0
  1  2  1  0  0  0
  2  3  1  0  0  0
  3 15  2  0  0  0
  3  4  1  0  0  0
  4  5  1  0  0  0
  4 12  2  0  0  0
  5  6  1  0  0  0
  6  7  1  0  0  0
  7  8  1  0  0  0
  8  9  1  0  0  0
  9 10  1  0  0  0
 10 11  1  0  0  0
 12 13  1  0  0  0
 13 14  2  0  0  0
 14 15  1  0  0  0
M  END
$$$$
