c12c(cncn1)NN=C2
  -ISIS-

  9 10  0  0  0  0  0  0  0  0  1
    2.1360   -3.4277   -3.8964  C  0  0  0  0  0
    3.1415   -2.8865   -3.1850  N  0  0  0  0  0
    4.0410   -3.8886   -3.0931  N  0  0  0  0  0
    3.6492   -5.0338   -3.7100  C  0  0  0  0  0
    2.4061   -4.7730   -4.2482  C  0  0  0  0  0
    1.7030   -5.6966   -4.9424  N  0  0  0  0  0
    2.3439   -6.8759   -5.0455  C  0  0  0  0  0
    3.5547   -7.2163   -4.5532  N  0  0  0  0  0
    4.2088   -6.2702   -3.8754  C  0  0  0  0  0
  1  5  1  0  0  0
  1  2  2  0  0  0
  2  3  1  0  0  0
  3  4  1  0  0  0
  4  9  2  0  0  0
  4  5  1  0  0  0
  5  6  2  0  0  0
  6  7  1  0  0  0
  7  8  2  0  0  0
  8  9  1  0  0  0
M  END
$$$$
