c12c(cccc1)CC3N4N(C23)CNC4
  -ISIS-

 14 17  0  0  0  0  0  0  0  0  1
   -1.7053   -1.2353   -1.4298  C  0  0  0  0  0
   -2.9846   -0.7743   -1.7753  N  0  0  0  0  0
   -3.2553   -1.1573   -3.0895  C  0  0  0  0  0
   -2.2799   -2.0895   -3.4436  N  0  0  0  0  0
   -1.3658   -2.1342   -4.5383  C  0  0  0  0  0
   -0.4779   -1.2018   -3.5815  C  0  0  0  0  0
   -1.1750   -1.9715   -2.5322  N  0  0  0  0  0
    0.7985   -1.2381   -4.4259  C  0  0  0  0  0
    0.3606   -1.2303   -5.7893  C  0  0  0  0  0
   -1.1772   -1.3521   -5.8260  C  0  0  0  0  0
    1.2445   -1.1639   -6.8479  C  0  0  0  0  0
    2.6062   -1.1235   -6.5454  C  0  0  0  0  0
    3.0551   -1.1467   -5.2112  C  0  0  0  0  0
    2.1520   -1.1988   -4.1440  C  0  0  0  0  0
  1  7  1  0  0  0
  1  2  1  0  0  0
  2  3  1  0  0  0
  3  4  1  0  0  0
  4  7  1  0  0  0
  4  5  1  0  0  0
  5 10  1  0  0  0
  5  6  1  0  0  0
  6  7  1  0  0  0
  6  8  1  0  0  0
  8 14  2  0  0  0
  8  9  1  0  0  0
  9 10  1  0  0  0
  9 11  2  0  0  0
 11 12  1  0  0  0
 12 13  2  0  0  0
 13 14  1  0  0  0
M  END
$$$$
