C12C(c3c(c4c1cccc4)cccc3)=NN5C(N=2)=NNC5
  -ISIS-

 21 25  0  0  0  0  0  0  0  0  1
    0.1894    4.8577   -2.4775  C  0  0  0  0  0
    1.3235    4.0659   -2.5515  N  0  0  0  0  0
    1.6105    3.3542   -1.3822  N  0  0  0  0  0
    0.6273    3.7258   -0.5862  C  0  0  0  0  0
    0.4895    3.2755    0.6891  N  0  0  0  0  0
   -0.5458    3.7543    1.3213  C  0  0  0  0  0
   -0.8108    3.3417    2.7191  C  0  0  0  0  0
   -1.9237    3.8494    3.4138  C  0  0  0  0  0
   -2.8584    4.8075    2.7715  C  0  0  0  0  0
   -2.6627    5.2389    1.4465  C  0  0  0  0  0
   -1.5110    4.7415    0.6587  C  0  0  0  0  0
   -1.3393    5.1475   -0.5719  N  0  0  0  0  0
   -0.2432    4.6154   -1.1839  N  0  0  0  0  0
   -3.5461    6.1481    0.8321  C  0  0  0  0  0
   -4.6430    6.6466    1.5247  C  0  0  0  0  0
   -4.8616    6.2395    2.8313  C  0  0  0  0  0
   -3.9836    5.3360    3.4421  C  0  0  0  0  0
   -2.0924    3.3964    4.7410  C  0  0  0  0  0
   -1.2066    2.4926    5.3407  C  0  0  0  0  0
   -0.1185    2.0099    4.6308  C  0  0  0  0  0
    0.0803    2.4328    3.3221  C  0  0  0  0  0
  1 13  1  0  0  0
  1  2  1  0  0  0
  2  3  1  0  0  0
  3  4  2  0  0  0
  4 13  1  0  0  0
  4  5  1  0  0  0
  5  6  2  0  0  0
  6 11  1  0  0  0
  6  7  1  0  0  0
  7 21  1  0  0  0
  7  8  2  0  0  0
  8  9  1  0  0  0
  8 18  1  0  0  0
  9 17  1  0  0  0
  9 10  2  0  0  0
 10 11  1  0  0  0
 10 14  1  0  0  0
 11 12  2  0  0  0
 12 13  1  0  0  0
 14 15  2  0  0  0
 15 16  1  0  0  0
 16 17  2  0  0  0
 18 19  2  0  0  0
 19 20  1  0  0  0
 20 21  2  0  0  0
M  END
$$$$
