c12c(n[c]3[c](n1)cccc3)CCC=C2
  -ISIS-

 14 16  0  0  0  0  0  0  0  0  1
    3.2398    0.4502    2.6242  C  0  0  0  0  0
    2.8633    0.3167    1.1908  C  0  0  0  0  0
    1.7295    1.1421    0.7147  C  0  0  0  0  0
    1.0848    1.9658    1.5525  C  0  0  0  0  0
    1.4653    2.0870    2.9583  C  0  0  0  0  0
    2.5160    1.3517    3.4925  C  0  0  0  0  0
    2.8989    1.4332    4.7824  N  0  0  0  0  0
    2.1905    2.2876    5.5463  C  0  0  0  0  0
    2.5179    2.4333    6.8880  C  0  0  0  0  0
    1.8118    3.3063    7.7168  C  0  0  0  0  0
    0.7590    4.0474    7.1958  C  0  0  0  0  0
    0.4189    3.9111    5.8489  C  0  0  0  0  0
    1.1122    3.0465    5.0117  C  0  0  0  0  0
    0.7497    2.9452    3.7145  N  0  0  0  0  0
  1  6  1  0  0  0
  1  2  1  0  0  0
  2  3  1  0  0  0
  3  4  2  0  0  0
  4  5  1  0  0  0
  5 14  2  0  0  0
  5  6  2  0  0  0
  6  7  2  0  0  0
  7  8  1  0  0  0
  8 13  2  0  0  0
  8  9  1  0  0  0
  9 10  2  0  0  0
 10 11  1  0  0  0
 11 12  2  0  0  0
 12 13  1  0  0  0
 13 14  1  0  0  0
M  END
$$$$
