c12c(cccc1)CON=C2
  -ISIS-

 10 11  0  0  0  0  0  0  0  0  1
   -4.9001   -1.1861    3.3005  N  0  0  0  0  0
   -4.5626   -1.8815    4.4809  O  0  0  0  0  0
   -3.2640   -2.0189    4.8623  C  0  0  0  0  0
   -2.2849   -1.0935    4.2857  C  0  0  0  0  0
   -0.9908   -1.0187    4.8235  C  0  0  0  0  0
   -0.0728   -0.1017    4.3126  C  0  0  0  0  0
   -0.4483    0.7459    3.2729  C  0  0  0  0  0
   -1.7352    0.6659    2.7350  C  0  0  0  0  0
   -2.6482   -0.2735    3.2348  C  0  0  0  0  0
   -4.0091   -0.4485    2.7176  C  0  0  0  0  0
  1 10  2  0  0  0
  1  2  1  0  0  0
  2  3  1  0  0  0
  3  4  1  0  0  0
  4  9  2  0  0  0
  4  5  1  0  0  0
  5  6  2  0  0  0
  6  7  1  0  0  0
  7  8  2  0  0  0
  8  9  1  0  0  0
  9 10  1  0  0  0
M  END
$$$$
