C12c3c(C=NN1Cc4c(N=2)[s]c5c4CCC5)cccc3
  -ISIS-

 20 24  0  0  0  0  0  0  0  0  1
   -0.0326    1.2421    5.0944  N  0  0  0  0  0
    0.4673    2.2514    5.8875  N  0  0  0  0  0
    1.0195    1.9986    7.0382  C  0  0  0  0  0
    1.2018    0.6046    7.5154  C  0  0  0  0  0
    0.6742   -0.4235    6.7478  C  0  0  0  0  0
    0.0033   -0.1074    5.4716  C  0  0  0  0  0
   -0.4997   -1.0806    4.7642  N  0  0  0  0  0
   -1.0786   -0.7053    3.5987  C  0  0  0  0  0
   -1.1770    0.5829    3.1052  C  0  0  0  0  0
   -0.6246    1.6699    3.8877  C  0  0  0  0  0
   -1.8400    0.5993    1.8596  C  0  0  0  0  0
   -2.2147   -0.6545    1.4645  C  0  0  0  0  0
   -1.7960   -1.8645    2.5401  S  0  0  0  0  0
   -2.9199   -0.6902    0.1632  C  0  0  0  0  0
   -2.6237    0.7465   -0.3709  C  0  0  0  0  0
   -2.2434    1.6226    0.8654  C  0  0  0  0  0
    0.8166   -1.7551    7.1680  C  0  0  0  0  0
    1.5044   -2.0500    8.3457  C  0  0  0  0  0
    2.0626   -1.0203    9.0991  C  0  0  0  0  0
    1.9188    0.3046    8.6827  C  0  0  0  0  0
  1 10  1  0  0  0
  1  6  1  0  0  0
  1  2  1  0  0  0
  2  3  2  0  0  0
  3  4  1  0  0  0
  4 20  2  0  0  0
  4  5  2  0  0  0
  5  6  1  0  0  0
  5 17  2  0  0  0
  6  7  2  0  0  0
  7  8  1  0  0  0
  8 13  1  0  0  0
  8  9  2  0  0  0
  9 10  1  0  0  0
  9 11  1  0  0  0
 11 16  1  0  0  0
 11 12  2  0  0  0
 12 13  1  0  0  0
 12 14  1  0  0  0
 14 15  1  0  0  0
 15 16  1  0  0  0
 17 18  1  0  0  0
 18 19  2  0  0  0
 19 20  1  0  0  0
M  END
$$$$
C12c3c(C=NN1Cc4c(N=2)[s]c5c4CCC5)cccc3
  -ISIS-

 20 24  0  0  0  0  0  0  0  0  1
   -0.0326    1.2421    5.0944  N  0  0  0  0  0
    0.4673    2.2514    5.8875  N  0  0  0  0  0
    1.0195    1.9986    7.0382  C  0  0  0  0  0
    1.2018    0.6046    7.5154  C  0  0  0  0  0
    0.6742   -0.4235    6.7478  C  0  0  0  0  0
    0.0033   -0.1074    5.4716  C  0  0  0  0  0
   -0.4997   -1.0806    4.7642  N  0  0  0  0  0
   -1.0786   -0.7053    3.5987  C  0  0  0  0  0
   -1.1770    0.5829    3.1052  C  0  0  0  0  0
   -0.6246    1.6699    3.8877  C  0  0  0  0  0
   -1.8400    0.5993    1.8596  C  0  0  0  0  0
   -2.2147   -0.6545    1.4645  C  0  0  0  0  0
   -1.7960   -1.8645    2.5401  S  0  0  0  0  0
   -2.9199   -0.6902    0.1632  C  0  0  0  0  0
   -2.6237    0.7465   -0.3709  C  0  0  0  0  0
   -2.2434    1.6226    0.8654  C  0  0  0  0  0
    0.8166   -1.7551    7.1680  C  0  0  0  0  0
    1.5044   -2.0500    8.3457  C  0  0  0  0  0
    2.0626   -1.0203    9.0991  C  0  0  0  0  0
    1.9188    0.3046    8.6827  C  0  0  0  0  0
  1 10  1  0  0  0
  1  6  1  0  0  0
  1  2  1  0  0  0
  2  3  2  0  0  0
  3  4  1  0  0  0
  4 20  2  0  0  0
  4  5  2  0  0  0
  5  6  1  0  0  0
  5 17  2  0  0  0
  6  7  2  0  0  0
  7  8  1  0  0  0
  8 13  1  0  0  0
  8  9  2  0  0  0
  9 10  1  0  0  0
  9 11  1  0  0  0
 11 16  1  0  0  0
 11 12  2  0  0  0
 12 13  1  0  0  0
 12 14  1  0  0  0
 14 15  1  0  0  0
 15 16  1  0  0  0
 17 18  1  0  0  0
 18 19  2  0  0  0
 19 20  1  0  0  0
M  END
$$$$
C12c3c(C=NN1Cc4c(N=2)[s]c5c4CCC5)cccc3
  -ISIS-

 20 24  0  0  0  0  0  0  0  0  1
   -3.8151   -0.0150    5.7498  N  0  0  0  0  0
   -3.8292   -0.4512    4.4457  N  0  0  0  0  0
   -2.7224   -0.6315    3.7909  C  0  0  0  0  0
   -1.4007   -0.3831    4.3972  C  0  0  0  0  0
   -1.3641    0.0584    5.7148  C  0  0  0  0  0
   -2.6314    0.2601    6.4494  C  0  0  0  0  0
   -2.5987    0.6732    7.6834  N  0  0  0  0  0
   -3.8088    0.8282    8.2755  C  0  0  0  0  0
   -5.0469    0.5922    7.7013  C  0  0  0  0  0
   -5.0910    0.1342    6.3310  C  0  0  0  0  0
   -6.0895    0.8588    8.6134  C  0  0  0  0  0
   -5.6106    1.2812    9.8225  C  0  0  0  0  0
   -3.9430    1.3707    9.9074  S  0  0  0  0  0
   -6.6644    1.5795   10.8199  C  0  0  0  0  0
   -7.9091    0.9374   10.1311  C  0  0  0  0  0
   -7.5718    0.8074    8.6114  C  0  0  0  0  0
   -0.1301    0.3060    6.3298  C  0  0  0  0  0
    1.0558    0.1097    5.6197  C  0  0  0  0  0
    1.0142   -0.3328    4.2978  C  0  0  0  0  0
   -0.2137   -0.5806    3.6821  C  0  0  0  0  0
  1 10  1  0  0  0
  1  6  1  0  0  0
  1  2  1  0  0  0
  2  3  2  0  0  0
  3  4  1  0  0  0
  4 20  2  0  0  0
  4  5  2  0  0  0
  5  6  1  0  0  0
  5 17  2  0  0  0
  6  7  2  0  0  0
  7  8  1  0  0  0
  8 13  1  0  0  0
  8  9  2  0  0  0
  9 10  1  0  0  0
  9 11  1  0  0  0
 11 16  1  0  0  0
 11 12  2  0  0  0
 12 13  1  0  0  0
 12 14  1  0  0  0
 14 15  1  0  0  0
 15 16  1  0  0  0
 17 18  1  0  0  0
 18 19  2  0  0  0
 19 20  1  0  0  0
M  END
$$$$
C12c3c(C=NN1Cc4c(N=2)[s]c5c4CCC5)cccc3
  -ISIS-

 20 24  0  0  0  0  0  0  0  0  1
   -3.8151   -0.0150    5.7498  N  0  0  0  0  0
   -3.8292   -0.4512    4.4457  N  0  0  0  0  0
   -2.7224   -0.6315    3.7909  C  0  0  0  0  0
   -1.4007   -0.3831    4.3972  C  0  0  0  0  0
   -1.3641    0.0584    5.7148  C  0  0  0  0  0
   -2.6314    0.2601    6.4494  C  0  0  0  0  0
   -2.5987    0.6732    7.6834  N  0  0  0  0  0
   -3.8088    0.8282    8.2755  C  0  0  0  0  0
   -5.0469    0.5922    7.7013  C  0  0  0  0  0
   -5.0910    0.1342    6.3310  C  0  0  0  0  0
   -6.0895    0.8588    8.6134  C  0  0  0  0  0
   -5.6106    1.2812    9.8225  C  0  0  0  0  0
   -3.9430    1.3707    9.9074  S  0  0  0  0  0
   -6.6644    1.5795   10.8199  C  0  0  0  0  0
   -7.9091    0.9374   10.1311  C  0  0  0  0  0
   -7.5718    0.8074    8.6114  C  0  0  0  0  0
   -0.1301    0.3060    6.3298  C  0  0  0  0  0
    1.0558    0.1097    5.6197  C  0  0  0  0  0
    1.0142   -0.3328    4.2978  C  0  0  0  0  0
   -0.2137   -0.5806    3.6821  C  0  0  0  0  0
  1 10  1  0  0  0
  1  6  1  0  0  0
  1  2  1  0  0  0
  2  3  2  0  0  0
  3  4  1  0  0  0
  4 20  2  0  0  0
  4  5  2  0  0  0
  5  6  1  0  0  0
  5 17  2  0  0  0
  6  7  2  0  0  0
  7  8  1  0  0  0
  8 13  1  0  0  0
  8  9  2  0  0  0
  9 10  1  0  0  0
  9 11  1  0  0  0
 11 16  1  0  0  0
 11 12  2  0  0  0
 12 13  1  0  0  0
 12 14  1  0  0  0
 14 15  1  0  0  0
 15 16  1  0  0  0
 17 18  1  0  0  0
 18 19  2  0  0  0
 19 20  1  0  0  0
M  END
$$$$
C12c3c(C=NN1Cc4c(N=2)[s]c5c4CCC5)cccc3
  -ISIS-

 20 24  0  0  0  0  0  0  0  0  1
    3.3690   -0.6539   -3.4762  N  0  0  0  0  0
    3.7194   -1.6537   -4.3532  N  0  0  0  0  0
    2.8652   -2.5697   -4.6999  C  0  0  0  0  0
    1.4748   -2.5742   -4.2005  C  0  0  0  0  0
    1.1040   -1.5771   -3.3060  C  0  0  0  0  0
    2.0931   -0.5548   -2.9041  C  0  0  0  0  0
    1.7473    0.3713   -2.0570  N  0  0  0  0  0
    2.7174    1.2676   -1.7504  C  0  0  0  0  0
    4.0155    1.2776   -2.2322  C  0  0  0  0  0
    4.4113    0.2418   -3.1601  C  0  0  0  0  0
    4.7488    2.3561   -1.6946  C  0  0  0  0  0
    3.9905    3.1120   -0.8441  C  0  0  0  0  0
    2.4192    2.5706   -0.6602  S  0  0  0  0  0
    4.7102    4.2653   -0.2556  C  0  0  0  0  0
    6.1847    3.9062   -0.6204  C  0  0  0  0  0
    6.1252    2.8966   -1.8110  C  0  0  0  0  0
   -0.2040   -1.5442   -2.8040  C  0  0  0  0  0
   -1.1326   -2.5042   -3.2093  C  0  0  0  0  0
   -0.7621   -3.4930   -4.1194  C  0  0  0  0  0
    0.5406   -3.5291   -4.6200  C  0  0  0  0  0
  1 10  1  0  0  0
  1  6  1  0  0  0
  1  2  1  0  0  0
  2  3  2  0  0  0
  3  4  1  0  0  0
  4 20  2  0  0  0
  4  5  2  0  0  0
  5  6  1  0  0  0
  5 17  2  0  0  0
  6  7  2  0  0  0
  7  8  1  0  0  0
  8 13  1  0  0  0
  8  9  2  0  0  0
  9 10  1  0  0  0
  9 11  1  0  0  0
 11 16  1  0  0  0
 11 12  2  0  0  0
 12 13  1  0  0  0
 12 14  1  0  0  0
 14 15  1  0  0  0
 15 16  1  0  0  0
 17 18  1  0  0  0
 18 19  2  0  0  0
 19 20  1  0  0  0
M  END
$$$$
C12c3c(C=NN1Cc4c(N=2)[s]c5c4CCC5)cccc3
  -ISIS-

 20 24  0  0  0  0  0  0  0  0  1
    3.3690   -0.6539   -3.4762  N  0  0  0  0  0
    3.7194   -1.6537   -4.3532  N  0  0  0  0  0
    2.8652   -2.5697   -4.6999  C  0  0  0  0  0
    1.4748   -2.5742   -4.2005  C  0  0  0  0  0
    1.1040   -1.5771   -3.3060  C  0  0  0  0  0
    2.0931   -0.5548   -2.9041  C  0  0  0  0  0
    1.7473    0.3713   -2.0570  N  0  0  0  0  0
    2.7174    1.2676   -1.7504  C  0  0  0  0  0
    4.0155    1.2776   -2.2322  C  0  0  0  0  0
    4.4113    0.2418   -3.1601  C  0  0  0  0  0
    4.7488    2.3561   -1.6946  C  0  0  0  0  0
    3.9905    3.1120   -0.8441  C  0  0  0  0  0
    2.4192    2.5706   -0.6602  S  0  0  0  0  0
    4.7102    4.2653   -0.2556  C  0  0  0  0  0
    6.1847    3.9062   -0.6204  C  0  0  0  0  0
    6.1252    2.8966   -1.8110  C  0  0  0  0  0
   -0.2040   -1.5442   -2.8040  C  0  0  0  0  0
   -1.1326   -2.5042   -3.2093  C  0  0  0  0  0
   -0.7621   -3.4930   -4.1194  C  0  0  0  0  0
    0.5406   -3.5291   -4.6200  C  0  0  0  0  0
  1 10  1  0  0  0
  1  6  1  0  0  0
  1  2  1  0  0  0
  2  3  2  0  0  0
  3  4  1  0  0  0
  4 20  2  0  0  0
  4  5  2  0  0  0
  5  6  1  0  0  0
  5 17  2  0  0  0
  6  7  2  0  0  0
  7  8  1  0  0  0
  8 13  1  0  0  0
  8  9  2  0  0  0
  9 10  1  0  0  0
  9 11  1  0  0  0
 11 16  1  0  0  0
 11 12  2  0  0  0
 12 13  1  0  0  0
 12 14  1  0  0  0
 14 15  1  0  0  0
 15 16  1  0  0  0
 17 18  1  0  0  0
 18 19  2  0  0  0
 19 20  1  0  0  0
M  END
$$$$
C12c3c(C=NN1Cc4c(N=2)[s]c5c4CCC5)cccc3
  -ISIS-

 20 24  0  0  0  0  0  0  0  0  1
    6.1133    0.1595    1.3369  N  0  0  0  0  0
    6.0714    1.3461    2.0352  N  0  0  0  0  0
    5.1319    1.5898    2.9017  C  0  0  0  0  0
    4.0209    0.6302    3.1235  C  0  0  0  0  0
    4.0632   -0.5848    2.4551  C  0  0  0  0  0
    5.1696   -0.8609    1.5179  C  0  0  0  0  0
    5.2062   -2.0113    0.9050  N  0  0  0  0  0
    6.2430   -2.1745    0.0488  C  0  0  0  0  0
    7.2362   -1.2524   -0.2274  C  0  0  0  0  0
    7.2046    0.0262    0.4530  C  0  0  0  0  0
    8.1512   -1.7610   -1.1734  C  0  0  0  0  0
    7.8245   -3.0280   -1.5693  C  0  0  0  0  0
    6.4464   -3.6373   -0.8442  S  0  0  0  0  0
    8.7591   -3.6092   -2.5597  C  0  0  0  0  0
    9.5613   -2.3399   -2.9867  C  0  0  0  0  0
    9.3814   -1.2837   -1.8496  C  0  0  0  0  0
    3.0371   -1.5237    2.6436  C  0  0  0  0  0
    1.9639   -1.2313    3.4862  C  0  0  0  0  0
    1.9047    0.0014    4.1315  C  0  0  0  0  0
    2.9267    0.9345    3.9461  C  0  0  0  0  0
  1 10  1  0  0  0
  1  6  1  0  0  0
  1  2  1  0  0  0
  2  3  2  0  0  0
  3  4  1  0  0  0
  4 20  2  0  0  0
  4  5  2  0  0  0
  5  6  1  0  0  0
  5 17  2  0  0  0
  6  7  2  0  0  0
  7  8  1  0  0  0
  8 13  1  0  0  0
  8  9  2  0  0  0
  9 10  1  0  0  0
  9 11  1  0  0  0
 11 16  1  0  0  0
 11 12  2  0  0  0
 12 13  1  0  0  0
 12 14  1  0  0  0
 14 15  1  0  0  0
 15 16  1  0  0  0
 17 18  1  0  0  0
 18 19  2  0  0  0
 19 20  1  0  0  0
M  END
$$$$
C12c3c(C=NN1Cc4c(N=2)[s]c5c4CCC5)cccc3
  -ISIS-

 20 24  0  0  0  0  0  0  0  0  1
    6.1133    0.1595    1.3369  N  0  0  0  0  0
    6.0714    1.3461    2.0352  N  0  0  0  0  0
    5.1319    1.5898    2.9017  C  0  0  0  0  0
    4.0209    0.6302    3.1235  C  0  0  0  0  0
    4.0632   -0.5848    2.4551  C  0  0  0  0  0
    5.1696   -0.8609    1.5179  C  0  0  0  0  0
    5.2062   -2.0113    0.9050  N  0  0  0  0  0
    6.2430   -2.1745    0.0488  C  0  0  0  0  0
    7.2362   -1.2524   -0.2274  C  0  0  0  0  0
    7.2046    0.0262    0.4530  C  0  0  0  0  0
    8.1512   -1.7610   -1.1734  C  0  0  0  0  0
    7.8245   -3.0280   -1.5693  C  0  0  0  0  0
    6.4464   -3.6373   -0.8442  S  0  0  0  0  0
    8.7591   -3.6092   -2.5597  C  0  0  0  0  0
    9.5613   -2.3399   -2.9867  C  0  0  0  0  0
    9.3814   -1.2837   -1.8496  C  0  0  0  0  0
    3.0371   -1.5237    2.6436  C  0  0  0  0  0
    1.9639   -1.2313    3.4862  C  0  0  0  0  0
    1.9047    0.0014    4.1315  C  0  0  0  0  0
    2.9267    0.9345    3.9461  C  0  0  0  0  0
  1 10  1  0  0  0
  1  6  1  0  0  0
  1  2  1  0  0  0
  2  3  2  0  0  0
  3  4  1  0  0  0
  4 20  2  0  0  0
  4  5  2  0  0  0
  5  6  1  0  0  0
  5 17  2  0  0  0
  6  7  2  0  0  0
  7  8  1  0  0  0
  8 13  1  0  0  0
  8  9  2  0  0  0
  9 10  1  0  0  0
  9 11  1  0  0  0
 11 16  1  0  0  0
 11 12  2  0  0  0
 12 13  1  0  0  0
 12 14  1  0  0  0
 14 15  1  0  0  0
 15 16  1  0  0  0
 17 18  1  0  0  0
 18 19  2  0  0  0
 19 20  1  0  0  0
M  END
$$$$
C12c3c(C=NN1Cc4c(N=2)[s]c5c4CCC5)cccc3
  -ISIS-

 20 24  0  0  0  0  0  0  0  0  1
    5.2052   -1.6842   -5.0511  N  0  0  0  0  0
    4.2332   -2.2386   -5.8549  N  0  0  0  0  0
    3.9322   -3.5016   -5.7776  C  0  0  0  0  0
    4.5773   -4.3905   -4.7803  C  0  0  0  0  0
    5.5818   -3.8587   -3.9842  C  0  0  0  0  0
    5.9388   -2.4328   -4.1201  C  0  0  0  0  0
    6.8907   -1.9451   -3.3745  N  0  0  0  0  0
    7.1411   -0.6255   -3.5502  C  0  0  0  0  0
    6.4918    0.2271   -4.4248  C  0  0  0  0  0
    5.4359   -0.3084   -5.2590  C  0  0  0  0  0
    7.0127    1.5355   -4.3379  C  0  0  0  0  0
    8.0199    1.6235   -3.4178  C  0  0  0  0  0
    8.3691    0.1820   -2.6455  S  0  0  0  0  0
    8.6034    2.9784   -3.2913  C  0  0  0  0  0
    7.5446    3.8275   -4.0626  C  0  0  0  0  0
    6.7578    2.8441   -4.9870  C  0  0  0  0  0
    6.2241   -4.6684   -3.0351  C  0  0  0  0  0
    5.8439   -6.0018   -2.8776  C  0  0  0  0  0
    4.8156   -6.5270   -3.6566  C  0  0  0  0  0
    4.1776   -5.7226   -4.6028  C  0  0  0  0  0
  1 10  1  0  0  0
  1  6  1  0  0  0
  1  2  1  0  0  0
  2  3  2  0  0  0
  3  4  1  0  0  0
  4 20  2  0  0  0
  4  5  2  0  0  0
  5  6  1  0  0  0
  5 17  2  0  0  0
  6  7  2  0  0  0
  7  8  1  0  0  0
  8 13  1  0  0  0
  8  9  2  0  0  0
  9 10  1  0  0  0
  9 11  1  0  0  0
 11 16  1  0  0  0
 11 12  2  0  0  0
 12 13  1  0  0  0
 12 14  1  0  0  0
 14 15  1  0  0  0
 15 16  1  0  0  0
 17 18  1  0  0  0
 18 19  2  0  0  0
 19 20  1  0  0  0
M  END
$$$$
C12c3c(C=NN1Cc4c(N=2)[s]c5c4CCC5)cccc3
  -ISIS-

 20 24  0  0  0  0  0  0  0  0  1
    5.2052   -1.6842   -5.0511  N  0  0  0  0  0
    4.2332   -2.2386   -5.8549  N  0  0  0  0  0
    3.9322   -3.5016   -5.7776  C  0  0  0  0  0
    4.5773   -4.3905   -4.7803  C  0  0  0  0  0
    5.5818   -3.8587   -3.9842  C  0  0  0  0  0
    5.9388   -2.4328   -4.1201  C  0  0  0  0  0
    6.8907   -1.9451   -3.3745  N  0  0  0  0  0
    7.1411   -0.6255   -3.5502  C  0  0  0  0  0
    6.4918    0.2271   -4.4248  C  0  0  0  0  0
    5.4359   -0.3084   -5.2590  C  0  0  0  0  0
    7.0127    1.5355   -4.3379  C  0  0  0  0  0
    8.0199    1.6235   -3.4178  C  0  0  0  0  0
    8.3691    0.1820   -2.6455  S  0  0  0  0  0
    8.6034    2.9784   -3.2913  C  0  0  0  0  0
    7.5446    3.8275   -4.0626  C  0  0  0  0  0
    6.7578    2.8441   -4.9870  C  0  0  0  0  0
    6.2241   -4.6684   -3.0351  C  0  0  0  0  0
    5.8439   -6.0018   -2.8776  C  0  0  0  0  0
    4.8156   -6.5270   -3.6566  C  0  0  0  0  0
    4.1776   -5.7226   -4.6028  C  0  0  0  0  0
  1 10  1  0  0  0
  1  6  1  0  0  0
  1  2  1  0  0  0
  2  3  2  0  0  0
  3  4  1  0  0  0
  4 20  2  0  0  0
  4  5  2  0  0  0
  5  6  1  0  0  0
  5 17  2  0  0  0
  6  7  2  0  0  0
  7  8  1  0  0  0
  8 13  1  0  0  0
  8  9  2  0  0  0
  9 10  1  0  0  0
  9 11  1  0  0  0
 11 16  1  0  0  0
 11 12  2  0  0  0
 12 13  1  0  0  0
 12 14  1  0  0  0
 14 15  1  0  0  0
 15 16  1  0  0  0
 17 18  1  0  0  0
 18 19  2  0  0  0
 19 20  1  0  0  0
M  END
$$$$
C12c3c(C=NN1Cc4c(N=2)[s]c5c4CCC5)cccc3
  -ISIS-

 20 24  0  0  0  0  0  0  0  0  1
    3.3351   -4.8839    5.8009  N  0  0  0  0  0
    2.4806   -5.8415    6.3053  N  0  0  0  0  0
    1.6439   -5.5542    7.2576  C  0  0  0  0  0
    1.5463   -4.1962    7.8336  C  0  0  0  0  0
    2.4119   -3.2231    7.3515  C  0  0  0  0  0
    3.3689   -3.5664    6.2795  C  0  0  0  0  0
    4.1789   -2.6490    5.8347  N  0  0  0  0  0
    5.0164   -3.0470    4.8463  C  0  0  0  0  0
    5.0879   -4.3097    4.2841  C  0  0  0  0  0
    4.1943   -5.3355    4.7767  C  0  0  0  0  0
    6.0766   -4.3623    3.2790  C  0  0  0  0  0
    6.7038   -3.1580    3.1188  C  0  0  0  0  0
    6.1488   -1.9548    4.1387  S  0  0  0  0  0
    7.7498   -3.1567    2.0702  C  0  0  0  0  0
    7.9158   -4.6884    1.8201  C  0  0  0  0  0
    6.6153   -5.3785    2.3425  C  0  0  0  0  0
    2.3575   -1.9234    7.8738  C  0  0  0  0  0
    1.4306   -1.6064    8.8679  C  0  0  0  0  0
    0.5524   -2.5810    9.3386  C  0  0  0  0  0
    0.6054   -3.8766    8.8214  C  0  0  0  0  0
  1 10  1  0  0  0
  1  6  1  0  0  0
  1  2  1  0  0  0
  2  3  2  0  0  0
  3  4  1  0  0  0
  4 20  2  0  0  0
  4  5  2  0  0  0
  5  6  1  0  0  0
  5 17  2  0  0  0
  6  7  2  0  0  0
  7  8  1  0  0  0
  8 13  1  0  0  0
  8  9  2  0  0  0
  9 10  1  0  0  0
  9 11  1  0  0  0
 11 16  1  0  0  0
 11 12  2  0  0  0
 12 13  1  0  0  0
 12 14  1  0  0  0
 14 15  1  0  0  0
 15 16  1  0  0  0
 17 18  1  0  0  0
 18 19  2  0  0  0
 19 20  1  0  0  0
M  END
$$$$
C12c3c(C=NN1Cc4c(N=2)[s]c5c4CCC5)cccc3
  -ISIS-

 20 24  0  0  0  0  0  0  0  0  1
    3.3351   -4.8839    5.8009  N  0  0  0  0  0
    2.4806   -5.8415    6.3053  N  0  0  0  0  0
    1.6439   -5.5542    7.2576  C  0  0  0  0  0
    1.5463   -4.1962    7.8336  C  0  0  0  0  0
    2.4119   -3.2231    7.3515  C  0  0  0  0  0
    3.3689   -3.5664    6.2795  C  0  0  0  0  0
    4.1789   -2.6490    5.8347  N  0  0  0  0  0
    5.0164   -3.0470    4.8463  C  0  0  0  0  0
    5.0879   -4.3097    4.2841  C  0  0  0  0  0
    4.1943   -5.3355    4.7767  C  0  0  0  0  0
    6.0766   -4.3623    3.2790  C  0  0  0  0  0
    6.7038   -3.1580    3.1188  C  0  0  0  0  0
    6.1488   -1.9548    4.1387  S  0  0  0  0  0
    7.7498   -3.1567    2.0702  C  0  0  0  0  0
    7.9158   -4.6884    1.8201  C  0  0  0  0  0
    6.6153   -5.3785    2.3425  C  0  0  0  0  0
    2.3575   -1.9234    7.8738  C  0  0  0  0  0
    1.4306   -1.6064    8.8679  C  0  0  0  0  0
    0.5524   -2.5810    9.3386  C  0  0  0  0  0
    0.6054   -3.8766    8.8214  C  0  0  0  0  0
  1 10  1  0  0  0
  1  6  1  0  0  0
  1  2  1  0  0  0
  2  3  2  0  0  0
  3  4  1  0  0  0
  4 20  2  0  0  0
  4  5  2  0  0  0
  5  6  1  0  0  0
  5 17  2  0  0  0
  6  7  2  0  0  0
  7  8  1  0  0  0
  8 13  1  0  0  0
  8  9  2  0  0  0
  9 10  1  0  0  0
  9 11  1  0  0  0
 11 16  1  0  0  0
 11 12  2  0  0  0
 12 13  1  0  0  0
 12 14  1  0  0  0
 14 15  1  0  0  0
 15 16  1  0  0  0
 17 18  1  0  0  0
 18 19  2  0  0  0
 19 20  1  0  0  0
M  END
$$$$
C12c3c(C=NN1Cc4c(N=2)[s]c5c4CCC5)cccc3
  -ISIS-

 20 24  0  0  0  0  0  0  0  0  1
    3.1112   -0.5077    5.2612  N  0  0  0  0  0
    3.1971   -0.1056    3.9448  N  0  0  0  0  0
    3.3190    1.1521    3.6334  C  0  0  0  0  0
    3.4138    2.2049    4.6719  C  0  0  0  0  0
    3.3044    1.8231    6.0006  C  0  0  0  0  0
    3.1341    0.3951    6.3342  C  0  0  0  0  0
    3.0247    0.0487    7.5866  N  0  0  0  0  0
    2.8854   -1.2805    7.8062  C  0  0  0  0  0
    2.8524   -2.2752    6.8459  C  0  0  0  0  0
    2.9691   -1.8981    5.4520  C  0  0  0  0  0
    2.6991   -3.5467    7.4382  C  0  0  0  0  0
    2.6200   -3.4688    8.8007  C  0  0  0  0  0
    2.7258   -1.9128    9.4042  S  0  0  0  0  0
    2.4531   -4.7787    9.4703  C  0  0  0  0  0
    2.7860   -5.7529    8.2966  C  0  0  0  0  0
    2.5955   -4.9499    6.9701  C  0  0  0  0  0
    3.3825    2.7909    7.0136  C  0  0  0  0  0
    3.5827    4.1333    6.6881  C  0  0  0  0  0
    3.7146    4.5124    5.3540  C  0  0  0  0  0
    3.6352    3.5504    4.3456  C  0  0  0  0  0
  1 10  1  0  0  0
  1  6  1  0  0  0
  1  2  1  0  0  0
  2  3  2  0  0  0
  3  4  1  0  0  0
  4 20  2  0  0  0
  4  5  2  0  0  0
  5  6  1  0  0  0
  5 17  2  0  0  0
  6  7  2  0  0  0
  7  8  1  0  0  0
  8 13  1  0  0  0
  8  9  2  0  0  0
  9 10  1  0  0  0
  9 11  1  0  0  0
 11 16  1  0  0  0
 11 12  2  0  0  0
 12 13  1  0  0  0
 12 14  1  0  0  0
 14 15  1  0  0  0
 15 16  1  0  0  0
 17 18  1  0  0  0
 18 19  2  0  0  0
 19 20  1  0  0  0
M  END
$$$$
C12c3c(C=NN1Cc4c(N=2)[s]c5c4CCC5)cccc3
  -ISIS-

 20 24  0  0  0  0  0  0  0  0  1
    3.1112   -0.5077    5.2612  N  0  0  0  0  0
    3.1971   -0.1056    3.9448  N  0  0  0  0  0
    3.3190    1.1521    3.6334  C  0  0  0  0  0
    3.4138    2.2049    4.6719  C  0  0  0  0  0
    3.3044    1.8231    6.0006  C  0  0  0  0  0
    3.1341    0.3951    6.3342  C  0  0  0  0  0
    3.0247    0.0487    7.5866  N  0  0  0  0  0
    2.8854   -1.2805    7.8062  C  0  0  0  0  0
    2.8524   -2.2752    6.8459  C  0  0  0  0  0
    2.9691   -1.8981    5.4520  C  0  0  0  0  0
    2.6991   -3.5467    7.4382  C  0  0  0  0  0
    2.6200   -3.4688    8.8007  C  0  0  0  0  0
    2.7258   -1.9128    9.4042  S  0  0  0  0  0
    2.4531   -4.7787    9.4703  C  0  0  0  0  0
    2.7860   -5.7529    8.2966  C  0  0  0  0  0
    2.5955   -4.9499    6.9701  C  0  0  0  0  0
    3.3825    2.7909    7.0136  C  0  0  0  0  0
    3.5827    4.1333    6.6881  C  0  0  0  0  0
    3.7146    4.5124    5.3540  C  0  0  0  0  0
    3.6352    3.5504    4.3456  C  0  0  0  0  0
  1 10  1  0  0  0
  1  6  1  0  0  0
  1  2  1  0  0  0
  2  3  2  0  0  0
  3  4  1  0  0  0
  4 20  2  0  0  0
  4  5  2  0  0  0
  5  6  1  0  0  0
  5 17  2  0  0  0
  6  7  2  0  0  0
  7  8  1  0  0  0
  8 13  1  0  0  0
  8  9  2  0  0  0
  9 10  1  0  0  0
  9 11  1  0  0  0
 11 16  1  0  0  0
 11 12  2  0  0  0
 12 13  1  0  0  0
 12 14  1  0  0  0
 14 15  1  0  0  0
 15 16  1  0  0  0
 17 18  1  0  0  0
 18 19  2  0  0  0
 19 20  1  0  0  0
M  END
$$$$
C12c3c(C=NN1Cc4c(N=2)[s]c5c4CCC5)cccc3
  -ISIS-

 20 24  0  0  0  0  0  0  0  0  1
    0.4161    3.0690    6.4984  N  0  0  0  0  0
   -0.4652    3.8092    5.7409  N  0  0  0  0  0
   -1.2526    3.2423    4.8748  C  0  0  0  0  0
   -1.1970    1.7820    4.6190  C  0  0  0  0  0
   -0.3400    1.0149    5.3950  C  0  0  0  0  0
    0.5130    1.6738    6.4038  C  0  0  0  0  0
    1.3081    0.9431    7.1344  N  0  0  0  0  0
    2.0680    1.6293    8.0213  C  0  0  0  0  0
    2.0767    2.9992    8.2125  C  0  0  0  0  0
    1.1935    3.8169    7.4071  C  0  0  0  0  0
    2.9963    3.3650    9.2181  C  0  0  0  0  0
    3.6375    2.2777    9.7429  C  0  0  0  0  0
    3.1750    0.8191    9.0685  S  0  0  0  0  0
    4.6121    2.6090   10.8072  C  0  0  0  0  0
    4.7270    4.1556   10.6293  C  0  0  0  0  0
    3.4488    4.6220    9.8616  C  0  0  0  0  0
   -0.2652   -0.3715    5.1921  C  0  0  0  0  0
   -1.0373   -0.9783    4.2005  C  0  0  0  0  0
   -1.8754   -0.2036    3.4020  C  0  0  0  0  0
   -1.9520    1.1756    3.6051  C  0  0  0  0  0
  1 10  1  0  0  0
  1  6  1  0  0  0
  1  2  1  0  0  0
  2  3  2  0  0  0
  3  4  1  0  0  0
  4 20  2  0  0  0
  4  5  2  0  0  0
  5  6  1  0  0  0
  5 17  2  0  0  0
  6  7  2  0  0  0
  7  8  1  0  0  0
  8 13  1  0  0  0
  8  9  2  0  0  0
  9 10  1  0  0  0
  9 11  1  0  0  0
 11 16  1  0  0  0
 11 12  2  0  0  0
 12 13  1  0  0  0
 12 14  1  0  0  0
 14 15  1  0  0  0
 15 16  1  0  0  0
 17 18  1  0  0  0
 18 19  2  0  0  0
 19 20  1  0  0  0
M  END
$$$$
C12c3c(C=NN1Cc4c(N=2)[s]c5c4CCC5)cccc3
  -ISIS-

 20 24  0  0  0  0  0  0  0  0  1
    0.4161    3.0690    6.4984  N  0  0  0  0  0
   -0.4652    3.8092    5.7409  N  0  0  0  0  0
   -1.2526    3.2423    4.8748  C  0  0  0  0  0
   -1.1970    1.7820    4.6190  C  0  0  0  0  0
   -0.3400    1.0149    5.3950  C  0  0  0  0  0
    0.5130    1.6738    6.4038  C  0  0  0  0  0
    1.3081    0.9431    7.1344  N  0  0  0  0  0
    2.0680    1.6293    8.0213  C  0  0  0  0  0
    2.0767    2.9992    8.2125  C  0  0  0  0  0
    1.1935    3.8169    7.4071  C  0  0  0  0  0
    2.9963    3.3650    9.2181  C  0  0  0  0  0
    3.6375    2.2777    9.7429  C  0  0  0  0  0
    3.1750    0.8191    9.0685  S  0  0  0  0  0
    4.6121    2.6090   10.8072  C  0  0  0  0  0
    4.7270    4.1556   10.6293  C  0  0  0  0  0
    3.4488    4.6220    9.8616  C  0  0  0  0  0
   -0.2652   -0.3715    5.1921  C  0  0  0  0  0
   -1.0373   -0.9783    4.2005  C  0  0  0  0  0
   -1.8754   -0.2036    3.4020  C  0  0  0  0  0
   -1.9520    1.1756    3.6051  C  0  0  0  0  0
  1 10  1  0  0  0
  1  6  1  0  0  0
  1  2  1  0  0  0
  2  3  2  0  0  0
  3  4  1  0  0  0
  4 20  2  0  0  0
  4  5  2  0  0  0
  5  6  1  0  0  0
  5 17  2  0  0  0
  6  7  2  0  0  0
  7  8  1  0  0  0
  8 13  1  0  0  0
  8  9  2  0  0  0
  9 10  1  0  0  0
  9 11  1  0  0  0
 11 16  1  0  0  0
 11 12  2  0  0  0
 12 13  1  0  0  0
 12 14  1  0  0  0
 14 15  1  0  0  0
 15 16  1  0  0  0
 17 18  1  0  0  0
 18 19  2  0  0  0
 19 20  1  0  0  0
M  END
$$$$
C12c3c(C=NN1Cc4c(N=2)[s]c5c4CCC5)cccc3
  -ISIS-

 20 24  0  0  0  0  0  0  0  0  1
   -3.2043    4.1773    5.3304  N  0  0  0  0  0
   -4.4797    3.8045    5.6936  N  0  0  0  0  0
   -5.1983    3.0248    4.9398  C  0  0  0  0  0
   -4.7039    2.5604    3.6191  C  0  0  0  0  0
   -3.4089    2.8957    3.2512  C  0  0  0  0  0
   -2.5930    3.7372    4.1483  C  0  0  0  0  0
   -1.3732    4.0366    3.7976  N  0  0  0  0  0
   -0.7021    4.8283    4.6678  C  0  0  0  0  0
   -1.1846    5.3355    5.8606  C  0  0  0  0  0
   -2.5373    5.0036    6.2590  C  0  0  0  0  0
   -0.2099    6.1249    6.5069  C  0  0  0  0  0
    0.9544    6.1837    5.7930  C  0  0  0  0  0
    0.9235    5.3203    4.3613  S  0  0  0  0  0
    2.0125    6.9982    6.4327  C  0  0  0  0  0
    1.1892    7.7372    7.5342  C  0  0  0  0  0
   -0.1136    6.9061    7.7635  C  0  0  0  0  0
   -2.8990    2.4674    2.0157  C  0  0  0  0  0
   -3.6970    1.7220    1.1471  C  0  0  0  0  0
   -5.0080    1.4139    1.5020  C  0  0  0  0  0
   -5.5146    1.8375    2.7321  C  0  0  0  0  0
  1 10  1  0  0  0
  1  6  1  0  0  0
  1  2  1  0  0  0
  2  3  2  0  0  0
  3  4  1  0  0  0
  4 20  2  0  0  0
  4  5  2  0  0  0
  5  6  1  0  0  0
  5 17  2  0  0  0
  6  7  2  0  0  0
  7  8  1  0  0  0
  8 13  1  0  0  0
  8  9  2  0  0  0
  9 10  1  0  0  0
  9 11  1  0  0  0
 11 16  1  0  0  0
 11 12  2  0  0  0
 12 13  1  0  0  0
 12 14  1  0  0  0
 14 15  1  0  0  0
 15 16  1  0  0  0
 17 18  1  0  0  0
 18 19  2  0  0  0
 19 20  1  0  0  0
M  END
$$$$
C12c3c(C=NN1Cc4c(N=2)[s]c5c4CCC5)cccc3
  -ISIS-

 20 24  0  0  0  0  0  0  0  0  1
   -3.2043    4.1773    5.3304  N  0  0  0  0  0
   -4.4797    3.8045    5.6936  N  0  0  0  0  0
   -5.1983    3.0248    4.9398  C  0  0  0  0  0
   -4.7039    2.5604    3.6191  C  0  0  0  0  0
   -3.4089    2.8957    3.2512  C  0  0  0  0  0
   -2.5930    3.7372    4.1483  C  0  0  0  0  0
   -1.3732    4.0366    3.7976  N  0  0  0  0  0
   -0.7021    4.8283    4.6678  C  0  0  0  0  0
   -1.1846    5.3355    5.8606  C  0  0  0  0  0
   -2.5373    5.0036    6.2590  C  0  0  0  0  0
   -0.2099    6.1249    6.5069  C  0  0  0  0  0
    0.9544    6.1837    5.7930  C  0  0  0  0  0
    0.9235    5.3203    4.3613  S  0  0  0  0  0
    2.0125    6.9982    6.4327  C  0  0  0  0  0
    1.1892    7.7372    7.5342  C  0  0  0  0  0
   -0.1136    6.9061    7.7635  C  0  0  0  0  0
   -2.8990    2.4674    2.0157  C  0  0  0  0  0
   -3.6970    1.7220    1.1471  C  0  0  0  0  0
   -5.0080    1.4139    1.5020  C  0  0  0  0  0
   -5.5146    1.8375    2.7321  C  0  0  0  0  0
  1 10  1  0  0  0
  1  6  1  0  0  0
  1  2  1  0  0  0
  2  3  2  0  0  0
  3  4  1  0  0  0
  4 20  2  0  0  0
  4  5  2  0  0  0
  5  6  1  0  0  0
  5 17  2  0  0  0
  6  7  2  0  0  0
  7  8  1  0  0  0
  8 13  1  0  0  0
  8  9  2  0  0  0
  9 10  1  0  0  0
  9 11  1  0  0  0
 11 16  1  0  0  0
 11 12  2  0  0  0
 12 13  1  0  0  0
 12 14  1  0  0  0
 14 15  1  0  0  0
 15 16  1  0  0  0
 17 18  1  0  0  0
 18 19  2  0  0  0
 19 20  1  0  0  0
M  END
$$$$
C12c3c(C=NN1Cc4c(N=2)[s]c5c4CCC5)cccc3
  -ISIS-

 20 24  0  0  0  0  0  0  0  0  1
    0.0767    5.9571    2.8651  N  0  0  0  0  0
    0.9658    6.1261    3.9041  N  0  0  0  0  0
    1.3224    5.1272    4.6568  C  0  0  0  0  0
    0.8374    3.7499    4.3949  C  0  0  0  0  0
   -0.0827    3.5643    3.3731  C  0  0  0  0  0
   -0.5090    4.7205    2.5601  C  0  0  0  0  0
   -1.3824    4.5378    1.6095  N  0  0  0  0  0
   -1.7052    5.6476    0.9029  C  0  0  0  0  0
   -1.2014    6.9216    1.0939  C  0  0  0  0  0
   -0.2309    7.1322    2.1481  C  0  0  0  0  0
   -1.7625    7.8321    0.1736  C  0  0  0  0  0
   -2.6533    7.2243   -0.6665  C  0  0  0  0  0
   -2.8455    5.5861   -0.3910  S  0  0  0  0  0
   -3.2689    8.1385   -1.6551  C  0  0  0  0  0
   -2.8608    9.5256   -1.0665  C  0  0  0  0  0
   -1.6386    9.2792   -0.1251  C  0  0  0  0  0
   -0.5737    2.2787    3.0995  C  0  0  0  0  0
   -0.1265    1.1841    3.8407  C  0  0  0  0  0
    0.8191    1.3669    4.8471  C  0  0  0  0  0
    1.3062    2.6462    5.1214  C  0  0  0  0  0
  1 10  1  0  0  0
  1  6  1  0  0  0
  1  2  1  0  0  0
  2  3  2  0  0  0
  3  4  1  0  0  0
  4 20  2  0  0  0
  4  5  2  0  0  0
  5  6  1  0  0  0
  5 17  2  0  0  0
  6  7  2  0  0  0
  7  8  1  0  0  0
  8 13  1  0  0  0
  8  9  2  0  0  0
  9 10  1  0  0  0
  9 11  1  0  0  0
 11 16  1  0  0  0
 11 12  2  0  0  0
 12 13  1  0  0  0
 12 14  1  0  0  0
 14 15  1  0  0  0
 15 16  1  0  0  0
 17 18  1  0  0  0
 18 19  2  0  0  0
 19 20  1  0  0  0
M  END
$$$$
C12c3c(C=NN1Cc4c(N=2)[s]c5c4CCC5)cccc3
  -ISIS-

 20 24  0  0  0  0  0  0  0  0  1
    0.0767    5.9571    2.8651  N  0  0  0  0  0
    0.9658    6.1261    3.9041  N  0  0  0  0  0
    1.3224    5.1272    4.6568  C  0  0  0  0  0
    0.8374    3.7499    4.3949  C  0  0  0  0  0
   -0.0827    3.5643    3.3731  C  0  0  0  0  0
   -0.5090    4.7205    2.5601  C  0  0  0  0  0
   -1.3824    4.5378    1.6095  N  0  0  0  0  0
   -1.7052    5.6476    0.9029  C  0  0  0  0  0
   -1.2014    6.9216    1.0939  C  0  0  0  0  0
   -0.2309    7.1322    2.1481  C  0  0  0  0  0
   -1.7625    7.8321    0.1736  C  0  0  0  0  0
   -2.6533    7.2243   -0.6665  C  0  0  0  0  0
   -2.8455    5.5861   -0.3910  S  0  0  0  0  0
   -3.2689    8.1385   -1.6551  C  0  0  0  0  0
   -2.8608    9.5256   -1.0665  C  0  0  0  0  0
   -1.6386    9.2792   -0.1251  C  0  0  0  0  0
   -0.5737    2.2787    3.0995  C  0  0  0  0  0
   -0.1265    1.1841    3.8407  C  0  0  0  0  0
    0.8191    1.3669    4.8471  C  0  0  0  0  0
    1.3062    2.6462    5.1214  C  0  0  0  0  0
  1 10  1  0  0  0
  1  6  1  0  0  0
  1  2  1  0  0  0
  2  3  2  0  0  0
  3  4  1  0  0  0
  4 20  2  0  0  0
  4  5  2  0  0  0
  5  6  1  0  0  0
  5 17  2  0  0  0
  6  7  2  0  0  0
  7  8  1  0  0  0
  8 13  1  0  0  0
  8  9  2  0  0  0
  9 10  1  0  0  0
  9 11  1  0  0  0
 11 16  1  0  0  0
 11 12  2  0  0  0
 12 13  1  0  0  0
 12 14  1  0  0  0
 14 15  1  0  0  0
 15 16  1  0  0  0
 17 18  1  0  0  0
 18 19  2  0  0  0
 19 20  1  0  0  0
M  END
$$$$
C12c3c(C=NN1Cc4c(N=2)[s]c5c4CCC5)cccc3
  -ISIS-

 20 24  0  0  0  0  0  0  0  0  1
   -1.7438    5.6579    3.4666  N  0  0  0  0  0
   -1.1284    6.8724    3.2737  N  0  0  0  0  0
   -1.4886    7.6555    2.3023  C  0  0  0  0  0
   -2.5642    7.2950    1.3593  C  0  0  0  0  0
   -3.1990    6.0712    1.5366  C  0  0  0  0  0
   -2.7803    5.1891    2.6469  C  0  0  0  0  0
   -3.3754    4.0437    2.8153  N  0  0  0  0  0
   -2.9260    3.3044    3.8596  C  0  0  0  0  0
   -1.9154    3.6483    4.7421  C  0  0  0  0  0
   -1.2489    4.9180    4.5601  C  0  0  0  0  0
   -1.7169    2.6377    5.7062  C  0  0  0  0  0
   -2.5685    1.5842    5.5201  C  0  0  0  0  0
   -3.6071    1.7618    4.2217  S  0  0  0  0  0
   -2.4022    0.4903    6.5052  C  0  0  0  0  0
   -1.5099    1.1938    7.5751  C  0  0  0  0  0
   -0.8264    2.4088    6.8701  C  0  0  0  0  0
   -4.2260    5.6890    0.6638  C  0  0  0  0  0
   -4.6080    6.5359   -0.3783  C  0  0  0  0  0
   -3.9682    7.7628   -0.5523  C  0  0  0  0  0
   -2.9443    8.1464    0.3154  C  0  0  0  0  0
  1 10  1  0  0  0
  1  6  1  0  0  0
  1  2  1  0  0  0
  2  3  2  0  0  0
  3  4  1  0  0  0
  4 20  2  0  0  0
  4  5  2  0  0  0
  5  6  1  0  0  0
  5 17  2  0  0  0
  6  7  2  0  0  0
  7  8  1  0  0  0
  8 13  1  0  0  0
  8  9  2  0  0  0
  9 10  1  0  0  0
  9 11  1  0  0  0
 11 16  1  0  0  0
 11 12  2  0  0  0
 12 13  1  0  0  0
 12 14  1  0  0  0
 14 15  1  0  0  0
 15 16  1  0  0  0
 17 18  1  0  0  0
 18 19  2  0  0  0
 19 20  1  0  0  0
M  END
$$$$
C12c3c(C=NN1Cc4c(N=2)[s]c5c4CCC5)cccc3
  -ISIS-

 20 24  0  0  0  0  0  0  0  0  1
   -1.7438    5.6579    3.4666  N  0  0  0  0  0
   -1.1284    6.8724    3.2737  N  0  0  0  0  0
   -1.4886    7.6555    2.3023  C  0  0  0  0  0
   -2.5642    7.2950    1.3593  C  0  0  0  0  0
   -3.1990    6.0712    1.5366  C  0  0  0  0  0
   -2.7803    5.1891    2.6469  C  0  0  0  0  0
   -3.3754    4.0437    2.8153  N  0  0  0  0  0
   -2.9260    3.3044    3.8596  C  0  0  0  0  0
   -1.9154    3.6483    4.7421  C  0  0  0  0  0
   -1.2489    4.9180    4.5601  C  0  0  0  0  0
   -1.7169    2.6377    5.7062  C  0  0  0  0  0
   -2.5685    1.5842    5.5201  C  0  0  0  0  0
   -3.6071    1.7618    4.2217  S  0  0  0  0  0
   -2.4022    0.4903    6.5052  C  0  0  0  0  0
   -1.5099    1.1938    7.5751  C  0  0  0  0  0
   -0.8264    2.4088    6.8701  C  0  0  0  0  0
   -4.2260    5.6890    0.6638  C  0  0  0  0  0
   -4.6080    6.5359   -0.3783  C  0  0  0  0  0
   -3.9682    7.7628   -0.5523  C  0  0  0  0  0
   -2.9443    8.1464    0.3154  C  0  0  0  0  0
  1 10  1  0  0  0
  1  6  1  0  0  0
  1  2  1  0  0  0
  2  3  2  0  0  0
  3  4  1  0  0  0
  4 20  2  0  0  0
  4  5  2  0  0  0
  5  6  1  0  0  0
  5 17  2  0  0  0
  6  7  2  0  0  0
  7  8  1  0  0  0
  8 13  1  0  0  0
  8  9  2  0  0  0
  9 10  1  0  0  0
  9 11  1  0  0  0
 11 16  1  0  0  0
 11 12  2  0  0  0
 12 13  1  0  0  0
 12 14  1  0  0  0
 14 15  1  0  0  0
 15 16  1  0  0  0
 17 18  1  0  0  0
 18 19  2  0  0  0
 19 20  1  0  0  0
M  END
$$$$
C12c3c(C=NN1Cc4c(N=2)[s]c5c4CCC5)cccc3
  -ISIS-

 20 24  0  0  0  0  0  0  0  0  1
    1.9016    2.2948    1.6456  N  0  0  0  0  0
    1.5322    2.9753    0.5047  N  0  0  0  0  0
    0.8198    4.0602    0.5757  C  0  0  0  0  0
    0.3887    4.6325    1.8690  C  0  0  0  0  0
    0.7337    3.9498    3.0281  C  0  0  0  0  0
    1.5293    2.7085    2.9325  C  0  0  0  0  0
    1.8456    2.0724    4.0237  N  0  0  0  0  0
    2.5838    0.9498    3.8452  C  0  0  0  0  0
    3.0191    0.4321    2.6377  C  0  0  0  0  0
    2.6663    1.1305    1.4206  C  0  0  0  0  0
    3.7659   -0.7491    2.8319  C  0  0  0  0  0
    3.8648   -1.0767    4.1556  C  0  0  0  0  0
    3.0893   -0.0115    5.1852  S  0  0  0  0  0
    4.6375   -2.3132    4.4156  C  0  0  0  0  0
    5.3114   -2.5357    3.0255  C  0  0  0  0  0
    4.4718   -1.7358    1.9787  C  0  0  0  0  0
    0.3394    4.4534    4.2755  C  0  0  0  0  0
   -0.3886    5.6417    4.3526  C  0  0  0  0  0
   -0.7191    6.3336    3.1887  C  0  0  0  0  0
   -0.3292    5.8334    1.9450  C  0  0  0  0  0
  1 10  1  0  0  0
  1  6  1  0  0  0
  1  2  1  0  0  0
  2  3  2  0  0  0
  3  4  1  0  0  0
  4 20  2  0  0  0
  4  5  2  0  0  0
  5  6  1  0  0  0
  5 17  2  0  0  0
  6  7  2  0  0  0
  7  8  1  0  0  0
  8 13  1  0  0  0
  8  9  2  0  0  0
  9 10  1  0  0  0
  9 11  1  0  0  0
 11 16  1  0  0  0
 11 12  2  0  0  0
 12 13  1  0  0  0
 12 14  1  0  0  0
 14 15  1  0  0  0
 15 16  1  0  0  0
 17 18  1  0  0  0
 18 19  2  0  0  0
 19 20  1  0  0  0
M  END
$$$$
C12c3c(C=NN1Cc4c(N=2)[s]c5c4CCC5)cccc3
  -ISIS-

 20 24  0  0  0  0  0  0  0  0  1
    1.9016    2.2948    1.6456  N  0  0  0  0  0
    1.5322    2.9753    0.5047  N  0  0  0  0  0
    0.8198    4.0602    0.5757  C  0  0  0  0  0
    0.3887    4.6325    1.8690  C  0  0  0  0  0
    0.7337    3.9498    3.0281  C  0  0  0  0  0
    1.5293    2.7085    2.9325  C  0  0  0  0  0
    1.8456    2.0724    4.0237  N  0  0  0  0  0
    2.5838    0.9498    3.8452  C  0  0  0  0  0
    3.0191    0.4321    2.6377  C  0  0  0  0  0
    2.6663    1.1305    1.4206  C  0  0  0  0  0
    3.7659   -0.7491    2.8319  C  0  0  0  0  0
    3.8648   -1.0767    4.1556  C  0  0  0  0  0
    3.0893   -0.0115    5.1852  S  0  0  0  0  0
    4.6375   -2.3132    4.4156  C  0  0  0  0  0
    5.3114   -2.5357    3.0255  C  0  0  0  0  0
    4.4718   -1.7358    1.9787  C  0  0  0  0  0
    0.3394    4.4534    4.2755  C  0  0  0  0  0
   -0.3886    5.6417    4.3526  C  0  0  0  0  0
   -0.7191    6.3336    3.1887  C  0  0  0  0  0
   -0.3292    5.8334    1.9450  C  0  0  0  0  0
  1 10  1  0  0  0
  1  6  1  0  0  0
  1  2  1  0  0  0
  2  3  2  0  0  0
  3  4  1  0  0  0
  4 20  2  0  0  0
  4  5  2  0  0  0
  5  6  1  0  0  0
  5 17  2  0  0  0
  6  7  2  0  0  0
  7  8  1  0  0  0
  8 13  1  0  0  0
  8  9  2  0  0  0
  9 10  1  0  0  0
  9 11  1  0  0  0
 11 16  1  0  0  0
 11 12  2  0  0  0
 12 13  1  0  0  0
 12 14  1  0  0  0
 14 15  1  0  0  0
 15 16  1  0  0  0
 17 18  1  0  0  0
 18 19  2  0  0  0
 19 20  1  0  0  0
M  END
$$$$
C12c3c(C=NN1Cc4c(N=2)[s]c5c4CCC5)cccc3
  -ISIS-

 20 24  0  0  0  0  0  0  0  0  1
    0.8348   -3.4037   -2.2852  N  0  0  0  0  0
    0.8098   -2.0370   -2.4682  N  0  0  0  0  0
    1.3308   -1.4918   -3.5289  C  0  0  0  0  0
    2.0101   -2.3029   -4.5665  C  0  0  0  0  0
    2.0240   -3.6811   -4.4125  C  0  0  0  0  0
    1.4002   -4.2849   -3.2184  C  0  0  0  0  0
    1.4131   -5.5822   -3.0877  N  0  0  0  0  0
    0.8323   -6.0530   -1.9584  C  0  0  0  0  0
    0.2448   -5.2994   -0.9584  C  0  0  0  0  0
    0.2226   -3.8578   -1.0982  C  0  0  0  0  0
   -0.2555   -6.1250    0.0707  C  0  0  0  0  0
   -0.0343   -7.4496   -0.1847  C  0  0  0  0  0
    0.7600   -7.7451   -1.6262  S  0  0  0  0  0
   -0.5462   -8.3591    0.8656  C  0  0  0  0  0
   -0.8355   -7.3450    2.0166  C  0  0  0  0  0
   -0.9652   -5.9341    1.3586  C  0  0  0  0  0
    2.6511   -4.4849   -5.3766  C  0  0  0  0  0
    3.2714   -3.9006   -6.4821  C  0  0  0  0  0
    3.2757   -2.5148   -6.6241  C  0  0  0  0  0
    2.6505   -1.7146   -5.6662  C  0  0  0  0  0
  1 10  1  0  0  0
  1  6  1  0  0  0
  1  2  1  0  0  0
  2  3  2  0  0  0
  3  4  1  0  0  0
  4 20  2  0  0  0
  4  5  2  0  0  0
  5  6  1  0  0  0
  5 17  2  0  0  0
  6  7  2  0  0  0
  7  8  1  0  0  0
  8 13  1  0  0  0
  8  9  2  0  0  0
  9 10  1  0  0  0
  9 11  1  0  0  0
 11 16  1  0  0  0
 11 12  2  0  0  0
 12 13  1  0  0  0
 12 14  1  0  0  0
 14 15  1  0  0  0
 15 16  1  0  0  0
 17 18  1  0  0  0
 18 19  2  0  0  0
 19 20  1  0  0  0
M  END
$$$$
C12c3c(C=NN1Cc4c(N=2)[s]c5c4CCC5)cccc3
  -ISIS-

 20 24  0  0  0  0  0  0  0  0  1
    0.8348   -3.4037   -2.2852  N  0  0  0  0  0
    0.8098   -2.0370   -2.4682  N  0  0  0  0  0
    1.3308   -1.4918   -3.5289  C  0  0  0  0  0
    2.0101   -2.3029   -4.5665  C  0  0  0  0  0
    2.0240   -3.6811   -4.4125  C  0  0  0  0  0
    1.4002   -4.2849   -3.2184  C  0  0  0  0  0
    1.4131   -5.5822   -3.0877  N  0  0  0  0  0
    0.8323   -6.0530   -1.9584  C  0  0  0  0  0
    0.2448   -5.2994   -0.9584  C  0  0  0  0  0
    0.2226   -3.8578   -1.0982  C  0  0  0  0  0
   -0.2555   -6.1250    0.0707  C  0  0  0  0  0
   -0.0343   -7.4496   -0.1847  C  0  0  0  0  0
    0.7600   -7.7451   -1.6262  S  0  0  0  0  0
   -0.5462   -8.3591    0.8656  C  0  0  0  0  0
   -0.8355   -7.3450    2.0166  C  0  0  0  0  0
   -0.9652   -5.9341    1.3586  C  0  0  0  0  0
    2.6511   -4.4849   -5.3766  C  0  0  0  0  0
    3.2714   -3.9006   -6.4821  C  0  0  0  0  0
    3.2757   -2.5148   -6.6241  C  0  0  0  0  0
    2.6505   -1.7146   -5.6662  C  0  0  0  0  0
  1 10  1  0  0  0
  1  6  1  0  0  0
  1  2  1  0  0  0
  2  3  2  0  0  0
  3  4  1  0  0  0
  4 20  2  0  0  0
  4  5  2  0  0  0
  5  6  1  0  0  0
  5 17  2  0  0  0
  6  7  2  0  0  0
  7  8  1  0  0  0
  8 13  1  0  0  0
  8  9  2  0  0  0
  9 10  1  0  0  0
  9 11  1  0  0  0
 11 16  1  0  0  0
 11 12  2  0  0  0
 12 13  1  0  0  0
 12 14  1  0  0  0
 14 15  1  0  0  0
 15 16  1  0  0  0
 17 18  1  0  0  0
 18 19  2  0  0  0
 19 20  1  0  0  0
M  END
$$$$
C12c3c(C=NN1Cc4c(N=2)[s]c5c4CCC5)cccc3
  -ISIS-

 20 24  0  0  0  0  0  0  0  0  1
    2.6779   -4.7838   -0.0583  N  0  0  0  0  0
    2.7045   -4.8854   -1.4333  N  0  0  0  0  0
    1.8802   -5.6682   -2.0662  C  0  0  0  0  0
    0.8422   -6.4457   -1.3481  C  0  0  0  0  0
    0.8193   -6.3805    0.0373  C  0  0  0  0  0
    1.7885   -5.5168    0.7402  C  0  0  0  0  0
    1.7629   -5.4696    2.0430  N  0  0  0  0  0
    2.6739   -4.6412    2.6072  C  0  0  0  0  0
    3.6002   -3.8594    1.9411  C  0  0  0  0  0
    3.6364   -3.9082    0.4938  C  0  0  0  0  0
    4.3855   -3.1189    2.8499  C  0  0  0  0  0
    4.0327   -3.3651    4.1475  C  0  0  0  0  0
    2.7810   -4.4604    4.3202  S  0  0  0  0  0
    4.8324   -2.6143    5.1419  C  0  0  0  0  0
    5.5424   -1.5722    4.2215  C  0  0  0  0  0
    5.5003   -2.1446    2.7685  C  0  0  0  0  0
   -0.1417   -7.1086    0.7551  C  0  0  0  0  0
   -1.0835   -7.8854    0.0786  C  0  0  0  0  0
   -1.0760   -7.9295   -1.3136  C  0  0  0  0  0
   -0.1187   -7.2071   -2.0283  C  0  0  0  0  0
  1 10  1  0  0  0
  1  6  1  0  0  0
  1  2  1  0  0  0
  2  3  2  0  0  0
  3  4  1  0  0  0
  4 20  2  0  0  0
  4  5  2  0  0  0
  5  6  1  0  0  0
  5 17  2  0  0  0
  6  7  2  0  0  0
  7  8  1  0  0  0
  8 13  1  0  0  0
  8  9  2  0  0  0
  9 10  1  0  0  0
  9 11  1  0  0  0
 11 16  1  0  0  0
 11 12  2  0  0  0
 12 13  1  0  0  0
 12 14  1  0  0  0
 14 15  1  0  0  0
 15 16  1  0  0  0
 17 18  1  0  0  0
 18 19  2  0  0  0
 19 20  1  0  0  0
M  END
$$$$
C12c3c(C=NN1Cc4c(N=2)[s]c5c4CCC5)cccc3
  -ISIS-

 20 24  0  0  0  0  0  0  0  0  1
    2.6779   -4.7838   -0.0583  N  0  0  0  0  0
    2.7045   -4.8854   -1.4333  N  0  0  0  0  0
    1.8802   -5.6682   -2.0662  C  0  0  0  0  0
    0.8422   -6.4457   -1.3481  C  0  0  0  0  0
    0.8193   -6.3805    0.0373  C  0  0  0  0  0
    1.7885   -5.5168    0.7402  C  0  0  0  0  0
    1.7629   -5.4696    2.0430  N  0  0  0  0  0
    2.6739   -4.6412    2.6072  C  0  0  0  0  0
    3.6002   -3.8594    1.9411  C  0  0  0  0  0
    3.6364   -3.9082    0.4938  C  0  0  0  0  0
    4.3855   -3.1189    2.8499  C  0  0  0  0  0
    4.0327   -3.3651    4.1475  C  0  0  0  0  0
    2.7810   -4.4604    4.3202  S  0  0  0  0  0
    4.8324   -2.6143    5.1419  C  0  0  0  0  0
    5.5424   -1.5722    4.2215  C  0  0  0  0  0
    5.5003   -2.1446    2.7685  C  0  0  0  0  0
   -0.1417   -7.1086    0.7551  C  0  0  0  0  0
   -1.0835   -7.8854    0.0786  C  0  0  0  0  0
   -1.0760   -7.9295   -1.3136  C  0  0  0  0  0
   -0.1187   -7.2071   -2.0283  C  0  0  0  0  0
  1 10  1  0  0  0
  1  6  1  0  0  0
  1  2  1  0  0  0
  2  3  2  0  0  0
  3  4  1  0  0  0
  4 20  2  0  0  0
  4  5  2  0  0  0
  5  6  1  0  0  0
  5 17  2  0  0  0
  6  7  2  0  0  0
  7  8  1  0  0  0
  8 13  1  0  0  0
  8  9  2  0  0  0
  9 10  1  0  0  0
  9 11  1  0  0  0
 11 16  1  0  0  0
 11 12  2  0  0  0
 12 13  1  0  0  0
 12 14  1  0  0  0
 14 15  1  0  0  0
 15 16  1  0  0  0
 17 18  1  0  0  0
 18 19  2  0  0  0
 19 20  1  0  0  0
M  END
$$$$
C12c3c(C=NN1Cc4c(N=2)[s]c5c4CCC5)cccc3
  -ISIS-

 20 24  0  0  0  0  0  0  0  0  1
    0.8233    1.7862    2.0129  N  0  0  0  0  0
    1.0155    0.4244    2.3272  C  0  0  0  0  0
    0.0068   -0.4429    1.7539  C  0  0  0  0  0
   -0.9966    0.1235    0.9889  C  0  0  0  0  0
   -1.1482    1.4387    0.7030  N  0  0  0  0  0
   -0.2439    2.2253    1.2163  C  0  0  0  0  0
   -0.3200    3.6744    0.9447  C  0  0  0  0  0
    0.6317    4.5225    1.4916  C  0  0  0  0  0
    0.6087    5.8904    1.1845  C  0  0  0  0  0
   -0.3911    6.4072    0.3584  C  0  0  0  0  0
   -1.3622    5.5602   -0.1709  C  0  0  0  0  0
   -1.3257    4.1949    0.1161  C  0  0  0  0  0
    1.6716    3.9320    2.3677  C  0  0  0  0  0
    1.7440    2.6487    2.5698  N  0  0  0  0  0
   -2.1033   -1.0573    0.3894  S  0  0  0  0  0
   -1.2449   -2.2768    1.1458  C  0  0  0  0  0
   -0.1497   -1.8427    1.8392  C  0  0  0  0  0
    0.5654   -2.9716    2.4819  C  0  0  0  0  0
   -0.4713   -4.1331    2.3519  C  0  0  0  0  0
   -1.4508   -3.7420    1.2010  C  0  0  0  0  0
  1  6  1  0  0  0
  1 14  1  0  0  0
  1  2  1  0  0  0
  2  3  1  0  0  0
  3 17  1  0  0  0
  3  4  2  0  0  0
  4  5  1  0  0  0
  4 15  1  0  0  0
  5  6  2  0  0  0
  6  7  1  0  0  0
  7 12  2  0  0  0
  7  8  1  0  0  0
  8  9  2  0  0  0
  8 13  1  0  0  0
  9 10  1  0  0  0
 10 11  2  0  0  0
 11 12  1  0  0  0
 13 14  2  0  0  0
 15 16  1  0  0  0
 16 20  1  0  0  0
 16 17  2  0  0  0
 17 18  1  0  0  0
 18 19  1  0  0  0
 19 20  1  0  0  0
M  END
$$$$
C12c3c(C=NN1Cc4c(N=2)[s]c5c4CCC5)cccc3
  -ISIS-

 20 24  0  0  0  0  0  0  0  0  1
    0.8233    1.7862    2.0129  N  0  0  0  0  0
    1.0155    0.4244    2.3272  C  0  0  0  0  0
    0.0068   -0.4429    1.7539  C  0  0  0  0  0
   -0.9966    0.1235    0.9889  C  0  0  0  0  0
   -1.1482    1.4387    0.7030  N  0  0  0  0  0
   -0.2439    2.2253    1.2163  C  0  0  0  0  0
   -0.3200    3.6744    0.9447  C  0  0  0  0  0
    0.6317    4.5225    1.4916  C  0  0  0  0  0
    0.6087    5.8904    1.1845  C  0  0  0  0  0
   -0.3911    6.4072    0.3584  C  0  0  0  0  0
   -1.3622    5.5602   -0.1709  C  0  0  0  0  0
   -1.3257    4.1949    0.1161  C  0  0  0  0  0
    1.6716    3.9320    2.3677  C  0  0  0  0  0
    1.7440    2.6487    2.5698  N  0  0  0  0  0
   -2.1033   -1.0573    0.3894  S  0  0  0  0  0
   -1.2449   -2.2768    1.1458  C  0  0  0  0  0
   -0.1497   -1.8427    1.8392  C  0  0  0  0  0
    0.5654   -2.9716    2.4819  C  0  0  0  0  0
   -0.4713   -4.1331    2.3519  C  0  0  0  0  0
   -1.4508   -3.7420    1.2010  C  0  0  0  0  0
  1  6  1  0  0  0
  1 14  1  0  0  0
  1  2  1  0  0  0
  2  3  1  0  0  0
  3 17  1  0  0  0
  3  4  2  0  0  0
  4  5  1  0  0  0
  4 15  1  0  0  0
  5  6  2  0  0  0
  6  7  1  0  0  0
  7 12  2  0  0  0
  7  8  1  0  0  0
  8  9  2  0  0  0
  8 13  1  0  0  0
  9 10  1  0  0  0
 10 11  2  0  0  0
 11 12  1  0  0  0
 13 14  2  0  0  0
 15 16  1  0  0  0
 16 20  1  0  0  0
 16 17  2  0  0  0
 17 18  1  0  0  0
 18 19  1  0  0  0
 19 20  1  0  0  0
M  END
$$$$
C12c3c(C=NN1Cc4c(N=2)[s]c5c4CCC5)cccc3
  -ISIS-

 20 24  0  0  0  0  0  0  0  0  1
   -0.2544   -3.0357    2.2221  N  0  0  0  0  0
   -0.7406   -3.4418    0.9618  C  0  0  0  0  0
   -0.3995   -2.5236   -0.1056  C  0  0  0  0  0
    0.3392   -1.3955    0.2019  C  0  0  0  0  0
    0.7886   -1.0350    1.4277  N  0  0  0  0  0
    0.4817   -1.8553    2.3938  C  0  0  0  0  0
    0.9113   -1.5336    3.7687  C  0  0  0  0  0
    0.6028   -2.4057    4.8027  C  0  0  0  0  0
    0.9290   -2.0635    6.1230  C  0  0  0  0  0
    1.6043   -0.8720    6.3946  C  0  0  0  0  0
    1.9432   -0.0122    5.3527  C  0  0  0  0  0
    1.5923   -0.3372    4.0418  C  0  0  0  0  0
   -0.1096   -3.6644    4.4673  C  0  0  0  0  0
   -0.5212   -3.9051    3.2568  N  0  0  0  0  0
    0.6570   -0.4261   -1.1903  S  0  0  0  0  0
   -0.1795   -1.5036   -2.1576  C  0  0  0  0  0
   -0.6968   -2.5747   -1.4840  C  0  0  0  0  0
   -1.4204   -3.4903   -2.3985  C  0  0  0  0  0
   -1.5552   -2.6236   -3.6912  C  0  0  0  0  0
   -0.4604   -1.5136   -3.6112  C  0  0  0  0  0
  1  6  1  0  0  0
  1 14  1  0  0  0
  1  2  1  0  0  0
  2  3  1  0  0  0
  3 17  1  0  0  0
  3  4  2  0  0  0
  4  5  1  0  0  0
  4 15  1  0  0  0
  5  6  2  0  0  0
  6  7  1  0  0  0
  7 12  2  0  0  0
  7  8  1  0  0  0
  8  9  2  0  0  0
  8 13  1  0  0  0
  9 10  1  0  0  0
 10 11  2  0  0  0
 11 12  1  0  0  0
 13 14  2  0  0  0
 15 16  1  0  0  0
 16 20  1  0  0  0
 16 17  2  0  0  0
 17 18  1  0  0  0
 18 19  1  0  0  0
 19 20  1  0  0  0
M  END
$$$$
C12c3c(C=NN1Cc4c(N=2)[s]c5c4CCC5)cccc3
  -ISIS-

 20 24  0  0  0  0  0  0  0  0  1
   -0.2544   -3.0357    2.2221  N  0  0  0  0  0
   -0.7406   -3.4418    0.9618  C  0  0  0  0  0
   -0.3995   -2.5236   -0.1056  C  0  0  0  0  0
    0.3392   -1.3955    0.2019  C  0  0  0  0  0
    0.7886   -1.0350    1.4277  N  0  0  0  0  0
    0.4817   -1.8553    2.3938  C  0  0  0  0  0
    0.9113   -1.5336    3.7687  C  0  0  0  0  0
    0.6028   -2.4057    4.8027  C  0  0  0  0  0
    0.9290   -2.0635    6.1230  C  0  0  0  0  0
    1.6043   -0.8720    6.3946  C  0  0  0  0  0
    1.9432   -0.0122    5.3527  C  0  0  0  0  0
    1.5923   -0.3372    4.0418  C  0  0  0  0  0
   -0.1096   -3.6644    4.4673  C  0  0  0  0  0
   -0.5212   -3.9051    3.2568  N  0  0  0  0  0
    0.6570   -0.4261   -1.1903  S  0  0  0  0  0
   -0.1795   -1.5036   -2.1576  C  0  0  0  0  0
   -0.6968   -2.5747   -1.4840  C  0  0  0  0  0
   -1.4204   -3.4903   -2.3985  C  0  0  0  0  0
   -1.5552   -2.6236   -3.6912  C  0  0  0  0  0
   -0.4604   -1.5136   -3.6112  C  0  0  0  0  0
  1  6  1  0  0  0
  1 14  1  0  0  0
  1  2  1  0  0  0
  2  3  1  0  0  0
  3 17  1  0  0  0
  3  4  2  0  0  0
  4  5  1  0  0  0
  4 15  1  0  0  0
  5  6  2  0  0  0
  6  7  1  0  0  0
  7 12  2  0  0  0
  7  8  1  0  0  0
  8  9  2  0  0  0
  8 13  1  0  0  0
  9 10  1  0  0  0
 10 11  2  0  0  0
 11 12  1  0  0  0
 13 14  2  0  0  0
 15 16  1  0  0  0
 16 20  1  0  0  0
 16 17  2  0  0  0
 17 18  1  0  0  0
 18 19  1  0  0  0
 19 20  1  0  0  0
M  END
$$$$
C12c3c(C=NN1Cc4c(N=2)[s]c5c4CCC5)cccc3
  -ISIS-

 20 24  0  0  0  0  0  0  0  0  1
   -0.5979   -3.4066   -1.4165  N  0  0  0  0  0
   -0.8729   -2.0693   -1.0602  C  0  0  0  0  0
   -0.1258   -1.6180    0.0938  C  0  0  0  0  0
    0.7409   -2.5060    0.7069  C  0  0  0  0  0
    0.9786   -3.7882    0.3376  N  0  0  0  0  0
    0.3123   -4.1992   -0.7029  C  0  0  0  0  0
    0.5135   -5.5807   -1.1867  C  0  0  0  0  0
   -0.1961   -6.0284   -2.2935  C  0  0  0  0  0
    0.0160   -7.3209   -2.7913  C  0  0  0  0  0
    0.9258   -8.1699   -2.1585  C  0  0  0  0  0
    1.6264   -7.7289   -1.0373  C  0  0  0  0  0
    1.4252   -6.4358   -0.5523  C  0  0  0  0  0
   -1.1524   -5.0944   -2.9254  C  0  0  0  0  0
   -1.3093   -3.8760   -2.5004  N  0  0  0  0  0
    1.5441   -1.8009    2.0610  S  0  0  0  0  0
    0.7395   -0.3562    1.8128  C  0  0  0  0  0
   -0.1184   -0.3682    0.7482  C  0  0  0  0  0
   -0.7927    0.9429    0.5857  C  0  0  0  0  0
   -0.4646    1.6517    1.9386  C  0  0  0  0  0
    0.7884    0.9365    2.5344  C  0  0  0  0  0
  1  6  1  0  0  0
  1 14  1  0  0  0
  1  2  1  0  0  0
  2  3  1  0  0  0
  3 17  1  0  0  0
  3  4  2  0  0  0
  4  5  1  0  0  0
  4 15  1  0  0  0
  5  6  2  0  0  0
  6  7  1  0  0  0
  7 12  2  0  0  0
  7  8  1  0  0  0
  8  9  2  0  0  0
  8 13  1  0  0  0
  9 10  1  0  0  0
 10 11  2  0  0  0
 11 12  1  0  0  0
 13 14  2  0  0  0
 15 16  1  0  0  0
 16 20  1  0  0  0
 16 17  2  0  0  0
 17 18  1  0  0  0
 18 19  1  0  0  0
 19 20  1  0  0  0
M  END
$$$$
C12c3c(C=NN1Cc4c(N=2)[s]c5c4CCC5)cccc3
  -ISIS-

 20 24  0  0  0  0  0  0  0  0  1
   -0.5979   -3.4066   -1.4165  N  0  0  0  0  0
   -0.8729   -2.0693   -1.0602  C  0  0  0  0  0
   -0.1258   -1.6180    0.0938  C  0  0  0  0  0
    0.7409   -2.5060    0.7069  C  0  0  0  0  0
    0.9786   -3.7882    0.3376  N  0  0  0  0  0
    0.3123   -4.1992   -0.7029  C  0  0  0  0  0
    0.5135   -5.5807   -1.1867  C  0  0  0  0  0
   -0.1961   -6.0284   -2.2935  C  0  0  0  0  0
    0.0160   -7.3209   -2.7913  C  0  0  0  0  0
    0.9258   -8.1699   -2.1585  C  0  0  0  0  0
    1.6264   -7.7289   -1.0373  C  0  0  0  0  0
    1.4252   -6.4358   -0.5523  C  0  0  0  0  0
   -1.1524   -5.0944   -2.9254  C  0  0  0  0  0
   -1.3093   -3.8760   -2.5004  N  0  0  0  0  0
    1.5441   -1.8009    2.0610  S  0  0  0  0  0
    0.7395   -0.3562    1.8128  C  0  0  0  0  0
   -0.1184   -0.3682    0.7482  C  0  0  0  0  0
   -0.7927    0.9429    0.5857  C  0  0  0  0  0
   -0.4646    1.6517    1.9386  C  0  0  0  0  0
    0.7884    0.9365    2.5344  C  0  0  0  0  0
  1  6  1  0  0  0
  1 14  1  0  0  0
  1  2  1  0  0  0
  2  3  1  0  0  0
  3 17  1  0  0  0
  3  4  2  0  0  0
  4  5  1  0  0  0
  4 15  1  0  0  0
  5  6  2  0  0  0
  6  7  1  0  0  0
  7 12  2  0  0  0
  7  8  1  0  0  0
  8  9  2  0  0  0
  8 13  1  0  0  0
  9 10  1  0  0  0
 10 11  2  0  0  0
 11 12  1  0  0  0
 13 14  2  0  0  0
 15 16  1  0  0  0
 16 20  1  0  0  0
 16 17  2  0  0  0
 17 18  1  0  0  0
 18 19  1  0  0  0
 19 20  1  0  0  0
M  END
$$$$
C12c3c(C=NN1Cc4c(N=2)[s]c5c4CCC5)cccc3
  -ISIS-

 20 24  0  0  0  0  0  0  0  0  1
   -0.7165   -4.8526    4.8706  N  0  0  0  0  0
   -1.2948   -6.0484    4.3953  C  0  0  0  0  0
   -2.2636   -6.6182    5.3093  C  0  0  0  0  0
   -2.5127   -5.9645    6.5025  C  0  0  0  0  0
   -1.9337   -4.8171    6.9300  N  0  0  0  0  0
   -1.0603   -4.2988    6.1122  C  0  0  0  0  0
   -0.3658   -3.0560    6.5023  C  0  0  0  0  0
    0.5596   -2.4906    5.6375  C  0  0  0  0  0
    1.2760   -1.3503    6.0278  C  0  0  0  0  0
    1.0336   -0.7605    7.2697  C  0  0  0  0  0
    0.0856   -1.3124    8.1281  C  0  0  0  0  0
   -0.6104   -2.4614    7.7495  C  0  0  0  0  0
    0.7798   -3.1454    4.3257  C  0  0  0  0  0
    0.1845   -4.2590    4.0119  N  0  0  0  0  0
   -3.6904   -6.7851    7.4608  S  0  0  0  0  0
   -3.8456   -7.9713    6.2923  C  0  0  0  0  0
   -3.0474   -7.7862    5.1980  C  0  0  0  0  0
   -3.2318   -8.8716    4.2047  C  0  0  0  0  0
   -4.5308   -9.5703    4.7198  C  0  0  0  0  0
   -4.6868   -9.1878    6.2253  C  0  0  0  0  0
  1  6  1  0  0  0
  1 14  1  0  0  0
  1  2  1  0  0  0
  2  3  1  0  0  0
  3 17  1  0  0  0
  3  4  2  0  0  0
  4  5  1  0  0  0
  4 15  1  0  0  0
  5  6  2  0  0  0
  6  7  1  0  0  0
  7 12  2  0  0  0
  7  8  1  0  0  0
  8  9  2  0  0  0
  8 13  1  0  0  0
  9 10  1  0  0  0
 10 11  2  0  0  0
 11 12  1  0  0  0
 13 14  2  0  0  0
 15 16  1  0  0  0
 16 20  1  0  0  0
 16 17  2  0  0  0
 17 18  1  0  0  0
 18 19  1  0  0  0
 19 20  1  0  0  0
M  END
$$$$
C12c3c(C=NN1Cc4c(N=2)[s]c5c4CCC5)cccc3
  -ISIS-

 20 24  0  0  0  0  0  0  0  0  1
   -0.7165   -4.8526    4.8706  N  0  0  0  0  0
   -1.2948   -6.0484    4.3953  C  0  0  0  0  0
   -2.2636   -6.6182    5.3093  C  0  0  0  0  0
   -2.5127   -5.9645    6.5025  C  0  0  0  0  0
   -1.9337   -4.8171    6.9300  N  0  0  0  0  0
   -1.0603   -4.2988    6.1122  C  0  0  0  0  0
   -0.3658   -3.0560    6.5023  C  0  0  0  0  0
    0.5596   -2.4906    5.6375  C  0  0  0  0  0
    1.2760   -1.3503    6.0278  C  0  0  0  0  0
    1.0336   -0.7605    7.2697  C  0  0  0  0  0
    0.0856   -1.3124    8.1281  C  0  0  0  0  0
   -0.6104   -2.4614    7.7495  C  0  0  0  0  0
    0.7798   -3.1454    4.3257  C  0  0  0  0  0
    0.1845   -4.2590    4.0119  N  0  0  0  0  0
   -3.6904   -6.7851    7.4608  S  0  0  0  0  0
   -3.8456   -7.9713    6.2923  C  0  0  0  0  0
   -3.0474   -7.7862    5.1980  C  0  0  0  0  0
   -3.2318   -8.8716    4.2047  C  0  0  0  0  0
   -4.5308   -9.5703    4.7198  C  0  0  0  0  0
   -4.6868   -9.1878    6.2253  C  0  0  0  0  0
  1  6  1  0  0  0
  1 14  1  0  0  0
  1  2  1  0  0  0
  2  3  1  0  0  0
  3 17  1  0  0  0
  3  4  2  0  0  0
  4  5  1  0  0  0
  4 15  1  0  0  0
  5  6  2  0  0  0
  6  7  1  0  0  0
  7 12  2  0  0  0
  7  8  1  0  0  0
  8  9  2  0  0  0
  8 13  1  0  0  0
  9 10  1  0  0  0
 10 11  2  0  0  0
 11 12  1  0  0  0
 13 14  2  0  0  0
 15 16  1  0  0  0
 16 20  1  0  0  0
 16 17  2  0  0  0
 17 18  1  0  0  0
 18 19  1  0  0  0
 19 20  1  0  0  0
M  END
$$$$
C12c3c(C=NN1Cc4c(N=2)[s]c5c4CCC5)cccc3
  -ISIS-

 20 24  0  0  0  0  0  0  0  0  1
   -3.9856    3.2945   -1.9334  N  0  0  0  0  0
   -4.3094    3.0605   -3.2857  C  0  0  0  0  0
   -5.2806    3.9924   -3.8128  C  0  0  0  0  0
   -5.7689    4.9785   -2.9720  C  0  0  0  0  0
   -5.4301    5.1761   -1.6739  N  0  0  0  0  0
   -4.5577    4.3386   -1.1924  C  0  0  0  0  0
   -4.1226    4.4704    0.2144  C  0  0  0  0  0
   -3.1894    3.5774    0.7275  C  0  0  0  0  0
   -2.7653    3.6813    2.0575  C  0  0  0  0  0
   -3.2819    4.6904    2.8718  C  0  0  0  0  0
   -4.2174    5.5895    2.3607  C  0  0  0  0  0
   -4.6392    5.4820    1.0343  C  0  0  0  0  0
   -2.6725    2.5286   -0.1723  C  0  0  0  0  0
   -3.0620    2.4210   -1.4065  N  0  0  0  0  0
   -6.9159    5.9959   -3.7620  S  0  0  0  0  0
   -6.7443    5.1250   -5.1791  C  0  0  0  0  0
   -5.8561    4.0887   -5.0971  C  0  0  0  0  0
   -5.7592    3.3611   -6.3860  C  0  0  0  0  0
   -6.4778    4.3375   -7.3713  C  0  0  0  0  0
   -7.3830    5.2707   -6.5077  C  0  0  0  0  0
  1  6  1  0  0  0
  1 14  1  0  0  0
  1  2  1  0  0  0
  2  3  1  0  0  0
  3 17  1  0  0  0
  3  4  2  0  0  0
  4  5  1  0  0  0
  4 15  1  0  0  0
  5  6  2  0  0  0
  6  7  1  0  0  0
  7 12  2  0  0  0
  7  8  1  0  0  0
  8  9  2  0  0  0
  8 13  1  0  0  0
  9 10  1  0  0  0
 10 11  2  0  0  0
 11 12  1  0  0  0
 13 14  2  0  0  0
 15 16  1  0  0  0
 16 20  1  0  0  0
 16 17  2  0  0  0
 17 18  1  0  0  0
 18 19  1  0  0  0
 19 20  1  0  0  0
M  END
$$$$
C12c3c(C=NN1Cc4c(N=2)[s]c5c4CCC5)cccc3
  -ISIS-

 20 24  0  0  0  0  0  0  0  0  1
   -3.9856    3.2945   -1.9334  N  0  0  0  0  0
   -4.3094    3.0605   -3.2857  C  0  0  0  0  0
   -5.2806    3.9924   -3.8128  C  0  0  0  0  0
   -5.7689    4.9785   -2.9720  C  0  0  0  0  0
   -5.4301    5.1761   -1.6739  N  0  0  0  0  0
   -4.5577    4.3386   -1.1924  C  0  0  0  0  0
   -4.1226    4.4704    0.2144  C  0  0  0  0  0
   -3.1894    3.5774    0.7275  C  0  0  0  0  0
   -2.7653    3.6813    2.0575  C  0  0  0  0  0
   -3.2819    4.6904    2.8718  C  0  0  0  0  0
   -4.2174    5.5895    2.3607  C  0  0  0  0  0
   -4.6392    5.4820    1.0343  C  0  0  0  0  0
   -2.6725    2.5286   -0.1723  C  0  0  0  0  0
   -3.0620    2.4210   -1.4065  N  0  0  0  0  0
   -6.9159    5.9959   -3.7620  S  0  0  0  0  0
   -6.7443    5.1250   -5.1791  C  0  0  0  0  0
   -5.8561    4.0887   -5.0971  C  0  0  0  0  0
   -5.7592    3.3611   -6.3860  C  0  0  0  0  0
   -6.4778    4.3375   -7.3713  C  0  0  0  0  0
   -7.3830    5.2707   -6.5077  C  0  0  0  0  0
  1  6  1  0  0  0
  1 14  1  0  0  0
  1  2  1  0  0  0
  2  3  1  0  0  0
  3 17  1  0  0  0
  3  4  2  0  0  0
  4  5  1  0  0  0
  4 15  1  0  0  0
  5  6  2  0  0  0
  6  7  1  0  0  0
  7 12  2  0  0  0
  7  8  1  0  0  0
  8  9  2  0  0  0
  8 13  1  0  0  0
  9 10  1  0  0  0
 10 11  2  0  0  0
 11 12  1  0  0  0
 13 14  2  0  0  0
 15 16  1  0  0  0
 16 20  1  0  0  0
 16 17  2  0  0  0
 17 18  1  0  0  0
 18 19  1  0  0  0
 19 20  1  0  0  0
M  END
$$$$
C12c3c(C=NN1Cc4c(N=2)[s]c5c4CCC5)cccc3
  -ISIS-

 20 24  0  0  0  0  0  0  0  0  1
    0.2306   -5.7901    4.0909  N  0  0  0  0  0
    0.5962   -6.6247    3.0128  C  0  0  0  0  0
    1.2399   -7.8524    3.4328  C  0  0  0  0  0
    1.7456   -8.9258    2.6691  C  0  0  0  0  0
    2.2860   -9.9030    3.4576  C  0  0  0  0  0
    2.2093   -9.5799    5.0965  S  0  0  0  0  0
    1.4241   -8.0748    4.7853  C  0  0  0  0  0
    1.0542   -7.2526    5.7961  N  0  0  0  0  0
    0.4732   -6.1456    5.4264  C  0  0  0  0  0
    0.0189   -5.1951    6.4648  C  0  0  0  0  0
    0.1779   -5.5036    7.8246  C  0  0  0  0  0
   -0.2945   -4.6291    8.8028  C  0  0  0  0  0
   -0.9359   -3.4517    8.4279  C  0  0  0  0  0
   -1.0939   -3.1409    7.0751  C  0  0  0  0  0
   -0.5971   -4.0067    6.0897  C  0  0  0  0  0
   -0.7205   -3.7434    4.6425  C  0  0  0  0  0
   -0.3524   -4.5904    3.7336  N  0  0  0  0  0
    2.8350  -11.0517    2.7018  C  0  0  0  0  0
    2.2343  -10.7856    1.2856  C  0  0  0  0  0
    1.8499   -9.2724    1.2311  C  0  0  0  0  0
  1  9  1  0  0  0
  1 17  1  0  0  0
  1  2  1  0  0  0
  2  3  1  0  0  0
  3  7  2  0  0  0
  3  4  1  0  0  0
  4 20  1  0  0  0
  4  5  2  0  0  0
  5  6  1  0  0  0
  5 18  1  0  0  0
  6  7  1  0  0  0
  7  8  1  0  0  0
  8  9  2  0  0  0
  9 10  1  0  0  0
 10 15  2  0  0  0
 10 11  1  0  0  0
 11 12  2  0  0  0
 12 13  1  0  0  0
 13 14  2  0  0  0
 14 15  1  0  0  0
 15 16  1  0  0  0
 16 17  2  0  0  0
 18 19  1  0  0  0
 19 20  1  0  0  0
M  END
$$$$
C12c3c(C=NN1Cc4c(N=2)[s]c5c4CCC5)cccc3
  -ISIS-

 20 24  0  0  0  0  0  0  0  0  1
    0.2306   -5.7901    4.0909  N  0  0  0  0  0
    0.5962   -6.6247    3.0128  C  0  0  0  0  0
    1.2399   -7.8524    3.4328  C  0  0  0  0  0
    1.7456   -8.9258    2.6691  C  0  0  0  0  0
    2.2860   -9.9030    3.4576  C  0  0  0  0  0
    2.2093   -9.5799    5.0965  S  0  0  0  0  0
    1.4241   -8.0748    4.7853  C  0  0  0  0  0
    1.0542   -7.2526    5.7961  N  0  0  0  0  0
    0.4732   -6.1456    5.4264  C  0  0  0  0  0
    0.0189   -5.1951    6.4648  C  0  0  0  0  0
    0.1779   -5.5036    7.8246  C  0  0  0  0  0
   -0.2945   -4.6291    8.8028  C  0  0  0  0  0
   -0.9359   -3.4517    8.4279  C  0  0  0  0  0
   -1.0939   -3.1409    7.0751  C  0  0  0  0  0
   -0.5971   -4.0067    6.0897  C  0  0  0  0  0
   -0.7205   -3.7434    4.6425  C  0  0  0  0  0
   -0.3524   -4.5904    3.7336  N  0  0  0  0  0
    2.8350  -11.0517    2.7018  C  0  0  0  0  0
    2.2343  -10.7856    1.2856  C  0  0  0  0  0
    1.8499   -9.2724    1.2311  C  0  0  0  0  0
  1  9  1  0  0  0
  1 17  1  0  0  0
  1  2  1  0  0  0
  2  3  1  0  0  0
  3  7  2  0  0  0
  3  4  1  0  0  0
  4 20  1  0  0  0
  4  5  2  0  0  0
  5  6  1  0  0  0
  5 18  1  0  0  0
  6  7  1  0  0  0
  7  8  1  0  0  0
  8  9  2  0  0  0
  9 10  1  0  0  0
 10 15  2  0  0  0
 10 11  1  0  0  0
 11 12  2  0  0  0
 12 13  1  0  0  0
 13 14  2  0  0  0
 14 15  1  0  0  0
 15 16  1  0  0  0
 16 17  2  0  0  0
 18 19  1  0  0  0
 19 20  1  0  0  0
M  END
$$$$
