C12C(=CNN=1)CC3C4C(C5C(CC4)CCC5)CCC3C2
  -ISIS-

 20 24  0  0  0  0  0  0  0  0  1
    4.8502   -0.7176    0.2583  C  0  0  0  0  0
    5.0113   -0.5964    1.8557  C  0  0  0  0  0
    3.8888    0.2387    2.5031  C  0  0  0  0  0
    2.4727   -0.2639    2.1959  C  0  0  0  0  0
    2.3758   -0.9480    0.8272  C  0  0  0  0  0
    3.3893   -0.3096   -0.1568  C  0  0  0  0  0
    2.9861   -0.5795   -1.6186  C  0  0  0  0  0
    1.6108    0.0303   -1.9778  C  0  0  0  0  0
    0.5891    0.0183   -0.8102  C  0  0  0  0  0
    0.9753   -1.0770    0.2078  C  0  0  0  0  0
   -0.2426   -1.2113    1.1178  C  0  0  0  0  0
   -1.4462   -0.8826    0.2161  C  0  0  0  0  0
   -0.8747   -0.4313   -1.1567  C  0  0  0  0  0
    5.1991   -1.9327    2.6222  C  0  0  0  0  0
    6.1911   -2.7665    1.9086  C  0  0  0  0  0
    6.2176   -2.8407    0.5071  C  0  0  0  0  0
    7.2707   -3.6720    0.2204  C  0  0  0  0  0
    7.7964   -4.0325    1.4317  N  0  0  0  0  0
    7.1511   -3.4900    2.4835  N  0  0  0  0  0
    5.2252   -2.1273   -0.3274  C  0  0  0  0  0
  1  6  1  0  0  0
  1 20  1  0  0  0
  1  2  1  0  0  0
  2  3  1  0  0  0
  2 14  1  0  0  0
  3  4  1  0  0  0
  4  5  1  0  0  0
  5 10  1  0  0  0
  5  6  1  0  0  0
  6  7  1  0  0  0
  7  8  1  0  0  0
  8  9  1  0  0  0
  9 13  1  0  0  0
  9 10  1  0  0  0
 10 11  1  0  0  0
 11 12  1  0  0  0
 12 13  1  0  0  0
 14 15  1  0  0  0
 15 19  2  0  0  0
 15 16  1  0  0  0
 16 17  2  0  0  0
 16 20  1  0  0  0
 17 18  1  0  0  0
 18 19  1  0  0  0
M  END
$$$$
C12C(=CNN=1)CC3C4C(C5C(CC4)CCC5)CCC3C2
  -ISIS-

 20 24  0  0  0  0  0  0  0  0  1
    4.8502   -0.7176    0.2583  C  0  0  0  0  0
    5.0113   -0.5964    1.8557  C  0  0  0  0  0
    3.8888    0.2387    2.5031  C  0  0  0  0  0
    2.4727   -0.2639    2.1959  C  0  0  0  0  0
    2.3758   -0.9480    0.8272  C  0  0  0  0  0
    3.3893   -0.3096   -0.1568  C  0  0  0  0  0
    2.9861   -0.5795   -1.6186  C  0  0  0  0  0
    1.6108    0.0303   -1.9778  C  0  0  0  0  0
    0.5891    0.0183   -0.8102  C  0  0  0  0  0
    0.9753   -1.0770    0.2078  C  0  0  0  0  0
   -0.2426   -1.2113    1.1178  C  0  0  0  0  0
   -1.4462   -0.8826    0.2161  C  0  0  0  0  0
   -0.8747   -0.4313   -1.1567  C  0  0  0  0  0
    5.1991   -1.9327    2.6222  C  0  0  0  0  0
    6.1911   -2.7665    1.9086  C  0  0  0  0  0
    6.2176   -2.8407    0.5071  C  0  0  0  0  0
    7.2707   -3.6720    0.2204  C  0  0  0  0  0
    7.7964   -4.0325    1.4317  N  0  0  0  0  0
    7.1511   -3.4900    2.4835  N  0  0  0  0  0
    5.2252   -2.1273   -0.3274  C  0  0  0  0  0
  1  6  1  0  0  0
  1 20  1  0  0  0
  1  2  1  0  0  0
  2  3  1  0  0  0
  2 14  1  0  0  0
  3  4  1  0  0  0
  4  5  1  0  0  0
  5 10  1  0  0  0
  5  6  1  0  0  0
  6  7  1  0  0  0
  7  8  1  0  0  0
  8  9  1  0  0  0
  9 13  1  0  0  0
  9 10  1  0  0  0
 10 11  1  0  0  0
 11 12  1  0  0  0
 12 13  1  0  0  0
 14 15  1  0  0  0
 15 19  2  0  0  0
 15 16  1  0  0  0
 16 17  2  0  0  0
 16 20  1  0  0  0
 17 18  1  0  0  0
 18 19  1  0  0  0
M  END
$$$$
C12C(=CNN=1)CC3C4C(C5C(CC4)CCC5)CCC3C2
  -ISIS-

 20 24  0  0  0  0  0  0  0  0  1
    4.8502   -0.7176    0.2583  C  0  0  0  0  0
    5.0113   -0.5964    1.8557  C  0  0  0  0  0
    3.8888    0.2387    2.5031  C  0  0  0  0  0
    2.4727   -0.2639    2.1959  C  0  0  0  0  0
    2.3758   -0.9480    0.8272  C  0  0  0  0  0
    3.3893   -0.3096   -0.1568  C  0  0  0  0  0
    2.9861   -0.5795   -1.6186  C  0  0  0  0  0
    1.6108    0.0303   -1.9778  C  0  0  0  0  0
    0.5891    0.0183   -0.8102  C  0  0  0  0  0
    0.9753   -1.0770    0.2078  C  0  0  0  0  0
   -0.2426   -1.2113    1.1178  C  0  0  0  0  0
   -1.4462   -0.8826    0.2161  C  0  0  0  0  0
   -0.8747   -0.4313   -1.1567  C  0  0  0  0  0
    5.1991   -1.9327    2.6222  C  0  0  0  0  0
    6.1911   -2.7665    1.9086  C  0  0  0  0  0
    6.2176   -2.8407    0.5071  C  0  0  0  0  0
    7.2707   -3.6720    0.2204  C  0  0  0  0  0
    7.7964   -4.0325    1.4317  N  0  0  0  0  0
    7.1511   -3.4900    2.4835  N  0  0  0  0  0
    5.2252   -2.1273   -0.3274  C  0  0  0  0  0
  1  6  1  0  0  0
  1 20  1  0  0  0
  1  2  1  0  0  0
  2  3  1  0  0  0
  2 14  1  0  0  0
  3  4  1  0  0  0
  4  5  1  0  0  0
  5 10  1  0  0  0
  5  6  1  0  0  0
  6  7  1  0  0  0
  7  8  1  0  0  0
  8  9  1  0  0  0
  9 13  1  0  0  0
  9 10  1  0  0  0
 10 11  1  0  0  0
 11 12  1  0  0  0
 12 13  1  0  0  0
 14 15  1  0  0  0
 15 19  2  0  0  0
 15 16  1  0  0  0
 16 17  2  0  0  0
 16 20  1  0  0  0
 17 18  1  0  0  0
 18 19  1  0  0  0
M  END
$$$$
