c12c(ccnc1)CCO2
  -ISIS-

  9 10  0  0  0  0  0  0  0  0  1
   -1.1383   -4.0018   -4.2490  C  0  0  0  0  0
   -2.4558   -4.2098   -3.8910  C  0  0  0  0  0
   -2.8061   -5.3417   -3.1837  C  0  0  0  0  0
   -1.8566   -6.2765   -2.8284  C  0  0  0  0  0
   -0.5457   -6.0197   -3.2215  C  0  0  0  0  0
   -0.1829   -4.9075   -3.9216  N  0  0  0  0  0
   -4.2574   -5.3032   -2.9378  C  0  0  0  0  0
   -4.6322   -3.9980   -3.6138  C  0  0  0  0  0
   -3.5214   -3.3731   -4.1716  O  0  0  0  0  0
  1  6  2  0  0  0
  1  2  1  0  0  0
  2  9  1  0  0  0
  2  3  2  0  0  0
  3  4  1  0  0  0
  3  7  1  0  0  0
  4  5  2  0  0  0
  5  6  1  0  0  0
  7  8  1  0  0  0
  8  9  1  0  0  0
M  END
$$$$
c12c(ccnc1)CCO2
  -ISIS-

  9 10  0  0  0  0  0  0  0  0  1
   -1.1383   -4.0018   -4.2490  C  0  0  0  0  0
   -2.4558   -4.2098   -3.8910  C  0  0  0  0  0
   -2.8061   -5.3417   -3.1837  C  0  0  0  0  0
   -1.8566   -6.2765   -2.8284  C  0  0  0  0  0
   -0.5457   -6.0197   -3.2215  C  0  0  0  0  0
   -0.1829   -4.9075   -3.9216  N  0  0  0  0  0
   -4.2574   -5.3032   -2.9378  C  0  0  0  0  0
   -4.6322   -3.9980   -3.6138  C  0  0  0  0  0
   -3.5214   -3.3731   -4.1716  O  0  0  0  0  0
  1  6  2  0  0  0
  1  2  1  0  0  0
  2  9  1  0  0  0
  2  3  2  0  0  0
  3  4  1  0  0  0
  3  7  1  0  0  0
  4  5  2  0  0  0
  5  6  1  0  0  0
  7  8  1  0  0  0
  8  9  1  0  0  0
M  END
$$$$
c12c(ccnc1)CCO2
  -ISIS-

  9 10  0  0  0  0  0  0  0  0  1
   -1.1383   -4.0018   -4.2490  C  0  0  0  0  0
   -2.4558   -4.2098   -3.8910  C  0  0  0  0  0
   -2.8061   -5.3417   -3.1837  C  0  0  0  0  0
   -1.8566   -6.2765   -2.8284  C  0  0  0  0  0
   -0.5457   -6.0197   -3.2215  C  0  0  0  0  0
   -0.1829   -4.9075   -3.9216  N  0  0  0  0  0
   -4.2574   -5.3032   -2.9378  C  0  0  0  0  0
   -4.6322   -3.9980   -3.6138  C  0  0  0  0  0
   -3.5214   -3.3731   -4.1716  O  0  0  0  0  0
  1  6  2  0  0  0
  1  2  1  0  0  0
  2  9  1  0  0  0
  2  3  2  0  0  0
  3  4  1  0  0  0
  3  7  1  0  0  0
  4  5  2  0  0  0
  5  6  1  0  0  0
  7  8  1  0  0  0
  8  9  1  0  0  0
M  END
$$$$
