C12c3c(N=CN1CNN=2)[s]cc3
  -ISIS-

 12 14  0  0  0  0  0  0  0  0  1
    2.6967    5.7971   -3.0783  C  0  0  0  0  0
    2.2740    6.3937   -1.8437  C  0  0  0  0  0
    1.2336    7.3283   -1.5440  C  0  0  0  0  0
    1.2132    7.6260   -0.1934  C  0  0  0  0  0
    2.4250    6.7954    0.6840  S  0  0  0  0  0
    2.9997    6.0215   -0.7226  C  0  0  0  0  0
    4.0542    5.1542   -0.6746  N  0  0  0  0  0
    4.3886    4.6465   -1.8218  C  0  0  0  0  0
    3.7488    4.9372   -3.0174  N  0  0  0  0  0
    3.9367    4.5224   -4.3246  C  0  0  0  0  0
    2.9592    5.1812   -5.0719  N  0  0  0  0  0
    2.1893    5.9820   -4.2606  N  0  0  0  0  0
  1 12  2  0  0  0
  1  9  1  0  0  0
  1  2  1  0  0  0
  2  6  2  0  0  0
  2  3  1  0  0  0
  3  4  2  0  0  0
  4  5  1  0  0  0
  5  6  1  0  0  0
  6  7  1  0  0  0
  7  8  2  0  0  0
  8  9  1  0  0  0
  9 10  1  0  0  0
 10 11  1  0  0  0
 11 12  1  0  0  0
M  END
$$$$
C12c3c(N=CN1CNN=2)[s]cc3
  -ISIS-

 12 14  0  0  0  0  0  0  0  0  1
    2.6967    5.7971   -3.0783  C  0  0  0  0  0
    2.2740    6.3937   -1.8437  C  0  0  0  0  0
    1.2336    7.3283   -1.5440  C  0  0  0  0  0
    1.2132    7.6260   -0.1934  C  0  0  0  0  0
    2.4250    6.7954    0.6840  S  0  0  0  0  0
    2.9997    6.0215   -0.7226  C  0  0  0  0  0
    4.0542    5.1542   -0.6746  N  0  0  0  0  0
    4.3886    4.6465   -1.8218  C  0  0  0  0  0
    3.7488    4.9372   -3.0174  N  0  0  0  0  0
    3.9367    4.5224   -4.3246  C  0  0  0  0  0
    2.9592    5.1812   -5.0719  N  0  0  0  0  0
    2.1893    5.9820   -4.2606  N  0  0  0  0  0
  1 12  2  0  0  0
  1  9  1  0  0  0
  1  2  1  0  0  0
  2  6  2  0  0  0
  2  3  1  0  0  0
  3  4  2  0  0  0
  4  5  1  0  0  0
  5  6  1  0  0  0
  6  7  1  0  0  0
  7  8  2  0  0  0
  8  9  1  0  0  0
  9 10  1  0  0  0
 10 11  1  0  0  0
 11 12  1  0  0  0
M  END
$$$$
C12c3c(N=CN1CNN=2)[s]cc3
  -ISIS-

 12 14  0  0  0  0  0  0  0  0  1
   -4.0630   -1.7847    2.0818  C  0  0  0  0  0
   -2.8868   -2.4428    2.5741  C  0  0  0  0  0
   -1.5033   -2.0829    2.5277  C  0  0  0  0  0
   -0.7247   -3.0382    3.1556  C  0  0  0  0  0
   -1.6489   -4.3335    3.7851  S  0  0  0  0  0
   -3.1067   -3.6439    3.2308  C  0  0  0  0  0
   -4.3084   -4.2564    3.4469  N  0  0  0  0  0
   -5.3344   -3.6138    2.9777  C  0  0  0  0  0
   -5.2533   -2.4035    2.3053  N  0  0  0  0  0
   -6.1956   -1.5636    1.7374  C  0  0  0  0  0
   -5.4739   -0.4922    1.2090  N  0  0  0  0  0
   -4.1279   -0.6554    1.4415  N  0  0  0  0  0
  1 12  2  0  0  0
  1  9  1  0  0  0
  1  2  1  0  0  0
  2  6  2  0  0  0
  2  3  1  0  0  0
  3  4  2  0  0  0
  4  5  1  0  0  0
  5  6  1  0  0  0
  6  7  1  0  0  0
  7  8  2  0  0  0
  8  9  1  0  0  0
  9 10  1  0  0  0
 10 11  1  0  0  0
 11 12  1  0  0  0
M  END
$$$$
C12c3c(N=CN1CNN=2)[s]cc3
  -ISIS-

 12 14  0  0  0  0  0  0  0  0  1
   -4.0630   -1.7847    2.0818  C  0  0  0  0  0
   -2.8868   -2.4428    2.5741  C  0  0  0  0  0
   -1.5033   -2.0829    2.5277  C  0  0  0  0  0
   -0.7247   -3.0382    3.1556  C  0  0  0  0  0
   -1.6489   -4.3335    3.7851  S  0  0  0  0  0
   -3.1067   -3.6439    3.2308  C  0  0  0  0  0
   -4.3084   -4.2564    3.4469  N  0  0  0  0  0
   -5.3344   -3.6138    2.9777  C  0  0  0  0  0
   -5.2533   -2.4035    2.3053  N  0  0  0  0  0
   -6.1956   -1.5636    1.7374  C  0  0  0  0  0
   -5.4739   -0.4922    1.2090  N  0  0  0  0  0
   -4.1279   -0.6554    1.4415  N  0  0  0  0  0
  1 12  2  0  0  0
  1  9  1  0  0  0
  1  2  1  0  0  0
  2  6  2  0  0  0
  2  3  1  0  0  0
  3  4  2  0  0  0
  4  5  1  0  0  0
  5  6  1  0  0  0
  6  7  1  0  0  0
  7  8  2  0  0  0
  8  9  1  0  0  0
  9 10  1  0  0  0
 10 11  1  0  0  0
 11 12  1  0  0  0
M  END
$$$$
C12c3c(N=CN1CNN=2)[s]cc3
  -ISIS-

 12 14  0  0  0  0  0  0  0  0  1
    6.9515    0.2222   -0.6516  C  0  0  0  0  0
    6.6349    0.3825    0.7387  C  0  0  0  0  0
    6.4569   -0.5693    1.7915  C  0  0  0  0  0
    6.1700    0.0660    2.9862  C  0  0  0  0  0
    6.1209    1.7696    2.8329  S  0  0  0  0  0
    6.4814    1.6918    1.1680  C  0  0  0  0  0
    6.5927    2.8246    0.4128  N  0  0  0  0  0
    6.8796    2.6151   -0.8360  C  0  0  0  0  0
    7.0623    1.3578   -1.3920  N  0  0  0  0  0
    7.3684    0.9146   -2.6671  C  0  0  0  0  0
    7.4136   -0.4777   -2.5801  N  0  0  0  0  0
    7.1478   -0.8900   -1.2950  N  0  0  0  0  0
  1 12  2  0  0  0
  1  9  1  0  0  0
  1  2  1  0  0  0
  2  6  2  0  0  0
  2  3  1  0  0  0
  3  4  2  0  0  0
  4  5  1  0  0  0
  5  6  1  0  0  0
  6  7  1  0  0  0
  7  8  2  0  0  0
  8  9  1  0  0  0
  9 10  1  0  0  0
 10 11  1  0  0  0
 11 12  1  0  0  0
M  END
$$$$
C12c3c(N=CN1CNN=2)[s]cc3
  -ISIS-

 12 14  0  0  0  0  0  0  0  0  1
    6.9515    0.2222   -0.6516  C  0  0  0  0  0
    6.6349    0.3825    0.7387  C  0  0  0  0  0
    6.4569   -0.5693    1.7915  C  0  0  0  0  0
    6.1700    0.0660    2.9862  C  0  0  0  0  0
    6.1209    1.7696    2.8329  S  0  0  0  0  0
    6.4814    1.6918    1.1680  C  0  0  0  0  0
    6.5927    2.8246    0.4128  N  0  0  0  0  0
    6.8796    2.6151   -0.8360  C  0  0  0  0  0
    7.0623    1.3578   -1.3920  N  0  0  0  0  0
    7.3684    0.9146   -2.6671  C  0  0  0  0  0
    7.4136   -0.4777   -2.5801  N  0  0  0  0  0
    7.1478   -0.8900   -1.2950  N  0  0  0  0  0
  1 12  2  0  0  0
  1  9  1  0  0  0
  1  2  1  0  0  0
  2  6  2  0  0  0
  2  3  1  0  0  0
  3  4  2  0  0  0
  4  5  1  0  0  0
  5  6  1  0  0  0
  6  7  1  0  0  0
  7  8  2  0  0  0
  8  9  1  0  0  0
  9 10  1  0  0  0
 10 11  1  0  0  0
 11 12  1  0  0  0
M  END
$$$$
C12c3c(N=CN1CNN=2)[s]cc3
  -ISIS-

 12 14  0  0  0  0  0  0  0  0  1
    0.7732    3.3306   -2.9406  C  0  0  0  0  0
   -0.2122    2.8275   -3.8543  C  0  0  0  0  0
   -1.0911    3.4898   -4.7681  C  0  0  0  0  0
   -1.8652    2.5742   -5.4576  C  0  0  0  0  0
   -1.5316    0.9569   -5.0093  S  0  0  0  0  0
   -0.3475    1.4480   -3.8847  C  0  0  0  0  0
    0.3461    0.5358   -3.1410  N  0  0  0  0  0
    1.2215    1.0516   -2.3325  C  0  0  0  0  0
    1.4582    2.4122   -2.2074  N  0  0  0  0  0
    2.3236    3.1616   -1.4293  C  0  0  0  0  0
    2.0764    4.4928   -1.7685  N  0  0  0  0  0
    1.0928    4.5722   -2.7269  N  0  0  0  0  0
  1 12  2  0  0  0
  1  9  1  0  0  0
  1  2  1  0  0  0
  2  6  2  0  0  0
  2  3  1  0  0  0
  3  4  2  0  0  0
  4  5  1  0  0  0
  5  6  1  0  0  0
  6  7  1  0  0  0
  7  8  2  0  0  0
  8  9  1  0  0  0
  9 10  1  0  0  0
 10 11  1  0  0  0
 11 12  1  0  0  0
M  END
$$$$
C12c3c(N=CN1CNN=2)[s]cc3
  -ISIS-

 12 14  0  0  0  0  0  0  0  0  1
    0.7732    3.3306   -2.9406  C  0  0  0  0  0
   -0.2122    2.8275   -3.8543  C  0  0  0  0  0
   -1.0911    3.4898   -4.7681  C  0  0  0  0  0
   -1.8652    2.5742   -5.4576  C  0  0  0  0  0
   -1.5316    0.9569   -5.0093  S  0  0  0  0  0
   -0.3475    1.4480   -3.8847  C  0  0  0  0  0
    0.3461    0.5358   -3.1410  N  0  0  0  0  0
    1.2215    1.0516   -2.3325  C  0  0  0  0  0
    1.4582    2.4122   -2.2074  N  0  0  0  0  0
    2.3236    3.1616   -1.4293  C  0  0  0  0  0
    2.0764    4.4928   -1.7685  N  0  0  0  0  0
    1.0928    4.5722   -2.7269  N  0  0  0  0  0
  1 12  2  0  0  0
  1  9  1  0  0  0
  1  2  1  0  0  0
  2  6  2  0  0  0
  2  3  1  0  0  0
  3  4  2  0  0  0
  4  5  1  0  0  0
  5  6  1  0  0  0
  6  7  1  0  0  0
  7  8  2  0  0  0
  8  9  1  0  0  0
  9 10  1  0  0  0
 10 11  1  0  0  0
 11 12  1  0  0  0
M  END
$$$$
C12c3c(N=CN1CNN=2)[s]cc3
  -ISIS-

 12 14  0  0  0  0  0  0  0  0  1
   -3.3320    3.5662   -1.9371  C  0  0  0  0  0
   -3.4735    2.6349   -3.0194  C  0  0  0  0  0
   -4.6237    2.0057   -3.5912  C  0  0  0  0  0
   -4.2604    1.1622   -4.6254  C  0  0  0  0  0
   -2.5703    1.1339   -4.8917  S  0  0  0  0  0
   -2.2911    2.2485   -3.6316  C  0  0  0  0  0
   -1.0276    2.6627   -3.3181  N  0  0  0  0  0
   -0.9644    3.5050   -2.3320  C  0  0  0  0  0
   -2.0688    3.9690   -1.6333  N  0  0  0  0  0
   -2.2271    4.8450   -0.5733  C  0  0  0  0  0
   -3.6004    4.8948   -0.3291  N  0  0  0  0  0
   -4.2764    4.0763   -1.2040  N  0  0  0  0  0
  1 12  2  0  0  0
  1  9  1  0  0  0
  1  2  1  0  0  0
  2  6  2  0  0  0
  2  3  1  0  0  0
  3  4  2  0  0  0
  4  5  1  0  0  0
  5  6  1  0  0  0
  6  7  1  0  0  0
  7  8  2  0  0  0
  8  9  1  0  0  0
  9 10  1  0  0  0
 10 11  1  0  0  0
 11 12  1  0  0  0
M  END
$$$$
C12c3c(N=CN1CNN=2)[s]cc3
  -ISIS-

 12 14  0  0  0  0  0  0  0  0  1
   -3.3320    3.5662   -1.9371  C  0  0  0  0  0
   -3.4735    2.6349   -3.0194  C  0  0  0  0  0
   -4.6237    2.0057   -3.5912  C  0  0  0  0  0
   -4.2604    1.1622   -4.6254  C  0  0  0  0  0
   -2.5703    1.1339   -4.8917  S  0  0  0  0  0
   -2.2911    2.2485   -3.6316  C  0  0  0  0  0
   -1.0276    2.6627   -3.3181  N  0  0  0  0  0
   -0.9644    3.5050   -2.3320  C  0  0  0  0  0
   -2.0688    3.9690   -1.6333  N  0  0  0  0  0
   -2.2271    4.8450   -0.5733  C  0  0  0  0  0
   -3.6004    4.8948   -0.3291  N  0  0  0  0  0
   -4.2764    4.0763   -1.2040  N  0  0  0  0  0
  1 12  2  0  0  0
  1  9  1  0  0  0
  1  2  1  0  0  0
  2  6  2  0  0  0
  2  3  1  0  0  0
  3  4  2  0  0  0
  4  5  1  0  0  0
  5  6  1  0  0  0
  6  7  1  0  0  0
  7  8  2  0  0  0
  8  9  1  0  0  0
  9 10  1  0  0  0
 10 11  1  0  0  0
 11 12  1  0  0  0
M  END
$$$$
C12c3c(N=CN1CNN=2)[s]cc3
  -ISIS-

 12 14  0  0  0  0  0  0  0  0  1
    2.9203   -3.3184   -3.3390  C  0  0  0  0  0
    1.6699   -3.7982   -3.8540  C  0  0  0  0  0
    0.4838   -3.1139   -4.2674  C  0  0  0  0  0
   -0.4819   -4.0114   -4.6857  C  0  0  0  0  0
    0.0372   -5.6383   -4.5767  S  0  0  0  0  0
    1.5621   -5.1756   -3.9697  C  0  0  0  0  0
    2.5120   -6.1054   -3.6545  N  0  0  0  0  0
    3.6209   -5.6104   -3.1951  C  0  0  0  0  0
    3.8568   -4.2542   -3.0269  N  0  0  0  0  0
    4.9377   -3.5250   -2.5623  C  0  0  0  0  0
    4.5489   -2.1867   -2.6394  N  0  0  0  0  0
    3.2689   -2.0834   -3.1323  N  0  0  0  0  0
  1 12  2  0  0  0
  1  9  1  0  0  0
  1  2  1  0  0  0
  2  6  2  0  0  0
  2  3  1  0  0  0
  3  4  2  0  0  0
  4  5  1  0  0  0
  5  6  1  0  0  0
  6  7  1  0  0  0
  7  8  2  0  0  0
  8  9  1  0  0  0
  9 10  1  0  0  0
 10 11  1  0  0  0
 11 12  1  0  0  0
M  END
$$$$
C12c3c(N=CN1CNN=2)[s]cc3
  -ISIS-

 12 14  0  0  0  0  0  0  0  0  1
    2.9203   -3.3184   -3.3390  C  0  0  0  0  0
    1.6699   -3.7982   -3.8540  C  0  0  0  0  0
    0.4838   -3.1139   -4.2674  C  0  0  0  0  0
   -0.4819   -4.0114   -4.6857  C  0  0  0  0  0
    0.0372   -5.6383   -4.5767  S  0  0  0  0  0
    1.5621   -5.1756   -3.9697  C  0  0  0  0  0
    2.5120   -6.1054   -3.6545  N  0  0  0  0  0
    3.6209   -5.6104   -3.1951  C  0  0  0  0  0
    3.8568   -4.2542   -3.0269  N  0  0  0  0  0
    4.9377   -3.5250   -2.5623  C  0  0  0  0  0
    4.5489   -2.1867   -2.6394  N  0  0  0  0  0
    3.2689   -2.0834   -3.1323  N  0  0  0  0  0
  1 12  2  0  0  0
  1  9  1  0  0  0
  1  2  1  0  0  0
  2  6  2  0  0  0
  2  3  1  0  0  0
  3  4  2  0  0  0
  4  5  1  0  0  0
  5  6  1  0  0  0
  6  7  1  0  0  0
  7  8  2  0  0  0
  8  9  1  0  0  0
  9 10  1  0  0  0
 10 11  1  0  0  0
 11 12  1  0  0  0
M  END
$$$$
C12c3c(N=CN1CNN=2)[s]cc3
  -ISIS-

 12 14  0  0  0  0  0  0  0  0  1
   -0.6421    2.4388   -5.6406  N  0  0  0  0  0
   -1.3864    2.5518   -6.8085  C  0  0  0  0  0
   -1.9110    1.5349   -7.4260  N  0  0  0  0  0
   -1.6698    0.3217   -6.8497  C  0  0  0  0  0
   -2.2683   -1.1187   -7.5233  S  0  0  0  0  0
   -1.5694   -2.0779   -6.2867  C  0  0  0  0  0
   -0.8767   -1.3160   -5.3546  C  0  0  0  0  0
   -0.9434    0.0762   -5.6989  C  0  0  0  0  0
   -0.3962    1.2367   -5.0581  C  0  0  0  0  0
    0.3216    1.2633   -3.9715  N  0  0  0  0  0
    0.5619    2.6042   -3.7917  N  0  0  0  0  0
   -0.0100    3.3613   -4.8300  C  0  0  0  0  0
  1  9  1  0  0  0
  1 12  1  0  0  0
  1  2  1  0  0  0
  2  3  2  0  0  0
  3  4  1  0  0  0
  4  8  2  0  0  0
  4  5  1  0  0  0
  5  6  1  0  0  0
  6  7  2  0  0  0
  7  8  1  0  0  0
  8  9  1  0  0  0
  9 10  2  0  0  0
 10 11  1  0  0  0
 11 12  1  0  0  0
M  END
$$$$
C12c3c(N=CN1CNN=2)[s]cc3
  -ISIS-

 12 14  0  0  0  0  0  0  0  0  1
   -0.6421    2.4388   -5.6406  N  0  0  0  0  0
   -1.3864    2.5518   -6.8085  C  0  0  0  0  0
   -1.9110    1.5349   -7.4260  N  0  0  0  0  0
   -1.6698    0.3217   -6.8497  C  0  0  0  0  0
   -2.2683   -1.1187   -7.5233  S  0  0  0  0  0
   -1.5694   -2.0779   -6.2867  C  0  0  0  0  0
   -0.8767   -1.3160   -5.3546  C  0  0  0  0  0
   -0.9434    0.0762   -5.6989  C  0  0  0  0  0
   -0.3962    1.2367   -5.0581  C  0  0  0  0  0
    0.3216    1.2633   -3.9715  N  0  0  0  0  0
    0.5619    2.6042   -3.7917  N  0  0  0  0  0
   -0.0100    3.3613   -4.8300  C  0  0  0  0  0
  1  9  1  0  0  0
  1 12  1  0  0  0
  1  2  1  0  0  0
  2  3  2  0  0  0
  3  4  1  0  0  0
  4  8  2  0  0  0
  4  5  1  0  0  0
  5  6  1  0  0  0
  6  7  2  0  0  0
  7  8  1  0  0  0
  8  9  1  0  0  0
  9 10  2  0  0  0
 10 11  1  0  0  0
 11 12  1  0  0  0
M  END
$$$$
C12c3c(N=CN1CNN=2)[s]cc3
  -ISIS-

 12 14  0  0  0  0  0  0  0  0  1
   -0.6421    2.4388   -5.6406  N  0  0  0  0  0
   -1.3864    2.5518   -6.8085  C  0  0  0  0  0
   -1.9110    1.5349   -7.4260  N  0  0  0  0  0
   -1.6698    0.3217   -6.8497  C  0  0  0  0  0
   -2.2683   -1.1187   -7.5233  S  0  0  0  0  0
   -1.5694   -2.0779   -6.2867  C  0  0  0  0  0
   -0.8767   -1.3160   -5.3546  C  0  0  0  0  0
   -0.9434    0.0762   -5.6989  C  0  0  0  0  0
   -0.3962    1.2367   -5.0581  C  0  0  0  0  0
    0.3216    1.2633   -3.9715  N  0  0  0  0  0
    0.5619    2.6042   -3.7917  N  0  0  0  0  0
   -0.0100    3.3613   -4.8300  C  0  0  0  0  0
  1  9  1  0  0  0
  1 12  1  0  0  0
  1  2  1  0  0  0
  2  3  2  0  0  0
  3  4  1  0  0  0
  4  8  2  0  0  0
  4  5  1  0  0  0
  5  6  1  0  0  0
  6  7  2  0  0  0
  7  8  1  0  0  0
  8  9  1  0  0  0
  9 10  2  0  0  0
 10 11  1  0  0  0
 11 12  1  0  0  0
M  END
$$$$
C12c3c(N=CN1CNN=2)[s]cc3
  -ISIS-

 12 14  0  0  0  0  0  0  0  0  1
   -0.6421    2.4388   -5.6406  N  0  0  0  0  0
   -1.3864    2.5518   -6.8085  C  0  0  0  0  0
   -1.9110    1.5349   -7.4260  N  0  0  0  0  0
   -1.6698    0.3217   -6.8497  C  0  0  0  0  0
   -2.2683   -1.1187   -7.5233  S  0  0  0  0  0
   -1.5694   -2.0779   -6.2867  C  0  0  0  0  0
   -0.8767   -1.3160   -5.3546  C  0  0  0  0  0
   -0.9434    0.0762   -5.6989  C  0  0  0  0  0
   -0.3962    1.2367   -5.0581  C  0  0  0  0  0
    0.3216    1.2633   -3.9715  N  0  0  0  0  0
    0.5619    2.6042   -3.7917  N  0  0  0  0  0
   -0.0100    3.3613   -4.8300  C  0  0  0  0  0
  1  9  1  0  0  0
  1 12  1  0  0  0
  1  2  1  0  0  0
  2  3  2  0  0  0
  3  4  1  0  0  0
  4  8  2  0  0  0
  4  5  1  0  0  0
  5  6  1  0  0  0
  6  7  2  0  0  0
  7  8  1  0  0  0
  8  9  1  0  0  0
  9 10  2  0  0  0
 10 11  1  0  0  0
 11 12  1  0  0  0
M  END
$$$$
C12c3c(N=CN1CNN=2)[s]cc3
  -ISIS-

 12 14  0  0  0  0  0  0  0  0  1
   -0.6421    2.4388   -5.6406  N  0  0  0  0  0
   -1.3864    2.5518   -6.8085  C  0  0  0  0  0
   -1.9110    1.5349   -7.4260  N  0  0  0  0  0
   -1.6698    0.3217   -6.8497  C  0  0  0  0  0
   -2.2683   -1.1187   -7.5233  S  0  0  0  0  0
   -1.5694   -2.0779   -6.2867  C  0  0  0  0  0
   -0.8767   -1.3160   -5.3546  C  0  0  0  0  0
   -0.9434    0.0762   -5.6989  C  0  0  0  0  0
   -0.3962    1.2367   -5.0581  C  0  0  0  0  0
    0.3216    1.2633   -3.9715  N  0  0  0  0  0
    0.5619    2.6042   -3.7917  N  0  0  0  0  0
   -0.0100    3.3613   -4.8300  C  0  0  0  0  0
  1  9  1  0  0  0
  1 12  1  0  0  0
  1  2  1  0  0  0
  2  3  2  0  0  0
  3  4  1  0  0  0
  4  8  2  0  0  0
  4  5  1  0  0  0
  5  6  1  0  0  0
  6  7  2  0  0  0
  7  8  1  0  0  0
  8  9  1  0  0  0
  9 10  2  0  0  0
 10 11  1  0  0  0
 11 12  1  0  0  0
M  END
$$$$
