C12c3c4c([s]c3NCN1N=CCN=2)COCC4
  -ISIS-

 17 20  0  0  0  0  0  0  0  0  1
    0.1479   -3.6704    3.4661  N  0  0  0  0  0
    1.4938   -3.4145    3.7175  N  0  0  0  0  0
    2.1387   -2.7313    2.8232  C  0  0  0  0  0
    1.4453   -2.2376    1.5689  C  0  0  0  0  0
    0.1204   -2.5133    1.3578  N  0  0  0  0  0
   -0.4585   -3.1987    2.2883  C  0  0  0  0  0
   -1.8595   -3.5244    2.1297  C  0  0  0  0  0
   -2.4616   -4.2521    3.1157  C  0  0  0  0  0
   -4.0830   -4.6067    2.8643  S  0  0  0  0  0
   -4.0464   -3.7826    1.3682  C  0  0  0  0  0
   -2.8037   -3.2332    1.0931  C  0  0  0  0  0
   -2.5856   -2.4818   -0.1859  C  0  0  0  0  0
   -3.9386   -2.0962   -0.8460  C  0  0  0  0  0
   -4.8564   -3.2125   -0.8098  O  0  0  0  0  0
   -5.2540   -3.6571    0.4995  C  0  0  0  0  0
   -1.8520   -4.6949    4.2470  N  0  0  0  0  0
   -0.5196   -4.4210    4.4671  C  0  0  0  0  0
  1  6  1  0  0  0
  1 17  1  0  0  0
  1  2  1  0  0  0
  2  3  2  0  0  0
  3  4  1  0  0  0
  4  5  1  0  0  0
  5  6  2  0  0  0
  6  7  1  0  0  0
  7 11  1  0  0  0
  7  8  2  0  0  0
  8  9  1  0  0  0
  8 16  1  0  0  0
  9 10  1  0  0  0
 10 15  1  0  0  0
 10 11  2  0  0  0
 11 12  1  0  0  0
 12 13  1  0  0  0
 13 14  1  0  0  0
 14 15  1  0  0  0
 16 17  1  0  0  0
M  END
$$$$
C12c3c4c([s]c3NCN1N=CCN=2)COCC4
  -ISIS-

 17 20  0  0  0  0  0  0  0  0  1
    0.1479   -3.6704    3.4661  N  0  0  0  0  0
    1.4938   -3.4145    3.7175  N  0  0  0  0  0
    2.1387   -2.7313    2.8232  C  0  0  0  0  0
    1.4453   -2.2376    1.5689  C  0  0  0  0  0
    0.1204   -2.5133    1.3578  N  0  0  0  0  0
   -0.4585   -3.1987    2.2883  C  0  0  0  0  0
   -1.8595   -3.5244    2.1297  C  0  0  0  0  0
   -2.4616   -4.2521    3.1157  C  0  0  0  0  0
   -4.0830   -4.6067    2.8643  S  0  0  0  0  0
   -4.0464   -3.7826    1.3682  C  0  0  0  0  0
   -2.8037   -3.2332    1.0931  C  0  0  0  0  0
   -2.5856   -2.4818   -0.1859  C  0  0  0  0  0
   -3.9386   -2.0962   -0.8460  C  0  0  0  0  0
   -4.8564   -3.2125   -0.8098  O  0  0  0  0  0
   -5.2540   -3.6571    0.4995  C  0  0  0  0  0
   -1.8520   -4.6949    4.2470  N  0  0  0  0  0
   -0.5196   -4.4210    4.4671  C  0  0  0  0  0
  1  6  1  0  0  0
  1 17  1  0  0  0
  1  2  1  0  0  0
  2  3  2  0  0  0
  3  4  1  0  0  0
  4  5  1  0  0  0
  5  6  2  0  0  0
  6  7  1  0  0  0
  7 11  1  0  0  0
  7  8  2  0  0  0
  8  9  1  0  0  0
  8 16  1  0  0  0
  9 10  1  0  0  0
 10 15  1  0  0  0
 10 11  2  0  0  0
 11 12  1  0  0  0
 12 13  1  0  0  0
 13 14  1  0  0  0
 14 15  1  0  0  0
 16 17  1  0  0  0
M  END
$$$$
C12c3c4c([s]c3NCN1N=CCN=2)COCC4
  -ISIS-

 17 20  0  0  0  0  0  0  0  0  1
    0.1479   -3.6704    3.4661  N  0  0  0  0  0
    1.4938   -3.4145    3.7175  N  0  0  0  0  0
    2.1387   -2.7313    2.8232  C  0  0  0  0  0
    1.4453   -2.2376    1.5689  C  0  0  0  0  0
    0.1204   -2.5133    1.3578  N  0  0  0  0  0
   -0.4585   -3.1987    2.2883  C  0  0  0  0  0
   -1.8595   -3.5244    2.1297  C  0  0  0  0  0
   -2.4616   -4.2521    3.1157  C  0  0  0  0  0
   -4.0830   -4.6067    2.8643  S  0  0  0  0  0
   -4.0464   -3.7826    1.3682  C  0  0  0  0  0
   -2.8037   -3.2332    1.0931  C  0  0  0  0  0
   -2.5856   -2.4818   -0.1859  C  0  0  0  0  0
   -3.9386   -2.0962   -0.8460  C  0  0  0  0  0
   -4.8564   -3.2125   -0.8098  O  0  0  0  0  0
   -5.2540   -3.6571    0.4995  C  0  0  0  0  0
   -1.8520   -4.6949    4.2470  N  0  0  0  0  0
   -0.5196   -4.4210    4.4671  C  0  0  0  0  0
  1  6  1  0  0  0
  1 17  1  0  0  0
  1  2  1  0  0  0
  2  3  2  0  0  0
  3  4  1  0  0  0
  4  5  1  0  0  0
  5  6  2  0  0  0
  6  7  1  0  0  0
  7 11  1  0  0  0
  7  8  2  0  0  0
  8  9  1  0  0  0
  8 16  1  0  0  0
  9 10  1  0  0  0
 10 15  1  0  0  0
 10 11  2  0  0  0
 11 12  1  0  0  0
 12 13  1  0  0  0
 13 14  1  0  0  0
 14 15  1  0  0  0
 16 17  1  0  0  0
M  END
$$$$
C12c3c4c([s]c3NCN1N=CCN=2)COCC4
  -ISIS-

 17 20  0  0  0  0  0  0  0  0  1
    0.1479   -3.6704    3.4661  N  0  0  0  0  0
    1.4938   -3.4145    3.7175  N  0  0  0  0  0
    2.1387   -2.7313    2.8232  C  0  0  0  0  0
    1.4453   -2.2376    1.5689  C  0  0  0  0  0
    0.1204   -2.5133    1.3578  N  0  0  0  0  0
   -0.4585   -3.1987    2.2883  C  0  0  0  0  0
   -1.8595   -3.5244    2.1297  C  0  0  0  0  0
   -2.4616   -4.2521    3.1157  C  0  0  0  0  0
   -4.0830   -4.6067    2.8643  S  0  0  0  0  0
   -4.0464   -3.7826    1.3682  C  0  0  0  0  0
   -2.8037   -3.2332    1.0931  C  0  0  0  0  0
   -2.5856   -2.4818   -0.1859  C  0  0  0  0  0
   -3.9386   -2.0962   -0.8460  C  0  0  0  0  0
   -4.8564   -3.2125   -0.8098  O  0  0  0  0  0
   -5.2540   -3.6571    0.4995  C  0  0  0  0  0
   -1.8520   -4.6949    4.2470  N  0  0  0  0  0
   -0.5196   -4.4210    4.4671  C  0  0  0  0  0
  1  6  1  0  0  0
  1 17  1  0  0  0
  1  2  1  0  0  0
  2  3  2  0  0  0
  3  4  1  0  0  0
  4  5  1  0  0  0
  5  6  2  0  0  0
  6  7  1  0  0  0
  7 11  1  0  0  0
  7  8  2  0  0  0
  8  9  1  0  0  0
  8 16  1  0  0  0
  9 10  1  0  0  0
 10 15  1  0  0  0
 10 11  2  0  0  0
 11 12  1  0  0  0
 12 13  1  0  0  0
 13 14  1  0  0  0
 14 15  1  0  0  0
 16 17  1  0  0  0
M  END
$$$$
C12c3c4c([s]c3NCN1N=CCN=2)COCC4
  -ISIS-

 17 20  0  0  0  0  0  0  0  0  1
   -4.9467    2.0678   -1.6866  N  0  0  0  0  0
   -5.3481    2.2068   -3.0132  N  0  0  0  0  0
   -6.5915    1.9523   -3.2802  C  0  0  0  0  0
   -7.5517    1.5233   -2.1886  C  0  0  0  0  0
   -7.1173    1.3992   -0.8957  N  0  0  0  0  0
   -5.8681    1.6687   -0.7022  C  0  0  0  0  0
   -5.3427    1.5585    0.6417  C  0  0  0  0  0
   -4.0234    1.8508    0.8375  C  0  0  0  0  0
   -3.4812    1.7169    2.4206  S  0  0  0  0  0
   -5.0446    1.2564    2.9327  C  0  0  0  0  0
   -5.9508    1.1925    1.8855  C  0  0  0  0  0
   -7.3768    0.8142    2.1532  C  0  0  0  0  0
   -7.5289    0.1604    3.5548  C  0  0  0  0  0
   -6.7773    0.9001    4.5435  O  0  0  0  0  0
   -5.3510    0.9293    4.3567  C  0  0  0  0  0
   -3.1526    2.2335   -0.1333  N  0  0  0  0  0
   -3.5813    2.3584   -1.4369  C  0  0  0  0  0
  1  6  1  0  0  0
  1 17  1  0  0  0
  1  2  1  0  0  0
  2  3  2  0  0  0
  3  4  1  0  0  0
  4  5  1  0  0  0
  5  6  2  0  0  0
  6  7  1  0  0  0
  7 11  1  0  0  0
  7  8  2  0  0  0
  8  9  1  0  0  0
  8 16  1  0  0  0
  9 10  1  0  0  0
 10 15  1  0  0  0
 10 11  2  0  0  0
 11 12  1  0  0  0
 12 13  1  0  0  0
 13 14  1  0  0  0
 14 15  1  0  0  0
 16 17  1  0  0  0
M  END
$$$$
C12c3c4c([s]c3NCN1N=CCN=2)COCC4
  -ISIS-

 17 20  0  0  0  0  0  0  0  0  1
   -4.9467    2.0678   -1.6866  N  0  0  0  0  0
   -5.3481    2.2068   -3.0132  N  0  0  0  0  0
   -6.5915    1.9523   -3.2802  C  0  0  0  0  0
   -7.5517    1.5233   -2.1886  C  0  0  0  0  0
   -7.1173    1.3992   -0.8957  N  0  0  0  0  0
   -5.8681    1.6687   -0.7022  C  0  0  0  0  0
   -5.3427    1.5585    0.6417  C  0  0  0  0  0
   -4.0234    1.8508    0.8375  C  0  0  0  0  0
   -3.4812    1.7169    2.4206  S  0  0  0  0  0
   -5.0446    1.2564    2.9327  C  0  0  0  0  0
   -5.9508    1.1925    1.8855  C  0  0  0  0  0
   -7.3768    0.8142    2.1532  C  0  0  0  0  0
   -7.5289    0.1604    3.5548  C  0  0  0  0  0
   -6.7773    0.9001    4.5435  O  0  0  0  0  0
   -5.3510    0.9293    4.3567  C  0  0  0  0  0
   -3.1526    2.2335   -0.1333  N  0  0  0  0  0
   -3.5813    2.3584   -1.4369  C  0  0  0  0  0
  1  6  1  0  0  0
  1 17  1  0  0  0
  1  2  1  0  0  0
  2  3  2  0  0  0
  3  4  1  0  0  0
  4  5  1  0  0  0
  5  6  2  0  0  0
  6  7  1  0  0  0
  7 11  1  0  0  0
  7  8  2  0  0  0
  8  9  1  0  0  0
  8 16  1  0  0  0
  9 10  1  0  0  0
 10 15  1  0  0  0
 10 11  2  0  0  0
 11 12  1  0  0  0
 12 13  1  0  0  0
 13 14  1  0  0  0
 14 15  1  0  0  0
 16 17  1  0  0  0
M  END
$$$$
C12c3c4c([s]c3NCN1N=CCN=2)COCC4
  -ISIS-

 17 20  0  0  0  0  0  0  0  0  1
   -4.9467    2.0678   -1.6866  N  0  0  0  0  0
   -5.3481    2.2068   -3.0132  N  0  0  0  0  0
   -6.5915    1.9523   -3.2802  C  0  0  0  0  0
   -7.5517    1.5233   -2.1886  C  0  0  0  0  0
   -7.1173    1.3992   -0.8957  N  0  0  0  0  0
   -5.8681    1.6687   -0.7022  C  0  0  0  0  0
   -5.3427    1.5585    0.6417  C  0  0  0  0  0
   -4.0234    1.8508    0.8375  C  0  0  0  0  0
   -3.4812    1.7169    2.4206  S  0  0  0  0  0
   -5.0446    1.2564    2.9327  C  0  0  0  0  0
   -5.9508    1.1925    1.8855  C  0  0  0  0  0
   -7.3768    0.8142    2.1532  C  0  0  0  0  0
   -7.5289    0.1604    3.5548  C  0  0  0  0  0
   -6.7773    0.9001    4.5435  O  0  0  0  0  0
   -5.3510    0.9293    4.3567  C  0  0  0  0  0
   -3.1526    2.2335   -0.1333  N  0  0  0  0  0
   -3.5813    2.3584   -1.4369  C  0  0  0  0  0
  1  6  1  0  0  0
  1 17  1  0  0  0
  1  2  1  0  0  0
  2  3  2  0  0  0
  3  4  1  0  0  0
  4  5  1  0  0  0
  5  6  2  0  0  0
  6  7  1  0  0  0
  7 11  1  0  0  0
  7  8  2  0  0  0
  8  9  1  0  0  0
  8 16  1  0  0  0
  9 10  1  0  0  0
 10 15  1  0  0  0
 10 11  2  0  0  0
 11 12  1  0  0  0
 12 13  1  0  0  0
 13 14  1  0  0  0
 14 15  1  0  0  0
 16 17  1  0  0  0
M  END
$$$$
C12c3c4c([s]c3NCN1N=CCN=2)COCC4
  -ISIS-

 17 20  0  0  0  0  0  0  0  0  1
   -4.9467    2.0678   -1.6866  N  0  0  0  0  0
   -5.3481    2.2068   -3.0132  N  0  0  0  0  0
   -6.5915    1.9523   -3.2802  C  0  0  0  0  0
   -7.5517    1.5233   -2.1886  C  0  0  0  0  0
   -7.1173    1.3992   -0.8957  N  0  0  0  0  0
   -5.8681    1.6687   -0.7022  C  0  0  0  0  0
   -5.3427    1.5585    0.6417  C  0  0  0  0  0
   -4.0234    1.8508    0.8375  C  0  0  0  0  0
   -3.4812    1.7169    2.4206  S  0  0  0  0  0
   -5.0446    1.2564    2.9327  C  0  0  0  0  0
   -5.9508    1.1925    1.8855  C  0  0  0  0  0
   -7.3768    0.8142    2.1532  C  0  0  0  0  0
   -7.5289    0.1604    3.5548  C  0  0  0  0  0
   -6.7773    0.9001    4.5435  O  0  0  0  0  0
   -5.3510    0.9293    4.3567  C  0  0  0  0  0
   -3.1526    2.2335   -0.1333  N  0  0  0  0  0
   -3.5813    2.3584   -1.4369  C  0  0  0  0  0
  1  6  1  0  0  0
  1 17  1  0  0  0
  1  2  1  0  0  0
  2  3  2  0  0  0
  3  4  1  0  0  0
  4  5  1  0  0  0
  5  6  2  0  0  0
  6  7  1  0  0  0
  7 11  1  0  0  0
  7  8  2  0  0  0
  8  9  1  0  0  0
  8 16  1  0  0  0
  9 10  1  0  0  0
 10 15  1  0  0  0
 10 11  2  0  0  0
 11 12  1  0  0  0
 12 13  1  0  0  0
 13 14  1  0  0  0
 14 15  1  0  0  0
 16 17  1  0  0  0
M  END
$$$$
C12c3c4c([s]c3NCN1N=CCN=2)COCC4
  -ISIS-

 17 20  0  0  0  0  0  0  0  0  1
   -0.3695    2.7719    6.5976  N  0  0  0  0  0
   -1.6726    3.2460    6.4657  N  0  0  0  0  0
   -1.9696    3.8458    5.3548  C  0  0  0  0  0
   -0.9367    4.0124    4.2579  C  0  0  0  0  0
    0.3353    3.5341    4.4281  N  0  0  0  0  0
    0.5612    2.9496    5.5586  C  0  0  0  0  0
    1.8849    2.4187    5.8039  C  0  0  0  0  0
    2.1153    1.8061    7.0022  C  0  0  0  0  0
    3.6735    1.2237    7.2279  S  0  0  0  0  0
    4.1265    1.7946    5.6828  C  0  0  0  0  0
    3.0776    2.4035    5.0114  C  0  0  0  0  0
    3.2978    2.9745    3.6426  C  0  0  0  0  0
    4.6129    2.4334    3.0157  C  0  0  0  0  0
    5.6825    2.4515    3.9879  O  0  0  0  0  0
    5.5026    1.6035    5.1361  C  0  0  0  0  0
    1.1961    1.6458    7.9905  N  0  0  0  0  0
   -0.0859    2.1237    7.8266  C  0  0  0  0  0
  1  6  1  0  0  0
  1 17  1  0  0  0
  1  2  1  0  0  0
  2  3  2  0  0  0
  3  4  1  0  0  0
  4  5  1  0  0  0
  5  6  2  0  0  0
  6  7  1  0  0  0
  7 11  1  0  0  0
  7  8  2  0  0  0
  8  9  1  0  0  0
  8 16  1  0  0  0
  9 10  1  0  0  0
 10 15  1  0  0  0
 10 11  2  0  0  0
 11 12  1  0  0  0
 12 13  1  0  0  0
 13 14  1  0  0  0
 14 15  1  0  0  0
 16 17  1  0  0  0
M  END
$$$$
C12c3c4c([s]c3NCN1N=CCN=2)COCC4
  -ISIS-

 17 20  0  0  0  0  0  0  0  0  1
   -0.3695    2.7719    6.5976  N  0  0  0  0  0
   -1.6726    3.2460    6.4657  N  0  0  0  0  0
   -1.9696    3.8458    5.3548  C  0  0  0  0  0
   -0.9367    4.0124    4.2579  C  0  0  0  0  0
    0.3353    3.5341    4.4281  N  0  0  0  0  0
    0.5612    2.9496    5.5586  C  0  0  0  0  0
    1.8849    2.4187    5.8039  C  0  0  0  0  0
    2.1153    1.8061    7.0022  C  0  0  0  0  0
    3.6735    1.2237    7.2279  S  0  0  0  0  0
    4.1265    1.7946    5.6828  C  0  0  0  0  0
    3.0776    2.4035    5.0114  C  0  0  0  0  0
    3.2978    2.9745    3.6426  C  0  0  0  0  0
    4.6129    2.4334    3.0157  C  0  0  0  0  0
    5.6825    2.4515    3.9879  O  0  0  0  0  0
    5.5026    1.6035    5.1361  C  0  0  0  0  0
    1.1961    1.6458    7.9905  N  0  0  0  0  0
   -0.0859    2.1237    7.8266  C  0  0  0  0  0
  1  6  1  0  0  0
  1 17  1  0  0  0
  1  2  1  0  0  0
  2  3  2  0  0  0
  3  4  1  0  0  0
  4  5  1  0  0  0
  5  6  2  0  0  0
  6  7  1  0  0  0
  7 11  1  0  0  0
  7  8  2  0  0  0
  8  9  1  0  0  0
  8 16  1  0  0  0
  9 10  1  0  0  0
 10 15  1  0  0  0
 10 11  2  0  0  0
 11 12  1  0  0  0
 12 13  1  0  0  0
 13 14  1  0  0  0
 14 15  1  0  0  0
 16 17  1  0  0  0
M  END
$$$$
C12c3c4c([s]c3NCN1N=CCN=2)COCC4
  -ISIS-

 17 20  0  0  0  0  0  0  0  0  1
   -0.3695    2.7719    6.5976  N  0  0  0  0  0
   -1.6726    3.2460    6.4657  N  0  0  0  0  0
   -1.9696    3.8458    5.3548  C  0  0  0  0  0
   -0.9367    4.0124    4.2579  C  0  0  0  0  0
    0.3353    3.5341    4.4281  N  0  0  0  0  0
    0.5612    2.9496    5.5586  C  0  0  0  0  0
    1.8849    2.4187    5.8039  C  0  0  0  0  0
    2.1153    1.8061    7.0022  C  0  0  0  0  0
    3.6735    1.2237    7.2279  S  0  0  0  0  0
    4.1265    1.7946    5.6828  C  0  0  0  0  0
    3.0776    2.4035    5.0114  C  0  0  0  0  0
    3.2978    2.9745    3.6426  C  0  0  0  0  0
    4.6129    2.4334    3.0157  C  0  0  0  0  0
    5.6825    2.4515    3.9879  O  0  0  0  0  0
    5.5026    1.6035    5.1361  C  0  0  0  0  0
    1.1961    1.6458    7.9905  N  0  0  0  0  0
   -0.0859    2.1237    7.8266  C  0  0  0  0  0
  1  6  1  0  0  0
  1 17  1  0  0  0
  1  2  1  0  0  0
  2  3  2  0  0  0
  3  4  1  0  0  0
  4  5  1  0  0  0
  5  6  2  0  0  0
  6  7  1  0  0  0
  7 11  1  0  0  0
  7  8  2  0  0  0
  8  9  1  0  0  0
  8 16  1  0  0  0
  9 10  1  0  0  0
 10 15  1  0  0  0
 10 11  2  0  0  0
 11 12  1  0  0  0
 12 13  1  0  0  0
 13 14  1  0  0  0
 14 15  1  0  0  0
 16 17  1  0  0  0
M  END
$$$$
C12c3c4c([s]c3NCN1N=CCN=2)COCC4
  -ISIS-

 17 20  0  0  0  0  0  0  0  0  1
   -0.3695    2.7719    6.5976  N  0  0  0  0  0
   -1.6726    3.2460    6.4657  N  0  0  0  0  0
   -1.9696    3.8458    5.3548  C  0  0  0  0  0
   -0.9367    4.0124    4.2579  C  0  0  0  0  0
    0.3353    3.5341    4.4281  N  0  0  0  0  0
    0.5612    2.9496    5.5586  C  0  0  0  0  0
    1.8849    2.4187    5.8039  C  0  0  0  0  0
    2.1153    1.8061    7.0022  C  0  0  0  0  0
    3.6735    1.2237    7.2279  S  0  0  0  0  0
    4.1265    1.7946    5.6828  C  0  0  0  0  0
    3.0776    2.4035    5.0114  C  0  0  0  0  0
    3.2978    2.9745    3.6426  C  0  0  0  0  0
    4.6129    2.4334    3.0157  C  0  0  0  0  0
    5.6825    2.4515    3.9879  O  0  0  0  0  0
    5.5026    1.6035    5.1361  C  0  0  0  0  0
    1.1961    1.6458    7.9905  N  0  0  0  0  0
   -0.0859    2.1237    7.8266  C  0  0  0  0  0
  1  6  1  0  0  0
  1 17  1  0  0  0
  1  2  1  0  0  0
  2  3  2  0  0  0
  3  4  1  0  0  0
  4  5  1  0  0  0
  5  6  2  0  0  0
  6  7  1  0  0  0
  7 11  1  0  0  0
  7  8  2  0  0  0
  8  9  1  0  0  0
  8 16  1  0  0  0
  9 10  1  0  0  0
 10 15  1  0  0  0
 10 11  2  0  0  0
 11 12  1  0  0  0
 12 13  1  0  0  0
 13 14  1  0  0  0
 14 15  1  0  0  0
 16 17  1  0  0  0
M  END
$$$$
