C12CC(CCC1)CCCC2
  -ISIS-

 10 11  0  0  0  0  0  0  0  0  1
   -2.4947    2.6576   -0.1416  C  0  0  0  0  0
   -2.1104    3.0840   -1.5344  C  0  0  0  0  0
   -2.1122    4.5813   -1.3991  C  0  0  0  0  0
   -0.9156    4.8743   -0.4118  C  0  0  0  0  0
   -0.7939    3.8924    0.8328  C  0  0  0  0  0
   -1.2935    2.4185    0.6788  C  0  0  0  0  0
   -0.5081    1.3102   -0.0773  C  0  0  0  0  0
   -1.4115    0.3194   -0.9061  C  0  0  0  0  0
   -1.9350    0.7701   -2.3200  C  0  0  0  0  0
   -2.7662    2.0959   -2.4491  C  0  0  0  0  0
  1  6  1  0  0  0
  1  2  1  0  0  0
  2 10  1  0  0  0
  2  3  1  0  0  0
  3  4  1  0  0  0
  4  5  1  0  0  0
  5  6  1  0  0  0
  6  7  1  0  0  0
  7  8  1  0  0  0
  8  9  1  0  0  0
  9 10  1  0  0  0
M  END
$$$$
