c12c(cc[c]3[c]1cccn3)NCCC2
  -ISIS-

 14 16  0  0  0  0  0  0  0  0  1
   -2.5920    5.4773   -2.8823  C  0  0  0  0  0
   -1.8326    5.5721   -1.6756  C  0  0  0  0  0
   -0.5489    5.0131   -1.4930  C  0  0  0  0  0
    0.1263    5.1521   -0.2851  C  0  0  0  0  0
   -0.4976    5.8507    0.7251  C  0  0  0  0  0
   -1.7233    6.3991    0.6058  N  0  0  0  0  0
   -2.3734    6.2575   -0.5610  C  0  0  0  0  0
   -3.6411    6.8066   -0.6600  C  0  0  0  0  0
   -4.3999    6.7035   -1.8249  C  0  0  0  0  0
   -3.8716    6.0508   -2.9313  C  0  0  0  0  0
   -4.6593    5.9380   -4.0788  N  0  0  0  0  0
   -4.2215    5.4426   -5.2742  C  0  0  0  0  0
   -2.7388    5.2204   -5.4000  C  0  0  0  0  0
   -2.0977    4.7158   -4.1047  C  0  0  0  0  0
  1 10  2  0  0  0
  1 14  1  0  0  0
  1  2  1  0  0  0
  2  7  2  0  0  0
  2  3  1  0  0  0
  3  4  2  0  0  0
  4  5  1  0  0  0
  5  6  2  0  0  0
  6  7  1  0  0  0
  7  8  1  0  0  0
  8  9  2  0  0  0
  9 10  1  0  0  0
 10 11  1  0  0  0
 11 12  1  0  0  0
 12 13  1  0  0  0
 13 14  1  0  0  0
M  END
$$$$
c12c(cc[c]3[c]1cccn3)NCCC2
  -ISIS-

 14 16  0  0  0  0  0  0  0  0  1
   -2.5920    5.4773   -2.8823  C  0  0  0  0  0
   -1.8326    5.5721   -1.6756  C  0  0  0  0  0
   -0.5489    5.0131   -1.4930  C  0  0  0  0  0
    0.1263    5.1521   -0.2851  C  0  0  0  0  0
   -0.4976    5.8507    0.7251  C  0  0  0  0  0
   -1.7233    6.3991    0.6058  N  0  0  0  0  0
   -2.3734    6.2575   -0.5610  C  0  0  0  0  0
   -3.6411    6.8066   -0.6600  C  0  0  0  0  0
   -4.3999    6.7035   -1.8249  C  0  0  0  0  0
   -3.8716    6.0508   -2.9313  C  0  0  0  0  0
   -4.6593    5.9380   -4.0788  N  0  0  0  0  0
   -4.2215    5.4426   -5.2742  C  0  0  0  0  0
   -2.7388    5.2204   -5.4000  C  0  0  0  0  0
   -2.0977    4.7158   -4.1047  C  0  0  0  0  0
  1 10  2  0  0  0
  1 14  1  0  0  0
  1  2  1  0  0  0
  2  7  2  0  0  0
  2  3  1  0  0  0
  3  4  2  0  0  0
  4  5  1  0  0  0
  5  6  2  0  0  0
  6  7  1  0  0  0
  7  8  1  0  0  0
  8  9  2  0  0  0
  9 10  1  0  0  0
 10 11  1  0  0  0
 11 12  1  0  0  0
 12 13  1  0  0  0
 13 14  1  0  0  0
M  END
$$$$
