c12c(C3OC(c4c(nccc4)S3)S1)cccn2
  -ISIS-

 17 20  0  0  0  0  0  0  0  0  1
   -0.3227    0.2381   -1.0788  C  0  0  0  0  0
   -1.4907   -0.4878   -0.9270  C  0  0  0  0  0
   -2.2751   -0.2239    0.1916  C  0  0  0  0  0
   -1.8534    0.7453    1.1001  C  0  0  0  0  0
   -0.7165    1.4706    0.9786  N  0  0  0  0  0
    0.0309    1.2198   -0.1127  C  0  0  0  0  0
    1.6052    2.1827   -0.2942  S  0  0  0  0  0
    1.8489    2.0518   -2.1381  C  0  0  0  0  0
    0.6953    1.4600   -2.6847  O  0  0  0  0  0
    0.6766    0.1487   -2.1447  C  0  0  0  0  0
    1.2685   -0.9226   -3.3591  S  0  0  0  0  0
    2.8782   -0.0099   -3.3478  C  0  0  0  0  0
    3.0395    1.2542   -2.6857  C  0  0  0  0  0
    4.3311    1.7831   -2.6100  C  0  0  0  0  0
    5.3910    1.0804   -3.1757  C  0  0  0  0  0
    5.1317   -0.1296   -3.8034  C  0  0  0  0  0
    3.9074   -0.6918   -3.8959  N  0  0  0  0  0
  1 10  1  0  0  0
  1  6  2  0  0  0
  1  2  1  0  0  0
  2  3  2  0  0  0
  3  4  1  0  0  0
  4  5  2  0  0  0
  5  6  1  0  0  0
  6  7  1  0  0  0
  7  8  1  0  0  0
  8 13  1  0  0  0
  8  9  1  0  0  0
  9 10  1  0  0  0
 10 11  1  0  0  0
 11 12  1  0  0  0
 12 17  2  0  0  0
 12 13  1  0  0  0
 13 14  2  0  0  0
 14 15  1  0  0  0
 15 16  2  0  0  0
 16 17  1  0  0  0
M  END
$$$$
c12c(C3OC(c4c(nccc4)S3)S1)cccn2
  -ISIS-

 17 20  0  0  0  0  0  0  0  0  1
   -0.5243   -0.6638   -1.0687  S  0  0  0  0  0
    0.3762   -2.2565   -1.3465  C  0  0  0  0  0
    1.8067   -2.3539   -1.2659  C  0  0  0  0  0
    2.6779   -1.2136   -0.7234  C  0  0  0  0  0
    1.7981   -0.3109   -0.0981  O  0  0  0  0  0
    0.9794    0.1759   -1.1489  C  0  0  0  0  0
    1.5448    1.4961   -1.4320  C  0  0  0  0  0
    2.9143    1.4084   -1.8047  C  0  0  0  0  0
    3.7517   -0.2435   -1.8990  S  0  0  0  0  0
    3.6489    2.4859   -2.1392  N  0  0  0  0  0
    3.0140    3.6802   -2.0795  C  0  0  0  0  0
    1.6804    3.8504   -1.7120  C  0  0  0  0  0
    0.9232    2.7310   -1.3806  C  0  0  0  0  0
    2.3932   -3.5660   -1.6406  C  0  0  0  0  0
    1.5822   -4.6155   -2.0627  C  0  0  0  0  0
    0.2079   -4.4266   -2.0968  C  0  0  0  0  0
   -0.4103   -3.2750   -1.7571  N  0  0  0  0  0
  1  6  1  0  0  0
  1  2  1  0  0  0
  2 17  2  0  0  0
  2  3  1  0  0  0
  3  4  1  0  0  0
  3 14  2  0  0  0
  4  9  1  0  0  0
  4  5  1  0  0  0
  5  6  1  0  0  0
  6  7  1  0  0  0
  7 13  2  0  0  0
  7  8  1  0  0  0
  8  9  1  0  0  0
  8 10  2  0  0  0
 10 11  1  0  0  0
 11 12  2  0  0  0
 12 13  1  0  0  0
 14 15  1  0  0  0
 15 16  2  0  0  0
 16 17  1  0  0  0
M  END
$$$$
