c12c(cc3[n]1CCC3)CCCC2
  -ISIS-

 12 14  0  0  0  0  0  0  0  0  1
    0.0674    5.5107    3.8803  C  0  0  0  0  0
    0.4230    4.1895    3.8971  C  0  0  0  0  0
    0.5212    3.7638    2.6036  N  0  0  0  0  0
    0.1984    4.7532    1.7452  C  0  0  0  0  0
   -0.0954    5.8772    2.5131  C  0  0  0  0  0
   -0.5119    7.1210    1.8844  C  0  0  0  0  0
   -0.5330    7.1315    0.3551  C  0  0  0  0  0
   -0.8075    5.7521   -0.2870  C  0  0  0  0  0
    0.1369    4.6580    0.2636  C  0  0  0  0  0
    0.8711    2.3597    2.4905  C  0  0  0  0  0
    0.6145    1.8501    3.9195  C  0  0  0  0  0
    0.7142    3.0917    4.8399  C  0  0  0  0  0
  1  5  1  0  0  0
  1  2  2  0  0  0
  2 12  1  0  0  0
  2  3  1  0  0  0
  3  4  1  0  0  0
  3 10  1  0  0  0
  4  9  1  0  0  0
  4  5  2  0  0  0
  5  6  1  0  0  0
  6  7  1  0  0  0
  7  8  1  0  0  0
  8  9  1  0  0  0
 10 11  1  0  0  0
 11 12  1  0  0  0
M  END
$$$$
c12c(cc3[n]1CCC3)CCCC2
  -ISIS-

 12 14  0  0  0  0  0  0  0  0  1
    0.0674    5.5107    3.8803  C  0  0  0  0  0
    0.4230    4.1895    3.8971  C  0  0  0  0  0
    0.5212    3.7638    2.6036  N  0  0  0  0  0
    0.1984    4.7532    1.7452  C  0  0  0  0  0
   -0.0954    5.8772    2.5131  C  0  0  0  0  0
   -0.5119    7.1210    1.8844  C  0  0  0  0  0
   -0.5330    7.1315    0.3551  C  0  0  0  0  0
   -0.8075    5.7521   -0.2870  C  0  0  0  0  0
    0.1369    4.6580    0.2636  C  0  0  0  0  0
    0.8711    2.3597    2.4905  C  0  0  0  0  0
    0.6145    1.8501    3.9195  C  0  0  0  0  0
    0.7142    3.0917    4.8399  C  0  0  0  0  0
  1  5  1  0  0  0
  1  2  2  0  0  0
  2 12  1  0  0  0
  2  3  1  0  0  0
  3  4  1  0  0  0
  3 10  1  0  0  0
  4  9  1  0  0  0
  4  5  2  0  0  0
  5  6  1  0  0  0
  6  7  1  0  0  0
  7  8  1  0  0  0
  8  9  1  0  0  0
 10 11  1  0  0  0
 11 12  1  0  0  0
M  END
$$$$
c12c(cc3[n]1CCC3)CCCC2
  -ISIS-

 12 14  0  0  0  0  0  0  0  0  1
    0.0674    5.5107    3.8803  C  0  0  0  0  0
    0.4230    4.1895    3.8971  C  0  0  0  0  0
    0.5212    3.7638    2.6036  N  0  0  0  0  0
    0.1984    4.7532    1.7452  C  0  0  0  0  0
   -0.0954    5.8772    2.5131  C  0  0  0  0  0
   -0.5119    7.1210    1.8844  C  0  0  0  0  0
   -0.5330    7.1315    0.3551  C  0  0  0  0  0
   -0.8075    5.7521   -0.2870  C  0  0  0  0  0
    0.1369    4.6580    0.2636  C  0  0  0  0  0
    0.8711    2.3597    2.4905  C  0  0  0  0  0
    0.6145    1.8501    3.9195  C  0  0  0  0  0
    0.7142    3.0917    4.8399  C  0  0  0  0  0
  1  5  1  0  0  0
  1  2  2  0  0  0
  2 12  1  0  0  0
  2  3  1  0  0  0
  3  4  1  0  0  0
  3 10  1  0  0  0
  4  9  1  0  0  0
  4  5  2  0  0  0
  5  6  1  0  0  0
  6  7  1  0  0  0
  7  8  1  0  0  0
  8  9  1  0  0  0
 10 11  1  0  0  0
 11 12  1  0  0  0
M  END
$$$$
c12c(cc3[n]1CCC3)CCCC2
  -ISIS-

 12 14  0  0  0  0  0  0  0  0  1
   -1.3846    5.7307    4.3173  C  0  0  0  0  0
   -0.2470    6.3275    4.7876  C  0  0  0  0  0
    0.4069    6.8728    3.7193  N  0  0  0  0  0
   -0.2871    6.6846    2.5777  C  0  0  0  0  0
   -1.4470    5.9966    2.9197  C  0  0  0  0  0
   -2.4507    5.6735    1.9189  C  0  0  0  0  0
   -2.1539    6.1403    0.4918  C  0  0  0  0  0
   -0.6415    6.2747    0.1475  C  0  0  0  0  0
    0.1063    7.1268    1.2153  C  0  0  0  0  0
    1.6573    7.5128    4.0822  C  0  0  0  0  0
    1.5218    7.6327    5.6103  C  0  0  0  0  0
    0.5090    6.5405    6.0362  C  0  0  0  0  0
  1  5  1  0  0  0
  1  2  2  0  0  0
  2 12  1  0  0  0
  2  3  1  0  0  0
  3  4  1  0  0  0
  3 10  1  0  0  0
  4  9  1  0  0  0
  4  5  2  0  0  0
  5  6  1  0  0  0
  6  7  1  0  0  0
  7  8  1  0  0  0
  8  9  1  0  0  0
 10 11  1  0  0  0
 11 12  1  0  0  0
M  END
$$$$
c12c(cc3[n]1CCC3)CCCC2
  -ISIS-

 12 14  0  0  0  0  0  0  0  0  1
   -1.3846    5.7307    4.3173  C  0  0  0  0  0
   -0.2470    6.3275    4.7876  C  0  0  0  0  0
    0.4069    6.8728    3.7193  N  0  0  0  0  0
   -0.2871    6.6846    2.5777  C  0  0  0  0  0
   -1.4470    5.9966    2.9197  C  0  0  0  0  0
   -2.4507    5.6735    1.9189  C  0  0  0  0  0
   -2.1539    6.1403    0.4918  C  0  0  0  0  0
   -0.6415    6.2747    0.1475  C  0  0  0  0  0
    0.1063    7.1268    1.2153  C  0  0  0  0  0
    1.6573    7.5128    4.0822  C  0  0  0  0  0
    1.5218    7.6327    5.6103  C  0  0  0  0  0
    0.5090    6.5405    6.0362  C  0  0  0  0  0
  1  5  1  0  0  0
  1  2  2  0  0  0
  2 12  1  0  0  0
  2  3  1  0  0  0
  3  4  1  0  0  0
  3 10  1  0  0  0
  4  9  1  0  0  0
  4  5  2  0  0  0
  5  6  1  0  0  0
  6  7  1  0  0  0
  7  8  1  0  0  0
  8  9  1  0  0  0
 10 11  1  0  0  0
 11 12  1  0  0  0
M  END
$$$$
c12c(cc3[n]1CCC3)CCCC2
  -ISIS-

 12 14  0  0  0  0  0  0  0  0  1
   -1.3846    5.7307    4.3173  C  0  0  0  0  0
   -0.2470    6.3275    4.7876  C  0  0  0  0  0
    0.4069    6.8728    3.7193  N  0  0  0  0  0
   -0.2871    6.6846    2.5777  C  0  0  0  0  0
   -1.4470    5.9966    2.9197  C  0  0  0  0  0
   -2.4507    5.6735    1.9189  C  0  0  0  0  0
   -2.1539    6.1403    0.4918  C  0  0  0  0  0
   -0.6415    6.2747    0.1475  C  0  0  0  0  0
    0.1063    7.1268    1.2153  C  0  0  0  0  0
    1.6573    7.5128    4.0822  C  0  0  0  0  0
    1.5218    7.6327    5.6103  C  0  0  0  0  0
    0.5090    6.5405    6.0362  C  0  0  0  0  0
  1  5  1  0  0  0
  1  2  2  0  0  0
  2 12  1  0  0  0
  2  3  1  0  0  0
  3  4  1  0  0  0
  3 10  1  0  0  0
  4  9  1  0  0  0
  4  5  2  0  0  0
  5  6  1  0  0  0
  6  7  1  0  0  0
  7  8  1  0  0  0
  8  9  1  0  0  0
 10 11  1  0  0  0
 11 12  1  0  0  0
M  END
$$$$
