c12c(SCc3[n]1ccc3)cccc2
  -ISIS-

 13 15  0  0  0  0  0  0  0  0  1
    1.9184    3.4199   -1.6014  C  0  0  0  0  0
    3.1618    2.7388   -1.3518  C  0  0  0  0  0
    3.6790    1.7073   -2.1259  C  0  0  0  0  0
    4.9026    1.3039   -1.5668  C  0  0  0  0  0
    5.1110    2.0951   -0.4624  C  0  0  0  0  0
    4.0536    2.9759   -0.3211  N  0  0  0  0  0
    3.8962    3.9540    0.6942  C  0  0  0  0  0
    4.8684    4.1107    1.6984  C  0  0  0  0  0
    4.7087    5.0745    2.6959  C  0  0  0  0  0
    3.5831    5.8873    2.7010  C  0  0  0  0  0
    2.6172    5.7351    1.7068  C  0  0  0  0  0
    2.7606    4.7703    0.6945  C  0  0  0  0  0
    1.4554    4.6918   -0.5000  S  0  0  0  0  0
  1 13  1  0  0  0
  1  2  1  0  0  0
  2  6  1  0  0  0
  2  3  2  0  0  0
  3  4  1  0  0  0
  4  5  2  0  0  0
  5  6  1  0  0  0
  6  7  1  0  0  0
  7 12  2  0  0  0
  7  8  1  0  0  0
  8  9  2  0  0  0
  9 10  1  0  0  0
 10 11  2  0  0  0
 11 12  1  0  0  0
 12 13  1  0  0  0
M  END
$$$$
