C12C=CNCC1CCCC=2
  -ISIS-

 10 11  0  0  0  0  0  0  0  0  1
    1.0210    4.7577    2.5904  C  0  0  0  0  0
    0.5737    5.2441    1.1670  C  0  0  0  0  0
    1.4970    6.4226    0.7230  C  0  0  0  0  0
    1.1278    7.0001   -0.6727  C  0  0  0  0  0
    2.0781    8.0580   -1.0269  N  0  0  0  0  0
    3.4117    7.8993   -0.6993  C  0  0  0  0  0
    3.8845    7.0087    0.1824  C  0  0  0  0  0
    2.9944    6.1220    0.9286  C  0  0  0  0  0
    3.4357    5.1467    1.7587  C  0  0  0  0  0
    2.5105    4.2568    2.5805  C  0  0  0  0  0
  1 10  1  0  0  0
  1  2  1  0  0  0
  2  3  1  0  0  0
  3  8  1  0  0  0
  3  4  1  0  0  0
  4  5  1  0  0  0
  5  6  1  0  0  0
  6  7  2  0  0  0
  7  8  1  0  0  0
  8  9  2  0  0  0
  9 10  1  0  0  0
M  END
$$$$
C12C=CNCC1CCCC=2
  -ISIS-

 10 11  0  0  0  0  0  0  0  0  1
    1.0210    4.7577    2.5904  C  0  0  0  0  0
    0.5737    5.2441    1.1670  C  0  0  0  0  0
    1.4970    6.4226    0.7230  C  0  0  0  0  0
    1.1278    7.0001   -0.6727  C  0  0  0  0  0
    2.0781    8.0580   -1.0269  N  0  0  0  0  0
    3.4117    7.8993   -0.6993  C  0  0  0  0  0
    3.8845    7.0087    0.1824  C  0  0  0  0  0
    2.9944    6.1220    0.9286  C  0  0  0  0  0
    3.4357    5.1467    1.7587  C  0  0  0  0  0
    2.5105    4.2568    2.5805  C  0  0  0  0  0
  1 10  1  0  0  0
  1  2  1  0  0  0
  2  3  1  0  0  0
  3  8  1  0  0  0
  3  4  1  0  0  0
  4  5  1  0  0  0
  5  6  1  0  0  0
  6  7  2  0  0  0
  7  8  1  0  0  0
  8  9  2  0  0  0
  9 10  1  0  0  0
M  END
$$$$
C12C=CNCC1CCCC=2
  -ISIS-

 10 11  0  0  0  0  0  0  0  0  1
    1.0210    4.7577    2.5904  C  0  0  0  0  0
    0.5737    5.2441    1.1670  C  0  0  0  0  0
    1.4970    6.4226    0.7230  C  0  0  0  0  0
    1.1278    7.0001   -0.6727  C  0  0  0  0  0
    2.0781    8.0580   -1.0269  N  0  0  0  0  0
    3.4117    7.8993   -0.6993  C  0  0  0  0  0
    3.8845    7.0087    0.1824  C  0  0  0  0  0
    2.9944    6.1220    0.9286  C  0  0  0  0  0
    3.4357    5.1467    1.7587  C  0  0  0  0  0
    2.5105    4.2568    2.5805  C  0  0  0  0  0
  1 10  1  0  0  0
  1  2  1  0  0  0
  2  3  1  0  0  0
  3  8  1  0  0  0
  3  4  1  0  0  0
  4  5  1  0  0  0
  5  6  1  0  0  0
  6  7  2  0  0  0
  7  8  1  0  0  0
  8  9  2  0  0  0
  9 10  1  0  0  0
M  END
$$$$
C12C=CNCC1CCCC=2
  -ISIS-

 10 11  0  0  0  0  0  0  0  0  1
    1.0210    4.7577    2.5904  C  0  0  0  0  0
    0.5737    5.2441    1.1670  C  0  0  0  0  0
    1.4970    6.4226    0.7230  C  0  0  0  0  0
    1.1278    7.0001   -0.6727  C  0  0  0  0  0
    2.0781    8.0580   -1.0269  N  0  0  0  0  0
    3.4117    7.8993   -0.6993  C  0  0  0  0  0
    3.8845    7.0087    0.1824  C  0  0  0  0  0
    2.9944    6.1220    0.9286  C  0  0  0  0  0
    3.4357    5.1467    1.7587  C  0  0  0  0  0
    2.5105    4.2568    2.5805  C  0  0  0  0  0
  1 10  1  0  0  0
  1  2  1  0  0  0
  2  3  1  0  0  0
  3  8  1  0  0  0
  3  4  1  0  0  0
  4  5  1  0  0  0
  5  6  1  0  0  0
  6  7  2  0  0  0
  7  8  1  0  0  0
  8  9  2  0  0  0
  9 10  1  0  0  0
M  END
$$$$
C12C=CNCC1CCCC=2
  -ISIS-

 10 11  0  0  0  0  0  0  0  0  1
    1.0210    4.7577    2.5904  C  0  0  0  0  0
    0.5737    5.2441    1.1670  C  0  0  0  0  0
    1.4970    6.4226    0.7230  C  0  0  0  0  0
    1.1278    7.0001   -0.6727  C  0  0  0  0  0
    2.0781    8.0580   -1.0269  N  0  0  0  0  0
    3.4117    7.8993   -0.6993  C  0  0  0  0  0
    3.8845    7.0087    0.1824  C  0  0  0  0  0
    2.9944    6.1220    0.9286  C  0  0  0  0  0
    3.4357    5.1467    1.7587  C  0  0  0  0  0
    2.5105    4.2568    2.5805  C  0  0  0  0  0
  1 10  1  0  0  0
  1  2  1  0  0  0
  2  3  1  0  0  0
  3  8  1  0  0  0
  3  4  1  0  0  0
  4  5  1  0  0  0
  5  6  1  0  0  0
  6  7  2  0  0  0
  7  8  1  0  0  0
  8  9  2  0  0  0
  9 10  1  0  0  0
M  END
$$$$
C12C=CNCC1CCCC=2
  -ISIS-

 10 11  0  0  0  0  0  0  0  0  1
    0.4909   -2.4807    1.2350  C  0  0  0  0  0
   -0.7580   -2.1694    0.3313  C  0  0  0  0  0
   -0.6722   -2.8007   -1.0530  C  0  0  0  0  0
    0.2633   -3.7153   -1.4032  C  0  0  0  0  0
    0.3832   -4.2655   -2.7514  C  0  0  0  0  0
    1.2537   -5.2422   -3.0359  C  0  0  0  0  0
    2.0696   -5.8653   -2.1130  N  0  0  0  0  0
    1.8363   -5.6699   -0.6817  C  0  0  0  0  0
    1.3407   -4.2189   -0.4236  C  0  0  0  0  0
    0.9670   -3.9594    1.0674  C  0  0  0  0  0
  1 10  1  0  0  0
  1  2  1  0  0  0
  2  3  1  0  0  0
  3  4  2  0  0  0
  4  9  1  0  0  0
  4  5  1  0  0  0
  5  6  2  0  0  0
  6  7  1  0  0  0
  7  8  1  0  0  0
  8  9  1  0  0  0
  9 10  1  0  0  0
M  END
$$$$
C12C=CNCC1CCCC=2
  -ISIS-

 10 11  0  0  0  0  0  0  0  0  1
    0.4909   -2.4807    1.2350  C  0  0  0  0  0
   -0.7580   -2.1694    0.3313  C  0  0  0  0  0
   -0.6722   -2.8007   -1.0530  C  0  0  0  0  0
    0.2633   -3.7153   -1.4032  C  0  0  0  0  0
    0.3832   -4.2655   -2.7514  C  0  0  0  0  0
    1.2537   -5.2422   -3.0359  C  0  0  0  0  0
    2.0696   -5.8653   -2.1130  N  0  0  0  0  0
    1.8363   -5.6699   -0.6817  C  0  0  0  0  0
    1.3407   -4.2189   -0.4236  C  0  0  0  0  0
    0.9670   -3.9594    1.0674  C  0  0  0  0  0
  1 10  1  0  0  0
  1  2  1  0  0  0
  2  3  1  0  0  0
  3  4  2  0  0  0
  4  9  1  0  0  0
  4  5  1  0  0  0
  5  6  2  0  0  0
  6  7  1  0  0  0
  7  8  1  0  0  0
  8  9  1  0  0  0
  9 10  1  0  0  0
M  END
$$$$
C12C=CNCC1CCCC=2
  -ISIS-

 10 11  0  0  0  0  0  0  0  0  1
    0.4909   -2.4807    1.2350  C  0  0  0  0  0
   -0.7580   -2.1694    0.3313  C  0  0  0  0  0
   -0.6722   -2.8007   -1.0530  C  0  0  0  0  0
    0.2633   -3.7153   -1.4032  C  0  0  0  0  0
    0.3832   -4.2655   -2.7514  C  0  0  0  0  0
    1.2537   -5.2422   -3.0359  C  0  0  0  0  0
    2.0696   -5.8653   -2.1130  N  0  0  0  0  0
    1.8363   -5.6699   -0.6817  C  0  0  0  0  0
    1.3407   -4.2189   -0.4236  C  0  0  0  0  0
    0.9670   -3.9594    1.0674  C  0  0  0  0  0
  1 10  1  0  0  0
  1  2  1  0  0  0
  2  3  1  0  0  0
  3  4  2  0  0  0
  4  9  1  0  0  0
  4  5  1  0  0  0
  5  6  2  0  0  0
  6  7  1  0  0  0
  7  8  1  0  0  0
  8  9  1  0  0  0
  9 10  1  0  0  0
M  END
$$$$
C12C=CNCC1CCCC=2
  -ISIS-

 10 11  0  0  0  0  0  0  0  0  1
    0.4909   -2.4807    1.2350  C  0  0  0  0  0
   -0.7580   -2.1694    0.3313  C  0  0  0  0  0
   -0.6722   -2.8007   -1.0530  C  0  0  0  0  0
    0.2633   -3.7153   -1.4032  C  0  0  0  0  0
    0.3832   -4.2655   -2.7514  C  0  0  0  0  0
    1.2537   -5.2422   -3.0359  C  0  0  0  0  0
    2.0696   -5.8653   -2.1130  N  0  0  0  0  0
    1.8363   -5.6699   -0.6817  C  0  0  0  0  0
    1.3407   -4.2189   -0.4236  C  0  0  0  0  0
    0.9670   -3.9594    1.0674  C  0  0  0  0  0
  1 10  1  0  0  0
  1  2  1  0  0  0
  2  3  1  0  0  0
  3  4  2  0  0  0
  4  9  1  0  0  0
  4  5  1  0  0  0
  5  6  2  0  0  0
  6  7  1  0  0  0
  7  8  1  0  0  0
  8  9  1  0  0  0
  9 10  1  0  0  0
M  END
$$$$
C12C=CNCC1CCCC=2
  -ISIS-

 10 11  0  0  0  0  0  0  0  0  1
    0.4909   -2.4807    1.2350  C  0  0  0  0  0
   -0.7580   -2.1694    0.3313  C  0  0  0  0  0
   -0.6722   -2.8007   -1.0530  C  0  0  0  0  0
    0.2633   -3.7153   -1.4032  C  0  0  0  0  0
    0.3832   -4.2655   -2.7514  C  0  0  0  0  0
    1.2537   -5.2422   -3.0359  C  0  0  0  0  0
    2.0696   -5.8653   -2.1130  N  0  0  0  0  0
    1.8363   -5.6699   -0.6817  C  0  0  0  0  0
    1.3407   -4.2189   -0.4236  C  0  0  0  0  0
    0.9670   -3.9594    1.0674  C  0  0  0  0  0
  1 10  1  0  0  0
  1  2  1  0  0  0
  2  3  1  0  0  0
  3  4  2  0  0  0
  4  9  1  0  0  0
  4  5  1  0  0  0
  5  6  2  0  0  0
  6  7  1  0  0  0
  7  8  1  0  0  0
  8  9  1  0  0  0
  9 10  1  0  0  0
M  END
$$$$
C12C=CNCC1CCCC=2
  -ISIS-

 10 11  0  0  0  0  0  0  0  0  1
    1.1927   -4.8330    4.7163  C  0  0  0  0  0
    2.5618   -5.5891    4.5220  C  0  0  0  0  0
    3.7579   -4.8474    5.1001  C  0  0  0  0  0
    3.6509   -3.7613    5.9000  C  0  0  0  0  0
    4.8049   -3.0239    6.4115  C  0  0  0  0  0
    4.6639   -2.0044    7.2685  C  0  0  0  0  0
    3.4585   -1.5669    7.7834  N  0  0  0  0  0
    2.2859   -2.4388    7.6842  C  0  0  0  0  0
    2.2943   -3.1600    6.3059  C  0  0  0  0  0
    1.0911   -4.1426    6.1220  C  0  0  0  0  0
  1 10  1  0  0  0
  1  2  1  0  0  0
  2  3  1  0  0  0
  3  4  2  0  0  0
  4  9  1  0  0  0
  4  5  1  0  0  0
  5  6  2  0  0  0
  6  7  1  0  0  0
  7  8  1  0  0  0
  8  9  1  0  0  0
  9 10  1  0  0  0
M  END
$$$$
C12C=CNCC1CCCC=2
  -ISIS-

 10 11  0  0  0  0  0  0  0  0  1
    1.1927   -4.8330    4.7163  C  0  0  0  0  0
    2.5618   -5.5891    4.5220  C  0  0  0  0  0
    3.7579   -4.8474    5.1001  C  0  0  0  0  0
    3.6509   -3.7613    5.9000  C  0  0  0  0  0
    4.8049   -3.0239    6.4115  C  0  0  0  0  0
    4.6639   -2.0044    7.2685  C  0  0  0  0  0
    3.4585   -1.5669    7.7834  N  0  0  0  0  0
    2.2859   -2.4388    7.6842  C  0  0  0  0  0
    2.2943   -3.1600    6.3059  C  0  0  0  0  0
    1.0911   -4.1426    6.1220  C  0  0  0  0  0
  1 10  1  0  0  0
  1  2  1  0  0  0
  2  3  1  0  0  0
  3  4  2  0  0  0
  4  9  1  0  0  0
  4  5  1  0  0  0
  5  6  2  0  0  0
  6  7  1  0  0  0
  7  8  1  0  0  0
  8  9  1  0  0  0
  9 10  1  0  0  0
M  END
$$$$
C12C=CNCC1CCCC=2
  -ISIS-

 10 11  0  0  0  0  0  0  0  0  1
    1.1927   -4.8330    4.7163  C  0  0  0  0  0
    2.5618   -5.5891    4.5220  C  0  0  0  0  0
    3.7579   -4.8474    5.1001  C  0  0  0  0  0
    3.6509   -3.7613    5.9000  C  0  0  0  0  0
    4.8049   -3.0239    6.4115  C  0  0  0  0  0
    4.6639   -2.0044    7.2685  C  0  0  0  0  0
    3.4585   -1.5669    7.7834  N  0  0  0  0  0
    2.2859   -2.4388    7.6842  C  0  0  0  0  0
    2.2943   -3.1600    6.3059  C  0  0  0  0  0
    1.0911   -4.1426    6.1220  C  0  0  0  0  0
  1 10  1  0  0  0
  1  2  1  0  0  0
  2  3  1  0  0  0
  3  4  2  0  0  0
  4  9  1  0  0  0
  4  5  1  0  0  0
  5  6  2  0  0  0
  6  7  1  0  0  0
  7  8  1  0  0  0
  8  9  1  0  0  0
  9 10  1  0  0  0
M  END
$$$$
C12C=CNCC1CCCC=2
  -ISIS-

 10 11  0  0  0  0  0  0  0  0  1
    1.1927   -4.8330    4.7163  C  0  0  0  0  0
    2.5618   -5.5891    4.5220  C  0  0  0  0  0
    3.7579   -4.8474    5.1001  C  0  0  0  0  0
    3.6509   -3.7613    5.9000  C  0  0  0  0  0
    4.8049   -3.0239    6.4115  C  0  0  0  0  0
    4.6639   -2.0044    7.2685  C  0  0  0  0  0
    3.4585   -1.5669    7.7834  N  0  0  0  0  0
    2.2859   -2.4388    7.6842  C  0  0  0  0  0
    2.2943   -3.1600    6.3059  C  0  0  0  0  0
    1.0911   -4.1426    6.1220  C  0  0  0  0  0
  1 10  1  0  0  0
  1  2  1  0  0  0
  2  3  1  0  0  0
  3  4  2  0  0  0
  4  9  1  0  0  0
  4  5  1  0  0  0
  5  6  2  0  0  0
  6  7  1  0  0  0
  7  8  1  0  0  0
  8  9  1  0  0  0
  9 10  1  0  0  0
M  END
$$$$
C12C=CNCC1CCCC=2
  -ISIS-

 10 11  0  0  0  0  0  0  0  0  1
    1.1927   -4.8330    4.7163  C  0  0  0  0  0
    2.5618   -5.5891    4.5220  C  0  0  0  0  0
    3.7579   -4.8474    5.1001  C  0  0  0  0  0
    3.6509   -3.7613    5.9000  C  0  0  0  0  0
    4.8049   -3.0239    6.4115  C  0  0  0  0  0
    4.6639   -2.0044    7.2685  C  0  0  0  0  0
    3.4585   -1.5669    7.7834  N  0  0  0  0  0
    2.2859   -2.4388    7.6842  C  0  0  0  0  0
    2.2943   -3.1600    6.3059  C  0  0  0  0  0
    1.0911   -4.1426    6.1220  C  0  0  0  0  0
  1 10  1  0  0  0
  1  2  1  0  0  0
  2  3  1  0  0  0
  3  4  2  0  0  0
  4  9  1  0  0  0
  4  5  1  0  0  0
  5  6  2  0  0  0
  6  7  1  0  0  0
  7  8  1  0  0  0
  8  9  1  0  0  0
  9 10  1  0  0  0
M  END
$$$$
C12C=CNCC1CCCC=2
  -ISIS-

 10 11  0  0  0  0  0  0  0  0  1
    4.4611    0.3612   -4.5412  C  0  0  0  0  0
    4.7573   -0.5633   -5.7736  C  0  0  0  0  0
    6.2280   -0.9027   -5.8999  C  0  0  0  0  0
    7.0968   -0.7792   -4.8736  C  0  0  0  0  0
    8.5397   -0.9673   -5.0163  C  0  0  0  0  0
    9.3854   -0.4170   -4.1336  C  0  0  0  0  0
    8.9988    0.3579   -3.0515  N  0  0  0  0  0
    7.5917    0.7513   -2.9041  C  0  0  0  0  0
    6.6920   -0.3994   -3.4393  C  0  0  0  0  0
    5.1723   -0.1128   -3.2394  C  0  0  0  0  0
  1 10  1  0  0  0
  1  2  1  0  0  0
  2  3  1  0  0  0
  3  4  2  0  0  0
  4  9  1  0  0  0
  4  5  1  0  0  0
  5  6  2  0  0  0
  6  7  1  0  0  0
  7  8  1  0  0  0
  8  9  1  0  0  0
  9 10  1  0  0  0
M  END
$$$$
C12C=CNCC1CCCC=2
  -ISIS-

 10 11  0  0  0  0  0  0  0  0  1
    4.4611    0.3612   -4.5412  C  0  0  0  0  0
    4.7573   -0.5633   -5.7736  C  0  0  0  0  0
    6.2280   -0.9027   -5.8999  C  0  0  0  0  0
    7.0968   -0.7792   -4.8736  C  0  0  0  0  0
    8.5397   -0.9673   -5.0163  C  0  0  0  0  0
    9.3854   -0.4170   -4.1336  C  0  0  0  0  0
    8.9988    0.3579   -3.0515  N  0  0  0  0  0
    7.5917    0.7513   -2.9041  C  0  0  0  0  0
    6.6920   -0.3994   -3.4393  C  0  0  0  0  0
    5.1723   -0.1128   -3.2394  C  0  0  0  0  0
  1 10  1  0  0  0
  1  2  1  0  0  0
  2  3  1  0  0  0
  3  4  2  0  0  0
  4  9  1  0  0  0
  4  5  1  0  0  0
  5  6  2  0  0  0
  6  7  1  0  0  0
  7  8  1  0  0  0
  8  9  1  0  0  0
  9 10  1  0  0  0
M  END
$$$$
C12C=CNCC1CCCC=2
  -ISIS-

 10 11  0  0  0  0  0  0  0  0  1
    4.4611    0.3612   -4.5412  C  0  0  0  0  0
    4.7573   -0.5633   -5.7736  C  0  0  0  0  0
    6.2280   -0.9027   -5.8999  C  0  0  0  0  0
    7.0968   -0.7792   -4.8736  C  0  0  0  0  0
    8.5397   -0.9673   -5.0163  C  0  0  0  0  0
    9.3854   -0.4170   -4.1336  C  0  0  0  0  0
    8.9988    0.3579   -3.0515  N  0  0  0  0  0
    7.5917    0.7513   -2.9041  C  0  0  0  0  0
    6.6920   -0.3994   -3.4393  C  0  0  0  0  0
    5.1723   -0.1128   -3.2394  C  0  0  0  0  0
  1 10  1  0  0  0
  1  2  1  0  0  0
  2  3  1  0  0  0
  3  4  2  0  0  0
  4  9  1  0  0  0
  4  5  1  0  0  0
  5  6  2  0  0  0
  6  7  1  0  0  0
  7  8  1  0  0  0
  8  9  1  0  0  0
  9 10  1  0  0  0
M  END
$$$$
C12C=CNCC1CCCC=2
  -ISIS-

 10 11  0  0  0  0  0  0  0  0  1
    4.4611    0.3612   -4.5412  C  0  0  0  0  0
    4.7573   -0.5633   -5.7736  C  0  0  0  0  0
    6.2280   -0.9027   -5.8999  C  0  0  0  0  0
    7.0968   -0.7792   -4.8736  C  0  0  0  0  0
    8.5397   -0.9673   -5.0163  C  0  0  0  0  0
    9.3854   -0.4170   -4.1336  C  0  0  0  0  0
    8.9988    0.3579   -3.0515  N  0  0  0  0  0
    7.5917    0.7513   -2.9041  C  0  0  0  0  0
    6.6920   -0.3994   -3.4393  C  0  0  0  0  0
    5.1723   -0.1128   -3.2394  C  0  0  0  0  0
  1 10  1  0  0  0
  1  2  1  0  0  0
  2  3  1  0  0  0
  3  4  2  0  0  0
  4  9  1  0  0  0
  4  5  1  0  0  0
  5  6  2  0  0  0
  6  7  1  0  0  0
  7  8  1  0  0  0
  8  9  1  0  0  0
  9 10  1  0  0  0
M  END
$$$$
C12C=CNCC1CCCC=2
  -ISIS-

 10 11  0  0  0  0  0  0  0  0  1
    4.4611    0.3612   -4.5412  C  0  0  0  0  0
    4.7573   -0.5633   -5.7736  C  0  0  0  0  0
    6.2280   -0.9027   -5.8999  C  0  0  0  0  0
    7.0968   -0.7792   -4.8736  C  0  0  0  0  0
    8.5397   -0.9673   -5.0163  C  0  0  0  0  0
    9.3854   -0.4170   -4.1336  C  0  0  0  0  0
    8.9988    0.3579   -3.0515  N  0  0  0  0  0
    7.5917    0.7513   -2.9041  C  0  0  0  0  0
    6.6920   -0.3994   -3.4393  C  0  0  0  0  0
    5.1723   -0.1128   -3.2394  C  0  0  0  0  0
  1 10  1  0  0  0
  1  2  1  0  0  0
  2  3  1  0  0  0
  3  4  2  0  0  0
  4  9  1  0  0  0
  4  5  1  0  0  0
  5  6  2  0  0  0
  6  7  1  0  0  0
  7  8  1  0  0  0
  8  9  1  0  0  0
  9 10  1  0  0  0
M  END
$$$$
C12C=CNCC1CCCC=2
  -ISIS-

 10 11  0  0  0  0  0  0  0  0  1
    3.7392   -0.4424    4.6631  C  0  0  0  0  0
    4.0623    0.5922    3.5397  C  0  0  0  0  0
    3.4561    1.9798    3.9133  C  0  0  0  0  0
    3.6582    3.0519    2.8071  C  0  0  0  0  0
    3.0784    4.3207    3.2622  N  0  0  0  0  0
    1.8714    4.2912    3.9376  C  0  0  0  0  0
    1.3306    3.1959    4.4879  C  0  0  0  0  0
    2.0161    1.9045    4.4540  C  0  0  0  0  0
    1.4519    0.7484    4.8747  C  0  0  0  0  0
    2.1900   -0.5867    4.8720  C  0  0  0  0  0
  1 10  1  0  0  0
  1  2  1  0  0  0
  2  3  1  0  0  0
  3  8  1  0  0  0
  3  4  1  0  0  0
  4  5  1  0  0  0
  5  6  1  0  0  0
  6  7  2  0  0  0
  7  8  1  0  0  0
  8  9  2  0  0  0
  9 10  1  0  0  0
M  END
$$$$
C12C=CNCC1CCCC=2
  -ISIS-

 10 11  0  0  0  0  0  0  0  0  1
    3.7392   -0.4424    4.6631  C  0  0  0  0  0
    4.0623    0.5922    3.5397  C  0  0  0  0  0
    3.4561    1.9798    3.9133  C  0  0  0  0  0
    3.6582    3.0519    2.8071  C  0  0  0  0  0
    3.0784    4.3207    3.2622  N  0  0  0  0  0
    1.8714    4.2912    3.9376  C  0  0  0  0  0
    1.3306    3.1959    4.4879  C  0  0  0  0  0
    2.0161    1.9045    4.4540  C  0  0  0  0  0
    1.4519    0.7484    4.8747  C  0  0  0  0  0
    2.1900   -0.5867    4.8720  C  0  0  0  0  0
  1 10  1  0  0  0
  1  2  1  0  0  0
  2  3  1  0  0  0
  3  8  1  0  0  0
  3  4  1  0  0  0
  4  5  1  0  0  0
  5  6  1  0  0  0
  6  7  2  0  0  0
  7  8  1  0  0  0
  8  9  2  0  0  0
  9 10  1  0  0  0
M  END
$$$$
C12C=CNCC1CCCC=2
  -ISIS-

 10 11  0  0  0  0  0  0  0  0  1
    3.7392   -0.4424    4.6631  C  0  0  0  0  0
    4.0623    0.5922    3.5397  C  0  0  0  0  0
    3.4561    1.9798    3.9133  C  0  0  0  0  0
    3.6582    3.0519    2.8071  C  0  0  0  0  0
    3.0784    4.3207    3.2622  N  0  0  0  0  0
    1.8714    4.2912    3.9376  C  0  0  0  0  0
    1.3306    3.1959    4.4879  C  0  0  0  0  0
    2.0161    1.9045    4.4540  C  0  0  0  0  0
    1.4519    0.7484    4.8747  C  0  0  0  0  0
    2.1900   -0.5867    4.8720  C  0  0  0  0  0
  1 10  1  0  0  0
  1  2  1  0  0  0
  2  3  1  0  0  0
  3  8  1  0  0  0
  3  4  1  0  0  0
  4  5  1  0  0  0
  5  6  1  0  0  0
  6  7  2  0  0  0
  7  8  1  0  0  0
  8  9  2  0  0  0
  9 10  1  0  0  0
M  END
$$$$
C12C=CNCC1CCCC=2
  -ISIS-

 10 11  0  0  0  0  0  0  0  0  1
    3.7392   -0.4424    4.6631  C  0  0  0  0  0
    4.0623    0.5922    3.5397  C  0  0  0  0  0
    3.4561    1.9798    3.9133  C  0  0  0  0  0
    3.6582    3.0519    2.8071  C  0  0  0  0  0
    3.0784    4.3207    3.2622  N  0  0  0  0  0
    1.8714    4.2912    3.9376  C  0  0  0  0  0
    1.3306    3.1959    4.4879  C  0  0  0  0  0
    2.0161    1.9045    4.4540  C  0  0  0  0  0
    1.4519    0.7484    4.8747  C  0  0  0  0  0
    2.1900   -0.5867    4.8720  C  0  0  0  0  0
  1 10  1  0  0  0
  1  2  1  0  0  0
  2  3  1  0  0  0
  3  8  1  0  0  0
  3  4  1  0  0  0
  4  5  1  0  0  0
  5  6  1  0  0  0
  6  7  2  0  0  0
  7  8  1  0  0  0
  8  9  2  0  0  0
  9 10  1  0  0  0
M  END
$$$$
C12C=CNCC1CCCC=2
  -ISIS-

 10 11  0  0  0  0  0  0  0  0  1
    3.7392   -0.4424    4.6631  C  0  0  0  0  0
    4.0623    0.5922    3.5397  C  0  0  0  0  0
    3.4561    1.9798    3.9133  C  0  0  0  0  0
    3.6582    3.0519    2.8071  C  0  0  0  0  0
    3.0784    4.3207    3.2622  N  0  0  0  0  0
    1.8714    4.2912    3.9376  C  0  0  0  0  0
    1.3306    3.1959    4.4879  C  0  0  0  0  0
    2.0161    1.9045    4.4540  C  0  0  0  0  0
    1.4519    0.7484    4.8747  C  0  0  0  0  0
    2.1900   -0.5867    4.8720  C  0  0  0  0  0
  1 10  1  0  0  0
  1  2  1  0  0  0
  2  3  1  0  0  0
  3  8  1  0  0  0
  3  4  1  0  0  0
  4  5  1  0  0  0
  5  6  1  0  0  0
  6  7  2  0  0  0
  7  8  1  0  0  0
  8  9  2  0  0  0
  9 10  1  0  0  0
M  END
$$$$
C12C=CNCC1CCCC=2
  -ISIS-

 10 11  0  0  0  0  0  0  0  0  1
    1.0759    1.4813   -1.8229  C  0  0  0  0  0
    0.6895    0.5950   -3.0540  C  0  0  0  0  0
    1.8998   -0.2507   -3.5646  C  0  0  0  0  0
    2.8995   -0.6619   -2.4683  C  0  0  0  0  0
    2.7790   -0.3197   -1.1666  C  0  0  0  0  0
    1.7139    0.6365   -0.6634  C  0  0  0  0  0
    4.0190   -1.4383   -3.0010  C  0  0  0  0  0
    4.3326   -1.3661   -4.3036  C  0  0  0  0  0
    3.6629   -0.5801   -5.2293  N  0  0  0  0  0
    2.6514    0.3834   -4.7677  C  0  0  0  0  0
  1  6  1  0  0  0
  1  2  1  0  0  0
  2  3  1  0  0  0
  3 10  1  0  0  0
  3  4  1  0  0  0
  4  5  2  0  0  0
  4  7  1  0  0  0
  5  6  1  0  0  0
  7  8  2  0  0  0
  8  9  1  0  0  0
  9 10  1  0  0  0
M  END
$$$$
C12C=CNCC1CCCC=2
  -ISIS-

 10 11  0  0  0  0  0  0  0  0  1
    1.0759    1.4813   -1.8229  C  0  0  0  0  0
    0.6895    0.5950   -3.0540  C  0  0  0  0  0
    1.8998   -0.2507   -3.5646  C  0  0  0  0  0
    2.8995   -0.6619   -2.4683  C  0  0  0  0  0
    2.7790   -0.3197   -1.1666  C  0  0  0  0  0
    1.7139    0.6365   -0.6634  C  0  0  0  0  0
    4.0190   -1.4383   -3.0010  C  0  0  0  0  0
    4.3326   -1.3661   -4.3036  C  0  0  0  0  0
    3.6629   -0.5801   -5.2293  N  0  0  0  0  0
    2.6514    0.3834   -4.7677  C  0  0  0  0  0
  1  6  1  0  0  0
  1  2  1  0  0  0
  2  3  1  0  0  0
  3 10  1  0  0  0
  3  4  1  0  0  0
  4  5  2  0  0  0
  4  7  1  0  0  0
  5  6  1  0  0  0
  7  8  2  0  0  0
  8  9  1  0  0  0
  9 10  1  0  0  0
M  END
$$$$
C12C=CNCC1CCCC=2
  -ISIS-

 10 11  0  0  0  0  0  0  0  0  1
    1.0759    1.4813   -1.8229  C  0  0  0  0  0
    0.6895    0.5950   -3.0540  C  0  0  0  0  0
    1.8998   -0.2507   -3.5646  C  0  0  0  0  0
    2.8995   -0.6619   -2.4683  C  0  0  0  0  0
    2.7790   -0.3197   -1.1666  C  0  0  0  0  0
    1.7139    0.6365   -0.6634  C  0  0  0  0  0
    4.0190   -1.4383   -3.0010  C  0  0  0  0  0
    4.3326   -1.3661   -4.3036  C  0  0  0  0  0
    3.6629   -0.5801   -5.2293  N  0  0  0  0  0
    2.6514    0.3834   -4.7677  C  0  0  0  0  0
  1  6  1  0  0  0
  1  2  1  0  0  0
  2  3  1  0  0  0
  3 10  1  0  0  0
  3  4  1  0  0  0
  4  5  2  0  0  0
  4  7  1  0  0  0
  5  6  1  0  0  0
  7  8  2  0  0  0
  8  9  1  0  0  0
  9 10  1  0  0  0
M  END
$$$$
C12C=CNCC1CCCC=2
  -ISIS-

 10 11  0  0  0  0  0  0  0  0  1
    1.0759    1.4813   -1.8229  C  0  0  0  0  0
    0.6895    0.5950   -3.0540  C  0  0  0  0  0
    1.8998   -0.2507   -3.5646  C  0  0  0  0  0
    2.8995   -0.6619   -2.4683  C  0  0  0  0  0
    2.7790   -0.3197   -1.1666  C  0  0  0  0  0
    1.7139    0.6365   -0.6634  C  0  0  0  0  0
    4.0190   -1.4383   -3.0010  C  0  0  0  0  0
    4.3326   -1.3661   -4.3036  C  0  0  0  0  0
    3.6629   -0.5801   -5.2293  N  0  0  0  0  0
    2.6514    0.3834   -4.7677  C  0  0  0  0  0
  1  6  1  0  0  0
  1  2  1  0  0  0
  2  3  1  0  0  0
  3 10  1  0  0  0
  3  4  1  0  0  0
  4  5  2  0  0  0
  4  7  1  0  0  0
  5  6  1  0  0  0
  7  8  2  0  0  0
  8  9  1  0  0  0
  9 10  1  0  0  0
M  END
$$$$
C12C=CNCC1CCCC=2
  -ISIS-

 10 11  0  0  0  0  0  0  0  0  1
    1.0759    1.4813   -1.8229  C  0  0  0  0  0
    0.6895    0.5950   -3.0540  C  0  0  0  0  0
    1.8998   -0.2507   -3.5646  C  0  0  0  0  0
    2.8995   -0.6619   -2.4683  C  0  0  0  0  0
    2.7790   -0.3197   -1.1666  C  0  0  0  0  0
    1.7139    0.6365   -0.6634  C  0  0  0  0  0
    4.0190   -1.4383   -3.0010  C  0  0  0  0  0
    4.3326   -1.3661   -4.3036  C  0  0  0  0  0
    3.6629   -0.5801   -5.2293  N  0  0  0  0  0
    2.6514    0.3834   -4.7677  C  0  0  0  0  0
  1  6  1  0  0  0
  1  2  1  0  0  0
  2  3  1  0  0  0
  3 10  1  0  0  0
  3  4  1  0  0  0
  4  5  2  0  0  0
  4  7  1  0  0  0
  5  6  1  0  0  0
  7  8  2  0  0  0
  8  9  1  0  0  0
  9 10  1  0  0  0
M  END
$$$$
