c12c(cccc1)COC3(N2)CCCCC3
  -ISIS-

 15 17  0  0  0  0  0  0  0  0  1
   -0.0613   -2.7012   -6.2571  N  0  0  0  0  0
   -0.5347   -1.5945   -5.4229  C  0  0  0  0  0
    0.1985   -1.5385   -4.2014  O  0  0  0  0  0
    0.0634   -2.7063   -3.3982  C  0  0  0  0  0
    0.2758   -3.9604   -4.1887  C  0  0  0  0  0
    0.1756   -3.9115   -5.5817  C  0  0  0  0  0
    0.4043   -5.0735   -6.3250  C  0  0  0  0  0
    0.6829   -6.2830   -5.6866  C  0  0  0  0  0
    0.7488   -6.3359   -4.2965  C  0  0  0  0  0
    0.5457   -5.1777   -3.5473  C  0  0  0  0  0
   -2.0641   -1.6949   -5.2208  C  0  0  0  0  0
   -2.6298   -0.4816   -4.4824  C  0  0  0  0  0
   -2.2883    0.8184   -5.2026  C  0  0  0  0  0
   -0.7894    0.9496   -5.4488  C  0  0  0  0  0
   -0.2267   -0.2763   -6.1707  C  0  0  0  0  0
  1  6  1  0  0  0
  1  2  1  0  0  0
  2 15  1  0  0  0
  2  3  1  0  0  0
  2 11  1  0  0  0
  3  4  1  0  0  0
  4  5  1  0  0  0
  5 10  2  0  0  0
  5  6  1  0  0  0
  6  7  2  0  0  0
  7  8  1  0  0  0
  8  9  2  0  0  0
  9 10  1  0  0  0
 11 12  1  0  0  0
 12 13  1  0  0  0
 13 14  1  0  0  0
 14 15  1  0  0  0
M  END
$$$$
