c12C34C5N(c1cccc2)CCCC5C6CC3N(CC4)CC6
  -ISIS-

 21 26  0  0  0  0  0  0  0  0  1
   -0.1281   -4.4824    0.6161  C  0  0  0  0  0
    0.7151   -3.2059    0.7768  C  0  0  0  0  0
    0.0329   -1.8689    0.3940  C  0  0  0  0  0
   -0.4667   -1.9497   -1.0435  C  0  0  0  0  0
   -1.1320   -0.5845   -1.7913  C  0  0  0  0  0
   -1.8008    0.5875   -0.9374  C  0  0  0  0  0
   -3.3973    0.5987   -0.7946  C  0  0  0  0  0
   -3.7746   -0.7998   -0.4842  N  0  0  0  0  0
   -3.1845   -1.7445   -1.4807  C  0  0  0  0  0
   -3.0356   -3.1436   -0.9697  C  0  0  0  0  0
   -1.4132   -3.2480   -1.1105  C  0  0  0  0  0
   -1.1168   -4.4024   -0.3280  N  0  0  0  0  0
   -2.1413   -5.3160   -0.6688  C  0  0  0  0  0
   -3.2251   -4.5977   -1.2822  C  0  0  0  0  0
   -4.3018   -5.2671   -1.8257  C  0  0  0  0  0
   -4.3025   -6.6626   -1.7243  C  0  0  0  0  0
   -3.2610   -7.3569   -1.0693  C  0  0  0  0  0
   -2.1653   -6.6823   -0.5233  C  0  0  0  0  0
   -3.8698   -2.9402    0.3867  C  0  0  0  0  0
   -4.7740   -1.6539    0.1735  C  0  0  0  0  0
   -2.3295   -1.1498   -2.6021  C  0  0  0  0  0
  1 12  1  0  0  0
  1  2  1  0  0  0
  2  3  1  0  0  0
  3  4  1  0  0  0
  4 11  1  0  0  0
  4  5  1  0  0  0
  5 21  1  0  0  0
  5  6  1  0  0  0
  6  7  1  0  0  0
  7  8  1  0  0  0
  8 20  1  0  0  0
  8  9  1  0  0  0
  9 10  1  0  0  0
  9 21  1  0  0  0
 10 14  1  0  0  0
 10 11  1  0  0  0
 10 19  1  0  0  0
 11 12  1  0  0  0
 12 13  1  0  0  0
 13 18  2  0  0  0
 13 14  1  0  0  0
 14 15  2  0  0  0
 15 16  1  0  0  0
 16 17  2  0  0  0
 17 18  1  0  0  0
 19 20  1  0  0  0
M  END
$$$$
