c12C3(CCc1cccc2)CCCC3
  -ISIS-

 13 15  0  0  0  0  0  0  0  0  1
   -0.5787    5.7178   -7.8925  C  0  0  0  0  0
   -1.7906    6.2745   -8.6007  C  0  0  0  0  0
   -2.9737    5.5068   -8.0238  C  0  0  0  0  0
   -2.4793    4.9957   -6.6945  C  0  0  0  0  0
   -0.9657    4.9341   -6.6566  C  0  0  0  0  0
   -0.4293    3.5297   -6.6123  C  0  0  0  0  0
   -0.3669    2.5829   -7.6251  C  0  0  0  0  0
    0.1608    1.3242   -7.3278  C  0  0  0  0  0
    0.6085    1.0232   -6.0329  C  0  0  0  0  0
    0.5378    1.9773   -5.0169  C  0  0  0  0  0
    0.0253    3.2271   -5.3223  C  0  0  0  0  0
   -0.1785    4.3803   -4.3896  C  0  0  0  0  0
   -0.3905    5.5476   -5.3686  C  0  0  0  0  0
  1  5  1  0  0  0
  1  2  1  0  0  0
  2  3  1  0  0  0
  3  4  1  0  0  0
  4  5  1  0  0  0
  5 13  1  0  0  0
  5  6  1  0  0  0
  6 11  2  0  0  0
  6  7  1  0  0  0
  7  8  2  0  0  0
  8  9  1  0  0  0
  9 10  2  0  0  0
 10 11  1  0  0  0
 11 12  1  0  0  0
 12 13  1  0  0  0
M  END
$$$$
c12C3(CCc1cccc2)CCCC3
  -ISIS-

 13 15  0  0  0  0  0  0  0  0  1
   -0.5787    5.7178   -7.8925  C  0  0  0  0  0
   -1.7906    6.2745   -8.6007  C  0  0  0  0  0
   -2.9737    5.5068   -8.0238  C  0  0  0  0  0
   -2.4793    4.9957   -6.6945  C  0  0  0  0  0
   -0.9657    4.9341   -6.6566  C  0  0  0  0  0
   -0.4293    3.5297   -6.6123  C  0  0  0  0  0
   -0.3669    2.5829   -7.6251  C  0  0  0  0  0
    0.1608    1.3242   -7.3278  C  0  0  0  0  0
    0.6085    1.0232   -6.0329  C  0  0  0  0  0
    0.5378    1.9773   -5.0169  C  0  0  0  0  0
    0.0253    3.2271   -5.3223  C  0  0  0  0  0
   -0.1785    4.3803   -4.3896  C  0  0  0  0  0
   -0.3905    5.5476   -5.3686  C  0  0  0  0  0
  1  5  1  0  0  0
  1  2  1  0  0  0
  2  3  1  0  0  0
  3  4  1  0  0  0
  4  5  1  0  0  0
  5 13  1  0  0  0
  5  6  1  0  0  0
  6 11  2  0  0  0
  6  7  1  0  0  0
  7  8  2  0  0  0
  8  9  1  0  0  0
  9 10  2  0  0  0
 10 11  1  0  0  0
 11 12  1  0  0  0
 12 13  1  0  0  0
M  END
$$$$
c12C3(CCc1cccc2)CCCC3
  -ISIS-

 13 15  0  0  0  0  0  0  0  0  1
    1.5910    5.4647   -0.5163  C  0  0  0  0  0
    2.7194    5.5190    0.5277  C  0  0  0  0  0
    3.9053    5.0684   -0.2657  C  0  0  0  0  0
    5.2431    5.1723    0.0783  C  0  0  0  0  0
    6.1961    4.6274   -0.7858  C  0  0  0  0  0
    5.8047    3.9744   -1.9655  C  0  0  0  0  0
    4.4533    3.8685   -2.2873  C  0  0  0  0  0
    3.5105    4.4256   -1.4440  C  0  0  0  0  0
    2.0151    4.4282   -1.5720  C  0  0  0  0  0
    1.4020    3.0658   -1.3356  C  0  0  0  0  0
    0.8506    2.4787   -2.6100  C  0  0  0  0  0
    0.6693    3.6707   -3.5434  C  0  0  0  0  0
    1.5102    4.7791   -2.9554  C  0  0  0  0  0
  1  9  1  0  0  0
  1  2  1  0  0  0
  2  3  1  0  0  0
  3  8  2  0  0  0
  3  4  1  0  0  0
  4  5  2  0  0  0
  5  6  1  0  0  0
  6  7  2  0  0  0
  7  8  1  0  0  0
  8  9  1  0  0  0
  9 13  1  0  0  0
  9 10  1  0  0  0
 10 11  1  0  0  0
 11 12  1  0  0  0
 12 13  1  0  0  0
M  END
$$$$
c12C3(CCc1cccc2)CCCC3
  -ISIS-

 13 15  0  0  0  0  0  0  0  0  1
    1.5910    5.4647   -0.5163  C  0  0  0  0  0
    2.7194    5.5190    0.5277  C  0  0  0  0  0
    3.9053    5.0684   -0.2657  C  0  0  0  0  0
    5.2431    5.1723    0.0783  C  0  0  0  0  0
    6.1961    4.6274   -0.7858  C  0  0  0  0  0
    5.8047    3.9744   -1.9655  C  0  0  0  0  0
    4.4533    3.8685   -2.2873  C  0  0  0  0  0
    3.5105    4.4256   -1.4440  C  0  0  0  0  0
    2.0151    4.4282   -1.5720  C  0  0  0  0  0
    1.4020    3.0658   -1.3356  C  0  0  0  0  0
    0.8506    2.4787   -2.6100  C  0  0  0  0  0
    0.6693    3.6707   -3.5434  C  0  0  0  0  0
    1.5102    4.7791   -2.9554  C  0  0  0  0  0
  1  9  1  0  0  0
  1  2  1  0  0  0
  2  3  1  0  0  0
  3  8  2  0  0  0
  3  4  1  0  0  0
  4  5  2  0  0  0
  5  6  1  0  0  0
  6  7  2  0  0  0
  7  8  1  0  0  0
  8  9  1  0  0  0
  9 13  1  0  0  0
  9 10  1  0  0  0
 10 11  1  0  0  0
 11 12  1  0  0  0
 12 13  1  0  0  0
M  END
$$$$
c12C3(CCc1cccc2)CCCC3
  -ISIS-

 13 15  0  0  0  0  0  0  0  0  1
    1.5910    5.4647   -0.5163  C  0  0  0  0  0
    2.7194    5.5190    0.5277  C  0  0  0  0  0
    3.9053    5.0684   -0.2657  C  0  0  0  0  0
    5.2431    5.1723    0.0783  C  0  0  0  0  0
    6.1961    4.6274   -0.7858  C  0  0  0  0  0
    5.8047    3.9744   -1.9655  C  0  0  0  0  0
    4.4533    3.8685   -2.2873  C  0  0  0  0  0
    3.5105    4.4256   -1.4440  C  0  0  0  0  0
    2.0151    4.4282   -1.5720  C  0  0  0  0  0
    1.4020    3.0658   -1.3356  C  0  0  0  0  0
    0.8506    2.4787   -2.6100  C  0  0  0  0  0
    0.6693    3.6707   -3.5434  C  0  0  0  0  0
    1.5102    4.7791   -2.9554  C  0  0  0  0  0
  1  9  1  0  0  0
  1  2  1  0  0  0
  2  3  1  0  0  0
  3  8  2  0  0  0
  3  4  1  0  0  0
  4  5  2  0  0  0
  5  6  1  0  0  0
  6  7  2  0  0  0
  7  8  1  0  0  0
  8  9  1  0  0  0
  9 13  1  0  0  0
  9 10  1  0  0  0
 10 11  1  0  0  0
 11 12  1  0  0  0
 12 13  1  0  0  0
M  END
$$$$
c12C3(CCc1cccc2)CCCC3
  -ISIS-

 13 15  0  0  0  0  0  0  0  0  1
    4.4838   -6.5956   -0.1615  C  0  0  0  0  0
    5.6756   -7.3408   -0.0281  C  0  0  0  0  0
    5.6708   -8.6092    0.5320  C  0  0  0  0  0
    4.4656   -9.1342    0.9908  C  0  0  0  0  0
    3.2590   -8.4200    0.8508  C  0  0  0  0  0
    3.2606   -7.1562    0.2177  C  0  0  0  0  0
    6.8709   -6.5744   -0.5509  C  0  0  0  0  0
    7.1736   -6.9592   -2.0177  C  0  0  0  0  0
    8.6769   -7.2154   -2.0713  C  0  0  0  0  0
    9.0180   -7.6952   -0.6721  C  0  0  0  0  0
    8.1912   -6.7727    0.2134  C  0  0  0  0  0
    6.3317   -5.1418   -0.3975  C  0  0  0  0  0
    4.8156   -5.2143   -0.6829  C  0  0  0  0  0
  1  6  2  0  0  0
  1 13  1  0  0  0
  1  2  1  0  0  0
  2  3  2  0  0  0
  2  7  1  0  0  0
  3  4  1  0  0  0
  4  5  2  0  0  0
  5  6  1  0  0  0
  7 11  1  0  0  0
  7  8  1  0  0  0
  7 12  1  0  0  0
  8  9  1  0  0  0
  9 10  1  0  0  0
 10 11  1  0  0  0
 12 13  1  0  0  0
M  END
$$$$
c12C3(CCc1cccc2)CCCC3
  -ISIS-

 13 15  0  0  0  0  0  0  0  0  1
    4.4838   -6.5956   -0.1615  C  0  0  0  0  0
    5.6756   -7.3408   -0.0281  C  0  0  0  0  0
    5.6708   -8.6092    0.5320  C  0  0  0  0  0
    4.4656   -9.1342    0.9908  C  0  0  0  0  0
    3.2590   -8.4200    0.8508  C  0  0  0  0  0
    3.2606   -7.1562    0.2177  C  0  0  0  0  0
    6.8709   -6.5744   -0.5509  C  0  0  0  0  0
    7.1736   -6.9592   -2.0177  C  0  0  0  0  0
    8.6769   -7.2154   -2.0713  C  0  0  0  0  0
    9.0180   -7.6952   -0.6721  C  0  0  0  0  0
    8.1912   -6.7727    0.2134  C  0  0  0  0  0
    6.3317   -5.1418   -0.3975  C  0  0  0  0  0
    4.8156   -5.2143   -0.6829  C  0  0  0  0  0
  1  6  2  0  0  0
  1 13  1  0  0  0
  1  2  1  0  0  0
  2  3  2  0  0  0
  2  7  1  0  0  0
  3  4  1  0  0  0
  4  5  2  0  0  0
  5  6  1  0  0  0
  7 11  1  0  0  0
  7  8  1  0  0  0
  7 12  1  0  0  0
  8  9  1  0  0  0
  9 10  1  0  0  0
 10 11  1  0  0  0
 12 13  1  0  0  0
M  END
$$$$
c12C3(CCc1cccc2)CCCC3
  -ISIS-

 13 15  0  0  0  0  0  0  0  0  1
    4.4838   -6.5956   -0.1615  C  0  0  0  0  0
    5.6756   -7.3408   -0.0281  C  0  0  0  0  0
    5.6708   -8.6092    0.5320  C  0  0  0  0  0
    4.4656   -9.1342    0.9908  C  0  0  0  0  0
    3.2590   -8.4200    0.8508  C  0  0  0  0  0
    3.2606   -7.1562    0.2177  C  0  0  0  0  0
    6.8709   -6.5744   -0.5509  C  0  0  0  0  0
    7.1736   -6.9592   -2.0177  C  0  0  0  0  0
    8.6769   -7.2154   -2.0713  C  0  0  0  0  0
    9.0180   -7.6952   -0.6721  C  0  0  0  0  0
    8.1912   -6.7727    0.2134  C  0  0  0  0  0
    6.3317   -5.1418   -0.3975  C  0  0  0  0  0
    4.8156   -5.2143   -0.6829  C  0  0  0  0  0
  1  6  2  0  0  0
  1 13  1  0  0  0
  1  2  1  0  0  0
  2  3  2  0  0  0
  2  7  1  0  0  0
  3  4  1  0  0  0
  4  5  2  0  0  0
  5  6  1  0  0  0
  7 11  1  0  0  0
  7  8  1  0  0  0
  7 12  1  0  0  0
  8  9  1  0  0  0
  9 10  1  0  0  0
 10 11  1  0  0  0
 12 13  1  0  0  0
M  END
$$$$
