c12c3nc[n]1C4OC(C5OCOC45)CN2C=NC3
  -ISIS-

 18 22  0  0  0  0  0  0  0  0  1
    1.0492    5.9810    2.0514  C  0  0  0  0  0
    0.4997    5.5623    0.8403  N  0  0  0  0  0
   -0.6155    4.8979    0.8467  C  0  0  0  0  0
   -1.3849    4.5374    1.9412  N  0  0  0  0  0
   -0.8823    4.9616    3.1688  C  0  0  0  0  0
   -1.3503    4.8344    4.4839  N  0  0  0  0  0
   -0.3955    5.3969    5.2902  C  0  0  0  0  0
    0.6082    5.8951    4.5979  N  0  0  0  0  0
    0.3088    5.6489    3.2709  C  0  0  0  0  0
   -2.6728    4.4011    4.9346  C  0  0  0  0  0
   -2.9760    2.9306    5.4069  C  0  0  0  0  0
   -1.8348    2.1904    5.8202  O  0  0  0  0  0
   -2.0145    0.8718    5.2777  C  0  0  0  0  0
   -2.9199    0.9022    4.1592  O  0  0  0  0  0
   -3.5033    2.1928    4.1341  C  0  0  0  0  0
   -2.9101    3.1536    3.1619  C  0  0  0  0  0
   -2.5170    3.5346    1.7752  C  0  0  0  0  0
   -3.4293    4.3865    3.7324  O  0  0  0  0  0
  1  9  1  0  0  0
  1  2  1  0  0  0
  2  3  2  0  0  0
  3  4  1  0  0  0
  4 17  1  0  0  0
  4  5  1  0  0  0
  5  9  2  0  0  0
  5  6  1  0  0  0
  6  7  1  0  0  0
  6 10  1  0  0  0
  7  8  2  0  0  0
  8  9  1  0  0  0
 10 18  1  0  0  0
 10 11  1  0  0  0
 11 15  1  0  0  0
 11 12  1  0  0  0
 12 13  1  0  0  0
 13 14  1  0  0  0
 14 15  1  0  0  0
 15 16  1  0  0  0
 16 17  1  0  0  0
 16 18  1  0  0  0
M  END
$$$$
c12c3nc[n]1C4OC(C5OCOC45)CN2C=NC3
  -ISIS-

 18 22  0  0  0  0  0  0  0  0  1
    1.0492    5.9810    2.0514  C  0  0  0  0  0
    0.4997    5.5623    0.8403  N  0  0  0  0  0
   -0.6155    4.8979    0.8467  C  0  0  0  0  0
   -1.3849    4.5374    1.9412  N  0  0  0  0  0
   -0.8823    4.9616    3.1688  C  0  0  0  0  0
   -1.3503    4.8344    4.4839  N  0  0  0  0  0
   -0.3955    5.3969    5.2902  C  0  0  0  0  0
    0.6082    5.8951    4.5979  N  0  0  0  0  0
    0.3088    5.6489    3.2709  C  0  0  0  0  0
   -2.6728    4.4011    4.9346  C  0  0  0  0  0
   -2.9760    2.9306    5.4069  C  0  0  0  0  0
   -1.8348    2.1904    5.8202  O  0  0  0  0  0
   -2.0145    0.8718    5.2777  C  0  0  0  0  0
   -2.9199    0.9022    4.1592  O  0  0  0  0  0
   -3.5033    2.1928    4.1341  C  0  0  0  0  0
   -2.9101    3.1536    3.1619  C  0  0  0  0  0
   -2.5170    3.5346    1.7752  C  0  0  0  0  0
   -3.4293    4.3865    3.7324  O  0  0  0  0  0
  1  9  1  0  0  0
  1  2  1  0  0  0
  2  3  2  0  0  0
  3  4  1  0  0  0
  4 17  1  0  0  0
  4  5  1  0  0  0
  5  9  2  0  0  0
  5  6  1  0  0  0
  6  7  1  0  0  0
  6 10  1  0  0  0
  7  8  2  0  0  0
  8  9  1  0  0  0
 10 18  1  0  0  0
 10 11  1  0  0  0
 11 15  1  0  0  0
 11 12  1  0  0  0
 12 13  1  0  0  0
 13 14  1  0  0  0
 14 15  1  0  0  0
 15 16  1  0  0  0
 16 17  1  0  0  0
 16 18  1  0  0  0
M  END
$$$$
