C12c3c(N=CN1CC=CN=2)ncn3
  -ISIS-

 13 15  0  0  0  0  0  0  0  0  1
    0.2527   -0.7369    4.7541  N  0  0  0  0  0
   -0.1435   -2.0538    4.6846  C  0  0  0  0  0
    0.8699   -2.8884    4.7844  N  0  0  0  0  0
    1.9623   -2.0735    4.9159  C  0  0  0  0  0
    1.6121   -0.7412    4.9064  C  0  0  0  0  0
    2.4359    0.3278    5.0151  N  0  0  0  0  0
    3.6894   -0.0103    5.1347  C  0  0  0  0  0
    4.1980   -1.3066    5.1599  N  0  0  0  0  0
    3.3603   -2.4053    5.0530  C  0  0  0  0  0
    3.7429   -3.6428    5.0692  N  0  0  0  0  0
    5.0894   -3.8988    5.2003  C  0  0  0  0  0
    5.9929   -2.9133    5.3110  C  0  0  0  0  0
    5.5473   -1.5066    5.2940  C  0  0  0  0  0
  1  5  1  0  0  0
  1  2  1  0  0  0
  2  3  2  0  0  0
  3  4  1  0  0  0
  4  9  1  0  0  0
  4  5  2  0  0  0
  5  6  1  0  0  0
  6  7  2  0  0  0
  7  8  1  0  0  0
  8 13  1  0  0  0
  8  9  1  0  0  0
  9 10  2  0  0  0
 10 11  1  0  0  0
 11 12  2  0  0  0
 12 13  1  0  0  0
M  END
$$$$
C12c3c(N=CN1CC=CN=2)ncn3
  -ISIS-

 13 15  0  0  0  0  0  0  0  0  1
    0.2527   -0.7369    4.7541  N  0  0  0  0  0
   -0.1435   -2.0538    4.6846  C  0  0  0  0  0
    0.8699   -2.8884    4.7844  N  0  0  0  0  0
    1.9623   -2.0735    4.9159  C  0  0  0  0  0
    1.6121   -0.7412    4.9064  C  0  0  0  0  0
    2.4359    0.3278    5.0151  N  0  0  0  0  0
    3.6894   -0.0103    5.1347  C  0  0  0  0  0
    4.1980   -1.3066    5.1599  N  0  0  0  0  0
    3.3603   -2.4053    5.0530  C  0  0  0  0  0
    3.7429   -3.6428    5.0692  N  0  0  0  0  0
    5.0894   -3.8988    5.2003  C  0  0  0  0  0
    5.9929   -2.9133    5.3110  C  0  0  0  0  0
    5.5473   -1.5066    5.2940  C  0  0  0  0  0
  1  5  1  0  0  0
  1  2  1  0  0  0
  2  3  2  0  0  0
  3  4  1  0  0  0
  4  9  1  0  0  0
  4  5  2  0  0  0
  5  6  1  0  0  0
  6  7  2  0  0  0
  7  8  1  0  0  0
  8 13  1  0  0  0
  8  9  1  0  0  0
  9 10  2  0  0  0
 10 11  1  0  0  0
 11 12  2  0  0  0
 12 13  1  0  0  0
M  END
$$$$
C12c3c(N=CN1CC=CN=2)ncn3
  -ISIS-

 13 15  0  0  0  0  0  0  0  0  1
    0.2527   -0.7369    4.7541  N  0  0  0  0  0
   -0.1435   -2.0538    4.6846  C  0  0  0  0  0
    0.8699   -2.8884    4.7844  N  0  0  0  0  0
    1.9623   -2.0735    4.9159  C  0  0  0  0  0
    1.6121   -0.7412    4.9064  C  0  0  0  0  0
    2.4359    0.3278    5.0151  N  0  0  0  0  0
    3.6894   -0.0103    5.1347  C  0  0  0  0  0
    4.1980   -1.3066    5.1599  N  0  0  0  0  0
    3.3603   -2.4053    5.0530  C  0  0  0  0  0
    3.7429   -3.6428    5.0692  N  0  0  0  0  0
    5.0894   -3.8988    5.2003  C  0  0  0  0  0
    5.9929   -2.9133    5.3110  C  0  0  0  0  0
    5.5473   -1.5066    5.2940  C  0  0  0  0  0
  1  5  1  0  0  0
  1  2  1  0  0  0
  2  3  2  0  0  0
  3  4  1  0  0  0
  4  9  1  0  0  0
  4  5  2  0  0  0
  5  6  1  0  0  0
  6  7  2  0  0  0
  7  8  1  0  0  0
  8 13  1  0  0  0
  8  9  1  0  0  0
  9 10  2  0  0  0
 10 11  1  0  0  0
 11 12  2  0  0  0
 12 13  1  0  0  0
M  END
$$$$
