c12c(ccnc1)NCN2
  -ISIS-

  9 10  0  0  0  0  0  0  0  0  1
    1.6700   -0.0162   -0.8863  C  0  0  0  0  0
    1.8129    0.9558    0.1206  N  0  0  0  0  0
    0.5427    1.3645    0.5464  C  0  0  0  0  0
    0.2116    2.2914    1.5088  C  0  0  0  0  0
   -1.1428    2.4799    1.7074  C  0  0  0  0  0
   -2.1165    1.8206    1.0253  N  0  0  0  0  0
   -1.7452    0.9122    0.0817  C  0  0  0  0  0
   -0.4164    0.6581   -0.1847  C  0  0  0  0  0
    0.2802   -0.1937   -1.0689  N  0  0  0  0  0
  1  9  1  0  0  0
  1  2  1  0  0  0
  2  3  1  0  0  0
  3  8  2  0  0  0
  3  4  1  0  0  0
  4  5  2  0  0  0
  5  6  1  0  0  0
  6  7  2  0  0  0
  7  8  1  0  0  0
  8  9  1  0  0  0
M  END
$$$$
