c12c(cccc1)CCC3(O2)NCNC3
  -ISIS-

 14 16  0  0  0  0  0  0  0  0  1
    4.2440   -3.9059   -3.0399  C  0  0  0  0  0
    5.4937   -3.9567   -2.4232  C  0  0  0  0  0
    5.5836   -4.0967   -1.0367  C  0  0  0  0  0
    4.4246   -4.1948   -0.2655  C  0  0  0  0  0
    3.1730   -4.1629   -0.8809  C  0  0  0  0  0
    3.0890   -4.0251   -2.2695  C  0  0  0  0  0
    1.7803   -4.0463   -2.9465  C  0  0  0  0  0
    1.7877   -3.9992   -4.4471  C  0  0  0  0  0
    3.0284   -3.2684   -4.9376  C  0  0  0  0  0
    4.2421   -3.7616   -4.3984  O  0  0  0  0  0
    3.1266   -3.3354   -6.3932  N  0  0  0  0  0
    3.0296   -2.0894   -6.9882  C  0  0  0  0  0
    2.7939   -1.1596   -6.0214  N  0  0  0  0  0
    2.8453   -1.7317   -4.7830  C  0  0  0  0  0
  1 10  1  0  0  0
  1  6  2  0  0  0
  1  2  1  0  0  0
  2  3  2  0  0  0
  3  4  1  0  0  0
  4  5  2  0  0  0
  5  6  1  0  0  0
  6  7  1  0  0  0
  7  8  1  0  0  0
  8  9  1  0  0  0
  9 14  1  0  0  0
  9 10  1  0  0  0
  9 11  1  0  0  0
 11 12  1  0  0  0
 12 13  1  0  0  0
 13 14  1  0  0  0
M  END
$$$$
