C12C3(C4C(C5=CCCC5CC4)CC=1)COC(C2)CC3
  -ISIS-

 19 23  0  0  0  0  0  0  0  0  1
   -4.2051    0.1616   -0.1080  C  0  0  0  0  0
   -4.0433    0.9763   -1.2880  O  0  0  0  0  0
   -2.6718    1.0809   -1.6995  C  0  0  0  0  0
   -1.8624    1.7046   -0.5514  C  0  0  0  0  0
   -1.8993    0.7464    0.6163  C  0  0  0  0  0
   -1.1779    0.9340    1.7324  C  0  0  0  0  0
   -1.1482   -0.0506    2.8618  C  0  0  0  0  0
   -1.6481   -1.4396    2.4311  C  0  0  0  0  0
   -2.9985   -1.3172    1.6721  C  0  0  0  0  0
   -2.8354   -0.4528    0.3744  C  0  0  0  0  0
   -2.2295   -1.2311   -0.8192  C  0  0  0  0  0
   -2.1590   -0.3192   -2.0541  C  0  0  0  0  0
   -3.5655   -2.7345    1.4716  C  0  0  0  0  0
   -3.9619   -3.3893    2.8048  C  0  0  0  0  0
   -3.0191   -3.0697    3.9920  C  0  0  0  0  0
   -1.7190   -2.4062    3.5832  C  0  0  0  0  0
   -0.6935   -2.8208    4.3434  C  0  0  0  0  0
   -1.1247   -3.8347    5.3561  C  0  0  0  0  0
   -2.4839   -4.3149    4.7915  C  0  0  0  0  0
  1 10  1  0  0  0
  1  2  1  0  0  0
  2  3  1  0  0  0
  3 12  1  0  0  0
  3  4  1  0  0  0
  4  5  1  0  0  0
  5 10  1  0  0  0
  5  6  2  0  0  0
  6  7  1  0  0  0
  7  8  1  0  0  0
  8 16  1  0  0  0
  8  9  1  0  0  0
  9 10  1  0  0  0
  9 13  1  0  0  0
 10 11  1  0  0  0
 11 12  1  0  0  0
 13 14  1  0  0  0
 14 15  1  0  0  0
 15 19  1  0  0  0
 15 16  1  0  0  0
 16 17  2  0  0  0
 17 18  1  0  0  0
 18 19  1  0  0  0
M  END
$$$$
C12C3(C4C(C5=CCCC5CC4)CC=1)COC(C2)CC3
  -ISIS-

 19 23  0  0  0  0  0  0  0  0  1
   -4.2051    0.1616   -0.1080  C  0  0  0  0  0
   -4.0433    0.9763   -1.2880  O  0  0  0  0  0
   -2.6718    1.0809   -1.6995  C  0  0  0  0  0
   -1.8624    1.7046   -0.5514  C  0  0  0  0  0
   -1.8993    0.7464    0.6163  C  0  0  0  0  0
   -1.1779    0.9340    1.7324  C  0  0  0  0  0
   -1.1482   -0.0506    2.8618  C  0  0  0  0  0
   -1.6481   -1.4396    2.4311  C  0  0  0  0  0
   -2.9985   -1.3172    1.6721  C  0  0  0  0  0
   -2.8354   -0.4528    0.3744  C  0  0  0  0  0
   -2.2295   -1.2311   -0.8192  C  0  0  0  0  0
   -2.1590   -0.3192   -2.0541  C  0  0  0  0  0
   -3.5655   -2.7345    1.4716  C  0  0  0  0  0
   -3.9619   -3.3893    2.8048  C  0  0  0  0  0
   -3.0191   -3.0697    3.9920  C  0  0  0  0  0
   -1.7190   -2.4062    3.5832  C  0  0  0  0  0
   -0.6935   -2.8208    4.3434  C  0  0  0  0  0
   -1.1247   -3.8347    5.3561  C  0  0  0  0  0
   -2.4839   -4.3149    4.7915  C  0  0  0  0  0
  1 10  1  0  0  0
  1  2  1  0  0  0
  2  3  1  0  0  0
  3 12  1  0  0  0
  3  4  1  0  0  0
  4  5  1  0  0  0
  5 10  1  0  0  0
  5  6  2  0  0  0
  6  7  1  0  0  0
  7  8  1  0  0  0
  8 16  1  0  0  0
  8  9  1  0  0  0
  9 10  1  0  0  0
  9 13  1  0  0  0
 10 11  1  0  0  0
 11 12  1  0  0  0
 13 14  1  0  0  0
 14 15  1  0  0  0
 15 19  1  0  0  0
 15 16  1  0  0  0
 16 17  2  0  0  0
 17 18  1  0  0  0
 18 19  1  0  0  0
M  END
$$$$
C12C3(C4C(C5=CCCC5CC4)CC=1)COC(C2)CC3
  -ISIS-

 19 23  0  0  0  0  0  0  0  0  1
   -4.2051    0.1616   -0.1080  C  0  0  0  0  0
   -4.0433    0.9763   -1.2880  O  0  0  0  0  0
   -2.6718    1.0809   -1.6995  C  0  0  0  0  0
   -1.8624    1.7046   -0.5514  C  0  0  0  0  0
   -1.8993    0.7464    0.6163  C  0  0  0  0  0
   -1.1779    0.9340    1.7324  C  0  0  0  0  0
   -1.1482   -0.0506    2.8618  C  0  0  0  0  0
   -1.6481   -1.4396    2.4311  C  0  0  0  0  0
   -2.9985   -1.3172    1.6721  C  0  0  0  0  0
   -2.8354   -0.4528    0.3744  C  0  0  0  0  0
   -2.2295   -1.2311   -0.8192  C  0  0  0  0  0
   -2.1590   -0.3192   -2.0541  C  0  0  0  0  0
   -3.5655   -2.7345    1.4716  C  0  0  0  0  0
   -3.9619   -3.3893    2.8048  C  0  0  0  0  0
   -3.0191   -3.0697    3.9920  C  0  0  0  0  0
   -1.7190   -2.4062    3.5832  C  0  0  0  0  0
   -0.6935   -2.8208    4.3434  C  0  0  0  0  0
   -1.1247   -3.8347    5.3561  C  0  0  0  0  0
   -2.4839   -4.3149    4.7915  C  0  0  0  0  0
  1 10  1  0  0  0
  1  2  1  0  0  0
  2  3  1  0  0  0
  3 12  1  0  0  0
  3  4  1  0  0  0
  4  5  1  0  0  0
  5 10  1  0  0  0
  5  6  2  0  0  0
  6  7  1  0  0  0
  7  8  1  0  0  0
  8 16  1  0  0  0
  8  9  1  0  0  0
  9 10  1  0  0  0
  9 13  1  0  0  0
 10 11  1  0  0  0
 11 12  1  0  0  0
 13 14  1  0  0  0
 14 15  1  0  0  0
 15 19  1  0  0  0
 15 16  1  0  0  0
 16 17  2  0  0  0
 17 18  1  0  0  0
 18 19  1  0  0  0
M  END
$$$$
