c12c(cn[c]3[c]1cccc3)NN=C2
  -ISIS-

 13 15  0  0  0  0  0  0  0  0  1
   -9.6266   -2.3969    3.3055  C  0  0  0  0  0
  -10.1345   -1.8172    2.2097  N  0  0  0  0  0
   -9.0689   -1.6282    1.4217  N  0  0  0  0  0
   -7.8968   -2.0965    1.9391  C  0  0  0  0  0
   -6.6033   -2.1147    1.4493  C  0  0  0  0  0
   -5.6092   -2.6014    2.2075  N  0  0  0  0  0
   -5.8694   -3.0870    3.4306  C  0  0  0  0  0
   -7.1633   -3.1217    4.0004  C  0  0  0  0  0
   -8.2153   -2.5930    3.2013  C  0  0  0  0  0
   -7.3597   -3.6540    5.2955  C  0  0  0  0  0
   -6.2778   -4.1486    6.0202  C  0  0  0  0  0
   -5.0047   -4.1151    5.4636  C  0  0  0  0  0
   -4.8159   -3.5874    4.1821  C  0  0  0  0  0
  1  9  1  0  0  0
  1  2  2  0  0  0
  2  3  1  0  0  0
  3  4  1  0  0  0
  4  9  2  0  0  0
  4  5  1  0  0  0
  5  6  2  0  0  0
  6  7  1  0  0  0
  7 13  1  0  0  0
  7  8  2  0  0  0
  8  9  1  0  0  0
  8 10  1  0  0  0
 10 11  2  0  0  0
 11 12  1  0  0  0
 12 13  2  0  0  0
M  END
$$$$
