c12c([s][c]3[c]1cnnn3)CCCC2
  -ISIS-

 13 15  0  0  0  0  0  0  0  0  1
    1.4613   -7.1167   -4.5271  C  0  0  0  0  0
    0.4743   -7.7032   -5.2204  N  0  0  0  0  0
   -0.3462   -8.4287   -4.5855  N  0  0  0  0  0
   -0.2775   -8.6296   -3.2890  N  0  0  0  0  0
    0.6999   -8.0571   -2.5646  C  0  0  0  0  0
    1.6489   -7.2490   -3.1671  C  0  0  0  0  0
    2.7911   -6.5020   -2.7221  C  0  0  0  0  0
    3.3955   -5.8328   -3.7728  C  0  0  0  0  0
    2.6209   -6.1154   -5.2639  S  0  0  0  0  0
    4.6163   -4.9729   -3.6619  C  0  0  0  0  0
    4.8753   -4.5979   -2.1944  C  0  0  0  0  0
    4.7195   -5.8080   -1.2620  C  0  0  0  0  0
    3.2975   -6.3900   -1.3139  C  0  0  0  0  0
  1  9  1  0  0  0
  1  6  2  0  0  0
  1  2  1  0  0  0
  2  3  2  0  0  0
  3  4  1  0  0  0
  4  5  2  0  0  0
  5  6  1  0  0  0
  6  7  1  0  0  0
  7 13  1  0  0  0
  7  8  2  0  0  0
  8  9  1  0  0  0
  8 10  1  0  0  0
 10 11  1  0  0  0
 11 12  1  0  0  0
 12 13  1  0  0  0
M  END
$$$$
c12c([s][c]3[c]1cnnn3)CCCC2
  -ISIS-

 13 15  0  0  0  0  0  0  0  0  1
   -6.7246    1.0215   -2.4131  C  0  0  0  0  0
   -7.2339    0.5582   -3.9674  S  0  0  0  0  0
   -6.4625    1.9031   -4.6741  C  0  0  0  0  0
   -6.4837    2.1458   -6.1517  C  0  0  0  0  0
   -6.0433    3.5844   -6.4645  C  0  0  0  0  0
   -4.8049    3.9894   -5.6520  C  0  0  0  0  0
   -5.0733    3.9403   -4.1391  C  0  0  0  0  0
   -5.8110    2.6947   -3.7435  C  0  0  0  0  0
   -5.9739    2.1787   -2.4140  C  0  0  0  0  0
   -5.5659    2.5618   -1.1477  C  0  0  0  0  0
   -5.8974    1.8330   -0.0674  N  0  0  0  0  0
   -6.6173    0.7421   -0.1990  N  0  0  0  0  0
   -7.0374    0.3175   -1.3153  N  0  0  0  0  0
  1  9  2  0  0  0
  1 13  1  0  0  0
  1  2  1  0  0  0
  2  3  1  0  0  0
  3  8  2  0  0  0
  3  4  1  0  0  0
  4  5  1  0  0  0
  5  6  1  0  0  0
  6  7  1  0  0  0
  7  8  1  0  0  0
  8  9  1  0  0  0
  9 10  1  0  0  0
 10 11  2  0  0  0
 11 12  1  0  0  0
 12 13  2  0  0  0
M  END
$$$$
c12c([s][c]3[c]1cnnn3)CCCC2
  -ISIS-

 13 15  0  0  0  0  0  0  0  0  1
   -6.2596    2.6231   -0.8554  C  0  0  0  0  0
   -7.2365    2.0477   -2.1218  S  0  0  0  0  0
   -6.9350    0.4276   -1.6840  C  0  0  0  0  0
   -7.5461   -0.7214   -2.4304  C  0  0  0  0  0
   -6.8365   -2.0612   -2.0762  C  0  0  0  0  0
   -6.6138   -2.1417   -0.5393  C  0  0  0  0  0
   -5.7065   -1.0098   -0.0251  C  0  0  0  0  0
   -6.1110    0.3202   -0.5789  C  0  0  0  0  0
   -5.7082    1.6111   -0.0979  C  0  0  0  0  0
   -4.9065    2.0778    0.9299  C  0  0  0  0  0
   -4.7276    3.3970    1.1191  N  0  0  0  0  0
   -5.3141    4.2659    0.3273  N  0  0  0  0  0
   -6.0608    3.9317   -0.6390  N  0  0  0  0  0
  1  9  2  0  0  0
  1 13  1  0  0  0
  1  2  1  0  0  0
  2  3  1  0  0  0
  3  8  2  0  0  0
  3  4  1  0  0  0
  4  5  1  0  0  0
  5  6  1  0  0  0
  6  7  1  0  0  0
  7  8  1  0  0  0
  8  9  1  0  0  0
  9 10  1  0  0  0
 10 11  2  0  0  0
 11 12  1  0  0  0
 12 13  2  0  0  0
M  END
$$$$
c12c([s][c]3[c]1cnnn3)CCCC2
  -ISIS-

 13 15  0  0  0  0  0  0  0  0  1
   -6.2596    2.6231   -0.8554  C  0  0  0  0  0
   -7.2365    2.0477   -2.1218  S  0  0  0  0  0
   -6.9350    0.4276   -1.6840  C  0  0  0  0  0
   -7.5461   -0.7214   -2.4304  C  0  0  0  0  0
   -6.8365   -2.0612   -2.0762  C  0  0  0  0  0
   -6.6138   -2.1417   -0.5393  C  0  0  0  0  0
   -5.7065   -1.0098   -0.0251  C  0  0  0  0  0
   -6.1110    0.3202   -0.5789  C  0  0  0  0  0
   -5.7082    1.6111   -0.0979  C  0  0  0  0  0
   -4.9065    2.0778    0.9299  C  0  0  0  0  0
   -4.7276    3.3970    1.1191  N  0  0  0  0  0
   -5.3141    4.2659    0.3273  N  0  0  0  0  0
   -6.0608    3.9317   -0.6390  N  0  0  0  0  0
  1  9  2  0  0  0
  1 13  1  0  0  0
  1  2  1  0  0  0
  2  3  1  0  0  0
  3  8  2  0  0  0
  3  4  1  0  0  0
  4  5  1  0  0  0
  5  6  1  0  0  0
  6  7  1  0  0  0
  7  8  1  0  0  0
  8  9  1  0  0  0
  9 10  1  0  0  0
 10 11  2  0  0  0
 11 12  1  0  0  0
 12 13  2  0  0  0
M  END
$$$$
c12c([s][c]3[c]1cnnn3)CCCC2
  -ISIS-

 13 15  0  0  0  0  0  0  0  0  1
   -4.6903   -2.4379   -4.3578  C  0  0  0  0  0
   -4.0775   -1.7114   -5.7673  S  0  0  0  0  0
   -4.8130   -0.2243   -5.3789  C  0  0  0  0  0
   -4.6678    0.9856   -6.2493  C  0  0  0  0  0
   -5.7105    2.0479   -5.8678  C  0  0  0  0  0
   -5.8129    2.2232   -4.3457  C  0  0  0  0  0
   -6.2469    0.9235   -3.6488  C  0  0  0  0  0
   -5.5092   -0.2693   -4.1829  C  0  0  0  0  0
   -5.4421   -1.5743   -3.5888  C  0  0  0  0  0
   -5.9484   -2.1671   -2.4446  C  0  0  0  0  0
   -5.6921   -3.4573   -2.1664  N  0  0  0  0  0
   -4.9549   -4.1775   -2.9811  N  0  0  0  0  0
   -4.4536   -3.7217   -4.0505  N  0  0  0  0  0
  1  9  2  0  0  0
  1 13  1  0  0  0
  1  2  1  0  0  0
  2  3  1  0  0  0
  3  8  2  0  0  0
  3  4  1  0  0  0
  4  5  1  0  0  0
  5  6  1  0  0  0
  6  7  1  0  0  0
  7  8  1  0  0  0
  8  9  1  0  0  0
  9 10  1  0  0  0
 10 11  2  0  0  0
 11 12  1  0  0  0
 12 13  2  0  0  0
M  END
$$$$
c12c([s][c]3[c]1cnnn3)CCCC2
  -ISIS-

 13 15  0  0  0  0  0  0  0  0  1
    6.1032    1.0596   -5.3698  C  0  0  0  0  0
    7.7236    1.5610   -5.2857  S  0  0  0  0  0
    7.5545    1.9996   -3.6508  C  0  0  0  0  0
    8.7061    2.5495   -2.8652  C  0  0  0  0  0
    8.2087    3.1864   -1.5604  C  0  0  0  0  0
    7.1803    2.2923   -0.8571  C  0  0  0  0  0
    5.9345    2.0622   -1.7270  C  0  0  0  0  0
    6.2826    1.7559   -3.1564  C  0  0  0  0  0
    5.4162    1.2224   -4.1814  C  0  0  0  0  0
    4.0813    0.8317   -4.2687  C  0  0  0  0  0
    3.5988    0.3315   -5.4234  N  0  0  0  0  0
    4.3658    0.2171   -6.4846  N  0  0  0  0  0
    5.5788    0.5660   -6.4995  N  0  0  0  0  0
  1  9  2  0  0  0
  1 13  1  0  0  0
  1  2  1  0  0  0
  2  3  1  0  0  0
  3  8  2  0  0  0
  3  4  1  0  0  0
  4  5  1  0  0  0
  5  6  1  0  0  0
  6  7  1  0  0  0
  7  8  1  0  0  0
  8  9  1  0  0  0
  9 10  1  0  0  0
 10 11  2  0  0  0
 11 12  1  0  0  0
 12 13  2  0  0  0
M  END
$$$$
c12c([s][c]3[c]1cnnn3)CCCC2
  -ISIS-

 13 15  0  0  0  0  0  0  0  0  1
    6.0780    2.3984   -2.1654  C  0  0  0  0  0
    4.8547    2.6857   -1.0205  S  0  0  0  0  0
    5.8569    3.7498   -0.1449  C  0  0  0  0  0
    5.3955    4.4243    1.1100  C  0  0  0  0  0
    6.3386    5.5818    1.4734  C  0  0  0  0  0
    7.8137    5.1786    1.3337  C  0  0  0  0  0
    8.1617    4.7758   -0.1085  C  0  0  0  0  0
    7.1162    3.8797   -0.7054  C  0  0  0  0  0
    7.2407    3.0905   -1.8979  C  0  0  0  0  0
    8.2348    2.8639   -2.8344  C  0  0  0  0  0
    8.0261    2.0373   -3.8741  N  0  0  0  0  0
    6.8697    1.4303   -4.0169  N  0  0  0  0  0
    5.9030    1.5798   -3.2133  N  0  0  0  0  0
  1  9  2  0  0  0
  1 13  1  0  0  0
  1  2  1  0  0  0
  2  3  1  0  0  0
  3  8  2  0  0  0
  3  4  1  0  0  0
  4  5  1  0  0  0
  5  6  1  0  0  0
  6  7  1  0  0  0
  7  8  1  0  0  0
  8  9  1  0  0  0
  9 10  1  0  0  0
 10 11  2  0  0  0
 11 12  1  0  0  0
 12 13  2  0  0  0
M  END
$$$$
