c12c3c(cccc3)Nc1[n]4c(n2)SC=C4
  -ISIS-

 15 18  0  0  0  0  0  0  0  0  1
   -6.3752   -5.5322    1.0726  C  0  0  0  0  0
   -5.2082   -4.8624    1.3458  N  0  0  0  0  0
   -3.9713   -4.7309    0.8212  C  0  0  0  0  0
   -3.1255   -5.0919   -0.1721  N  0  0  0  0  0
   -1.9088   -4.4468    0.0380  C  0  0  0  0  0
   -0.7253   -4.4950   -0.7085  C  0  0  0  0  0
    0.3581   -3.7325   -0.2573  C  0  0  0  0  0
    0.2650   -2.9518    0.8946  C  0  0  0  0  0
   -0.9207   -2.9083    1.6360  C  0  0  0  0  0
   -2.0243   -3.6646    1.2049  C  0  0  0  0  0
   -3.3312   -3.8757    1.6576  C  0  0  0  0  0
   -4.0896   -3.4432    2.7015  N  0  0  0  0  0
   -5.2197   -4.0696    2.4687  C  0  0  0  0  0
   -6.7683   -4.1431    3.2540  S  0  0  0  0  0
   -7.3199   -5.2648    1.9919  C  0  0  0  0  0
  1 15  2  0  0  0
  1  2  1  0  0  0
  2 13  1  0  0  0
  2  3  1  0  0  0
  3 11  2  0  0  0
  3  4  1  0  0  0
  4  5  1  0  0  0
  5 10  2  0  0  0
  5  6  1  0  0  0
  6  7  2  0  0  0
  7  8  1  0  0  0
  8  9  2  0  0  0
  9 10  1  0  0  0
 10 11  1  0  0  0
 11 12  1  0  0  0
 12 13  2  0  0  0
 13 14  1  0  0  0
 14 15  1  0  0  0
M  END
$$$$
