c12c(cc3c(c1)CCC3)CCc4c(S2)cccc4
  -ISIS-

 18 21  0  0  0  0  0  0  0  0  1
    5.5233    2.6930   -0.9057  C  0  0  0  0  0
    5.2861    1.9810    0.4175  C  0  0  0  0  0
    6.4587    2.1985    1.3940  C  0  0  0  0  0
    7.8594    1.7215    1.0490  C  0  0  0  0  0
    8.8470    2.0254    2.0161  C  0  0  0  0  0
   10.1761    1.6360    1.8555  C  0  0  0  0  0
   10.5537    0.9295    0.7246  C  0  0  0  0  0
    9.6020    0.6198   -0.2445  C  0  0  0  0  0
    8.2587    1.0125   -0.1031  C  0  0  0  0  0
    7.1924    0.5205   -1.4526  S  0  0  0  0  0
    6.4036    2.0769   -1.8367  C  0  0  0  0  0
    6.6696    2.6584   -3.0816  C  0  0  0  0  0
    6.0847    3.8737   -3.3786  C  0  0  0  0  0
    6.2054    4.6664   -4.6446  C  0  0  0  0  0
    5.7135    6.0431   -4.1780  C  0  0  0  0  0
    4.7144    5.7894   -3.0406  C  0  0  0  0  0
    5.2388    4.5056   -2.4672  C  0  0  0  0  0
    4.9476    3.9347   -1.2370  C  0  0  0  0  0
  1 11  2  0  0  0
  1 18  1  0  0  0
  1  2  1  0  0  0
  2  3  1  0  0  0
  3  4  1  0  0  0
  4  9  2  0  0  0
  4  5  1  0  0  0
  5  6  2  0  0  0
  6  7  1  0  0  0
  7  8  2  0  0  0
  8  9  1  0  0  0
  9 10  1  0  0  0
 10 11  1  0  0  0
 11 12  1  0  0  0
 12 13  2  0  0  0
 13 17  1  0  0  0
 13 14  1  0  0  0
 14 15  1  0  0  0
 15 16  1  0  0  0
 16 17  1  0  0  0
 17 18  2  0  0  0
M  END
$$$$
