c12c(N3C(CC1)CCC3)cc[c]4[c]2cccc4
  -ISIS-

 17 20  0  0  0  0  0  0  0  0  1
   -7.4896    4.2755    2.0075  C  0  0  0  0  0
   -8.6744    4.0254    1.1232  C  0  0  0  0  0
   -8.3211    2.7674    0.4023  C  0  0  0  0  0
   -6.9302    2.3098    0.7523  C  0  0  0  0  0
   -6.8362    0.8847    1.2298  C  0  0  0  0  0
   -5.3834    0.6141    1.6067  C  0  0  0  0  0
   -4.7580    1.7147    2.4524  C  0  0  0  0  0
   -5.3921    2.9805    2.5591  C  0  0  0  0  0
   -6.5749    3.2337    1.8127  N  0  0  0  0  0
   -4.8405    3.9467    3.3999  C  0  0  0  0  0
   -3.6594    3.6958    4.0982  C  0  0  0  0  0
   -2.9917    2.4748    3.9721  C  0  0  0  0  0
   -3.5288    1.4632    3.1405  C  0  0  0  0  0
   -2.8006    0.2523    3.0454  C  0  0  0  0  0
   -1.6074    0.0495    3.7444  C  0  0  0  0  0
   -1.1041    1.0528    4.5595  C  0  0  0  0  0
   -1.7924    2.2583    4.6713  C  0  0  0  0  0
  1  9  1  0  0  0
  1  2  1  0  0  0
  2  3  1  0  0  0
  3  4  1  0  0  0
  4  9  1  0  0  0
  4  5  1  0  0  0
  5  6  1  0  0  0
  6  7  1  0  0  0
  7 13  2  0  0  0
  7  8  1  0  0  0
  8  9  1  0  0  0
  8 10  2  0  0  0
 10 11  1  0  0  0
 11 12  2  0  0  0
 12 17  1  0  0  0
 12 13  2  0  0  0
 13 14  1  0  0  0
 14 15  2  0  0  0
 15 16  1  0  0  0
 16 17  2  0  0  0
M  END
$$$$
c12c(N3C(CC1)CCC3)cc[c]4[c]2cccc4
  -ISIS-

 17 20  0  0  0  0  0  0  0  0  1
   -7.4896    4.2755    2.0075  C  0  0  0  0  0
   -8.6744    4.0254    1.1232  C  0  0  0  0  0
   -8.3211    2.7674    0.4023  C  0  0  0  0  0
   -6.9302    2.3098    0.7523  C  0  0  0  0  0
   -6.8362    0.8847    1.2298  C  0  0  0  0  0
   -5.3834    0.6141    1.6067  C  0  0  0  0  0
   -4.7580    1.7147    2.4524  C  0  0  0  0  0
   -5.3921    2.9805    2.5591  C  0  0  0  0  0
   -6.5749    3.2337    1.8127  N  0  0  0  0  0
   -4.8405    3.9467    3.3999  C  0  0  0  0  0
   -3.6594    3.6958    4.0982  C  0  0  0  0  0
   -2.9917    2.4748    3.9721  C  0  0  0  0  0
   -3.5288    1.4632    3.1405  C  0  0  0  0  0
   -2.8006    0.2523    3.0454  C  0  0  0  0  0
   -1.6074    0.0495    3.7444  C  0  0  0  0  0
   -1.1041    1.0528    4.5595  C  0  0  0  0  0
   -1.7924    2.2583    4.6713  C  0  0  0  0  0
  1  9  1  0  0  0
  1  2  1  0  0  0
  2  3  1  0  0  0
  3  4  1  0  0  0
  4  9  1  0  0  0
  4  5  1  0  0  0
  5  6  1  0  0  0
  6  7  1  0  0  0
  7 13  2  0  0  0
  7  8  1  0  0  0
  8  9  1  0  0  0
  8 10  2  0  0  0
 10 11  1  0  0  0
 11 12  2  0  0  0
 12 17  1  0  0  0
 12 13  2  0  0  0
 13 14  1  0  0  0
 14 15  2  0  0  0
 15 16  1  0  0  0
 16 17  2  0  0  0
M  END
$$$$
c12c(N3C(CC1)CCC3)cc[c]4[c]2cccc4
  -ISIS-

 17 20  0  0  0  0  0  0  0  0  1
   -7.4896    4.2755    2.0075  C  0  0  0  0  0
   -8.6744    4.0254    1.1232  C  0  0  0  0  0
   -8.3211    2.7674    0.4023  C  0  0  0  0  0
   -6.9302    2.3098    0.7523  C  0  0  0  0  0
   -6.8362    0.8847    1.2298  C  0  0  0  0  0
   -5.3834    0.6141    1.6067  C  0  0  0  0  0
   -4.7580    1.7147    2.4524  C  0  0  0  0  0
   -5.3921    2.9805    2.5591  C  0  0  0  0  0
   -6.5749    3.2337    1.8127  N  0  0  0  0  0
   -4.8405    3.9467    3.3999  C  0  0  0  0  0
   -3.6594    3.6958    4.0982  C  0  0  0  0  0
   -2.9917    2.4748    3.9721  C  0  0  0  0  0
   -3.5288    1.4632    3.1405  C  0  0  0  0  0
   -2.8006    0.2523    3.0454  C  0  0  0  0  0
   -1.6074    0.0495    3.7444  C  0  0  0  0  0
   -1.1041    1.0528    4.5595  C  0  0  0  0  0
   -1.7924    2.2583    4.6713  C  0  0  0  0  0
  1  9  1  0  0  0
  1  2  1  0  0  0
  2  3  1  0  0  0
  3  4  1  0  0  0
  4  9  1  0  0  0
  4  5  1  0  0  0
  5  6  1  0  0  0
  6  7  1  0  0  0
  7 13  2  0  0  0
  7  8  1  0  0  0
  8  9  1  0  0  0
  8 10  2  0  0  0
 10 11  1  0  0  0
 11 12  2  0  0  0
 12 17  1  0  0  0
 12 13  2  0  0  0
 13 14  1  0  0  0
 14 15  2  0  0  0
 15 16  1  0  0  0
 16 17  2  0  0  0
M  END
$$$$
c12c(N3C(CC1)CCC3)cc[c]4[c]2cccc4
  -ISIS-

 17 20  0  0  0  0  0  0  0  0  1
   -5.6877    6.1414   -1.6809  C  0  0  0  0  0
   -6.0534    7.3605   -0.8844  C  0  0  0  0  0
   -5.0548    7.2835    0.2700  C  0  0  0  0  0
   -4.7667    5.8529    0.4515  N  0  0  0  0  0
   -4.9172    5.1443   -0.8284  C  0  0  0  0  0
   -3.5734    4.8213   -1.4423  C  0  0  0  0  0
   -2.7891    3.9482   -0.4748  C  0  0  0  0  0
   -2.7396    4.5405    0.9210  C  0  0  0  0  0
   -3.7154    5.4957    1.2968  C  0  0  0  0  0
   -3.6309    6.0568    2.5762  C  0  0  0  0  0
   -2.6261    5.6882    3.4700  C  0  0  0  0  0
   -1.6774    4.7243    3.1225  C  0  0  0  0  0
   -1.7254    4.1240    1.8420  C  0  0  0  0  0
   -0.7530    3.1345    1.5582  C  0  0  0  0  0
    0.2252    2.7690    2.4873  C  0  0  0  0  0
    0.2596    3.3801    3.7320  C  0  0  0  0  0
   -0.6878    4.3507    4.0477  C  0  0  0  0  0
  1  5  1  0  0  0
  1  2  1  0  0  0
  2  3  1  0  0  0
  3  4  1  0  0  0
  4  9  1  0  0  0
  4  5  1  0  0  0
  5  6  1  0  0  0
  6  7  1  0  0  0
  7  8  1  0  0  0
  8 13  2  0  0  0
  8  9  1  0  0  0
  9 10  2  0  0  0
 10 11  1  0  0  0
 11 12  2  0  0  0
 12 17  1  0  0  0
 12 13  2  0  0  0
 13 14  1  0  0  0
 14 15  2  0  0  0
 15 16  1  0  0  0
 16 17  2  0  0  0
M  END
$$$$
c12c(N3C(CC1)CCC3)cc[c]4[c]2cccc4
  -ISIS-

 17 20  0  0  0  0  0  0  0  0  1
   -5.6877    6.1414   -1.6809  C  0  0  0  0  0
   -6.0534    7.3605   -0.8844  C  0  0  0  0  0
   -5.0548    7.2835    0.2700  C  0  0  0  0  0
   -4.7667    5.8529    0.4515  N  0  0  0  0  0
   -4.9172    5.1443   -0.8284  C  0  0  0  0  0
   -3.5734    4.8213   -1.4423  C  0  0  0  0  0
   -2.7891    3.9482   -0.4748  C  0  0  0  0  0
   -2.7396    4.5405    0.9210  C  0  0  0  0  0
   -3.7154    5.4957    1.2968  C  0  0  0  0  0
   -3.6309    6.0568    2.5762  C  0  0  0  0  0
   -2.6261    5.6882    3.4700  C  0  0  0  0  0
   -1.6774    4.7243    3.1225  C  0  0  0  0  0
   -1.7254    4.1240    1.8420  C  0  0  0  0  0
   -0.7530    3.1345    1.5582  C  0  0  0  0  0
    0.2252    2.7690    2.4873  C  0  0  0  0  0
    0.2596    3.3801    3.7320  C  0  0  0  0  0
   -0.6878    4.3507    4.0477  C  0  0  0  0  0
  1  5  1  0  0  0
  1  2  1  0  0  0
  2  3  1  0  0  0
  3  4  1  0  0  0
  4  9  1  0  0  0
  4  5  1  0  0  0
  5  6  1  0  0  0
  6  7  1  0  0  0
  7  8  1  0  0  0
  8 13  2  0  0  0
  8  9  1  0  0  0
  9 10  2  0  0  0
 10 11  1  0  0  0
 11 12  2  0  0  0
 12 17  1  0  0  0
 12 13  2  0  0  0
 13 14  1  0  0  0
 14 15  2  0  0  0
 15 16  1  0  0  0
 16 17  2  0  0  0
M  END
$$$$
