C12C3=NCCCC3CCC=1Nc4c2cccc4
  -ISIS-

 17 20  0  0  0  0  0  0  0  0  1
    1.9902   -0.2174   -4.2139  C  0  0  0  0  0
    1.1268   -1.3980   -3.6681  C  0  0  0  0  0
    1.0287   -2.6539   -4.5526  C  0  0  0  0  0
    2.3164   -2.9008   -5.2452  C  0  0  0  0  0
    2.6238   -4.0559   -5.9087  N  0  0  0  0  0
    3.8913   -3.9695   -6.4397  C  0  0  0  0  0
    4.4004   -2.7124   -6.0993  C  0  0  0  0  0
    3.3894   -2.0374   -5.3506  C  0  0  0  0  0
    3.3503   -0.7224   -4.7263  C  0  0  0  0  0
    4.4610   -0.0816   -4.6392  N  0  0  0  0  0
    4.5959    1.1751   -3.9121  C  0  0  0  0  0
    3.3014    1.7934   -3.4151  C  0  0  0  0  0
    2.2950    0.7248   -3.0221  C  0  0  0  0  0
    5.7019   -2.3809   -6.5298  C  0  0  0  0  0
    6.4421   -3.3042   -7.2769  C  0  0  0  0  0
    5.9052   -4.5475   -7.5999  C  0  0  0  0  0
    4.6184   -4.9047   -7.1871  C  0  0  0  0  0
  1  9  1  0  0  0
  1 13  1  0  0  0
  1  2  1  0  0  0
  2  3  1  0  0  0
  3  4  1  0  0  0
  4  8  2  0  0  0
  4  5  1  0  0  0
  5  6  1  0  0  0
  6 17  2  0  0  0
  6  7  1  0  0  0
  7  8  1  0  0  0
  7 14  2  0  0  0
  8  9  1  0  0  0
  9 10  2  0  0  0
 10 11  1  0  0  0
 11 12  1  0  0  0
 12 13  1  0  0  0
 14 15  1  0  0  0
 15 16  2  0  0  0
 16 17  1  0  0  0
M  END
$$$$
