c12c(OCO1)cc3c(C4C56N(CC3OC(C5)C4)CCC6)c2
  -ISIS-

 21 26  0  0  0  0  0  0  0  0  1
   -2.7195   -5.5894    5.2279  C  0  0  0  0  0
   -2.5418   -4.0897    5.5567  C  0  0  0  0  0
   -1.2476   -3.7051    6.0018  O  0  0  0  0  0
   -0.6451   -4.1978    7.1992  C  0  0  0  0  0
   -1.4088   -3.8276    8.4936  C  0  0  0  0  0
   -2.5711   -4.7761    8.7518  N  0  0  0  0  0
   -3.4038   -5.1607    7.5272  C  0  0  0  0  0
   -2.7229   -6.2456    6.6243  C  0  0  0  0  0
   -1.3138   -6.6551    7.0178  C  0  0  0  0  0
   -0.2999   -5.6752    7.1986  C  0  0  0  0  0
    1.0189   -6.0782    7.4780  C  0  0  0  0  0
    1.2846   -7.4270    7.5727  C  0  0  0  0  0
    2.4960   -7.9791    7.8443  O  0  0  0  0  0
    2.1777   -9.3864    7.7722  C  0  0  0  0  0
    0.7734   -9.6380    7.5463  O  0  0  0  0  0
    0.3038   -8.3708    7.4062  C  0  0  0  0  0
   -0.9991   -8.0216    7.1262  C  0  0  0  0  0
   -4.6898   -5.6422    8.1992  C  0  0  0  0  0
   -4.9083   -4.6392    9.3188  C  0  0  0  0  0
   -3.5172   -4.3402    9.8536  C  0  0  0  0  0
   -3.6115   -3.9276    6.6391  C  0  0  0  0  0
  1  8  1  0  0  0
  1  2  1  0  0  0
  2 21  1  0  0  0
  2  3  1  0  0  0
  3  4  1  0  0  0
  4 10  1  0  0  0
  4  5  1  0  0  0
  5  6  1  0  0  0
  6 20  1  0  0  0
  6  7  1  0  0  0
  7  8  1  0  0  0
  7 18  1  0  0  0
  7 21  1  0  0  0
  8  9  1  0  0  0
  9 17  2  0  0  0
  9 10  1  0  0  0
 10 11  2  0  0  0
 11 12  1  0  0  0
 12 16  2  0  0  0
 12 13  1  0  0  0
 13 14  1  0  0  0
 14 15  1  0  0  0
 15 16  1  0  0  0
 16 17  1  0  0  0
 18 19  1  0  0  0
 19 20  1  0  0  0
M  END
$$$$
