c12c3[c]4[c](cc1C=CCN2CO3)cccn4
  -ISIS-

 16 19  0  0  0  0  0  0  0  0  1
   -0.3950    1.0035   -2.6107  C  0  0  0  0  0
   -1.4094    0.0786   -2.5829  C  0  0  0  0  0
   -1.6952   -0.7727   -1.5442  C  0  0  0  0  0
   -2.7819   -1.5789   -1.8371  O  0  0  0  0  0
   -3.1915   -1.1777   -3.1808  C  0  0  0  0  0
   -2.2941   -0.1294   -3.6054  N  0  0  0  0  0
   -2.2579    0.5691   -4.7703  C  0  0  0  0  0
   -1.1608    1.5948   -4.8427  C  0  0  0  0  0
   -0.2788    1.8116   -3.8399  C  0  0  0  0  0
   -0.9398   -0.7567   -0.3914  C  0  0  0  0  0
    0.1372    0.1804   -0.3434  C  0  0  0  0  0
    0.9182    0.2011    0.8389  C  0  0  0  0  0
    0.6048   -0.6776    1.8812  C  0  0  0  0  0
   -0.4602   -1.5428    1.7274  C  0  0  0  0  0
   -1.2273   -1.5963    0.6232  N  0  0  0  0  0
    0.3893    1.0476   -1.4614  C  0  0  0  0  0
  1  9  1  0  0  0
  1 16  2  0  0  0
  1  2  2  0  0  0
  2  6  1  0  0  0
  2  3  2  0  0  0
  3  4  1  0  0  0
  3 10  1  0  0  0
  4  5  1  0  0  0
  5  6  1  0  0  0
  6  7  1  0  0  0
  7  8  1  0  0  0
  8  9  2  0  0  0
 10 15  1  0  0  0
 10 11  2  0  0  0
 11 12  1  0  0  0
 11 16  1  0  0  0
 12 13  2  0  0  0
 13 14  1  0  0  0
 14 15  2  0  0  0
M  END
$$$$
