c12c(ocn1)C=CC2
  -ISIS-

  8  9  0  0  0  0  0  0  0  0  1
   -7.2194   -3.0650    0.5183  C  0  0  0  0  0
   -7.4964   -4.4987    0.2789  C  0  0  0  0  0
   -7.0749   -4.5776   -1.2101  C  0  0  0  0  0
   -6.6448   -3.3847   -1.7219  C  0  0  0  0  0
   -6.7491   -2.4869   -0.6301  C  0  0  0  0  0
   -6.5410   -1.1737   -0.3723  O  0  0  0  0  0
   -6.9368   -1.0567    0.9417  C  0  0  0  0  0
   -7.3608   -2.1660    1.5185  N  0  0  0  0  0
  1  5  2  0  0  0
  1  8  1  0  0  0
  1  2  1  0  0  0
  2  3  1  0  0  0
  3  4  2  0  0  0
  4  5  1  0  0  0
  5  6  1  0  0  0
  6  7  1  0  0  0
  7  8  2  0  0  0
M  END
$$$$
