c12c3c(ccc1NC=N2)NC=CC3
  -ISIS-

 13 15  0  0  0  0  0  0  0  0  1
    2.3092   -5.6981   -5.3724  C  0  0  0  0  0
    3.4685   -6.5626   -5.7368  C  0  0  0  0  0
    4.6309   -6.3528   -5.0978  C  0  0  0  0  0
    4.8473   -5.3892   -4.1480  N  0  0  0  0  0
    3.8601   -4.4272   -3.8755  C  0  0  0  0  0
    4.1261   -3.3892   -2.9746  C  0  0  0  0  0
    3.1566   -2.4339   -2.6530  C  0  0  0  0  0
    1.9086   -2.5698   -3.2634  C  0  0  0  0  0
    1.5889   -3.5978   -4.1529  C  0  0  0  0  0
    2.5770   -4.5541   -4.4587  C  0  0  0  0  0
    0.2858   -3.4509   -4.5805  N  0  0  0  0  0
   -0.1799   -2.3856   -3.9754  C  0  0  0  0  0
    0.7618   -1.8199   -3.1689  N  0  0  0  0  0
  1 10  1  0  0  0
  1  2  1  0  0  0
  2  3  2  0  0  0
  3  4  1  0  0  0
  4  5  1  0  0  0
  5 10  2  0  0  0
  5  6  1  0  0  0
  6  7  2  0  0  0
  7  8  1  0  0  0
  8 13  1  0  0  0
  8  9  2  0  0  0
  9 10  1  0  0  0
  9 11  1  0  0  0
 11 12  2  0  0  0
 12 13  1  0  0  0
M  END
$$$$
