c12c(cccc1)CN3C2OCC3
  -ISIS-

 12 14  0  0  0  0  0  0  0  0  1
   -1.5340   -1.9411    3.6853  C  0  0  0  0  0
   -0.9799   -0.6592    4.1320  C  0  0  0  0  0
   -1.6669    0.3582    3.4740  C  0  0  0  0  0
   -2.7464   -0.2435    2.6214  C  0  0  0  0  0
   -2.6320   -1.6638    2.8782  N  0  0  0  0  0
   -2.8135   -2.3837    1.6549  C  0  0  0  0  0
   -2.2233   -1.4072    0.6607  C  0  0  0  0  0
   -2.4392   -0.0920    1.2184  O  0  0  0  0  0
   -1.3006    1.6806    3.6698  C  0  0  0  0  0
   -0.2395    1.9524    4.5413  C  0  0  0  0  0
    0.4443    0.9111    5.1959  C  0  0  0  0  0
    0.0786   -0.4194    4.9877  C  0  0  0  0  0
  1  5  1  0  0  0
  1  2  1  0  0  0
  2 12  2  0  0  0
  2  3  1  0  0  0
  3  4  1  0  0  0
  3  9  2  0  0  0
  4  8  1  0  0  0
  4  5  1  0  0  0
  5  6  1  0  0  0
  6  7  1  0  0  0
  7  8  1  0  0  0
  9 10  1  0  0  0
 10 11  2  0  0  0
 11 12  1  0  0  0
M  END
$$$$
