c12c(SC=CN1)cco2
  -ISIS-

  9 10  0  0  0  0  0  0  0  0  1
   -1.8455   -3.6869    4.6387  S  0  0  0  0  0
   -3.2262   -4.2286    3.7430  C  0  0  0  0  0
   -3.0514   -4.8663    2.5612  C  0  0  0  0  0
   -1.8277   -5.1425    1.9669  N  0  0  0  0  0
   -0.6702   -4.7878    2.5356  C  0  0  0  0  0
   -0.4859   -4.1379    3.7154  C  0  0  0  0  0
    0.9057   -3.9783    3.9090  C  0  0  0  0  0
    1.4780   -4.5661    2.7853  C  0  0  0  0  0
    0.5116   -5.0619    1.9466  O  0  0  0  0  0
  1  6  1  0  0  0
  1  2  1  0  0  0
  2  3  2  0  0  0
  3  4  1  0  0  0
  4  5  1  0  0  0
  5  9  1  0  0  0
  5  6  2  0  0  0
  6  7  1  0  0  0
  7  8  2  0  0  0
  8  9  1  0  0  0
M  END
$$$$
