c12c(C3C(O1)OCC3)cccc2
  -ISIS-

 12 14  0  0  0  0  0  0  0  0  1
    6.2303    4.5272   -1.9117  C  0  0  0  0  0
    6.9298    5.4143   -1.0903  C  0  0  0  0  0
    6.7429    6.8085   -1.2066  C  0  0  0  0  0
    5.8508    7.3243   -2.1527  C  0  0  0  0  0
    5.1738    6.4209   -2.9464  C  0  0  0  0  0
    4.2351    6.7607   -3.9181  O  0  0  0  0  0
    3.5325    5.5084   -3.9955  C  0  0  0  0  0
    4.5977    4.4346   -3.9472  C  0  0  0  0  0
    5.3628    5.0355   -2.8473  C  0  0  0  0  0
    3.6997    3.2414   -4.0163  C  0  0  0  0  0
    2.7302    3.7664   -5.0662  C  0  0  0  0  0
    2.7898    5.1466   -5.1402  O  0  0  0  0  0
  1  9  2  0  0  0
  1  2  1  0  0  0
  2  3  2  0  0  0
  3  4  1  0  0  0
  4  5  2  0  0  0
  5  9  1  0  0  0
  5  6  1  0  0  0
  6  7  1  0  0  0
  7 12  1  0  0  0
  7  8  1  0  0  0
  8  9  1  0  0  0
  8 10  1  0  0  0
 10 11  1  0  0  0
 11 12  1  0  0  0
M  END
$$$$
c12c(C3C(O1)OCC3)cccc2
  -ISIS-

 12 14  0  0  0  0  0  0  0  0  1
    6.2303    4.5272   -1.9117  C  0  0  0  0  0
    6.9298    5.4143   -1.0903  C  0  0  0  0  0
    6.7429    6.8085   -1.2066  C  0  0  0  0  0
    5.8508    7.3243   -2.1527  C  0  0  0  0  0
    5.1738    6.4209   -2.9464  C  0  0  0  0  0
    4.2351    6.7607   -3.9181  O  0  0  0  0  0
    3.5325    5.5084   -3.9955  C  0  0  0  0  0
    4.5977    4.4346   -3.9472  C  0  0  0  0  0
    5.3628    5.0355   -2.8473  C  0  0  0  0  0
    3.6997    3.2414   -4.0163  C  0  0  0  0  0
    2.7302    3.7664   -5.0662  C  0  0  0  0  0
    2.7898    5.1466   -5.1402  O  0  0  0  0  0
  1  9  2  0  0  0
  1  2  1  0  0  0
  2  3  2  0  0  0
  3  4  1  0  0  0
  4  5  2  0  0  0
  5  9  1  0  0  0
  5  6  1  0  0  0
  6  7  1  0  0  0
  7 12  1  0  0  0
  7  8  1  0  0  0
  8  9  1  0  0  0
  8 10  1  0  0  0
 10 11  1  0  0  0
 11 12  1  0  0  0
M  END
$$$$
c12c(C3C(O1)OCC3)cccc2
  -ISIS-

 12 14  0  0  0  0  0  0  0  0  1
    6.2303    4.5272   -1.9117  C  0  0  0  0  0
    6.9298    5.4143   -1.0903  C  0  0  0  0  0
    6.7429    6.8085   -1.2066  C  0  0  0  0  0
    5.8508    7.3243   -2.1527  C  0  0  0  0  0
    5.1738    6.4209   -2.9464  C  0  0  0  0  0
    4.2351    6.7607   -3.9181  O  0  0  0  0  0
    3.5325    5.5084   -3.9955  C  0  0  0  0  0
    4.5977    4.4346   -3.9472  C  0  0  0  0  0
    5.3628    5.0355   -2.8473  C  0  0  0  0  0
    3.6997    3.2414   -4.0163  C  0  0  0  0  0
    2.7302    3.7664   -5.0662  C  0  0  0  0  0
    2.7898    5.1466   -5.1402  O  0  0  0  0  0
  1  9  2  0  0  0
  1  2  1  0  0  0
  2  3  2  0  0  0
  3  4  1  0  0  0
  4  5  2  0  0  0
  5  9  1  0  0  0
  5  6  1  0  0  0
  6  7  1  0  0  0
  7 12  1  0  0  0
  7  8  1  0  0  0
  8  9  1  0  0  0
  8 10  1  0  0  0
 10 11  1  0  0  0
 11 12  1  0  0  0
M  END
$$$$
c12c(C3C(O1)OCC3)cccc2
  -ISIS-

 12 14  0  0  0  0  0  0  0  0  1
   -0.1131    3.0840    1.2809  C  0  0  0  0  0
    1.2370    3.0651    1.6440  C  0  0  0  0  0
    1.7344    3.9162    2.6581  C  0  0  0  0  0
    0.8934    4.7987    3.3384  C  0  0  0  0  0
   -0.4324    4.7942    2.9796  C  0  0  0  0  0
   -1.4263    5.5735    3.5647  O  0  0  0  0  0
   -2.5692    4.7807    3.2018  C  0  0  0  0  0
   -2.3346    4.3494    1.7720  C  0  0  0  0  0
   -0.9286    3.9622    1.9624  C  0  0  0  0  0
   -3.5755    3.5380    1.5842  C  0  0  0  0  0
   -4.5457    4.4711    2.2960  C  0  0  0  0  0
   -3.8673    5.3316    3.1417  O  0  0  0  0  0
  1  9  2  0  0  0
  1  2  1  0  0  0
  2  3  2  0  0  0
  3  4  1  0  0  0
  4  5  2  0  0  0
  5  9  1  0  0  0
  5  6  1  0  0  0
  6  7  1  0  0  0
  7 12  1  0  0  0
  7  8  1  0  0  0
  8  9  1  0  0  0
  8 10  1  0  0  0
 10 11  1  0  0  0
 11 12  1  0  0  0
M  END
$$$$
c12c(C3C(O1)OCC3)cccc2
  -ISIS-

 12 14  0  0  0  0  0  0  0  0  1
   -0.1131    3.0840    1.2809  C  0  0  0  0  0
    1.2370    3.0651    1.6440  C  0  0  0  0  0
    1.7344    3.9162    2.6581  C  0  0  0  0  0
    0.8934    4.7987    3.3384  C  0  0  0  0  0
   -0.4324    4.7942    2.9796  C  0  0  0  0  0
   -1.4263    5.5735    3.5647  O  0  0  0  0  0
   -2.5692    4.7807    3.2018  C  0  0  0  0  0
   -2.3346    4.3494    1.7720  C  0  0  0  0  0
   -0.9286    3.9622    1.9624  C  0  0  0  0  0
   -3.5755    3.5380    1.5842  C  0  0  0  0  0
   -4.5457    4.4711    2.2960  C  0  0  0  0  0
   -3.8673    5.3316    3.1417  O  0  0  0  0  0
  1  9  2  0  0  0
  1  2  1  0  0  0
  2  3  2  0  0  0
  3  4  1  0  0  0
  4  5  2  0  0  0
  5  9  1  0  0  0
  5  6  1  0  0  0
  6  7  1  0  0  0
  7 12  1  0  0  0
  7  8  1  0  0  0
  8  9  1  0  0  0
  8 10  1  0  0  0
 10 11  1  0  0  0
 11 12  1  0  0  0
M  END
$$$$
c12c(C3C(O1)OCC3)cccc2
  -ISIS-

 12 14  0  0  0  0  0  0  0  0  1
    4.2291    1.1591    0.4971  C  0  0  0  0  0
    3.3039    1.5384    1.4751  C  0  0  0  0  0
    1.9076    1.4267    1.2616  C  0  0  0  0  0
    1.4119    0.9159    0.0601  C  0  0  0  0  0
    2.3371    0.5255   -0.8811  C  0  0  0  0  0
    2.0318   -0.0452   -2.1146  O  0  0  0  0  0
    3.2835   -0.7065   -2.3674  C  0  0  0  0  0
    4.3576    0.2695   -1.9448  C  0  0  0  0  0
    3.7195    0.6510   -0.6760  C  0  0  0  0  0
    5.5508   -0.5783   -2.2469  C  0  0  0  0  0
    5.0653   -1.1597   -3.5681  C  0  0  0  0  0
    3.6889   -1.0555   -3.6733  O  0  0  0  0  0
  1  9  2  0  0  0
  1  2  1  0  0  0
  2  3  2  0  0  0
  3  4  1  0  0  0
  4  5  2  0  0  0
  5  9  1  0  0  0
  5  6  1  0  0  0
  6  7  1  0  0  0
  7 12  1  0  0  0
  7  8  1  0  0  0
  8  9  1  0  0  0
  8 10  1  0  0  0
 10 11  1  0  0  0
 11 12  1  0  0  0
M  END
$$$$
c12c(C3C(O1)OCC3)cccc2
  -ISIS-

 12 14  0  0  0  0  0  0  0  0  1
    4.2291    1.1591    0.4971  C  0  0  0  0  0
    3.3039    1.5384    1.4751  C  0  0  0  0  0
    1.9076    1.4267    1.2616  C  0  0  0  0  0
    1.4119    0.9159    0.0601  C  0  0  0  0  0
    2.3371    0.5255   -0.8811  C  0  0  0  0  0
    2.0318   -0.0452   -2.1146  O  0  0  0  0  0
    3.2835   -0.7065   -2.3674  C  0  0  0  0  0
    4.3576    0.2695   -1.9448  C  0  0  0  0  0
    3.7195    0.6510   -0.6760  C  0  0  0  0  0
    5.5508   -0.5783   -2.2469  C  0  0  0  0  0
    5.0653   -1.1597   -3.5681  C  0  0  0  0  0
    3.6889   -1.0555   -3.6733  O  0  0  0  0  0
  1  9  2  0  0  0
  1  2  1  0  0  0
  2  3  2  0  0  0
  3  4  1  0  0  0
  4  5  2  0  0  0
  5  9  1  0  0  0
  5  6  1  0  0  0
  6  7  1  0  0  0
  7 12  1  0  0  0
  7  8  1  0  0  0
  8  9  1  0  0  0
  8 10  1  0  0  0
 10 11  1  0  0  0
 11 12  1  0  0  0
M  END
$$$$
c12c(C3C(O1)OCC3)cccc2
  -ISIS-

 12 14  0  0  0  0  0  0  0  0  1
    4.2291    1.1591    0.4971  C  0  0  0  0  0
    3.3039    1.5384    1.4751  C  0  0  0  0  0
    1.9076    1.4267    1.2616  C  0  0  0  0  0
    1.4119    0.9159    0.0601  C  0  0  0  0  0
    2.3371    0.5255   -0.8811  C  0  0  0  0  0
    2.0318   -0.0452   -2.1146  O  0  0  0  0  0
    3.2835   -0.7065   -2.3674  C  0  0  0  0  0
    4.3576    0.2695   -1.9448  C  0  0  0  0  0
    3.7195    0.6510   -0.6760  C  0  0  0  0  0
    5.5508   -0.5783   -2.2469  C  0  0  0  0  0
    5.0653   -1.1597   -3.5681  C  0  0  0  0  0
    3.6889   -1.0555   -3.6733  O  0  0  0  0  0
  1  9  2  0  0  0
  1  2  1  0  0  0
  2  3  2  0  0  0
  3  4  1  0  0  0
  4  5  2  0  0  0
  5  9  1  0  0  0
  5  6  1  0  0  0
  6  7  1  0  0  0
  7 12  1  0  0  0
  7  8  1  0  0  0
  8  9  1  0  0  0
  8 10  1  0  0  0
 10 11  1  0  0  0
 11 12  1  0  0  0
M  END
$$$$
c12c(C3C(O1)OCC3)cccc2
  -ISIS-

 12 14  0  0  0  0  0  0  0  0  1
    2.5934    6.0792   -3.7646  C  0  0  0  0  0
    3.7772    5.5578   -3.2263  C  0  0  0  0  0
    4.4149    6.1725   -2.1236  C  0  0  0  0  0
    3.8586    7.3059   -1.5224  C  0  0  0  0  0
    2.6897    7.7951   -2.0523  C  0  0  0  0  0
    1.9828    8.8926   -1.5695  O  0  0  0  0  0
    0.6912    8.5824   -2.1185  C  0  0  0  0  0
    0.9506    8.0849   -3.5225  C  0  0  0  0  0
    2.0717    7.2034   -3.1632  C  0  0  0  0  0
   -0.4622    7.7935   -3.9133  C  0  0  0  0  0
   -1.1090    9.0261   -3.2955  C  0  0  0  0  0
   -0.2881    9.5770   -2.3268  O  0  0  0  0  0
  1  9  2  0  0  0
  1  2  1  0  0  0
  2  3  2  0  0  0
  3  4  1  0  0  0
  4  5  2  0  0  0
  5  9  1  0  0  0
  5  6  1  0  0  0
  6  7  1  0  0  0
  7 12  1  0  0  0
  7  8  1  0  0  0
  8  9  1  0  0  0
  8 10  1  0  0  0
 10 11  1  0  0  0
 11 12  1  0  0  0
M  END
$$$$
c12c(C3C(O1)OCC3)cccc2
  -ISIS-

 12 14  0  0  0  0  0  0  0  0  1
    2.5934    6.0792   -3.7646  C  0  0  0  0  0
    3.7772    5.5578   -3.2263  C  0  0  0  0  0
    4.4149    6.1725   -2.1236  C  0  0  0  0  0
    3.8586    7.3059   -1.5224  C  0  0  0  0  0
    2.6897    7.7951   -2.0523  C  0  0  0  0  0
    1.9828    8.8926   -1.5695  O  0  0  0  0  0
    0.6912    8.5824   -2.1185  C  0  0  0  0  0
    0.9506    8.0849   -3.5225  C  0  0  0  0  0
    2.0717    7.2034   -3.1632  C  0  0  0  0  0
   -0.4622    7.7935   -3.9133  C  0  0  0  0  0
   -1.1090    9.0261   -3.2955  C  0  0  0  0  0
   -0.2881    9.5770   -2.3268  O  0  0  0  0  0
  1  9  2  0  0  0
  1  2  1  0  0  0
  2  3  2  0  0  0
  3  4  1  0  0  0
  4  5  2  0  0  0
  5  9  1  0  0  0
  5  6  1  0  0  0
  6  7  1  0  0  0
  7 12  1  0  0  0
  7  8  1  0  0  0
  8  9  1  0  0  0
  8 10  1  0  0  0
 10 11  1  0  0  0
 11 12  1  0  0  0
M  END
$$$$
c12c(C3C(O1)OCC3)cccc2
  -ISIS-

 12 14  0  0  0  0  0  0  0  0  1
    2.5934    6.0792   -3.7646  C  0  0  0  0  0
    3.7772    5.5578   -3.2263  C  0  0  0  0  0
    4.4149    6.1725   -2.1236  C  0  0  0  0  0
    3.8586    7.3059   -1.5224  C  0  0  0  0  0
    2.6897    7.7951   -2.0523  C  0  0  0  0  0
    1.9828    8.8926   -1.5695  O  0  0  0  0  0
    0.6912    8.5824   -2.1185  C  0  0  0  0  0
    0.9506    8.0849   -3.5225  C  0  0  0  0  0
    2.0717    7.2034   -3.1632  C  0  0  0  0  0
   -0.4622    7.7935   -3.9133  C  0  0  0  0  0
   -1.1090    9.0261   -3.2955  C  0  0  0  0  0
   -0.2881    9.5770   -2.3268  O  0  0  0  0  0
  1  9  2  0  0  0
  1  2  1  0  0  0
  2  3  2  0  0  0
  3  4  1  0  0  0
  4  5  2  0  0  0
  5  9  1  0  0  0
  5  6  1  0  0  0
  6  7  1  0  0  0
  7 12  1  0  0  0
  7  8  1  0  0  0
  8  9  1  0  0  0
  8 10  1  0  0  0
 10 11  1  0  0  0
 11 12  1  0  0  0
M  END
$$$$
c12c(C3C(O1)OCC3)cccc2
  -ISIS-

 12 14  0  0  0  0  0  0  0  0  1
   -2.9832   -1.7411    4.6364  C  0  0  0  0  0
   -3.2398   -1.4857    3.2717  C  0  0  0  0  0
   -2.1872   -1.4110    2.3543  C  0  0  0  0  0
   -0.9032   -1.5701    2.8093  C  0  0  0  0  0
    0.3921   -1.6704    2.1233  C  0  0  0  0  0
    1.2229   -1.2126    3.3114  C  0  0  0  0  0
    0.7053   -1.9121    4.4533  O  0  0  0  0  0
   -0.6532   -1.8098    4.1669  C  0  0  0  0  0
   -1.6690   -1.9111    5.0902  C  0  0  0  0  0
    2.5612   -1.4050    2.8575  O  0  0  0  0  0
    2.5139   -1.0178    1.4527  C  0  0  0  0  0
    1.0339   -0.8253    1.0665  C  0  0  0  0  0
  1  9  2  0  0  0
  1  2  1  0  0  0
  2  3  2  0  0  0
  3  4  1  0  0  0
  4  8  2  0  0  0
  4  5  1  0  0  0
  5 12  1  0  0  0
  5  6  1  0  0  0
  6  7  1  0  0  0
  6 10  1  0  0  0
  7  8  1  0  0  0
  8  9  1  0  0  0
 10 11  1  0  0  0
 11 12  1  0  0  0
M  END
$$$$
c12c(C3C(O1)OCC3)cccc2
  -ISIS-

 12 14  0  0  0  0  0  0  0  0  1
   -2.9832   -1.7411    4.6364  C  0  0  0  0  0
   -3.2398   -1.4857    3.2717  C  0  0  0  0  0
   -2.1872   -1.4110    2.3543  C  0  0  0  0  0
   -0.9032   -1.5701    2.8093  C  0  0  0  0  0
    0.3921   -1.6704    2.1233  C  0  0  0  0  0
    1.2229   -1.2126    3.3114  C  0  0  0  0  0
    0.7053   -1.9121    4.4533  O  0  0  0  0  0
   -0.6532   -1.8098    4.1669  C  0  0  0  0  0
   -1.6690   -1.9111    5.0902  C  0  0  0  0  0
    2.5612   -1.4050    2.8575  O  0  0  0  0  0
    2.5139   -1.0178    1.4527  C  0  0  0  0  0
    1.0339   -0.8253    1.0665  C  0  0  0  0  0
  1  9  2  0  0  0
  1  2  1  0  0  0
  2  3  2  0  0  0
  3  4  1  0  0  0
  4  8  2  0  0  0
  4  5  1  0  0  0
  5 12  1  0  0  0
  5  6  1  0  0  0
  6  7  1  0  0  0
  6 10  1  0  0  0
  7  8  1  0  0  0
  8  9  1  0  0  0
 10 11  1  0  0  0
 11 12  1  0  0  0
M  END
$$$$
