c12c3c(C4C(c1cccc2)CC4)cccc3
  -ISIS-

 16 19  0  0  0  0  0  0  0  0  1
   -0.8588    6.4147    2.7041  C  0  0  0  0  0
    0.4562    6.0820    1.9462  C  0  0  0  0  0
   -0.5961    5.4933    0.8536  C  0  0  0  0  0
   -1.5344    6.6367    1.2948  C  0  0  0  0  0
    0.2017    5.0945   -0.4392  C  0  0  0  0  0
    1.4093    4.3368   -0.2347  C  0  0  0  0  0
    1.8443    4.0007    1.1780  C  0  0  0  0  0
    2.6544    2.8872    1.4661  C  0  0  0  0  0
    3.0404    2.5906    2.7773  C  0  0  0  0  0
    2.6231    3.3975    3.8314  C  0  0  0  0  0
    1.8100    4.4999    3.5814  C  0  0  0  0  0
    1.4002    4.8200    2.2754  C  0  0  0  0  0
    2.1610    3.9550   -1.3606  C  0  0  0  0  0
    1.7428    4.2828   -2.6529  C  0  0  0  0  0
    0.5690    5.0043   -2.8453  C  0  0  0  0  0
   -0.1918    5.4049   -1.7485  C  0  0  0  0  0
  1  4  1  0  0  0
  1  2  1  0  0  0
  2 12  1  0  0  0
  2  3  1  0  0  0
  3  4  1  0  0  0
  3  5  1  0  0  0
  5 16  2  0  0  0
  5  6  1  0  0  0
  6  7  1  0  0  0
  6 13  2  0  0  0
  7 12  2  0  0  0
  7  8  1  0  0  0
  8  9  2  0  0  0
  9 10  1  0  0  0
 10 11  2  0  0  0
 11 12  1  0  0  0
 13 14  1  0  0  0
 14 15  2  0  0  0
 15 16  1  0  0  0
M  END
$$$$
c12c3c(C4C(c1cccc2)CC4)cccc3
  -ISIS-

 16 19  0  0  0  0  0  0  0  0  1
   -0.8588    6.4147    2.7041  C  0  0  0  0  0
    0.4562    6.0820    1.9462  C  0  0  0  0  0
   -0.5961    5.4933    0.8536  C  0  0  0  0  0
   -1.5344    6.6367    1.2948  C  0  0  0  0  0
    0.2017    5.0945   -0.4392  C  0  0  0  0  0
    1.4093    4.3368   -0.2347  C  0  0  0  0  0
    1.8443    4.0007    1.1780  C  0  0  0  0  0
    2.6544    2.8872    1.4661  C  0  0  0  0  0
    3.0404    2.5906    2.7773  C  0  0  0  0  0
    2.6231    3.3975    3.8314  C  0  0  0  0  0
    1.8100    4.4999    3.5814  C  0  0  0  0  0
    1.4002    4.8200    2.2754  C  0  0  0  0  0
    2.1610    3.9550   -1.3606  C  0  0  0  0  0
    1.7428    4.2828   -2.6529  C  0  0  0  0  0
    0.5690    5.0043   -2.8453  C  0  0  0  0  0
   -0.1918    5.4049   -1.7485  C  0  0  0  0  0
  1  4  1  0  0  0
  1  2  1  0  0  0
  2 12  1  0  0  0
  2  3  1  0  0  0
  3  4  1  0  0  0
  3  5  1  0  0  0
  5 16  2  0  0  0
  5  6  1  0  0  0
  6  7  1  0  0  0
  6 13  2  0  0  0
  7 12  2  0  0  0
  7  8  1  0  0  0
  8  9  2  0  0  0
  9 10  1  0  0  0
 10 11  2  0  0  0
 11 12  1  0  0  0
 13 14  1  0  0  0
 14 15  2  0  0  0
 15 16  1  0  0  0
M  END
$$$$
c12c3c(C4C(c1cccc2)CC4)cccc3
  -ISIS-

 16 19  0  0  0  0  0  0  0  0  1
   -0.8588    6.4147    2.7041  C  0  0  0  0  0
    0.4562    6.0820    1.9462  C  0  0  0  0  0
   -0.5961    5.4933    0.8536  C  0  0  0  0  0
   -1.5344    6.6367    1.2948  C  0  0  0  0  0
    0.2017    5.0945   -0.4392  C  0  0  0  0  0
    1.4093    4.3368   -0.2347  C  0  0  0  0  0
    1.8443    4.0007    1.1780  C  0  0  0  0  0
    2.6544    2.8872    1.4661  C  0  0  0  0  0
    3.0404    2.5906    2.7773  C  0  0  0  0  0
    2.6231    3.3975    3.8314  C  0  0  0  0  0
    1.8100    4.4999    3.5814  C  0  0  0  0  0
    1.4002    4.8200    2.2754  C  0  0  0  0  0
    2.1610    3.9550   -1.3606  C  0  0  0  0  0
    1.7428    4.2828   -2.6529  C  0  0  0  0  0
    0.5690    5.0043   -2.8453  C  0  0  0  0  0
   -0.1918    5.4049   -1.7485  C  0  0  0  0  0
  1  4  1  0  0  0
  1  2  1  0  0  0
  2 12  1  0  0  0
  2  3  1  0  0  0
  3  4  1  0  0  0
  3  5  1  0  0  0
  5 16  2  0  0  0
  5  6  1  0  0  0
  6  7  1  0  0  0
  6 13  2  0  0  0
  7 12  2  0  0  0
  7  8  1  0  0  0
  8  9  2  0  0  0
  9 10  1  0  0  0
 10 11  2  0  0  0
 11 12  1  0  0  0
 13 14  1  0  0  0
 14 15  2  0  0  0
 15 16  1  0  0  0
M  END
$$$$
c12c3c(C4C(c1cccc2)CC4)cccc3
  -ISIS-

 16 19  0  0  0  0  0  0  0  0  1
    4.6016    3.2723    4.2436  C  0  0  0  0  0
    4.5320    3.8220    2.7872  C  0  0  0  0  0
    3.4071    2.6466    2.6418  C  0  0  0  0  0
    3.0691    2.8990    4.1157  C  0  0  0  0  0
    2.6724    2.8325    1.2666  C  0  0  0  0  0
    3.5180    3.0418    0.1221  C  0  0  0  0  0
    5.0176    3.0756    0.3157  C  0  0  0  0  0
    5.9104    2.7186   -0.7110  C  0  0  0  0  0
    7.2933    2.7309   -0.5046  C  0  0  0  0  0
    7.8146    3.0958    0.7328  C  0  0  0  0  0
    6.9560    3.4422    1.7731  C  0  0  0  0  0
    5.5608    3.4399    1.5981  C  0  0  0  0  0
    2.9173    3.2275   -1.1350  C  0  0  0  0  0
    1.5283    3.1917   -1.2811  C  0  0  0  0  0
    0.7146    2.9754   -0.1733  C  0  0  0  0  0
    1.2827    2.7983    1.0872  C  0  0  0  0  0
  1  4  1  0  0  0
  1  2  1  0  0  0
  2 12  1  0  0  0
  2  3  1  0  0  0
  3  4  1  0  0  0
  3  5  1  0  0  0
  5 16  2  0  0  0
  5  6  1  0  0  0
  6  7  1  0  0  0
  6 13  2  0  0  0
  7 12  2  0  0  0
  7  8  1  0  0  0
  8  9  2  0  0  0
  9 10  1  0  0  0
 10 11  2  0  0  0
 11 12  1  0  0  0
 13 14  1  0  0  0
 14 15  2  0  0  0
 15 16  1  0  0  0
M  END
$$$$
c12c3c(C4C(c1cccc2)CC4)cccc3
  -ISIS-

 16 19  0  0  0  0  0  0  0  0  1
    4.6016    3.2723    4.2436  C  0  0  0  0  0
    4.5320    3.8220    2.7872  C  0  0  0  0  0
    3.4071    2.6466    2.6418  C  0  0  0  0  0
    3.0691    2.8990    4.1157  C  0  0  0  0  0
    2.6724    2.8325    1.2666  C  0  0  0  0  0
    3.5180    3.0418    0.1221  C  0  0  0  0  0
    5.0176    3.0756    0.3157  C  0  0  0  0  0
    5.9104    2.7186   -0.7110  C  0  0  0  0  0
    7.2933    2.7309   -0.5046  C  0  0  0  0  0
    7.8146    3.0958    0.7328  C  0  0  0  0  0
    6.9560    3.4422    1.7731  C  0  0  0  0  0
    5.5608    3.4399    1.5981  C  0  0  0  0  0
    2.9173    3.2275   -1.1350  C  0  0  0  0  0
    1.5283    3.1917   -1.2811  C  0  0  0  0  0
    0.7146    2.9754   -0.1733  C  0  0  0  0  0
    1.2827    2.7983    1.0872  C  0  0  0  0  0
  1  4  1  0  0  0
  1  2  1  0  0  0
  2 12  1  0  0  0
  2  3  1  0  0  0
  3  4  1  0  0  0
  3  5  1  0  0  0
  5 16  2  0  0  0
  5  6  1  0  0  0
  6  7  1  0  0  0
  6 13  2  0  0  0
  7 12  2  0  0  0
  7  8  1  0  0  0
  8  9  2  0  0  0
  9 10  1  0  0  0
 10 11  2  0  0  0
 11 12  1  0  0  0
 13 14  1  0  0  0
 14 15  2  0  0  0
 15 16  1  0  0  0
M  END
$$$$
c12c3c(C4C(c1cccc2)CC4)cccc3
  -ISIS-

 16 19  0  0  0  0  0  0  0  0  1
    4.6016    3.2723    4.2436  C  0  0  0  0  0
    4.5320    3.8220    2.7872  C  0  0  0  0  0
    3.4071    2.6466    2.6418  C  0  0  0  0  0
    3.0691    2.8990    4.1157  C  0  0  0  0  0
    2.6724    2.8325    1.2666  C  0  0  0  0  0
    3.5180    3.0418    0.1221  C  0  0  0  0  0
    5.0176    3.0756    0.3157  C  0  0  0  0  0
    5.9104    2.7186   -0.7110  C  0  0  0  0  0
    7.2933    2.7309   -0.5046  C  0  0  0  0  0
    7.8146    3.0958    0.7328  C  0  0  0  0  0
    6.9560    3.4422    1.7731  C  0  0  0  0  0
    5.5608    3.4399    1.5981  C  0  0  0  0  0
    2.9173    3.2275   -1.1350  C  0  0  0  0  0
    1.5283    3.1917   -1.2811  C  0  0  0  0  0
    0.7146    2.9754   -0.1733  C  0  0  0  0  0
    1.2827    2.7983    1.0872  C  0  0  0  0  0
  1  4  1  0  0  0
  1  2  1  0  0  0
  2 12  1  0  0  0
  2  3  1  0  0  0
  3  4  1  0  0  0
  3  5  1  0  0  0
  5 16  2  0  0  0
  5  6  1  0  0  0
  6  7  1  0  0  0
  6 13  2  0  0  0
  7 12  2  0  0  0
  7  8  1  0  0  0
  8  9  2  0  0  0
  9 10  1  0  0  0
 10 11  2  0  0  0
 11 12  1  0  0  0
 13 14  1  0  0  0
 14 15  2  0  0  0
 15 16  1  0  0  0
M  END
$$$$
c12c3c(C4C(c1cccc2)CC4)cccc3
  -ISIS-

 16 19  0  0  0  0  0  0  0  0  1
    1.8299   -4.6910    3.4282  C  0  0  0  0  0
    3.3474   -4.8385    3.9106  C  0  0  0  0  0
    2.6418   -5.4048    5.2334  C  0  0  0  0  0
    1.5186   -5.9464    4.3579  C  0  0  0  0  0
    3.6958   -5.9585    6.2286  C  0  0  0  0  0
    4.8028   -5.0816    6.5017  C  0  0  0  0  0
    4.9152   -3.7684    5.7385  C  0  0  0  0  0
    5.6603   -2.6828    6.2311  C  0  0  0  0  0
    5.7915   -1.5007    5.4952  C  0  0  0  0  0
    5.1843   -1.3760    4.2490  C  0  0  0  0  0
    4.4263   -2.4254    3.7363  C  0  0  0  0  0
    4.2569   -3.6197    4.4583  C  0  0  0  0  0
    5.7770   -5.5075    7.4202  C  0  0  0  0  0
    5.6702   -6.7445    8.0631  C  0  0  0  0  0
    4.5931   -7.5848    7.7947  C  0  0  0  0  0
    3.6144   -7.1945    6.8838  C  0  0  0  0  0
  1  4  1  0  0  0
  1  2  1  0  0  0
  2 12  1  0  0  0
  2  3  1  0  0  0
  3  4  1  0  0  0
  3  5  1  0  0  0
  5 16  2  0  0  0
  5  6  1  0  0  0
  6  7  1  0  0  0
  6 13  2  0  0  0
  7 12  2  0  0  0
  7  8  1  0  0  0
  8  9  2  0  0  0
  9 10  1  0  0  0
 10 11  2  0  0  0
 11 12  1  0  0  0
 13 14  1  0  0  0
 14 15  2  0  0  0
 15 16  1  0  0  0
M  END
$$$$
c12c3c(C4C(c1cccc2)CC4)cccc3
  -ISIS-

 16 19  0  0  0  0  0  0  0  0  1
    1.8299   -4.6910    3.4282  C  0  0  0  0  0
    3.3474   -4.8385    3.9106  C  0  0  0  0  0
    2.6418   -5.4048    5.2334  C  0  0  0  0  0
    1.5186   -5.9464    4.3579  C  0  0  0  0  0
    3.6958   -5.9585    6.2286  C  0  0  0  0  0
    4.8028   -5.0816    6.5017  C  0  0  0  0  0
    4.9152   -3.7684    5.7385  C  0  0  0  0  0
    5.6603   -2.6828    6.2311  C  0  0  0  0  0
    5.7915   -1.5007    5.4952  C  0  0  0  0  0
    5.1843   -1.3760    4.2490  C  0  0  0  0  0
    4.4263   -2.4254    3.7363  C  0  0  0  0  0
    4.2569   -3.6197    4.4583  C  0  0  0  0  0
    5.7770   -5.5075    7.4202  C  0  0  0  0  0
    5.6702   -6.7445    8.0631  C  0  0  0  0  0
    4.5931   -7.5848    7.7947  C  0  0  0  0  0
    3.6144   -7.1945    6.8838  C  0  0  0  0  0
  1  4  1  0  0  0
  1  2  1  0  0  0
  2 12  1  0  0  0
  2  3  1  0  0  0
  3  4  1  0  0  0
  3  5  1  0  0  0
  5 16  2  0  0  0
  5  6  1  0  0  0
  6  7  1  0  0  0
  6 13  2  0  0  0
  7 12  2  0  0  0
  7  8  1  0  0  0
  8  9  2  0  0  0
  9 10  1  0  0  0
 10 11  2  0  0  0
 11 12  1  0  0  0
 13 14  1  0  0  0
 14 15  2  0  0  0
 15 16  1  0  0  0
M  END
$$$$
c12c3c(C4C(c1cccc2)CC4)cccc3
  -ISIS-

 16 19  0  0  0  0  0  0  0  0  1
    1.8299   -4.6910    3.4282  C  0  0  0  0  0
    3.3474   -4.8385    3.9106  C  0  0  0  0  0
    2.6418   -5.4048    5.2334  C  0  0  0  0  0
    1.5186   -5.9464    4.3579  C  0  0  0  0  0
    3.6958   -5.9585    6.2286  C  0  0  0  0  0
    4.8028   -5.0816    6.5017  C  0  0  0  0  0
    4.9152   -3.7684    5.7385  C  0  0  0  0  0
    5.6603   -2.6828    6.2311  C  0  0  0  0  0
    5.7915   -1.5007    5.4952  C  0  0  0  0  0
    5.1843   -1.3760    4.2490  C  0  0  0  0  0
    4.4263   -2.4254    3.7363  C  0  0  0  0  0
    4.2569   -3.6197    4.4583  C  0  0  0  0  0
    5.7770   -5.5075    7.4202  C  0  0  0  0  0
    5.6702   -6.7445    8.0631  C  0  0  0  0  0
    4.5931   -7.5848    7.7947  C  0  0  0  0  0
    3.6144   -7.1945    6.8838  C  0  0  0  0  0
  1  4  1  0  0  0
  1  2  1  0  0  0
  2 12  1  0  0  0
  2  3  1  0  0  0
  3  4  1  0  0  0
  3  5  1  0  0  0
  5 16  2  0  0  0
  5  6  1  0  0  0
  6  7  1  0  0  0
  6 13  2  0  0  0
  7 12  2  0  0  0
  7  8  1  0  0  0
  8  9  2  0  0  0
  9 10  1  0  0  0
 10 11  2  0  0  0
 11 12  1  0  0  0
 13 14  1  0  0  0
 14 15  2  0  0  0
 15 16  1  0  0  0
M  END
$$$$
c12c3c(C4C(c1cccc2)CC4)cccc3
  -ISIS-

 16 19  0  0  0  0  0  0  0  0  1
    5.0403   -2.2985    4.7213  C  0  0  0  0  0
    4.7023   -2.6206    3.2314  C  0  0  0  0  0
    6.1458   -1.9378    2.9741  C  0  0  0  0  0
    6.5563   -2.5801    4.3105  C  0  0  0  0  0
    6.5455   -2.1606    1.4750  C  0  0  0  0  0
    5.5089   -1.9380    0.4998  C  0  0  0  0  0
    4.1375   -1.4935    0.9632  C  0  0  0  0  0
    3.2763   -0.7536    0.1347  C  0  0  0  0  0
    2.0240   -0.3301    0.5870  C  0  0  0  0  0
    1.6058   -0.6301    1.8791  C  0  0  0  0  0
    2.4398   -1.3511    2.7301  C  0  0  0  0  0
    3.7060   -1.7918    2.3038  C  0  0  0  0  0
    5.8071   -2.1451   -0.8575  C  0  0  0  0  0
    7.0883   -2.5228   -1.2640  C  0  0  0  0  0
    8.0975   -2.6984   -0.3235  C  0  0  0  0  0
    7.8286   -2.5160    1.0319  C  0  0  0  0  0
  1  4  1  0  0  0
  1  2  1  0  0  0
  2 12  1  0  0  0
  2  3  1  0  0  0
  3  4  1  0  0  0
  3  5  1  0  0  0
  5 16  2  0  0  0
  5  6  1  0  0  0
  6  7  1  0  0  0
  6 13  2  0  0  0
  7 12  2  0  0  0
  7  8  1  0  0  0
  8  9  2  0  0  0
  9 10  1  0  0  0
 10 11  2  0  0  0
 11 12  1  0  0  0
 13 14  1  0  0  0
 14 15  2  0  0  0
 15 16  1  0  0  0
M  END
$$$$
c12c3c(C4C(c1cccc2)CC4)cccc3
  -ISIS-

 16 19  0  0  0  0  0  0  0  0  1
    5.0403   -2.2985    4.7213  C  0  0  0  0  0
    4.7023   -2.6206    3.2314  C  0  0  0  0  0
    6.1458   -1.9378    2.9741  C  0  0  0  0  0
    6.5563   -2.5801    4.3105  C  0  0  0  0  0
    6.5455   -2.1606    1.4750  C  0  0  0  0  0
    5.5089   -1.9380    0.4998  C  0  0  0  0  0
    4.1375   -1.4935    0.9632  C  0  0  0  0  0
    3.2763   -0.7536    0.1347  C  0  0  0  0  0
    2.0240   -0.3301    0.5870  C  0  0  0  0  0
    1.6058   -0.6301    1.8791  C  0  0  0  0  0
    2.4398   -1.3511    2.7301  C  0  0  0  0  0
    3.7060   -1.7918    2.3038  C  0  0  0  0  0
    5.8071   -2.1451   -0.8575  C  0  0  0  0  0
    7.0883   -2.5228   -1.2640  C  0  0  0  0  0
    8.0975   -2.6984   -0.3235  C  0  0  0  0  0
    7.8286   -2.5160    1.0319  C  0  0  0  0  0
  1  4  1  0  0  0
  1  2  1  0  0  0
  2 12  1  0  0  0
  2  3  1  0  0  0
  3  4  1  0  0  0
  3  5  1  0  0  0
  5 16  2  0  0  0
  5  6  1  0  0  0
  6  7  1  0  0  0
  6 13  2  0  0  0
  7 12  2  0  0  0
  7  8  1  0  0  0
  8  9  2  0  0  0
  9 10  1  0  0  0
 10 11  2  0  0  0
 11 12  1  0  0  0
 13 14  1  0  0  0
 14 15  2  0  0  0
 15 16  1  0  0  0
M  END
$$$$
c12c3c(C4C(c1cccc2)CC4)cccc3
  -ISIS-

 16 19  0  0  0  0  0  0  0  0  1
    5.0403   -2.2985    4.7213  C  0  0  0  0  0
    4.7023   -2.6206    3.2314  C  0  0  0  0  0
    6.1458   -1.9378    2.9741  C  0  0  0  0  0
    6.5563   -2.5801    4.3105  C  0  0  0  0  0
    6.5455   -2.1606    1.4750  C  0  0  0  0  0
    5.5089   -1.9380    0.4998  C  0  0  0  0  0
    4.1375   -1.4935    0.9632  C  0  0  0  0  0
    3.2763   -0.7536    0.1347  C  0  0  0  0  0
    2.0240   -0.3301    0.5870  C  0  0  0  0  0
    1.6058   -0.6301    1.8791  C  0  0  0  0  0
    2.4398   -1.3511    2.7301  C  0  0  0  0  0
    3.7060   -1.7918    2.3038  C  0  0  0  0  0
    5.8071   -2.1451   -0.8575  C  0  0  0  0  0
    7.0883   -2.5228   -1.2640  C  0  0  0  0  0
    8.0975   -2.6984   -0.3235  C  0  0  0  0  0
    7.8286   -2.5160    1.0319  C  0  0  0  0  0
  1  4  1  0  0  0
  1  2  1  0  0  0
  2 12  1  0  0  0
  2  3  1  0  0  0
  3  4  1  0  0  0
  3  5  1  0  0  0
  5 16  2  0  0  0
  5  6  1  0  0  0
  6  7  1  0  0  0
  6 13  2  0  0  0
  7 12  2  0  0  0
  7  8  1  0  0  0
  8  9  2  0  0  0
  9 10  1  0  0  0
 10 11  2  0  0  0
 11 12  1  0  0  0
 13 14  1  0  0  0
 14 15  2  0  0  0
 15 16  1  0  0  0
M  END
$$$$
c12c3c(C4C(c1cccc2)CC4)cccc3
  -ISIS-

 16 19  0  0  0  0  0  0  0  0  1
    0.4065    2.0695   -4.8944  C  0  0  0  0  0
    0.2997    1.2438   -6.2543  C  0  0  0  0  0
    1.5543    0.4325   -5.6583  C  0  0  0  0  0
    1.0164    0.7268   -4.2659  C  0  0  0  0  0
    1.7760   -0.8673   -6.4983  C  0  0  0  0  0
    1.7349   -0.7034   -7.9271  C  0  0  0  0  0
    1.5041    0.6779   -8.5039  C  0  0  0  0  0
    1.9722    1.0327   -9.7808  C  0  0  0  0  0
    1.7684    2.3153  -10.2943  C  0  0  0  0  0
    1.0959    3.2727   -9.5432  C  0  0  0  0  0
    0.6292    2.9580   -8.2690  C  0  0  0  0  0
    0.8232    1.6788   -7.7179  C  0  0  0  0  0
    1.9053   -1.8374   -8.7373  C  0  0  0  0  0
    2.1406   -3.0939   -8.1749  C  0  0  0  0  0
    2.2105   -3.2424   -6.7933  C  0  0  0  0  0
    2.0316   -2.1385   -5.9623  C  0  0  0  0  0
  1  4  1  0  0  0
  1  2  1  0  0  0
  2 12  1  0  0  0
  2  3  1  0  0  0
  3  4  1  0  0  0
  3  5  1  0  0  0
  5 16  2  0  0  0
  5  6  1  0  0  0
  6  7  1  0  0  0
  6 13  2  0  0  0
  7 12  2  0  0  0
  7  8  1  0  0  0
  8  9  2  0  0  0
  9 10  1  0  0  0
 10 11  2  0  0  0
 11 12  1  0  0  0
 13 14  1  0  0  0
 14 15  2  0  0  0
 15 16  1  0  0  0
M  END
$$$$
c12c3c(C4C(c1cccc2)CC4)cccc3
  -ISIS-

 16 19  0  0  0  0  0  0  0  0  1
    0.4065    2.0695   -4.8944  C  0  0  0  0  0
    0.2997    1.2438   -6.2543  C  0  0  0  0  0
    1.5543    0.4325   -5.6583  C  0  0  0  0  0
    1.0164    0.7268   -4.2659  C  0  0  0  0  0
    1.7760   -0.8673   -6.4983  C  0  0  0  0  0
    1.7349   -0.7034   -7.9271  C  0  0  0  0  0
    1.5041    0.6779   -8.5039  C  0  0  0  0  0
    1.9722    1.0327   -9.7808  C  0  0  0  0  0
    1.7684    2.3153  -10.2943  C  0  0  0  0  0
    1.0959    3.2727   -9.5432  C  0  0  0  0  0
    0.6292    2.9580   -8.2690  C  0  0  0  0  0
    0.8232    1.6788   -7.7179  C  0  0  0  0  0
    1.9053   -1.8374   -8.7373  C  0  0  0  0  0
    2.1406   -3.0939   -8.1749  C  0  0  0  0  0
    2.2105   -3.2424   -6.7933  C  0  0  0  0  0
    2.0316   -2.1385   -5.9623  C  0  0  0  0  0
  1  4  1  0  0  0
  1  2  1  0  0  0
  2 12  1  0  0  0
  2  3  1  0  0  0
  3  4  1  0  0  0
  3  5  1  0  0  0
  5 16  2  0  0  0
  5  6  1  0  0  0
  6  7  1  0  0  0
  6 13  2  0  0  0
  7 12  2  0  0  0
  7  8  1  0  0  0
  8  9  2  0  0  0
  9 10  1  0  0  0
 10 11  2  0  0  0
 11 12  1  0  0  0
 13 14  1  0  0  0
 14 15  2  0  0  0
 15 16  1  0  0  0
M  END
$$$$
c12c3c(C4C(c1cccc2)CC4)cccc3
  -ISIS-

 16 19  0  0  0  0  0  0  0  0  1
    0.4065    2.0695   -4.8944  C  0  0  0  0  0
    0.2997    1.2438   -6.2543  C  0  0  0  0  0
    1.5543    0.4325   -5.6583  C  0  0  0  0  0
    1.0164    0.7268   -4.2659  C  0  0  0  0  0
    1.7760   -0.8673   -6.4983  C  0  0  0  0  0
    1.7349   -0.7034   -7.9271  C  0  0  0  0  0
    1.5041    0.6779   -8.5039  C  0  0  0  0  0
    1.9722    1.0327   -9.7808  C  0  0  0  0  0
    1.7684    2.3153  -10.2943  C  0  0  0  0  0
    1.0959    3.2727   -9.5432  C  0  0  0  0  0
    0.6292    2.9580   -8.2690  C  0  0  0  0  0
    0.8232    1.6788   -7.7179  C  0  0  0  0  0
    1.9053   -1.8374   -8.7373  C  0  0  0  0  0
    2.1406   -3.0939   -8.1749  C  0  0  0  0  0
    2.2105   -3.2424   -6.7933  C  0  0  0  0  0
    2.0316   -2.1385   -5.9623  C  0  0  0  0  0
  1  4  1  0  0  0
  1  2  1  0  0  0
  2 12  1  0  0  0
  2  3  1  0  0  0
  3  4  1  0  0  0
  3  5  1  0  0  0
  5 16  2  0  0  0
  5  6  1  0  0  0
  6  7  1  0  0  0
  6 13  2  0  0  0
  7 12  2  0  0  0
  7  8  1  0  0  0
  8  9  2  0  0  0
  9 10  1  0  0  0
 10 11  2  0  0  0
 11 12  1  0  0  0
 13 14  1  0  0  0
 14 15  2  0  0  0
 15 16  1  0  0  0
M  END
$$$$
c12c3c(C4C(c1cccc2)CC4)cccc3
  -ISIS-

 16 19  0  0  0  0  0  0  0  0  1
    1.6716    3.0585   -3.5476  C  0  0  0  0  0
    3.1588    2.4989   -3.5671  C  0  0  0  0  0
    2.4017    1.0646   -3.7050  C  0  0  0  0  0
    1.3163    1.8118   -4.4816  C  0  0  0  0  0
    3.4614   -0.0137   -4.1160  C  0  0  0  0  0
    4.6921   -0.0012   -3.3715  C  0  0  0  0  0
    4.8717    1.0150   -2.2654  C  0  0  0  0  0
    5.7182    0.7734   -1.1700  C  0  0  0  0  0
    5.8629    1.7145   -0.1485  C  0  0  0  0  0
    5.1640    2.9156   -0.1974  C  0  0  0  0  0
    4.3074    3.1810   -1.2634  C  0  0  0  0  0
    4.1319    2.2525   -2.3048  C  0  0  0  0  0
    5.6918   -0.9270   -3.7100  C  0  0  0  0  0
    5.4911   -1.8601   -4.7291  C  0  0  0  0  0
    4.2890   -1.8863   -5.4290  C  0  0  0  0  0
    3.2824   -0.9719   -5.1248  C  0  0  0  0  0
  1  4  1  0  0  0
  1  2  1  0  0  0
  2 12  1  0  0  0
  2  3  1  0  0  0
  3  4  1  0  0  0
  3  5  1  0  0  0
  5 16  2  0  0  0
  5  6  1  0  0  0
  6  7  1  0  0  0
  6 13  2  0  0  0
  7 12  2  0  0  0
  7  8  1  0  0  0
  8  9  2  0  0  0
  9 10  1  0  0  0
 10 11  2  0  0  0
 11 12  1  0  0  0
 13 14  1  0  0  0
 14 15  2  0  0  0
 15 16  1  0  0  0
M  END
$$$$
c12c3c(C4C(c1cccc2)CC4)cccc3
  -ISIS-

 16 19  0  0  0  0  0  0  0  0  1
    1.6716    3.0585   -3.5476  C  0  0  0  0  0
    3.1588    2.4989   -3.5671  C  0  0  0  0  0
    2.4017    1.0646   -3.7050  C  0  0  0  0  0
    1.3163    1.8118   -4.4816  C  0  0  0  0  0
    3.4614   -0.0137   -4.1160  C  0  0  0  0  0
    4.6921   -0.0012   -3.3715  C  0  0  0  0  0
    4.8717    1.0150   -2.2654  C  0  0  0  0  0
    5.7182    0.7734   -1.1700  C  0  0  0  0  0
    5.8629    1.7145   -0.1485  C  0  0  0  0  0
    5.1640    2.9156   -0.1974  C  0  0  0  0  0
    4.3074    3.1810   -1.2634  C  0  0  0  0  0
    4.1319    2.2525   -2.3048  C  0  0  0  0  0
    5.6918   -0.9270   -3.7100  C  0  0  0  0  0
    5.4911   -1.8601   -4.7291  C  0  0  0  0  0
    4.2890   -1.8863   -5.4290  C  0  0  0  0  0
    3.2824   -0.9719   -5.1248  C  0  0  0  0  0
  1  4  1  0  0  0
  1  2  1  0  0  0
  2 12  1  0  0  0
  2  3  1  0  0  0
  3  4  1  0  0  0
  3  5  1  0  0  0
  5 16  2  0  0  0
  5  6  1  0  0  0
  6  7  1  0  0  0
  6 13  2  0  0  0
  7 12  2  0  0  0
  7  8  1  0  0  0
  8  9  2  0  0  0
  9 10  1  0  0  0
 10 11  2  0  0  0
 11 12  1  0  0  0
 13 14  1  0  0  0
 14 15  2  0  0  0
 15 16  1  0  0  0
M  END
$$$$
c12c3c(C4C(c1cccc2)CC4)cccc3
  -ISIS-

 16 19  0  0  0  0  0  0  0  0  1
    1.6716    3.0585   -3.5476  C  0  0  0  0  0
    3.1588    2.4989   -3.5671  C  0  0  0  0  0
    2.4017    1.0646   -3.7050  C  0  0  0  0  0
    1.3163    1.8118   -4.4816  C  0  0  0  0  0
    3.4614   -0.0137   -4.1160  C  0  0  0  0  0
    4.6921   -0.0012   -3.3715  C  0  0  0  0  0
    4.8717    1.0150   -2.2654  C  0  0  0  0  0
    5.7182    0.7734   -1.1700  C  0  0  0  0  0
    5.8629    1.7145   -0.1485  C  0  0  0  0  0
    5.1640    2.9156   -0.1974  C  0  0  0  0  0
    4.3074    3.1810   -1.2634  C  0  0  0  0  0
    4.1319    2.2525   -2.3048  C  0  0  0  0  0
    5.6918   -0.9270   -3.7100  C  0  0  0  0  0
    5.4911   -1.8601   -4.7291  C  0  0  0  0  0
    4.2890   -1.8863   -5.4290  C  0  0  0  0  0
    3.2824   -0.9719   -5.1248  C  0  0  0  0  0
  1  4  1  0  0  0
  1  2  1  0  0  0
  2 12  1  0  0  0
  2  3  1  0  0  0
  3  4  1  0  0  0
  3  5  1  0  0  0
  5 16  2  0  0  0
  5  6  1  0  0  0
  6  7  1  0  0  0
  6 13  2  0  0  0
  7 12  2  0  0  0
  7  8  1  0  0  0
  8  9  2  0  0  0
  9 10  1  0  0  0
 10 11  2  0  0  0
 11 12  1  0  0  0
 13 14  1  0  0  0
 14 15  2  0  0  0
 15 16  1  0  0  0
M  END
$$$$
