C12C(=CCCC=1)Cc3c(cccc3)C2
  -ISIS-

 14 16  0  0  0  0  0  0  0  0  1
    3.4052    1.0779   -7.0397  C  0  0  0  0  0
    3.3920   -0.3990   -7.0828  C  0  0  0  0  0
    3.0574   -1.1598   -5.9558  C  0  0  0  0  0
    2.7989   -0.4921   -4.6521  C  0  0  0  0  0
    2.5511    0.9809   -4.6637  C  0  0  0  0  0
    2.7210    1.7338   -5.8910  C  0  0  0  0  0
    2.2458    2.9927   -5.9943  C  0  0  0  0  0
    1.5737    3.6835   -4.8329  C  0  0  0  0  0
    1.9308    3.0829   -3.4689  C  0  0  0  0  0
    2.1954    1.6030   -3.5173  C  0  0  0  0  0
    3.0111   -2.5619   -6.0744  C  0  0  0  0  0
    3.3178   -3.1949   -7.2816  C  0  0  0  0  0
    3.6769   -2.4342   -8.3885  C  0  0  0  0  0
    3.7142   -1.0475   -8.2889  C  0  0  0  0  0
  1  6  1  0  0  0
  1  2  1  0  0  0
  2 14  2  0  0  0
  2  3  1  0  0  0
  3  4  1  0  0  0
  3 11  2  0  0  0
  4  5  1  0  0  0
  5 10  2  0  0  0
  5  6  1  0  0  0
  6  7  2  0  0  0
  7  8  1  0  0  0
  8  9  1  0  0  0
  9 10  1  0  0  0
 11 12  1  0  0  0
 12 13  2  0  0  0
 13 14  1  0  0  0
M  END
$$$$
