C12C(C3CC1CC3)CCCC2
  -ISIS-

 11 13  0  0  0  0  0  0  0  0  1
   -1.4588   -2.0705    0.3355  C  0  0  0  0  0
   -0.1197   -2.8467    0.2374  C  0  0  0  0  0
    0.5722   -2.5047    1.5809  C  0  0  0  0  0
   -0.2722   -3.2000    2.6691  C  0  0  0  0  0
   -1.3740   -2.1650    2.9361  C  0  0  0  0  0
   -1.3230   -1.3015    1.6697  C  0  0  0  0  0
    0.1951   -1.0195    1.6808  C  0  0  0  0  0
   -2.5865   -2.8880    3.4806  C  0  0  0  0  0
   -2.1733   -3.5048    4.8379  C  0  0  0  0  0
   -0.8395   -4.2903    4.8100  C  0  0  0  0  0
    0.2991   -3.6118    4.0124  C  0  0  0  0  0
  1  6  1  0  0  0
  1  2  1  0  0  0
  2  3  1  0  0  0
  3  7  1  0  0  0
  3  4  1  0  0  0
  4 11  1  0  0  0
  4  5  1  0  0  0
  5  6  1  0  0  0
  5  8  1  0  0  0
  6  7  1  0  0  0
  8  9  1  0  0  0
  9 10  1  0  0  0
 10 11  1  0  0  0
M  END
$$$$
C12C(C3CC1CC3)CCCC2
  -ISIS-

 11 13  0  0  0  0  0  0  0  0  1
   -3.8718    4.2736   -0.1334  C  0  0  0  0  0
   -3.6201    3.9202   -1.6263  C  0  0  0  0  0
   -2.9712    2.5313   -1.8546  C  0  0  0  0  0
   -3.7257    1.3666   -1.1570  C  0  0  0  0  0
   -4.6250    1.9222   -0.0661  C  0  0  0  0  0
   -3.8529    3.0030    0.7087  C  0  0  0  0  0
   -4.4886    2.9101    2.1143  C  0  0  0  0  0
   -3.7501    1.7622    2.8405  C  0  0  0  0  0
   -4.1689    0.5207    2.0251  C  0  0  0  0  0
   -5.2315    1.0700    1.0557  C  0  0  0  0  0
   -5.8396    2.2179    1.8864  C  0  0  0  0  0
  1  6  1  0  0  0
  1  2  1  0  0  0
  2  3  1  0  0  0
  3  4  1  0  0  0
  4  5  1  0  0  0
  5 10  1  0  0  0
  5  6  1  0  0  0
  6  7  1  0  0  0
  7 11  1  0  0  0
  7  8  1  0  0  0
  8  9  1  0  0  0
  9 10  1  0  0  0
 10 11  1  0  0  0
M  END
$$$$
C12C(C3CC1CC3)CCCC2
  -ISIS-

 11 13  0  0  0  0  0  0  0  0  1
   -3.8718    4.2736   -0.1334  C  0  0  0  0  0
   -3.6201    3.9202   -1.6263  C  0  0  0  0  0
   -2.9712    2.5313   -1.8546  C  0  0  0  0  0
   -3.7257    1.3666   -1.1570  C  0  0  0  0  0
   -4.6250    1.9222   -0.0661  C  0  0  0  0  0
   -3.8529    3.0030    0.7087  C  0  0  0  0  0
   -4.4886    2.9101    2.1143  C  0  0  0  0  0
   -3.7501    1.7622    2.8405  C  0  0  0  0  0
   -4.1689    0.5207    2.0251  C  0  0  0  0  0
   -5.2315    1.0700    1.0557  C  0  0  0  0  0
   -5.8396    2.2179    1.8864  C  0  0  0  0  0
  1  6  1  0  0  0
  1  2  1  0  0  0
  2  3  1  0  0  0
  3  4  1  0  0  0
  4  5  1  0  0  0
  5 10  1  0  0  0
  5  6  1  0  0  0
  6  7  1  0  0  0
  7 11  1  0  0  0
  7  8  1  0  0  0
  8  9  1  0  0  0
  9 10  1  0  0  0
 10 11  1  0  0  0
M  END
$$$$
