c12c(c[c]3[c](occ3)c1)Cc4c(cccc4)C2
  -ISIS-

 17 20  0  0  0  0  0  0  0  0  1
    0.9269    1.1881    6.0437  C  0  0  0  0  0
    0.1114    0.1740    6.4927  C  0  0  0  0  0
   -0.3313   -0.5271    5.3380  C  0  0  0  0  0
   -1.1895   -1.6150    5.1093  C  0  0  0  0  0
   -1.4179   -2.0402    3.7865  C  0  0  0  0  0
   -0.7515   -1.4098    2.7119  C  0  0  0  0  0
    0.0834   -0.2954    2.9171  C  0  0  0  0  0
    0.2636    0.1005    4.2467  C  0  0  0  0  0
    1.0124    1.1546    4.6882  O  0  0  0  0  0
   -0.9643   -1.9804    1.3512  C  0  0  0  0  0
   -2.2510   -2.6617    1.0926  C  0  0  0  0  0
   -2.9463   -3.2342    2.1639  C  0  0  0  0  0
   -2.3510   -3.2032    3.5456  C  0  0  0  0  0
   -4.1524   -3.9013    1.9092  C  0  0  0  0  0
   -4.6549   -3.9768    0.6072  C  0  0  0  0  0
   -3.9519   -3.4019   -0.4524  C  0  0  0  0  0
   -2.7445   -2.7482   -0.2122  C  0  0  0  0  0
  1  9  1  0  0  0
  1  2  2  0  0  0
  2  3  1  0  0  0
  3  8  2  0  0  0
  3  4  1  0  0  0
  4  5  2  0  0  0
  5 13  1  0  0  0
  5  6  1  0  0  0
  6  7  2  0  0  0
  6 10  1  0  0  0
  7  8  1  0  0  0
  8  9  1  0  0  0
 10 11  1  0  0  0
 11 17  2  0  0  0
 11 12  1  0  0  0
 12 13  1  0  0  0
 12 14  2  0  0  0
 14 15  1  0  0  0
 15 16  2  0  0  0
 16 17  1  0  0  0
M  END
$$$$
