c12c(cccc1)CCC3(O2)CCNCC3
  -ISIS-

 15 17  0  0  0  0  0  0  0  0  1
    2.6231   -0.6160   -0.8292  C  0  0  0  0  0
    3.4298   -1.6298   -0.0714  C  0  0  0  0  0
    4.3154   -2.4201   -1.0396  C  0  0  0  0  0
    5.1609   -1.5484   -1.8137  O  0  0  0  0  0
    4.5614   -0.4369   -2.3427  C  0  0  0  0  0
    3.3215    0.0565   -1.9357  C  0  0  0  0  0
    2.7607    1.1775   -2.5527  C  0  0  0  0  0
    3.4609    1.8221   -3.5719  C  0  0  0  0  0
    4.7135    1.3487   -3.9657  C  0  0  0  0  0
    5.2648    0.2220   -3.3506  C  0  0  0  0  0
    5.2706   -3.3068   -0.2151  C  0  0  0  0  0
    6.1609   -4.1686   -1.1003  C  0  0  0  0  0
    5.3039   -5.0199   -2.0042  N  0  0  0  0  0
    4.3884   -4.1861   -2.8660  C  0  0  0  0  0
    3.4946   -3.3288   -1.9802  C  0  0  0  0  0
  1  6  1  0  0  0
  1  2  1  0  0  0
  2  3  1  0  0  0
  3 15  1  0  0  0
  3  4  1  0  0  0
  3 11  1  0  0  0
  4  5  1  0  0  0
  5 10  2  0  0  0
  5  6  1  0  0  0
  6  7  2  0  0  0
  7  8  1  0  0  0
  8  9  2  0  0  0
  9 10  1  0  0  0
 11 12  1  0  0  0
 12 13  1  0  0  0
 13 14  1  0  0  0
 14 15  1  0  0  0
M  END
$$$$
c12c(cccc1)CCC3(O2)CCNCC3
  -ISIS-

 15 17  0  0  0  0  0  0  0  0  1
    2.6231   -0.6160   -0.8292  C  0  0  0  0  0
    3.4298   -1.6298   -0.0714  C  0  0  0  0  0
    4.3154   -2.4201   -1.0396  C  0  0  0  0  0
    5.1609   -1.5484   -1.8137  O  0  0  0  0  0
    4.5614   -0.4369   -2.3427  C  0  0  0  0  0
    3.3215    0.0565   -1.9357  C  0  0  0  0  0
    2.7607    1.1775   -2.5527  C  0  0  0  0  0
    3.4609    1.8221   -3.5719  C  0  0  0  0  0
    4.7135    1.3487   -3.9657  C  0  0  0  0  0
    5.2648    0.2220   -3.3506  C  0  0  0  0  0
    5.2706   -3.3068   -0.2151  C  0  0  0  0  0
    6.1609   -4.1686   -1.1003  C  0  0  0  0  0
    5.3039   -5.0199   -2.0042  N  0  0  0  0  0
    4.3884   -4.1861   -2.8660  C  0  0  0  0  0
    3.4946   -3.3288   -1.9802  C  0  0  0  0  0
  1  6  1  0  0  0
  1  2  1  0  0  0
  2  3  1  0  0  0
  3 15  1  0  0  0
  3  4  1  0  0  0
  3 11  1  0  0  0
  4  5  1  0  0  0
  5 10  2  0  0  0
  5  6  1  0  0  0
  6  7  2  0  0  0
  7  8  1  0  0  0
  8  9  2  0  0  0
  9 10  1  0  0  0
 11 12  1  0  0  0
 12 13  1  0  0  0
 13 14  1  0  0  0
 14 15  1  0  0  0
M  END
$$$$
c12c(cccc1)CCC3(O2)CCNCC3
  -ISIS-

 15 17  0  0  0  0  0  0  0  0  1
    4.9131   -2.7331    4.5011  N  0  0  0  0  0
    3.4887   -2.7067    4.1832  C  0  0  0  0  0
    2.6171   -2.9876    5.4017  C  0  0  0  0  0
    3.0363   -4.2657    6.1597  C  0  0  0  0  0
    4.5310   -4.1247    6.5116  C  0  0  0  0  0
    5.4032   -3.8519    5.2941  C  0  0  0  0  0
    2.8015   -5.5635    5.3762  C  0  0  0  0  0
    1.3292   -5.8159    5.2123  C  0  0  0  0  0
    0.4732   -5.4154    6.3403  C  0  0  0  0  0
   -0.8808   -5.7626    6.3659  C  0  0  0  0  0
   -1.6612   -5.4098    7.4668  C  0  0  0  0  0
   -1.0871   -4.7192    8.5352  C  0  0  0  0  0
    0.2652   -4.3713    8.5004  C  0  0  0  0  0
    1.0449   -4.7066    7.3943  C  0  0  0  0  0
    2.3540   -4.3150    7.4329  O  0  0  0  0  0
  1  6  1  0  0  0
  1  2  1  0  0  0
  2  3  1  0  0  0
  3  4  1  0  0  0
  4 15  1  0  0  0
  4  5  1  0  0  0
  4  7  1  0  0  0
  5  6  1  0  0  0
  7  8  1  0  0  0
  8  9  1  0  0  0
  9 14  2  0  0  0
  9 10  1  0  0  0
 10 11  2  0  0  0
 11 12  1  0  0  0
 12 13  2  0  0  0
 13 14  1  0  0  0
 14 15  1  0  0  0
M  END
$$$$
c12c(cccc1)CCC3(O2)CCNCC3
  -ISIS-

 15 17  0  0  0  0  0  0  0  0  1
    4.9131   -2.7331    4.5011  N  0  0  0  0  0
    3.4887   -2.7067    4.1832  C  0  0  0  0  0
    2.6171   -2.9876    5.4017  C  0  0  0  0  0
    3.0363   -4.2657    6.1597  C  0  0  0  0  0
    4.5310   -4.1247    6.5116  C  0  0  0  0  0
    5.4032   -3.8519    5.2941  C  0  0  0  0  0
    2.8015   -5.5635    5.3762  C  0  0  0  0  0
    1.3292   -5.8159    5.2123  C  0  0  0  0  0
    0.4732   -5.4154    6.3403  C  0  0  0  0  0
   -0.8808   -5.7626    6.3659  C  0  0  0  0  0
   -1.6612   -5.4098    7.4668  C  0  0  0  0  0
   -1.0871   -4.7192    8.5352  C  0  0  0  0  0
    0.2652   -4.3713    8.5004  C  0  0  0  0  0
    1.0449   -4.7066    7.3943  C  0  0  0  0  0
    2.3540   -4.3150    7.4329  O  0  0  0  0  0
  1  6  1  0  0  0
  1  2  1  0  0  0
  2  3  1  0  0  0
  3  4  1  0  0  0
  4 15  1  0  0  0
  4  5  1  0  0  0
  4  7  1  0  0  0
  5  6  1  0  0  0
  7  8  1  0  0  0
  8  9  1  0  0  0
  9 14  2  0  0  0
  9 10  1  0  0  0
 10 11  2  0  0  0
 11 12  1  0  0  0
 12 13  2  0  0  0
 13 14  1  0  0  0
 14 15  1  0  0  0
M  END
$$$$
c12c(cccc1)CCC3(O2)CCNCC3
  -ISIS-

 15 17  0  0  0  0  0  0  0  0  1
    3.9048   -3.0172   -2.4883  O  0  0  0  0  0
    3.0104   -1.9813   -2.4829  C  0  0  0  0  0
    2.6184   -1.2902   -1.3311  C  0  0  0  0  0
    3.1591   -1.6596    0.0203  C  0  0  0  0  0
    3.8815   -3.0112   -0.0485  C  0  0  0  0  0
    4.7373   -3.1624   -1.3238  C  0  0  0  0  0
    5.3003   -4.5997   -1.4028  C  0  0  0  0  0
    6.3984   -4.8730   -0.3862  C  0  0  0  0  0
    7.5002   -3.8548   -0.5351  N  0  0  0  0  0
    7.0067   -2.4325   -0.4163  C  0  0  0  0  0
    5.9313   -2.1948   -1.4608  C  0  0  0  0  0
    1.6952   -0.2384   -1.4522  C  0  0  0  0  0
    1.1663    0.1022   -2.6975  C  0  0  0  0  0
    1.5497   -0.6058   -3.8334  C  0  0  0  0  0
    2.4682   -1.6487   -3.7250  C  0  0  0  0  0
  1  6  1  0  0  0
  1  2  1  0  0  0
  2 15  2  0  0  0
  2  3  1  0  0  0
  3  4  1  0  0  0
  3 12  2  0  0  0
  4  5  1  0  0  0
  5  6  1  0  0  0
  6 11  1  0  0  0
  6  7  1  0  0  0
  7  8  1  0  0  0
  8  9  1  0  0  0
  9 10  1  0  0  0
 10 11  1  0  0  0
 12 13  1  0  0  0
 13 14  2  0  0  0
 14 15  1  0  0  0
M  END
$$$$
c12c(cccc1)CCC3(O2)CCNCC3
  -ISIS-

 15 17  0  0  0  0  0  0  0  0  1
    3.9048   -3.0172   -2.4883  O  0  0  0  0  0
    3.0104   -1.9813   -2.4829  C  0  0  0  0  0
    2.6184   -1.2902   -1.3311  C  0  0  0  0  0
    3.1591   -1.6596    0.0203  C  0  0  0  0  0
    3.8815   -3.0112   -0.0485  C  0  0  0  0  0
    4.7373   -3.1624   -1.3238  C  0  0  0  0  0
    5.3003   -4.5997   -1.4028  C  0  0  0  0  0
    6.3984   -4.8730   -0.3862  C  0  0  0  0  0
    7.5002   -3.8548   -0.5351  N  0  0  0  0  0
    7.0067   -2.4325   -0.4163  C  0  0  0  0  0
    5.9313   -2.1948   -1.4608  C  0  0  0  0  0
    1.6952   -0.2384   -1.4522  C  0  0  0  0  0
    1.1663    0.1022   -2.6975  C  0  0  0  0  0
    1.5497   -0.6058   -3.8334  C  0  0  0  0  0
    2.4682   -1.6487   -3.7250  C  0  0  0  0  0
  1  6  1  0  0  0
  1  2  1  0  0  0
  2 15  2  0  0  0
  2  3  1  0  0  0
  3  4  1  0  0  0
  3 12  2  0  0  0
  4  5  1  0  0  0
  5  6  1  0  0  0
  6 11  1  0  0  0
  6  7  1  0  0  0
  7  8  1  0  0  0
  8  9  1  0  0  0
  9 10  1  0  0  0
 10 11  1  0  0  0
 12 13  1  0  0  0
 13 14  2  0  0  0
 14 15  1  0  0  0
M  END
$$$$
