c12C3(Nc4c(cc[s]4)CN3)CNc1cccc2
  -ISIS-

 17 20  0  0  0  0  0  0  0  0  1
    3.0690    4.7484   -3.0329  N  0  0  0  0  0
    1.9213    5.3778   -2.6881  C  0  0  0  0  0
    0.9201    5.6688   -3.5838  C  0  0  0  0  0
    1.1013    5.2957   -4.9779  C  0  0  0  0  0
    2.2808    4.6587   -5.2732  N  0  0  0  0  0
    3.0348    3.9650   -4.2614  C  0  0  0  0  0
    2.4804    2.5001   -4.0105  C  0  0  0  0  0
    3.5323    1.6135   -4.2850  N  0  0  0  0  0
    4.6822    2.2992   -4.6986  C  0  0  0  0  0
    4.4419    3.6758   -4.7159  C  0  0  0  0  0
    5.4344    4.5690   -5.0981  C  0  0  0  0  0
    6.6788    4.0570   -5.4684  C  0  0  0  0  0
    6.9157    2.6732   -5.4492  C  0  0  0  0  0
    5.9125    1.7800   -5.0609  C  0  0  0  0  0
   -0.1944    6.3318   -2.9544  C  0  0  0  0  0
    0.0378    6.5075   -1.5959  C  0  0  0  0  0
    1.5603    5.8846   -1.1145  S  0  0  0  0  0
  1  6  1  0  0  0
  1  2  1  0  0  0
  2 17  1  0  0  0
  2  3  2  0  0  0
  3  4  1  0  0  0
  3 15  1  0  0  0
  4  5  1  0  0  0
  5  6  1  0  0  0
  6 10  1  0  0  0
  6  7  1  0  0  0
  7  8  1  0  0  0
  8  9  1  0  0  0
  9 14  2  0  0  0
  9 10  1  0  0  0
 10 11  2  0  0  0
 11 12  1  0  0  0
 12 13  2  0  0  0
 13 14  1  0  0  0
 15 16  2  0  0  0
 16 17  1  0  0  0
M  END
$$$$
c12C3(Nc4c(cc[s]4)CN3)CNc1cccc2
  -ISIS-

 17 20  0  0  0  0  0  0  0  0  1
    3.0690    4.7484   -3.0329  N  0  0  0  0  0
    1.9213    5.3778   -2.6881  C  0  0  0  0  0
    0.9201    5.6688   -3.5838  C  0  0  0  0  0
    1.1013    5.2957   -4.9779  C  0  0  0  0  0
    2.2808    4.6587   -5.2732  N  0  0  0  0  0
    3.0348    3.9650   -4.2614  C  0  0  0  0  0
    2.4804    2.5001   -4.0105  C  0  0  0  0  0
    3.5323    1.6135   -4.2850  N  0  0  0  0  0
    4.6822    2.2992   -4.6986  C  0  0  0  0  0
    4.4419    3.6758   -4.7159  C  0  0  0  0  0
    5.4344    4.5690   -5.0981  C  0  0  0  0  0
    6.6788    4.0570   -5.4684  C  0  0  0  0  0
    6.9157    2.6732   -5.4492  C  0  0  0  0  0
    5.9125    1.7800   -5.0609  C  0  0  0  0  0
   -0.1944    6.3318   -2.9544  C  0  0  0  0  0
    0.0378    6.5075   -1.5959  C  0  0  0  0  0
    1.5603    5.8846   -1.1145  S  0  0  0  0  0
  1  6  1  0  0  0
  1  2  1  0  0  0
  2 17  1  0  0  0
  2  3  2  0  0  0
  3  4  1  0  0  0
  3 15  1  0  0  0
  4  5  1  0  0  0
  5  6  1  0  0  0
  6 10  1  0  0  0
  6  7  1  0  0  0
  7  8  1  0  0  0
  8  9  1  0  0  0
  9 14  2  0  0  0
  9 10  1  0  0  0
 10 11  2  0  0  0
 11 12  1  0  0  0
 12 13  2  0  0  0
 13 14  1  0  0  0
 15 16  2  0  0  0
 16 17  1  0  0  0
M  END
$$$$
c12C3(Nc4c(cc[s]4)CN3)CNc1cccc2
  -ISIS-

 17 20  0  0  0  0  0  0  0  0  1
    3.0690    4.7484   -3.0329  N  0  0  0  0  0
    1.9213    5.3778   -2.6881  C  0  0  0  0  0
    0.9201    5.6688   -3.5838  C  0  0  0  0  0
    1.1013    5.2957   -4.9779  C  0  0  0  0  0
    2.2808    4.6587   -5.2732  N  0  0  0  0  0
    3.0348    3.9650   -4.2614  C  0  0  0  0  0
    2.4804    2.5001   -4.0105  C  0  0  0  0  0
    3.5323    1.6135   -4.2850  N  0  0  0  0  0
    4.6822    2.2992   -4.6986  C  0  0  0  0  0
    4.4419    3.6758   -4.7159  C  0  0  0  0  0
    5.4344    4.5690   -5.0981  C  0  0  0  0  0
    6.6788    4.0570   -5.4684  C  0  0  0  0  0
    6.9157    2.6732   -5.4492  C  0  0  0  0  0
    5.9125    1.7800   -5.0609  C  0  0  0  0  0
   -0.1944    6.3318   -2.9544  C  0  0  0  0  0
    0.0378    6.5075   -1.5959  C  0  0  0  0  0
    1.5603    5.8846   -1.1145  S  0  0  0  0  0
  1  6  1  0  0  0
  1  2  1  0  0  0
  2 17  1  0  0  0
  2  3  2  0  0  0
  3  4  1  0  0  0
  3 15  1  0  0  0
  4  5  1  0  0  0
  5  6  1  0  0  0
  6 10  1  0  0  0
  6  7  1  0  0  0
  7  8  1  0  0  0
  8  9  1  0  0  0
  9 14  2  0  0  0
  9 10  1  0  0  0
 10 11  2  0  0  0
 11 12  1  0  0  0
 12 13  2  0  0  0
 13 14  1  0  0  0
 15 16  2  0  0  0
 16 17  1  0  0  0
M  END
$$$$
c12C3(Nc4c(cc[s]4)CN3)CNc1cccc2
  -ISIS-

 17 20  0  0  0  0  0  0  0  0  1
    3.0690    4.7484   -3.0329  N  0  0  0  0  0
    1.9213    5.3778   -2.6881  C  0  0  0  0  0
    0.9201    5.6688   -3.5838  C  0  0  0  0  0
    1.1013    5.2957   -4.9779  C  0  0  0  0  0
    2.2808    4.6587   -5.2732  N  0  0  0  0  0
    3.0348    3.9650   -4.2614  C  0  0  0  0  0
    2.4804    2.5001   -4.0105  C  0  0  0  0  0
    3.5323    1.6135   -4.2850  N  0  0  0  0  0
    4.6822    2.2992   -4.6986  C  0  0  0  0  0
    4.4419    3.6758   -4.7159  C  0  0  0  0  0
    5.4344    4.5690   -5.0981  C  0  0  0  0  0
    6.6788    4.0570   -5.4684  C  0  0  0  0  0
    6.9157    2.6732   -5.4492  C  0  0  0  0  0
    5.9125    1.7800   -5.0609  C  0  0  0  0  0
   -0.1944    6.3318   -2.9544  C  0  0  0  0  0
    0.0378    6.5075   -1.5959  C  0  0  0  0  0
    1.5603    5.8846   -1.1145  S  0  0  0  0  0
  1  6  1  0  0  0
  1  2  1  0  0  0
  2 17  1  0  0  0
  2  3  2  0  0  0
  3  4  1  0  0  0
  3 15  1  0  0  0
  4  5  1  0  0  0
  5  6  1  0  0  0
  6 10  1  0  0  0
  6  7  1  0  0  0
  7  8  1  0  0  0
  8  9  1  0  0  0
  9 14  2  0  0  0
  9 10  1  0  0  0
 10 11  2  0  0  0
 11 12  1  0  0  0
 12 13  2  0  0  0
 13 14  1  0  0  0
 15 16  2  0  0  0
 16 17  1  0  0  0
M  END
$$$$
c12C3(Nc4c(cc[s]4)CN3)CNc1cccc2
  -ISIS-

 17 20  0  0  0  0  0  0  0  0  1
    3.0690    4.7484   -3.0329  N  0  0  0  0  0
    1.9213    5.3778   -2.6881  C  0  0  0  0  0
    0.9201    5.6688   -3.5838  C  0  0  0  0  0
    1.1013    5.2957   -4.9779  C  0  0  0  0  0
    2.2808    4.6587   -5.2732  N  0  0  0  0  0
    3.0348    3.9650   -4.2614  C  0  0  0  0  0
    2.4804    2.5001   -4.0105  C  0  0  0  0  0
    3.5323    1.6135   -4.2850  N  0  0  0  0  0
    4.6822    2.2992   -4.6986  C  0  0  0  0  0
    4.4419    3.6758   -4.7159  C  0  0  0  0  0
    5.4344    4.5690   -5.0981  C  0  0  0  0  0
    6.6788    4.0570   -5.4684  C  0  0  0  0  0
    6.9157    2.6732   -5.4492  C  0  0  0  0  0
    5.9125    1.7800   -5.0609  C  0  0  0  0  0
   -0.1944    6.3318   -2.9544  C  0  0  0  0  0
    0.0378    6.5075   -1.5959  C  0  0  0  0  0
    1.5603    5.8846   -1.1145  S  0  0  0  0  0
  1  6  1  0  0  0
  1  2  1  0  0  0
  2 17  1  0  0  0
  2  3  2  0  0  0
  3  4  1  0  0  0
  3 15  1  0  0  0
  4  5  1  0  0  0
  5  6  1  0  0  0
  6 10  1  0  0  0
  6  7  1  0  0  0
  7  8  1  0  0  0
  8  9  1  0  0  0
  9 14  2  0  0  0
  9 10  1  0  0  0
 10 11  2  0  0  0
 11 12  1  0  0  0
 12 13  2  0  0  0
 13 14  1  0  0  0
 15 16  2  0  0  0
 16 17  1  0  0  0
M  END
$$$$
c12C3(Nc4c(cc[s]4)CN3)CNc1cccc2
  -ISIS-

 17 20  0  0  0  0  0  0  0  0  1
    0.9627    1.9596   -0.9314  N  0  0  0  0  0
    1.7052    1.2081   -1.7731  C  0  0  0  0  0
    1.4189    1.0591   -3.1090  C  0  0  0  0  0
    0.2667    1.7556   -3.6591  C  0  0  0  0  0
   -0.4682    2.4816   -2.7628  N  0  0  0  0  0
   -0.3916    2.3036   -1.3353  C  0  0  0  0  0
   -0.8547    3.6325   -0.6107  C  0  0  0  0  0
   -1.9340    3.2947    0.2177  N  0  0  0  0  0
   -2.2620    1.9377    0.0963  C  0  0  0  0  0
   -1.3951    1.3087   -0.8041  C  0  0  0  0  0
   -1.5304   -0.0451   -1.0887  C  0  0  0  0  0
   -2.5496   -0.7598   -0.4571  C  0  0  0  0  0
   -3.4143   -0.1230    0.4454  C  0  0  0  0  0
   -3.2739    1.2379    0.7302  C  0  0  0  0  0
    2.3642    0.1968   -3.7734  C  0  0  0  0  0
    3.3262   -0.2620   -2.8820  C  0  0  0  0  0
    3.0787    0.3415   -1.2976  S  0  0  0  0  0
  1  6  1  0  0  0
  1  2  1  0  0  0
  2 17  1  0  0  0
  2  3  2  0  0  0
  3  4  1  0  0  0
  3 15  1  0  0  0
  4  5  1  0  0  0
  5  6  1  0  0  0
  6 10  1  0  0  0
  6  7  1  0  0  0
  7  8  1  0  0  0
  8  9  1  0  0  0
  9 14  2  0  0  0
  9 10  1  0  0  0
 10 11  2  0  0  0
 11 12  1  0  0  0
 12 13  2  0  0  0
 13 14  1  0  0  0
 15 16  2  0  0  0
 16 17  1  0  0  0
M  END
$$$$
c12C3(Nc4c(cc[s]4)CN3)CNc1cccc2
  -ISIS-

 17 20  0  0  0  0  0  0  0  0  1
    0.9627    1.9596   -0.9314  N  0  0  0  0  0
    1.7052    1.2081   -1.7731  C  0  0  0  0  0
    1.4189    1.0591   -3.1090  C  0  0  0  0  0
    0.2667    1.7556   -3.6591  C  0  0  0  0  0
   -0.4682    2.4816   -2.7628  N  0  0  0  0  0
   -0.3916    2.3036   -1.3353  C  0  0  0  0  0
   -0.8547    3.6325   -0.6107  C  0  0  0  0  0
   -1.9340    3.2947    0.2177  N  0  0  0  0  0
   -2.2620    1.9377    0.0963  C  0  0  0  0  0
   -1.3951    1.3087   -0.8041  C  0  0  0  0  0
   -1.5304   -0.0451   -1.0887  C  0  0  0  0  0
   -2.5496   -0.7598   -0.4571  C  0  0  0  0  0
   -3.4143   -0.1230    0.4454  C  0  0  0  0  0
   -3.2739    1.2379    0.7302  C  0  0  0  0  0
    2.3642    0.1968   -3.7734  C  0  0  0  0  0
    3.3262   -0.2620   -2.8820  C  0  0  0  0  0
    3.0787    0.3415   -1.2976  S  0  0  0  0  0
  1  6  1  0  0  0
  1  2  1  0  0  0
  2 17  1  0  0  0
  2  3  2  0  0  0
  3  4  1  0  0  0
  3 15  1  0  0  0
  4  5  1  0  0  0
  5  6  1  0  0  0
  6 10  1  0  0  0
  6  7  1  0  0  0
  7  8  1  0  0  0
  8  9  1  0  0  0
  9 14  2  0  0  0
  9 10  1  0  0  0
 10 11  2  0  0  0
 11 12  1  0  0  0
 12 13  2  0  0  0
 13 14  1  0  0  0
 15 16  2  0  0  0
 16 17  1  0  0  0
M  END
$$$$
c12C3(Nc4c(cc[s]4)CN3)CNc1cccc2
  -ISIS-

 17 20  0  0  0  0  0  0  0  0  1
    0.9627    1.9596   -0.9314  N  0  0  0  0  0
    1.7052    1.2081   -1.7731  C  0  0  0  0  0
    1.4189    1.0591   -3.1090  C  0  0  0  0  0
    0.2667    1.7556   -3.6591  C  0  0  0  0  0
   -0.4682    2.4816   -2.7628  N  0  0  0  0  0
   -0.3916    2.3036   -1.3353  C  0  0  0  0  0
   -0.8547    3.6325   -0.6107  C  0  0  0  0  0
   -1.9340    3.2947    0.2177  N  0  0  0  0  0
   -2.2620    1.9377    0.0963  C  0  0  0  0  0
   -1.3951    1.3087   -0.8041  C  0  0  0  0  0
   -1.5304   -0.0451   -1.0887  C  0  0  0  0  0
   -2.5496   -0.7598   -0.4571  C  0  0  0  0  0
   -3.4143   -0.1230    0.4454  C  0  0  0  0  0
   -3.2739    1.2379    0.7302  C  0  0  0  0  0
    2.3642    0.1968   -3.7734  C  0  0  0  0  0
    3.3262   -0.2620   -2.8820  C  0  0  0  0  0
    3.0787    0.3415   -1.2976  S  0  0  0  0  0
  1  6  1  0  0  0
  1  2  1  0  0  0
  2 17  1  0  0  0
  2  3  2  0  0  0
  3  4  1  0  0  0
  3 15  1  0  0  0
  4  5  1  0  0  0
  5  6  1  0  0  0
  6 10  1  0  0  0
  6  7  1  0  0  0
  7  8  1  0  0  0
  8  9  1  0  0  0
  9 14  2  0  0  0
  9 10  1  0  0  0
 10 11  2  0  0  0
 11 12  1  0  0  0
 12 13  2  0  0  0
 13 14  1  0  0  0
 15 16  2  0  0  0
 16 17  1  0  0  0
M  END
$$$$
c12C3(Nc4c(cc[s]4)CN3)CNc1cccc2
  -ISIS-

 17 20  0  0  0  0  0  0  0  0  1
    0.9627    1.9596   -0.9314  N  0  0  0  0  0
    1.7052    1.2081   -1.7731  C  0  0  0  0  0
    1.4189    1.0591   -3.1090  C  0  0  0  0  0
    0.2667    1.7556   -3.6591  C  0  0  0  0  0
   -0.4682    2.4816   -2.7628  N  0  0  0  0  0
   -0.3916    2.3036   -1.3353  C  0  0  0  0  0
   -0.8547    3.6325   -0.6107  C  0  0  0  0  0
   -1.9340    3.2947    0.2177  N  0  0  0  0  0
   -2.2620    1.9377    0.0963  C  0  0  0  0  0
   -1.3951    1.3087   -0.8041  C  0  0  0  0  0
   -1.5304   -0.0451   -1.0887  C  0  0  0  0  0
   -2.5496   -0.7598   -0.4571  C  0  0  0  0  0
   -3.4143   -0.1230    0.4454  C  0  0  0  0  0
   -3.2739    1.2379    0.7302  C  0  0  0  0  0
    2.3642    0.1968   -3.7734  C  0  0  0  0  0
    3.3262   -0.2620   -2.8820  C  0  0  0  0  0
    3.0787    0.3415   -1.2976  S  0  0  0  0  0
  1  6  1  0  0  0
  1  2  1  0  0  0
  2 17  1  0  0  0
  2  3  2  0  0  0
  3  4  1  0  0  0
  3 15  1  0  0  0
  4  5  1  0  0  0
  5  6  1  0  0  0
  6 10  1  0  0  0
  6  7  1  0  0  0
  7  8  1  0  0  0
  8  9  1  0  0  0
  9 14  2  0  0  0
  9 10  1  0  0  0
 10 11  2  0  0  0
 11 12  1  0  0  0
 12 13  2  0  0  0
 13 14  1  0  0  0
 15 16  2  0  0  0
 16 17  1  0  0  0
M  END
$$$$
c12C3(Nc4c(cc[s]4)CN3)CNc1cccc2
  -ISIS-

 17 20  0  0  0  0  0  0  0  0  1
    0.9627    1.9596   -0.9314  N  0  0  0  0  0
    1.7052    1.2081   -1.7731  C  0  0  0  0  0
    1.4189    1.0591   -3.1090  C  0  0  0  0  0
    0.2667    1.7556   -3.6591  C  0  0  0  0  0
   -0.4682    2.4816   -2.7628  N  0  0  0  0  0
   -0.3916    2.3036   -1.3353  C  0  0  0  0  0
   -0.8547    3.6325   -0.6107  C  0  0  0  0  0
   -1.9340    3.2947    0.2177  N  0  0  0  0  0
   -2.2620    1.9377    0.0963  C  0  0  0  0  0
   -1.3951    1.3087   -0.8041  C  0  0  0  0  0
   -1.5304   -0.0451   -1.0887  C  0  0  0  0  0
   -2.5496   -0.7598   -0.4571  C  0  0  0  0  0
   -3.4143   -0.1230    0.4454  C  0  0  0  0  0
   -3.2739    1.2379    0.7302  C  0  0  0  0  0
    2.3642    0.1968   -3.7734  C  0  0  0  0  0
    3.3262   -0.2620   -2.8820  C  0  0  0  0  0
    3.0787    0.3415   -1.2976  S  0  0  0  0  0
  1  6  1  0  0  0
  1  2  1  0  0  0
  2 17  1  0  0  0
  2  3  2  0  0  0
  3  4  1  0  0  0
  3 15  1  0  0  0
  4  5  1  0  0  0
  5  6  1  0  0  0
  6 10  1  0  0  0
  6  7  1  0  0  0
  7  8  1  0  0  0
  8  9  1  0  0  0
  9 14  2  0  0  0
  9 10  1  0  0  0
 10 11  2  0  0  0
 11 12  1  0  0  0
 12 13  2  0  0  0
 13 14  1  0  0  0
 15 16  2  0  0  0
 16 17  1  0  0  0
M  END
$$$$
