C12C3CC(C(C1)C3)C2
  -ISIS-

  8 10  0  0  0  0  0  0  0  0  1
    3.3907   -0.3467   -6.4736  C  0  0  0  0  0
    2.6489   -0.9813   -7.8931  C  0  0  0  0  0
    1.9917   -1.4900   -6.7369  C  0  0  0  0  0
    0.8073   -2.3891   -6.5274  C  0  0  0  0  0
    0.4582   -1.0140   -6.5552  C  0  0  0  0  0
    1.8655   -0.3640   -5.4449  C  0  0  0  0  0
    1.5510    0.4499   -6.4955  C  0  0  0  0  0
    1.1032   -0.7373   -8.2613  C  0  0  0  0  0
  1  6  1  0  0  0
  1  2  1  0  0  0
  2  8  1  0  0  0
  2  3  1  0  0  0
  3  7  1  0  0  0
  3  4  1  0  0  0
  4  5  1  0  0  0
  5  6  1  0  0  0
  5  8  1  0  0  0
  6  7  1  0  0  0
M  END
$$$$
