c12c(cnn1)CSC2
  -ISIS-

  8  9  0  0  0  0  0  0  0  0  1
    5.5254    2.4549    0.1891  C  0  0  0  0  0
    4.7366    1.9763    1.2642  N  0  0  0  0  0
    4.7288    0.6088    1.3023  N  0  0  0  0  0
    5.7410    0.2760    0.5139  C  0  0  0  0  0
    6.2752    1.3599   -0.1948  C  0  0  0  0  0
    7.4280    1.0524   -1.0655  C  0  0  0  0  0
    7.8592   -0.7132   -0.6735  S  0  0  0  0  0
    6.3452   -1.0598    0.3391  C  0  0  0  0  0
  1  5  2  0  0  0
  1  2  1  0  0  0
  2  3  1  0  0  0
  3  4  2  0  0  0
  4  8  1  0  0  0
  4  5  1  0  0  0
  5  6  1  0  0  0
  6  7  1  0  0  0
  7  8  1  0  0  0
M  END
$$$$
