c12c3OC4C5(OCCO5)CCC6C14CCNC6Cc2ccc3
  -ISIS-

 22 27  0  0  0  0  0  0  0  0  1
   -8.2719   -0.6909    0.5864  C  0  0  0  0  0
   -8.0742    0.0080   -0.6225  C  0  0  0  0  0
   -6.7937    0.3625   -1.0892  C  0  0  0  0  0
   -5.6750   -0.0301   -0.3665  C  0  0  0  0  0
   -4.2341    0.4360   -0.7312  C  0  0  0  0  0
   -3.3722   -0.3066    0.2864  C  0  0  0  0  0
   -3.8140   -0.1801    1.7769  C  0  0  0  0  0
   -4.8255   -1.3111    1.7994  C  0  0  0  0  0
   -5.8877   -0.8319    0.7984  C  0  0  0  0  0
   -7.1498   -1.0734    1.3023  C  0  0  0  0  0
   -7.1065   -1.5926    2.5684  O  0  0  0  0  0
   -5.7279   -1.4660    3.0320  C  0  0  0  0  0
   -5.5193   -0.3011    4.0384  C  0  0  0  0  0
   -5.4513    1.0656    3.3444  C  0  0  0  0  0
   -4.3392    1.1785    2.2845  C  0  0  0  0  0
   -6.5619   -0.2782    5.0224  O  0  0  0  0  0
   -5.9662   -0.7728    6.2192  C  0  0  0  0  0
   -4.5331   -0.3365    6.0937  C  0  0  0  0  0
   -4.2493   -0.5269    4.7031  O  0  0  0  0  0
   -4.0158   -2.6343    1.4236  C  0  0  0  0  0
   -2.4601   -2.4264    1.0779  C  0  0  0  0  0
   -2.1707   -1.1533    0.1870  N  0  0  0  0  0
  1 10  2  0  0  0
  1  2  1  0  0  0
  2  3  2  0  0  0
  3  4  1  0  0  0
  4  9  2  0  0  0
  4  5  1  0  0  0
  5  6  1  0  0  0
  6 22  1  0  0  0
  6  7  1  0  0  0
  7 15  1  0  0  0
  7  8  1  0  0  0
  8 12  1  0  0  0
  8  9  1  0  0  0
  8 20  1  0  0  0
  9 10  1  0  0  0
 10 11  1  0  0  0
 11 12  1  0  0  0
 12 13  1  0  0  0
 13 19  1  0  0  0
 13 14  1  0  0  0
 13 16  1  0  0  0
 14 15  1  0  0  0
 16 17  1  0  0  0
 17 18  1  0  0  0
 18 19  1  0  0  0
 20 21  1  0  0  0
 21 22  1  0  0  0
M  END
$$$$
c12c3OC4C5(OCCO5)CCC6C14CCNC6Cc2ccc3
  -ISIS-

 22 27  0  0  0  0  0  0  0  0  1
   -8.2719   -0.6909    0.5864  C  0  0  0  0  0
   -8.0742    0.0080   -0.6225  C  0  0  0  0  0
   -6.7937    0.3625   -1.0892  C  0  0  0  0  0
   -5.6750   -0.0301   -0.3665  C  0  0  0  0  0
   -4.2341    0.4360   -0.7312  C  0  0  0  0  0
   -3.3722   -0.3066    0.2864  C  0  0  0  0  0
   -3.8140   -0.1801    1.7769  C  0  0  0  0  0
   -4.8255   -1.3111    1.7994  C  0  0  0  0  0
   -5.8877   -0.8319    0.7984  C  0  0  0  0  0
   -7.1498   -1.0734    1.3023  C  0  0  0  0  0
   -7.1065   -1.5926    2.5684  O  0  0  0  0  0
   -5.7279   -1.4660    3.0320  C  0  0  0  0  0
   -5.5193   -0.3011    4.0384  C  0  0  0  0  0
   -5.4513    1.0656    3.3444  C  0  0  0  0  0
   -4.3392    1.1785    2.2845  C  0  0  0  0  0
   -6.5619   -0.2782    5.0224  O  0  0  0  0  0
   -5.9662   -0.7728    6.2192  C  0  0  0  0  0
   -4.5331   -0.3365    6.0937  C  0  0  0  0  0
   -4.2493   -0.5269    4.7031  O  0  0  0  0  0
   -4.0158   -2.6343    1.4236  C  0  0  0  0  0
   -2.4601   -2.4264    1.0779  C  0  0  0  0  0
   -2.1707   -1.1533    0.1870  N  0  0  0  0  0
  1 10  2  0  0  0
  1  2  1  0  0  0
  2  3  2  0  0  0
  3  4  1  0  0  0
  4  9  2  0  0  0
  4  5  1  0  0  0
  5  6  1  0  0  0
  6 22  1  0  0  0
  6  7  1  0  0  0
  7 15  1  0  0  0
  7  8  1  0  0  0
  8 12  1  0  0  0
  8  9  1  0  0  0
  8 20  1  0  0  0
  9 10  1  0  0  0
 10 11  1  0  0  0
 11 12  1  0  0  0
 12 13  1  0  0  0
 13 19  1  0  0  0
 13 14  1  0  0  0
 13 16  1  0  0  0
 14 15  1  0  0  0
 16 17  1  0  0  0
 17 18  1  0  0  0
 18 19  1  0  0  0
 20 21  1  0  0  0
 21 22  1  0  0  0
M  END
$$$$
