c12c3c(cccc3)Nc4[c]1[c](nn2)ccc4
  -ISIS-

 16 19  0  0  0  0  0  0  0  0  1
   -3.4851    4.0593   -5.3027  C  0  0  0  0  0
   -2.6078    2.9978   -4.9695  C  0  0  0  0  0
   -1.5757    2.5686   -5.8326  C  0  0  0  0  0
   -1.4678    3.2482   -7.0472  C  0  0  0  0  0
   -0.6679    3.1752   -8.1624  N  0  0  0  0  0
   -0.9744    4.0738   -9.1431  N  0  0  0  0  0
   -2.0035    4.7534   -8.6221  C  0  0  0  0  0
   -2.3281    4.2782   -7.3449  C  0  0  0  0  0
   -3.3486    4.7373   -6.5120  C  0  0  0  0  0
   -4.1586    5.7410   -7.0582  N  0  0  0  0  0
   -3.8447    6.3583   -8.3213  C  0  0  0  0  0
   -4.6440    7.3943   -8.8037  C  0  0  0  0  0
   -4.3884    7.9510  -10.0651  C  0  0  0  0  0
   -3.3452    7.4689  -10.8662  C  0  0  0  0  0
   -2.5497    6.4140  -10.4112  C  0  0  0  0  0
   -2.7948    5.8525   -9.1599  C  0  0  0  0  0
  1  9  2  0  0  0
  1  2  1  0  0  0
  2  3  2  0  0  0
  3  4  1  0  0  0
  4  8  2  0  0  0
  4  5  1  0  0  0
  5  6  1  0  0  0
  6  7  2  0  0  0
  7 16  1  0  0  0
  7  8  2  0  0  0
  8  9  1  0  0  0
  9 10  1  0  0  0
 10 11  1  0  0  0
 11 16  2  0  0  0
 11 12  1  0  0  0
 12 13  2  0  0  0
 13 14  1  0  0  0
 14 15  2  0  0  0
 15 16  1  0  0  0
M  END
$$$$
