c12c(C3C1CCCC3)cccc2
  -ISIS-

 12 14  0  0  0  0  0  0  0  0  1
    1.3320   -5.7542   -5.2594  C  0  0  0  0  0
    2.8269   -5.5651   -5.3885  C  0  0  0  0  0
    3.9484   -5.0619   -4.7653  C  0  0  0  0  0
    5.1818   -5.2855   -5.3824  C  0  0  0  0  0
    5.2628   -6.0168   -6.5813  C  0  0  0  0  0
    4.1127   -6.5362   -7.1769  C  0  0  0  0  0
    2.9121   -6.2922   -6.5505  C  0  0  0  0  0
    1.4191   -6.5173   -6.6639  C  0  0  0  0  0
    0.8483   -5.8854   -7.9358  C  0  0  0  0  0
   -0.1616   -4.7909   -7.6281  C  0  0  0  0  0
    0.3875   -3.8023   -6.6032  C  0  0  0  0  0
    0.4744   -4.4731   -5.2287  C  0  0  0  0  0
  1  8  1  0  0  0
  1 12  1  0  0  0
  1  2  1  0  0  0
  2  7  2  0  0  0
  2  3  1  0  0  0
  3  4  2  0  0  0
  4  5  1  0  0  0
  5  6  2  0  0  0
  6  7  1  0  0  0
  7  8  1  0  0  0
  8  9  1  0  0  0
  9 10  1  0  0  0
 10 11  1  0  0  0
 11 12  1  0  0  0
M  END
$$$$
c12c(C3C1CCCC3)cccc2
  -ISIS-

 12 14  0  0  0  0  0  0  0  0  1
    1.3320   -5.7542   -5.2594  C  0  0  0  0  0
    2.8269   -5.5651   -5.3885  C  0  0  0  0  0
    3.9484   -5.0619   -4.7653  C  0  0  0  0  0
    5.1818   -5.2855   -5.3824  C  0  0  0  0  0
    5.2628   -6.0168   -6.5813  C  0  0  0  0  0
    4.1127   -6.5362   -7.1769  C  0  0  0  0  0
    2.9121   -6.2922   -6.5505  C  0  0  0  0  0
    1.4191   -6.5173   -6.6639  C  0  0  0  0  0
    0.8483   -5.8854   -7.9358  C  0  0  0  0  0
   -0.1616   -4.7909   -7.6281  C  0  0  0  0  0
    0.3875   -3.8023   -6.6032  C  0  0  0  0  0
    0.4744   -4.4731   -5.2287  C  0  0  0  0  0
  1  8  1  0  0  0
  1 12  1  0  0  0
  1  2  1  0  0  0
  2  7  2  0  0  0
  2  3  1  0  0  0
  3  4  2  0  0  0
  4  5  1  0  0  0
  5  6  2  0  0  0
  6  7  1  0  0  0
  7  8  1  0  0  0
  8  9  1  0  0  0
  9 10  1  0  0  0
 10 11  1  0  0  0
 11 12  1  0  0  0
M  END
$$$$
c12c(C3C1CCCC3)cccc2
  -ISIS-

 12 14  0  0  0  0  0  0  0  0  1
    6.5723    3.4089   -0.1738  C  0  0  0  0  0
    5.1993    2.7877    0.3625  C  0  0  0  0  0
    5.6333    1.5050   -0.2933  C  0  0  0  0  0
    5.2748    0.1971   -0.5235  C  0  0  0  0  0
    6.1196   -0.5630   -1.3360  C  0  0  0  0  0
    7.2785    0.0047   -1.8990  C  0  0  0  0  0
    7.6107    1.3381   -1.6510  C  0  0  0  0  0
    6.7663    2.0588   -0.8373  C  0  0  0  0  0
    4.9735    2.7014    1.8678  C  0  0  0  0  0
    6.2982    2.5977    2.6152  C  0  0  0  0  0
    7.1911    3.7884    2.2701  C  0  0  0  0  0
    7.6975    3.6990    0.8324  C  0  0  0  0  0
  1  8  1  0  0  0
  1 12  1  0  0  0
  1  2  1  0  0  0
  2  3  1  0  0  0
  2  9  1  0  0  0
  3  8  2  0  0  0
  3  4  1  0  0  0
  4  5  2  0  0  0
  5  6  1  0  0  0
  6  7  2  0  0  0
  7  8  1  0  0  0
  9 10  1  0  0  0
 10 11  1  0  0  0
 11 12  1  0  0  0
M  END
$$$$
c12c(C3C1CCCC3)cccc2
  -ISIS-

 12 14  0  0  0  0  0  0  0  0  1
    6.5723    3.4089   -0.1738  C  0  0  0  0  0
    5.1993    2.7877    0.3625  C  0  0  0  0  0
    5.6333    1.5050   -0.2933  C  0  0  0  0  0
    5.2748    0.1971   -0.5235  C  0  0  0  0  0
    6.1196   -0.5630   -1.3360  C  0  0  0  0  0
    7.2785    0.0047   -1.8990  C  0  0  0  0  0
    7.6107    1.3381   -1.6510  C  0  0  0  0  0
    6.7663    2.0588   -0.8373  C  0  0  0  0  0
    4.9735    2.7014    1.8678  C  0  0  0  0  0
    6.2982    2.5977    2.6152  C  0  0  0  0  0
    7.1911    3.7884    2.2701  C  0  0  0  0  0
    7.6975    3.6990    0.8324  C  0  0  0  0  0
  1  8  1  0  0  0
  1 12  1  0  0  0
  1  2  1  0  0  0
  2  3  1  0  0  0
  2  9  1  0  0  0
  3  8  2  0  0  0
  3  4  1  0  0  0
  4  5  2  0  0  0
  5  6  1  0  0  0
  6  7  2  0  0  0
  7  8  1  0  0  0
  9 10  1  0  0  0
 10 11  1  0  0  0
 11 12  1  0  0  0
M  END
$$$$
c12c(C3C1CCCC3)cccc2
  -ISIS-

 12 14  0  0  0  0  0  0  0  0  1
    2.2733    4.9262   -2.0159  C  0  0  0  0  0
    0.7069    4.8747   -2.2509  C  0  0  0  0  0
    1.0088    4.0695   -3.4786  C  0  0  0  0  0
    0.4159    3.4350   -4.5462  C  0  0  0  0  0
    1.2563    2.7917   -5.4525  C  0  0  0  0  0
    2.6491    2.8110   -5.2690  C  0  0  0  0  0
    3.2190    3.4701   -4.1741  C  0  0  0  0  0
    2.3697    4.0844   -3.2787  C  0  0  0  0  0
   -0.0657    4.1021   -1.1933  C  0  0  0  0  0
    0.2777    4.6990    0.1581  C  0  0  0  0  0
    1.7837    4.7018    0.4540  C  0  0  0  0  0
    2.7230    4.2437   -0.6943  C  0  0  0  0  0
  1  8  1  0  0  0
  1 12  1  0  0  0
  1  2  1  0  0  0
  2  3  1  0  0  0
  2  9  1  0  0  0
  3  8  2  0  0  0
  3  4  1  0  0  0
  4  5  2  0  0  0
  5  6  1  0  0  0
  6  7  2  0  0  0
  7  8  1  0  0  0
  9 10  1  0  0  0
 10 11  1  0  0  0
 11 12  1  0  0  0
M  END
$$$$
c12c(C3C1CCCC3)cccc2
  -ISIS-

 12 14  0  0  0  0  0  0  0  0  1
    2.2733    4.9262   -2.0159  C  0  0  0  0  0
    0.7069    4.8747   -2.2509  C  0  0  0  0  0
    1.0088    4.0695   -3.4786  C  0  0  0  0  0
    0.4159    3.4350   -4.5462  C  0  0  0  0  0
    1.2563    2.7917   -5.4525  C  0  0  0  0  0
    2.6491    2.8110   -5.2690  C  0  0  0  0  0
    3.2190    3.4701   -4.1741  C  0  0  0  0  0
    2.3697    4.0844   -3.2787  C  0  0  0  0  0
   -0.0657    4.1021   -1.1933  C  0  0  0  0  0
    0.2777    4.6990    0.1581  C  0  0  0  0  0
    1.7837    4.7018    0.4540  C  0  0  0  0  0
    2.7230    4.2437   -0.6943  C  0  0  0  0  0
  1  8  1  0  0  0
  1 12  1  0  0  0
  1  2  1  0  0  0
  2  3  1  0  0  0
  2  9  1  0  0  0
  3  8  2  0  0  0
  3  4  1  0  0  0
  4  5  2  0  0  0
  5  6  1  0  0  0
  6  7  2  0  0  0
  7  8  1  0  0  0
  9 10  1  0  0  0
 10 11  1  0  0  0
 11 12  1  0  0  0
M  END
$$$$
c12c(C3C1CCCC3)cccc2
  -ISIS-

 12 14  0  0  0  0  0  0  0  0  1
    2.3388    6.0990   -1.1460  C  0  0  0  0  0
    3.0515    6.3818   -2.5479  C  0  0  0  0  0
    1.8047    5.7828   -3.1641  C  0  0  0  0  0
    1.2130    5.4378   -4.3556  C  0  0  0  0  0
   -0.1007    4.9684   -4.3009  C  0  0  0  0  0
   -0.7818    4.8604   -3.0689  C  0  0  0  0  0
   -0.1515    5.2106   -1.8721  C  0  0  0  0  0
    1.1446    5.6679   -1.9638  C  0  0  0  0  0
    3.2810    7.8238   -3.0049  C  0  0  0  0  0
    3.3459    8.7807   -1.8229  C  0  0  0  0  0
    2.1069    8.6322   -0.9395  C  0  0  0  0  0
    2.1061    7.2939   -0.2094  C  0  0  0  0  0
  1  8  1  0  0  0
  1 12  1  0  0  0
  1  2  1  0  0  0
  2  3  1  0  0  0
  2  9  1  0  0  0
  3  8  2  0  0  0
  3  4  1  0  0  0
  4  5  2  0  0  0
  5  6  1  0  0  0
  6  7  2  0  0  0
  7  8  1  0  0  0
  9 10  1  0  0  0
 10 11  1  0  0  0
 11 12  1  0  0  0
M  END
$$$$
c12c(C3C1CCCC3)cccc2
  -ISIS-

 12 14  0  0  0  0  0  0  0  0  1
    2.3388    6.0990   -1.1460  C  0  0  0  0  0
    3.0515    6.3818   -2.5479  C  0  0  0  0  0
    1.8047    5.7828   -3.1641  C  0  0  0  0  0
    1.2130    5.4378   -4.3556  C  0  0  0  0  0
   -0.1007    4.9684   -4.3009  C  0  0  0  0  0
   -0.7818    4.8604   -3.0689  C  0  0  0  0  0
   -0.1515    5.2106   -1.8721  C  0  0  0  0  0
    1.1446    5.6679   -1.9638  C  0  0  0  0  0
    3.2810    7.8238   -3.0049  C  0  0  0  0  0
    3.3459    8.7807   -1.8229  C  0  0  0  0  0
    2.1069    8.6322   -0.9395  C  0  0  0  0  0
    2.1061    7.2939   -0.2094  C  0  0  0  0  0
  1  8  1  0  0  0
  1 12  1  0  0  0
  1  2  1  0  0  0
  2  3  1  0  0  0
  2  9  1  0  0  0
  3  8  2  0  0  0
  3  4  1  0  0  0
  4  5  2  0  0  0
  5  6  1  0  0  0
  6  7  2  0  0  0
  7  8  1  0  0  0
  9 10  1  0  0  0
 10 11  1  0  0  0
 11 12  1  0  0  0
M  END
$$$$
c12c(C3C1CCCC3)cccc2
  -ISIS-

 12 14  0  0  0  0  0  0  0  0  1
    2.3388    6.0990   -1.1460  C  0  0  0  0  0
    3.0515    6.3818   -2.5479  C  0  0  0  0  0
    1.8047    5.7828   -3.1641  C  0  0  0  0  0
    1.2130    5.4378   -4.3556  C  0  0  0  0  0
   -0.1007    4.9684   -4.3009  C  0  0  0  0  0
   -0.7818    4.8604   -3.0689  C  0  0  0  0  0
   -0.1515    5.2106   -1.8721  C  0  0  0  0  0
    1.1446    5.6679   -1.9638  C  0  0  0  0  0
    3.2810    7.8238   -3.0049  C  0  0  0  0  0
    3.3459    8.7807   -1.8229  C  0  0  0  0  0
    2.1069    8.6322   -0.9395  C  0  0  0  0  0
    2.1061    7.2939   -0.2094  C  0  0  0  0  0
  1  8  1  0  0  0
  1 12  1  0  0  0
  1  2  1  0  0  0
  2  3  1  0  0  0
  2  9  1  0  0  0
  3  8  2  0  0  0
  3  4  1  0  0  0
  4  5  2  0  0  0
  5  6  1  0  0  0
  6  7  2  0  0  0
  7  8  1  0  0  0
  9 10  1  0  0  0
 10 11  1  0  0  0
 11 12  1  0  0  0
M  END
$$$$
