c12c(cccc1)CCc3c(cccc3)N2
  -ISIS-

 15 17  0  0  0  0  0  0  0  0  1
   -1.1321    4.5818  -10.7992  N  0  0  0  0  0
   -2.4225    4.2405  -10.2931  C  0  0  0  0  0
   -3.1865    3.2453  -10.9075  C  0  0  0  0  0
   -2.6779    2.5996  -12.1606  C  0  0  0  0  0
   -2.7348    3.6050  -13.3012  C  0  0  0  0  0
   -1.8968    4.8646  -13.1876  C  0  0  0  0  0
   -1.1345    5.2740  -12.0668  C  0  0  0  0  0
   -0.3592    6.4467  -12.1971  C  0  0  0  0  0
   -0.3390    7.2029  -13.3717  C  0  0  0  0  0
   -1.1010    6.8081  -14.4569  C  0  0  0  0  0
   -1.8708    5.6532  -14.3641  C  0  0  0  0  0
   -4.4213    2.8846  -10.3552  C  0  0  0  0  0
   -4.8956    3.5137   -9.1998  C  0  0  0  0  0
   -4.1506    4.5207   -8.5905  C  0  0  0  0  0
   -2.9165    4.8810   -9.1455  C  0  0  0  0  0
  1  7  1  0  0  0
  1  2  1  0  0  0
  2 15  2  0  0  0
  2  3  1  0  0  0
  3  4  1  0  0  0
  3 12  2  0  0  0
  4  5  1  0  0  0
  5  6  1  0  0  0
  6 11  2  0  0  0
  6  7  1  0  0  0
  7  8  2  0  0  0
  8  9  1  0  0  0
  9 10  2  0  0  0
 10 11  1  0  0  0
 12 13  1  0  0  0
 13 14  2  0  0  0
 14 15  1  0  0  0
M  END
$$$$
