c12c(cccc1)COC=CN2
  -ISIS-

 11 12  0  0  0  0  0  0  0  0  1
    6.6249   -0.4914   -2.6794  C  0  0  0  0  0
    7.3586    0.1891   -1.7580  O  0  0  0  0  0
    7.1265   -0.3016   -0.4801  C  0  0  0  0  0
    5.9297   -0.3818    0.1244  C  0  0  0  0  0
    4.7208   -0.0045   -0.4239  N  0  0  0  0  0
    4.4110    0.2865   -1.7648  C  0  0  0  0  0
    3.1483    0.8434   -2.0396  C  0  0  0  0  0
    2.7560    1.1604   -3.3445  C  0  0  0  0  0
    3.6210    0.9285   -4.4083  C  0  0  0  0  0
    4.8818    0.3915   -4.1629  C  0  0  0  0  0
    5.2810    0.0936   -2.8486  C  0  0  0  0  0
  1 11  1  0  0  0
  1  2  1  0  0  0
  2  3  1  0  0  0
  3  4  2  0  0  0
  4  5  1  0  0  0
  5  6  1  0  0  0
  6 11  2  0  0  0
  6  7  1  0  0  0
  7  8  2  0  0  0
  8  9  1  0  0  0
  9 10  2  0  0  0
 10 11  1  0  0  0
M  END
$$$$
c12c(cccc1)COC=CN2
  -ISIS-

 11 12  0  0  0  0  0  0  0  0  1
    6.6249   -0.4914   -2.6794  C  0  0  0  0  0
    7.3586    0.1891   -1.7580  O  0  0  0  0  0
    7.1265   -0.3016   -0.4801  C  0  0  0  0  0
    5.9297   -0.3818    0.1244  C  0  0  0  0  0
    4.7208   -0.0045   -0.4239  N  0  0  0  0  0
    4.4110    0.2865   -1.7648  C  0  0  0  0  0
    3.1483    0.8434   -2.0396  C  0  0  0  0  0
    2.7560    1.1604   -3.3445  C  0  0  0  0  0
    3.6210    0.9285   -4.4083  C  0  0  0  0  0
    4.8818    0.3915   -4.1629  C  0  0  0  0  0
    5.2810    0.0936   -2.8486  C  0  0  0  0  0
  1 11  1  0  0  0
  1  2  1  0  0  0
  2  3  1  0  0  0
  3  4  2  0  0  0
  4  5  1  0  0  0
  5  6  1  0  0  0
  6 11  2  0  0  0
  6  7  1  0  0  0
  7  8  2  0  0  0
  8  9  1  0  0  0
  9 10  2  0  0  0
 10 11  1  0  0  0
M  END
$$$$
