C12C(OCO1)=CCCC=2
  -ISIS-

  9 10  0  0  0  0  0  0  0  0  1
    1.0043    0.4450   -5.9716  C  0  0  0  0  0
    0.1628   -0.7709   -5.6031  C  0  0  0  0  0
   -0.4558   -1.5274   -6.7279  C  0  0  0  0  0
   -0.2434   -1.1170   -7.9790  C  0  0  0  0  0
    0.5471    0.0122   -8.3112  C  0  0  0  0  0
    1.1494    0.7696   -7.3907  C  0  0  0  0  0
    0.5962    0.2002   -9.6621  O  0  0  0  0  0
   -0.2163   -0.8788  -10.1533  C  0  0  0  0  0
   -0.7425   -1.7098   -9.1051  O  0  0  0  0  0
  1  6  1  0  0  0
  1  2  1  0  0  0
  2  3  1  0  0  0
  3  4  2  0  0  0
  4  9  1  0  0  0
  4  5  1  0  0  0
  5  6  2  0  0  0
  5  7  1  0  0  0
  7  8  1  0  0  0
  8  9  1  0  0  0
M  END
$$$$
C12C(OCO1)=CCCC=2
  -ISIS-

  9 10  0  0  0  0  0  0  0  0  1
    1.0043    0.4450   -5.9716  C  0  0  0  0  0
    0.1628   -0.7709   -5.6031  C  0  0  0  0  0
   -0.4558   -1.5274   -6.7279  C  0  0  0  0  0
   -0.2434   -1.1170   -7.9790  C  0  0  0  0  0
    0.5471    0.0122   -8.3112  C  0  0  0  0  0
    1.1494    0.7696   -7.3907  C  0  0  0  0  0
    0.5962    0.2002   -9.6621  O  0  0  0  0  0
   -0.2163   -0.8788  -10.1533  C  0  0  0  0  0
   -0.7425   -1.7098   -9.1051  O  0  0  0  0  0
  1  6  1  0  0  0
  1  2  1  0  0  0
  2  3  1  0  0  0
  3  4  2  0  0  0
  4  9  1  0  0  0
  4  5  1  0  0  0
  5  6  2  0  0  0
  5  7  1  0  0  0
  7  8  1  0  0  0
  8  9  1  0  0  0
M  END
$$$$
