C12C(C3C4C(C1CC3)C4)C2
  -ISIS-

 10 13  0  0  0  0  0  0  0  0  1
   -5.8926   -5.9958    0.2790  C  0  0  0  0  0
   -7.0066   -6.7847    1.0067  C  0  0  0  0  0
   -6.9692   -8.2559    0.6283  C  0  0  0  0  0
   -5.8335   -8.5417   -0.3590  C  0  0  0  0  0
   -4.5453   -8.1341    0.3619  C  0  0  0  0  0
   -4.5759   -6.6635    0.7415  C  0  0  0  0  0
   -3.4883   -7.1908   -0.1646  C  0  0  0  0  0
   -6.0152   -7.6874   -1.6332  C  0  0  0  0  0
   -6.0538   -6.1834   -1.2624  C  0  0  0  0  0
   -8.2043   -7.4310    0.3506  C  0  0  0  0  0
  1  6  1  0  0  0
  1  9  1  0  0  0
  1  2  1  0  0  0
  2 10  1  0  0  0
  2  3  1  0  0  0
  3  4  1  0  0  0
  3 10  1  0  0  0
  4  5  1  0  0  0
  4  8  1  0  0  0
  5  7  1  0  0  0
  5  6  1  0  0  0
  6  7  1  0  0  0
  8  9  1  0  0  0
M  END
$$$$
