c12c([n]3[c](n1)cccc3)Nc4c(non4)N2
  -ISIS-

 16 19  0  0  0  0  0  0  0  0  1
    2.2172   -4.1173    3.3306  C  0  0  0  0  0
    2.1437   -4.4743    2.0070  N  0  0  0  0  0
    1.0338   -4.5808    1.1698  C  0  0  0  0  0
    1.2121   -4.9531   -0.1089  C  0  0  0  0  0
    2.5604   -5.2339   -0.5792  C  0  0  0  0  0
    3.6296   -5.1293    0.2344  C  0  0  0  0  0
    3.4512   -4.7349    1.5921  C  0  0  0  0  0
    4.3250   -4.5642    2.5650  N  0  0  0  0  0
    3.5777   -4.1834    3.6421  C  0  0  0  0  0
    4.0525   -3.8939    4.8812  N  0  0  0  0  0
    3.0788   -3.5404    5.7661  C  0  0  0  0  0
    3.2298   -3.2029    7.0465  N  0  0  0  0  0
    1.9341   -2.9337    7.4947  O  0  0  0  0  0
    0.9788   -3.1053    6.4888  N  0  0  0  0  0
    1.6836   -3.4792    5.4231  C  0  0  0  0  0
    1.2134   -3.7717    4.1749  N  0  0  0  0  0
  1  9  2  0  0  0
  1 16  1  0  0  0
  1  2  1  0  0  0
  2  7  2  0  0  0
  2  3  1  0  0  0
  3  4  2  0  0  0
  4  5  1  0  0  0
  5  6  2  0  0  0
  6  7  1  0  0  0
  7  8  2  0  0  0
  8  9  1  0  0  0
  9 10  1  0  0  0
 10 11  1  0  0  0
 11 15  1  0  0  0
 11 12  2  0  0  0
 12 13  1  0  0  0
 13 14  1  0  0  0
 14 15  2  0  0  0
 15 16  1  0  0  0
M  END
$$$$
