c12c(cccc1)CC3OCCCC3C=C2
  -ISIS-

 15 17  0  0  0  0  0  0  0  0  1
    6.4030   -0.1373   -4.3883  C  0  0  0  0  0
    5.5907    0.2990   -3.1379  C  0  0  0  0  0
    4.2386    0.8814   -3.4658  C  0  0  0  0  0
    4.1431    2.1041   -4.1348  C  0  0  0  0  0
    5.3193    2.8873   -4.5053  C  0  0  0  0  0
    6.5231    2.4579   -4.9118  C  0  0  0  0  0
    7.1374    1.0737   -5.1496  C  0  0  0  0  0
    7.1973    0.7528   -6.7037  C  0  0  0  0  0
    5.7617    0.4461   -7.1666  C  0  0  0  0  0
    5.1563   -0.7373   -6.4787  C  0  0  0  0  0
    5.5093   -0.9581   -5.2016  O  0  0  0  0  0
    2.8771    2.6623   -4.4086  C  0  0  0  0  0
    1.6791    2.0162   -4.0570  C  0  0  0  0  0
    1.7890    0.7709   -3.4311  C  0  0  0  0  0
    3.0446    0.2298   -3.1132  C  0  0  0  0  0
  1  7  1  0  0  0
  1 11  1  0  0  0
  1  2  1  0  0  0
  2  3  1  0  0  0
  3 15  2  0  0  0
  3  4  1  0  0  0
  4  5  1  0  0  0
  4 12  2  0  0  0
  5  6  2  0  0  0
  6  7  1  0  0  0
  7  8  1  0  0  0
  8  9  1  0  0  0
  9 10  1  0  0  0
 10 11  1  0  0  0
 12 13  1  0  0  0
 13 14  2  0  0  0
 14 15  1  0  0  0
M  END
$$$$
c12c(cccc1)CC3OCCCC3C=C2
  -ISIS-

 15 17  0  0  0  0  0  0  0  0  1
    6.4030   -0.1373   -4.3883  C  0  0  0  0  0
    5.5907    0.2990   -3.1379  C  0  0  0  0  0
    4.2386    0.8814   -3.4658  C  0  0  0  0  0
    4.1431    2.1041   -4.1348  C  0  0  0  0  0
    5.3193    2.8873   -4.5053  C  0  0  0  0  0
    6.5231    2.4579   -4.9118  C  0  0  0  0  0
    7.1374    1.0737   -5.1496  C  0  0  0  0  0
    7.1973    0.7528   -6.7037  C  0  0  0  0  0
    5.7617    0.4461   -7.1666  C  0  0  0  0  0
    5.1563   -0.7373   -6.4787  C  0  0  0  0  0
    5.5093   -0.9581   -5.2016  O  0  0  0  0  0
    2.8771    2.6623   -4.4086  C  0  0  0  0  0
    1.6791    2.0162   -4.0570  C  0  0  0  0  0
    1.7890    0.7709   -3.4311  C  0  0  0  0  0
    3.0446    0.2298   -3.1132  C  0  0  0  0  0
  1  7  1  0  0  0
  1 11  1  0  0  0
  1  2  1  0  0  0
  2  3  1  0  0  0
  3 15  2  0  0  0
  3  4  1  0  0  0
  4  5  1  0  0  0
  4 12  2  0  0  0
  5  6  2  0  0  0
  6  7  1  0  0  0
  7  8  1  0  0  0
  8  9  1  0  0  0
  9 10  1  0  0  0
 10 11  1  0  0  0
 12 13  1  0  0  0
 13 14  2  0  0  0
 14 15  1  0  0  0
M  END
$$$$
c12c(cccc1)CC3OCCCC3C=C2
  -ISIS-

 15 17  0  0  0  0  0  0  0  0  1
    6.4030   -0.1373   -4.3883  C  0  0  0  0  0
    5.5907    0.2990   -3.1379  C  0  0  0  0  0
    4.2386    0.8814   -3.4658  C  0  0  0  0  0
    4.1431    2.1041   -4.1348  C  0  0  0  0  0
    5.3193    2.8873   -4.5053  C  0  0  0  0  0
    6.5231    2.4579   -4.9118  C  0  0  0  0  0
    7.1374    1.0737   -5.1496  C  0  0  0  0  0
    7.1973    0.7528   -6.7037  C  0  0  0  0  0
    5.7617    0.4461   -7.1666  C  0  0  0  0  0
    5.1563   -0.7373   -6.4787  C  0  0  0  0  0
    5.5093   -0.9581   -5.2016  O  0  0  0  0  0
    2.8771    2.6623   -4.4086  C  0  0  0  0  0
    1.6791    2.0162   -4.0570  C  0  0  0  0  0
    1.7890    0.7709   -3.4311  C  0  0  0  0  0
    3.0446    0.2298   -3.1132  C  0  0  0  0  0
  1  7  1  0  0  0
  1 11  1  0  0  0
  1  2  1  0  0  0
  2  3  1  0  0  0
  3 15  2  0  0  0
  3  4  1  0  0  0
  4  5  1  0  0  0
  4 12  2  0  0  0
  5  6  2  0  0  0
  6  7  1  0  0  0
  7  8  1  0  0  0
  8  9  1  0  0  0
  9 10  1  0  0  0
 10 11  1  0  0  0
 12 13  1  0  0  0
 13 14  2  0  0  0
 14 15  1  0  0  0
M  END
$$$$
c12c(cccc1)CC3OCCCC3C=C2
  -ISIS-

 15 17  0  0  0  0  0  0  0  0  1
    6.4030   -0.1373   -4.3883  C  0  0  0  0  0
    5.5907    0.2990   -3.1379  C  0  0  0  0  0
    4.2386    0.8814   -3.4658  C  0  0  0  0  0
    4.1431    2.1041   -4.1348  C  0  0  0  0  0
    5.3193    2.8873   -4.5053  C  0  0  0  0  0
    6.5231    2.4579   -4.9118  C  0  0  0  0  0
    7.1374    1.0737   -5.1496  C  0  0  0  0  0
    7.1973    0.7528   -6.7037  C  0  0  0  0  0
    5.7617    0.4461   -7.1666  C  0  0  0  0  0
    5.1563   -0.7373   -6.4787  C  0  0  0  0  0
    5.5093   -0.9581   -5.2016  O  0  0  0  0  0
    2.8771    2.6623   -4.4086  C  0  0  0  0  0
    1.6791    2.0162   -4.0570  C  0  0  0  0  0
    1.7890    0.7709   -3.4311  C  0  0  0  0  0
    3.0446    0.2298   -3.1132  C  0  0  0  0  0
  1  7  1  0  0  0
  1 11  1  0  0  0
  1  2  1  0  0  0
  2  3  1  0  0  0
  3 15  2  0  0  0
  3  4  1  0  0  0
  4  5  1  0  0  0
  4 12  2  0  0  0
  5  6  2  0  0  0
  6  7  1  0  0  0
  7  8  1  0  0  0
  8  9  1  0  0  0
  9 10  1  0  0  0
 10 11  1  0  0  0
 12 13  1  0  0  0
 13 14  2  0  0  0
 14 15  1  0  0  0
M  END
$$$$
c12c(cccc1)CC3OCCCC3C=C2
  -ISIS-

 15 17  0  0  0  0  0  0  0  0  1
    6.4030   -0.1373   -4.3883  C  0  0  0  0  0
    5.5907    0.2990   -3.1379  C  0  0  0  0  0
    4.2386    0.8814   -3.4658  C  0  0  0  0  0
    4.1431    2.1041   -4.1348  C  0  0  0  0  0
    5.3193    2.8873   -4.5053  C  0  0  0  0  0
    6.5231    2.4579   -4.9118  C  0  0  0  0  0
    7.1374    1.0737   -5.1496  C  0  0  0  0  0
    7.1973    0.7528   -6.7037  C  0  0  0  0  0
    5.7617    0.4461   -7.1666  C  0  0  0  0  0
    5.1563   -0.7373   -6.4787  C  0  0  0  0  0
    5.5093   -0.9581   -5.2016  O  0  0  0  0  0
    2.8771    2.6623   -4.4086  C  0  0  0  0  0
    1.6791    2.0162   -4.0570  C  0  0  0  0  0
    1.7890    0.7709   -3.4311  C  0  0  0  0  0
    3.0446    0.2298   -3.1132  C  0  0  0  0  0
  1  7  1  0  0  0
  1 11  1  0  0  0
  1  2  1  0  0  0
  2  3  1  0  0  0
  3 15  2  0  0  0
  3  4  1  0  0  0
  4  5  1  0  0  0
  4 12  2  0  0  0
  5  6  2  0  0  0
  6  7  1  0  0  0
  7  8  1  0  0  0
  8  9  1  0  0  0
  9 10  1  0  0  0
 10 11  1  0  0  0
 12 13  1  0  0  0
 13 14  2  0  0  0
 14 15  1  0  0  0
M  END
$$$$
c12c(cccc1)CC3OCCCC3C=C2
  -ISIS-

 15 17  0  0  0  0  0  0  0  0  1
    6.4030   -0.1373   -4.3883  C  0  0  0  0  0
    5.5907    0.2990   -3.1379  C  0  0  0  0  0
    4.2386    0.8814   -3.4658  C  0  0  0  0  0
    4.1431    2.1041   -4.1348  C  0  0  0  0  0
    5.3193    2.8873   -4.5053  C  0  0  0  0  0
    6.5231    2.4579   -4.9118  C  0  0  0  0  0
    7.1374    1.0737   -5.1496  C  0  0  0  0  0
    7.1973    0.7528   -6.7037  C  0  0  0  0  0
    5.7617    0.4461   -7.1666  C  0  0  0  0  0
    5.1563   -0.7373   -6.4787  C  0  0  0  0  0
    5.5093   -0.9581   -5.2016  O  0  0  0  0  0
    2.8771    2.6623   -4.4086  C  0  0  0  0  0
    1.6791    2.0162   -4.0570  C  0  0  0  0  0
    1.7890    0.7709   -3.4311  C  0  0  0  0  0
    3.0446    0.2298   -3.1132  C  0  0  0  0  0
  1  7  1  0  0  0
  1 11  1  0  0  0
  1  2  1  0  0  0
  2  3  1  0  0  0
  3 15  2  0  0  0
  3  4  1  0  0  0
  4  5  1  0  0  0
  4 12  2  0  0  0
  5  6  2  0  0  0
  6  7  1  0  0  0
  7  8  1  0  0  0
  8  9  1  0  0  0
  9 10  1  0  0  0
 10 11  1  0  0  0
 12 13  1  0  0  0
 13 14  2  0  0  0
 14 15  1  0  0  0
M  END
$$$$
c12c(cccc1)CC3OCCCC3C=C2
  -ISIS-

 15 17  0  0  0  0  0  0  0  0  1
    6.4030   -0.1373   -4.3883  C  0  0  0  0  0
    5.5907    0.2990   -3.1379  C  0  0  0  0  0
    4.2386    0.8814   -3.4658  C  0  0  0  0  0
    4.1431    2.1041   -4.1348  C  0  0  0  0  0
    5.3193    2.8873   -4.5053  C  0  0  0  0  0
    6.5231    2.4579   -4.9118  C  0  0  0  0  0
    7.1374    1.0737   -5.1496  C  0  0  0  0  0
    7.1973    0.7528   -6.7037  C  0  0  0  0  0
    5.7617    0.4461   -7.1666  C  0  0  0  0  0
    5.1563   -0.7373   -6.4787  C  0  0  0  0  0
    5.5093   -0.9581   -5.2016  O  0  0  0  0  0
    2.8771    2.6623   -4.4086  C  0  0  0  0  0
    1.6791    2.0162   -4.0570  C  0  0  0  0  0
    1.7890    0.7709   -3.4311  C  0  0  0  0  0
    3.0446    0.2298   -3.1132  C  0  0  0  0  0
  1  7  1  0  0  0
  1 11  1  0  0  0
  1  2  1  0  0  0
  2  3  1  0  0  0
  3 15  2  0  0  0
  3  4  1  0  0  0
  4  5  1  0  0  0
  4 12  2  0  0  0
  5  6  2  0  0  0
  6  7  1  0  0  0
  7  8  1  0  0  0
  8  9  1  0  0  0
  9 10  1  0  0  0
 10 11  1  0  0  0
 12 13  1  0  0  0
 13 14  2  0  0  0
 14 15  1  0  0  0
M  END
$$$$
