c12c(C=CCN1)cnn2
  -ISIS-

  9 10  0  0  0  0  0  0  0  0  1
    1.7366   -6.5849   -2.0336  C  0  0  0  0  0
    0.8710   -7.4899   -1.4659  N  0  0  0  0  0
    0.9652   -7.7415   -0.1148  C  0  0  0  0  0
    2.0165   -7.0021    0.6553  C  0  0  0  0  0
    2.8411   -6.1255    0.0465  C  0  0  0  0  0
    2.7119   -5.8956   -1.3556  C  0  0  0  0  0
    3.3508   -5.1013   -2.3353  C  0  0  0  0  0
    2.8005   -5.2920   -3.5478  N  0  0  0  0  0
    1.8162   -6.1927   -3.3354  N  0  0  0  0  0
  1  9  1  0  0  0
  1  6  2  0  0  0
  1  2  1  0  0  0
  2  3  1  0  0  0
  3  4  1  0  0  0
  4  5  2  0  0  0
  5  6  1  0  0  0
  6  7  1  0  0  0
  7  8  2  0  0  0
  8  9  1  0  0  0
M  END
$$$$
