c12c(C=Cc3c(S1)cccc3)cccc2
  -ISIS-

 15 17  0  0  0  0  0  0  0  0  1
   -2.3432    8.0586    3.3476  S  0  0  0  0  0
   -0.5817    7.8654    3.2736  C  0  0  0  0  0
    0.0583    6.8966    4.0557  C  0  0  0  0  0
   -0.6069    6.0277    5.0343  C  0  0  0  0  0
   -1.7689    5.3703    4.9056  C  0  0  0  0  0
   -2.6772    5.3488    3.7524  C  0  0  0  0  0
   -3.2710    4.1154    3.4345  C  0  0  0  0  0
   -4.1883    4.0024    2.3859  C  0  0  0  0  0
   -4.5395    5.1249    1.6430  C  0  0  0  0  0
   -3.9733    6.3604    1.9486  C  0  0  0  0  0
   -3.0488    6.4691    2.9996  C  0  0  0  0  0
    1.4562    6.7901    3.9584  C  0  0  0  0  0
    2.1863    7.6098    3.0929  C  0  0  0  0  0
    1.5326    8.5618    2.3174  C  0  0  0  0  0
    0.1487    8.6938    2.4068  C  0  0  0  0  0
  1 11  1  0  0  0
  1  2  1  0  0  0
  2 15  2  0  0  0
  2  3  1  0  0  0
  3  4  1  0  0  0
  3 12  2  0  0  0
  4  5  2  0  0  0
  5  6  1  0  0  0
  6 11  2  0  0  0
  6  7  1  0  0  0
  7  8  2  0  0  0
  8  9  1  0  0  0
  9 10  2  0  0  0
 10 11  1  0  0  0
 12 13  1  0  0  0
 13 14  2  0  0  0
 14 15  1  0  0  0
M  END
$$$$
c12c(C=Cc3c(S1)cccc3)cccc2
  -ISIS-

 15 17  0  0  0  0  0  0  0  0  1
   -3.5045    0.1576    2.3486  S  0  0  0  0  0
   -2.3210   -0.9696    3.0772  C  0  0  0  0  0
   -2.1662   -1.1273    4.4669  C  0  0  0  0  0
   -2.9339   -0.3718    5.4707  C  0  0  0  0  0
   -4.2545   -0.1308    5.4647  C  0  0  0  0  0
   -5.2295   -0.5705    4.4528  C  0  0  0  0  0
   -5.0145   -0.4813    3.0637  C  0  0  0  0  0
   -6.0263   -0.8803    2.1757  C  0  0  0  0  0
   -7.2425   -1.3685    2.6553  C  0  0  0  0  0
   -7.4554   -1.4513    4.0268  C  0  0  0  0  0
   -6.4638   -1.0512    4.9219  C  0  0  0  0  0
   -1.1830   -2.0104    4.9446  C  0  0  0  0  0
   -0.3806   -2.7372    4.0631  C  0  0  0  0  0
   -0.5408   -2.5815    2.6905  C  0  0  0  0  0
   -1.5030   -1.6987    2.1999  C  0  0  0  0  0
  1  7  1  0  0  0
  1  2  1  0  0  0
  2 15  2  0  0  0
  2  3  1  0  0  0
  3  4  1  0  0  0
  3 12  2  0  0  0
  4  5  2  0  0  0
  5  6  1  0  0  0
  6 11  2  0  0  0
  6  7  1  0  0  0
  7  8  2  0  0  0
  8  9  1  0  0  0
  9 10  2  0  0  0
 10 11  1  0  0  0
 12 13  1  0  0  0
 13 14  2  0  0  0
 14 15  1  0  0  0
M  END
$$$$
c12c(C=Cc3c(S1)cccc3)cccc2
  -ISIS-

 15 17  0  0  0  0  0  0  0  0  1
   -1.9770   -2.3787   -0.8356  C  0  0  0  0  0
   -0.7243   -3.1451   -0.6059  C  0  0  0  0  0
   -0.3016   -3.5670    0.6711  C  0  0  0  0  0
   -1.2641   -3.2909    2.1558  S  0  0  0  0  0
   -2.7395   -4.1912    1.6915  C  0  0  0  0  0
   -3.4926   -3.8657    0.5483  C  0  0  0  0  0
   -3.1801   -2.7260   -0.3320  C  0  0  0  0  0
   -4.6494   -4.6083    0.2616  C  0  0  0  0  0
   -5.0411   -5.6671    1.0831  C  0  0  0  0  0
   -4.2898   -5.9880    2.2095  C  0  0  0  0  0
   -3.1457   -5.2508    2.5151  C  0  0  0  0  0
    0.9210   -4.2410    0.8201  C  0  0  0  0  0
    1.7240   -4.5121   -0.2865  C  0  0  0  0  0
    1.3134   -4.1109   -1.5521  C  0  0  0  0  0
    0.1030   -3.4324   -1.7106  C  0  0  0  0  0
  1  7  2  0  0  0
  1  2  1  0  0  0
  2 15  2  0  0  0
  2  3  1  0  0  0
  3  4  1  0  0  0
  3 12  2  0  0  0
  4  5  1  0  0  0
  5 11  2  0  0  0
  5  6  1  0  0  0
  6  7  1  0  0  0
  6  8  2  0  0  0
  8  9  1  0  0  0
  9 10  2  0  0  0
 10 11  1  0  0  0
 12 13  1  0  0  0
 13 14  2  0  0  0
 14 15  1  0  0  0
M  END
$$$$
c12c(C=Cc3c(S1)cccc3)cccc2
  -ISIS-

 15 17  0  0  0  0  0  0  0  0  1
    1.9752   -4.6606    4.3436  C  0  0  0  0  0
    2.4094   -4.7399    5.7678  C  0  0  0  0  0
    2.0351   -3.7829    6.7327  C  0  0  0  0  0
    0.8709   -2.4698    6.3714  S  0  0  0  0  0
   -0.5189   -3.5231    5.9570  C  0  0  0  0  0
   -0.4708   -4.4418    4.8908  C  0  0  0  0  0
    0.6818   -4.5275    3.9466  C  0  0  0  0  0
   -1.5861   -5.2708    4.6811  C  0  0  0  0  0
   -2.7211   -5.1854    5.4968  C  0  0  0  0  0
   -2.7659   -4.2634    6.5383  C  0  0  0  0  0
   -1.6635   -3.4375    6.7633  C  0  0  0  0  0
    2.5387   -3.8634    8.0395  C  0  0  0  0  0
    3.4043   -4.8939    8.4026  C  0  0  0  0  0
    3.7713   -5.8522    7.4642  C  0  0  0  0  0
    3.2811   -5.7755    6.1585  C  0  0  0  0  0
  1  7  2  0  0  0
  1  2  1  0  0  0
  2 15  2  0  0  0
  2  3  1  0  0  0
  3  4  1  0  0  0
  3 12  2  0  0  0
  4  5  1  0  0  0
  5 11  2  0  0  0
  5  6  1  0  0  0
  6  7  1  0  0  0
  6  8  2  0  0  0
  8  9  1  0  0  0
  9 10  2  0  0  0
 10 11  1  0  0  0
 12 13  1  0  0  0
 13 14  2  0  0  0
 14 15  1  0  0  0
M  END
$$$$
c12c(C=Cc3c(S1)cccc3)cccc2
  -ISIS-

 15 17  0  0  0  0  0  0  0  0  1
    1.9752   -4.6606    4.3436  C  0  0  0  0  0
    2.4094   -4.7399    5.7678  C  0  0  0  0  0
    2.0351   -3.7829    6.7327  C  0  0  0  0  0
    0.8709   -2.4698    6.3714  S  0  0  0  0  0
   -0.5189   -3.5231    5.9570  C  0  0  0  0  0
   -0.4708   -4.4418    4.8908  C  0  0  0  0  0
    0.6818   -4.5275    3.9466  C  0  0  0  0  0
   -1.5861   -5.2708    4.6811  C  0  0  0  0  0
   -2.7211   -5.1854    5.4968  C  0  0  0  0  0
   -2.7659   -4.2634    6.5383  C  0  0  0  0  0
   -1.6635   -3.4375    6.7633  C  0  0  0  0  0
    2.5387   -3.8634    8.0395  C  0  0  0  0  0
    3.4043   -4.8939    8.4026  C  0  0  0  0  0
    3.7713   -5.8522    7.4642  C  0  0  0  0  0
    3.2811   -5.7755    6.1585  C  0  0  0  0  0
  1  7  2  0  0  0
  1  2  1  0  0  0
  2 15  2  0  0  0
  2  3  1  0  0  0
  3  4  1  0  0  0
  3 12  2  0  0  0
  4  5  1  0  0  0
  5 11  2  0  0  0
  5  6  1  0  0  0
  6  7  1  0  0  0
  6  8  2  0  0  0
  8  9  1  0  0  0
  9 10  2  0  0  0
 10 11  1  0  0  0
 12 13  1  0  0  0
 13 14  2  0  0  0
 14 15  1  0  0  0
M  END
$$$$
c12c(C=Cc3c(S1)cccc3)cccc2
  -ISIS-

 15 17  0  0  0  0  0  0  0  0  1
    1.9752   -4.6606    4.3436  C  0  0  0  0  0
    2.4094   -4.7399    5.7678  C  0  0  0  0  0
    2.0351   -3.7829    6.7327  C  0  0  0  0  0
    0.8709   -2.4698    6.3714  S  0  0  0  0  0
   -0.5189   -3.5231    5.9570  C  0  0  0  0  0
   -0.4708   -4.4418    4.8908  C  0  0  0  0  0
    0.6818   -4.5275    3.9466  C  0  0  0  0  0
   -1.5861   -5.2708    4.6811  C  0  0  0  0  0
   -2.7211   -5.1854    5.4968  C  0  0  0  0  0
   -2.7659   -4.2634    6.5383  C  0  0  0  0  0
   -1.6635   -3.4375    6.7633  C  0  0  0  0  0
    2.5387   -3.8634    8.0395  C  0  0  0  0  0
    3.4043   -4.8939    8.4026  C  0  0  0  0  0
    3.7713   -5.8522    7.4642  C  0  0  0  0  0
    3.2811   -5.7755    6.1585  C  0  0  0  0  0
  1  7  2  0  0  0
  1  2  1  0  0  0
  2 15  2  0  0  0
  2  3  1  0  0  0
  3  4  1  0  0  0
  3 12  2  0  0  0
  4  5  1  0  0  0
  5 11  2  0  0  0
  5  6  1  0  0  0
  6  7  1  0  0  0
  6  8  2  0  0  0
  8  9  1  0  0  0
  9 10  2  0  0  0
 10 11  1  0  0  0
 12 13  1  0  0  0
 13 14  2  0  0  0
 14 15  1  0  0  0
M  END
$$$$
c12c(C=Cc3c(S1)cccc3)cccc2
  -ISIS-

 15 17  0  0  0  0  0  0  0  0  1
    3.3183   -1.8025   -3.4888  S  0  0  0  0  0
    2.6026   -3.1047   -4.4847  C  0  0  0  0  0
    1.8716   -2.8582   -5.6629  C  0  0  0  0  0
    1.5954   -1.5123   -6.1923  C  0  0  0  0  0
    2.4635   -0.4944   -6.3023  C  0  0  0  0  0
    3.8842   -0.4951   -5.9161  C  0  0  0  0  0
    4.3696   -1.0254   -4.7092  C  0  0  0  0  0
    5.7369   -0.9274   -4.4123  C  0  0  0  0  0
    6.6240   -0.3134   -5.3021  C  0  0  0  0  0
    6.1513    0.2189   -6.4978  C  0  0  0  0  0
    4.7872    0.1305   -6.7929  C  0  0  0  0  0
    1.3145   -3.9445   -6.3591  C  0  0  0  0  0
    1.4966   -5.2488   -5.9011  C  0  0  0  0  0
    2.2221   -5.4938   -4.7406  C  0  0  0  0  0
    2.7699   -4.4233   -4.0323  C  0  0  0  0  0
  1  7  1  0  0  0
  1  2  1  0  0  0
  2 15  2  0  0  0
  2  3  1  0  0  0
  3  4  1  0  0  0
  3 12  2  0  0  0
  4  5  2  0  0  0
  5  6  1  0  0  0
  6 11  2  0  0  0
  6  7  1  0  0  0
  7  8  2  0  0  0
  8  9  1  0  0  0
  9 10  2  0  0  0
 10 11  1  0  0  0
 12 13  1  0  0  0
 13 14  2  0  0  0
 14 15  1  0  0  0
M  END
$$$$
c12c(C=Cc3c(S1)cccc3)cccc2
  -ISIS-

 15 17  0  0  0  0  0  0  0  0  1
    3.3183   -1.8025   -3.4888  S  0  0  0  0  0
    2.6026   -3.1047   -4.4847  C  0  0  0  0  0
    1.8716   -2.8582   -5.6629  C  0  0  0  0  0
    1.5954   -1.5123   -6.1923  C  0  0  0  0  0
    2.4635   -0.4944   -6.3023  C  0  0  0  0  0
    3.8842   -0.4951   -5.9161  C  0  0  0  0  0
    4.3696   -1.0254   -4.7092  C  0  0  0  0  0
    5.7369   -0.9274   -4.4123  C  0  0  0  0  0
    6.6240   -0.3134   -5.3021  C  0  0  0  0  0
    6.1513    0.2189   -6.4978  C  0  0  0  0  0
    4.7872    0.1305   -6.7929  C  0  0  0  0  0
    1.3145   -3.9445   -6.3591  C  0  0  0  0  0
    1.4966   -5.2488   -5.9011  C  0  0  0  0  0
    2.2221   -5.4938   -4.7406  C  0  0  0  0  0
    2.7699   -4.4233   -4.0323  C  0  0  0  0  0
  1  7  1  0  0  0
  1  2  1  0  0  0
  2 15  2  0  0  0
  2  3  1  0  0  0
  3  4  1  0  0  0
  3 12  2  0  0  0
  4  5  2  0  0  0
  5  6  1  0  0  0
  6 11  2  0  0  0
  6  7  1  0  0  0
  7  8  2  0  0  0
  8  9  1  0  0  0
  9 10  2  0  0  0
 10 11  1  0  0  0
 12 13  1  0  0  0
 13 14  2  0  0  0
 14 15  1  0  0  0
M  END
$$$$
c12c(C=Cc3c(S1)cccc3)cccc2
  -ISIS-

 15 17  0  0  0  0  0  0  0  0  1
   -2.2723    0.4582    0.6939  C  0  0  0  0  0
   -1.8157    1.3483   -0.4188  C  0  0  0  0  0
   -2.1113    1.1128   -1.7760  C  0  0  0  0  0
   -3.1943   -0.2105   -2.3048  S  0  0  0  0  0
   -4.6701    0.3368   -1.4460  C  0  0  0  0  0
   -4.7058    0.5074   -0.0479  C  0  0  0  0  0
   -3.5798    0.1517    0.8386  C  0  0  0  0  0
   -5.8966    0.9449    0.5533  C  0  0  0  0  0
   -7.0250    1.2257   -0.2195  C  0  0  0  0  0
   -6.9826    1.0584   -1.6006  C  0  0  0  0  0
   -5.8107    0.6131   -2.2122  C  0  0  0  0  0
   -1.5825    1.9552   -2.7655  C  0  0  0  0  0
   -0.7790    3.0411   -2.4186  C  0  0  0  0  0
   -0.5008    3.2984   -1.0803  C  0  0  0  0  0
   -1.0139    2.4591   -0.0898  C  0  0  0  0  0
  1  7  2  0  0  0
  1  2  1  0  0  0
  2 15  2  0  0  0
  2  3  1  0  0  0
  3  4  1  0  0  0
  3 12  2  0  0  0
  4  5  1  0  0  0
  5 11  2  0  0  0
  5  6  1  0  0  0
  6  7  1  0  0  0
  6  8  2  0  0  0
  8  9  1  0  0  0
  9 10  2  0  0  0
 10 11  1  0  0  0
 12 13  1  0  0  0
 13 14  2  0  0  0
 14 15  1  0  0  0
M  END
$$$$
c12c(C=Cc3c(S1)cccc3)cccc2
  -ISIS-

 15 17  0  0  0  0  0  0  0  0  1
   -2.3954   -9.9627    0.1006  S  0  0  0  0  0
   -3.4128   -9.1556   -1.1303  C  0  0  0  0  0
   -2.9634   -8.8771   -2.4343  C  0  0  0  0  0
   -1.6275   -9.2373   -2.9378  C  0  0  0  0  0
   -0.4546   -9.0729   -2.3058  C  0  0  0  0  0
   -0.2437   -8.4939   -0.9691  C  0  0  0  0  0
   -1.0220   -8.8166    0.1596  C  0  0  0  0  0
   -0.7135   -8.2502    1.4056  C  0  0  0  0  0
    0.3567   -7.3677    1.5289  C  0  0  0  0  0
    1.1358   -7.0457    0.4229  C  0  0  0  0  0
    0.8400   -7.6119   -0.8188  C  0  0  0  0  0
   -3.8489   -8.2732   -3.3431  C  0  0  0  0  0
   -5.1488   -7.9348   -2.9624  C  0  0  0  0  0
   -5.5866   -8.2076   -1.6709  C  0  0  0  0  0
   -4.7243   -8.8191   -0.7606  C  0  0  0  0  0
  1  7  1  0  0  0
  1  2  1  0  0  0
  2 15  2  0  0  0
  2  3  1  0  0  0
  3  4  1  0  0  0
  3 12  2  0  0  0
  4  5  2  0  0  0
  5  6  1  0  0  0
  6 11  2  0  0  0
  6  7  1  0  0  0
  7  8  2  0  0  0
  8  9  1  0  0  0
  9 10  2  0  0  0
 10 11  1  0  0  0
 12 13  1  0  0  0
 13 14  2  0  0  0
 14 15  1  0  0  0
M  END
$$$$
c12c(C=Cc3c(S1)cccc3)cccc2
  -ISIS-

 15 17  0  0  0  0  0  0  0  0  1
   -3.9346   -3.6430   -4.2637  S  0  0  0  0  0
   -3.6790   -2.2986   -5.4163  C  0  0  0  0  0
   -2.7856   -2.3752   -6.5007  C  0  0  0  0  0
   -1.9835   -3.5667   -6.8239  C  0  0  0  0  0
   -1.2900   -4.3314   -5.9659  C  0  0  0  0  0
   -1.1765   -4.1496   -4.5093  C  0  0  0  0  0
   -2.2625   -3.8586   -3.6670  C  0  0  0  0  0
   -2.0550   -3.7565   -2.2836  C  0  0  0  0  0
   -0.7829   -3.9369   -1.7314  C  0  0  0  0  0
    0.2976   -4.2311   -2.5576  C  0  0  0  0  0
    0.0928   -4.3414   -3.9365  C  0  0  0  0  0
   -2.6835   -1.2793   -7.3747  C  0  0  0  0  0
   -3.4383   -0.1230   -7.1690  C  0  0  0  0  0
   -4.3163   -0.0503   -6.0930  C  0  0  0  0  0
   -4.4392   -1.1343   -5.2236  C  0  0  0  0  0
  1  7  1  0  0  0
  1  2  1  0  0  0
  2 15  2  0  0  0
  2  3  1  0  0  0
  3  4  1  0  0  0
  3 12  2  0  0  0
  4  5  2  0  0  0
  5  6  1  0  0  0
  6 11  2  0  0  0
  6  7  1  0  0  0
  7  8  2  0  0  0
  8  9  1  0  0  0
  9 10  2  0  0  0
 10 11  1  0  0  0
 12 13  1  0  0  0
 13 14  2  0  0  0
 14 15  1  0  0  0
M  END
$$$$
c12c(C=Cc3c(S1)cccc3)cccc2
  -ISIS-

 15 17  0  0  0  0  0  0  0  0  1
   -3.1249   -1.7436   -3.4957  C  0  0  0  0  0
   -2.7178   -3.0759   -3.5570  C  0  0  0  0  0
   -2.3321   -3.6162   -4.7837  C  0  0  0  0  0
   -2.3266   -2.8272   -5.9461  C  0  0  0  0  0
   -1.8509   -3.6285   -7.4734  S  0  0  0  0  0
   -0.4703   -2.5916   -7.9427  C  0  0  0  0  0
    0.7693   -3.2202   -8.1384  C  0  0  0  0  0
    1.8888   -2.4832   -8.5250  C  0  0  0  0  0
    1.7778   -1.1119   -8.7282  C  0  0  0  0  0
    0.5474   -0.4781   -8.5448  C  0  0  0  0  0
   -0.5869   -1.2036   -8.1427  C  0  0  0  0  0
   -1.8502   -0.4577   -8.0170  C  0  0  0  0  0
   -2.7646   -0.5737   -7.0411  C  0  0  0  0  0
   -2.7062   -1.4721   -5.8763  C  0  0  0  0  0
   -3.1072   -0.9394   -4.6403  C  0  0  0  0  0
  1 15  2  0  0  0
  1  2  1  0  0  0
  2  3  2  0  0  0
  3  4  1  0  0  0
  4 14  2  0  0  0
  4  5  1  0  0  0
  5  6  1  0  0  0
  6 11  2  0  0  0
  6  7  1  0  0  0
  7  8  2  0  0  0
  8  9  1  0  0  0
  9 10  2  0  0  0
 10 11  1  0  0  0
 11 12  1  0  0  0
 12 13  2  0  0  0
 13 14  1  0  0  0
 14 15  1  0  0  0
M  END
$$$$
c12c(C=Cc3c(S1)cccc3)cccc2
  -ISIS-

 15 17  0  0  0  0  0  0  0  0  1
    2.4246   -1.0059    3.8207  C  0  0  0  0  0
    3.1233   -2.1244    4.2997  C  0  0  0  0  0
    2.5816   -3.4097    4.2021  C  0  0  0  0  0
    1.3161   -3.6125    3.6365  C  0  0  0  0  0
    0.7263   -5.2970    3.5296  S  0  0  0  0  0
   -0.8051   -5.1442    4.4423  C  0  0  0  0  0
   -0.9789   -5.9864    5.5517  C  0  0  0  0  0
   -2.1543   -5.9440    6.3018  C  0  0  0  0  0
   -3.1713   -5.0654    5.9445  C  0  0  0  0  0
   -3.0123   -4.2293    4.8378  C  0  0  0  0  0
   -1.8292   -4.2499    4.0797  C  0  0  0  0  0
   -1.7703   -3.3644    2.9051  C  0  0  0  0  0
   -0.7295   -2.6149    2.5093  C  0  0  0  0  0
    0.5859   -2.5101    3.1626  C  0  0  0  0  0
    1.1524   -1.2247    3.2566  C  0  0  0  0  0
  1 15  2  0  0  0
  1  2  1  0  0  0
  2  3  2  0  0  0
  3  4  1  0  0  0
  4 14  2  0  0  0
  4  5  1  0  0  0
  5  6  1  0  0  0
  6 11  2  0  0  0
  6  7  1  0  0  0
  7  8  2  0  0  0
  8  9  1  0  0  0
  9 10  2  0  0  0
 10 11  1  0  0  0
 11 12  1  0  0  0
 12 13  2  0  0  0
 13 14  1  0  0  0
 14 15  1  0  0  0
M  END
$$$$
c12c(C=Cc3c(S1)cccc3)cccc2
  -ISIS-

 15 17  0  0  0  0  0  0  0  0  1
    0.0677    0.1331    1.0204  S  0  0  0  0  0
    1.2166   -1.2280    1.1845  C  0  0  0  0  0
    2.1808   -1.5416    0.2070  C  0  0  0  0  0
    2.3662   -0.7779   -1.0380  C  0  0  0  0  0
    1.4047   -0.3390   -1.8654  C  0  0  0  0  0
   -0.0474   -0.5228   -1.7118  C  0  0  0  0  0
   -0.7767   -0.8533   -2.8619  C  0  0  0  0  0
   -2.1662   -1.0242   -2.8213  C  0  0  0  0  0
   -2.8674   -0.8036   -1.6267  C  0  0  0  0  0
   -2.1423   -0.4677   -0.4766  C  0  0  0  0  0
   -0.7427   -0.3316   -0.5080  C  0  0  0  0  0
    3.0661   -2.6076    0.4404  C  0  0  0  0  0
    2.9814   -3.3557    1.6140  C  0  0  0  0  0
    2.0270   -3.0498    2.5778  C  0  0  0  0  0
    1.1500   -1.9854    2.3648  C  0  0  0  0  0
  1 11  1  0  0  0
  1  2  1  0  0  0
  2 15  2  0  0  0
  2  3  1  0  0  0
  3  4  1  0  0  0
  3 12  2  0  0  0
  4  5  2  0  0  0
  5  6  1  0  0  0
  6 11  2  0  0  0
  6  7  1  0  0  0
  7  8  2  0  0  0
  8  9  1  0  0  0
  9 10  2  0  0  0
 10 11  1  0  0  0
 12 13  1  0  0  0
 13 14  2  0  0  0
 14 15  1  0  0  0
M  END
$$$$
c12c(C=Cc3c(S1)cccc3)cccc2
  -ISIS-

 15 17  0  0  0  0  0  0  0  0  1
    0.0677    0.1331    1.0204  S  0  0  0  0  0
    1.2166   -1.2280    1.1845  C  0  0  0  0  0
    2.1808   -1.5416    0.2070  C  0  0  0  0  0
    2.3662   -0.7779   -1.0380  C  0  0  0  0  0
    1.4047   -0.3390   -1.8654  C  0  0  0  0  0
   -0.0474   -0.5228   -1.7118  C  0  0  0  0  0
   -0.7767   -0.8533   -2.8619  C  0  0  0  0  0
   -2.1662   -1.0242   -2.8213  C  0  0  0  0  0
   -2.8674   -0.8036   -1.6267  C  0  0  0  0  0
   -2.1423   -0.4677   -0.4766  C  0  0  0  0  0
   -0.7427   -0.3316   -0.5080  C  0  0  0  0  0
    3.0661   -2.6076    0.4404  C  0  0  0  0  0
    2.9814   -3.3557    1.6140  C  0  0  0  0  0
    2.0270   -3.0498    2.5778  C  0  0  0  0  0
    1.1500   -1.9854    2.3648  C  0  0  0  0  0
  1 11  1  0  0  0
  1  2  1  0  0  0
  2 15  2  0  0  0
  2  3  1  0  0  0
  3  4  1  0  0  0
  3 12  2  0  0  0
  4  5  2  0  0  0
  5  6  1  0  0  0
  6 11  2  0  0  0
  6  7  1  0  0  0
  7  8  2  0  0  0
  8  9  1  0  0  0
  9 10  2  0  0  0
 10 11  1  0  0  0
 12 13  1  0  0  0
 13 14  2  0  0  0
 14 15  1  0  0  0
M  END
$$$$
c12c(C=Cc3c(S1)cccc3)cccc2
  -ISIS-

 15 17  0  0  0  0  0  0  0  0  1
    0.0677    0.1331    1.0204  S  0  0  0  0  0
    1.2166   -1.2280    1.1845  C  0  0  0  0  0
    2.1808   -1.5416    0.2070  C  0  0  0  0  0
    2.3662   -0.7779   -1.0380  C  0  0  0  0  0
    1.4047   -0.3390   -1.8654  C  0  0  0  0  0
   -0.0474   -0.5228   -1.7118  C  0  0  0  0  0
   -0.7767   -0.8533   -2.8619  C  0  0  0  0  0
   -2.1662   -1.0242   -2.8213  C  0  0  0  0  0
   -2.8674   -0.8036   -1.6267  C  0  0  0  0  0
   -2.1423   -0.4677   -0.4766  C  0  0  0  0  0
   -0.7427   -0.3316   -0.5080  C  0  0  0  0  0
    3.0661   -2.6076    0.4404  C  0  0  0  0  0
    2.9814   -3.3557    1.6140  C  0  0  0  0  0
    2.0270   -3.0498    2.5778  C  0  0  0  0  0
    1.1500   -1.9854    2.3648  C  0  0  0  0  0
  1 11  1  0  0  0
  1  2  1  0  0  0
  2 15  2  0  0  0
  2  3  1  0  0  0
  3  4  1  0  0  0
  3 12  2  0  0  0
  4  5  2  0  0  0
  5  6  1  0  0  0
  6 11  2  0  0  0
  6  7  1  0  0  0
  7  8  2  0  0  0
  8  9  1  0  0  0
  9 10  2  0  0  0
 10 11  1  0  0  0
 12 13  1  0  0  0
 13 14  2  0  0  0
 14 15  1  0  0  0
M  END
$$$$
c12c(C=Cc3c(S1)cccc3)cccc2
  -ISIS-

 15 17  0  0  0  0  0  0  0  0  1
   -2.8552    0.3972    2.1652  S  0  0  0  0  0
   -2.3492   -1.2841    1.8198  C  0  0  0  0  0
   -2.1007   -2.2331    2.8287  C  0  0  0  0  0
   -2.2534   -1.9621    4.2679  C  0  0  0  0  0
   -1.8295   -0.8774    4.9355  C  0  0  0  0  0
   -1.1147    0.2817    4.3757  C  0  0  0  0  0
   -1.4805    0.9269    3.1794  C  0  0  0  0  0
   -0.7660    2.0570    2.7526  C  0  0  0  0  0
    0.3074    2.5467    3.4994  C  0  0  0  0  0
    0.6727    1.9150    4.6886  C  0  0  0  0  0
   -0.0404    0.7927    5.1256  C  0  0  0  0  0
   -1.7428   -3.5404    2.4578  C  0  0  0  0  0
   -1.6155   -3.8964    1.1138  C  0  0  0  0  0
   -1.8574   -2.9535    0.1206  C  0  0  0  0  0
   -2.2269   -1.6550    0.4716  C  0  0  0  0  0
  1  7  1  0  0  0
  1  2  1  0  0  0
  2 15  2  0  0  0
  2  3  1  0  0  0
  3  4  1  0  0  0
  3 12  2  0  0  0
  4  5  2  0  0  0
  5  6  1  0  0  0
  6 11  2  0  0  0
  6  7  1  0  0  0
  7  8  2  0  0  0
  8  9  1  0  0  0
  9 10  2  0  0  0
 10 11  1  0  0  0
 12 13  1  0  0  0
 13 14  2  0  0  0
 14 15  1  0  0  0
M  END
$$$$
c12c(C=Cc3c(S1)cccc3)cccc2
  -ISIS-

 15 17  0  0  0  0  0  0  0  0  1
   -1.0341   -6.6833   -0.0314  S  0  0  0  0  0
   -2.4067   -5.5365   -0.0762  C  0  0  0  0  0
   -2.2975   -4.1923    0.3253  C  0  0  0  0  0
   -1.0482   -3.5743    0.7997  C  0  0  0  0  0
   -0.1708   -4.0928    1.6733  C  0  0  0  0  0
   -0.2633   -5.3955    2.3526  C  0  0  0  0  0
   -0.6198   -6.5968    1.7068  C  0  0  0  0  0
   -0.6314   -7.8019    2.4298  C  0  0  0  0  0
   -0.2965   -7.8201    3.7832  C  0  0  0  0  0
    0.0584   -6.6353    4.4107  C  0  0  0  0  0
    0.0843   -5.4330    3.7121  C  0  0  0  0  0
   -3.4235   -3.3582    0.2178  C  0  0  0  0  0
   -4.6392   -3.8502   -0.2610  C  0  0  0  0  0
   -4.7433   -5.1807   -0.6519  C  0  0  0  0  0
   -3.6314   -6.0186   -0.5642  C  0  0  0  0  0
  1  7  1  0  0  0
  1  2  1  0  0  0
  2 15  2  0  0  0
  2  3  1  0  0  0
  3  4  1  0  0  0
  3 12  2  0  0  0
  4  5  2  0  0  0
  5  6  1  0  0  0
  6 11  2  0  0  0
  6  7  1  0  0  0
  7  8  2  0  0  0
  8  9  1  0  0  0
  9 10  2  0  0  0
 10 11  1  0  0  0
 12 13  1  0  0  0
 13 14  2  0  0  0
 14 15  1  0  0  0
M  END
$$$$
c12c(C=Cc3c(S1)cccc3)cccc2
  -ISIS-

 15 17  0  0  0  0  0  0  0  0  1
    3.3310   -7.1642   -4.6361  C  0  0  0  0  0
    4.0126   -8.4729   -4.3879  C  0  0  0  0  0
    3.6871   -9.3300   -3.3179  C  0  0  0  0  0
    2.3120   -9.0086   -2.2179  S  0  0  0  0  0
    1.0113   -9.0510   -3.4507  C  0  0  0  0  0
    1.0001   -8.1807   -4.5597  C  0  0  0  0  0
    1.9866   -7.0977   -4.7469  C  0  0  0  0  0
   -0.0459   -8.2761   -5.4906  C  0  0  0  0  0
   -1.0494   -9.2315   -5.3289  C  0  0  0  0  0
   -1.0368  -10.0925   -4.2361  C  0  0  0  0  0
   -0.0089  -10.0004   -3.2962  C  0  0  0  0  0
    4.4244  -10.5054   -3.1114  C  0  0  0  0  0
    5.4688  -10.8485   -3.9699  C  0  0  0  0  0
    5.7823  -10.0236   -5.0450  C  0  0  0  0  0
    5.0612   -8.8462   -5.2515  C  0  0  0  0  0
  1  7  2  0  0  0
  1  2  1  0  0  0
  2 15  2  0  0  0
  2  3  1  0  0  0
  3  4  1  0  0  0
  3 12  2  0  0  0
  4  5  1  0  0  0
  5 11  2  0  0  0
  5  6  1  0  0  0
  6  7  1  0  0  0
  6  8  2  0  0  0
  8  9  1  0  0  0
  9 10  2  0  0  0
 10 11  1  0  0  0
 12 13  1  0  0  0
 13 14  2  0  0  0
 14 15  1  0  0  0
M  END
$$$$
c12c(C=Cc3c(S1)cccc3)cccc2
  -ISIS-

 15 17  0  0  0  0  0  0  0  0  1
    3.3310   -7.1642   -4.6361  C  0  0  0  0  0
    4.0126   -8.4729   -4.3879  C  0  0  0  0  0
    3.6871   -9.3300   -3.3179  C  0  0  0  0  0
    2.3120   -9.0086   -2.2179  S  0  0  0  0  0
    1.0113   -9.0510   -3.4507  C  0  0  0  0  0
    1.0001   -8.1807   -4.5597  C  0  0  0  0  0
    1.9866   -7.0977   -4.7469  C  0  0  0  0  0
   -0.0459   -8.2761   -5.4906  C  0  0  0  0  0
   -1.0494   -9.2315   -5.3289  C  0  0  0  0  0
   -1.0368  -10.0925   -4.2361  C  0  0  0  0  0
   -0.0089  -10.0004   -3.2962  C  0  0  0  0  0
    4.4244  -10.5054   -3.1114  C  0  0  0  0  0
    5.4688  -10.8485   -3.9699  C  0  0  0  0  0
    5.7823  -10.0236   -5.0450  C  0  0  0  0  0
    5.0612   -8.8462   -5.2515  C  0  0  0  0  0
  1  7  2  0  0  0
  1  2  1  0  0  0
  2 15  2  0  0  0
  2  3  1  0  0  0
  3  4  1  0  0  0
  3 12  2  0  0  0
  4  5  1  0  0  0
  5 11  2  0  0  0
  5  6  1  0  0  0
  6  7  1  0  0  0
  6  8  2  0  0  0
  8  9  1  0  0  0
  9 10  2  0  0  0
 10 11  1  0  0  0
 12 13  1  0  0  0
 13 14  2  0  0  0
 14 15  1  0  0  0
M  END
$$$$
c12c(C=Cc3c(S1)cccc3)cccc2
  -ISIS-

 15 17  0  0  0  0  0  0  0  0  1
    0.8418    1.0616    0.2966  C  0  0  0  0  0
   -0.1854    0.2009    0.1293  C  0  0  0  0  0
   -1.2593   -0.1393    1.0844  C  0  0  0  0  0
   -1.0164   -0.4665    2.4340  C  0  0  0  0  0
    0.6205   -0.3734    3.1579  S  0  0  0  0  0
    0.9194    1.3625    2.8401  C  0  0  0  0  0
    0.9436    1.8970    1.5338  C  0  0  0  0  0
    1.1090    3.2885    1.3774  C  0  0  0  0  0
    1.2699    4.1206    2.4855  C  0  0  0  0  0
    1.2678    3.5681    3.7581  C  0  0  0  0  0
    1.0930    2.2035    3.9471  C  0  0  0  0  0
   -2.0778   -0.8642    3.2594  C  0  0  0  0  0
   -3.3770   -0.9368    2.7542  C  0  0  0  0  0
   -3.6162   -0.6173    1.4214  C  0  0  0  0  0
   -2.5686   -0.2280    0.5866  C  0  0  0  0  0
  1  7  1  0  0  0
  1  2  2  0  0  0
  2  3  1  0  0  0
  3 15  2  0  0  0
  3  4  1  0  0  0
  4  5  1  0  0  0
  4 12  2  0  0  0
  5  6  1  0  0  0
  6 11  2  0  0  0
  6  7  1  0  0  0
  7  8  2  0  0  0
  8  9  1  0  0  0
  9 10  2  0  0  0
 10 11  1  0  0  0
 12 13  1  0  0  0
 13 14  2  0  0  0
 14 15  1  0  0  0
M  END
$$$$
c12c(C=Cc3c(S1)cccc3)cccc2
  -ISIS-

 15 17  0  0  0  0  0  0  0  0  1
    0.8418    1.0616    0.2966  C  0  0  0  0  0
   -0.1854    0.2009    0.1293  C  0  0  0  0  0
   -1.2593   -0.1393    1.0844  C  0  0  0  0  0
   -1.0164   -0.4665    2.4340  C  0  0  0  0  0
    0.6205   -0.3734    3.1579  S  0  0  0  0  0
    0.9194    1.3625    2.8401  C  0  0  0  0  0
    0.9436    1.8970    1.5338  C  0  0  0  0  0
    1.1090    3.2885    1.3774  C  0  0  0  0  0
    1.2699    4.1206    2.4855  C  0  0  0  0  0
    1.2678    3.5681    3.7581  C  0  0  0  0  0
    1.0930    2.2035    3.9471  C  0  0  0  0  0
   -2.0778   -0.8642    3.2594  C  0  0  0  0  0
   -3.3770   -0.9368    2.7542  C  0  0  0  0  0
   -3.6162   -0.6173    1.4214  C  0  0  0  0  0
   -2.5686   -0.2280    0.5866  C  0  0  0  0  0
  1  7  1  0  0  0
  1  2  2  0  0  0
  2  3  1  0  0  0
  3 15  2  0  0  0
  3  4  1  0  0  0
  4  5  1  0  0  0
  4 12  2  0  0  0
  5  6  1  0  0  0
  6 11  2  0  0  0
  6  7  1  0  0  0
  7  8  2  0  0  0
  8  9  1  0  0  0
  9 10  2  0  0  0
 10 11  1  0  0  0
 12 13  1  0  0  0
 13 14  2  0  0  0
 14 15  1  0  0  0
M  END
$$$$
c12c(C=Cc3c(S1)cccc3)cccc2
  -ISIS-

 15 17  0  0  0  0  0  0  0  0  1
    0.8418    1.0616    0.2966  C  0  0  0  0  0
   -0.1854    0.2009    0.1293  C  0  0  0  0  0
   -1.2593   -0.1393    1.0844  C  0  0  0  0  0
   -1.0164   -0.4665    2.4340  C  0  0  0  0  0
    0.6205   -0.3734    3.1579  S  0  0  0  0  0
    0.9194    1.3625    2.8401  C  0  0  0  0  0
    0.9436    1.8970    1.5338  C  0  0  0  0  0
    1.1090    3.2885    1.3774  C  0  0  0  0  0
    1.2699    4.1206    2.4855  C  0  0  0  0  0
    1.2678    3.5681    3.7581  C  0  0  0  0  0
    1.0930    2.2035    3.9471  C  0  0  0  0  0
   -2.0778   -0.8642    3.2594  C  0  0  0  0  0
   -3.3770   -0.9368    2.7542  C  0  0  0  0  0
   -3.6162   -0.6173    1.4214  C  0  0  0  0  0
   -2.5686   -0.2280    0.5866  C  0  0  0  0  0
  1  7  1  0  0  0
  1  2  2  0  0  0
  2  3  1  0  0  0
  3 15  2  0  0  0
  3  4  1  0  0  0
  4  5  1  0  0  0
  4 12  2  0  0  0
  5  6  1  0  0  0
  6 11  2  0  0  0
  6  7  1  0  0  0
  7  8  2  0  0  0
  8  9  1  0  0  0
  9 10  2  0  0  0
 10 11  1  0  0  0
 12 13  1  0  0  0
 13 14  2  0  0  0
 14 15  1  0  0  0
M  END
$$$$
c12c(C=Cc3c(S1)cccc3)cccc2
  -ISIS-

 15 17  0  0  0  0  0  0  0  0  1
    3.4518    0.1266    1.8929  C  0  0  0  0  0
    4.6337   -0.2816    1.3831  C  0  0  0  0  0
    5.3474   -1.5513    1.6261  C  0  0  0  0  0
    5.5545   -2.0875    2.9121  C  0  0  0  0  0
    4.8533   -1.3408    4.3827  S  0  0  0  0  0
    3.1331   -1.4376    3.9009  C  0  0  0  0  0
    2.6339   -0.7842    2.7518  C  0  0  0  0  0
    1.2800   -0.9624    2.4106  C  0  0  0  0  0
    0.4493   -1.7446    3.2045  C  0  0  0  0  0
    0.9450   -2.3650    4.3410  C  0  0  0  0  0
    2.2809   -2.2205    4.6942  C  0  0  0  0  0
    6.3177   -3.2526    3.0686  C  0  0  0  0  0
    6.8727   -3.8884    1.9582  C  0  0  0  0  0
    6.6740   -3.3622    0.6851  C  0  0  0  0  0
    5.9228   -2.1969    0.5201  C  0  0  0  0  0
  1  7  1  0  0  0
  1  2  2  0  0  0
  2  3  1  0  0  0
  3 15  2  0  0  0
  3  4  1  0  0  0
  4  5  1  0  0  0
  4 12  2  0  0  0
  5  6  1  0  0  0
  6 11  2  0  0  0
  6  7  1  0  0  0
  7  8  2  0  0  0
  8  9  1  0  0  0
  9 10  2  0  0  0
 10 11  1  0  0  0
 12 13  1  0  0  0
 13 14  2  0  0  0
 14 15  1  0  0  0
M  END
$$$$
c12c(C=Cc3c(S1)cccc3)cccc2
  -ISIS-

 15 17  0  0  0  0  0  0  0  0  1
    3.4518    0.1266    1.8929  C  0  0  0  0  0
    4.6337   -0.2816    1.3831  C  0  0  0  0  0
    5.3474   -1.5513    1.6261  C  0  0  0  0  0
    5.5545   -2.0875    2.9121  C  0  0  0  0  0
    4.8533   -1.3408    4.3827  S  0  0  0  0  0
    3.1331   -1.4376    3.9009  C  0  0  0  0  0
    2.6339   -0.7842    2.7518  C  0  0  0  0  0
    1.2800   -0.9624    2.4106  C  0  0  0  0  0
    0.4493   -1.7446    3.2045  C  0  0  0  0  0
    0.9450   -2.3650    4.3410  C  0  0  0  0  0
    2.2809   -2.2205    4.6942  C  0  0  0  0  0
    6.3177   -3.2526    3.0686  C  0  0  0  0  0
    6.8727   -3.8884    1.9582  C  0  0  0  0  0
    6.6740   -3.3622    0.6851  C  0  0  0  0  0
    5.9228   -2.1969    0.5201  C  0  0  0  0  0
  1  7  1  0  0  0
  1  2  2  0  0  0
  2  3  1  0  0  0
  3 15  2  0  0  0
  3  4  1  0  0  0
  4  5  1  0  0  0
  4 12  2  0  0  0
  5  6  1  0  0  0
  6 11  2  0  0  0
  6  7  1  0  0  0
  7  8  2  0  0  0
  8  9  1  0  0  0
  9 10  2  0  0  0
 10 11  1  0  0  0
 12 13  1  0  0  0
 13 14  2  0  0  0
 14 15  1  0  0  0
M  END
$$$$
c12c(C=Cc3c(S1)cccc3)cccc2
  -ISIS-

 15 17  0  0  0  0  0  0  0  0  1
    3.4518    0.1266    1.8929  C  0  0  0  0  0
    4.6337   -0.2816    1.3831  C  0  0  0  0  0
    5.3474   -1.5513    1.6261  C  0  0  0  0  0
    5.5545   -2.0875    2.9121  C  0  0  0  0  0
    4.8533   -1.3408    4.3827  S  0  0  0  0  0
    3.1331   -1.4376    3.9009  C  0  0  0  0  0
    2.6339   -0.7842    2.7518  C  0  0  0  0  0
    1.2800   -0.9624    2.4106  C  0  0  0  0  0
    0.4493   -1.7446    3.2045  C  0  0  0  0  0
    0.9450   -2.3650    4.3410  C  0  0  0  0  0
    2.2809   -2.2205    4.6942  C  0  0  0  0  0
    6.3177   -3.2526    3.0686  C  0  0  0  0  0
    6.8727   -3.8884    1.9582  C  0  0  0  0  0
    6.6740   -3.3622    0.6851  C  0  0  0  0  0
    5.9228   -2.1969    0.5201  C  0  0  0  0  0
  1  7  1  0  0  0
  1  2  2  0  0  0
  2  3  1  0  0  0
  3 15  2  0  0  0
  3  4  1  0  0  0
  4  5  1  0  0  0
  4 12  2  0  0  0
  5  6  1  0  0  0
  6 11  2  0  0  0
  6  7  1  0  0  0
  7  8  2  0  0  0
  8  9  1  0  0  0
  9 10  2  0  0  0
 10 11  1  0  0  0
 12 13  1  0  0  0
 13 14  2  0  0  0
 14 15  1  0  0  0
M  END
$$$$
c12c(C=Cc3c(S1)cccc3)cccc2
  -ISIS-

 15 17  0  0  0  0  0  0  0  0  1
   -0.6245   -5.7280    3.5638  C  0  0  0  0  0
    0.0187   -6.1922    2.4696  C  0  0  0  0  0
    1.4740   -6.3351    2.2541  C  0  0  0  0  0
    2.3356   -6.9380    3.1948  C  0  0  0  0  0
    1.7622   -7.4480    4.8176  S  0  0  0  0  0
    1.1949   -5.8396    5.3635  C  0  0  0  0  0
    0.1652   -5.1454    4.6931  C  0  0  0  0  0
   -0.1607   -3.8471    5.1239  C  0  0  0  0  0
    0.4999   -3.2778    6.2064  C  0  0  0  0  0
    1.4953   -3.9693    6.8816  C  0  0  0  0  0
    1.8474   -5.2505    6.4582  C  0  0  0  0  0
    3.6886   -7.1293    2.8870  C  0  0  0  0  0
    4.1848   -6.7206    1.6514  C  0  0  0  0  0
    3.3451   -6.1252    0.7142  C  0  0  0  0  0
    1.9929   -5.9398    1.0114  C  0  0  0  0  0
  1  7  1  0  0  0
  1  2  2  0  0  0
  2  3  1  0  0  0
  3 15  2  0  0  0
  3  4  1  0  0  0
  4  5  1  0  0  0
  4 12  2  0  0  0
  5  6  1  0  0  0
  6 11  2  0  0  0
  6  7  1  0  0  0
  7  8  2  0  0  0
  8  9  1  0  0  0
  9 10  2  0  0  0
 10 11  1  0  0  0
 12 13  1  0  0  0
 13 14  2  0  0  0
 14 15  1  0  0  0
M  END
$$$$
c12c(C=Cc3c(S1)cccc3)cccc2
  -ISIS-

 15 17  0  0  0  0  0  0  0  0  1
   -0.6245   -5.7280    3.5638  C  0  0  0  0  0
    0.0187   -6.1922    2.4696  C  0  0  0  0  0
    1.4740   -6.3351    2.2541  C  0  0  0  0  0
    2.3356   -6.9380    3.1948  C  0  0  0  0  0
    1.7622   -7.4480    4.8176  S  0  0  0  0  0
    1.1949   -5.8396    5.3635  C  0  0  0  0  0
    0.1652   -5.1454    4.6931  C  0  0  0  0  0
   -0.1607   -3.8471    5.1239  C  0  0  0  0  0
    0.4999   -3.2778    6.2064  C  0  0  0  0  0
    1.4953   -3.9693    6.8816  C  0  0  0  0  0
    1.8474   -5.2505    6.4582  C  0  0  0  0  0
    3.6886   -7.1293    2.8870  C  0  0  0  0  0
    4.1848   -6.7206    1.6514  C  0  0  0  0  0
    3.3451   -6.1252    0.7142  C  0  0  0  0  0
    1.9929   -5.9398    1.0114  C  0  0  0  0  0
  1  7  1  0  0  0
  1  2  2  0  0  0
  2  3  1  0  0  0
  3 15  2  0  0  0
  3  4  1  0  0  0
  4  5  1  0  0  0
  4 12  2  0  0  0
  5  6  1  0  0  0
  6 11  2  0  0  0
  6  7  1  0  0  0
  7  8  2  0  0  0
  8  9  1  0  0  0
  9 10  2  0  0  0
 10 11  1  0  0  0
 12 13  1  0  0  0
 13 14  2  0  0  0
 14 15  1  0  0  0
M  END
$$$$
c12c(C=Cc3c(S1)cccc3)cccc2
  -ISIS-

 15 17  0  0  0  0  0  0  0  0  1
   -0.6245   -5.7280    3.5638  C  0  0  0  0  0
    0.0187   -6.1922    2.4696  C  0  0  0  0  0
    1.4740   -6.3351    2.2541  C  0  0  0  0  0
    2.3356   -6.9380    3.1948  C  0  0  0  0  0
    1.7622   -7.4480    4.8176  S  0  0  0  0  0
    1.1949   -5.8396    5.3635  C  0  0  0  0  0
    0.1652   -5.1454    4.6931  C  0  0  0  0  0
   -0.1607   -3.8471    5.1239  C  0  0  0  0  0
    0.4999   -3.2778    6.2064  C  0  0  0  0  0
    1.4953   -3.9693    6.8816  C  0  0  0  0  0
    1.8474   -5.2505    6.4582  C  0  0  0  0  0
    3.6886   -7.1293    2.8870  C  0  0  0  0  0
    4.1848   -6.7206    1.6514  C  0  0  0  0  0
    3.3451   -6.1252    0.7142  C  0  0  0  0  0
    1.9929   -5.9398    1.0114  C  0  0  0  0  0
  1  7  1  0  0  0
  1  2  2  0  0  0
  2  3  1  0  0  0
  3 15  2  0  0  0
  3  4  1  0  0  0
  4  5  1  0  0  0
  4 12  2  0  0  0
  5  6  1  0  0  0
  6 11  2  0  0  0
  6  7  1  0  0  0
  7  8  2  0  0  0
  8  9  1  0  0  0
  9 10  2  0  0  0
 10 11  1  0  0  0
 12 13  1  0  0  0
 13 14  2  0  0  0
 14 15  1  0  0  0
M  END
$$$$
c12c(C=Cc3c(S1)cccc3)cccc2
  -ISIS-

 15 17  0  0  0  0  0  0  0  0  1
    5.3625   -3.7236   -0.6911  C  0  0  0  0  0
    5.4023   -3.2390   -1.9508  C  0  0  0  0  0
    4.2788   -3.0129   -2.8819  C  0  0  0  0  0
    3.2749   -3.9697   -3.1286  C  0  0  0  0  0
    3.1913   -5.5194   -2.2322  S  0  0  0  0  0
    3.0542   -4.8346   -0.5857  C  0  0  0  0  0
    4.0559   -4.0144   -0.0238  C  0  0  0  0  0
    3.8408   -3.4661    1.2562  C  0  0  0  0  0
    2.6752   -3.7488    1.9669  C  0  0  0  0  0
    1.7076   -4.5745    1.4069  C  0  0  0  0  0
    1.8871   -5.1150    0.1382  C  0  0  0  0  0
    2.2891   -3.7154   -4.0920  C  0  0  0  0  0
    2.2929   -2.5186   -4.8083  C  0  0  0  0  0
    3.2838   -1.5706   -4.5714  C  0  0  0  0  0
    4.2750   -1.8186   -3.6199  C  0  0  0  0  0
  1  7  1  0  0  0
  1  2  2  0  0  0
  2  3  1  0  0  0
  3 15  2  0  0  0
  3  4  1  0  0  0
  4  5  1  0  0  0
  4 12  2  0  0  0
  5  6  1  0  0  0
  6 11  2  0  0  0
  6  7  1  0  0  0
  7  8  2  0  0  0
  8  9  1  0  0  0
  9 10  2  0  0  0
 10 11  1  0  0  0
 12 13  1  0  0  0
 13 14  2  0  0  0
 14 15  1  0  0  0
M  END
$$$$
c12c(C=Cc3c(S1)cccc3)cccc2
  -ISIS-

 15 17  0  0  0  0  0  0  0  0  1
    5.3625   -3.7236   -0.6911  C  0  0  0  0  0
    5.4023   -3.2390   -1.9508  C  0  0  0  0  0
    4.2788   -3.0129   -2.8819  C  0  0  0  0  0
    3.2749   -3.9697   -3.1286  C  0  0  0  0  0
    3.1913   -5.5194   -2.2322  S  0  0  0  0  0
    3.0542   -4.8346   -0.5857  C  0  0  0  0  0
    4.0559   -4.0144   -0.0238  C  0  0  0  0  0
    3.8408   -3.4661    1.2562  C  0  0  0  0  0
    2.6752   -3.7488    1.9669  C  0  0  0  0  0
    1.7076   -4.5745    1.4069  C  0  0  0  0  0
    1.8871   -5.1150    0.1382  C  0  0  0  0  0
    2.2891   -3.7154   -4.0920  C  0  0  0  0  0
    2.2929   -2.5186   -4.8083  C  0  0  0  0  0
    3.2838   -1.5706   -4.5714  C  0  0  0  0  0
    4.2750   -1.8186   -3.6199  C  0  0  0  0  0
  1  7  1  0  0  0
  1  2  2  0  0  0
  2  3  1  0  0  0
  3 15  2  0  0  0
  3  4  1  0  0  0
  4  5  1  0  0  0
  4 12  2  0  0  0
  5  6  1  0  0  0
  6 11  2  0  0  0
  6  7  1  0  0  0
  7  8  2  0  0  0
  8  9  1  0  0  0
  9 10  2  0  0  0
 10 11  1  0  0  0
 12 13  1  0  0  0
 13 14  2  0  0  0
 14 15  1  0  0  0
M  END
$$$$
c12c(C=Cc3c(S1)cccc3)cccc2
  -ISIS-

 15 17  0  0  0  0  0  0  0  0  1
    5.3625   -3.7236   -0.6911  C  0  0  0  0  0
    5.4023   -3.2390   -1.9508  C  0  0  0  0  0
    4.2788   -3.0129   -2.8819  C  0  0  0  0  0
    3.2749   -3.9697   -3.1286  C  0  0  0  0  0
    3.1913   -5.5194   -2.2322  S  0  0  0  0  0
    3.0542   -4.8346   -0.5857  C  0  0  0  0  0
    4.0559   -4.0144   -0.0238  C  0  0  0  0  0
    3.8408   -3.4661    1.2562  C  0  0  0  0  0
    2.6752   -3.7488    1.9669  C  0  0  0  0  0
    1.7076   -4.5745    1.4069  C  0  0  0  0  0
    1.8871   -5.1150    0.1382  C  0  0  0  0  0
    2.2891   -3.7154   -4.0920  C  0  0  0  0  0
    2.2929   -2.5186   -4.8083  C  0  0  0  0  0
    3.2838   -1.5706   -4.5714  C  0  0  0  0  0
    4.2750   -1.8186   -3.6199  C  0  0  0  0  0
  1  7  1  0  0  0
  1  2  2  0  0  0
  2  3  1  0  0  0
  3 15  2  0  0  0
  3  4  1  0  0  0
  4  5  1  0  0  0
  4 12  2  0  0  0
  5  6  1  0  0  0
  6 11  2  0  0  0
  6  7  1  0  0  0
  7  8  2  0  0  0
  8  9  1  0  0  0
  9 10  2  0  0  0
 10 11  1  0  0  0
 12 13  1  0  0  0
 13 14  2  0  0  0
 14 15  1  0  0  0
M  END
$$$$
c12c(C=Cc3c(S1)cccc3)cccc2
  -ISIS-

 15 17  0  0  0  0  0  0  0  0  1
   -5.6129    1.4353   -1.8258  C  0  0  0  0  0
   -6.2423    1.8971   -2.9279  C  0  0  0  0  0
   -5.7791    1.8592   -4.3295  C  0  0  0  0  0
   -4.4862    2.2550   -4.7251  C  0  0  0  0  0
   -3.2247    2.7198   -3.5387  S  0  0  0  0  0
   -3.1902    1.1838   -2.6206  C  0  0  0  0  0
   -4.3234    0.6855   -1.9422  C  0  0  0  0  0
   -4.2313   -0.5695   -1.3062  C  0  0  0  0  0
   -3.0409   -1.2965   -1.3239  C  0  0  0  0  0
   -1.9335   -0.7742   -1.9765  C  0  0  0  0  0
   -1.9953    0.4525   -2.6243  C  0  0  0  0  0
   -4.1480    2.2768   -6.0850  C  0  0  0  0  0
   -5.0829    1.9068   -7.0517  C  0  0  0  0  0
   -6.3628    1.5178   -6.6674  C  0  0  0  0  0
   -6.7119    1.5012   -5.3156  C  0  0  0  0  0
  1  7  1  0  0  0
  1  2  2  0  0  0
  2  3  1  0  0  0
  3 15  2  0  0  0
  3  4  1  0  0  0
  4  5  1  0  0  0
  4 12  2  0  0  0
  5  6  1  0  0  0
  6 11  2  0  0  0
  6  7  1  0  0  0
  7  8  2  0  0  0
  8  9  1  0  0  0
  9 10  2  0  0  0
 10 11  1  0  0  0
 12 13  1  0  0  0
 13 14  2  0  0  0
 14 15  1  0  0  0
M  END
$$$$
c12c(C=Cc3c(S1)cccc3)cccc2
  -ISIS-

 15 17  0  0  0  0  0  0  0  0  1
   -5.6129    1.4353   -1.8258  C  0  0  0  0  0
   -6.2423    1.8971   -2.9279  C  0  0  0  0  0
   -5.7791    1.8592   -4.3295  C  0  0  0  0  0
   -4.4862    2.2550   -4.7251  C  0  0  0  0  0
   -3.2247    2.7198   -3.5387  S  0  0  0  0  0
   -3.1902    1.1838   -2.6206  C  0  0  0  0  0
   -4.3234    0.6855   -1.9422  C  0  0  0  0  0
   -4.2313   -0.5695   -1.3062  C  0  0  0  0  0
   -3.0409   -1.2965   -1.3239  C  0  0  0  0  0
   -1.9335   -0.7742   -1.9765  C  0  0  0  0  0
   -1.9953    0.4525   -2.6243  C  0  0  0  0  0
   -4.1480    2.2768   -6.0850  C  0  0  0  0  0
   -5.0829    1.9068   -7.0517  C  0  0  0  0  0
   -6.3628    1.5178   -6.6674  C  0  0  0  0  0
   -6.7119    1.5012   -5.3156  C  0  0  0  0  0
  1  7  1  0  0  0
  1  2  2  0  0  0
  2  3  1  0  0  0
  3 15  2  0  0  0
  3  4  1  0  0  0
  4  5  1  0  0  0
  4 12  2  0  0  0
  5  6  1  0  0  0
  6 11  2  0  0  0
  6  7  1  0  0  0
  7  8  2  0  0  0
  8  9  1  0  0  0
  9 10  2  0  0  0
 10 11  1  0  0  0
 12 13  1  0  0  0
 13 14  2  0  0  0
 14 15  1  0  0  0
M  END
$$$$
c12c(C=Cc3c(S1)cccc3)cccc2
  -ISIS-

 15 17  0  0  0  0  0  0  0  0  1
   -6.8827    3.3639    0.7664  C  0  0  0  0  0
   -7.6064    4.3560   -0.5570  S  0  0  0  0  0
   -6.0858    5.1305   -1.1062  C  0  0  0  0  0
   -5.0095    4.3720   -1.6071  C  0  0  0  0  0
   -5.0949    2.9135   -1.8179  C  0  0  0  0  0
   -5.5628    1.9802   -0.9606  C  0  0  0  0  0
   -5.9405    2.3569    0.4403  C  0  0  0  0  0
   -5.3247    1.6367    1.4801  C  0  0  0  0  0
   -5.6447    1.8852    2.8127  C  0  0  0  0  0
   -6.5899    2.8593    3.1341  C  0  0  0  0  0
   -7.2122    3.6058    2.1209  C  0  0  0  0  0
   -3.8408    5.0331   -2.0120  C  0  0  0  0  0
   -3.7352    6.4210   -1.9009  C  0  0  0  0  0
   -4.8004    7.1645   -1.3988  C  0  0  0  0  0
   -5.9741    6.5225   -1.0045  C  0  0  0  0  0
  1  7  2  0  0  0
  1 11  1  0  0  0
  1  2  1  0  0  0
  2  3  1  0  0  0
  3 15  2  0  0  0
  3  4  1  0  0  0
  4  5  1  0  0  0
  4 12  2  0  0  0
  5  6  2  0  0  0
  6  7  1  0  0  0
  7  8  1  0  0  0
  8  9  2  0  0  0
  9 10  1  0  0  0
 10 11  2  0  0  0
 12 13  1  0  0  0
 13 14  2  0  0  0
 14 15  1  0  0  0
M  END
$$$$
c12c(C=Cc3c(S1)cccc3)cccc2
  -ISIS-

 15 17  0  0  0  0  0  0  0  0  1
   -6.8827    3.3639    0.7664  C  0  0  0  0  0
   -7.6064    4.3560   -0.5570  S  0  0  0  0  0
   -6.0858    5.1305   -1.1062  C  0  0  0  0  0
   -5.0095    4.3720   -1.6071  C  0  0  0  0  0
   -5.0949    2.9135   -1.8179  C  0  0  0  0  0
   -5.5628    1.9802   -0.9606  C  0  0  0  0  0
   -5.9405    2.3569    0.4403  C  0  0  0  0  0
   -5.3247    1.6367    1.4801  C  0  0  0  0  0
   -5.6447    1.8852    2.8127  C  0  0  0  0  0
   -6.5899    2.8593    3.1341  C  0  0  0  0  0
   -7.2122    3.6058    2.1209  C  0  0  0  0  0
   -3.8408    5.0331   -2.0120  C  0  0  0  0  0
   -3.7352    6.4210   -1.9009  C  0  0  0  0  0
   -4.8004    7.1645   -1.3988  C  0  0  0  0  0
   -5.9741    6.5225   -1.0045  C  0  0  0  0  0
  1  7  2  0  0  0
  1 11  1  0  0  0
  1  2  1  0  0  0
  2  3  1  0  0  0
  3 15  2  0  0  0
  3  4  1  0  0  0
  4  5  1  0  0  0
  4 12  2  0  0  0
  5  6  2  0  0  0
  6  7  1  0  0  0
  7  8  1  0  0  0
  8  9  2  0  0  0
  9 10  1  0  0  0
 10 11  2  0  0  0
 12 13  1  0  0  0
 13 14  2  0  0  0
 14 15  1  0  0  0
M  END
$$$$
c12c(C=Cc3c(S1)cccc3)cccc2
  -ISIS-

 15 17  0  0  0  0  0  0  0  0  1
   -6.8827    3.3639    0.7664  C  0  0  0  0  0
   -7.6064    4.3560   -0.5570  S  0  0  0  0  0
   -6.0858    5.1305   -1.1062  C  0  0  0  0  0
   -5.0095    4.3720   -1.6071  C  0  0  0  0  0
   -5.0949    2.9135   -1.8179  C  0  0  0  0  0
   -5.5628    1.9802   -0.9606  C  0  0  0  0  0
   -5.9405    2.3569    0.4403  C  0  0  0  0  0
   -5.3247    1.6367    1.4801  C  0  0  0  0  0
   -5.6447    1.8852    2.8127  C  0  0  0  0  0
   -6.5899    2.8593    3.1341  C  0  0  0  0  0
   -7.2122    3.6058    2.1209  C  0  0  0  0  0
   -3.8408    5.0331   -2.0120  C  0  0  0  0  0
   -3.7352    6.4210   -1.9009  C  0  0  0  0  0
   -4.8004    7.1645   -1.3988  C  0  0  0  0  0
   -5.9741    6.5225   -1.0045  C  0  0  0  0  0
  1  7  2  0  0  0
  1 11  1  0  0  0
  1  2  1  0  0  0
  2  3  1  0  0  0
  3 15  2  0  0  0
  3  4  1  0  0  0
  4  5  1  0  0  0
  4 12  2  0  0  0
  5  6  2  0  0  0
  6  7  1  0  0  0
  7  8  1  0  0  0
  8  9  2  0  0  0
  9 10  1  0  0  0
 10 11  2  0  0  0
 12 13  1  0  0  0
 13 14  2  0  0  0
 14 15  1  0  0  0
M  END
$$$$
c12c(C=Cc3c(S1)cccc3)cccc2
  -ISIS-

 15 17  0  0  0  0  0  0  0  0  1
   -2.2530    4.4446    4.7458  S  0  0  0  0  0
   -3.1342    6.0062    4.7070  C  0  0  0  0  0
   -2.5947    7.1573    4.0964  C  0  0  0  0  0
   -1.2364    7.1998    3.5223  C  0  0  0  0  0
   -0.6748    6.2968    2.6918  C  0  0  0  0  0
   -1.4096    5.1208    2.1499  C  0  0  0  0  0
   -2.0955    4.2064    2.9773  C  0  0  0  0  0
   -2.7043    3.0725    2.4208  C  0  0  0  0  0
   -2.6586    2.8477    1.0462  C  0  0  0  0  0
   -2.0112    3.7574    0.2175  C  0  0  0  0  0
   -1.3922    4.8841    0.7639  C  0  0  0  0  0
   -3.3376    8.3475    4.1062  C  0  0  0  0  0
   -4.6010    8.3844    4.6964  C  0  0  0  0  0
   -5.1358    7.2478    5.2951  C  0  0  0  0  0
   -4.4019    6.0604    5.3033  C  0  0  0  0  0
  1  7  1  0  0  0
  1  2  1  0  0  0
  2 15  2  0  0  0
  2  3  1  0  0  0
  3  4  1  0  0  0
  3 12  2  0  0  0
  4  5  2  0  0  0
  5  6  1  0  0  0
  6 11  2  0  0  0
  6  7  1  0  0  0
  7  8  2  0  0  0
  8  9  1  0  0  0
  9 10  2  0  0  0
 10 11  1  0  0  0
 12 13  1  0  0  0
 13 14  2  0  0  0
 14 15  1  0  0  0
M  END
$$$$
c12c(C=Cc3c(S1)cccc3)cccc2
  -ISIS-

 15 17  0  0  0  0  0  0  0  0  1
   -2.2530    4.4446    4.7458  S  0  0  0  0  0
   -3.1342    6.0062    4.7070  C  0  0  0  0  0
   -2.5947    7.1573    4.0964  C  0  0  0  0  0
   -1.2364    7.1998    3.5223  C  0  0  0  0  0
   -0.6748    6.2968    2.6918  C  0  0  0  0  0
   -1.4096    5.1208    2.1499  C  0  0  0  0  0
   -2.0955    4.2064    2.9773  C  0  0  0  0  0
   -2.7043    3.0725    2.4208  C  0  0  0  0  0
   -2.6586    2.8477    1.0462  C  0  0  0  0  0
   -2.0112    3.7574    0.2175  C  0  0  0  0  0
   -1.3922    4.8841    0.7639  C  0  0  0  0  0
   -3.3376    8.3475    4.1062  C  0  0  0  0  0
   -4.6010    8.3844    4.6964  C  0  0  0  0  0
   -5.1358    7.2478    5.2951  C  0  0  0  0  0
   -4.4019    6.0604    5.3033  C  0  0  0  0  0
  1  7  1  0  0  0
  1  2  1  0  0  0
  2 15  2  0  0  0
  2  3  1  0  0  0
  3  4  1  0  0  0
  3 12  2  0  0  0
  4  5  2  0  0  0
  5  6  1  0  0  0
  6 11  2  0  0  0
  6  7  1  0  0  0
  7  8  2  0  0  0
  8  9  1  0  0  0
  9 10  2  0  0  0
 10 11  1  0  0  0
 12 13  1  0  0  0
 13 14  2  0  0  0
 14 15  1  0  0  0
M  END
$$$$
c12c(C=Cc3c(S1)cccc3)cccc2
  -ISIS-

 15 17  0  0  0  0  0  0  0  0  1
   -3.1181    3.6179    6.2067  S  0  0  0  0  0
   -4.3561    4.5729    5.3299  C  0  0  0  0  0
   -4.3198    4.7458    3.9314  C  0  0  0  0  0
   -3.3203    4.0956    3.0638  C  0  0  0  0  0
   -1.9851    4.0313    3.2498  C  0  0  0  0  0
   -1.2865    4.7162    4.3717  C  0  0  0  0  0
   -1.6796    4.5707    5.7200  C  0  0  0  0  0
   -0.9434    5.1894    6.7413  C  0  0  0  0  0
    0.1690    5.9716    6.4375  C  0  0  0  0  0
    0.5489    6.1469    5.1118  C  0  0  0  0  0
   -0.1730    5.5269    4.0891  C  0  0  0  0  0
   -5.3265    5.5013    3.3107  C  0  0  0  0  0
   -6.3382    6.0879    4.0709  C  0  0  0  0  0
   -6.3717    5.9212    5.4519  C  0  0  0  0  0
   -5.3835    5.1620    6.0807  C  0  0  0  0  0
  1  7  1  0  0  0
  1  2  1  0  0  0
  2 15  2  0  0  0
  2  3  1  0  0  0
  3  4  1  0  0  0
  3 12  2  0  0  0
  4  5  2  0  0  0
  5  6  1  0  0  0
  6 11  2  0  0  0
  6  7  1  0  0  0
  7  8  2  0  0  0
  8  9  1  0  0  0
  9 10  2  0  0  0
 10 11  1  0  0  0
 12 13  1  0  0  0
 13 14  2  0  0  0
 14 15  1  0  0  0
M  END
$$$$
c12c(C=Cc3c(S1)cccc3)cccc2
  -ISIS-

 15 17  0  0  0  0  0  0  0  0  1
   -3.1181    3.6179    6.2067  S  0  0  0  0  0
   -4.3561    4.5729    5.3299  C  0  0  0  0  0
   -4.3198    4.7458    3.9314  C  0  0  0  0  0
   -3.3203    4.0956    3.0638  C  0  0  0  0  0
   -1.9851    4.0313    3.2498  C  0  0  0  0  0
   -1.2865    4.7162    4.3717  C  0  0  0  0  0
   -1.6796    4.5707    5.7200  C  0  0  0  0  0
   -0.9434    5.1894    6.7413  C  0  0  0  0  0
    0.1690    5.9716    6.4375  C  0  0  0  0  0
    0.5489    6.1469    5.1118  C  0  0  0  0  0
   -0.1730    5.5269    4.0891  C  0  0  0  0  0
   -5.3265    5.5013    3.3107  C  0  0  0  0  0
   -6.3382    6.0879    4.0709  C  0  0  0  0  0
   -6.3717    5.9212    5.4519  C  0  0  0  0  0
   -5.3835    5.1620    6.0807  C  0  0  0  0  0
  1  7  1  0  0  0
  1  2  1  0  0  0
  2 15  2  0  0  0
  2  3  1  0  0  0
  3  4  1  0  0  0
  3 12  2  0  0  0
  4  5  2  0  0  0
  5  6  1  0  0  0
  6 11  2  0  0  0
  6  7  1  0  0  0
  7  8  2  0  0  0
  8  9  1  0  0  0
  9 10  2  0  0  0
 10 11  1  0  0  0
 12 13  1  0  0  0
 13 14  2  0  0  0
 14 15  1  0  0  0
M  END
$$$$
c12c(C=Cc3c(S1)cccc3)cccc2
  -ISIS-

 15 17  0  0  0  0  0  0  0  0  1
   -5.6457   -3.4237    7.1444  C  0  0  0  0  0
   -6.2381   -4.7578    7.4735  C  0  0  0  0  0
   -7.6088   -4.9708    7.7168  C  0  0  0  0  0
   -8.8345   -3.6775    7.5427  S  0  0  0  0  0
   -8.5762   -3.3290    5.8050  C  0  0  0  0  0
   -7.3269   -2.9303    5.2944  C  0  0  0  0  0
   -6.1476   -2.6707    6.1418  C  0  0  0  0  0
   -7.2055   -2.6748    3.9187  C  0  0  0  0  0
   -8.2977   -2.8293    3.0627  C  0  0  0  0  0
   -9.5297   -3.2272    3.5728  C  0  0  0  0  0
   -9.6698   -3.4732    4.9388  C  0  0  0  0  0
   -8.0668   -6.2473    8.0818  C  0  0  0  0  0
   -7.1799   -7.3183    8.1911  C  0  0  0  0  0
   -5.8274   -7.1249    7.9344  C  0  0  0  0  0
   -5.3624   -5.8573    7.5797  C  0  0  0  0  0
  1  7  2  0  0  0
  1  2  1  0  0  0
  2 15  2  0  0  0
  2  3  1  0  0  0
  3  4  1  0  0  0
  3 12  2  0  0  0
  4  5  1  0  0  0
  5 11  2  0  0  0
  5  6  1  0  0  0
  6  7  1  0  0  0
  6  8  2  0  0  0
  8  9  1  0  0  0
  9 10  2  0  0  0
 10 11  1  0  0  0
 12 13  1  0  0  0
 13 14  2  0  0  0
 14 15  1  0  0  0
M  END
$$$$
