c12c(cc3c(c1)CNC=N3)NC=N2
  -ISIS-

 13 15  0  0  0  0  0  0  0  0  1
   -9.7316   -3.2006    4.6291  C  0  0  0  0  0
   -8.3691   -3.5207    4.4890  N  0  0  0  0  0
   -7.6710   -3.1637    3.3516  C  0  0  0  0  0
   -8.1491   -2.5166    2.3475  N  0  0  0  0  0
   -9.4873   -2.1182    2.4018  C  0  0  0  0  0
  -10.3250   -2.4149    3.4889  C  0  0  0  0  0
  -11.6681   -1.9802    3.4832  C  0  0  0  0  0
  -12.1489   -1.2547    2.3835  C  0  0  0  0  0
  -13.3975   -0.7337    2.1516  N  0  0  0  0  0
  -13.3166   -0.1498    0.9779  C  0  0  0  0  0
  -12.0664   -0.2707    0.4397  N  0  0  0  0  0
  -11.2952   -0.9788    1.3251  C  0  0  0  0  0
   -9.9649   -1.3915    1.2980  C  0  0  0  0  0
  1  6  1  0  0  0
  1  2  1  0  0  0
  2  3  1  0  0  0
  3  4  2  0  0  0
  4  5  1  0  0  0
  5 13  2  0  0  0
  5  6  2  0  0  0
  6  7  2  0  0  0
  7  8  1  0  0  0
  8 12  2  0  0  0
  8  9  1  0  0  0
  9 10  2  0  0  0
 10 11  1  0  0  0
 11 12  1  0  0  0
 12 13  1  0  0  0
M  END
$$$$
c12c(cc3c(c1)CNC=N3)NC=N2
  -ISIS-

 13 15  0  0  0  0  0  0  0  0  1
   -9.7316   -3.2006    4.6291  C  0  0  0  0  0
   -8.3691   -3.5207    4.4890  N  0  0  0  0  0
   -7.6710   -3.1637    3.3516  C  0  0  0  0  0
   -8.1491   -2.5166    2.3475  N  0  0  0  0  0
   -9.4873   -2.1182    2.4018  C  0  0  0  0  0
  -10.3250   -2.4149    3.4889  C  0  0  0  0  0
  -11.6681   -1.9802    3.4832  C  0  0  0  0  0
  -12.1489   -1.2547    2.3835  C  0  0  0  0  0
  -13.3975   -0.7337    2.1516  N  0  0  0  0  0
  -13.3166   -0.1498    0.9779  C  0  0  0  0  0
  -12.0664   -0.2707    0.4397  N  0  0  0  0  0
  -11.2952   -0.9788    1.3251  C  0  0  0  0  0
   -9.9649   -1.3915    1.2980  C  0  0  0  0  0
  1  6  1  0  0  0
  1  2  1  0  0  0
  2  3  1  0  0  0
  3  4  2  0  0  0
  4  5  1  0  0  0
  5 13  2  0  0  0
  5  6  2  0  0  0
  6  7  2  0  0  0
  7  8  1  0  0  0
  8 12  2  0  0  0
  8  9  1  0  0  0
  9 10  2  0  0  0
 10 11  1  0  0  0
 11 12  1  0  0  0
 12 13  1  0  0  0
M  END
$$$$
c12c(cc3c(c1)CNC=N3)NC=N2
  -ISIS-

 13 15  0  0  0  0  0  0  0  0  1
    0.6476    2.1689    1.1822  C  0  0  0  0  0
    2.0307    1.7075    1.4010  C  0  0  0  0  0
    2.5225    1.8891    2.6679  N  0  0  0  0  0
    1.7942    2.4571    3.6711  C  0  0  0  0  0
    0.5838    2.8782    3.5389  N  0  0  0  0  0
   -0.0203    2.7401    2.2754  C  0  0  0  0  0
   -1.3361    3.1955    2.1239  C  0  0  0  0  0
   -1.9228    3.0516    0.8634  C  0  0  0  0  0
   -3.1631    3.3812    0.3783  N  0  0  0  0  0
   -3.2101    3.0165   -0.9375  C  0  0  0  0  0
   -2.0811    2.4734   -1.3310  N  0  0  0  0  0
   -1.2671    2.4860   -0.2260  C  0  0  0  0  0
    0.0479    2.0299   -0.0784  C  0  0  0  0  0
  1  6  2  0  0  0
  1 13  1  0  0  0
  1  2  1  0  0  0
  2  3  1  0  0  0
  3  4  1  0  0  0
  4  5  2  0  0  0
  5  6  1  0  0  0
  6  7  1  0  0  0
  7  8  2  0  0  0
  8 12  1  0  0  0
  8  9  1  0  0  0
  9 10  1  0  0  0
 10 11  2  0  0  0
 11 12  1  0  0  0
 12 13  2  0  0  0
M  END
$$$$
