C12C(C=CC=C1)=CCC=2
  -ISIS-

  9 10  0  0  0  0  0  0  0  0  1
   -0.2967   -0.1078    4.5917  C  0  0  0  0  0
   -0.2570   -1.1978    3.6243  C  0  0  0  0  0
    0.8511   -1.9045    3.8927  C  0  0  0  0  0
    1.5558   -1.2962    5.0291  C  0  0  0  0  0
    0.8764   -0.2188    5.4502  C  0  0  0  0  0
    2.7862   -1.8800    5.5081  C  0  0  0  0  0
    3.2495   -2.9812    4.8800  C  0  0  0  0  0
    2.5465   -3.5875    3.7424  C  0  0  0  0  0
    1.3935   -3.0813    3.2565  C  0  0  0  0  0
  1  5  1  0  0  0
  1  2  1  0  0  0
  2  3  2  0  0  0
  3  9  1  0  0  0
  3  4  1  0  0  0
  4  5  2  0  0  0
  4  6  1  0  0  0
  6  7  2  0  0  0
  7  8  1  0  0  0
  8  9  2  0  0  0
M  END
$$$$
