c12c(C3OC1N=C3)cccc2
  -ISIS-

 11 13  0  0  0  0  0  0  0  0  1
   -2.1582    7.4455   -3.2392  N  0  0  0  0  0
   -2.7089    6.2442   -3.2570  C  0  0  0  0  0
   -2.4455    5.3997   -2.0042  C  0  0  0  0  0
   -0.9738    5.1658   -1.8838  C  0  0  0  0  0
   -0.4215    6.4570   -1.8007  C  0  0  0  0  0
   -1.6072    7.3867   -1.8620  C  0  0  0  0  0
   -2.5331    6.5638   -1.1136  O  0  0  0  0  0
    0.9381    6.6605   -1.7353  C  0  0  0  0  0
    1.7524    5.5242   -1.7344  C  0  0  0  0  0
    1.1973    4.2288   -1.8114  C  0  0  0  0  0
   -0.1853    4.0379   -1.8946  C  0  0  0  0  0
  1  6  1  0  0  0
  1  2  2  0  0  0
  2  3  1  0  0  0
  3  7  1  0  0  0
  3  4  1  0  0  0
  4 11  2  0  0  0
  4  5  1  0  0  0
  5  6  1  0  0  0
  5  8  2  0  0  0
  6  7  1  0  0  0
  8  9  1  0  0  0
  9 10  2  0  0  0
 10 11  1  0  0  0
M  END
$$$$
