c12c(cccc1)CC3C4C2OCOC4CC3
  -ISIS-

 16 19  0  0  0  0  0  0  0  0  1
    2.8409   -0.1988    2.8317  C  0  0  0  0  0
    2.6122    1.3438    2.8271  C  0  0  0  0  0
    3.9980    1.9486    2.3996  C  0  0  0  0  0
    4.8744    0.7157    2.1770  C  0  0  0  0  0
    6.0378    0.6284    1.2397  C  0  0  0  0  0
    6.6414   -0.7382    1.2766  C  0  0  0  0  0
    5.7700   -1.8500    1.4428  C  0  0  0  0  0
    4.2516   -1.6767    1.2853  C  0  0  0  0  0
    3.8363   -0.2752    1.6904  C  0  0  0  0  0
    3.5142   -2.6090    2.0855  O  0  0  0  0  0
    2.0963   -2.3730    2.2532  C  0  0  0  0  0
    1.7249   -0.9963    2.4773  O  0  0  0  0  0
    6.3339   -3.1261    1.5987  C  0  0  0  0  0
    7.7216   -3.2965    1.5806  C  0  0  0  0  0
    8.5682   -2.2000    1.4067  C  0  0  0  0  0
    8.0271   -0.9210    1.2777  C  0  0  0  0  0
  1  9  1  0  0  0
  1 12  1  0  0  0
  1  2  1  0  0  0
  2  3  1  0  0  0
  3  4  1  0  0  0
  4  9  1  0  0  0
  4  5  1  0  0  0
  5  6  1  0  0  0
  6 16  2  0  0  0
  6  7  1  0  0  0
  7  8  1  0  0  0
  7 13  2  0  0  0
  8  9  1  0  0  0
  8 10  1  0  0  0
 10 11  1  0  0  0
 11 12  1  0  0  0
 13 14  1  0  0  0
 14 15  2  0  0  0
 15 16  1  0  0  0
M  END
$$$$
