c12c(C3C=CCCC3CC1)cncn2
  -ISIS-

 14 16  0  0  0  0  0  0  0  0  1
    1.9715    5.2245    1.6954  C  0  0  0  0  0
    2.4380    5.2290    0.3962  C  0  0  0  0  0
    3.7196    5.2129    0.0105  N  0  0  0  0  0
    4.6135    5.2236    1.0043  C  0  0  0  0  0
    4.2992    5.2905    2.3047  N  0  0  0  0  0
    2.9868    5.3153    2.6338  C  0  0  0  0  0
    2.7070    5.4561    4.1075  C  0  0  0  0  0
    1.2870    5.9714    4.4494  C  0  0  0  0  0
    0.2899    5.1208    3.6137  C  0  0  0  0  0
    0.5093    5.2932    2.0781  C  0  0  0  0  0
   -0.4125    4.3273    1.3541  C  0  0  0  0  0
   -1.5725    3.8752    1.8689  C  0  0  0  0  0
   -2.0647    4.2860    3.2347  C  0  0  0  0  0
   -1.2003    5.3526    3.9200  C  0  0  0  0  0
  1 10  1  0  0  0
  1  6  2  0  0  0
  1  2  1  0  0  0
  2  3  2  0  0  0
  3  4  1  0  0  0
  4  5  2  0  0  0
  5  6  1  0  0  0
  6  7  1  0  0  0
  7  8  1  0  0  0
  8  9  1  0  0  0
  9 14  1  0  0  0
  9 10  1  0  0  0
 10 11  1  0  0  0
 11 12  2  0  0  0
 12 13  1  0  0  0
 13 14  1  0  0  0
M  END
$$$$
c12c(C3C=CCCC3CC1)cncn2
  -ISIS-

 14 16  0  0  0  0  0  0  0  0  1
    1.9715    5.2245    1.6954  C  0  0  0  0  0
    2.4380    5.2290    0.3962  C  0  0  0  0  0
    3.7196    5.2129    0.0105  N  0  0  0  0  0
    4.6135    5.2236    1.0043  C  0  0  0  0  0
    4.2992    5.2905    2.3047  N  0  0  0  0  0
    2.9868    5.3153    2.6338  C  0  0  0  0  0
    2.7070    5.4561    4.1075  C  0  0  0  0  0
    1.2870    5.9714    4.4494  C  0  0  0  0  0
    0.2899    5.1208    3.6137  C  0  0  0  0  0
    0.5093    5.2932    2.0781  C  0  0  0  0  0
   -0.4125    4.3273    1.3541  C  0  0  0  0  0
   -1.5725    3.8752    1.8689  C  0  0  0  0  0
   -2.0647    4.2860    3.2347  C  0  0  0  0  0
   -1.2003    5.3526    3.9200  C  0  0  0  0  0
  1 10  1  0  0  0
  1  6  2  0  0  0
  1  2  1  0  0  0
  2  3  2  0  0  0
  3  4  1  0  0  0
  4  5  2  0  0  0
  5  6  1  0  0  0
  6  7  1  0  0  0
  7  8  1  0  0  0
  8  9  1  0  0  0
  9 14  1  0  0  0
  9 10  1  0  0  0
 10 11  1  0  0  0
 11 12  2  0  0  0
 12 13  1  0  0  0
 13 14  1  0  0  0
M  END
$$$$
c12c(C3C=CCCC3CC1)cncn2
  -ISIS-

 14 16  0  0  0  0  0  0  0  0  1
    1.9715    5.2245    1.6954  C  0  0  0  0  0
    2.4380    5.2290    0.3962  C  0  0  0  0  0
    3.7196    5.2129    0.0105  N  0  0  0  0  0
    4.6135    5.2236    1.0043  C  0  0  0  0  0
    4.2992    5.2905    2.3047  N  0  0  0  0  0
    2.9868    5.3153    2.6338  C  0  0  0  0  0
    2.7070    5.4561    4.1075  C  0  0  0  0  0
    1.2870    5.9714    4.4494  C  0  0  0  0  0
    0.2899    5.1208    3.6137  C  0  0  0  0  0
    0.5093    5.2932    2.0781  C  0  0  0  0  0
   -0.4125    4.3273    1.3541  C  0  0  0  0  0
   -1.5725    3.8752    1.8689  C  0  0  0  0  0
   -2.0647    4.2860    3.2347  C  0  0  0  0  0
   -1.2003    5.3526    3.9200  C  0  0  0  0  0
  1 10  1  0  0  0
  1  6  2  0  0  0
  1  2  1  0  0  0
  2  3  2  0  0  0
  3  4  1  0  0  0
  4  5  2  0  0  0
  5  6  1  0  0  0
  6  7  1  0  0  0
  7  8  1  0  0  0
  8  9  1  0  0  0
  9 14  1  0  0  0
  9 10  1  0  0  0
 10 11  1  0  0  0
 11 12  2  0  0  0
 12 13  1  0  0  0
 13 14  1  0  0  0
M  END
$$$$
c12c(C3C=CCCC3CC1)cncn2
  -ISIS-

 14 16  0  0  0  0  0  0  0  0  1
    1.9715    5.2245    1.6954  C  0  0  0  0  0
    2.4380    5.2290    0.3962  C  0  0  0  0  0
    3.7196    5.2129    0.0105  N  0  0  0  0  0
    4.6135    5.2236    1.0043  C  0  0  0  0  0
    4.2992    5.2905    2.3047  N  0  0  0  0  0
    2.9868    5.3153    2.6338  C  0  0  0  0  0
    2.7070    5.4561    4.1075  C  0  0  0  0  0
    1.2870    5.9714    4.4494  C  0  0  0  0  0
    0.2899    5.1208    3.6137  C  0  0  0  0  0
    0.5093    5.2932    2.0781  C  0  0  0  0  0
   -0.4125    4.3273    1.3541  C  0  0  0  0  0
   -1.5725    3.8752    1.8689  C  0  0  0  0  0
   -2.0647    4.2860    3.2347  C  0  0  0  0  0
   -1.2003    5.3526    3.9200  C  0  0  0  0  0
  1 10  1  0  0  0
  1  6  2  0  0  0
  1  2  1  0  0  0
  2  3  2  0  0  0
  3  4  1  0  0  0
  4  5  2  0  0  0
  5  6  1  0  0  0
  6  7  1  0  0  0
  7  8  1  0  0  0
  8  9  1  0  0  0
  9 14  1  0  0  0
  9 10  1  0  0  0
 10 11  1  0  0  0
 11 12  2  0  0  0
 12 13  1  0  0  0
 13 14  1  0  0  0
M  END
$$$$
