c12c(cccc1)CCC23CNCC3
  -ISIS-

 13 15  0  0  0  0  0  0  0  0  1
   -1.2777   -1.9095    6.1165  C  0  0  0  0  0
   -1.2082   -0.5260    6.2107  C  0  0  0  0  0
    0.0029    0.1016    5.9100  C  0  0  0  0  0
    1.1199   -0.6487    5.5152  C  0  0  0  0  0
    1.0450   -2.0384    5.4205  C  0  0  0  0  0
   -0.1546   -2.6551    5.7329  C  0  0  0  0  0
   -0.4615   -4.1193    5.6802  C  0  0  0  0  0
   -1.7491   -4.1868    6.5182  C  0  0  0  0  0
   -2.4512   -2.8264    6.3520  C  0  0  0  0  0
   -3.4021   -2.8067    5.1704  C  0  0  0  0  0
   -4.5574   -2.1881    5.5401  N  0  0  0  0  0
   -4.5232   -1.7894    6.8408  C  0  0  0  0  0
   -3.3564   -2.4464    7.5232  C  0  0  0  0  0
  1  9  1  0  0  0
  1  6  2  0  0  0
  1  2  1  0  0  0
  2  3  2  0  0  0
  3  4  1  0  0  0
  4  5  2  0  0  0
  5  6  1  0  0  0
  6  7  1  0  0  0
  7  8  1  0  0  0
  8  9  1  0  0  0
  9 13  1  0  0  0
  9 10  1  0  0  0
 10 11  1  0  0  0
 11 12  1  0  0  0
 12 13  1  0  0  0
M  END
$$$$
