c12c(cccc1)CC3C4C=CC(C3C2)CC4
  -ISIS-

 16 19  0  0  0  0  0  0  0  0  1
    6.9741    1.2865   -4.1428  C  0  0  0  0  0
    5.8914    1.0547   -3.0827  C  0  0  0  0  0
    5.6030   -0.2168   -2.4908  C  0  0  0  0  0
    6.3536   -1.5092   -2.8474  C  0  0  0  0  0
    7.6950   -1.1491   -3.4379  C  0  0  0  0  0
    7.3111   -0.0330   -4.8009  C  0  0  0  0  0
    8.5461   -0.1090   -6.1075  C  0  0  0  0  0
    8.1296   -1.7663   -6.7610  C  0  0  0  0  0
    8.2226   -3.0715   -5.4635  C  0  0  0  0  0
    8.8198   -2.3666   -3.9619  C  0  0  0  0  0
    9.4361   -1.3294   -4.6942  C  0  0  0  0  0
   10.0017   -0.3773   -5.3663  C  0  0  0  0  0
    4.5522   -0.3023   -1.5577  C  0  0  0  0  0
    3.8223    0.8259   -1.1839  C  0  0  0  0  0
    4.1253    2.0656   -1.7352  C  0  0  0  0  0
    5.1508    2.1801   -2.6725  C  0  0  0  0  0
  1  6  1  0  0  0
  1  2  1  0  0  0
  2 16  2  0  0  0
  2  3  1  0  0  0
  3  4  1  0  0  0
  3 13  2  0  0  0
  4  5  1  0  0  0
  5 10  1  0  0  0
  5  6  1  0  0  0
  6  7  1  0  0  0
  7 12  1  0  0  0
  7  8  1  0  0  0
  8  9  1  0  0  0
  9 10  1  0  0  0
 10 11  1  0  0  0
 11 12  2  0  0  0
 13 14  1  0  0  0
 14 15  2  0  0  0
 15 16  1  0  0  0
M  END
$$$$
