C12C(C=CN=1)=CNC=N2
  -ISIS-

  9 10  0  0  0  0  0  0  0  0  1
   -1.3902   -2.1616    7.0391  C  0  0  0  0  0
   -2.6009   -1.4815    6.6959  C  0  0  0  0  0
   -3.6020   -2.1995    7.2383  C  0  0  0  0  0
   -3.1814   -3.3202    7.9458  N  0  0  0  0  0
   -1.8827   -3.2938    7.8331  C  0  0  0  0  0
   -1.0348   -4.1762    8.4091  N  0  0  0  0  0
    0.2359   -4.0244    8.1665  C  0  0  0  0  0
    0.7826   -3.0190    7.3352  N  0  0  0  0  0
   -0.0730   -2.0215    6.8133  C  0  0  0  0  0
  1  5  1  0  0  0
  1  9  2  0  0  0
  1  2  1  0  0  0
  2  3  2  0  0  0
  3  4  1  0  0  0
  4  5  2  0  0  0
  5  6  1  0  0  0
  6  7  2  0  0  0
  7  8  1  0  0  0
  8  9  1  0  0  0
M  END
$$$$
C12C(C=CN=1)=CNC=N2
  -ISIS-

  9 10  0  0  0  0  0  0  0  0  1
   -1.3902   -2.1616    7.0391  C  0  0  0  0  0
   -2.6009   -1.4815    6.6959  C  0  0  0  0  0
   -3.6020   -2.1995    7.2383  C  0  0  0  0  0
   -3.1814   -3.3202    7.9458  N  0  0  0  0  0
   -1.8827   -3.2938    7.8331  C  0  0  0  0  0
   -1.0348   -4.1762    8.4091  N  0  0  0  0  0
    0.2359   -4.0244    8.1665  C  0  0  0  0  0
    0.7826   -3.0190    7.3352  N  0  0  0  0  0
   -0.0730   -2.0215    6.8133  C  0  0  0  0  0
  1  5  1  0  0  0
  1  9  2  0  0  0
  1  2  1  0  0  0
  2  3  2  0  0  0
  3  4  1  0  0  0
  4  5  2  0  0  0
  5  6  1  0  0  0
  6  7  2  0  0  0
  7  8  1  0  0  0
  8  9  1  0  0  0
M  END
$$$$
C12C(C=CN=1)=CNC=N2
  -ISIS-

  9 10  0  0  0  0  0  0  0  0  1
   -1.3902   -2.1616    7.0391  C  0  0  0  0  0
   -2.6009   -1.4815    6.6959  C  0  0  0  0  0
   -3.6020   -2.1995    7.2383  C  0  0  0  0  0
   -3.1814   -3.3202    7.9458  N  0  0  0  0  0
   -1.8827   -3.2938    7.8331  C  0  0  0  0  0
   -1.0348   -4.1762    8.4091  N  0  0  0  0  0
    0.2359   -4.0244    8.1665  C  0  0  0  0  0
    0.7826   -3.0190    7.3352  N  0  0  0  0  0
   -0.0730   -2.0215    6.8133  C  0  0  0  0  0
  1  5  1  0  0  0
  1  9  2  0  0  0
  1  2  1  0  0  0
  2  3  2  0  0  0
  3  4  1  0  0  0
  4  5  2  0  0  0
  5  6  1  0  0  0
  6  7  2  0  0  0
  7  8  1  0  0  0
  8  9  1  0  0  0
M  END
$$$$
C12C(C=CN=1)=CNC=N2
  -ISIS-

  9 10  0  0  0  0  0  0  0  0  1
   -1.3902   -2.1616    7.0391  C  0  0  0  0  0
   -2.6009   -1.4815    6.6959  C  0  0  0  0  0
   -3.6020   -2.1995    7.2383  C  0  0  0  0  0
   -3.1814   -3.3202    7.9458  N  0  0  0  0  0
   -1.8827   -3.2938    7.8331  C  0  0  0  0  0
   -1.0348   -4.1762    8.4091  N  0  0  0  0  0
    0.2359   -4.0244    8.1665  C  0  0  0  0  0
    0.7826   -3.0190    7.3352  N  0  0  0  0  0
   -0.0730   -2.0215    6.8133  C  0  0  0  0  0
  1  5  1  0  0  0
  1  9  2  0  0  0
  1  2  1  0  0  0
  2  3  2  0  0  0
  3  4  1  0  0  0
  4  5  2  0  0  0
  5  6  1  0  0  0
  6  7  2  0  0  0
  7  8  1  0  0  0
  8  9  1  0  0  0
M  END
$$$$
C12C(C=CN=1)=CNC=N2
  -ISIS-

  9 10  0  0  0  0  0  0  0  0  1
   -1.3902   -2.1616    7.0391  C  0  0  0  0  0
   -2.6009   -1.4815    6.6959  C  0  0  0  0  0
   -3.6020   -2.1995    7.2383  C  0  0  0  0  0
   -3.1814   -3.3202    7.9458  N  0  0  0  0  0
   -1.8827   -3.2938    7.8331  C  0  0  0  0  0
   -1.0348   -4.1762    8.4091  N  0  0  0  0  0
    0.2359   -4.0244    8.1665  C  0  0  0  0  0
    0.7826   -3.0190    7.3352  N  0  0  0  0  0
   -0.0730   -2.0215    6.8133  C  0  0  0  0  0
  1  5  1  0  0  0
  1  9  2  0  0  0
  1  2  1  0  0  0
  2  3  2  0  0  0
  3  4  1  0  0  0
  4  5  2  0  0  0
  5  6  1  0  0  0
  6  7  2  0  0  0
  7  8  1  0  0  0
  8  9  1  0  0  0
M  END
$$$$
C12C(C=CN=1)=CNC=N2
  -ISIS-

  9 10  0  0  0  0  0  0  0  0  1
   -6.0738   -2.2080    7.0970  C  0  0  0  0  0
   -5.5797   -2.3130    5.7179  C  0  0  0  0  0
   -6.3576   -2.7928    4.7197  N  0  0  0  0  0
   -7.5615   -3.1746    5.0362  C  0  0  0  0  0
   -8.1027   -3.1286    6.3400  N  0  0  0  0  0
   -7.3201   -2.6099    7.3974  C  0  0  0  0  0
   -4.3517   -1.8979    5.5758  N  0  0  0  0  0
   -3.9841   -1.4973    6.8562  C  0  0  0  0  0
   -4.9475   -1.6537    7.7831  C  0  0  0  0  0
  1  6  2  0  0  0
  1  9  1  0  0  0
  1  2  1  0  0  0
  2  3  1  0  0  0
  2  7  2  0  0  0
  3  4  2  0  0  0
  4  5  1  0  0  0
  5  6  1  0  0  0
  7  8  1  0  0  0
  8  9  2  0  0  0
M  END
$$$$
C12C(C=CN=1)=CNC=N2
  -ISIS-

  9 10  0  0  0  0  0  0  0  0  1
   -6.0738   -2.2080    7.0970  C  0  0  0  0  0
   -5.5797   -2.3130    5.7179  C  0  0  0  0  0
   -6.3576   -2.7928    4.7197  N  0  0  0  0  0
   -7.5615   -3.1746    5.0362  C  0  0  0  0  0
   -8.1027   -3.1286    6.3400  N  0  0  0  0  0
   -7.3201   -2.6099    7.3974  C  0  0  0  0  0
   -4.3517   -1.8979    5.5758  N  0  0  0  0  0
   -3.9841   -1.4973    6.8562  C  0  0  0  0  0
   -4.9475   -1.6537    7.7831  C  0  0  0  0  0
  1  6  2  0  0  0
  1  9  1  0  0  0
  1  2  1  0  0  0
  2  3  1  0  0  0
  2  7  2  0  0  0
  3  4  2  0  0  0
  4  5  1  0  0  0
  5  6  1  0  0  0
  7  8  1  0  0  0
  8  9  2  0  0  0
M  END
$$$$
C12C(C=CN=1)=CNC=N2
  -ISIS-

  9 10  0  0  0  0  0  0  0  0  1
   -6.0738   -2.2080    7.0970  C  0  0  0  0  0
   -5.5797   -2.3130    5.7179  C  0  0  0  0  0
   -6.3576   -2.7928    4.7197  N  0  0  0  0  0
   -7.5615   -3.1746    5.0362  C  0  0  0  0  0
   -8.1027   -3.1286    6.3400  N  0  0  0  0  0
   -7.3201   -2.6099    7.3974  C  0  0  0  0  0
   -4.3517   -1.8979    5.5758  N  0  0  0  0  0
   -3.9841   -1.4973    6.8562  C  0  0  0  0  0
   -4.9475   -1.6537    7.7831  C  0  0  0  0  0
  1  6  2  0  0  0
  1  9  1  0  0  0
  1  2  1  0  0  0
  2  3  1  0  0  0
  2  7  2  0  0  0
  3  4  2  0  0  0
  4  5  1  0  0  0
  5  6  1  0  0  0
  7  8  1  0  0  0
  8  9  2  0  0  0
M  END
$$$$
C12C(C=CN=1)=CNC=N2
  -ISIS-

  9 10  0  0  0  0  0  0  0  0  1
   -6.0738   -2.2080    7.0970  C  0  0  0  0  0
   -5.5797   -2.3130    5.7179  C  0  0  0  0  0
   -6.3576   -2.7928    4.7197  N  0  0  0  0  0
   -7.5615   -3.1746    5.0362  C  0  0  0  0  0
   -8.1027   -3.1286    6.3400  N  0  0  0  0  0
   -7.3201   -2.6099    7.3974  C  0  0  0  0  0
   -4.3517   -1.8979    5.5758  N  0  0  0  0  0
   -3.9841   -1.4973    6.8562  C  0  0  0  0  0
   -4.9475   -1.6537    7.7831  C  0  0  0  0  0
  1  6  2  0  0  0
  1  9  1  0  0  0
  1  2  1  0  0  0
  2  3  1  0  0  0
  2  7  2  0  0  0
  3  4  2  0  0  0
  4  5  1  0  0  0
  5  6  1  0  0  0
  7  8  1  0  0  0
  8  9  2  0  0  0
M  END
$$$$
C12C(C=CN=1)=CNC=N2
  -ISIS-

  9 10  0  0  0  0  0  0  0  0  1
   -6.0738   -2.2080    7.0970  C  0  0  0  0  0
   -5.5797   -2.3130    5.7179  C  0  0  0  0  0
   -6.3576   -2.7928    4.7197  N  0  0  0  0  0
   -7.5615   -3.1746    5.0362  C  0  0  0  0  0
   -8.1027   -3.1286    6.3400  N  0  0  0  0  0
   -7.3201   -2.6099    7.3974  C  0  0  0  0  0
   -4.3517   -1.8979    5.5758  N  0  0  0  0  0
   -3.9841   -1.4973    6.8562  C  0  0  0  0  0
   -4.9475   -1.6537    7.7831  C  0  0  0  0  0
  1  6  2  0  0  0
  1  9  1  0  0  0
  1  2  1  0  0  0
  2  3  1  0  0  0
  2  7  2  0  0  0
  3  4  2  0  0  0
  4  5  1  0  0  0
  5  6  1  0  0  0
  7  8  1  0  0  0
  8  9  2  0  0  0
M  END
$$$$
