C12c3c(OCC=1CC=CS2)cccc3
  -ISIS-

 14 16  0  0  0  0  0  0  0  0  1
    6.2721   -2.4259   -1.7085  C  0  0  0  0  0
    6.9010   -1.0943   -1.8932  C  0  0  0  0  0
    6.0699   -0.0212   -2.1471  O  0  0  0  0  0
    4.7033   -0.2016   -2.3986  C  0  0  0  0  0
    3.9884    0.9554   -2.7216  C  0  0  0  0  0
    2.6322    0.8632   -3.0085  C  0  0  0  0  0
    2.0090   -0.3799   -2.9708  C  0  0  0  0  0
    2.7422   -1.5288   -2.6426  C  0  0  0  0  0
    4.1155   -1.4637   -2.3448  C  0  0  0  0  0
    4.9684   -2.6138   -1.9689  C  0  0  0  0  0
    4.1885   -4.1547   -1.8219  S  0  0  0  0  0
    5.5095   -5.3071   -1.8305  C  0  0  0  0  0
    6.7784   -4.9294   -1.5569  C  0  0  0  0  0
    7.2396   -3.5084   -1.2861  C  0  0  0  0  0
  1 10  2  0  0  0
  1 14  1  0  0  0
  1  2  1  0  0  0
  2  3  1  0  0  0
  3  4  1  0  0  0
  4  9  2  0  0  0
  4  5  1  0  0  0
  5  6  2  0  0  0
  6  7  1  0  0  0
  7  8  2  0  0  0
  8  9  1  0  0  0
  9 10  1  0  0  0
 10 11  1  0  0  0
 11 12  1  0  0  0
 12 13  2  0  0  0
 13 14  1  0  0  0
M  END
$$$$
