C12C3CC(C(C1)CC3)C2
  -ISIS-

  9 11  0  0  0  0  0  0  0  0  1
   -1.1218    5.0190   -3.8932  C  0  0  0  0  0
   -0.1611    4.3507   -2.9569  C  0  0  0  0  0
    0.9806    4.3252   -3.9779  C  0  0  0  0  0
    0.2708    3.5237   -5.1014  C  0  0  0  0  0
   -1.2588    3.8962   -4.8796  C  0  0  0  0  0
   -1.8944    2.8781   -3.9130  C  0  0  0  0  0
   -0.7919    2.8970   -2.8177  C  0  0  0  0  0
    0.2165    1.8131   -3.2643  C  0  0  0  0  0
    0.5567    2.0442   -4.7606  C  0  0  0  0  0
  1  5  1  0  0  0
  1  2  1  0  0  0
  2  7  1  0  0  0
  2  3  1  0  0  0
  3  4  1  0  0  0
  4  9  1  0  0  0
  4  5  1  0  0  0
  5  6  1  0  0  0
  6  7  1  0  0  0
  7  8  1  0  0  0
  8  9  1  0  0  0
M  END
$$$$
