c12c(ncnn1)C3CC2CC3
  -ISIS-

 11 13  0  0  0  0  0  0  0  0  1
   -2.1281    1.6397    2.5594  C  0  0  0  0  0
   -1.7908    2.0069    3.8508  C  0  0  0  0  0
   -0.9793    0.8772    4.4539  C  0  0  0  0  0
   -0.2083    0.4021    3.1785  C  0  0  0  0  0
   -1.5237    0.2527    2.3313  C  0  0  0  0  0
   -2.3831   -0.6929    3.2216  C  0  0  0  0  0
   -2.0062   -0.2614    4.6742  C  0  0  0  0  0
   -2.1924    3.1568    4.3858  N  0  0  0  0  0
   -2.9402    3.9506    3.5736  N  0  0  0  0  0
   -3.2383    3.5552    2.2923  C  0  0  0  0  0
   -2.8644    2.3857    1.7366  N  0  0  0  0  0
  1  5  1  0  0  0
  1 11  2  0  0  0
  1  2  1  0  0  0
  2  3  1  0  0  0
  2  8  2  0  0  0
  3  7  1  0  0  0
  3  4  1  0  0  0
  4  5  1  0  0  0
  5  6  1  0  0  0
  6  7  1  0  0  0
  8  9  1  0  0  0
  9 10  2  0  0  0
 10 11  1  0  0  0
M  END
$$$$
