c12c(OCO1)ccc3c2CNCCc4c(cc5c(OCO5)c4)CC3
  -ISIS-

 24 28  0  0  0  0  0  0  0  0  1
   -1.9388   -0.2859    1.6563  N  0  0  0  0  0
   -0.5825   -0.6492    1.0932  C  0  0  0  0  0
    0.4905    0.4624    1.1308  C  0  0  0  0  0
    0.5262    1.5104    0.0329  C  0  0  0  0  0
   -0.4538    2.5251   -0.1334  C  0  0  0  0  0
   -1.6949    2.4919    0.6404  C  0  0  0  0  0
   -1.7342    3.1644    1.9953  C  0  0  0  0  0
   -2.8938    2.6611    2.8485  C  0  0  0  0  0
   -3.9254    3.5851    3.1567  C  0  0  0  0  0
   -5.0417    3.2100    3.9076  C  0  0  0  0  0
   -5.1143    1.9076    4.3391  C  0  0  0  0  0
   -4.1275    0.9942    4.0528  C  0  0  0  0  0
   -2.9938    1.3206    3.3169  C  0  0  0  0  0
   -1.9564    0.2583    3.0701  C  0  0  0  0  0
   -4.4106   -0.2369    4.5688  O  0  0  0  0  0
   -5.6683    0.0222    5.2392  C  0  0  0  0  0
   -6.1270    1.3749    5.0707  O  0  0  0  0  0
   -0.3500    3.5186   -1.1157  C  0  0  0  0  0
    0.7665    3.4944   -1.9177  C  0  0  0  0  0
    1.0464    4.3702   -2.9171  O  0  0  0  0  0
    2.3092    3.8538   -3.3923  C  0  0  0  0  0
    2.7512    2.6857   -2.6654  O  0  0  0  0  0
    1.7353    2.5326   -1.7761  C  0  0  0  0  0
    1.6477    1.5384   -0.8204  C  0  0  0  0  0
  1 14  1  0  0  0
  1  2  1  0  0  0
  2  3  1  0  0  0
  3  4  1  0  0  0
  4 24  2  0  0  0
  4  5  1  0  0  0
  5  6  1  0  0  0
  5 18  2  0  0  0
  6  7  1  0  0  0
  7  8  1  0  0  0
  8 13  2  0  0  0
  8  9  1  0  0  0
  9 10  2  0  0  0
 10 11  1  0  0  0
 11 17  1  0  0  0
 11 12  2  0  0  0
 12 13  1  0  0  0
 12 15  1  0  0  0
 13 14  1  0  0  0
 15 16  1  0  0  0
 16 17  1  0  0  0
 18 19  1  0  0  0
 19 23  2  0  0  0
 19 20  1  0  0  0
 20 21  1  0  0  0
 21 22  1  0  0  0
 22 23  1  0  0  0
 23 24  1  0  0  0
M  END
$$$$
c12c(OCO1)ccc3c2CNCCc4c(cc5c(OCO5)c4)CC3
  -ISIS-

 24 28  0  0  0  0  0  0  0  0  1
   -1.9388   -0.2859    1.6563  N  0  0  0  0  0
   -0.5825   -0.6492    1.0932  C  0  0  0  0  0
    0.4905    0.4624    1.1308  C  0  0  0  0  0
    0.5262    1.5104    0.0329  C  0  0  0  0  0
   -0.4538    2.5251   -0.1334  C  0  0  0  0  0
   -1.6949    2.4919    0.6404  C  0  0  0  0  0
   -1.7342    3.1644    1.9953  C  0  0  0  0  0
   -2.8938    2.6611    2.8485  C  0  0  0  0  0
   -3.9254    3.5851    3.1567  C  0  0  0  0  0
   -5.0417    3.2100    3.9076  C  0  0  0  0  0
   -5.1143    1.9076    4.3391  C  0  0  0  0  0
   -4.1275    0.9942    4.0528  C  0  0  0  0  0
   -2.9938    1.3206    3.3169  C  0  0  0  0  0
   -1.9564    0.2583    3.0701  C  0  0  0  0  0
   -4.4106   -0.2369    4.5688  O  0  0  0  0  0
   -5.6683    0.0222    5.2392  C  0  0  0  0  0
   -6.1270    1.3749    5.0707  O  0  0  0  0  0
   -0.3500    3.5186   -1.1157  C  0  0  0  0  0
    0.7665    3.4944   -1.9177  C  0  0  0  0  0
    1.0464    4.3702   -2.9171  O  0  0  0  0  0
    2.3092    3.8538   -3.3923  C  0  0  0  0  0
    2.7512    2.6857   -2.6654  O  0  0  0  0  0
    1.7353    2.5326   -1.7761  C  0  0  0  0  0
    1.6477    1.5384   -0.8204  C  0  0  0  0  0
  1 14  1  0  0  0
  1  2  1  0  0  0
  2  3  1  0  0  0
  3  4  1  0  0  0
  4 24  2  0  0  0
  4  5  1  0  0  0
  5  6  1  0  0  0
  5 18  2  0  0  0
  6  7  1  0  0  0
  7  8  1  0  0  0
  8 13  2  0  0  0
  8  9  1  0  0  0
  9 10  2  0  0  0
 10 11  1  0  0  0
 11 17  1  0  0  0
 11 12  2  0  0  0
 12 13  1  0  0  0
 12 15  1  0  0  0
 13 14  1  0  0  0
 15 16  1  0  0  0
 16 17  1  0  0  0
 18 19  1  0  0  0
 19 23  2  0  0  0
 19 20  1  0  0  0
 20 21  1  0  0  0
 21 22  1  0  0  0
 22 23  1  0  0  0
 23 24  1  0  0  0
M  END
$$$$
c12c(OCO1)ccc3c2CNCCc4c(cc5c(OCO5)c4)CC3
  -ISIS-

 24 28  0  0  0  0  0  0  0  0  1
   -1.1063   -3.3495   -1.5613  C  0  0  0  0  0
   -0.5861   -3.9221   -0.2447  C  0  0  0  0  0
   -1.3974   -4.9362    0.4735  C  0  0  0  0  0
   -1.7063   -6.2277   -0.0371  C  0  0  0  0  0
   -1.2559   -6.7738   -1.3780  C  0  0  0  0  0
    0.2648   -6.8445   -1.5968  C  0  0  0  0  0
    0.6940   -5.9208   -2.7292  N  0  0  0  0  0
    1.6099   -4.7958   -2.2812  C  0  0  0  0  0
    1.1939   -3.4496   -2.8148  C  0  0  0  0  0
   -0.0040   -2.7505   -2.4663  C  0  0  0  0  0
   -0.2099   -1.4620   -3.0401  C  0  0  0  0  0
    0.7044   -0.8719   -3.9189  C  0  0  0  0  0
    1.8338   -1.5788   -4.2338  C  0  0  0  0  0
    2.0697   -2.8222   -3.7031  C  0  0  0  0  0
    3.2421   -3.3496   -4.1653  O  0  0  0  0  0
    3.7393   -2.2631   -4.9832  C  0  0  0  0  0
    2.8160   -1.1650   -5.0740  O  0  0  0  0  0
   -2.5001   -7.0823    0.7611  C  0  0  0  0  0
   -2.9147   -6.6517    2.0053  C  0  0  0  0  0
   -3.6697   -7.3665    2.8794  O  0  0  0  0  0
   -3.7698   -6.4365    3.9813  C  0  0  0  0  0
   -3.0784   -5.1928    3.7337  O  0  0  0  0  0
   -2.5787   -5.4164    2.4913  C  0  0  0  0  0
   -1.8183   -4.5384    1.7563  C  0  0  0  0  0
  1 10  1  0  0  0
  1  2  1  0  0  0
  2  3  1  0  0  0
  3 24  2  0  0  0
  3  4  1  0  0  0
  4  5  1  0  0  0
  4 18  2  0  0  0
  5  6  1  0  0  0
  6  7  1  0  0  0
  7  8  1  0  0  0
  8  9  1  0  0  0
  9 14  2  0  0  0
  9 10  1  0  0  0
 10 11  2  0  0  0
 11 12  1  0  0  0
 12 13  2  0  0  0
 13 17  1  0  0  0
 13 14  1  0  0  0
 14 15  1  0  0  0
 15 16  1  0  0  0
 16 17  1  0  0  0
 18 19  1  0  0  0
 19 23  2  0  0  0
 19 20  1  0  0  0
 20 21  1  0  0  0
 21 22  1  0  0  0
 22 23  1  0  0  0
 23 24  1  0  0  0
M  END
$$$$
c12c(OCO1)ccc3c2CNCCc4c(cc5c(OCO5)c4)CC3
  -ISIS-

 24 28  0  0  0  0  0  0  0  0  1
   -1.1063   -3.3495   -1.5613  C  0  0  0  0  0
   -0.5861   -3.9221   -0.2447  C  0  0  0  0  0
   -1.3974   -4.9362    0.4735  C  0  0  0  0  0
   -1.7063   -6.2277   -0.0371  C  0  0  0  0  0
   -1.2559   -6.7738   -1.3780  C  0  0  0  0  0
    0.2648   -6.8445   -1.5968  C  0  0  0  0  0
    0.6940   -5.9208   -2.7292  N  0  0  0  0  0
    1.6099   -4.7958   -2.2812  C  0  0  0  0  0
    1.1939   -3.4496   -2.8148  C  0  0  0  0  0
   -0.0040   -2.7505   -2.4663  C  0  0  0  0  0
   -0.2099   -1.4620   -3.0401  C  0  0  0  0  0
    0.7044   -0.8719   -3.9189  C  0  0  0  0  0
    1.8338   -1.5788   -4.2338  C  0  0  0  0  0
    2.0697   -2.8222   -3.7031  C  0  0  0  0  0
    3.2421   -3.3496   -4.1653  O  0  0  0  0  0
    3.7393   -2.2631   -4.9832  C  0  0  0  0  0
    2.8160   -1.1650   -5.0740  O  0  0  0  0  0
   -2.5001   -7.0823    0.7611  C  0  0  0  0  0
   -2.9147   -6.6517    2.0053  C  0  0  0  0  0
   -3.6697   -7.3665    2.8794  O  0  0  0  0  0
   -3.7698   -6.4365    3.9813  C  0  0  0  0  0
   -3.0784   -5.1928    3.7337  O  0  0  0  0  0
   -2.5787   -5.4164    2.4913  C  0  0  0  0  0
   -1.8183   -4.5384    1.7563  C  0  0  0  0  0
  1 10  1  0  0  0
  1  2  1  0  0  0
  2  3  1  0  0  0
  3 24  2  0  0  0
  3  4  1  0  0  0
  4  5  1  0  0  0
  4 18  2  0  0  0
  5  6  1  0  0  0
  6  7  1  0  0  0
  7  8  1  0  0  0
  8  9  1  0  0  0
  9 14  2  0  0  0
  9 10  1  0  0  0
 10 11  2  0  0  0
 11 12  1  0  0  0
 12 13  2  0  0  0
 13 17  1  0  0  0
 13 14  1  0  0  0
 14 15  1  0  0  0
 15 16  1  0  0  0
 16 17  1  0  0  0
 18 19  1  0  0  0
 19 23  2  0  0  0
 19 20  1  0  0  0
 20 21  1  0  0  0
 21 22  1  0  0  0
 22 23  1  0  0  0
 23 24  1  0  0  0
M  END
$$$$
c12c(OCO1)ccc3c2CNCCc4c(cc5c(OCO5)c4)CC3
  -ISIS-

 24 28  0  0  0  0  0  0  0  0  1
   -1.1063   -3.3495   -1.5613  C  0  0  0  0  0
   -0.5861   -3.9221   -0.2447  C  0  0  0  0  0
   -1.3974   -4.9362    0.4735  C  0  0  0  0  0
   -1.7063   -6.2277   -0.0371  C  0  0  0  0  0
   -1.2559   -6.7738   -1.3780  C  0  0  0  0  0
    0.2648   -6.8445   -1.5968  C  0  0  0  0  0
    0.6940   -5.9208   -2.7292  N  0  0  0  0  0
    1.6099   -4.7958   -2.2812  C  0  0  0  0  0
    1.1939   -3.4496   -2.8148  C  0  0  0  0  0
   -0.0040   -2.7505   -2.4663  C  0  0  0  0  0
   -0.2099   -1.4620   -3.0401  C  0  0  0  0  0
    0.7044   -0.8719   -3.9189  C  0  0  0  0  0
    1.8338   -1.5788   -4.2338  C  0  0  0  0  0
    2.0697   -2.8222   -3.7031  C  0  0  0  0  0
    3.2421   -3.3496   -4.1653  O  0  0  0  0  0
    3.7393   -2.2631   -4.9832  C  0  0  0  0  0
    2.8160   -1.1650   -5.0740  O  0  0  0  0  0
   -2.5001   -7.0823    0.7611  C  0  0  0  0  0
   -2.9147   -6.6517    2.0053  C  0  0  0  0  0
   -3.6697   -7.3665    2.8794  O  0  0  0  0  0
   -3.7698   -6.4365    3.9813  C  0  0  0  0  0
   -3.0784   -5.1928    3.7337  O  0  0  0  0  0
   -2.5787   -5.4164    2.4913  C  0  0  0  0  0
   -1.8183   -4.5384    1.7563  C  0  0  0  0  0
  1 10  1  0  0  0
  1  2  1  0  0  0
  2  3  1  0  0  0
  3 24  2  0  0  0
  3  4  1  0  0  0
  4  5  1  0  0  0
  4 18  2  0  0  0
  5  6  1  0  0  0
  6  7  1  0  0  0
  7  8  1  0  0  0
  8  9  1  0  0  0
  9 14  2  0  0  0
  9 10  1  0  0  0
 10 11  2  0  0  0
 11 12  1  0  0  0
 12 13  2  0  0  0
 13 17  1  0  0  0
 13 14  1  0  0  0
 14 15  1  0  0  0
 15 16  1  0  0  0
 16 17  1  0  0  0
 18 19  1  0  0  0
 19 23  2  0  0  0
 19 20  1  0  0  0
 20 21  1  0  0  0
 21 22  1  0  0  0
 22 23  1  0  0  0
 23 24  1  0  0  0
M  END
$$$$
c12c(OCO1)ccc3c2CNCCc4c(cc5c(OCO5)c4)CC3
  -ISIS-

 24 28  0  0  0  0  0  0  0  0  1
    4.6852   -3.4376   -9.7375  C  0  0  0  0  0
    4.5138   -4.6586   -8.8309  C  0  0  0  0  0
    4.2253   -4.5017   -7.3804  C  0  0  0  0  0
    5.0950   -5.0754   -6.4014  C  0  0  0  0  0
    6.3066   -5.9411   -6.7214  C  0  0  0  0  0
    7.5010   -5.2024   -7.3483  C  0  0  0  0  0
    7.4539   -5.2644   -8.8647  N  0  0  0  0  0
    7.7398   -3.9602   -9.5834  C  0  0  0  0  0
    7.0633   -2.7147   -9.0546  C  0  0  0  0  0
    5.6673   -2.4360   -9.1313  C  0  0  0  0  0
    5.1788   -1.2152   -8.5927  C  0  0  0  0  0
    6.0265   -0.2781   -7.9973  C  0  0  0  0  0
    7.3647   -0.5720   -7.9421  C  0  0  0  0  0
    7.8653   -1.7457   -8.4514  C  0  0  0  0  0
    9.2152   -1.8365   -8.2686  O  0  0  0  0  0
    9.5038   -0.5652   -7.6387  C  0  0  0  0  0
    8.3231    0.2178   -7.3938  O  0  0  0  0  0
    4.8085   -4.8577   -5.0362  C  0  0  0  0  0
    3.6972   -4.1157   -4.6980  C  0  0  0  0  0
    3.2912   -3.8260   -3.4348  O  0  0  0  0  0
    2.0858   -3.0745   -3.6979  C  0  0  0  0  0
    1.8171   -2.9145   -5.1088  O  0  0  0  0  0
    2.8603   -3.5964   -5.6501  C  0  0  0  0  0
    3.0890   -3.7758   -6.9960  C  0  0  0  0  0
  1 10  1  0  0  0
  1  2  1  0  0  0
  2  3  1  0  0  0
  3 24  2  0  0  0
  3  4  1  0  0  0
  4  5  1  0  0  0
  4 18  2  0  0  0
  5  6  1  0  0  0
  6  7  1  0  0  0
  7  8  1  0  0  0
  8  9  1  0  0  0
  9 14  2  0  0  0
  9 10  1  0  0  0
 10 11  2  0  0  0
 11 12  1  0  0  0
 12 13  2  0  0  0
 13 17  1  0  0  0
 13 14  1  0  0  0
 14 15  1  0  0  0
 15 16  1  0  0  0
 16 17  1  0  0  0
 18 19  1  0  0  0
 19 23  2  0  0  0
 19 20  1  0  0  0
 20 21  1  0  0  0
 21 22  1  0  0  0
 22 23  1  0  0  0
 23 24  1  0  0  0
M  END
$$$$
c12c(OCO1)ccc3c2CNCCc4c(cc5c(OCO5)c4)CC3
  -ISIS-

 24 28  0  0  0  0  0  0  0  0  1
    4.6852   -3.4376   -9.7375  C  0  0  0  0  0
    4.5138   -4.6586   -8.8309  C  0  0  0  0  0
    4.2253   -4.5017   -7.3804  C  0  0  0  0  0
    5.0950   -5.0754   -6.4014  C  0  0  0  0  0
    6.3066   -5.9411   -6.7214  C  0  0  0  0  0
    7.5010   -5.2024   -7.3483  C  0  0  0  0  0
    7.4539   -5.2644   -8.8647  N  0  0  0  0  0
    7.7398   -3.9602   -9.5834  C  0  0  0  0  0
    7.0633   -2.7147   -9.0546  C  0  0  0  0  0
    5.6673   -2.4360   -9.1313  C  0  0  0  0  0
    5.1788   -1.2152   -8.5927  C  0  0  0  0  0
    6.0265   -0.2781   -7.9973  C  0  0  0  0  0
    7.3647   -0.5720   -7.9421  C  0  0  0  0  0
    7.8653   -1.7457   -8.4514  C  0  0  0  0  0
    9.2152   -1.8365   -8.2686  O  0  0  0  0  0
    9.5038   -0.5652   -7.6387  C  0  0  0  0  0
    8.3231    0.2178   -7.3938  O  0  0  0  0  0
    4.8085   -4.8577   -5.0362  C  0  0  0  0  0
    3.6972   -4.1157   -4.6980  C  0  0  0  0  0
    3.2912   -3.8260   -3.4348  O  0  0  0  0  0
    2.0858   -3.0745   -3.6979  C  0  0  0  0  0
    1.8171   -2.9145   -5.1088  O  0  0  0  0  0
    2.8603   -3.5964   -5.6501  C  0  0  0  0  0
    3.0890   -3.7758   -6.9960  C  0  0  0  0  0
  1 10  1  0  0  0
  1  2  1  0  0  0
  2  3  1  0  0  0
  3 24  2  0  0  0
  3  4  1  0  0  0
  4  5  1  0  0  0
  4 18  2  0  0  0
  5  6  1  0  0  0
  6  7  1  0  0  0
  7  8  1  0  0  0
  8  9  1  0  0  0
  9 14  2  0  0  0
  9 10  1  0  0  0
 10 11  2  0  0  0
 11 12  1  0  0  0
 12 13  2  0  0  0
 13 17  1  0  0  0
 13 14  1  0  0  0
 14 15  1  0  0  0
 15 16  1  0  0  0
 16 17  1  0  0  0
 18 19  1  0  0  0
 19 23  2  0  0  0
 19 20  1  0  0  0
 20 21  1  0  0  0
 21 22  1  0  0  0
 22 23  1  0  0  0
 23 24  1  0  0  0
M  END
$$$$
c12c(OCO1)ccc3c2CNCCc4c(cc5c(OCO5)c4)CC3
  -ISIS-

 24 28  0  0  0  0  0  0  0  0  1
    4.6852   -3.4376   -9.7375  C  0  0  0  0  0
    4.5138   -4.6586   -8.8309  C  0  0  0  0  0
    4.2253   -4.5017   -7.3804  C  0  0  0  0  0
    5.0950   -5.0754   -6.4014  C  0  0  0  0  0
    6.3066   -5.9411   -6.7214  C  0  0  0  0  0
    7.5010   -5.2024   -7.3483  C  0  0  0  0  0
    7.4539   -5.2644   -8.8647  N  0  0  0  0  0
    7.7398   -3.9602   -9.5834  C  0  0  0  0  0
    7.0633   -2.7147   -9.0546  C  0  0  0  0  0
    5.6673   -2.4360   -9.1313  C  0  0  0  0  0
    5.1788   -1.2152   -8.5927  C  0  0  0  0  0
    6.0265   -0.2781   -7.9973  C  0  0  0  0  0
    7.3647   -0.5720   -7.9421  C  0  0  0  0  0
    7.8653   -1.7457   -8.4514  C  0  0  0  0  0
    9.2152   -1.8365   -8.2686  O  0  0  0  0  0
    9.5038   -0.5652   -7.6387  C  0  0  0  0  0
    8.3231    0.2178   -7.3938  O  0  0  0  0  0
    4.8085   -4.8577   -5.0362  C  0  0  0  0  0
    3.6972   -4.1157   -4.6980  C  0  0  0  0  0
    3.2912   -3.8260   -3.4348  O  0  0  0  0  0
    2.0858   -3.0745   -3.6979  C  0  0  0  0  0
    1.8171   -2.9145   -5.1088  O  0  0  0  0  0
    2.8603   -3.5964   -5.6501  C  0  0  0  0  0
    3.0890   -3.7758   -6.9960  C  0  0  0  0  0
  1 10  1  0  0  0
  1  2  1  0  0  0
  2  3  1  0  0  0
  3 24  2  0  0  0
  3  4  1  0  0  0
  4  5  1  0  0  0
  4 18  2  0  0  0
  5  6  1  0  0  0
  6  7  1  0  0  0
  7  8  1  0  0  0
  8  9  1  0  0  0
  9 14  2  0  0  0
  9 10  1  0  0  0
 10 11  2  0  0  0
 11 12  1  0  0  0
 12 13  2  0  0  0
 13 17  1  0  0  0
 13 14  1  0  0  0
 14 15  1  0  0  0
 15 16  1  0  0  0
 16 17  1  0  0  0
 18 19  1  0  0  0
 19 23  2  0  0  0
 19 20  1  0  0  0
 20 21  1  0  0  0
 21 22  1  0  0  0
 22 23  1  0  0  0
 23 24  1  0  0  0
M  END
$$$$
