C12C(=CN=C3C(=CN=1)C=CC=C3)C=CC=C2
  -ISIS-

 16 18  0  0  0  0  0  0  0  0  1
   -2.3149   -5.6714    3.7729  C  0  0  0  0  0
   -3.2268   -5.0325    2.9774  N  0  0  0  0  0
   -4.2966   -5.6451    2.5814  C  0  0  0  0  0
   -4.6607   -7.0947    2.6615  C  0  0  0  0  0
   -3.8261   -8.0332    2.1799  C  0  0  0  0  0
   -2.6727   -7.8429    1.4720  N  0  0  0  0  0
   -1.6444   -7.2940    2.0374  C  0  0  0  0  0
   -1.5028   -6.6832    3.4004  C  0  0  0  0  0
   -0.3612   -7.1702    4.1662  C  0  0  0  0  0
    0.7341   -7.5783    3.5041  C  0  0  0  0  0
    0.7809   -7.5259    2.0551  C  0  0  0  0  0
   -0.3348   -7.3845    1.3206  C  0  0  0  0  0
   -6.0216   -7.3899    3.0870  C  0  0  0  0  0
   -6.9834   -6.4751    2.8857  C  0  0  0  0  0
   -6.6780   -5.2149    2.2374  C  0  0  0  0  0
   -5.4140   -4.7979    2.0597  C  0  0  0  0  0
  1  8  2  0  0  0
  1  2  1  0  0  0
  2  3  2  0  0  0
  3 16  1  0  0  0
  3  4  1  0  0  0
  4  5  2  0  0  0
  4 13  1  0  0  0
  5  6  1  0  0  0
  6  7  2  0  0  0
  7 12  1  0  0  0
  7  8  1  0  0  0
  8  9  1  0  0  0
  9 10  2  0  0  0
 10 11  1  0  0  0
 11 12  2  0  0  0
 13 14  2  0  0  0
 14 15  1  0  0  0
 15 16  2  0  0  0
M  END
$$$$
