c12c(C=CCO1)c[c]3[c](occ3)c2
  -ISIS-

 13 15  0  0  0  0  0  0  0  0  1
    0.3016   -3.5170    2.7254  C  0  0  0  0  0
   -0.0099   -2.3500    1.9630  C  0  0  0  0  0
    1.0281   -2.2072    1.0500  C  0  0  0  0  0
    1.9412   -3.2029    1.2085  O  0  0  0  0  0
    1.4968   -3.9901    2.2222  C  0  0  0  0  0
    1.1084   -1.1847    0.1137  C  0  0  0  0  0
    0.0565   -0.2618    0.1342  C  0  0  0  0  0
   -1.0194   -0.3311    1.0285  C  0  0  0  0  0
   -1.0486   -1.3917    1.9532  C  0  0  0  0  0
   -2.0638    0.7064    0.9582  C  0  0  0  0  0
   -1.9491    1.6594    0.0201  C  0  0  0  0  0
   -0.8297    1.7446   -0.9279  C  0  0  0  0  0
    0.1456    0.7708   -0.8256  O  0  0  0  0  0
  1  5  2  0  0  0
  1  2  1  0  0  0
  2  9  2  0  0  0
  2  3  1  0  0  0
  3  4  1  0  0  0
  3  6  2  0  0  0
  4  5  1  0  0  0
  6  7  1  0  0  0
  7 13  1  0  0  0
  7  8  2  0  0  0
  8  9  1  0  0  0
  8 10  1  0  0  0
 10 11  2  0  0  0
 11 12  1  0  0  0
 12 13  1  0  0  0
M  END
$$$$
