C12C3=C(c4c(cccc4)N3)CCN1Cc5c(N=2)cccc5
  -ISIS-

 21 25  0  0  0  0  0  0  0  0  1
    5.3580    0.4400   -3.7978  C  0  0  0  0  0
    4.3367    0.1743   -2.8229  C  0  0  0  0  0
    4.5689   -0.0895   -1.4893  C  0  0  0  0  0
    5.9562   -0.0930   -0.9590  C  0  0  0  0  0
    6.9413   -0.4373   -2.0916  C  0  0  0  0  0
    6.6673    0.2355   -3.3758  N  0  0  0  0  0
    7.7268    0.4096   -4.2536  C  0  0  0  0  0
    7.3876    0.9473   -5.5842  C  0  0  0  0  0
    8.3873    1.2355   -6.5212  C  0  0  0  0  0
    8.0336    1.7335   -7.7745  C  0  0  0  0  0
    6.6896    1.9377   -8.0857  C  0  0  0  0  0
    5.6993    1.6433   -7.1439  C  0  0  0  0  0
    6.0400    1.1444   -5.8841  C  0  0  0  0  0
    5.0159    0.8609   -4.9712  N  0  0  0  0  0
    3.3141   -0.2949   -0.8569  C  0  0  0  0  0
    2.9104   -0.5940    0.4625  C  0  0  0  0  0
    1.5473   -0.7310    0.7518  C  0  0  0  0  0
    0.5998   -0.5690   -0.2610  C  0  0  0  0  0
    0.9713   -0.2678   -1.5756  C  0  0  0  0  0
    2.3366   -0.1365   -1.8432  C  0  0  0  0  0
    2.9840    0.1596   -3.0230  N  0  0  0  0  0
  1  6  1  0  0  0
  1 14  2  0  0  0
  1  2  1  0  0  0
  2 21  1  0  0  0
  2  3  2  0  0  0
  3  4  1  0  0  0
  3 15  1  0  0  0
  4  5  1  0  0  0
  5  6  1  0  0  0
  6  7  1  0  0  0
  7  8  1  0  0  0
  8 13  2  0  0  0
  8  9  1  0  0  0
  9 10  2  0  0  0
 10 11  1  0  0  0
 11 12  2  0  0  0
 12 13  1  0  0  0
 13 14  1  0  0  0
 15 20  2  0  0  0
 15 16  1  0  0  0
 16 17  2  0  0  0
 17 18  1  0  0  0
 18 19  2  0  0  0
 19 20  1  0  0  0
 20 21  1  0  0  0
M  END
$$$$
C12C3=C(c4c(cccc4)N3)CCN1Cc5c(N=2)cccc5
  -ISIS-

 21 25  0  0  0  0  0  0  0  0  1
    5.3580    0.4400   -3.7978  C  0  0  0  0  0
    4.3367    0.1743   -2.8229  C  0  0  0  0  0
    4.5689   -0.0895   -1.4893  C  0  0  0  0  0
    5.9562   -0.0930   -0.9590  C  0  0  0  0  0
    6.9413   -0.4373   -2.0916  C  0  0  0  0  0
    6.6673    0.2355   -3.3758  N  0  0  0  0  0
    7.7268    0.4096   -4.2536  C  0  0  0  0  0
    7.3876    0.9473   -5.5842  C  0  0  0  0  0
    8.3873    1.2355   -6.5212  C  0  0  0  0  0
    8.0336    1.7335   -7.7745  C  0  0  0  0  0
    6.6896    1.9377   -8.0857  C  0  0  0  0  0
    5.6993    1.6433   -7.1439  C  0  0  0  0  0
    6.0400    1.1444   -5.8841  C  0  0  0  0  0
    5.0159    0.8609   -4.9712  N  0  0  0  0  0
    3.3141   -0.2949   -0.8569  C  0  0  0  0  0
    2.9104   -0.5940    0.4625  C  0  0  0  0  0
    1.5473   -0.7310    0.7518  C  0  0  0  0  0
    0.5998   -0.5690   -0.2610  C  0  0  0  0  0
    0.9713   -0.2678   -1.5756  C  0  0  0  0  0
    2.3366   -0.1365   -1.8432  C  0  0  0  0  0
    2.9840    0.1596   -3.0230  N  0  0  0  0  0
  1  6  1  0  0  0
  1 14  2  0  0  0
  1  2  1  0  0  0
  2 21  1  0  0  0
  2  3  2  0  0  0
  3  4  1  0  0  0
  3 15  1  0  0  0
  4  5  1  0  0  0
  5  6  1  0  0  0
  6  7  1  0  0  0
  7  8  1  0  0  0
  8 13  2  0  0  0
  8  9  1  0  0  0
  9 10  2  0  0  0
 10 11  1  0  0  0
 11 12  2  0  0  0
 12 13  1  0  0  0
 13 14  1  0  0  0
 15 20  2  0  0  0
 15 16  1  0  0  0
 16 17  2  0  0  0
 17 18  1  0  0  0
 18 19  2  0  0  0
 19 20  1  0  0  0
 20 21  1  0  0  0
M  END
$$$$
C12C3=C(c4c(cccc4)N3)CCN1Cc5c(N=2)cccc5
  -ISIS-

 21 25  0  0  0  0  0  0  0  0  1
    0.5398   -4.5975    1.8322  C  0  0  0  0  0
   -0.3681   -5.4875    2.5011  C  0  0  0  0  0
   -1.5325   -5.0991    3.1302  C  0  0  0  0  0
   -1.9407   -3.6713    3.1330  C  0  0  0  0  0
   -0.6939   -2.7778    2.9966  C  0  0  0  0  0
    0.2925   -3.2393    2.0008  N  0  0  0  0  0
    1.1399   -2.2934    1.4433  C  0  0  0  0  0
    2.2074   -2.8118    0.5681  C  0  0  0  0  0
    3.0704   -1.9415   -0.1090  C  0  0  0  0  0
    4.0755   -2.4628   -0.9224  C  0  0  0  0  0
    4.2155   -3.8442   -1.0529  C  0  0  0  0  0
    3.3509   -4.7041   -0.3694  C  0  0  0  0  0
    2.3390   -4.1949    0.4483  C  0  0  0  0  0
    1.4955   -5.0923    1.1159  N  0  0  0  0  0
   -2.1508   -6.2594    3.6649  C  0  0  0  0  0
   -3.3296   -6.5023    4.3959  C  0  0  0  0  0
   -3.6462   -7.8132    4.7708  C  0  0  0  0  0
   -2.8105   -8.8733    4.4258  C  0  0  0  0  0
   -1.6370   -8.6590    3.6967  C  0  0  0  0  0
   -1.3327   -7.3430    3.3297  C  0  0  0  0  0
   -0.2650   -6.8465    2.6137  N  0  0  0  0  0
  1  6  1  0  0  0
  1 14  2  0  0  0
  1  2  1  0  0  0
  2 21  1  0  0  0
  2  3  2  0  0  0
  3  4  1  0  0  0
  3 15  1  0  0  0
  4  5  1  0  0  0
  5  6  1  0  0  0
  6  7  1  0  0  0
  7  8  1  0  0  0
  8 13  2  0  0  0
  8  9  1  0  0  0
  9 10  2  0  0  0
 10 11  1  0  0  0
 11 12  2  0  0  0
 12 13  1  0  0  0
 13 14  1  0  0  0
 15 20  2  0  0  0
 15 16  1  0  0  0
 16 17  2  0  0  0
 17 18  1  0  0  0
 18 19  2  0  0  0
 19 20  1  0  0  0
 20 21  1  0  0  0
M  END
$$$$
C12C3=C(c4c(cccc4)N3)CCN1Cc5c(N=2)cccc5
  -ISIS-

 21 25  0  0  0  0  0  0  0  0  1
   -3.5124    4.1729    2.9703  C  0  0  0  0  0
   -2.3022    4.1169    3.6454  N  0  0  0  0  0
   -2.2366    3.3020    4.8736  C  0  0  0  0  0
   -0.8287    2.7955    5.2385  C  0  0  0  0  0
    0.1595    3.8869    5.0435  C  0  0  0  0  0
   -0.0887    4.8933    4.1338  C  0  0  0  0  0
   -1.2759    5.0016    3.3321  C  0  0  0  0  0
   -1.3166    5.8749    2.3798  N  0  0  0  0  0
   -2.4759    5.9275    1.5952  C  0  0  0  0  0
   -2.5276    6.8307    0.5306  C  0  0  0  0  0
   -3.6658    6.9171   -0.2764  C  0  0  0  0  0
   -4.7664    6.0988   -0.0233  C  0  0  0  0  0
   -4.7283    5.1934    1.0363  C  0  0  0  0  0
   -3.5818    5.1125    1.8360  C  0  0  0  0  0
    0.9950    5.7274    4.1266  N  0  0  0  0  0
    1.9318    5.2903    5.0377  C  0  0  0  0  0
    3.1765    5.8284    5.3755  C  0  0  0  0  0
    3.9274    5.1537    6.3438  C  0  0  0  0  0
    3.4623    3.9866    6.9529  C  0  0  0  0  0
    2.2124    3.4638    6.5996  C  0  0  0  0  0
    1.4313    4.1267    5.6283  C  0  0  0  0  0
  1 14  1  0  0  0
  1  2  1  0  0  0
  2  7  1  0  0  0
  2  3  1  0  0  0
  3  4  1  0  0  0
  4  5  1  0  0  0
  5 21  1  0  0  0
  5  6  2  0  0  0
  6  7  1  0  0  0
  6 15  1  0  0  0
  7  8  2  0  0  0
  8  9  1  0  0  0
  9 14  2  0  0  0
  9 10  1  0  0  0
 10 11  2  0  0  0
 11 12  1  0  0  0
 12 13  2  0  0  0
 13 14  1  0  0  0
 15 16  1  0  0  0
 16 21  2  0  0  0
 16 17  1  0  0  0
 17 18  2  0  0  0
 18 19  1  0  0  0
 19 20  2  0  0  0
 20 21  1  0  0  0
M  END
$$$$
C12C3=C(c4c(cccc4)N3)CCN1Cc5c(N=2)cccc5
  -ISIS-

 21 25  0  0  0  0  0  0  0  0  1
   -3.5124    4.1729    2.9703  C  0  0  0  0  0
   -2.3022    4.1169    3.6454  N  0  0  0  0  0
   -2.2366    3.3020    4.8736  C  0  0  0  0  0
   -0.8287    2.7955    5.2385  C  0  0  0  0  0
    0.1595    3.8869    5.0435  C  0  0  0  0  0
   -0.0887    4.8933    4.1338  C  0  0  0  0  0
   -1.2759    5.0016    3.3321  C  0  0  0  0  0
   -1.3166    5.8749    2.3798  N  0  0  0  0  0
   -2.4759    5.9275    1.5952  C  0  0  0  0  0
   -2.5276    6.8307    0.5306  C  0  0  0  0  0
   -3.6658    6.9171   -0.2764  C  0  0  0  0  0
   -4.7664    6.0988   -0.0233  C  0  0  0  0  0
   -4.7283    5.1934    1.0363  C  0  0  0  0  0
   -3.5818    5.1125    1.8360  C  0  0  0  0  0
    0.9950    5.7274    4.1266  N  0  0  0  0  0
    1.9318    5.2903    5.0377  C  0  0  0  0  0
    3.1765    5.8284    5.3755  C  0  0  0  0  0
    3.9274    5.1537    6.3438  C  0  0  0  0  0
    3.4623    3.9866    6.9529  C  0  0  0  0  0
    2.2124    3.4638    6.5996  C  0  0  0  0  0
    1.4313    4.1267    5.6283  C  0  0  0  0  0
  1 14  1  0  0  0
  1  2  1  0  0  0
  2  7  1  0  0  0
  2  3  1  0  0  0
  3  4  1  0  0  0
  4  5  1  0  0  0
  5 21  1  0  0  0
  5  6  2  0  0  0
  6  7  1  0  0  0
  6 15  1  0  0  0
  7  8  2  0  0  0
  8  9  1  0  0  0
  9 14  2  0  0  0
  9 10  1  0  0  0
 10 11  2  0  0  0
 11 12  1  0  0  0
 12 13  2  0  0  0
 13 14  1  0  0  0
 15 16  1  0  0  0
 16 21  2  0  0  0
 16 17  1  0  0  0
 17 18  2  0  0  0
 18 19  1  0  0  0
 19 20  2  0  0  0
 20 21  1  0  0  0
M  END
$$$$
C12C3=C(c4c(cccc4)N3)CCN1Cc5c(N=2)cccc5
  -ISIS-

 21 25  0  0  0  0  0  0  0  0  1
   -7.5981   -4.6557    1.1986  C  0  0  0  0  0
   -6.7972   -4.3755    2.2956  N  0  0  0  0  0
   -7.4202   -4.4235    3.6324  C  0  0  0  0  0
   -6.7154   -3.5719    4.7048  C  0  0  0  0  0
   -5.2446   -3.7407    4.5872  C  0  0  0  0  0
   -4.6793   -4.0821    3.3768  C  0  0  0  0  0
   -5.4138   -4.3198    2.1653  C  0  0  0  0  0
   -4.7693   -4.4454    1.0517  N  0  0  0  0  0
   -5.5202   -4.6395   -0.1150  C  0  0  0  0  0
   -4.8513   -4.7314   -1.3382  C  0  0  0  0  0
   -5.5617   -4.9264   -2.5263  C  0  0  0  0  0
   -6.9520   -5.0332   -2.5004  C  0  0  0  0  0
   -7.6318   -4.9440   -1.2864  C  0  0  0  0  0
   -6.9108   -4.7447   -0.1029  C  0  0  0  0  0
   -3.3229   -4.1234    3.5453  N  0  0  0  0  0
   -3.0010   -3.8392    4.8555  C  0  0  0  0  0
   -1.7461   -3.7784    5.4824  C  0  0  0  0  0
   -1.7120   -3.4528    6.8431  C  0  0  0  0  0
   -2.8972   -3.1980    7.5359  C  0  0  0  0  0
   -4.1432   -3.2604    6.8990  C  0  0  0  0  0
   -4.1978   -3.5903    5.5333  C  0  0  0  0  0
  1 14  1  0  0  0
  1  2  1  0  0  0
  2  7  1  0  0  0
  2  3  1  0  0  0
  3  4  1  0  0  0
  4  5  1  0  0  0
  5 21  1  0  0  0
  5  6  2  0  0  0
  6  7  1  0  0  0
  6 15  1  0  0  0
  7  8  2  0  0  0
  8  9  1  0  0  0
  9 14  2  0  0  0
  9 10  1  0  0  0
 10 11  2  0  0  0
 11 12  1  0  0  0
 12 13  2  0  0  0
 13 14  1  0  0  0
 15 16  1  0  0  0
 16 21  2  0  0  0
 16 17  1  0  0  0
 17 18  2  0  0  0
 18 19  1  0  0  0
 19 20  2  0  0  0
 20 21  1  0  0  0
M  END
$$$$
C12C3=C(c4c(cccc4)N3)CCN1Cc5c(N=2)cccc5
  -ISIS-

 21 25  0  0  0  0  0  0  0  0  1
   -7.5981   -4.6557    1.1986  C  0  0  0  0  0
   -6.7972   -4.3755    2.2956  N  0  0  0  0  0
   -7.4202   -4.4235    3.6324  C  0  0  0  0  0
   -6.7154   -3.5719    4.7048  C  0  0  0  0  0
   -5.2446   -3.7407    4.5872  C  0  0  0  0  0
   -4.6793   -4.0821    3.3768  C  0  0  0  0  0
   -5.4138   -4.3198    2.1653  C  0  0  0  0  0
   -4.7693   -4.4454    1.0517  N  0  0  0  0  0
   -5.5202   -4.6395   -0.1150  C  0  0  0  0  0
   -4.8513   -4.7314   -1.3382  C  0  0  0  0  0
   -5.5617   -4.9264   -2.5263  C  0  0  0  0  0
   -6.9520   -5.0332   -2.5004  C  0  0  0  0  0
   -7.6318   -4.9440   -1.2864  C  0  0  0  0  0
   -6.9108   -4.7447   -0.1029  C  0  0  0  0  0
   -3.3229   -4.1234    3.5453  N  0  0  0  0  0
   -3.0010   -3.8392    4.8555  C  0  0  0  0  0
   -1.7461   -3.7784    5.4824  C  0  0  0  0  0
   -1.7120   -3.4528    6.8431  C  0  0  0  0  0
   -2.8972   -3.1980    7.5359  C  0  0  0  0  0
   -4.1432   -3.2604    6.8990  C  0  0  0  0  0
   -4.1978   -3.5903    5.5333  C  0  0  0  0  0
  1 14  1  0  0  0
  1  2  1  0  0  0
  2  7  1  0  0  0
  2  3  1  0  0  0
  3  4  1  0  0  0
  4  5  1  0  0  0
  5 21  1  0  0  0
  5  6  2  0  0  0
  6  7  1  0  0  0
  6 15  1  0  0  0
  7  8  2  0  0  0
  8  9  1  0  0  0
  9 14  2  0  0  0
  9 10  1  0  0  0
 10 11  2  0  0  0
 11 12  1  0  0  0
 12 13  2  0  0  0
 13 14  1  0  0  0
 15 16  1  0  0  0
 16 21  2  0  0  0
 16 17  1  0  0  0
 17 18  2  0  0  0
 18 19  1  0  0  0
 19 20  2  0  0  0
 20 21  1  0  0  0
M  END
$$$$
C12C3=C(c4c(cccc4)N3)CCN1Cc5c(N=2)cccc5
  -ISIS-

 21 25  0  0  0  0  0  0  0  0  1
   -9.3214   -0.7722    3.2714  C  0  0  0  0  0
   -8.9885   -1.6284    2.2243  C  0  0  0  0  0
   -7.6981   -2.1564    2.1165  C  0  0  0  0  0
   -6.7656   -1.7945    3.0959  C  0  0  0  0  0
   -7.0788   -0.9389    4.1574  C  0  0  0  0  0
   -8.3830   -0.4147    4.2451  C  0  0  0  0  0
   -5.8988   -0.8021    4.9346  C  0  0  0  0  0
   -4.9124   -1.5688    4.3508  C  0  0  0  0  0
   -5.4413   -2.1518    3.2326  N  0  0  0  0  0
   -3.5677   -1.6899    4.8421  C  0  0  0  0  0
   -3.3243   -1.1253    6.0894  N  0  0  0  0  0
   -4.4436   -0.6558    6.9284  C  0  0  0  0  0
   -5.6037   -0.0045    6.1525  C  0  0  0  0  0
   -2.0740   -1.2325    6.6801  C  0  0  0  0  0
   -1.0158   -1.8458    5.8566  C  0  0  0  0  0
   -1.3714   -2.3486    4.6053  C  0  0  0  0  0
   -2.6806   -2.2812    4.1110  N  0  0  0  0  0
   -0.3835   -2.9419    3.8153  C  0  0  0  0  0
    0.9351   -3.0312    4.2708  C  0  0  0  0  0
    1.2774   -2.5272    5.5253  C  0  0  0  0  0
    0.3011   -1.9333    6.3240  C  0  0  0  0  0
  1  6  2  0  0  0
  1  2  1  0  0  0
  2  3  2  0  0  0
  3  4  1  0  0  0
  4  9  1  0  0  0
  4  5  2  0  0  0
  5  6  1  0  0  0
  5  7  1  0  0  0
  7 13  1  0  0  0
  7  8  2  0  0  0
  8  9  1  0  0  0
  8 10  1  0  0  0
 10 17  2  0  0  0
 10 11  1  0  0  0
 11 12  1  0  0  0
 11 14  1  0  0  0
 12 13  1  0  0  0
 14 15  1  0  0  0
 15 21  2  0  0  0
 15 16  1  0  0  0
 16 17  1  0  0  0
 16 18  2  0  0  0
 18 19  1  0  0  0
 19 20  2  0  0  0
 20 21  1  0  0  0
M  END
$$$$
C12C3=C(c4c(cccc4)N3)CCN1Cc5c(N=2)cccc5
  -ISIS-

 21 25  0  0  0  0  0  0  0  0  1
   -9.3214   -0.7722    3.2714  C  0  0  0  0  0
   -8.9885   -1.6284    2.2243  C  0  0  0  0  0
   -7.6981   -2.1564    2.1165  C  0  0  0  0  0
   -6.7656   -1.7945    3.0959  C  0  0  0  0  0
   -7.0788   -0.9389    4.1574  C  0  0  0  0  0
   -8.3830   -0.4147    4.2451  C  0  0  0  0  0
   -5.8988   -0.8021    4.9346  C  0  0  0  0  0
   -4.9124   -1.5688    4.3508  C  0  0  0  0  0
   -5.4413   -2.1518    3.2326  N  0  0  0  0  0
   -3.5677   -1.6899    4.8421  C  0  0  0  0  0
   -3.3243   -1.1253    6.0894  N  0  0  0  0  0
   -4.4436   -0.6558    6.9284  C  0  0  0  0  0
   -5.6037   -0.0045    6.1525  C  0  0  0  0  0
   -2.0740   -1.2325    6.6801  C  0  0  0  0  0
   -1.0158   -1.8458    5.8566  C  0  0  0  0  0
   -1.3714   -2.3486    4.6053  C  0  0  0  0  0
   -2.6806   -2.2812    4.1110  N  0  0  0  0  0
   -0.3835   -2.9419    3.8153  C  0  0  0  0  0
    0.9351   -3.0312    4.2708  C  0  0  0  0  0
    1.2774   -2.5272    5.5253  C  0  0  0  0  0
    0.3011   -1.9333    6.3240  C  0  0  0  0  0
  1  6  2  0  0  0
  1  2  1  0  0  0
  2  3  2  0  0  0
  3  4  1  0  0  0
  4  9  1  0  0  0
  4  5  2  0  0  0
  5  6  1  0  0  0
  5  7  1  0  0  0
  7 13  1  0  0  0
  7  8  2  0  0  0
  8  9  1  0  0  0
  8 10  1  0  0  0
 10 17  2  0  0  0
 10 11  1  0  0  0
 11 12  1  0  0  0
 11 14  1  0  0  0
 12 13  1  0  0  0
 14 15  1  0  0  0
 15 21  2  0  0  0
 15 16  1  0  0  0
 16 17  1  0  0  0
 16 18  2  0  0  0
 18 19  1  0  0  0
 19 20  2  0  0  0
 20 21  1  0  0  0
M  END
$$$$
C12C3=C(c4c(cccc4)N3)CCN1Cc5c(N=2)cccc5
  -ISIS-

 21 25  0  0  0  0  0  0  0  0  1
    0.6950   -5.3398    4.9141  C  0  0  0  0  0
    0.2369   -4.7308    3.6963  C  0  0  0  0  0
   -0.4281   -3.5251    3.6190  C  0  0  0  0  0
   -0.7395   -2.7630    4.8551  C  0  0  0  0  0
    0.2823   -3.1170    5.9517  C  0  0  0  0  0
    0.6043   -4.5529    6.0572  N  0  0  0  0  0
    1.0696   -5.0233    7.2761  C  0  0  0  0  0
    1.5226   -6.4263    7.3021  C  0  0  0  0  0
    1.9383   -7.0274    8.4963  C  0  0  0  0  0
    2.3707   -8.3528    8.4861  C  0  0  0  0  0
    2.3883   -9.0675    7.2887  C  0  0  0  0  0
    1.9744   -8.4565    6.1014  C  0  0  0  0  0
    1.5383   -7.1293    6.0976  C  0  0  0  0  0
    1.1342   -6.5553    4.8853  N  0  0  0  0  0
   -0.7142   -3.2677    2.2519  C  0  0  0  0  0
   -1.3582   -2.2204    1.5580  C  0  0  0  0  0
   -1.4743   -2.2863    0.1642  C  0  0  0  0  0
   -0.9575   -3.3836   -0.5274  C  0  0  0  0  0
   -0.3188   -4.4373    0.1350  C  0  0  0  0  0
   -0.2125   -4.3513    1.5258  C  0  0  0  0  0
    0.3481   -5.2293    2.4277  N  0  0  0  0  0
  1  6  1  0  0  0
  1 14  2  0  0  0
  1  2  1  0  0  0
  2 21  1  0  0  0
  2  3  2  0  0  0
  3  4  1  0  0  0
  3 15  1  0  0  0
  4  5  1  0  0  0
  5  6  1  0  0  0
  6  7  1  0  0  0
  7  8  1  0  0  0
  8 13  2  0  0  0
  8  9  1  0  0  0
  9 10  2  0  0  0
 10 11  1  0  0  0
 11 12  2  0  0  0
 12 13  1  0  0  0
 13 14  1  0  0  0
 15 20  2  0  0  0
 15 16  1  0  0  0
 16 17  2  0  0  0
 17 18  1  0  0  0
 18 19  2  0  0  0
 19 20  1  0  0  0
 20 21  1  0  0  0
M  END
$$$$
C12C3=C(c4c(cccc4)N3)CCN1Cc5c(N=2)cccc5
  -ISIS-

 21 25  0  0  0  0  0  0  0  0  1
    0.6950   -5.3398    4.9141  C  0  0  0  0  0
    0.2369   -4.7308    3.6963  C  0  0  0  0  0
   -0.4281   -3.5251    3.6190  C  0  0  0  0  0
   -0.7395   -2.7630    4.8551  C  0  0  0  0  0
    0.2823   -3.1170    5.9517  C  0  0  0  0  0
    0.6043   -4.5529    6.0572  N  0  0  0  0  0
    1.0696   -5.0233    7.2761  C  0  0  0  0  0
    1.5226   -6.4263    7.3021  C  0  0  0  0  0
    1.9383   -7.0274    8.4963  C  0  0  0  0  0
    2.3707   -8.3528    8.4861  C  0  0  0  0  0
    2.3883   -9.0675    7.2887  C  0  0  0  0  0
    1.9744   -8.4565    6.1014  C  0  0  0  0  0
    1.5383   -7.1293    6.0976  C  0  0  0  0  0
    1.1342   -6.5553    4.8853  N  0  0  0  0  0
   -0.7142   -3.2677    2.2519  C  0  0  0  0  0
   -1.3582   -2.2204    1.5580  C  0  0  0  0  0
   -1.4743   -2.2863    0.1642  C  0  0  0  0  0
   -0.9575   -3.3836   -0.5274  C  0  0  0  0  0
   -0.3188   -4.4373    0.1350  C  0  0  0  0  0
   -0.2125   -4.3513    1.5258  C  0  0  0  0  0
    0.3481   -5.2293    2.4277  N  0  0  0  0  0
  1  6  1  0  0  0
  1 14  2  0  0  0
  1  2  1  0  0  0
  2 21  1  0  0  0
  2  3  2  0  0  0
  3  4  1  0  0  0
  3 15  1  0  0  0
  4  5  1  0  0  0
  5  6  1  0  0  0
  6  7  1  0  0  0
  7  8  1  0  0  0
  8 13  2  0  0  0
  8  9  1  0  0  0
  9 10  2  0  0  0
 10 11  1  0  0  0
 11 12  2  0  0  0
 12 13  1  0  0  0
 13 14  1  0  0  0
 15 20  2  0  0  0
 15 16  1  0  0  0
 16 17  2  0  0  0
 17 18  1  0  0  0
 18 19  2  0  0  0
 19 20  1  0  0  0
 20 21  1  0  0  0
M  END
$$$$
