c12c3c(cccc3)Cc4[c]1[c](no2)ccc4
  -ISIS-

 16 19  0  0  0  0  0  0  0  0  1
   -3.0863    4.8864   -1.0257  C  0  0  0  0  0
   -3.7307    3.9413   -0.1849  C  0  0  0  0  0
   -5.0875    4.1569    0.1171  C  0  0  0  0  0
   -5.6633    5.3101   -0.4663  C  0  0  0  0  0
   -4.9180    6.2210   -1.2979  C  0  0  0  0  0
   -3.5619    6.0309   -1.6301  C  0  0  0  0  0
   -2.6377    6.8279   -2.4793  C  0  0  0  0  0
   -1.2196    6.3239   -2.6512  C  0  0  0  0  0
   -0.8038    5.1358   -1.9981  C  0  0  0  0  0
   -1.8094    4.4841   -1.2027  C  0  0  0  0  0
   -1.6180    3.3403   -0.5042  O  0  0  0  0  0
   -2.8195    2.9948    0.1410  N  0  0  0  0  0
    0.5009    4.6706   -2.1500  C  0  0  0  0  0
    1.3936    5.3870   -2.9512  C  0  0  0  0  0
    0.9865    6.5600   -3.5965  C  0  0  0  0  0
   -0.3195    7.0323   -3.4490  C  0  0  0  0  0
  1 10  2  0  0  0
  1  6  1  0  0  0
  1  2  2  0  0  0
  2 12  2  0  0  0
  2  3  1  0  0  0
  3  4  2  0  0  0
  4  5  1  0  0  0
  5  6  2  0  0  0
  6  7  1  0  0  0
  7  8  1  0  0  0
  8 16  2  0  0  0
  8  9  1  0  0  0
  9 10  1  0  0  0
  9 13  2  0  0  0
 10 11  1  0  0  0
 11 12  1  0  0  0
 13 14  1  0  0  0
 14 15  2  0  0  0
 15 16  1  0  0  0
M  END
$$$$
