C12C(=NC=NN1)CNCN=2
  -ISIS-

 10 11  0  0  0  0  0  0  0  0  1
   -1.0271  -10.0062   -0.8138  C  0  0  0  0  0
   -1.6013   -9.4058    0.1739  N  0  0  0  0  0
   -1.2178   -9.5908    1.4744  C  0  0  0  0  0
   -0.1151  -10.3843    1.7736  N  0  0  0  0  0
    0.5336  -11.1790    0.8521  C  0  0  0  0  0
    0.1049  -10.9431   -0.5634  C  0  0  0  0  0
    0.7170  -11.5379   -1.5423  N  0  0  0  0  0
    0.2906  -11.2832   -2.8215  C  0  0  0  0  0
   -0.6885  -10.4961   -3.1532  N  0  0  0  0  0
   -1.3652   -9.8666   -2.1431  N  0  0  0  0  0
  1  6  1  0  0  0
  1 10  1  0  0  0
  1  2  2  0  0  0
  2  3  1  0  0  0
  3  4  1  0  0  0
  4  5  1  0  0  0
  5  6  1  0  0  0
  6  7  2  0  0  0
  7  8  1  0  0  0
  8  9  2  0  0  0
  9 10  1  0  0  0
M  END
$$$$
