c12c3c(ccc1OCO2)CC4c5c(C3CN4)cccc5
  -ISIS-

 20 24  0  0  0  0  0  0  0  0  1
   -1.6611    3.0359   -1.9175  N  0  0  0  0  0
   -0.7904    3.1619   -3.0834  C  0  0  0  0  0
    0.5254    2.3430   -2.9867  C  0  0  0  0  0
    0.2854    0.8460   -2.9770  C  0  0  0  0  0
    0.7957    0.0578   -4.0030  C  0  0  0  0  0
    0.6067   -1.3043   -4.0513  C  0  0  0  0  0
   -0.1008   -1.9725   -3.0812  C  0  0  0  0  0
   -0.6308   -1.2174   -2.0337  C  0  0  0  0  0
   -0.4527    0.1898   -1.9663  C  0  0  0  0  0
   -1.0714    0.8987   -0.7696  C  0  0  0  0  0
   -1.0324    2.4630   -0.6762  C  0  0  0  0  0
    0.4508    2.8999   -0.5609  C  0  0  0  0  0
    1.2372    2.7918   -1.7276  C  0  0  0  0  0
    2.6044    3.0843   -1.7081  C  0  0  0  0  0
    3.2003    3.5093   -0.5247  C  0  0  0  0  0
    2.4368    3.6347    0.6344  C  0  0  0  0  0
    1.0731    3.3275    0.6222  C  0  0  0  0  0
    1.1879   -1.8794   -5.1375  O  0  0  0  0  0
    1.7597   -0.7258   -5.7812  C  0  0  0  0  0
    1.5257    0.5039   -5.0658  O  0  0  0  0  0
  1 11  1  0  0  0
  1  2  1  0  0  0
  2  3  1  0  0  0
  3 13  1  0  0  0
  3  4  1  0  0  0
  4  9  2  0  0  0
  4  5  1  0  0  0
  5 20  1  0  0  0
  5  6  2  0  0  0
  6  7  1  0  0  0
  6 18  1  0  0  0
  7  8  2  0  0  0
  8  9  1  0  0  0
  9 10  1  0  0  0
 10 11  1  0  0  0
 11 12  1  0  0  0
 12 17  2  0  0  0
 12 13  2  0  0  0
 13 14  2  0  0  0
 14 15  1  0  0  0
 15 16  2  0  0  0
 16 17  1  0  0  0
 18 19  1  0  0  0
 19 20  1  0  0  0
M  END
$$$$
c12c3c(ccc1OCO2)CC4c5c(C3CN4)cccc5
  -ISIS-

 20 24  0  0  0  0  0  0  0  0  1
   -1.6611    3.0359   -1.9175  N  0  0  0  0  0
   -0.7904    3.1619   -3.0834  C  0  0  0  0  0
    0.5254    2.3430   -2.9867  C  0  0  0  0  0
    0.2854    0.8460   -2.9770  C  0  0  0  0  0
    0.7957    0.0578   -4.0030  C  0  0  0  0  0
    0.6067   -1.3043   -4.0513  C  0  0  0  0  0
   -0.1008   -1.9725   -3.0812  C  0  0  0  0  0
   -0.6308   -1.2174   -2.0337  C  0  0  0  0  0
   -0.4527    0.1898   -1.9663  C  0  0  0  0  0
   -1.0714    0.8987   -0.7696  C  0  0  0  0  0
   -1.0324    2.4630   -0.6762  C  0  0  0  0  0
    0.4508    2.8999   -0.5609  C  0  0  0  0  0
    1.2372    2.7918   -1.7276  C  0  0  0  0  0
    2.6044    3.0843   -1.7081  C  0  0  0  0  0
    3.2003    3.5093   -0.5247  C  0  0  0  0  0
    2.4368    3.6347    0.6344  C  0  0  0  0  0
    1.0731    3.3275    0.6222  C  0  0  0  0  0
    1.1879   -1.8794   -5.1375  O  0  0  0  0  0
    1.7597   -0.7258   -5.7812  C  0  0  0  0  0
    1.5257    0.5039   -5.0658  O  0  0  0  0  0
  1 11  1  0  0  0
  1  2  1  0  0  0
  2  3  1  0  0  0
  3 13  1  0  0  0
  3  4  1  0  0  0
  4  9  2  0  0  0
  4  5  1  0  0  0
  5 20  1  0  0  0
  5  6  2  0  0  0
  6  7  1  0  0  0
  6 18  1  0  0  0
  7  8  2  0  0  0
  8  9  1  0  0  0
  9 10  1  0  0  0
 10 11  1  0  0  0
 11 12  1  0  0  0
 12 17  2  0  0  0
 12 13  2  0  0  0
 13 14  2  0  0  0
 14 15  1  0  0  0
 15 16  2  0  0  0
 16 17  1  0  0  0
 18 19  1  0  0  0
 19 20  1  0  0  0
M  END
$$$$
c12c3c(ccc1OCO2)CC4c5c(C3CN4)cccc5
  -ISIS-

 20 24  0  0  0  0  0  0  0  0  1
   -1.6611    3.0359   -1.9175  N  0  0  0  0  0
   -0.7904    3.1619   -3.0834  C  0  0  0  0  0
    0.5254    2.3430   -2.9867  C  0  0  0  0  0
    0.2854    0.8460   -2.9770  C  0  0  0  0  0
    0.7957    0.0578   -4.0030  C  0  0  0  0  0
    0.6067   -1.3043   -4.0513  C  0  0  0  0  0
   -0.1008   -1.9725   -3.0812  C  0  0  0  0  0
   -0.6308   -1.2174   -2.0337  C  0  0  0  0  0
   -0.4527    0.1898   -1.9663  C  0  0  0  0  0
   -1.0714    0.8987   -0.7696  C  0  0  0  0  0
   -1.0324    2.4630   -0.6762  C  0  0  0  0  0
    0.4508    2.8999   -0.5609  C  0  0  0  0  0
    1.2372    2.7918   -1.7276  C  0  0  0  0  0
    2.6044    3.0843   -1.7081  C  0  0  0  0  0
    3.2003    3.5093   -0.5247  C  0  0  0  0  0
    2.4368    3.6347    0.6344  C  0  0  0  0  0
    1.0731    3.3275    0.6222  C  0  0  0  0  0
    1.1879   -1.8794   -5.1375  O  0  0  0  0  0
    1.7597   -0.7258   -5.7812  C  0  0  0  0  0
    1.5257    0.5039   -5.0658  O  0  0  0  0  0
  1 11  1  0  0  0
  1  2  1  0  0  0
  2  3  1  0  0  0
  3 13  1  0  0  0
  3  4  1  0  0  0
  4  9  2  0  0  0
  4  5  1  0  0  0
  5 20  1  0  0  0
  5  6  2  0  0  0
  6  7  1  0  0  0
  6 18  1  0  0  0
  7  8  2  0  0  0
  8  9  1  0  0  0
  9 10  1  0  0  0
 10 11  1  0  0  0
 11 12  1  0  0  0
 12 17  2  0  0  0
 12 13  2  0  0  0
 13 14  2  0  0  0
 14 15  1  0  0  0
 15 16  2  0  0  0
 16 17  1  0  0  0
 18 19  1  0  0  0
 19 20  1  0  0  0
M  END
$$$$
