c12c(Sc3c(cccc3)N1)cc[c]4[c]2cccc4
  -ISIS-

 18 21  0  0  0  0  0  0  0  0  1
    0.5592   -5.0730    0.5435  N  0  0  0  0  0
    1.9632   -5.2545    0.4842  C  0  0  0  0  0
    2.8032   -4.7797    1.5101  C  0  0  0  0  0
    2.1348   -4.0358    2.9866  S  0  0  0  0  0
    0.5437   -3.4729    2.4037  C  0  0  0  0  0
   -0.1052   -2.5073    3.1763  C  0  0  0  0  0
   -1.3572   -2.0327    2.8016  C  0  0  0  0  0
   -1.9577   -2.4643    1.6161  C  0  0  0  0  0
   -1.3072   -3.4252    0.7989  C  0  0  0  0  0
   -0.0736   -4.0056    1.2486  C  0  0  0  0  0
   -1.9114   -3.7038   -0.4536  C  0  0  0  0  0
   -3.1316   -3.1409   -0.8361  C  0  0  0  0  0
   -3.7795   -2.2580    0.0139  C  0  0  0  0  0
   -3.1898   -1.9134    1.2272  C  0  0  0  0  0
    4.1901   -4.9656    1.4366  C  0  0  0  0  0
    4.7579   -5.6080    0.3386  C  0  0  0  0  0
    3.9435   -6.0668   -0.6906  C  0  0  0  0  0
    2.5598   -5.8886   -0.6200  C  0  0  0  0  0
  1 10  1  0  0  0
  1  2  1  0  0  0
  2 18  2  0  0  0
  2  3  1  0  0  0
  3  4  1  0  0  0
  3 15  2  0  0  0
  4  5  1  0  0  0
  5 10  2  0  0  0
  5  6  1  0  0  0
  6  7  2  0  0  0
  7  8  1  0  0  0
  8 14  1  0  0  0
  8  9  2  0  0  0
  9 10  1  0  0  0
  9 11  1  0  0  0
 11 12  2  0  0  0
 12 13  1  0  0  0
 13 14  2  0  0  0
 15 16  1  0  0  0
 16 17  2  0  0  0
 17 18  1  0  0  0
M  END
$$$$
