c12c(OCCO1)cc3c(OCC=C3)c2
  -ISIS-

 14 16  0  0  0  0  0  0  0  0  1
    0.0426   -1.1487    7.1753  C  0  0  0  0  0
    1.3949   -1.6496    6.7323  C  0  0  0  0  0
    1.7873   -1.4783    5.4629  C  0  0  0  0  0
    0.9169   -0.8432    4.4874  C  0  0  0  0  0
    1.3089   -0.6531    3.1601  C  0  0  0  0  0
    0.4360   -0.0389    2.2591  C  0  0  0  0  0
    0.8988    0.1337    0.9792  O  0  0  0  0  0
    0.0820    1.0552    0.2470  C  0  0  0  0  0
   -1.3919    0.7496    0.4552  C  0  0  0  0  0
   -1.7568    0.9357    1.8277  O  0  0  0  0  0
   -0.8422    0.3596    2.6711  C  0  0  0  0  0
   -1.2338    0.1854    3.9948  C  0  0  0  0  0
   -0.3472   -0.4164    4.8853  C  0  0  0  0  0
   -0.7785   -0.5774    6.2135  O  0  0  0  0  0
  1 14  1  0  0  0
  1  2  1  0  0  0
  2  3  2  0  0  0
  3  4  1  0  0  0
  4 13  2  0  0  0
  4  5  1  0  0  0
  5  6  2  0  0  0
  6 11  1  0  0  0
  6  7  1  0  0  0
  7  8  1  0  0  0
  8  9  1  0  0  0
  9 10  1  0  0  0
 10 11  1  0  0  0
 11 12  2  0  0  0
 12 13  1  0  0  0
 13 14  1  0  0  0
M  END
$$$$
