c12c(C3c4c(C1C5C3CNC5)cc[c]6[c]4cccc6)cc[c]7[c]2cccc7
  -ISIS-

 27 33  0  0  0  0  0  0  0  0  1
    2.9164   -1.3582   -1.5467  C  0  0  0  0  0
    3.7977   -0.8619   -2.5478  C  0  0  0  0  0
    3.6377   -1.5238   -3.9176  C  0  0  0  0  0
    2.1648   -1.3487   -4.3583  C  0  0  0  0  0
    1.7514    0.0877   -4.5203  C  0  0  0  0  0
    0.6887    0.3379   -3.6990  N  0  0  0  0  0
    0.3499   -0.7196   -2.9041  C  0  0  0  0  0
    1.2040   -1.8996   -3.2717  C  0  0  0  0  0
    2.0045   -2.4696   -2.0771  C  0  0  0  0  0
    2.9110   -3.5376   -2.7039  C  0  0  0  0  0
    3.7989   -3.0378   -3.7055  C  0  0  0  0  0
    4.6860   -3.8987   -4.3782  C  0  0  0  0  0
    4.6656   -5.2721   -4.0210  C  0  0  0  0  0
    3.7829   -5.7374   -3.0230  C  0  0  0  0  0
    2.9055   -4.8788   -2.3610  C  0  0  0  0  0
    5.5333   -6.1667   -4.6678  C  0  0  0  0  0
    6.4139   -5.7278   -5.6561  C  0  0  0  0  0
    6.4404   -4.3852   -6.0120  C  0  0  0  0  0
    5.5864   -3.4786   -5.3806  C  0  0  0  0  0
    4.7100    0.1393   -2.2608  C  0  0  0  0  0
    4.7443    0.6598   -0.9679  C  0  0  0  0  0
    3.8744    0.1957    0.0400  C  0  0  0  0  0
    3.9282    0.7517    1.3283  C  0  0  0  0  0
    3.0711    0.3144    2.3374  C  0  0  0  0  0
    2.1447   -0.6857    2.0711  C  0  0  0  0  0
    2.0760   -1.2523    0.7965  C  0  0  0  0  0
    2.9357   -0.8301   -0.2407  C  0  0  0  0  0
  1  9  1  0  0  0
  1 27  2  0  0  0
  1  2  1  0  0  0
  2  3  1  0  0  0
  2 20  2  0  0  0
  3 11  1  0  0  0
  3  4  1  0  0  0
  4  8  1  0  0  0
  4  5  1  0  0  0
  5  6  1  0  0  0
  6  7  1  0  0  0
  7  8  1  0  0  0
  8  9  1  0  0  0
  9 10  1  0  0  0
 10 15  2  0  0  0
 10 11  1  0  0  0
 11 12  2  0  0  0
 12 19  1  0  0  0
 12 13  2  0  0  0
 13 14  2  0  0  0
 13 16  1  0  0  0
 14 15  1  0  0  0
 16 17  2  0  0  0
 17 18  1  0  0  0
 18 19  2  0  0  0
 20 21  1  0  0  0
 21 22  2  0  0  0
 22 27  2  0  0  0
 22 23  1  0  0  0
 23 24  2  0  0  0
 24 25  1  0  0  0
 25 26  2  0  0  0
 26 27  1  0  0  0
M  END
$$$$
