C12c3c([s]cc3)CCC=1CCSO2
  -ISIS-

 13 15  0  0  0  0  0  0  0  0  1
   -2.9454   -3.6055   -2.9202  C  0  0  0  0  0
   -3.6269   -4.7258   -2.1392  C  0  0  0  0  0
   -3.9036   -4.1740   -0.4871  S  0  0  0  0  0
   -4.8964   -2.9442   -0.8675  O  0  0  0  0  0
   -4.5451   -2.0174   -1.8235  C  0  0  0  0  0
   -3.6344   -2.2552   -2.7980  C  0  0  0  0  0
   -3.1725   -1.0981   -3.6903  C  0  0  0  0  0
   -4.1363    0.1035   -3.8127  C  0  0  0  0  0
   -4.9701    0.2448   -2.5884  C  0  0  0  0  0
   -5.1854   -0.7495   -1.6615  C  0  0  0  0  0
   -6.0567   -0.3244   -0.6192  C  0  0  0  0  0
   -6.4685    0.9806   -0.7980  C  0  0  0  0  0
   -5.8080    1.6774   -2.2168  S  0  0  0  0  0
  1  6  1  0  0  0
  1  2  1  0  0  0
  2  3  1  0  0  0
  3  4  1  0  0  0
  4  5  1  0  0  0
  5 10  1  0  0  0
  5  6  2  0  0  0
  6  7  1  0  0  0
  7  8  1  0  0  0
  8  9  1  0  0  0
  9 13  1  0  0  0
  9 10  2  0  0  0
 10 11  1  0  0  0
 11 12  2  0  0  0
 12 13  1  0  0  0
M  END
$$$$
