c12C34C=CCCC3N(Cc1cc5c(OCO5)c2)CC4
  -ISIS-

 19 23  0  0  0  0  0  0  0  0  1
    3.8744    1.5913    7.1131  C  0  0  0  0  0
    4.6893    2.6734    6.8311  C  0  0  0  0  0
    4.3021    3.6410    5.9294  C  0  0  0  0  0
    3.0990    3.5990    5.2523  C  0  0  0  0  0
    2.2398    2.5186    5.4897  C  0  0  0  0  0
    2.6319    1.5184    6.4445  C  0  0  0  0  0
    1.7248    0.3350    6.7331  C  0  0  0  0  0
    0.3642    0.4519    6.0643  N  0  0  0  0  0
    0.5859    0.8780    4.6243  C  0  0  0  0  0
    0.8599    2.3892    4.8125  C  0  0  0  0  0
    0.6746    3.1297    3.5118  C  0  0  0  0  0
    0.1136    2.5730    2.4235  C  0  0  0  0  0
   -0.4291    1.1686    2.3569  C  0  0  0  0  0
   -0.6258    0.5691    3.7571  C  0  0  0  0  0
   -0.2178    2.7975    5.8397  C  0  0  0  0  0
   -0.4670    1.5556    6.6955  C  0  0  0  0  0
    5.2252    4.6308    5.7851  O  0  0  0  0  0
    6.2506    4.1869    6.6915  C  0  0  0  0  0
    5.9150    2.9525    7.3552  O  0  0  0  0  0
  1  6  2  0  0  0
  1  2  1  0  0  0
  2 19  1  0  0  0
  2  3  2  0  0  0
  3  4  1  0  0  0
  3 17  1  0  0  0
  4  5  2  0  0  0
  5 10  1  0  0  0
  5  6  1  0  0  0
  6  7  1  0  0  0
  7  8  1  0  0  0
  8 16  1  0  0  0
  8  9  1  0  0  0
  9 14  1  0  0  0
  9 10  1  0  0  0
 10 11  1  0  0  0
 10 15  1  0  0  0
 11 12  2  0  0  0
 12 13  1  0  0  0
 13 14  1  0  0  0
 15 16  1  0  0  0
 17 18  1  0  0  0
 18 19  1  0  0  0
M  END
$$$$
