c12c(o[c]3[c]1cccc3)C4N(Cc5c(cccc5)N4)CC2
  -ISIS-

 21 25  0  0  0  0  0  0  0  0  1
   -2.3234   -2.0430   -1.2810  C  0  0  0  0  0
   -2.5047   -2.2879   -2.7290  N  0  0  0  0  0
   -2.7427   -3.6444   -3.2685  C  0  0  0  0  0
   -2.1033   -4.8104   -2.4911  C  0  0  0  0  0
   -2.3540   -4.6194   -1.0479  C  0  0  0  0  0
   -2.4622   -3.3443   -0.5425  C  0  0  0  0  0
   -2.6838   -3.3656    0.7991  O  0  0  0  0  0
   -2.7311   -4.6844    1.1535  C  0  0  0  0  0
   -2.9463   -5.1635    2.4436  C  0  0  0  0  0
   -2.9553   -6.5533    2.6017  C  0  0  0  0  0
   -2.7569   -7.4062    1.5125  C  0  0  0  0  0
   -2.5419   -6.8968    0.2235  C  0  0  0  0  0
   -2.5295   -5.5030    0.0417  C  0  0  0  0  0
   -2.7087   -1.2195   -3.5966  C  0  0  0  0  0
   -3.0207    0.0911   -2.9831  C  0  0  0  0  0
   -3.3285    0.1199   -1.6174  C  0  0  0  0  0
   -3.7703    1.3222   -1.0582  C  0  0  0  0  0
   -3.8294    2.4858   -1.8317  C  0  0  0  0  0
   -3.4797    2.4518   -3.1816  C  0  0  0  0  0
   -3.0859    1.2491   -3.7651  C  0  0  0  0  0
   -3.3135   -1.0567   -0.8591  N  0  0  0  0  0
  1  6  1  0  0  0
  1 21  1  0  0  0
  1  2  1  0  0  0
  2  3  1  0  0  0
  2 14  1  0  0  0
  3  4  1  0  0  0
  4  5  1  0  0  0
  5 13  1  0  0  0
  5  6  2  0  0  0
  6  7  1  0  0  0
  7  8  1  0  0  0
  8 13  2  0  0  0
  8  9  1  0  0  0
  9 10  2  0  0  0
 10 11  1  0  0  0
 11 12  2  0  0  0
 12 13  1  0  0  0
 14 15  1  0  0  0
 15 20  2  0  0  0
 15 16  1  0  0  0
 16 17  2  0  0  0
 16 21  1  0  0  0
 17 18  1  0  0  0
 18 19  2  0  0  0
 19 20  1  0  0  0
M  END
$$$$
c12c(o[c]3[c]1cccc3)C4N(Cc5c(cccc5)N4)CC2
  -ISIS-

 21 25  0  0  0  0  0  0  0  0  1
   -2.3234   -2.0430   -1.2810  C  0  0  0  0  0
   -2.5047   -2.2879   -2.7290  N  0  0  0  0  0
   -2.7427   -3.6444   -3.2685  C  0  0  0  0  0
   -2.1033   -4.8104   -2.4911  C  0  0  0  0  0
   -2.3540   -4.6194   -1.0479  C  0  0  0  0  0
   -2.4622   -3.3443   -0.5425  C  0  0  0  0  0
   -2.6838   -3.3656    0.7991  O  0  0  0  0  0
   -2.7311   -4.6844    1.1535  C  0  0  0  0  0
   -2.9463   -5.1635    2.4436  C  0  0  0  0  0
   -2.9553   -6.5533    2.6017  C  0  0  0  0  0
   -2.7569   -7.4062    1.5125  C  0  0  0  0  0
   -2.5419   -6.8968    0.2235  C  0  0  0  0  0
   -2.5295   -5.5030    0.0417  C  0  0  0  0  0
   -2.7087   -1.2195   -3.5966  C  0  0  0  0  0
   -3.0207    0.0911   -2.9831  C  0  0  0  0  0
   -3.3285    0.1199   -1.6174  C  0  0  0  0  0
   -3.7703    1.3222   -1.0582  C  0  0  0  0  0
   -3.8294    2.4858   -1.8317  C  0  0  0  0  0
   -3.4797    2.4518   -3.1816  C  0  0  0  0  0
   -3.0859    1.2491   -3.7651  C  0  0  0  0  0
   -3.3135   -1.0567   -0.8591  N  0  0  0  0  0
  1  6  1  0  0  0
  1 21  1  0  0  0
  1  2  1  0  0  0
  2  3  1  0  0  0
  2 14  1  0  0  0
  3  4  1  0  0  0
  4  5  1  0  0  0
  5 13  1  0  0  0
  5  6  2  0  0  0
  6  7  1  0  0  0
  7  8  1  0  0  0
  8 13  2  0  0  0
  8  9  1  0  0  0
  9 10  2  0  0  0
 10 11  1  0  0  0
 11 12  2  0  0  0
 12 13  1  0  0  0
 14 15  1  0  0  0
 15 20  2  0  0  0
 15 16  1  0  0  0
 16 17  2  0  0  0
 16 21  1  0  0  0
 17 18  1  0  0  0
 18 19  2  0  0  0
 19 20  1  0  0  0
M  END
$$$$
