c12c(C3c4c(C1CC3)cccc4)cc[c]5[c]2cccc5
  -ISIS-

 20 24  0  0  0  0  0  0  0  0  1
    5.7495   -6.7117   -5.8660  C  0  0  0  0  0
    5.1844   -5.3016   -5.5564  C  0  0  0  0  0
    5.2532   -4.9360   -4.1918  C  0  0  0  0  0
    5.8595   -6.0212   -3.2849  C  0  0  0  0  0
    5.0001   -7.2995   -3.5584  C  0  0  0  0  0
    4.9387   -7.7188   -4.9337  C  0  0  0  0  0
    4.2087   -8.9152   -5.2738  C  0  0  0  0  0
    3.5253   -9.5941   -4.2216  C  0  0  0  0  0
    3.5920   -9.1344   -2.9024  C  0  0  0  0  0
    4.3294   -8.0092   -2.5657  C  0  0  0  0  0
    2.7707  -10.7566   -4.4652  C  0  0  0  0  0
    2.6715  -11.3042   -5.7374  C  0  0  0  0  0
    3.3399  -10.6941   -6.7808  C  0  0  0  0  0
    4.0910   -9.5334   -6.5491  C  0  0  0  0  0
    7.2924   -6.4041   -3.8036  C  0  0  0  0  0
    7.2295   -6.7842   -5.3273  C  0  0  0  0  0
    4.7775   -3.6880   -3.7787  C  0  0  0  0  0
    4.2275   -2.8079   -4.7112  C  0  0  0  0  0
    4.1515   -3.1685   -6.0559  C  0  0  0  0  0
    4.6286   -4.4104   -6.4798  C  0  0  0  0  0
  1  6  1  0  0  0
  1 16  1  0  0  0
  1  2  1  0  0  0
  2 20  2  0  0  0
  2  3  1  0  0  0
  3  4  1  0  0  0
  3 17  2  0  0  0
  4  5  1  0  0  0
  4 15  1  0  0  0
  5 10  2  0  0  0
  5  6  1  0  0  0
  6  7  2  0  0  0
  7 14  1  0  0  0
  7  8  2  0  0  0
  8  9  2  0  0  0
  8 11  1  0  0  0
  9 10  1  0  0  0
 11 12  2  0  0  0
 12 13  1  0  0  0
 13 14  2  0  0  0
 15 16  1  0  0  0
 17 18  1  0  0  0
 18 19  2  0  0  0
 19 20  1  0  0  0
M  END
$$$$
