c12c(cccc1)CC3N(C2)CC=CC3
  -ISIS-

 14 16  0  0  0  0  0  0  0  0  1
    5.8451    1.6722    1.3025  C  0  0  0  0  0
    6.8560    2.3247    0.4512  C  0  0  0  0  0
    7.3516    1.6497   -0.6748  C  0  0  0  0  0
    8.2767    2.2711   -1.5139  C  0  0  0  0  0
    8.7095    3.5643   -1.2322  C  0  0  0  0  0
    8.2214    4.2326   -0.1079  C  0  0  0  0  0
    7.2907    3.6124    0.7403  C  0  0  0  0  0
    6.8395    4.3249    1.9538  C  0  0  0  0  0
    5.9317    3.6833    2.7907  N  0  0  0  0  0
    5.0986    2.5479    2.3158  C  0  0  0  0  0
    4.7191    1.6028    3.4888  C  0  0  0  0  0
    4.4533    2.3005    4.7853  C  0  0  0  0  0
    4.8009    3.5778    4.9779  C  0  0  0  0  0
    5.4753    4.4574    3.9616  C  0  0  0  0  0
  1 10  1  0  0  0
  1  2  1  0  0  0
  2  7  2  0  0  0
  2  3  1  0  0  0
  3  4  2  0  0  0
  4  5  1  0  0  0
  5  6  2  0  0  0
  6  7  1  0  0  0
  7  8  1  0  0  0
  8  9  1  0  0  0
  9 14  1  0  0  0
  9 10  1  0  0  0
 10 11  1  0  0  0
 11 12  1  0  0  0
 12 13  2  0  0  0
 13 14  1  0  0  0
M  END
$$$$
