c12c(c[c]3[c](c1)cncc3)C4C=CC2CC4
  -ISIS-

 16 19  0  0  0  0  0  0  0  0  1
   -1.8648    3.8023    1.1737  C  0  0  0  0  0
   -1.2351    5.0403    1.2539  C  0  0  0  0  0
   -0.0353    5.1606    2.0057  C  0  0  0  0  0
    0.4636    4.0814    2.7242  C  0  0  0  0  0
   -0.1932    2.8290    2.6738  C  0  0  0  0  0
    0.2576    1.6697    3.3262  C  0  0  0  0  0
   -0.3504    0.4601    3.2927  N  0  0  0  0  0
   -1.4688    0.3749    2.5503  C  0  0  0  0  0
   -2.0021    1.4378    1.8432  C  0  0  0  0  0
   -1.3688    2.6916    1.8923  C  0  0  0  0  0
    0.6201    6.5366    1.8911  C  0  0  0  0  0
    0.8847    6.7385    0.3709  C  0  0  0  0  0
   -0.4593    6.6338   -0.4194  C  0  0  0  0  0
   -1.6395    6.3594    0.5648  C  0  0  0  0  0
   -1.5730    7.5042    1.5886  C  0  0  0  0  0
   -0.4161    7.5821    2.2778  C  0  0  0  0  0
  1 10  2  0  0  0
  1  2  1  0  0  0
  2 14  1  0  0  0
  2  3  2  0  0  0
  3  4  1  0  0  0
  3 11  1  0  0  0
  4  5  2  0  0  0
  5 10  2  0  0  0
  5  6  1  0  0  0
  6  7  2  0  0  0
  7  8  1  0  0  0
  8  9  2  0  0  0
  9 10  1  0  0  0
 11 16  1  0  0  0
 11 12  1  0  0  0
 12 13  1  0  0  0
 13 14  1  0  0  0
 14 15  1  0  0  0
 15 16  2  0  0  0
M  END
$$$$
