c12c3c(cccc3)C[n]4[c]1[c]([c]5[c]4cccc5)ccn2
  -ISIS-

 20 24  0  0  0  0  0  0  0  0  1
   -7.2494   -2.8556    5.5651  C  0  0  0  0  0
   -6.6055   -1.6681    5.9635  N  0  0  0  0  0
   -6.9384   -0.4881    5.3438  C  0  0  0  0  0
   -7.8737   -0.3404    4.3333  C  0  0  0  0  0
   -8.5773   -1.5371    3.8735  C  0  0  0  0  0
   -8.2812   -2.7917    4.4720  C  0  0  0  0  0
   -8.9305   -3.9606    4.0623  C  0  0  0  0  0
   -9.8854   -3.8950    3.0488  C  0  0  0  0  0
  -10.1891   -2.6711    2.4494  C  0  0  0  0  0
   -9.5408   -1.5010    2.8576  C  0  0  0  0  0
   -8.0850    0.8950    3.8286  N  0  0  0  0  0
   -7.3679    1.9283    4.3395  C  0  0  0  0  0
   -6.4170    1.8274    5.3553  C  0  0  0  0  0
   -6.1991    0.5448    5.8778  C  0  0  0  0  0
   -5.3655   -0.0394    6.8819  C  0  0  0  0  0
   -5.6346   -1.4189    6.9193  C  0  0  0  0  0
   -4.9712   -2.2786    7.8101  C  0  0  0  0  0
   -4.0208   -1.7287    8.6746  C  0  0  0  0  0
   -3.7371   -0.3668    8.6553  C  0  0  0  0  0
   -4.4005    0.4861    7.7672  C  0  0  0  0  0
  1  6  1  0  0  0
  1  2  1  0  0  0
  2 16  1  0  0  0
  2  3  1  0  0  0
  3 14  2  0  0  0
  3  4  2  0  0  0
  4  5  1  0  0  0
  4 11  2  0  0  0
  5 10  2  0  0  0
  5  6  2  0  0  0
  6  7  2  0  0  0
  7  8  1  0  0  0
  8  9  2  0  0  0
  9 10  1  0  0  0
 11 12  1  0  0  0
 12 13  2  0  0  0
 13 14  1  0  0  0
 14 15  1  0  0  0
 15 20  2  0  0  0
 15 16  1  0  0  0
 16 17  2  0  0  0
 17 18  1  0  0  0
 18 19  2  0  0  0
 19 20  1  0  0  0
M  END
$$$$
