C12C(=CCNN=1)Cc3c2cccc3
  -ISIS-

 13 15  0  0  0  0  0  0  0  0  1
   -5.9808    4.1221    1.5111  N  0  0  0  0  0
   -6.6390    3.0661    2.1432  C  0  0  0  0  0
   -5.7944    2.1095    2.9017  C  0  0  0  0  0
   -4.4796    2.3018    2.9568  C  0  0  0  0  0
   -3.3634    1.5543    3.6184  C  0  0  0  0  0
   -2.1569    2.3711    3.2482  C  0  0  0  0  0
   -2.4983    3.4758    2.4582  C  0  0  0  0  0
   -3.9419    3.4772    2.2458  C  0  0  0  0  0
   -4.6126    4.3413    1.5675  N  0  0  0  0  0
   -1.5598    4.3772    1.9915  C  0  0  0  0  0
   -0.2263    4.1532    2.3366  C  0  0  0  0  0
    0.1328    3.0478    3.1297  C  0  0  0  0  0
   -0.8338    2.1470    3.5917  C  0  0  0  0  0
  1  9  1  0  0  0
  1  2  1  0  0  0
  2  3  1  0  0  0
  3  4  2  0  0  0
  4  8  1  0  0  0
  4  5  1  0  0  0
  5  6  1  0  0  0
  6 13  2  0  0  0
  6  7  1  0  0  0
  7  8  1  0  0  0
  7 10  2  0  0  0
  8  9  2  0  0  0
 10 11  1  0  0  0
 11 12  2  0  0  0
 12 13  1  0  0  0
M  END
$$$$
C12C(=CCNN=1)Cc3c2cccc3
  -ISIS-

 13 15  0  0  0  0  0  0  0  0  1
   -5.9808    4.1221    1.5111  N  0  0  0  0  0
   -6.6390    3.0661    2.1432  C  0  0  0  0  0
   -5.7944    2.1095    2.9017  C  0  0  0  0  0
   -4.4796    2.3018    2.9568  C  0  0  0  0  0
   -3.3634    1.5543    3.6184  C  0  0  0  0  0
   -2.1569    2.3711    3.2482  C  0  0  0  0  0
   -2.4983    3.4758    2.4582  C  0  0  0  0  0
   -3.9419    3.4772    2.2458  C  0  0  0  0  0
   -4.6126    4.3413    1.5675  N  0  0  0  0  0
   -1.5598    4.3772    1.9915  C  0  0  0  0  0
   -0.2263    4.1532    2.3366  C  0  0  0  0  0
    0.1328    3.0478    3.1297  C  0  0  0  0  0
   -0.8338    2.1470    3.5917  C  0  0  0  0  0
  1  9  1  0  0  0
  1  2  1  0  0  0
  2  3  1  0  0  0
  3  4  2  0  0  0
  4  8  1  0  0  0
  4  5  1  0  0  0
  5  6  1  0  0  0
  6 13  2  0  0  0
  6  7  1  0  0  0
  7  8  1  0  0  0
  7 10  2  0  0  0
  8  9  2  0  0  0
 10 11  1  0  0  0
 11 12  2  0  0  0
 12 13  1  0  0  0
M  END
$$$$
