c12c3c(cccc3)NCc1[c]4[c](o2)cccc4
  -ISIS-

 17 20  0  0  0  0  0  0  0  0  1
    2.8489   -1.0883   -3.0940  C  0  0  0  0  0
    3.4043   -0.7394   -4.3265  C  0  0  0  0  0
    4.3013    0.3326   -4.4168  C  0  0  0  0  0
    4.6378    1.0363   -3.2444  C  0  0  0  0  0
    4.0658    0.6331   -2.0345  C  0  0  0  0  0
    3.1736   -0.4276   -1.9059  C  0  0  0  0  0
    4.5078    1.4208   -1.0070  O  0  0  0  0  0
    5.3487    2.3165   -1.5702  C  0  0  0  0  0
    5.4722    2.1366   -2.9209  C  0  0  0  0  0
    6.3341    3.0009   -3.6964  C  0  0  0  0  0
    7.0074    4.0146   -2.9661  N  0  0  0  0  0
    6.8609    4.1932   -1.5335  C  0  0  0  0  0
    7.5359    5.2027   -0.8376  C  0  0  0  0  0
    7.3452    5.3346    0.5405  C  0  0  0  0  0
    6.5344    4.4663    1.2662  C  0  0  0  0  0
    5.8554    3.4586    0.5886  C  0  0  0  0  0
    6.0140    3.3271   -0.7961  C  0  0  0  0  0
  1  6  2  0  0  0
  1  2  1  0  0  0
  2  3  2  0  0  0
  3  4  1  0  0  0
  4  9  1  0  0  0
  4  5  2  0  0  0
  5  6  1  0  0  0
  5  7  1  0  0  0
  7  8  1  0  0  0
  8 17  1  0  0  0
  8  9  2  0  0  0
  9 10  1  0  0  0
 10 11  1  0  0  0
 11 12  1  0  0  0
 12 17  2  0  0  0
 12 13  1  0  0  0
 13 14  2  0  0  0
 14 15  1  0  0  0
 15 16  2  0  0  0
 16 17  1  0  0  0
M  END
$$$$
c12c3c(cccc3)NCc1[c]4[c](o2)cccc4
  -ISIS-

 17 20  0  0  0  0  0  0  0  0  1
    2.8489   -1.0883   -3.0940  C  0  0  0  0  0
    3.4043   -0.7394   -4.3265  C  0  0  0  0  0
    4.3013    0.3326   -4.4168  C  0  0  0  0  0
    4.6378    1.0363   -3.2444  C  0  0  0  0  0
    4.0658    0.6331   -2.0345  C  0  0  0  0  0
    3.1736   -0.4276   -1.9059  C  0  0  0  0  0
    4.5078    1.4208   -1.0070  O  0  0  0  0  0
    5.3487    2.3165   -1.5702  C  0  0  0  0  0
    5.4722    2.1366   -2.9209  C  0  0  0  0  0
    6.3341    3.0009   -3.6964  C  0  0  0  0  0
    7.0074    4.0146   -2.9661  N  0  0  0  0  0
    6.8609    4.1932   -1.5335  C  0  0  0  0  0
    7.5359    5.2027   -0.8376  C  0  0  0  0  0
    7.3452    5.3346    0.5405  C  0  0  0  0  0
    6.5344    4.4663    1.2662  C  0  0  0  0  0
    5.8554    3.4586    0.5886  C  0  0  0  0  0
    6.0140    3.3271   -0.7961  C  0  0  0  0  0
  1  6  2  0  0  0
  1  2  1  0  0  0
  2  3  2  0  0  0
  3  4  1  0  0  0
  4  9  1  0  0  0
  4  5  2  0  0  0
  5  6  1  0  0  0
  5  7  1  0  0  0
  7  8  1  0  0  0
  8 17  1  0  0  0
  8  9  2  0  0  0
  9 10  1  0  0  0
 10 11  1  0  0  0
 11 12  1  0  0  0
 12 17  2  0  0  0
 12 13  1  0  0  0
 13 14  2  0  0  0
 14 15  1  0  0  0
 15 16  2  0  0  0
 16 17  1  0  0  0
M  END
$$$$
c12c3c(cccc3)NCc1[c]4[c](o2)cccc4
  -ISIS-

 17 20  0  0  0  0  0  0  0  0  1
    2.8489   -1.0883   -3.0940  C  0  0  0  0  0
    3.4043   -0.7394   -4.3265  C  0  0  0  0  0
    4.3013    0.3326   -4.4168  C  0  0  0  0  0
    4.6378    1.0363   -3.2444  C  0  0  0  0  0
    4.0658    0.6331   -2.0345  C  0  0  0  0  0
    3.1736   -0.4276   -1.9059  C  0  0  0  0  0
    4.5078    1.4208   -1.0070  O  0  0  0  0  0
    5.3487    2.3165   -1.5702  C  0  0  0  0  0
    5.4722    2.1366   -2.9209  C  0  0  0  0  0
    6.3341    3.0009   -3.6964  C  0  0  0  0  0
    7.0074    4.0146   -2.9661  N  0  0  0  0  0
    6.8609    4.1932   -1.5335  C  0  0  0  0  0
    7.5359    5.2027   -0.8376  C  0  0  0  0  0
    7.3452    5.3346    0.5405  C  0  0  0  0  0
    6.5344    4.4663    1.2662  C  0  0  0  0  0
    5.8554    3.4586    0.5886  C  0  0  0  0  0
    6.0140    3.3271   -0.7961  C  0  0  0  0  0
  1  6  2  0  0  0
  1  2  1  0  0  0
  2  3  2  0  0  0
  3  4  1  0  0  0
  4  9  1  0  0  0
  4  5  2  0  0  0
  5  6  1  0  0  0
  5  7  1  0  0  0
  7  8  1  0  0  0
  8 17  1  0  0  0
  8  9  2  0  0  0
  9 10  1  0  0  0
 10 11  1  0  0  0
 11 12  1  0  0  0
 12 17  2  0  0  0
 12 13  1  0  0  0
 13 14  2  0  0  0
 14 15  1  0  0  0
 15 16  2  0  0  0
 16 17  1  0  0  0
M  END
$$$$
c12c3c(cccc3)NCc1[c]4[c](o2)cccc4
  -ISIS-

 17 20  0  0  0  0  0  0  0  0  1
    2.8489   -1.0883   -3.0940  C  0  0  0  0  0
    3.4043   -0.7394   -4.3265  C  0  0  0  0  0
    4.3013    0.3326   -4.4168  C  0  0  0  0  0
    4.6378    1.0363   -3.2444  C  0  0  0  0  0
    4.0658    0.6331   -2.0345  C  0  0  0  0  0
    3.1736   -0.4276   -1.9059  C  0  0  0  0  0
    4.5078    1.4208   -1.0070  O  0  0  0  0  0
    5.3487    2.3165   -1.5702  C  0  0  0  0  0
    5.4722    2.1366   -2.9209  C  0  0  0  0  0
    6.3341    3.0009   -3.6964  C  0  0  0  0  0
    7.0074    4.0146   -2.9661  N  0  0  0  0  0
    6.8609    4.1932   -1.5335  C  0  0  0  0  0
    7.5359    5.2027   -0.8376  C  0  0  0  0  0
    7.3452    5.3346    0.5405  C  0  0  0  0  0
    6.5344    4.4663    1.2662  C  0  0  0  0  0
    5.8554    3.4586    0.5886  C  0  0  0  0  0
    6.0140    3.3271   -0.7961  C  0  0  0  0  0
  1  6  2  0  0  0
  1  2  1  0  0  0
  2  3  2  0  0  0
  3  4  1  0  0  0
  4  9  1  0  0  0
  4  5  2  0  0  0
  5  6  1  0  0  0
  5  7  1  0  0  0
  7  8  1  0  0  0
  8 17  1  0  0  0
  8  9  2  0  0  0
  9 10  1  0  0  0
 10 11  1  0  0  0
 11 12  1  0  0  0
 12 17  2  0  0  0
 12 13  1  0  0  0
 13 14  2  0  0  0
 14 15  1  0  0  0
 15 16  2  0  0  0
 16 17  1  0  0  0
M  END
$$$$
c12c3c(cccc3)NCc1[c]4[c](o2)cccc4
  -ISIS-

 17 20  0  0  0  0  0  0  0  0  1
   -2.8924    2.3110   -3.0738  C  0  0  0  0  0
   -1.6918    2.5508   -3.7395  C  0  0  0  0  0
   -0.5230    2.8459   -3.0244  C  0  0  0  0  0
   -0.5858    2.8956   -1.6200  C  0  0  0  0  0
   -1.8126    2.6483   -0.9999  C  0  0  0  0  0
   -2.9913    2.3523   -1.6827  C  0  0  0  0  0
   -1.6919    2.7388    0.3597  O  0  0  0  0  0
   -0.3942    3.0406    0.5910  C  0  0  0  0  0
    0.3277    3.1486   -0.5654  C  0  0  0  0  0
    1.7356    3.4682   -0.5167  C  0  0  0  0  0
    2.2930    3.6250    0.7827  N  0  0  0  0  0
    1.5014    3.5350    2.0008  C  0  0  0  0  0
    2.0505    3.7453    3.2745  C  0  0  0  0  0
    1.2451    3.6396    4.4115  C  0  0  0  0  0
   -0.1060    3.3295    4.3162  C  0  0  0  0  0
   -0.6756    3.1226    3.0639  C  0  0  0  0  0
    0.1199    3.2264    1.9191  C  0  0  0  0  0
  1  6  2  0  0  0
  1  2  1  0  0  0
  2  3  2  0  0  0
  3  4  1  0  0  0
  4  9  1  0  0  0
  4  5  2  0  0  0
  5  6  1  0  0  0
  5  7  1  0  0  0
  7  8  1  0  0  0
  8 17  1  0  0  0
  8  9  2  0  0  0
  9 10  1  0  0  0
 10 11  1  0  0  0
 11 12  1  0  0  0
 12 17  2  0  0  0
 12 13  1  0  0  0
 13 14  2  0  0  0
 14 15  1  0  0  0
 15 16  2  0  0  0
 16 17  1  0  0  0
M  END
$$$$
c12c3c(cccc3)NCc1[c]4[c](o2)cccc4
  -ISIS-

 17 20  0  0  0  0  0  0  0  0  1
   -2.8924    2.3110   -3.0738  C  0  0  0  0  0
   -1.6918    2.5508   -3.7395  C  0  0  0  0  0
   -0.5230    2.8459   -3.0244  C  0  0  0  0  0
   -0.5858    2.8956   -1.6200  C  0  0  0  0  0
   -1.8126    2.6483   -0.9999  C  0  0  0  0  0
   -2.9913    2.3523   -1.6827  C  0  0  0  0  0
   -1.6919    2.7388    0.3597  O  0  0  0  0  0
   -0.3942    3.0406    0.5910  C  0  0  0  0  0
    0.3277    3.1486   -0.5654  C  0  0  0  0  0
    1.7356    3.4682   -0.5167  C  0  0  0  0  0
    2.2930    3.6250    0.7827  N  0  0  0  0  0
    1.5014    3.5350    2.0008  C  0  0  0  0  0
    2.0505    3.7453    3.2745  C  0  0  0  0  0
    1.2451    3.6396    4.4115  C  0  0  0  0  0
   -0.1060    3.3295    4.3162  C  0  0  0  0  0
   -0.6756    3.1226    3.0639  C  0  0  0  0  0
    0.1199    3.2264    1.9191  C  0  0  0  0  0
  1  6  2  0  0  0
  1  2  1  0  0  0
  2  3  2  0  0  0
  3  4  1  0  0  0
  4  9  1  0  0  0
  4  5  2  0  0  0
  5  6  1  0  0  0
  5  7  1  0  0  0
  7  8  1  0  0  0
  8 17  1  0  0  0
  8  9  2  0  0  0
  9 10  1  0  0  0
 10 11  1  0  0  0
 11 12  1  0  0  0
 12 17  2  0  0  0
 12 13  1  0  0  0
 13 14  2  0  0  0
 14 15  1  0  0  0
 15 16  2  0  0  0
 16 17  1  0  0  0
M  END
$$$$
c12c3c(cccc3)NCc1[c]4[c](o2)cccc4
  -ISIS-

 17 20  0  0  0  0  0  0  0  0  1
   -2.8924    2.3110   -3.0738  C  0  0  0  0  0
   -1.6918    2.5508   -3.7395  C  0  0  0  0  0
   -0.5230    2.8459   -3.0244  C  0  0  0  0  0
   -0.5858    2.8956   -1.6200  C  0  0  0  0  0
   -1.8126    2.6483   -0.9999  C  0  0  0  0  0
   -2.9913    2.3523   -1.6827  C  0  0  0  0  0
   -1.6919    2.7388    0.3597  O  0  0  0  0  0
   -0.3942    3.0406    0.5910  C  0  0  0  0  0
    0.3277    3.1486   -0.5654  C  0  0  0  0  0
    1.7356    3.4682   -0.5167  C  0  0  0  0  0
    2.2930    3.6250    0.7827  N  0  0  0  0  0
    1.5014    3.5350    2.0008  C  0  0  0  0  0
    2.0505    3.7453    3.2745  C  0  0  0  0  0
    1.2451    3.6396    4.4115  C  0  0  0  0  0
   -0.1060    3.3295    4.3162  C  0  0  0  0  0
   -0.6756    3.1226    3.0639  C  0  0  0  0  0
    0.1199    3.2264    1.9191  C  0  0  0  0  0
  1  6  2  0  0  0
  1  2  1  0  0  0
  2  3  2  0  0  0
  3  4  1  0  0  0
  4  9  1  0  0  0
  4  5  2  0  0  0
  5  6  1  0  0  0
  5  7  1  0  0  0
  7  8  1  0  0  0
  8 17  1  0  0  0
  8  9  2  0  0  0
  9 10  1  0  0  0
 10 11  1  0  0  0
 11 12  1  0  0  0
 12 17  2  0  0  0
 12 13  1  0  0  0
 13 14  2  0  0  0
 14 15  1  0  0  0
 15 16  2  0  0  0
 16 17  1  0  0  0
M  END
$$$$
c12c3c(cccc3)NCc1[c]4[c](o2)cccc4
  -ISIS-

 17 20  0  0  0  0  0  0  0  0  1
   -2.8924    2.3110   -3.0738  C  0  0  0  0  0
   -1.6918    2.5508   -3.7395  C  0  0  0  0  0
   -0.5230    2.8459   -3.0244  C  0  0  0  0  0
   -0.5858    2.8956   -1.6200  C  0  0  0  0  0
   -1.8126    2.6483   -0.9999  C  0  0  0  0  0
   -2.9913    2.3523   -1.6827  C  0  0  0  0  0
   -1.6919    2.7388    0.3597  O  0  0  0  0  0
   -0.3942    3.0406    0.5910  C  0  0  0  0  0
    0.3277    3.1486   -0.5654  C  0  0  0  0  0
    1.7356    3.4682   -0.5167  C  0  0  0  0  0
    2.2930    3.6250    0.7827  N  0  0  0  0  0
    1.5014    3.5350    2.0008  C  0  0  0  0  0
    2.0505    3.7453    3.2745  C  0  0  0  0  0
    1.2451    3.6396    4.4115  C  0  0  0  0  0
   -0.1060    3.3295    4.3162  C  0  0  0  0  0
   -0.6756    3.1226    3.0639  C  0  0  0  0  0
    0.1199    3.2264    1.9191  C  0  0  0  0  0
  1  6  2  0  0  0
  1  2  1  0  0  0
  2  3  2  0  0  0
  3  4  1  0  0  0
  4  9  1  0  0  0
  4  5  2  0  0  0
  5  6  1  0  0  0
  5  7  1  0  0  0
  7  8  1  0  0  0
  8 17  1  0  0  0
  8  9  2  0  0  0
  9 10  1  0  0  0
 10 11  1  0  0  0
 11 12  1  0  0  0
 12 17  2  0  0  0
 12 13  1  0  0  0
 13 14  2  0  0  0
 14 15  1  0  0  0
 15 16  2  0  0  0
 16 17  1  0  0  0
M  END
$$$$
c12c3c(cccc3)NCc1[c]4[c](o2)cccc4
  -ISIS-

 17 20  0  0  0  0  0  0  0  0  1
   -2.8661    3.3858    6.7906  C  0  0  0  0  0
   -3.3430    3.3896    5.4739  C  0  0  0  0  0
   -2.4071    3.2326    4.4361  C  0  0  0  0  0
   -1.0603    3.0659    4.7694  C  0  0  0  0  0
   -0.5746    3.0409    6.0766  C  0  0  0  0  0
   -1.5161    3.1987    7.0980  C  0  0  0  0  0
   -0.2985    2.9273    3.6421  O  0  0  0  0  0
   -1.1634    3.0071    2.6059  C  0  0  0  0  0
   -2.4540    3.1902    3.0194  C  0  0  0  0  0
   -3.5211    3.2950    2.0509  C  0  0  0  0  0
   -3.1287    3.2331    0.6859  N  0  0  0  0  0
   -1.7530    3.0130    0.2661  C  0  0  0  0  0
   -1.3849    2.9058   -1.0812  C  0  0  0  0  0
   -0.0475    2.6761   -1.4266  C  0  0  0  0  0
    0.9520    2.5892   -0.4609  C  0  0  0  0  0
    0.6081    2.6948    0.8829  C  0  0  0  0  0
   -0.7290    2.8996    1.2411  C  0  0  0  0  0
  1  6  2  0  0  0
  1  2  1  0  0  0
  2  3  2  0  0  0
  3  9  1  0  0  0
  3  4  1  0  0  0
  4  5  2  0  0  0
  4  7  1  0  0  0
  5  6  1  0  0  0
  7  8  1  0  0  0
  8 17  1  0  0  0
  8  9  2  0  0  0
  9 10  1  0  0  0
 10 11  1  0  0  0
 11 12  1  0  0  0
 12 17  2  0  0  0
 12 13  1  0  0  0
 13 14  2  0  0  0
 14 15  1  0  0  0
 15 16  2  0  0  0
 16 17  1  0  0  0
M  END
$$$$
c12c3c(cccc3)NCc1[c]4[c](o2)cccc4
  -ISIS-

 17 20  0  0  0  0  0  0  0  0  1
   -2.8661    3.3858    6.7906  C  0  0  0  0  0
   -3.3430    3.3896    5.4739  C  0  0  0  0  0
   -2.4071    3.2326    4.4361  C  0  0  0  0  0
   -1.0603    3.0659    4.7694  C  0  0  0  0  0
   -0.5746    3.0409    6.0766  C  0  0  0  0  0
   -1.5161    3.1987    7.0980  C  0  0  0  0  0
   -0.2985    2.9273    3.6421  O  0  0  0  0  0
   -1.1634    3.0071    2.6059  C  0  0  0  0  0
   -2.4540    3.1902    3.0194  C  0  0  0  0  0
   -3.5211    3.2950    2.0509  C  0  0  0  0  0
   -3.1287    3.2331    0.6859  N  0  0  0  0  0
   -1.7530    3.0130    0.2661  C  0  0  0  0  0
   -1.3849    2.9058   -1.0812  C  0  0  0  0  0
   -0.0475    2.6761   -1.4266  C  0  0  0  0  0
    0.9520    2.5892   -0.4609  C  0  0  0  0  0
    0.6081    2.6948    0.8829  C  0  0  0  0  0
   -0.7290    2.8996    1.2411  C  0  0  0  0  0
  1  6  2  0  0  0
  1  2  1  0  0  0
  2  3  2  0  0  0
  3  9  1  0  0  0
  3  4  1  0  0  0
  4  5  2  0  0  0
  4  7  1  0  0  0
  5  6  1  0  0  0
  7  8  1  0  0  0
  8 17  1  0  0  0
  8  9  2  0  0  0
  9 10  1  0  0  0
 10 11  1  0  0  0
 11 12  1  0  0  0
 12 17  2  0  0  0
 12 13  1  0  0  0
 13 14  2  0  0  0
 14 15  1  0  0  0
 15 16  2  0  0  0
 16 17  1  0  0  0
M  END
$$$$
c12c3c(cccc3)NCc1[c]4[c](o2)cccc4
  -ISIS-

 17 20  0  0  0  0  0  0  0  0  1
   -2.8661    3.3858    6.7906  C  0  0  0  0  0
   -3.3430    3.3896    5.4739  C  0  0  0  0  0
   -2.4071    3.2326    4.4361  C  0  0  0  0  0
   -1.0603    3.0659    4.7694  C  0  0  0  0  0
   -0.5746    3.0409    6.0766  C  0  0  0  0  0
   -1.5161    3.1987    7.0980  C  0  0  0  0  0
   -0.2985    2.9273    3.6421  O  0  0  0  0  0
   -1.1634    3.0071    2.6059  C  0  0  0  0  0
   -2.4540    3.1902    3.0194  C  0  0  0  0  0
   -3.5211    3.2950    2.0509  C  0  0  0  0  0
   -3.1287    3.2331    0.6859  N  0  0  0  0  0
   -1.7530    3.0130    0.2661  C  0  0  0  0  0
   -1.3849    2.9058   -1.0812  C  0  0  0  0  0
   -0.0475    2.6761   -1.4266  C  0  0  0  0  0
    0.9520    2.5892   -0.4609  C  0  0  0  0  0
    0.6081    2.6948    0.8829  C  0  0  0  0  0
   -0.7290    2.8996    1.2411  C  0  0  0  0  0
  1  6  2  0  0  0
  1  2  1  0  0  0
  2  3  2  0  0  0
  3  9  1  0  0  0
  3  4  1  0  0  0
  4  5  2  0  0  0
  4  7  1  0  0  0
  5  6  1  0  0  0
  7  8  1  0  0  0
  8 17  1  0  0  0
  8  9  2  0  0  0
  9 10  1  0  0  0
 10 11  1  0  0  0
 11 12  1  0  0  0
 12 17  2  0  0  0
 12 13  1  0  0  0
 13 14  2  0  0  0
 14 15  1  0  0  0
 15 16  2  0  0  0
 16 17  1  0  0  0
M  END
$$$$
c12c3c(cccc3)NCc1[c]4[c](o2)cccc4
  -ISIS-

 17 20  0  0  0  0  0  0  0  0  1
   -2.8661    3.3858    6.7906  C  0  0  0  0  0
   -3.3430    3.3896    5.4739  C  0  0  0  0  0
   -2.4071    3.2326    4.4361  C  0  0  0  0  0
   -1.0603    3.0659    4.7694  C  0  0  0  0  0
   -0.5746    3.0409    6.0766  C  0  0  0  0  0
   -1.5161    3.1987    7.0980  C  0  0  0  0  0
   -0.2985    2.9273    3.6421  O  0  0  0  0  0
   -1.1634    3.0071    2.6059  C  0  0  0  0  0
   -2.4540    3.1902    3.0194  C  0  0  0  0  0
   -3.5211    3.2950    2.0509  C  0  0  0  0  0
   -3.1287    3.2331    0.6859  N  0  0  0  0  0
   -1.7530    3.0130    0.2661  C  0  0  0  0  0
   -1.3849    2.9058   -1.0812  C  0  0  0  0  0
   -0.0475    2.6761   -1.4266  C  0  0  0  0  0
    0.9520    2.5892   -0.4609  C  0  0  0  0  0
    0.6081    2.6948    0.8829  C  0  0  0  0  0
   -0.7290    2.8996    1.2411  C  0  0  0  0  0
  1  6  2  0  0  0
  1  2  1  0  0  0
  2  3  2  0  0  0
  3  9  1  0  0  0
  3  4  1  0  0  0
  4  5  2  0  0  0
  4  7  1  0  0  0
  5  6  1  0  0  0
  7  8  1  0  0  0
  8 17  1  0  0  0
  8  9  2  0  0  0
  9 10  1  0  0  0
 10 11  1  0  0  0
 11 12  1  0  0  0
 12 17  2  0  0  0
 12 13  1  0  0  0
 13 14  2  0  0  0
 14 15  1  0  0  0
 15 16  2  0  0  0
 16 17  1  0  0  0
M  END
$$$$
c12c3c(cccc3)NCc1[c]4[c](o2)cccc4
  -ISIS-

 17 20  0  0  0  0  0  0  0  0  1
    2.1059    3.3494   -3.4528  C  0  0  0  0  0
    2.0368    4.5707   -4.1307  C  0  0  0  0  0
    0.7797    5.1936   -4.2470  C  0  0  0  0  0
   -0.3333    4.5655   -3.6831  C  0  0  0  0  0
   -0.2812    3.3495   -3.0052  C  0  0  0  0  0
    0.9769    2.7475   -2.9005  C  0  0  0  0  0
   -1.4632    5.3072   -3.8921  O  0  0  0  0  0
   -1.0603    6.3971   -4.5838  C  0  0  0  0  0
    0.2850    6.3882   -4.8291  C  0  0  0  0  0
    0.8998    7.4732   -5.5588  C  0  0  0  0  0
    0.0297    8.5233   -5.9583  N  0  0  0  0  0
   -1.4040    8.5009   -5.7121  C  0  0  0  0  0
   -2.2617    9.5152   -6.1553  C  0  0  0  0  0
   -3.6306    9.4500   -5.8877  C  0  0  0  0  0
   -4.1834    8.3870   -5.1821  C  0  0  0  0  0
   -3.3519    7.3630   -4.7360  C  0  0  0  0  0
   -1.9792    7.4193   -4.9998  C  0  0  0  0  0
  1  6  2  0  0  0
  1  2  1  0  0  0
  2  3  2  0  0  0
  3  9  1  0  0  0
  3  4  1  0  0  0
  4  5  2  0  0  0
  4  7  1  0  0  0
  5  6  1  0  0  0
  7  8  1  0  0  0
  8 17  1  0  0  0
  8  9  2  0  0  0
  9 10  1  0  0  0
 10 11  1  0  0  0
 11 12  1  0  0  0
 12 17  2  0  0  0
 12 13  1  0  0  0
 13 14  2  0  0  0
 14 15  1  0  0  0
 15 16  2  0  0  0
 16 17  1  0  0  0
M  END
$$$$
c12c3c(cccc3)NCc1[c]4[c](o2)cccc4
  -ISIS-

 17 20  0  0  0  0  0  0  0  0  1
    2.1059    3.3494   -3.4528  C  0  0  0  0  0
    2.0368    4.5707   -4.1307  C  0  0  0  0  0
    0.7797    5.1936   -4.2470  C  0  0  0  0  0
   -0.3333    4.5655   -3.6831  C  0  0  0  0  0
   -0.2812    3.3495   -3.0052  C  0  0  0  0  0
    0.9769    2.7475   -2.9005  C  0  0  0  0  0
   -1.4632    5.3072   -3.8921  O  0  0  0  0  0
   -1.0603    6.3971   -4.5838  C  0  0  0  0  0
    0.2850    6.3882   -4.8291  C  0  0  0  0  0
    0.8998    7.4732   -5.5588  C  0  0  0  0  0
    0.0297    8.5233   -5.9583  N  0  0  0  0  0
   -1.4040    8.5009   -5.7121  C  0  0  0  0  0
   -2.2617    9.5152   -6.1553  C  0  0  0  0  0
   -3.6306    9.4500   -5.8877  C  0  0  0  0  0
   -4.1834    8.3870   -5.1821  C  0  0  0  0  0
   -3.3519    7.3630   -4.7360  C  0  0  0  0  0
   -1.9792    7.4193   -4.9998  C  0  0  0  0  0
  1  6  2  0  0  0
  1  2  1  0  0  0
  2  3  2  0  0  0
  3  9  1  0  0  0
  3  4  1  0  0  0
  4  5  2  0  0  0
  4  7  1  0  0  0
  5  6  1  0  0  0
  7  8  1  0  0  0
  8 17  1  0  0  0
  8  9  2  0  0  0
  9 10  1  0  0  0
 10 11  1  0  0  0
 11 12  1  0  0  0
 12 17  2  0  0  0
 12 13  1  0  0  0
 13 14  2  0  0  0
 14 15  1  0  0  0
 15 16  2  0  0  0
 16 17  1  0  0  0
M  END
$$$$
c12c3c(cccc3)NCc1[c]4[c](o2)cccc4
  -ISIS-

 17 20  0  0  0  0  0  0  0  0  1
    2.1059    3.3494   -3.4528  C  0  0  0  0  0
    2.0368    4.5707   -4.1307  C  0  0  0  0  0
    0.7797    5.1936   -4.2470  C  0  0  0  0  0
   -0.3333    4.5655   -3.6831  C  0  0  0  0  0
   -0.2812    3.3495   -3.0052  C  0  0  0  0  0
    0.9769    2.7475   -2.9005  C  0  0  0  0  0
   -1.4632    5.3072   -3.8921  O  0  0  0  0  0
   -1.0603    6.3971   -4.5838  C  0  0  0  0  0
    0.2850    6.3882   -4.8291  C  0  0  0  0  0
    0.8998    7.4732   -5.5588  C  0  0  0  0  0
    0.0297    8.5233   -5.9583  N  0  0  0  0  0
   -1.4040    8.5009   -5.7121  C  0  0  0  0  0
   -2.2617    9.5152   -6.1553  C  0  0  0  0  0
   -3.6306    9.4500   -5.8877  C  0  0  0  0  0
   -4.1834    8.3870   -5.1821  C  0  0  0  0  0
   -3.3519    7.3630   -4.7360  C  0  0  0  0  0
   -1.9792    7.4193   -4.9998  C  0  0  0  0  0
  1  6  2  0  0  0
  1  2  1  0  0  0
  2  3  2  0  0  0
  3  9  1  0  0  0
  3  4  1  0  0  0
  4  5  2  0  0  0
  4  7  1  0  0  0
  5  6  1  0  0  0
  7  8  1  0  0  0
  8 17  1  0  0  0
  8  9  2  0  0  0
  9 10  1  0  0  0
 10 11  1  0  0  0
 11 12  1  0  0  0
 12 17  2  0  0  0
 12 13  1  0  0  0
 13 14  2  0  0  0
 14 15  1  0  0  0
 15 16  2  0  0  0
 16 17  1  0  0  0
M  END
$$$$
c12c3c(cccc3)NCc1[c]4[c](o2)cccc4
  -ISIS-

 17 20  0  0  0  0  0  0  0  0  1
    2.1059    3.3494   -3.4528  C  0  0  0  0  0
    2.0368    4.5707   -4.1307  C  0  0  0  0  0
    0.7797    5.1936   -4.2470  C  0  0  0  0  0
   -0.3333    4.5655   -3.6831  C  0  0  0  0  0
   -0.2812    3.3495   -3.0052  C  0  0  0  0  0
    0.9769    2.7475   -2.9005  C  0  0  0  0  0
   -1.4632    5.3072   -3.8921  O  0  0  0  0  0
   -1.0603    6.3971   -4.5838  C  0  0  0  0  0
    0.2850    6.3882   -4.8291  C  0  0  0  0  0
    0.8998    7.4732   -5.5588  C  0  0  0  0  0
    0.0297    8.5233   -5.9583  N  0  0  0  0  0
   -1.4040    8.5009   -5.7121  C  0  0  0  0  0
   -2.2617    9.5152   -6.1553  C  0  0  0  0  0
   -3.6306    9.4500   -5.8877  C  0  0  0  0  0
   -4.1834    8.3870   -5.1821  C  0  0  0  0  0
   -3.3519    7.3630   -4.7360  C  0  0  0  0  0
   -1.9792    7.4193   -4.9998  C  0  0  0  0  0
  1  6  2  0  0  0
  1  2  1  0  0  0
  2  3  2  0  0  0
  3  9  1  0  0  0
  3  4  1  0  0  0
  4  5  2  0  0  0
  4  7  1  0  0  0
  5  6  1  0  0  0
  7  8  1  0  0  0
  8 17  1  0  0  0
  8  9  2  0  0  0
  9 10  1  0  0  0
 10 11  1  0  0  0
 11 12  1  0  0  0
 12 17  2  0  0  0
 12 13  1  0  0  0
 13 14  2  0  0  0
 14 15  1  0  0  0
 15 16  2  0  0  0
 16 17  1  0  0  0
M  END
$$$$
