c12c(cccn1)NCNC2
  -ISIS-

 10 11  0  0  0  0  0  0  0  0  1
    6.8366    0.6685    2.8709  C  0  0  0  0  0
    7.8855    1.3564    3.4636  N  0  0  0  0  0
    7.8098    2.4210    4.3452  C  0  0  0  0  0
    6.5313    2.8234    4.6612  N  0  0  0  0  0
    5.3875    2.2141    4.1384  C  0  0  0  0  0
    5.4809    1.1461    3.2502  C  0  0  0  0  0
    4.4087    0.5149    2.7091  N  0  0  0  0  0
    3.1938    0.9752    3.0753  C  0  0  0  0  0
    3.0030    2.0332    3.9541  C  0  0  0  0  0
    4.1218    2.6650    4.4960  C  0  0  0  0  0
  1  6  1  0  0  0
  1  2  1  0  0  0
  2  3  1  0  0  0
  3  4  1  0  0  0
  4  5  1  0  0  0
  5 10  2  0  0  0
  5  6  1  0  0  0
  6  7  2  0  0  0
  7  8  1  0  0  0
  8  9  2  0  0  0
  9 10  1  0  0  0
M  END
$$$$
