c12c(ocn1)CC=CC=C2
  -ISIS-

 10 11  0  0  0  0  0  0  0  0  1
    0.3100   -1.0567    0.8798  C  0  0  0  0  0
   -0.3080   -2.2770    0.7322  O  0  0  0  0  0
   -1.3659   -2.2290    1.5970  C  0  0  0  0  0
   -1.4731   -1.1012    2.2702  N  0  0  0  0  0
   -0.4132   -0.3615    1.8168  C  0  0  0  0  0
   -0.1896    0.9396    2.3205  C  0  0  0  0  0
    0.7952    1.7844    1.9847  C  0  0  0  0  0
    1.8711    1.5985    1.0384  C  0  0  0  0  0
    2.1676    0.5527    0.2544  C  0  0  0  0  0
    1.4803   -0.7626    0.1059  C  0  0  0  0  0
  1  5  2  0  0  0
  1 10  1  0  0  0
  1  2  1  0  0  0
  2  3  1  0  0  0
  3  4  2  0  0  0
  4  5  1  0  0  0
  5  6  1  0  0  0
  6  7  2  0  0  0
  7  8  1  0  0  0
  8  9  2  0  0  0
  9 10  1  0  0  0
M  END
$$$$
