c12c(cco1)CC=CC2
  -ISIS-

  9 10  0  0  0  0  0  0  0  0  1
    2.2052    0.9182   -2.7420  C  0  0  0  0  0
    1.7346    2.3057   -2.4198  C  0  0  0  0  0
    1.3366    3.1691   -3.3905  C  0  0  0  0  0
    1.4002    2.8235   -4.8724  C  0  0  0  0  0
    1.9323    1.5154   -5.1536  C  0  0  0  0  0
    2.2971    0.6567   -4.1485  C  0  0  0  0  0
    2.7566   -0.5170   -4.6534  O  0  0  0  0  0
    2.6878   -0.4027   -6.0090  C  0  0  0  0  0
    2.1856    0.8296   -6.3671  C  0  0  0  0  0
  1  6  1  0  0  0
  1  2  1  0  0  0
  2  3  2  0  0  0
  3  4  1  0  0  0
  4  5  1  0  0  0
  5  9  1  0  0  0
  5  6  2  0  0  0
  6  7  1  0  0  0
  7  8  1  0  0  0
  8  9  2  0  0  0
M  END
$$$$
