c12c(cccc1)CC3CC2CCNC3
  -ISIS-

 14 16  0  0  0  0  0  0  0  0  1
    0.2147   -0.0979    3.0111  C  0  0  0  0  0
    1.4590    0.8072    2.8890  C  0  0  0  0  0
    1.4769    1.6064    1.5974  C  0  0  0  0  0
    1.5497    0.6388    0.4040  C  0  0  0  0  0
    0.6406   -0.5715    0.5280  C  0  0  0  0  0
    0.0123   -0.9294    1.7430  C  0  0  0  0  0
   -0.8535   -2.0468    1.7595  C  0  0  0  0  0
   -1.0670   -2.8184    0.6170  C  0  0  0  0  0
   -0.4241   -2.4709   -0.5655  C  0  0  0  0  0
    0.4247   -1.3668   -0.6109  C  0  0  0  0  0
    0.3657    2.6693    1.5270  C  0  0  0  0  0
   -0.9698    2.1146    1.1222  N  0  0  0  0  0
   -1.7937    1.4380    2.1755  C  0  0  0  0  0
   -1.0387    0.7602    3.3196  C  0  0  0  0  0
  1  6  1  0  0  0
  1 14  1  0  0  0
  1  2  1  0  0  0
  2  3  1  0  0  0
  3  4  1  0  0  0
  3 11  1  0  0  0
  4  5  1  0  0  0
  5 10  2  0  0  0
  5  6  1  0  0  0
  6  7  2  0  0  0
  7  8  1  0  0  0
  8  9  2  0  0  0
  9 10  1  0  0  0
 11 12  1  0  0  0
 12 13  1  0  0  0
 13 14  1  0  0  0
M  END
$$$$
c12c(cccc1)CC3CC2CCNC3
  -ISIS-

 14 16  0  0  0  0  0  0  0  0  1
    0.2147   -0.0979    3.0111  C  0  0  0  0  0
    1.4590    0.8072    2.8890  C  0  0  0  0  0
    1.4769    1.6064    1.5974  C  0  0  0  0  0
    1.5497    0.6388    0.4040  C  0  0  0  0  0
    0.6406   -0.5715    0.5280  C  0  0  0  0  0
    0.0123   -0.9294    1.7430  C  0  0  0  0  0
   -0.8535   -2.0468    1.7595  C  0  0  0  0  0
   -1.0670   -2.8184    0.6170  C  0  0  0  0  0
   -0.4241   -2.4709   -0.5655  C  0  0  0  0  0
    0.4247   -1.3668   -0.6109  C  0  0  0  0  0
    0.3657    2.6693    1.5270  C  0  0  0  0  0
   -0.9698    2.1146    1.1222  N  0  0  0  0  0
   -1.7937    1.4380    2.1755  C  0  0  0  0  0
   -1.0387    0.7602    3.3196  C  0  0  0  0  0
  1  6  1  0  0  0
  1 14  1  0  0  0
  1  2  1  0  0  0
  2  3  1  0  0  0
  3  4  1  0  0  0
  3 11  1  0  0  0
  4  5  1  0  0  0
  5 10  2  0  0  0
  5  6  1  0  0  0
  6  7  2  0  0  0
  7  8  1  0  0  0
  8  9  2  0  0  0
  9 10  1  0  0  0
 11 12  1  0  0  0
 12 13  1  0  0  0
 13 14  1  0  0  0
M  END
$$$$
c12c(cccc1)CC3CC2CCNC3
  -ISIS-

 14 16  0  0  0  0  0  0  0  0  1
    0.2147   -0.0979    3.0111  C  0  0  0  0  0
    1.4590    0.8072    2.8890  C  0  0  0  0  0
    1.4769    1.6064    1.5974  C  0  0  0  0  0
    1.5497    0.6388    0.4040  C  0  0  0  0  0
    0.6406   -0.5715    0.5280  C  0  0  0  0  0
    0.0123   -0.9294    1.7430  C  0  0  0  0  0
   -0.8535   -2.0468    1.7595  C  0  0  0  0  0
   -1.0670   -2.8184    0.6170  C  0  0  0  0  0
   -0.4241   -2.4709   -0.5655  C  0  0  0  0  0
    0.4247   -1.3668   -0.6109  C  0  0  0  0  0
    0.3657    2.6693    1.5270  C  0  0  0  0  0
   -0.9698    2.1146    1.1222  N  0  0  0  0  0
   -1.7937    1.4380    2.1755  C  0  0  0  0  0
   -1.0387    0.7602    3.3196  C  0  0  0  0  0
  1  6  1  0  0  0
  1 14  1  0  0  0
  1  2  1  0  0  0
  2  3  1  0  0  0
  3  4  1  0  0  0
  3 11  1  0  0  0
  4  5  1  0  0  0
  5 10  2  0  0  0
  5  6  1  0  0  0
  6  7  2  0  0  0
  7  8  1  0  0  0
  8  9  2  0  0  0
  9 10  1  0  0  0
 11 12  1  0  0  0
 12 13  1  0  0  0
 13 14  1  0  0  0
M  END
$$$$
c12c(cccc1)CC3CC2CCNC3
  -ISIS-

 14 16  0  0  0  0  0  0  0  0  1
    0.2147   -0.0979    3.0111  C  0  0  0  0  0
    1.4590    0.8072    2.8890  C  0  0  0  0  0
    1.4769    1.6064    1.5974  C  0  0  0  0  0
    1.5497    0.6388    0.4040  C  0  0  0  0  0
    0.6406   -0.5715    0.5280  C  0  0  0  0  0
    0.0123   -0.9294    1.7430  C  0  0  0  0  0
   -0.8535   -2.0468    1.7595  C  0  0  0  0  0
   -1.0670   -2.8184    0.6170  C  0  0  0  0  0
   -0.4241   -2.4709   -0.5655  C  0  0  0  0  0
    0.4247   -1.3668   -0.6109  C  0  0  0  0  0
    0.3657    2.6693    1.5270  C  0  0  0  0  0
   -0.9698    2.1146    1.1222  N  0  0  0  0  0
   -1.7937    1.4380    2.1755  C  0  0  0  0  0
   -1.0387    0.7602    3.3196  C  0  0  0  0  0
  1  6  1  0  0  0
  1 14  1  0  0  0
  1  2  1  0  0  0
  2  3  1  0  0  0
  3  4  1  0  0  0
  3 11  1  0  0  0
  4  5  1  0  0  0
  5 10  2  0  0  0
  5  6  1  0  0  0
  6  7  2  0  0  0
  7  8  1  0  0  0
  8  9  2  0  0  0
  9 10  1  0  0  0
 11 12  1  0  0  0
 12 13  1  0  0  0
 13 14  1  0  0  0
M  END
$$$$
c12c(cccc1)CC3CC2CCNC3
  -ISIS-

 14 16  0  0  0  0  0  0  0  0  1
   -2.1878   -3.4617    1.1511  C  0  0  0  0  0
   -2.3007   -4.9257    0.6723  C  0  0  0  0  0
   -1.6180   -5.1217   -0.6748  C  0  0  0  0  0
   -2.4737   -4.3893   -1.7250  C  0  0  0  0  0
   -2.7745   -2.9550   -1.3162  C  0  0  0  0  0
   -2.6679   -2.5214    0.0296  C  0  0  0  0  0
   -2.9584   -1.1739    0.3252  C  0  0  0  0  0
   -3.3828   -0.2752   -0.6570  C  0  0  0  0  0
   -3.5181   -0.7170   -1.9663  C  0  0  0  0  0
   -3.2194   -2.0432   -2.2910  C  0  0  0  0  0
   -0.1602   -4.6477   -0.7718  C  0  0  0  0  0
    0.6670   -4.9010    0.4707  N  0  0  0  0  0
    0.2459   -4.2147    1.7565  C  0  0  0  0  0
   -0.7271   -3.0584    1.5418  C  0  0  0  0  0
  1  6  1  0  0  0
  1 14  1  0  0  0
  1  2  1  0  0  0
  2  3  1  0  0  0
  3  4  1  0  0  0
  3 11  1  0  0  0
  4  5  1  0  0  0
  5 10  2  0  0  0
  5  6  1  0  0  0
  6  7  2  0  0  0
  7  8  1  0  0  0
  8  9  2  0  0  0
  9 10  1  0  0  0
 11 12  1  0  0  0
 12 13  1  0  0  0
 13 14  1  0  0  0
M  END
$$$$
c12c(cccc1)CC3CC2CCNC3
  -ISIS-

 14 16  0  0  0  0  0  0  0  0  1
   -2.1878   -3.4617    1.1511  C  0  0  0  0  0
   -2.3007   -4.9257    0.6723  C  0  0  0  0  0
   -1.6180   -5.1217   -0.6748  C  0  0  0  0  0
   -2.4737   -4.3893   -1.7250  C  0  0  0  0  0
   -2.7745   -2.9550   -1.3162  C  0  0  0  0  0
   -2.6679   -2.5214    0.0296  C  0  0  0  0  0
   -2.9584   -1.1739    0.3252  C  0  0  0  0  0
   -3.3828   -0.2752   -0.6570  C  0  0  0  0  0
   -3.5181   -0.7170   -1.9663  C  0  0  0  0  0
   -3.2194   -2.0432   -2.2910  C  0  0  0  0  0
   -0.1602   -4.6477   -0.7718  C  0  0  0  0  0
    0.6670   -4.9010    0.4707  N  0  0  0  0  0
    0.2459   -4.2147    1.7565  C  0  0  0  0  0
   -0.7271   -3.0584    1.5418  C  0  0  0  0  0
  1  6  1  0  0  0
  1 14  1  0  0  0
  1  2  1  0  0  0
  2  3  1  0  0  0
  3  4  1  0  0  0
  3 11  1  0  0  0
  4  5  1  0  0  0
  5 10  2  0  0  0
  5  6  1  0  0  0
  6  7  2  0  0  0
  7  8  1  0  0  0
  8  9  2  0  0  0
  9 10  1  0  0  0
 11 12  1  0  0  0
 12 13  1  0  0  0
 13 14  1  0  0  0
M  END
$$$$
c12c(cccc1)CC3CC2CCNC3
  -ISIS-

 14 16  0  0  0  0  0  0  0  0  1
   -2.1878   -3.4617    1.1511  C  0  0  0  0  0
   -2.3007   -4.9257    0.6723  C  0  0  0  0  0
   -1.6180   -5.1217   -0.6748  C  0  0  0  0  0
   -2.4737   -4.3893   -1.7250  C  0  0  0  0  0
   -2.7745   -2.9550   -1.3162  C  0  0  0  0  0
   -2.6679   -2.5214    0.0296  C  0  0  0  0  0
   -2.9584   -1.1739    0.3252  C  0  0  0  0  0
   -3.3828   -0.2752   -0.6570  C  0  0  0  0  0
   -3.5181   -0.7170   -1.9663  C  0  0  0  0  0
   -3.2194   -2.0432   -2.2910  C  0  0  0  0  0
   -0.1602   -4.6477   -0.7718  C  0  0  0  0  0
    0.6670   -4.9010    0.4707  N  0  0  0  0  0
    0.2459   -4.2147    1.7565  C  0  0  0  0  0
   -0.7271   -3.0584    1.5418  C  0  0  0  0  0
  1  6  1  0  0  0
  1 14  1  0  0  0
  1  2  1  0  0  0
  2  3  1  0  0  0
  3  4  1  0  0  0
  3 11  1  0  0  0
  4  5  1  0  0  0
  5 10  2  0  0  0
  5  6  1  0  0  0
  6  7  2  0  0  0
  7  8  1  0  0  0
  8  9  2  0  0  0
  9 10  1  0  0  0
 11 12  1  0  0  0
 12 13  1  0  0  0
 13 14  1  0  0  0
M  END
$$$$
c12c(cccc1)CC3CC2CCNC3
  -ISIS-

 14 16  0  0  0  0  0  0  0  0  1
   -2.1878   -3.4617    1.1511  C  0  0  0  0  0
   -2.3007   -4.9257    0.6723  C  0  0  0  0  0
   -1.6180   -5.1217   -0.6748  C  0  0  0  0  0
   -2.4737   -4.3893   -1.7250  C  0  0  0  0  0
   -2.7745   -2.9550   -1.3162  C  0  0  0  0  0
   -2.6679   -2.5214    0.0296  C  0  0  0  0  0
   -2.9584   -1.1739    0.3252  C  0  0  0  0  0
   -3.3828   -0.2752   -0.6570  C  0  0  0  0  0
   -3.5181   -0.7170   -1.9663  C  0  0  0  0  0
   -3.2194   -2.0432   -2.2910  C  0  0  0  0  0
   -0.1602   -4.6477   -0.7718  C  0  0  0  0  0
    0.6670   -4.9010    0.4707  N  0  0  0  0  0
    0.2459   -4.2147    1.7565  C  0  0  0  0  0
   -0.7271   -3.0584    1.5418  C  0  0  0  0  0
  1  6  1  0  0  0
  1 14  1  0  0  0
  1  2  1  0  0  0
  2  3  1  0  0  0
  3  4  1  0  0  0
  3 11  1  0  0  0
  4  5  1  0  0  0
  5 10  2  0  0  0
  5  6  1  0  0  0
  6  7  2  0  0  0
  7  8  1  0  0  0
  8  9  2  0  0  0
  9 10  1  0  0  0
 11 12  1  0  0  0
 12 13  1  0  0  0
 13 14  1  0  0  0
M  END
$$$$
