C12c3[c]4c(ccc[c]4ccc3)CN1c5[c]6c(N=2)ccc7[c]6c(cc5)CC7
  -ISIS-

 26 32  0  0  0  0  0  0  0  0  1
   -0.0903   -4.7664    5.5833  N  0  0  0  0  0
   -0.0581   -5.3718    4.3147  C  0  0  0  0  0
    0.4323   -6.7688    4.2321  C  0  0  0  0  0
    0.8418   -7.4448    5.3803  C  0  0  0  0  0
    1.3059   -8.7815    5.2708  C  0  0  0  0  0
    1.7194   -9.4687    6.4210  C  0  0  0  0  0
    1.6783   -8.8508    7.6678  C  0  0  0  0  0
    1.2230   -7.5396    7.7741  C  0  0  0  0  0
    0.8046   -6.8350    6.6334  C  0  0  0  0  0
    0.3213   -5.4341    6.7681  C  0  0  0  0  0
    0.3109   -4.9201    7.9671  N  0  0  0  0  0
   -0.1356   -3.6090    8.1325  C  0  0  0  0  0
   -0.5561   -2.8824    7.0321  C  0  0  0  0  0
   -0.9928   -1.5772    7.2511  C  0  0  0  0  0
   -1.0337   -0.9683    8.4749  C  0  0  0  0  0
   -0.6160   -1.6832    9.5847  C  0  0  0  0  0
   -0.1664   -3.0082    9.4065  C  0  0  0  0  0
   -1.5533    0.4334    8.3551  C  0  0  0  0  0
   -1.8318    0.5873    6.8304  C  0  0  0  0  0
   -1.4345   -0.7438    6.2678  C  0  0  0  0  0
   -1.4519   -1.2191    4.9706  C  0  0  0  0  0
   -1.0143   -2.5424    4.7116  C  0  0  0  0  0
   -0.5571   -3.4024    5.7389  C  0  0  0  0  0
    1.3462   -9.4016    4.0134  C  0  0  0  0  0
    0.9353   -8.7177    2.8726  C  0  0  0  0  0
    0.4801   -7.4068    2.9809  C  0  0  0  0  0
  1 10  1  0  0  0
  1 23  1  0  0  0
  1  2  1  0  0  0
  2  3  1  0  0  0
  3 26  2  0  0  0
  3  4  1  0  0  0
  4  9  2  0  0  0
  4  5  2  0  0  0
  5  6  1  0  0  0
  5 24  1  0  0  0
  6  7  2  0  0  0
  7  8  1  0  0  0
  8  9  2  0  0  0
  9 10  1  0  0  0
 10 11  2  0  0  0
 11 12  1  0  0  0
 12 17  2  0  0  0
 12 13  1  0  0  0
 13 23  2  0  0  0
 13 14  2  0  0  0
 14 20  1  0  0  0
 14 15  1  0  0  0
 15 16  2  0  0  0
 15 18  1  0  0  0
 16 17  1  0  0  0
 18 19  1  0  0  0
 19 20  1  0  0  0
 20 21  2  0  0  0
 21 22  1  0  0  0
 22 23  2  0  0  0
 24 25  2  0  0  0
 25 26  1  0  0  0
M  END
$$$$
