c12c(cccc1)CCN3C2CCCC3
  -ISIS-

 14 16  0  0  0  0  0  0  0  0  1
   -4.9641   -3.6866    4.9769  C  0  0  0  0  0
   -5.9954   -3.8305    5.9248  C  0  0  0  0  0
   -5.6933   -4.0230    7.3878  C  0  0  0  0  0
   -4.2923   -4.5802    7.6127  C  0  0  0  0  0
   -3.2864   -3.7108    6.8855  N  0  0  0  0  0
   -3.5008   -3.7469    5.3797  C  0  0  0  0  0
   -2.6754   -2.6105    4.7660  C  0  0  0  0  0
   -1.4282   -2.3599    5.5750  C  0  0  0  0  0
   -0.8075   -3.5250    6.3068  C  0  0  0  0  0
   -1.8628   -4.0317    7.2997  C  0  0  0  0  0
   -7.3351   -3.7532    5.5137  C  0  0  0  0  0
   -7.6589   -3.5708    4.1678  C  0  0  0  0  0
   -6.6500   -3.5207    3.2074  C  0  0  0  0  0
   -5.3137   -3.5514    3.6198  C  0  0  0  0  0
  1  6  1  0  0  0
  1 14  2  0  0  0
  1  2  1  0  0  0
  2  3  1  0  0  0
  2 11  2  0  0  0
  3  4  1  0  0  0
  4  5  1  0  0  0
  5 10  1  0  0  0
  5  6  1  0  0  0
  6  7  1  0  0  0
  7  8  1  0  0  0
  8  9  1  0  0  0
  9 10  1  0  0  0
 11 12  1  0  0  0
 12 13  2  0  0  0
 13 14  1  0  0  0
M  END
$$$$
