c12c(SC3N1Cc4c(ncnc4)C3)cccc2
  -ISIS-

 17 20  0  0  0  0  0  0  0  0  1
   -0.3610    1.4530    5.1331  N  0  0  0  0  0
   -1.2903    0.6856    4.5232  C  0  0  0  0  0
   -2.5104    0.3908    5.0868  C  0  0  0  0  0
   -2.7389    0.9121    6.3511  C  0  0  0  0  0
   -1.8286    1.6866    6.9919  N  0  0  0  0  0
   -0.6643    1.9215    6.3544  C  0  0  0  0  0
   -4.0361    0.6197    7.0773  C  0  0  0  0  0
   -5.1252    0.5058    6.0103  C  0  0  0  0  0
   -6.7974    0.1122    6.6170  S  0  0  0  0  0
   -7.0105   -1.0979    5.3441  C  0  0  0  0  0
   -5.8585   -1.2806    4.5689  C  0  0  0  0  0
   -4.7710   -0.4596    4.9585  N  0  0  0  0  0
   -3.5084   -0.4446    4.3837  C  0  0  0  0  0
   -5.8620   -2.2224    3.5469  C  0  0  0  0  0
   -7.0244   -2.9630    3.3039  C  0  0  0  0  0
   -8.1712   -2.7674    4.0815  C  0  0  0  0  0
   -8.1673   -1.8298    5.1134  C  0  0  0  0  0
  1  6  2  0  0  0
  1  2  1  0  0  0
  2  3  2  0  0  0
  3 13  1  0  0  0
  3  4  1  0  0  0
  4  5  2  0  0  0
  4  7  1  0  0  0
  5  6  1  0  0  0
  7  8  1  0  0  0
  8 12  1  0  0  0
  8  9  1  0  0  0
  9 10  1  0  0  0
 10 17  2  0  0  0
 10 11  1  0  0  0
 11 12  1  0  0  0
 11 14  2  0  0  0
 12 13  1  0  0  0
 14 15  1  0  0  0
 15 16  2  0  0  0
 16 17  1  0  0  0
M  END
$$$$
