c12c(OCCO1)c[c]3[c](noc3)c2
  -ISIS-

 13 15  0  0  0  0  0  0  0  0  1
    0.7917    1.4195   -2.8432  C  0  0  0  0  0
    0.4520    0.1211   -3.2177  C  0  0  0  0  0
    1.2115   -0.3083   -4.3248  C  0  0  0  0  0
    0.9080   -1.5833   -4.7581  O  0  0  0  0  0
    1.4290   -1.8408   -6.0651  C  0  0  0  0  0
    2.8763   -1.3974   -6.1534  C  0  0  0  0  0
    2.9707    0.0234   -6.0191  O  0  0  0  0  0
    2.2224    0.4917   -4.9584  C  0  0  0  0  0
    2.5281    1.8128   -4.5693  C  0  0  0  0  0
    1.7744    2.2680   -3.4757  C  0  0  0  0  0
    1.7939    3.4555   -2.8500  N  0  0  0  0  0
    0.8501    3.3868   -1.8408  O  0  0  0  0  0
    0.2475    2.1585   -1.8250  C  0  0  0  0  0
  1 13  2  0  0  0
  1 10  2  0  0  0
  1  2  1  0  0  0
  2  3  2  0  0  0
  3  8  2  0  0  0
  3  4  1  0  0  0
  4  5  1  0  0  0
  5  6  1  0  0  0
  6  7  1  0  0  0
  7  8  1  0  0  0
  8  9  2  0  0  0
  9 10  1  0  0  0
 10 11  2  0  0  0
 11 12  1  0  0  0
 12 13  1  0  0  0
M  END
$$$$
c12c(OCCO1)c[c]3[c](noc3)c2
  -ISIS-

 13 15  0  0  0  0  0  0  0  0  1
    0.8713    3.5816   -1.2227  C  0  0  0  0  0
   -0.1037    2.6183   -1.2477  C  0  0  0  0  0
    0.5163    1.4101   -1.4145  O  0  0  0  0  0
    1.8866    1.5733   -1.5137  N  0  0  0  0  0
    2.1263    2.8889   -1.3980  C  0  0  0  0  0
    3.3430    3.5891   -1.4231  C  0  0  0  0  0
    3.1985    4.9829   -1.2616  C  0  0  0  0  0
    4.3848    5.6865   -1.3059  O  0  0  0  0  0
    4.1675    7.0890   -1.4816  C  0  0  0  0  0
    3.0947    7.5801   -0.5293  C  0  0  0  0  0
    1.8319    6.9931   -0.8564  O  0  0  0  0  0
    1.9334    5.6308   -1.0539  C  0  0  0  0  0
    0.6984    4.9518   -1.0385  C  0  0  0  0  0
  1  5  2  0  0  0
  1 13  1  0  0  0
  1  2  2  0  0  0
  2  3  1  0  0  0
  3  4  1  0  0  0
  4  5  2  0  0  0
  5  6  1  0  0  0
  6  7  2  0  0  0
  7 12  1  0  0  0
  7  8  1  0  0  0
  8  9  1  0  0  0
  9 10  1  0  0  0
 10 11  1  0  0  0
 11 12  1  0  0  0
 12 13  2  0  0  0
M  END
$$$$
