c12c3c([s]c1NCSC2)CCC3
  -ISIS-

 12 14  0  0  0  0  0  0  0  0  1
    1.3350   -0.5611    2.1304  C  0  0  0  0  0
    0.4962   -1.6271    2.0383  N  0  0  0  0  0
   -0.3157   -1.8461    0.9587  C  0  0  0  0  0
   -0.3383   -0.7625   -0.4162  S  0  0  0  0  0
    0.7959    0.4786   -0.0179  C  0  0  0  0  0
    1.5204    0.4440    1.2161  C  0  0  0  0  0
    2.4904    1.3437    1.7267  C  0  0  0  0  0
    2.9557    0.9700    2.9604  C  0  0  0  0  0
    3.9657    1.8906    3.5301  C  0  0  0  0  0
    4.3213    2.7487    2.2764  C  0  0  0  0  0
    3.1346    2.6018    1.2712  C  0  0  0  0  0
    2.2724   -0.4417    3.5450  S  0  0  0  0  0
  1  6  2  0  0  0
  1 12  1  0  0  0
  1  2  1  0  0  0
  2  3  1  0  0  0
  3  4  1  0  0  0
  4  5  1  0  0  0
  5  6  1  0  0  0
  6  7  1  0  0  0
  7 11  1  0  0  0
  7  8  2  0  0  0
  8  9  1  0  0  0
  8 12  1  0  0  0
  9 10  1  0  0  0
 10 11  1  0  0  0
M  END
$$$$
