c12c(cccc1)NC3N4C(CN5C(C4)CCC5)CC23
  -ISIS-

 19 23  0  0  0  0  0  0  0  0  1
   -4.5704   -1.4448   -6.3367  C  0  0  0  0  0
   -4.4088   -2.9431   -6.6478  C  0  0  0  0  0
   -3.3662   -3.6174   -5.8745  N  0  0  0  0  0
   -3.0918   -3.2995   -4.5519  C  0  0  0  0  0
   -3.2653   -1.7946   -4.3114  C  0  0  0  0  0
   -3.2999   -1.2537   -2.8575  C  0  0  0  0  0
   -4.6880   -0.6473   -2.8072  C  0  0  0  0  0
   -4.8369   -0.1093   -4.2463  C  0  0  0  0  0
   -4.4637   -1.2622   -4.9727  N  0  0  0  0  0
   -6.1966    0.3806   -4.3164  N  0  0  0  0  0
   -6.1844    1.0926   -3.0535  C  0  0  0  0  0
   -7.0159    2.1287   -2.6889  C  0  0  0  0  0
   -6.8609    2.6583   -1.4038  C  0  0  0  0  0
   -5.9114    2.1278   -0.5057  C  0  0  0  0  0
   -5.1044    1.0443   -0.8636  C  0  0  0  0  0
   -5.2567    0.5387   -2.1353  C  0  0  0  0  0
   -2.9228   -4.8245   -6.5362  C  0  0  0  0  0
   -3.5897   -4.7735   -7.9131  C  0  0  0  0  0
   -4.0487   -3.3185   -8.0729  C  0  0  0  0  0
  1  9  1  0  0  0
  1  2  1  0  0  0
  2 19  1  0  0  0
  2  3  1  0  0  0
  3  4  1  0  0  0
  3 17  1  0  0  0
  4  5  1  0  0  0
  5  9  1  0  0  0
  5  6  1  0  0  0
  6  7  1  0  0  0
  7 16  1  0  0  0
  7  8  1  0  0  0
  8  9  1  0  0  0
  8 10  1  0  0  0
 10 11  1  0  0  0
 11 16  2  0  0  0
 11 12  1  0  0  0
 12 13  2  0  0  0
 13 14  1  0  0  0
 14 15  2  0  0  0
 15 16  1  0  0  0
 17 18  1  0  0  0
 18 19  1  0  0  0
M  END
$$$$
c12c(cccc1)NC3N4C(CN5C(C4)CCC5)CC23
  -ISIS-

 19 23  0  0  0  0  0  0  0  0  1
   -4.5704   -1.4448   -6.3367  C  0  0  0  0  0
   -4.4088   -2.9431   -6.6478  C  0  0  0  0  0
   -3.3662   -3.6174   -5.8745  N  0  0  0  0  0
   -3.0918   -3.2995   -4.5519  C  0  0  0  0  0
   -3.2653   -1.7946   -4.3114  C  0  0  0  0  0
   -3.2999   -1.2537   -2.8575  C  0  0  0  0  0
   -4.6880   -0.6473   -2.8072  C  0  0  0  0  0
   -4.8369   -0.1093   -4.2463  C  0  0  0  0  0
   -4.4637   -1.2622   -4.9727  N  0  0  0  0  0
   -6.1966    0.3806   -4.3164  N  0  0  0  0  0
   -6.1844    1.0926   -3.0535  C  0  0  0  0  0
   -7.0159    2.1287   -2.6889  C  0  0  0  0  0
   -6.8609    2.6583   -1.4038  C  0  0  0  0  0
   -5.9114    2.1278   -0.5057  C  0  0  0  0  0
   -5.1044    1.0443   -0.8636  C  0  0  0  0  0
   -5.2567    0.5387   -2.1353  C  0  0  0  0  0
   -2.9228   -4.8245   -6.5362  C  0  0  0  0  0
   -3.5897   -4.7735   -7.9131  C  0  0  0  0  0
   -4.0487   -3.3185   -8.0729  C  0  0  0  0  0
  1  9  1  0  0  0
  1  2  1  0  0  0
  2 19  1  0  0  0
  2  3  1  0  0  0
  3  4  1  0  0  0
  3 17  1  0  0  0
  4  5  1  0  0  0
  5  9  1  0  0  0
  5  6  1  0  0  0
  6  7  1  0  0  0
  7 16  1  0  0  0
  7  8  1  0  0  0
  8  9  1  0  0  0
  8 10  1  0  0  0
 10 11  1  0  0  0
 11 16  2  0  0  0
 11 12  1  0  0  0
 12 13  2  0  0  0
 13 14  1  0  0  0
 14 15  2  0  0  0
 15 16  1  0  0  0
 17 18  1  0  0  0
 18 19  1  0  0  0
M  END
$$$$
