c12c3c(OCCC3)ccc1CC=CO2
  -ISIS-

 14 16  0  0  0  0  0  0  0  0  1
    3.0522   -0.1724   -7.3684  C  0  0  0  0  0
    3.6534    1.1169   -7.5620  O  0  0  0  0  0
    2.8488    2.2223   -7.4505  C  0  0  0  0  0
    3.3807    3.4332   -7.9397  C  0  0  0  0  0
    2.5927    4.5935   -7.8658  C  0  0  0  0  0
    1.3088    4.5524   -7.3047  C  0  0  0  0  0
    0.8045    3.3509   -6.8109  C  0  0  0  0  0
    1.5731    2.1761   -6.8653  C  0  0  0  0  0
    1.0138    0.8814   -6.3419  C  0  0  0  0  0
    2.1072   -0.1584   -6.1635  C  0  0  0  0  0
   -0.4508    3.2576   -6.2573  O  0  0  0  0  0
   -1.2224    4.3900   -6.1979  C  0  0  0  0  0
   -0.8890    5.6144   -6.6316  C  0  0  0  0  0
    0.4669    5.7610   -7.2247  C  0  0  0  0  0
  1 10  1  0  0  0
  1  2  1  0  0  0
  2  3  1  0  0  0
  3  8  2  0  0  0
  3  4  1  0  0  0
  4  5  2  0  0  0
  5  6  1  0  0  0
  6 14  1  0  0  0
  6  7  2  0  0  0
  7  8  1  0  0  0
  7 11  1  0  0  0
  8  9  1  0  0  0
  9 10  1  0  0  0
 11 12  1  0  0  0
 12 13  2  0  0  0
 13 14  1  0  0  0
M  END
$$$$
