c12c(OCCOPOCCO1)cccc2
  -ISIS-

 15 16  0  0  0  0  0  0  0  0  1
    4.3913   -2.9353   -0.5444  P  0  0  0  0  0
    5.9414   -2.6262   -0.9011  O  0  0  0  0  0
    6.4083   -2.5416   -2.2406  C  0  0  0  0  0
    7.0434   -3.8558   -2.6924  C  0  0  0  0  0
    6.0214   -4.8586   -2.7529  O  0  0  0  0  0
    6.4934   -6.0857   -3.1393  C  0  0  0  0  0
    7.0654   -6.2307   -4.4116  C  0  0  0  0  0
    7.5579   -7.4659   -4.8331  C  0  0  0  0  0
    7.4696   -8.5686   -3.9909  C  0  0  0  0  0
    6.8674   -8.4369   -2.7393  C  0  0  0  0  0
    6.3487   -7.2073   -2.3107  C  0  0  0  0  0
    5.7858   -7.2717   -1.0643  O  0  0  0  0  0
    4.7882   -6.3120   -0.7201  C  0  0  0  0  0
    5.3903   -5.2659    0.2097  C  0  0  0  0  0
    4.5118   -4.1893    0.4778  O  0  0  0  0  0
  1 15  1  0  0  0
  1  2  1  0  0  0
  2  3  1  0  0  0
  3  4  1  0  0  0
  4  5  1  0  0  0
  5  6  1  0  0  0
  6 11  2  0  0  0
  6  7  1  0  0  0
  7  8  2  0  0  0
  8  9  1  0  0  0
  9 10  2  0  0  0
 10 11  1  0  0  0
 11 12  1  0  0  0
 12 13  1  0  0  0
 13 14  1  0  0  0
 14 15  1  0  0  0
M  END
$$$$
