c12c(cnc1)CC=CC2
  -ISIS-

  9 10  0  0  0  0  0  0  0  0  1
   -1.5450    2.8744   -6.0978  C  0  0  0  0  0
   -1.8074    2.0517   -7.3397  C  0  0  0  0  0
   -1.1989    0.8646   -7.5852  C  0  0  0  0  0
   -0.2188    0.2323   -6.6278  C  0  0  0  0  0
    0.0124    1.0106   -5.4326  C  0  0  0  0  0
    0.8274    0.7057   -4.3519  C  0  0  0  0  0
    0.6431    1.7125   -3.4208  N  0  0  0  0  0
   -0.2282    2.6712   -3.9102  C  0  0  0  0  0
   -0.6240    2.2477   -5.1716  C  0  0  0  0  0
  1  9  1  0  0  0
  1  2  1  0  0  0
  2  3  2  0  0  0
  3  4  1  0  0  0
  4  5  1  0  0  0
  5  9  1  0  0  0
  5  6  2  0  0  0
  6  7  1  0  0  0
  7  8  1  0  0  0
  8  9  2  0  0  0
M  END
$$$$
