C12C3c4[c]5c(C=1NNC=C2C=CC=3)ccc[c]5ccc4
  -ISIS-

 20 24  0  0  0  0  0  0  0  0  1
    5.0938    1.4616   -4.5896  C  0  0  0  0  0
    5.9157    1.6811   -3.5566  N  0  0  0  0  0
    5.8392    2.8669   -2.8834  N  0  0  0  0  0
    4.9601    3.8288   -3.2254  C  0  0  0  0  0
    4.9145    5.0333   -2.5077  C  0  0  0  0  0
    5.7842    5.2614   -1.4183  C  0  0  0  0  0
    5.7573    6.4486   -0.6921  C  0  0  0  0  0
    4.8548    7.4442   -1.0382  C  0  0  0  0  0
    3.9738    7.2622   -2.1104  C  0  0  0  0  0
    3.9938    6.0498   -2.8603  C  0  0  0  0  0
    3.1030    5.8632   -3.9465  C  0  0  0  0  0
    3.1474    4.6335   -4.6817  C  0  0  0  0  0
    4.0816    3.6271   -4.3082  C  0  0  0  0  0
    4.1487    2.3985   -5.0186  C  0  0  0  0  0
    3.2723    2.1895   -6.1038  C  0  0  0  0  0
    2.3551    3.1540   -6.4854  C  0  0  0  0  0
    2.2986    4.3549   -5.7814  C  0  0  0  0  0
    2.2114    6.9274   -4.2373  C  0  0  0  0  0
    2.1952    8.1118   -3.5011  C  0  0  0  0  0
    3.0736    8.2771   -2.4420  C  0  0  0  0  0
  1 14  2  0  0  0
  1  2  1  0  0  0
  2  3  1  0  0  0
  3  4  1  0  0  0
  4 13  2  0  0  0
  4  5  1  0  0  0
  5 10  2  0  0  0
  5  6  1  0  0  0
  6  7  2  0  0  0
  7  8  1  0  0  0
  8  9  2  0  0  0
  9 20  1  0  0  0
  9 10  2  0  0  0
 10 11  1  0  0  0
 11 12  1  0  0  0
 11 18  2  0  0  0
 12 17  2  0  0  0
 12 13  1  0  0  0
 13 14  1  0  0  0
 14 15  1  0  0  0
 15 16  2  0  0  0
 16 17  1  0  0  0
 18 19  1  0  0  0
 19 20  2  0  0  0
M  END
$$$$
