c12n[c]3[c]([n]1CNCS2)cccc3
  -ISIS-

 13 15  0  0  0  0  0  0  0  0  1
    1.0207    0.5052    5.2670  C  0  0  0  0  0
    0.7337    0.1011    3.9709  N  0  0  0  0  0
    1.2517    0.5948    2.7656  C  0  0  0  0  0
    2.2396    1.5741    2.8876  N  0  0  0  0  0
    2.9220    2.2013    1.8426  C  0  0  0  0  0
    2.8633    2.0861    0.4437  C  0  0  0  0  0
    3.7219    2.8936   -0.3114  C  0  0  0  0  0
    4.6047    3.7808    0.3019  C  0  0  0  0  0
    4.6537    3.8858    1.6956  C  0  0  0  0  0
    3.7995    3.0837    2.4675  C  0  0  0  0  0
    3.6749    3.0193    3.8243  N  0  0  0  0  0
    2.7436    2.1213    4.0375  C  0  0  0  0  0
    2.2141    1.6982    5.6083  S  0  0  0  0  0
  1 13  1  0  0  0
  1  2  1  0  0  0
  2  3  1  0  0  0
  3  4  1  0  0  0
  4 12  1  0  0  0
  4  5  1  0  0  0
  5 10  2  0  0  0
  5  6  1  0  0  0
  6  7  2  0  0  0
  7  8  1  0  0  0
  8  9  2  0  0  0
  9 10  1  0  0  0
 10 11  1  0  0  0
 11 12  2  0  0  0
 12 13  1  0  0  0
M  END
$$$$
