c12N=CNC[n]1ncc2
  -ISIS-

  9 10  0  0  0  0  0  0  0  0  1
   -2.7396   -0.1416    2.9055  C  0  0  0  0  0
   -2.9371    0.2862    4.2296  C  0  0  0  0  0
   -3.4676   -0.6712    5.0022  N  0  0  0  0  0
   -3.6103   -1.7262    4.1553  N  0  0  0  0  0
   -3.1799   -1.4474    2.8704  C  0  0  0  0  0
   -3.2439   -2.3800    1.8840  N  0  0  0  0  0
   -3.7281   -3.5316    2.2225  C  0  0  0  0  0
   -4.1711   -3.8605    3.4889  N  0  0  0  0  0
   -4.1403   -2.9640    4.5550  C  0  0  0  0  0
  1  5  2  0  0  0
  1  2  1  0  0  0
  2  3  2  0  0  0
  3  4  1  0  0  0
  4  9  1  0  0  0
  4  5  1  0  0  0
  5  6  1  0  0  0
  6  7  2  0  0  0
  7  8  1  0  0  0
  8  9  1  0  0  0
M  END
$$$$
c12N=CNC[n]1ncc2
  -ISIS-

  9 10  0  0  0  0  0  0  0  0  1
   -2.7396   -0.1416    2.9055  C  0  0  0  0  0
   -2.9371    0.2862    4.2296  C  0  0  0  0  0
   -3.4676   -0.6712    5.0022  N  0  0  0  0  0
   -3.6103   -1.7262    4.1553  N  0  0  0  0  0
   -3.1799   -1.4474    2.8704  C  0  0  0  0  0
   -3.2439   -2.3800    1.8840  N  0  0  0  0  0
   -3.7281   -3.5316    2.2225  C  0  0  0  0  0
   -4.1711   -3.8605    3.4889  N  0  0  0  0  0
   -4.1403   -2.9640    4.5550  C  0  0  0  0  0
  1  5  2  0  0  0
  1  2  1  0  0  0
  2  3  2  0  0  0
  3  4  1  0  0  0
  4  9  1  0  0  0
  4  5  1  0  0  0
  5  6  1  0  0  0
  6  7  2  0  0  0
  7  8  1  0  0  0
  8  9  1  0  0  0
M  END
$$$$
c12N=CNC[n]1ncc2
  -ISIS-

  9 10  0  0  0  0  0  0  0  0  1
   -2.7396   -0.1416    2.9055  C  0  0  0  0  0
   -2.9371    0.2862    4.2296  C  0  0  0  0  0
   -3.4676   -0.6712    5.0022  N  0  0  0  0  0
   -3.6103   -1.7262    4.1553  N  0  0  0  0  0
   -3.1799   -1.4474    2.8704  C  0  0  0  0  0
   -3.2439   -2.3800    1.8840  N  0  0  0  0  0
   -3.7281   -3.5316    2.2225  C  0  0  0  0  0
   -4.1711   -3.8605    3.4889  N  0  0  0  0  0
   -4.1403   -2.9640    4.5550  C  0  0  0  0  0
  1  5  2  0  0  0
  1  2  1  0  0  0
  2  3  2  0  0  0
  3  4  1  0  0  0
  4  9  1  0  0  0
  4  5  1  0  0  0
  5  6  1  0  0  0
  6  7  2  0  0  0
  7  8  1  0  0  0
  8  9  1  0  0  0
M  END
$$$$
c12N=CNC[n]1ncc2
  -ISIS-

  9 10  0  0  0  0  0  0  0  0  1
   -2.7396   -0.1416    2.9055  C  0  0  0  0  0
   -2.9371    0.2862    4.2296  C  0  0  0  0  0
   -3.4676   -0.6712    5.0022  N  0  0  0  0  0
   -3.6103   -1.7262    4.1553  N  0  0  0  0  0
   -3.1799   -1.4474    2.8704  C  0  0  0  0  0
   -3.2439   -2.3800    1.8840  N  0  0  0  0  0
   -3.7281   -3.5316    2.2225  C  0  0  0  0  0
   -4.1711   -3.8605    3.4889  N  0  0  0  0  0
   -4.1403   -2.9640    4.5550  C  0  0  0  0  0
  1  5  2  0  0  0
  1  2  1  0  0  0
  2  3  2  0  0  0
  3  4  1  0  0  0
  4  9  1  0  0  0
  4  5  1  0  0  0
  5  6  1  0  0  0
  6  7  2  0  0  0
  7  8  1  0  0  0
  8  9  1  0  0  0
M  END
$$$$
c12N=CNC[n]1ncc2
  -ISIS-

  9 10  0  0  0  0  0  0  0  0  1
   -2.1062    2.6689    3.2197  C  0  0  0  0  0
   -0.9636    2.4952    2.4201  C  0  0  0  0  0
   -0.0472    1.7136    2.9974  N  0  0  0  0  0
   -0.6139    1.3818    4.1876  N  0  0  0  0  0
   -1.8699    1.9418    4.3664  C  0  0  0  0  0
   -2.5932    1.7207    5.5006  N  0  0  0  0  0
   -2.0344    0.9631    6.3859  C  0  0  0  0  0
   -0.7941    0.3923    6.2441  N  0  0  0  0  0
    0.0088    0.5572    5.1368  C  0  0  0  0  0
  1  5  2  0  0  0
  1  2  1  0  0  0
  2  3  2  0  0  0
  3  4  1  0  0  0
  4  9  1  0  0  0
  4  5  1  0  0  0
  5  6  1  0  0  0
  6  7  2  0  0  0
  7  8  1  0  0  0
  8  9  1  0  0  0
M  END
$$$$
c12N=CNC[n]1ncc2
  -ISIS-

  9 10  0  0  0  0  0  0  0  0  1
   -2.1062    2.6689    3.2197  C  0  0  0  0  0
   -0.9636    2.4952    2.4201  C  0  0  0  0  0
   -0.0472    1.7136    2.9974  N  0  0  0  0  0
   -0.6139    1.3818    4.1876  N  0  0  0  0  0
   -1.8699    1.9418    4.3664  C  0  0  0  0  0
   -2.5932    1.7207    5.5006  N  0  0  0  0  0
   -2.0344    0.9631    6.3859  C  0  0  0  0  0
   -0.7941    0.3923    6.2441  N  0  0  0  0  0
    0.0088    0.5572    5.1368  C  0  0  0  0  0
  1  5  2  0  0  0
  1  2  1  0  0  0
  2  3  2  0  0  0
  3  4  1  0  0  0
  4  9  1  0  0  0
  4  5  1  0  0  0
  5  6  1  0  0  0
  6  7  2  0  0  0
  7  8  1  0  0  0
  8  9  1  0  0  0
M  END
$$$$
c12N=CNC[n]1ncc2
  -ISIS-

  9 10  0  0  0  0  0  0  0  0  1
   -3.1828    1.6414   -5.2599  C  0  0  0  0  0
   -3.8570    0.5670   -4.6335  C  0  0  0  0  0
   -3.0515   -0.4443   -4.3057  N  0  0  0  0  0
   -1.8321   -0.0239   -4.7250  N  0  0  0  0  0
   -1.8606    1.2326   -5.3095  C  0  0  0  0  0
   -0.7223    1.8107   -5.7881  N  0  0  0  0  0
    0.3629    1.1228   -5.6624  C  0  0  0  0  0
    0.4269   -0.1218   -5.0897  N  0  0  0  0  0
   -0.6641   -0.7882   -4.5784  C  0  0  0  0  0
  1  5  2  0  0  0
  1  2  1  0  0  0
  2  3  2  0  0  0
  3  4  1  0  0  0
  4  9  1  0  0  0
  4  5  1  0  0  0
  5  6  1  0  0  0
  6  7  2  0  0  0
  7  8  1  0  0  0
  8  9  1  0  0  0
M  END
$$$$
c12N=CNC[n]1ncc2
  -ISIS-

  9 10  0  0  0  0  0  0  0  0  1
   -3.1828    1.6414   -5.2599  C  0  0  0  0  0
   -3.8570    0.5670   -4.6335  C  0  0  0  0  0
   -3.0515   -0.4443   -4.3057  N  0  0  0  0  0
   -1.8321   -0.0239   -4.7250  N  0  0  0  0  0
   -1.8606    1.2326   -5.3095  C  0  0  0  0  0
   -0.7223    1.8107   -5.7881  N  0  0  0  0  0
    0.3629    1.1228   -5.6624  C  0  0  0  0  0
    0.4269   -0.1218   -5.0897  N  0  0  0  0  0
   -0.6641   -0.7882   -4.5784  C  0  0  0  0  0
  1  5  2  0  0  0
  1  2  1  0  0  0
  2  3  2  0  0  0
  3  4  1  0  0  0
  4  9  1  0  0  0
  4  5  1  0  0  0
  5  6  1  0  0  0
  6  7  2  0  0  0
  7  8  1  0  0  0
  8  9  1  0  0  0
M  END
$$$$
c12N=CNC[n]1ncc2
  -ISIS-

  9 10  0  0  0  0  0  0  0  0  1
   -5.0675   -5.2435    2.3415  C  0  0  0  0  0
   -3.8472   -5.7112    1.8032  C  0  0  0  0  0
   -3.9603   -6.8866    1.1835  N  0  0  0  0  0
   -5.2726   -7.1917    1.3184  N  0  0  0  0  0
   -5.9872   -6.2260    2.0143  C  0  0  0  0  0
   -7.3238   -6.3662    2.2455  N  0  0  0  0  0
   -7.8685   -7.4395    1.7804  C  0  0  0  0  0
   -7.1886   -8.4130    1.0878  N  0  0  0  0  0
   -5.8323   -8.3705    0.7987  C  0  0  0  0  0
  1  5  2  0  0  0
  1  2  1  0  0  0
  2  3  2  0  0  0
  3  4  1  0  0  0
  4  9  1  0  0  0
  4  5  1  0  0  0
  5  6  1  0  0  0
  6  7  2  0  0  0
  7  8  1  0  0  0
  8  9  1  0  0  0
M  END
$$$$
c12N=CNC[n]1ncc2
  -ISIS-

  9 10  0  0  0  0  0  0  0  0  1
   -5.0675   -5.2435    2.3415  C  0  0  0  0  0
   -3.8472   -5.7112    1.8032  C  0  0  0  0  0
   -3.9603   -6.8866    1.1835  N  0  0  0  0  0
   -5.2726   -7.1917    1.3184  N  0  0  0  0  0
   -5.9872   -6.2260    2.0143  C  0  0  0  0  0
   -7.3238   -6.3662    2.2455  N  0  0  0  0  0
   -7.8685   -7.4395    1.7804  C  0  0  0  0  0
   -7.1886   -8.4130    1.0878  N  0  0  0  0  0
   -5.8323   -8.3705    0.7987  C  0  0  0  0  0
  1  5  2  0  0  0
  1  2  1  0  0  0
  2  3  2  0  0  0
  3  4  1  0  0  0
  4  9  1  0  0  0
  4  5  1  0  0  0
  5  6  1  0  0  0
  6  7  2  0  0  0
  7  8  1  0  0  0
  8  9  1  0  0  0
M  END
$$$$
c12N=CNC[n]1ncc2
  -ISIS-

  9 10  0  0  0  0  0  0  0  0  1
   -1.0819   -4.8557    2.3967  C  0  0  0  0  0
   -2.1651   -4.0008    2.4957  N  0  0  0  0  0
   -2.1152   -3.1887    3.5829  N  0  0  0  0  0
   -0.9721   -3.5353    4.1901  C  0  0  0  0  0
   -0.2975   -4.5652    3.4915  C  0  0  0  0  0
   -3.2151   -3.9729    1.5656  C  0  0  0  0  0
   -3.0114   -4.8988    0.5661  N  0  0  0  0  0
   -1.9225   -5.7312    0.5020  C  0  0  0  0  0
   -0.9638   -5.7444    1.3670  N  0  0  0  0  0
  1  5  2  0  0  0
  1  9  1  0  0  0
  1  2  2  0  0  0
  2  3  1  0  0  0
  2  6  1  0  0  0
  3  4  2  0  0  0
  4  5  1  0  0  0
  6  7  1  0  0  0
  7  8  1  0  0  0
  8  9  2  0  0  0
M  END
$$$$
c12N=CNC[n]1ncc2
  -ISIS-

  9 10  0  0  0  0  0  0  0  0  1
   -1.0819   -4.8557    2.3967  C  0  0  0  0  0
   -2.1651   -4.0008    2.4957  N  0  0  0  0  0
   -2.1152   -3.1887    3.5829  N  0  0  0  0  0
   -0.9721   -3.5353    4.1901  C  0  0  0  0  0
   -0.2975   -4.5652    3.4915  C  0  0  0  0  0
   -3.2151   -3.9729    1.5656  C  0  0  0  0  0
   -3.0114   -4.8988    0.5661  N  0  0  0  0  0
   -1.9225   -5.7312    0.5020  C  0  0  0  0  0
   -0.9638   -5.7444    1.3670  N  0  0  0  0  0
  1  5  2  0  0  0
  1  9  1  0  0  0
  1  2  2  0  0  0
  2  3  1  0  0  0
  2  6  1  0  0  0
  3  4  2  0  0  0
  4  5  1  0  0  0
  6  7  1  0  0  0
  7  8  1  0  0  0
  8  9  2  0  0  0
M  END
$$$$
c12N=CNC[n]1ncc2
  -ISIS-

  9 10  0  0  0  0  0  0  0  0  1
   -1.0819   -4.8557    2.3967  C  0  0  0  0  0
   -2.1651   -4.0008    2.4957  N  0  0  0  0  0
   -2.1152   -3.1887    3.5829  N  0  0  0  0  0
   -0.9721   -3.5353    4.1901  C  0  0  0  0  0
   -0.2975   -4.5652    3.4915  C  0  0  0  0  0
   -3.2151   -3.9729    1.5656  C  0  0  0  0  0
   -3.0114   -4.8988    0.5661  N  0  0  0  0  0
   -1.9225   -5.7312    0.5020  C  0  0  0  0  0
   -0.9638   -5.7444    1.3670  N  0  0  0  0  0
  1  5  2  0  0  0
  1  9  1  0  0  0
  1  2  2  0  0  0
  2  3  1  0  0  0
  2  6  1  0  0  0
  3  4  2  0  0  0
  4  5  1  0  0  0
  6  7  1  0  0  0
  7  8  1  0  0  0
  8  9  2  0  0  0
M  END
$$$$
c12N=CNC[n]1ncc2
  -ISIS-

  9 10  0  0  0  0  0  0  0  0  1
   -1.6508   -2.7590    0.0907  C  0  0  0  0  0
   -1.9522   -4.1044   -0.1771  C  0  0  0  0  0
   -1.6257   -4.4649   -1.4209  N  0  0  0  0  0
   -1.1066   -3.3318   -1.9592  N  0  0  0  0  0
   -1.1021   -2.2641   -1.0726  C  0  0  0  0  0
   -0.6205   -1.0401   -1.4286  N  0  0  0  0  0
   -0.1736   -0.9447   -2.6363  C  0  0  0  0  0
   -0.1628   -1.9821   -3.5402  N  0  0  0  0  0
   -0.6286   -3.2636   -3.2778  C  0  0  0  0  0
  1  5  2  0  0  0
  1  2  1  0  0  0
  2  3  2  0  0  0
  3  4  1  0  0  0
  4  9  1  0  0  0
  4  5  1  0  0  0
  5  6  1  0  0  0
  6  7  2  0  0  0
  7  8  1  0  0  0
  8  9  1  0  0  0
M  END
$$$$
c12N=CNC[n]1ncc2
  -ISIS-

  9 10  0  0  0  0  0  0  0  0  1
   -1.6508   -2.7590    0.0907  C  0  0  0  0  0
   -1.9522   -4.1044   -0.1771  C  0  0  0  0  0
   -1.6257   -4.4649   -1.4209  N  0  0  0  0  0
   -1.1066   -3.3318   -1.9592  N  0  0  0  0  0
   -1.1021   -2.2641   -1.0726  C  0  0  0  0  0
   -0.6205   -1.0401   -1.4286  N  0  0  0  0  0
   -0.1736   -0.9447   -2.6363  C  0  0  0  0  0
   -0.1628   -1.9821   -3.5402  N  0  0  0  0  0
   -0.6286   -3.2636   -3.2778  C  0  0  0  0  0
  1  5  2  0  0  0
  1  2  1  0  0  0
  2  3  2  0  0  0
  3  4  1  0  0  0
  4  9  1  0  0  0
  4  5  1  0  0  0
  5  6  1  0  0  0
  6  7  2  0  0  0
  7  8  1  0  0  0
  8  9  1  0  0  0
M  END
$$$$
c12N=CNC[n]1ncc2
  -ISIS-

  9 10  0  0  0  0  0  0  0  0  1
   -8.4234   -1.5497   -0.2614  C  0  0  0  0  0
   -9.2352   -2.2638   -1.1741  C  0  0  0  0  0
   -8.7098   -2.3465   -2.3958  N  0  0  0  0  0
   -7.5452   -1.6627   -2.2869  N  0  0  0  0  0
   -7.3226   -1.1684   -1.0105  C  0  0  0  0  0
   -6.1974   -0.4591   -0.7087  N  0  0  0  0  0
   -5.3706   -0.2807   -1.6829  C  0  0  0  0  0
   -5.5608   -0.7551   -2.9592  N  0  0  0  0  0
   -6.6661   -1.4881   -3.3672  C  0  0  0  0  0
  1  5  2  0  0  0
  1  2  1  0  0  0
  2  3  2  0  0  0
  3  4  1  0  0  0
  4  9  1  0  0  0
  4  5  1  0  0  0
  5  6  1  0  0  0
  6  7  2  0  0  0
  7  8  1  0  0  0
  8  9  1  0  0  0
M  END
$$$$
c12N=CNC[n]1ncc2
  -ISIS-

  9 10  0  0  0  0  0  0  0  0  1
   -8.4234   -1.5497   -0.2614  C  0  0  0  0  0
   -9.2352   -2.2638   -1.1741  C  0  0  0  0  0
   -8.7098   -2.3465   -2.3958  N  0  0  0  0  0
   -7.5452   -1.6627   -2.2869  N  0  0  0  0  0
   -7.3226   -1.1684   -1.0105  C  0  0  0  0  0
   -6.1974   -0.4591   -0.7087  N  0  0  0  0  0
   -5.3706   -0.2807   -1.6829  C  0  0  0  0  0
   -5.5608   -0.7551   -2.9592  N  0  0  0  0  0
   -6.6661   -1.4881   -3.3672  C  0  0  0  0  0
  1  5  2  0  0  0
  1  2  1  0  0  0
  2  3  2  0  0  0
  3  4  1  0  0  0
  4  9  1  0  0  0
  4  5  1  0  0  0
  5  6  1  0  0  0
  6  7  2  0  0  0
  7  8  1  0  0  0
  8  9  1  0  0  0
M  END
$$$$
c12N=CNC[n]1ncc2
  -ISIS-

  9 10  0  0  0  0  0  0  0  0  1
   -5.9832   -2.0413   -0.3789  C  0  0  0  0  0
   -4.6244   -1.9592    0.0254  C  0  0  0  0  0
   -4.0968   -0.7439   -0.1136  N  0  0  0  0  0
   -5.1161   -0.0147   -0.6216  N  0  0  0  0  0
   -6.2698   -0.7604   -0.8186  C  0  0  0  0  0
   -7.3962   -0.1965   -1.3389  N  0  0  0  0  0
   -7.3169    1.0607   -1.6229  C  0  0  0  0  0
   -6.1918    1.8274   -1.4350  N  0  0  0  0  0
   -4.9952    1.3522   -0.9179  C  0  0  0  0  0
  1  5  2  0  0  0
  1  2  1  0  0  0
  2  3  2  0  0  0
  3  4  1  0  0  0
  4  9  1  0  0  0
  4  5  1  0  0  0
  5  6  1  0  0  0
  6  7  2  0  0  0
  7  8  1  0  0  0
  8  9  1  0  0  0
M  END
$$$$
c12N=CNC[n]1ncc2
  -ISIS-

  9 10  0  0  0  0  0  0  0  0  1
   -5.9832   -2.0413   -0.3789  C  0  0  0  0  0
   -4.6244   -1.9592    0.0254  C  0  0  0  0  0
   -4.0968   -0.7439   -0.1136  N  0  0  0  0  0
   -5.1161   -0.0147   -0.6216  N  0  0  0  0  0
   -6.2698   -0.7604   -0.8186  C  0  0  0  0  0
   -7.3962   -0.1965   -1.3389  N  0  0  0  0  0
   -7.3169    1.0607   -1.6229  C  0  0  0  0  0
   -6.1918    1.8274   -1.4350  N  0  0  0  0  0
   -4.9952    1.3522   -0.9179  C  0  0  0  0  0
  1  5  2  0  0  0
  1  2  1  0  0  0
  2  3  2  0  0  0
  3  4  1  0  0  0
  4  9  1  0  0  0
  4  5  1  0  0  0
  5  6  1  0  0  0
  6  7  2  0  0  0
  7  8  1  0  0  0
  8  9  1  0  0  0
M  END
$$$$
