C12N3CCC(C1Oc4c(C=2)cccc4)CC3
  -ISIS-

 16 19  0  0  0  0  0  0  0  0  1
    2.6076    0.9595    1.8033  C  0  0  0  0  0
    2.5298   -0.3451    1.5133  C  0  0  0  0  0
    2.5234   -1.2707    2.6426  C  0  0  0  0  0
    2.2384   -0.7833    3.9301  C  0  0  0  0  0
    2.0145    0.5516    4.1815  O  0  0  0  0  0
    2.7082    1.4151    3.2732  C  0  0  0  0  0
    2.0668    2.8410    3.2912  C  0  0  0  0  0
    0.6897    2.7999    2.5703  C  0  0  0  0  0
    0.8993    2.4597    1.0713  C  0  0  0  0  0
    2.3186    2.0052    0.8945  N  0  0  0  0  0
    3.2068    3.1977    1.0695  C  0  0  0  0  0
    2.9602    3.8033    2.4670  C  0  0  0  0  0
    2.1273   -1.6561    5.0101  C  0  0  0  0  0
    2.3270   -3.0230    4.8167  C  0  0  0  0  0
    2.6204   -3.5145    3.5431  C  0  0  0  0  0
    2.7099   -2.6423    2.4549  C  0  0  0  0  0
  1  6  1  0  0  0
  1 10  1  0  0  0
  1  2  2  0  0  0
  2  3  1  0  0  0
  3 16  2  0  0  0
  3  4  1  0  0  0
  4  5  1  0  0  0
  4 13  2  0  0  0
  5  6  1  0  0  0
  6  7  1  0  0  0
  7 12  1  0  0  0
  7  8  1  0  0  0
  8  9  1  0  0  0
  9 10  1  0  0  0
 10 11  1  0  0  0
 11 12  1  0  0  0
 13 14  1  0  0  0
 14 15  2  0  0  0
 15 16  1  0  0  0
M  END
$$$$
