C12N(c3c(cccc3)CN1)CCC=2
  -ISIS-

 13 15  0  0  0  0  0  0  0  0  1
    2.0475    2.3549    5.6031  C  0  0  0  0  0
    1.3231    1.2285    5.4989  C  0  0  0  0  0
    1.9752    0.4752    4.3938  C  0  0  0  0  0
    3.1615    1.2579    3.8470  C  0  0  0  0  0
    3.0721    2.4474    4.6810  N  0  0  0  0  0
    3.9368    3.5321    4.6585  C  0  0  0  0  0
    3.7526    4.5736    5.5950  C  0  0  0  0  0
    2.6450    4.4648    6.5903  C  0  0  0  0  0
    1.8467    3.3402    6.5252  N  0  0  0  0  0
    4.5911    5.6941    5.6146  C  0  0  0  0  0
    5.6310    5.7911    4.6936  C  0  0  0  0  0
    5.8293    4.7733    3.7617  C  0  0  0  0  0
    4.9895    3.6534    3.7442  C  0  0  0  0  0
  1  9  1  0  0  0
  1  5  1  0  0  0
  1  2  2  0  0  0
  2  3  1  0  0  0
  3  4  1  0  0  0
  4  5  1  0  0  0
  5  6  1  0  0  0
  6 13  2  0  0  0
  6  7  1  0  0  0
  7  8  1  0  0  0
  7 10  2  0  0  0
  8  9  1  0  0  0
 10 11  1  0  0  0
 11 12  2  0  0  0
 12 13  1  0  0  0
M  END
$$$$
