C12NCNC(C1)CCC2
  -ISIS-

  9 10  0  0  0  0  0  0  0  0  1
   10.0888   -1.4276    0.5190  N  0  0  0  0  0
    9.1393   -1.5781    1.7034  C  0  0  0  0  0
    9.1446   -3.0352    2.0597  C  0  0  0  0  0
    8.5730   -3.5618    0.7498  C  0  0  0  0  0
    9.6666   -3.8812   -0.0861  N  0  0  0  0  0
   10.5243   -2.6669   -0.3031  C  0  0  0  0  0
    7.0974   -3.8043    0.9159  C  0  0  0  0  0
    6.5781   -2.4263    1.5022  C  0  0  0  0  0
    7.6162   -1.2054    1.4204  C  0  0  0  0  0
  1  6  1  0  0  0
  1  2  1  0  0  0
  2  9  1  0  0  0
  2  3  1  0  0  0
  3  4  1  0  0  0
  4  5  1  0  0  0
  4  7  1  0  0  0
  5  6  1  0  0  0
  7  8  1  0  0  0
  8  9  1  0  0  0
M  END
$$$$
