c12n[c]3[c]([n]1CCN2)cccc3
  -ISIS-

 12 14  0  0  0  0  0  0  0  0  1
    4.3995   -7.4407   -0.8344  C  0  0  0  0  0
    4.0559   -6.2038   -0.5916  N  0  0  0  0  0
    5.2477   -5.5694   -0.2787  C  0  0  0  0  0
    6.3283   -6.4599   -0.3089  C  0  0  0  0  0
    5.7352   -7.6181   -0.6572  N  0  0  0  0  0
    6.1208   -8.9840   -0.8226  C  0  0  0  0  0
    4.7695   -9.6427   -1.1234  C  0  0  0  0  0
    3.7880   -8.6312   -1.1467  N  0  0  0  0  0
    7.6411   -6.0872   -0.0174  C  0  0  0  0  0
    7.8499   -4.7423    0.3109  C  0  0  0  0  0
    6.7936   -3.8271    0.3466  C  0  0  0  0  0
    5.4832   -4.2278    0.0547  C  0  0  0  0  0
  1  5  1  0  0  0
  1  8  1  0  0  0
  1  2  2  0  0  0
  2  3  1  0  0  0
  3 12  2  0  0  0
  3  4  1  0  0  0
  4  5  1  0  0  0
  4  9  2  0  0  0
  5  6  1  0  0  0
  6  7  1  0  0  0
  7  8  1  0  0  0
  9 10  1  0  0  0
 10 11  2  0  0  0
 11 12  1  0  0  0
M  END
$$$$
