c12n[c]3[c](ncnc3)[n]1CCS2
  -ISIS-

 12 14  0  0  0  0  0  0  0  0  1
    0.7866    0.5248    2.1317  N  0  0  0  0  0
    1.1735   -0.5377    2.8799  C  0  0  0  0  0
    2.4453   -0.8129    2.7703  N  0  0  0  0  0
    2.8989    0.1517    1.8851  C  0  0  0  0  0
    1.8674    0.9982    1.4762  C  0  0  0  0  0
    1.9396    2.0347    0.6274  N  0  0  0  0  0
    3.2015    2.1923    0.1758  C  0  0  0  0  0
    4.2973    1.4593    0.4798  N  0  0  0  0  0
    4.1521    0.4216    1.3459  C  0  0  0  0  0
   -0.1200   -1.2215    3.7784  S  0  0  0  0  0
   -1.2200    0.1990    3.3685  C  0  0  0  0  0
   -0.6061    0.8925    2.1471  C  0  0  0  0  0
  1  5  1  0  0  0
  1 12  1  0  0  0
  1  2  1  0  0  0
  2  3  2  0  0  0
  2 10  1  0  0  0
  3  4  1  0  0  0
  4  9  2  0  0  0
  4  5  1  0  0  0
  5  6  2  0  0  0
  6  7  1  0  0  0
  7  8  2  0  0  0
  8  9  1  0  0  0
 10 11  1  0  0  0
 11 12  1  0  0  0
M  END
$$$$
