C12N(c3c(O1)cccc3)CC=CC=2
  -ISIS-

 13 15  0  0  0  0  0  0  0  0  1
    6.0988    0.3441   -5.6628  C  0  0  0  0  0
    5.0495    1.1666   -5.5279  C  0  0  0  0  0
    4.3542    1.1857   -4.2478  C  0  0  0  0  0
    4.7505    0.4282   -3.2080  C  0  0  0  0  0
    5.9575   -0.4863   -3.3762  C  0  0  0  0  0
    6.5368   -0.4526   -4.6235  N  0  0  0  0  0
    7.6293   -1.1821   -5.0852  C  0  0  0  0  0
    7.8228   -0.8054   -6.4161  C  0  0  0  0  0
    8.8267   -1.3347   -7.1932  C  0  0  0  0  0
    9.6606   -2.2810   -6.5903  C  0  0  0  0  0
    9.4692   -2.6662   -5.2458  C  0  0  0  0  0
    8.4400   -2.1134   -4.4745  C  0  0  0  0  0
    6.8836    0.1352   -6.7956  O  0  0  0  0  0
  1  6  1  0  0  0
  1 13  1  0  0  0
  1  2  2  0  0  0
  2  3  1  0  0  0
  3  4  2  0  0  0
  4  5  1  0  0  0
  5  6  1  0  0  0
  6  7  1  0  0  0
  7 12  2  0  0  0
  7  8  1  0  0  0
  8  9  2  0  0  0
  8 13  1  0  0  0
  9 10  1  0  0  0
 10 11  2  0  0  0
 11 12  1  0  0  0
M  END
$$$$
