C12N(c3c(S1)cccc3)CC4C(C=2)COC4
  -ISIS-

 16 19  0  0  0  0  0  0  0  0  1
    3.0642   -5.3068   -3.0601  C  0  0  0  0  0
    2.8459   -5.4270   -4.4163  O  0  0  0  0  0
    2.2667   -4.2069   -4.9120  C  0  0  0  0  0
    2.7044   -3.1992   -3.8871  C  0  0  0  0  0
    2.4948   -3.9829   -2.5962  C  0  0  0  0  0
    3.0915   -3.2484   -1.4285  C  0  0  0  0  0
    3.0966   -1.8971   -1.4918  C  0  0  0  0  0
    3.7090   -0.8640   -0.1851  S  0  0  0  0  0
    3.2531    0.5688   -1.1612  C  0  0  0  0  0
    2.6766    0.2054   -2.4004  C  0  0  0  0  0
    2.5887   -1.1802   -2.5933  N  0  0  0  0  0
    2.0954   -1.7973   -3.8347  C  0  0  0  0  0
    2.2622    1.2095   -3.2664  C  0  0  0  0  0
    2.4298    2.5502   -2.8966  C  0  0  0  0  0
    3.0081    2.8897   -1.6662  C  0  0  0  0  0
    3.4250    1.8932   -0.7854  C  0  0  0  0  0
  1  5  1  0  0  0
  1  2  1  0  0  0
  2  3  1  0  0  0
  3  4  1  0  0  0
  4 12  1  0  0  0
  4  5  1  0  0  0
  5  6  1  0  0  0
  6  7  2  0  0  0
  7 11  1  0  0  0
  7  8  1  0  0  0
  8  9  1  0  0  0
  9 16  2  0  0  0
  9 10  1  0  0  0
 10 11  1  0  0  0
 10 13  2  0  0  0
 11 12  1  0  0  0
 13 14  1  0  0  0
 14 15  2  0  0  0
 15 16  1  0  0  0
M  END
$$$$
