c12n[c]3[c]([n]1C[n]4c(n[c]5[c]4cccc5)C2)cccc3
  -ISIS-

 20 24  0  0  0  0  0  0  0  0  1
   -4.0544    5.3034   -8.4826  N  0  0  0  0  0
   -5.0118    5.0933   -7.5074  C  0  0  0  0  0
   -6.3289    4.5311   -7.7766  C  0  0  0  0  0
   -6.4863    4.2296   -9.1934  C  0  0  0  0  0
   -7.5672    3.7118   -9.7440  N  0  0  0  0  0
   -7.2841    3.5970  -11.0799  C  0  0  0  0  0
   -5.9993    4.0534  -11.3627  C  0  0  0  0  0
   -5.5028    4.4553  -10.1387  N  0  0  0  0  0
   -4.2600    4.9961   -9.8240  C  0  0  0  0  0
   -5.4667    4.0431  -12.6592  C  0  0  0  0  0
   -6.2842    3.5495  -13.6823  C  0  0  0  0  0
   -7.5742    3.0876  -13.4193  C  0  0  0  0  0
   -8.0886    3.1056  -12.1179  C  0  0  0  0  0
   -4.5732    5.4656   -6.3205  N  0  0  0  0  0
   -3.3002    5.9299   -6.5245  C  0  0  0  0  0
   -2.3849    6.4456   -5.5959  C  0  0  0  0  0
   -1.1274    6.8615   -6.0478  C  0  0  0  0  0
   -0.7877    6.7660   -7.3977  C  0  0  0  0  0
   -1.6881    6.2541   -8.3389  C  0  0  0  0  0
   -2.9423    5.8429   -7.8674  C  0  0  0  0  0
  1  9  1  0  0  0
  1 20  1  0  0  0
  1  2  1  0  0  0
  2  3  1  0  0  0
  2 14  2  0  0  0
  3  4  1  0  0  0
  4  8  1  0  0  0
  4  5  2  0  0  0
  5  6  1  0  0  0
  6 13  2  0  0  0
  6  7  1  0  0  0
  7  8  1  0  0  0
  7 10  2  0  0  0
  8  9  1  0  0  0
 10 11  1  0  0  0
 11 12  2  0  0  0
 12 13  1  0  0  0
 14 15  1  0  0  0
 15 20  2  0  0  0
 15 16  1  0  0  0
 16 17  2  0  0  0
 17 18  1  0  0  0
 18 19  2  0  0  0
 19 20  1  0  0  0
M  END
$$$$
