c12n[c]3[c]([n]1Cc4c(S2)cccc4)cccc3
  -ISIS-

 17 20  0  0  0  0  0  0  0  0  1
    1.1068   -4.4491    0.1145  N  0  0  0  0  0
    0.4193   -5.4257    0.8392  C  0  0  0  0  0
   -0.4458   -5.1003    1.9933  C  0  0  0  0  0
   -1.1067   -6.1501    2.6602  C  0  0  0  0  0
   -1.9471   -5.9057    3.7585  C  0  0  0  0  0
   -2.0875   -4.5726    4.1777  C  0  0  0  0  0
   -1.4304   -3.5282    3.5155  C  0  0  0  0  0
   -0.6029   -3.7795    2.4133  C  0  0  0  0  0
    0.1759   -2.3762    1.6542  S  0  0  0  0  0
    1.0783   -3.0994    0.3704  C  0  0  0  0  0
    1.8145   -2.4055   -0.4643  N  0  0  0  0  0
    2.3573   -3.3311   -1.3119  C  0  0  0  0  0
    1.9407   -4.6197   -0.9846  C  0  0  0  0  0
    2.3634   -5.7443   -1.7099  C  0  0  0  0  0
    3.2298   -5.5297   -2.7881  C  0  0  0  0  0
    3.6560   -4.2464   -3.1285  C  0  0  0  0  0
    3.2257   -3.1348   -2.3962  C  0  0  0  0  0
  1 13  1  0  0  0
  1 10  1  0  0  0
  1  2  1  0  0  0
  2  3  1  0  0  0
  3  8  2  0  0  0
  3  4  1  0  0  0
  4  5  2  0  0  0
  5  6  1  0  0  0
  6  7  2  0  0  0
  7  8  1  0  0  0
  8  9  1  0  0  0
  9 10  1  0  0  0
 10 11  2  0  0  0
 11 12  1  0  0  0
 12 17  2  0  0  0
 12 13  1  0  0  0
 13 14  2  0  0  0
 14 15  1  0  0  0
 15 16  2  0  0  0
 16 17  1  0  0  0
M  END
$$$$
c12n[c]3[c]([n]1Cc4c(S2)cccc4)cccc3
  -ISIS-

 17 20  0  0  0  0  0  0  0  0  1
    1.1068   -4.4491    0.1145  N  0  0  0  0  0
    0.4193   -5.4257    0.8392  C  0  0  0  0  0
   -0.4458   -5.1003    1.9933  C  0  0  0  0  0
   -1.1067   -6.1501    2.6602  C  0  0  0  0  0
   -1.9471   -5.9057    3.7585  C  0  0  0  0  0
   -2.0875   -4.5726    4.1777  C  0  0  0  0  0
   -1.4304   -3.5282    3.5155  C  0  0  0  0  0
   -0.6029   -3.7795    2.4133  C  0  0  0  0  0
    0.1759   -2.3762    1.6542  S  0  0  0  0  0
    1.0783   -3.0994    0.3704  C  0  0  0  0  0
    1.8145   -2.4055   -0.4643  N  0  0  0  0  0
    2.3573   -3.3311   -1.3119  C  0  0  0  0  0
    1.9407   -4.6197   -0.9846  C  0  0  0  0  0
    2.3634   -5.7443   -1.7099  C  0  0  0  0  0
    3.2298   -5.5297   -2.7881  C  0  0  0  0  0
    3.6560   -4.2464   -3.1285  C  0  0  0  0  0
    3.2257   -3.1348   -2.3962  C  0  0  0  0  0
  1 13  1  0  0  0
  1 10  1  0  0  0
  1  2  1  0  0  0
  2  3  1  0  0  0
  3  8  2  0  0  0
  3  4  1  0  0  0
  4  5  2  0  0  0
  5  6  1  0  0  0
  6  7  2  0  0  0
  7  8  1  0  0  0
  8  9  1  0  0  0
  9 10  1  0  0  0
 10 11  2  0  0  0
 11 12  1  0  0  0
 12 17  2  0  0  0
 12 13  1  0  0  0
 13 14  2  0  0  0
 14 15  1  0  0  0
 15 16  2  0  0  0
 16 17  1  0  0  0
M  END
$$$$
c12n[c]3[c]([n]1Cc4c(S2)cccc4)cccc3
  -ISIS-

 17 20  0  0  0  0  0  0  0  0  1
    2.4682    0.6715   -4.5041  N  0  0  0  0  0
    1.1822    0.3362   -4.0728  C  0  0  0  0  0
    0.1092   -0.0684   -5.0067  C  0  0  0  0  0
   -1.1611   -0.3803   -4.4862  C  0  0  0  0  0
   -2.2226   -0.7674   -5.3232  C  0  0  0  0  0
   -1.9609   -0.8493   -6.6994  C  0  0  0  0  0
   -0.6978   -0.5385   -7.2184  C  0  0  0  0  0
    0.3517   -0.1421   -6.3784  C  0  0  0  0  0
    1.9057    0.2273   -7.1537  S  0  0  0  0  0
    2.8985    0.6642   -5.8091  C  0  0  0  0  0
    4.1537    1.0230   -5.9356  N  0  0  0  0  0
    4.5787    1.2796   -4.6615  C  0  0  0  0  0
    3.5570    1.0714   -3.7377  C  0  0  0  0  0
    3.7476    1.2689   -2.3613  C  0  0  0  0  0
    5.0143    1.6873   -1.9379  C  0  0  0  0  0
    6.0476    1.9000   -2.8496  C  0  0  0  0  0
    5.8424    1.6991   -4.2188  C  0  0  0  0  0
  1 13  1  0  0  0
  1 10  1  0  0  0
  1  2  1  0  0  0
  2  3  1  0  0  0
  3  8  2  0  0  0
  3  4  1  0  0  0
  4  5  2  0  0  0
  5  6  1  0  0  0
  6  7  2  0  0  0
  7  8  1  0  0  0
  8  9  1  0  0  0
  9 10  1  0  0  0
 10 11  2  0  0  0
 11 12  1  0  0  0
 12 17  2  0  0  0
 12 13  1  0  0  0
 13 14  2  0  0  0
 14 15  1  0  0  0
 15 16  2  0  0  0
 16 17  1  0  0  0
M  END
$$$$
c12n[c]3[c]([n]1Cc4c(S2)cccc4)cccc3
  -ISIS-

 17 20  0  0  0  0  0  0  0  0  1
    2.4682    0.6715   -4.5041  N  0  0  0  0  0
    1.1822    0.3362   -4.0728  C  0  0  0  0  0
    0.1092   -0.0684   -5.0067  C  0  0  0  0  0
   -1.1611   -0.3803   -4.4862  C  0  0  0  0  0
   -2.2226   -0.7674   -5.3232  C  0  0  0  0  0
   -1.9609   -0.8493   -6.6994  C  0  0  0  0  0
   -0.6978   -0.5385   -7.2184  C  0  0  0  0  0
    0.3517   -0.1421   -6.3784  C  0  0  0  0  0
    1.9057    0.2273   -7.1537  S  0  0  0  0  0
    2.8985    0.6642   -5.8091  C  0  0  0  0  0
    4.1537    1.0230   -5.9356  N  0  0  0  0  0
    4.5787    1.2796   -4.6615  C  0  0  0  0  0
    3.5570    1.0714   -3.7377  C  0  0  0  0  0
    3.7476    1.2689   -2.3613  C  0  0  0  0  0
    5.0143    1.6873   -1.9379  C  0  0  0  0  0
    6.0476    1.9000   -2.8496  C  0  0  0  0  0
    5.8424    1.6991   -4.2188  C  0  0  0  0  0
  1 13  1  0  0  0
  1 10  1  0  0  0
  1  2  1  0  0  0
  2  3  1  0  0  0
  3  8  2  0  0  0
  3  4  1  0  0  0
  4  5  2  0  0  0
  5  6  1  0  0  0
  6  7  2  0  0  0
  7  8  1  0  0  0
  8  9  1  0  0  0
  9 10  1  0  0  0
 10 11  2  0  0  0
 11 12  1  0  0  0
 12 17  2  0  0  0
 12 13  1  0  0  0
 13 14  2  0  0  0
 14 15  1  0  0  0
 15 16  2  0  0  0
 16 17  1  0  0  0
M  END
$$$$
c12n[c]3[c]([n]1Cc4c(S2)cccc4)cccc3
  -ISIS-

 17 20  0  0  0  0  0  0  0  0  1
   -2.9403    0.0267   -2.2295  N  0  0  0  0  0
   -2.9559    1.4122   -2.0518  C  0  0  0  0  0
   -4.0860    2.2592   -2.4893  C  0  0  0  0  0
   -4.0127    3.6491   -2.2735  C  0  0  0  0  0
   -5.0501    4.5077   -2.6717  C  0  0  0  0  0
   -6.1736    3.9221   -3.2779  C  0  0  0  0  0
   -6.2476    2.5402   -3.4926  C  0  0  0  0  0
   -5.2031    1.6919   -3.1023  C  0  0  0  0  0
   -5.4091   -0.0414   -3.4268  S  0  0  0  0  0
   -3.9413   -0.7133   -2.8113  C  0  0  0  0  0
   -3.6707   -1.9960   -2.8522  N  0  0  0  0  0
   -2.4375   -2.1164   -2.2742  C  0  0  0  0  0
   -1.9462   -0.8766   -1.8713  C  0  0  0  0  0
   -0.6949   -0.7386   -1.2508  C  0  0  0  0  0
    0.0565   -1.9014   -1.0460  C  0  0  0  0  0
   -0.4208   -3.1499   -1.4432  C  0  0  0  0  0
   -1.6705   -3.2717   -2.0603  C  0  0  0  0  0
  1 13  1  0  0  0
  1 10  1  0  0  0
  1  2  1  0  0  0
  2  3  1  0  0  0
  3  8  2  0  0  0
  3  4  1  0  0  0
  4  5  2  0  0  0
  5  6  1  0  0  0
  6  7  2  0  0  0
  7  8  1  0  0  0
  8  9  1  0  0  0
  9 10  1  0  0  0
 10 11  2  0  0  0
 11 12  1  0  0  0
 12 17  2  0  0  0
 12 13  1  0  0  0
 13 14  2  0  0  0
 14 15  1  0  0  0
 15 16  2  0  0  0
 16 17  1  0  0  0
M  END
$$$$
c12n[c]3[c]([n]1Cc4c(S2)cccc4)cccc3
  -ISIS-

 17 20  0  0  0  0  0  0  0  0  1
   -2.9403    0.0267   -2.2295  N  0  0  0  0  0
   -2.9559    1.4122   -2.0518  C  0  0  0  0  0
   -4.0860    2.2592   -2.4893  C  0  0  0  0  0
   -4.0127    3.6491   -2.2735  C  0  0  0  0  0
   -5.0501    4.5077   -2.6717  C  0  0  0  0  0
   -6.1736    3.9221   -3.2779  C  0  0  0  0  0
   -6.2476    2.5402   -3.4926  C  0  0  0  0  0
   -5.2031    1.6919   -3.1023  C  0  0  0  0  0
   -5.4091   -0.0414   -3.4268  S  0  0  0  0  0
   -3.9413   -0.7133   -2.8113  C  0  0  0  0  0
   -3.6707   -1.9960   -2.8522  N  0  0  0  0  0
   -2.4375   -2.1164   -2.2742  C  0  0  0  0  0
   -1.9462   -0.8766   -1.8713  C  0  0  0  0  0
   -0.6949   -0.7386   -1.2508  C  0  0  0  0  0
    0.0565   -1.9014   -1.0460  C  0  0  0  0  0
   -0.4208   -3.1499   -1.4432  C  0  0  0  0  0
   -1.6705   -3.2717   -2.0603  C  0  0  0  0  0
  1 13  1  0  0  0
  1 10  1  0  0  0
  1  2  1  0  0  0
  2  3  1  0  0  0
  3  8  2  0  0  0
  3  4  1  0  0  0
  4  5  2  0  0  0
  5  6  1  0  0  0
  6  7  2  0  0  0
  7  8  1  0  0  0
  8  9  1  0  0  0
  9 10  1  0  0  0
 10 11  2  0  0  0
 11 12  1  0  0  0
 12 17  2  0  0  0
 12 13  1  0  0  0
 13 14  2  0  0  0
 14 15  1  0  0  0
 15 16  2  0  0  0
 16 17  1  0  0  0
M  END
$$$$
c12n[c]3[c]([n]1Cc4c(S2)cccc4)cccc3
  -ISIS-

 17 20  0  0  0  0  0  0  0  0  1
    3.5708    3.4071    1.1208  N  0  0  0  0  0
    3.4691    2.4343    0.1233  C  0  0  0  0  0
    3.5551    0.9864    0.4104  C  0  0  0  0  0
    3.4462    0.0773   -0.6597  C  0  0  0  0  0
    3.5256   -1.3096   -0.4533  C  0  0  0  0  0
    3.6998   -1.7550    0.8672  C  0  0  0  0  0
    3.8080   -0.8518    1.9320  C  0  0  0  0  0
    3.7388    0.5307    1.7158  C  0  0  0  0  0
    3.8898    1.5775    3.1419  S  0  0  0  0  0
    3.7544    3.1592    2.4598  C  0  0  0  0  0
    3.8152    4.2546    3.1786  N  0  0  0  0  0
    3.6657    5.2756    2.2816  C  0  0  0  0  0
    3.5106    4.7893    0.9853  C  0  0  0  0  0
    3.3400    5.6446   -0.1142  C  0  0  0  0  0
    3.3294    7.0220    0.1341  C  0  0  0  0  0
    3.4826    7.5249    1.4256  C  0  0  0  0  0
    3.6523    6.6597    2.5118  C  0  0  0  0  0
  1 13  1  0  0  0
  1 10  1  0  0  0
  1  2  1  0  0  0
  2  3  1  0  0  0
  3  8  2  0  0  0
  3  4  1  0  0  0
  4  5  2  0  0  0
  5  6  1  0  0  0
  6  7  2  0  0  0
  7  8  1  0  0  0
  8  9  1  0  0  0
  9 10  1  0  0  0
 10 11  2  0  0  0
 11 12  1  0  0  0
 12 17  2  0  0  0
 12 13  1  0  0  0
 13 14  2  0  0  0
 14 15  1  0  0  0
 15 16  2  0  0  0
 16 17  1  0  0  0
M  END
$$$$
c12n[c]3[c]([n]1Cc4c(S2)cccc4)cccc3
  -ISIS-

 17 20  0  0  0  0  0  0  0  0  1
    3.5708    3.4071    1.1208  N  0  0  0  0  0
    3.4691    2.4343    0.1233  C  0  0  0  0  0
    3.5551    0.9864    0.4104  C  0  0  0  0  0
    3.4462    0.0773   -0.6597  C  0  0  0  0  0
    3.5256   -1.3096   -0.4533  C  0  0  0  0  0
    3.6998   -1.7550    0.8672  C  0  0  0  0  0
    3.8080   -0.8518    1.9320  C  0  0  0  0  0
    3.7388    0.5307    1.7158  C  0  0  0  0  0
    3.8898    1.5775    3.1419  S  0  0  0  0  0
    3.7544    3.1592    2.4598  C  0  0  0  0  0
    3.8152    4.2546    3.1786  N  0  0  0  0  0
    3.6657    5.2756    2.2816  C  0  0  0  0  0
    3.5106    4.7893    0.9853  C  0  0  0  0  0
    3.3400    5.6446   -0.1142  C  0  0  0  0  0
    3.3294    7.0220    0.1341  C  0  0  0  0  0
    3.4826    7.5249    1.4256  C  0  0  0  0  0
    3.6523    6.6597    2.5118  C  0  0  0  0  0
  1 13  1  0  0  0
  1 10  1  0  0  0
  1  2  1  0  0  0
  2  3  1  0  0  0
  3  8  2  0  0  0
  3  4  1  0  0  0
  4  5  2  0  0  0
  5  6  1  0  0  0
  6  7  2  0  0  0
  7  8  1  0  0  0
  8  9  1  0  0  0
  9 10  1  0  0  0
 10 11  2  0  0  0
 11 12  1  0  0  0
 12 17  2  0  0  0
 12 13  1  0  0  0
 13 14  2  0  0  0
 14 15  1  0  0  0
 15 16  2  0  0  0
 16 17  1  0  0  0
M  END
$$$$
c12n[c]3[c]([n]1Cc4c(S2)cccc4)cccc3
  -ISIS-

 17 20  0  0  0  0  0  0  0  0  1
    1.0959   -1.8828    7.1483  N  0  0  0  0  0
    1.5670   -1.6915    8.4415  C  0  0  0  0  0
    2.6312   -0.9532    8.9818  C  0  0  0  0  0
    2.8085   -0.9967   10.3695  C  0  0  0  0  0
    1.9596   -1.7456   11.1836  C  0  0  0  0  0
    0.9030   -2.4769   10.6303  C  0  0  0  0  0
    0.7101   -2.4448    9.2409  C  0  0  0  0  0
   -0.2437   -3.0725    8.4885  N  0  0  0  0  0
    0.0114   -2.7188    7.2517  C  0  0  0  0  0
   -0.9274   -3.2555    5.9052  S  0  0  0  0  0
   -0.1234   -2.4684    4.5242  C  0  0  0  0  0
    0.9895   -1.6420    4.6408  C  0  0  0  0  0
    1.5941   -1.3521    5.9572  C  0  0  0  0  0
    1.5574   -1.0682    3.5014  C  0  0  0  0  0
    1.0125   -1.3196    2.2433  C  0  0  0  0  0
   -0.1113   -2.1432    2.0507  C  0  0  0  0  0
   -0.6494   -2.7021    3.2340  C  0  0  0  0  0
  1 13  1  0  0  0
  1  9  1  0  0  0
  1  2  1  0  0  0
  2  7  2  0  0  0
  2  3  1  0  0  0
  3  4  2  0  0  0
  4  5  1  0  0  0
  5  6  2  0  0  0
  6  7  1  0  0  0
  7  8  1  0  0  0
  8  9  2  0  0  0
  9 10  1  0  0  0
 10 11  1  0  0  0
 11 17  2  0  0  0
 11 12  1  0  0  0
 12 13  1  0  0  0
 12 14  2  0  0  0
 14 15  1  0  0  0
 15 16  2  0  0  0
 16 17  1  0  0  0
M  END
$$$$
c12n[c]3[c]([n]1Cc4c(S2)cccc4)cccc3
  -ISIS-

 17 20  0  0  0  0  0  0  0  0  1
    1.0959   -1.8828    7.1483  N  0  0  0  0  0
    1.5670   -1.6915    8.4415  C  0  0  0  0  0
    2.6312   -0.9532    8.9818  C  0  0  0  0  0
    2.8085   -0.9967   10.3695  C  0  0  0  0  0
    1.9596   -1.7456   11.1836  C  0  0  0  0  0
    0.9030   -2.4769   10.6303  C  0  0  0  0  0
    0.7101   -2.4448    9.2409  C  0  0  0  0  0
   -0.2437   -3.0725    8.4885  N  0  0  0  0  0
    0.0114   -2.7188    7.2517  C  0  0  0  0  0
   -0.9274   -3.2555    5.9052  S  0  0  0  0  0
   -0.1234   -2.4684    4.5242  C  0  0  0  0  0
    0.9895   -1.6420    4.6408  C  0  0  0  0  0
    1.5941   -1.3521    5.9572  C  0  0  0  0  0
    1.5574   -1.0682    3.5014  C  0  0  0  0  0
    1.0125   -1.3196    2.2433  C  0  0  0  0  0
   -0.1113   -2.1432    2.0507  C  0  0  0  0  0
   -0.6494   -2.7021    3.2340  C  0  0  0  0  0
  1 13  1  0  0  0
  1  9  1  0  0  0
  1  2  1  0  0  0
  2  7  2  0  0  0
  2  3  1  0  0  0
  3  4  2  0  0  0
  4  5  1  0  0  0
  5  6  2  0  0  0
  6  7  1  0  0  0
  7  8  1  0  0  0
  8  9  2  0  0  0
  9 10  1  0  0  0
 10 11  1  0  0  0
 11 17  2  0  0  0
 11 12  1  0  0  0
 12 13  1  0  0  0
 12 14  2  0  0  0
 14 15  1  0  0  0
 15 16  2  0  0  0
 16 17  1  0  0  0
M  END
$$$$
c12n[c]3[c]([n]1Cc4c(S2)cccc4)cccc3
  -ISIS-

 17 20  0  0  0  0  0  0  0  0  1
    1.0959   -1.8828    7.1483  N  0  0  0  0  0
    1.5670   -1.6915    8.4415  C  0  0  0  0  0
    2.6312   -0.9532    8.9818  C  0  0  0  0  0
    2.8085   -0.9967   10.3695  C  0  0  0  0  0
    1.9596   -1.7456   11.1836  C  0  0  0  0  0
    0.9030   -2.4769   10.6303  C  0  0  0  0  0
    0.7101   -2.4448    9.2409  C  0  0  0  0  0
   -0.2437   -3.0725    8.4885  N  0  0  0  0  0
    0.0114   -2.7188    7.2517  C  0  0  0  0  0
   -0.9274   -3.2555    5.9052  S  0  0  0  0  0
   -0.1234   -2.4684    4.5242  C  0  0  0  0  0
    0.9895   -1.6420    4.6408  C  0  0  0  0  0
    1.5941   -1.3521    5.9572  C  0  0  0  0  0
    1.5574   -1.0682    3.5014  C  0  0  0  0  0
    1.0125   -1.3196    2.2433  C  0  0  0  0  0
   -0.1113   -2.1432    2.0507  C  0  0  0  0  0
   -0.6494   -2.7021    3.2340  C  0  0  0  0  0
  1 13  1  0  0  0
  1  9  1  0  0  0
  1  2  1  0  0  0
  2  7  2  0  0  0
  2  3  1  0  0  0
  3  4  2  0  0  0
  4  5  1  0  0  0
  5  6  2  0  0  0
  6  7  1  0  0  0
  7  8  1  0  0  0
  8  9  2  0  0  0
  9 10  1  0  0  0
 10 11  1  0  0  0
 11 17  2  0  0  0
 11 12  1  0  0  0
 12 13  1  0  0  0
 12 14  2  0  0  0
 14 15  1  0  0  0
 15 16  2  0  0  0
 16 17  1  0  0  0
M  END
$$$$
c12n[c]3[c]([n]1Cc4c(S2)cccc4)cccc3
  -ISIS-

 17 20  0  0  0  0  0  0  0  0  1
    1.0959   -1.8828    7.1483  N  0  0  0  0  0
    1.5670   -1.6915    8.4415  C  0  0  0  0  0
    2.6312   -0.9532    8.9818  C  0  0  0  0  0
    2.8085   -0.9967   10.3695  C  0  0  0  0  0
    1.9596   -1.7456   11.1836  C  0  0  0  0  0
    0.9030   -2.4769   10.6303  C  0  0  0  0  0
    0.7101   -2.4448    9.2409  C  0  0  0  0  0
   -0.2437   -3.0725    8.4885  N  0  0  0  0  0
    0.0114   -2.7188    7.2517  C  0  0  0  0  0
   -0.9274   -3.2555    5.9052  S  0  0  0  0  0
   -0.1234   -2.4684    4.5242  C  0  0  0  0  0
    0.9895   -1.6420    4.6408  C  0  0  0  0  0
    1.5941   -1.3521    5.9572  C  0  0  0  0  0
    1.5574   -1.0682    3.5014  C  0  0  0  0  0
    1.0125   -1.3196    2.2433  C  0  0  0  0  0
   -0.1113   -2.1432    2.0507  C  0  0  0  0  0
   -0.6494   -2.7021    3.2340  C  0  0  0  0  0
  1 13  1  0  0  0
  1  9  1  0  0  0
  1  2  1  0  0  0
  2  7  2  0  0  0
  2  3  1  0  0  0
  3  4  2  0  0  0
  4  5  1  0  0  0
  5  6  2  0  0  0
  6  7  1  0  0  0
  7  8  1  0  0  0
  8  9  2  0  0  0
  9 10  1  0  0  0
 10 11  1  0  0  0
 11 17  2  0  0  0
 11 12  1  0  0  0
 12 13  1  0  0  0
 12 14  2  0  0  0
 14 15  1  0  0  0
 15 16  2  0  0  0
 16 17  1  0  0  0
M  END
$$$$
c12n[c]3[c]([n]1Cc4c(S2)cccc4)cccc3
  -ISIS-

 17 20  0  0  0  0  0  0  0  0  1
   -0.4025   -1.1240    6.1178  N  0  0  0  0  0
   -1.1044   -0.1141    6.7681  C  0  0  0  0  0
   -2.3198    0.5383    6.5084  C  0  0  0  0  0
   -2.7120    1.5504    7.3921  C  0  0  0  0  0
   -1.9221    1.9002    8.4866  C  0  0  0  0  0
   -0.7111    1.2436    8.7306  C  0  0  0  0  0
   -0.3031    0.2250    7.8561  C  0  0  0  0  0
    0.8239   -0.5477    7.8993  N  0  0  0  0  0
    0.7230   -1.3486    6.8665  C  0  0  0  0  0
    1.8241   -2.6342    6.5536  S  0  0  0  0  0
    1.3734   -3.1189    4.8972  C  0  0  0  0  0
    0.2218   -2.6928    4.2242  C  0  0  0  0  0
   -0.7463   -1.8021    4.9427  C  0  0  0  0  0
    0.0029   -3.0859    2.8781  C  0  0  0  0  0
    0.9203   -3.9883    2.2812  C  0  0  0  0  0
    2.0589   -4.4826    2.9377  C  0  0  0  0  0
    2.2608   -3.9970    4.2436  C  0  0  0  0  0
  1 13  1  0  0  0
  1  9  1  0  0  0
  1  2  1  0  0  0
  2  7  2  0  0  0
  2  3  1  0  0  0
  3  4  2  0  0  0
  4  5  1  0  0  0
  5  6  2  0  0  0
  6  7  1  0  0  0
  7  8  1  0  0  0
  8  9  2  0  0  0
  9 10  1  0  0  0
 10 11  1  0  0  0
 11 17  2  0  0  0
 11 12  1  0  0  0
 12 13  1  0  0  0
 12 14  2  0  0  0
 14 15  1  0  0  0
 15 16  2  0  0  0
 16 17  1  0  0  0
M  END
$$$$
c12n[c]3[c]([n]1Cc4c(S2)cccc4)cccc3
  -ISIS-

 17 20  0  0  0  0  0  0  0  0  1
   -0.4025   -1.1240    6.1178  N  0  0  0  0  0
   -1.1044   -0.1141    6.7681  C  0  0  0  0  0
   -2.3198    0.5383    6.5084  C  0  0  0  0  0
   -2.7120    1.5504    7.3921  C  0  0  0  0  0
   -1.9221    1.9002    8.4866  C  0  0  0  0  0
   -0.7111    1.2436    8.7306  C  0  0  0  0  0
   -0.3031    0.2250    7.8561  C  0  0  0  0  0
    0.8239   -0.5477    7.8993  N  0  0  0  0  0
    0.7230   -1.3486    6.8665  C  0  0  0  0  0
    1.8241   -2.6342    6.5536  S  0  0  0  0  0
    1.3734   -3.1189    4.8972  C  0  0  0  0  0
    0.2218   -2.6928    4.2242  C  0  0  0  0  0
   -0.7463   -1.8021    4.9427  C  0  0  0  0  0
    0.0029   -3.0859    2.8781  C  0  0  0  0  0
    0.9203   -3.9883    2.2812  C  0  0  0  0  0
    2.0589   -4.4826    2.9377  C  0  0  0  0  0
    2.2608   -3.9970    4.2436  C  0  0  0  0  0
  1 13  1  0  0  0
  1  9  1  0  0  0
  1  2  1  0  0  0
  2  7  2  0  0  0
  2  3  1  0  0  0
  3  4  2  0  0  0
  4  5  1  0  0  0
  5  6  2  0  0  0
  6  7  1  0  0  0
  7  8  1  0  0  0
  8  9  2  0  0  0
  9 10  1  0  0  0
 10 11  1  0  0  0
 11 17  2  0  0  0
 11 12  1  0  0  0
 12 13  1  0  0  0
 12 14  2  0  0  0
 14 15  1  0  0  0
 15 16  2  0  0  0
 16 17  1  0  0  0
M  END
$$$$
c12n[c]3[c]([n]1Cc4c(S2)cccc4)cccc3
  -ISIS-

 17 20  0  0  0  0  0  0  0  0  1
   -0.4025   -1.1240    6.1178  N  0  0  0  0  0
   -1.1044   -0.1141    6.7681  C  0  0  0  0  0
   -2.3198    0.5383    6.5084  C  0  0  0  0  0
   -2.7120    1.5504    7.3921  C  0  0  0  0  0
   -1.9221    1.9002    8.4866  C  0  0  0  0  0
   -0.7111    1.2436    8.7306  C  0  0  0  0  0
   -0.3031    0.2250    7.8561  C  0  0  0  0  0
    0.8239   -0.5477    7.8993  N  0  0  0  0  0
    0.7230   -1.3486    6.8665  C  0  0  0  0  0
    1.8241   -2.6342    6.5536  S  0  0  0  0  0
    1.3734   -3.1189    4.8972  C  0  0  0  0  0
    0.2218   -2.6928    4.2242  C  0  0  0  0  0
   -0.7463   -1.8021    4.9427  C  0  0  0  0  0
    0.0029   -3.0859    2.8781  C  0  0  0  0  0
    0.9203   -3.9883    2.2812  C  0  0  0  0  0
    2.0589   -4.4826    2.9377  C  0  0  0  0  0
    2.2608   -3.9970    4.2436  C  0  0  0  0  0
  1 13  1  0  0  0
  1  9  1  0  0  0
  1  2  1  0  0  0
  2  7  2  0  0  0
  2  3  1  0  0  0
  3  4  2  0  0  0
  4  5  1  0  0  0
  5  6  2  0  0  0
  6  7  1  0  0  0
  7  8  1  0  0  0
  8  9  2  0  0  0
  9 10  1  0  0  0
 10 11  1  0  0  0
 11 17  2  0  0  0
 11 12  1  0  0  0
 12 13  1  0  0  0
 12 14  2  0  0  0
 14 15  1  0  0  0
 15 16  2  0  0  0
 16 17  1  0  0  0
M  END
$$$$
c12n[c]3[c]([n]1Cc4c(S2)cccc4)cccc3
  -ISIS-

 17 20  0  0  0  0  0  0  0  0  1
   -0.4025   -1.1240    6.1178  N  0  0  0  0  0
   -1.1044   -0.1141    6.7681  C  0  0  0  0  0
   -2.3198    0.5383    6.5084  C  0  0  0  0  0
   -2.7120    1.5504    7.3921  C  0  0  0  0  0
   -1.9221    1.9002    8.4866  C  0  0  0  0  0
   -0.7111    1.2436    8.7306  C  0  0  0  0  0
   -0.3031    0.2250    7.8561  C  0  0  0  0  0
    0.8239   -0.5477    7.8993  N  0  0  0  0  0
    0.7230   -1.3486    6.8665  C  0  0  0  0  0
    1.8241   -2.6342    6.5536  S  0  0  0  0  0
    1.3734   -3.1189    4.8972  C  0  0  0  0  0
    0.2218   -2.6928    4.2242  C  0  0  0  0  0
   -0.7463   -1.8021    4.9427  C  0  0  0  0  0
    0.0029   -3.0859    2.8781  C  0  0  0  0  0
    0.9203   -3.9883    2.2812  C  0  0  0  0  0
    2.0589   -4.4826    2.9377  C  0  0  0  0  0
    2.2608   -3.9970    4.2436  C  0  0  0  0  0
  1 13  1  0  0  0
  1  9  1  0  0  0
  1  2  1  0  0  0
  2  7  2  0  0  0
  2  3  1  0  0  0
  3  4  2  0  0  0
  4  5  1  0  0  0
  5  6  2  0  0  0
  6  7  1  0  0  0
  7  8  1  0  0  0
  8  9  2  0  0  0
  9 10  1  0  0  0
 10 11  1  0  0  0
 11 17  2  0  0  0
 11 12  1  0  0  0
 12 13  1  0  0  0
 12 14  2  0  0  0
 14 15  1  0  0  0
 15 16  2  0  0  0
 16 17  1  0  0  0
M  END
$$$$
c12n[c]3[c]([n]1Cc4c(S2)cccc4)cccc3
  -ISIS-

 17 20  0  0  0  0  0  0  0  0  1
   -0.4025   -1.1240    6.1178  N  0  0  0  0  0
   -1.1044   -0.1141    6.7681  C  0  0  0  0  0
   -2.3198    0.5383    6.5084  C  0  0  0  0  0
   -2.7120    1.5504    7.3921  C  0  0  0  0  0
   -1.9221    1.9002    8.4866  C  0  0  0  0  0
   -0.7111    1.2436    8.7306  C  0  0  0  0  0
   -0.3031    0.2250    7.8561  C  0  0  0  0  0
    0.8239   -0.5477    7.8993  N  0  0  0  0  0
    0.7230   -1.3486    6.8665  C  0  0  0  0  0
    1.8241   -2.6342    6.5536  S  0  0  0  0  0
    1.3734   -3.1189    4.8972  C  0  0  0  0  0
    0.2218   -2.6928    4.2242  C  0  0  0  0  0
   -0.7463   -1.8021    4.9427  C  0  0  0  0  0
    0.0029   -3.0859    2.8781  C  0  0  0  0  0
    0.9203   -3.9883    2.2812  C  0  0  0  0  0
    2.0589   -4.4826    2.9377  C  0  0  0  0  0
    2.2608   -3.9970    4.2436  C  0  0  0  0  0
  1 13  1  0  0  0
  1  9  1  0  0  0
  1  2  1  0  0  0
  2  7  2  0  0  0
  2  3  1  0  0  0
  3  4  2  0  0  0
  4  5  1  0  0  0
  5  6  2  0  0  0
  6  7  1  0  0  0
  7  8  1  0  0  0
  8  9  2  0  0  0
  9 10  1  0  0  0
 10 11  1  0  0  0
 11 17  2  0  0  0
 11 12  1  0  0  0
 12 13  1  0  0  0
 12 14  2  0  0  0
 14 15  1  0  0  0
 15 16  2  0  0  0
 16 17  1  0  0  0
M  END
$$$$
c12n[c]3[c]([n]1Cc4c(S2)cccc4)cccc3
  -ISIS-

 17 20  0  0  0  0  0  0  0  0  1
    2.8461   -2.9586    2.6090  N  0  0  0  0  0
    3.3126   -3.1513    1.3134  C  0  0  0  0  0
    4.2008   -2.4407    0.4911  C  0  0  0  0  0
    4.4393   -2.9465   -0.7919  C  0  0  0  0  0
    3.8176   -4.1127   -1.2364  C  0  0  0  0  0
    2.9343   -4.8104   -0.4058  C  0  0  0  0  0
    2.6835   -4.3177    0.8837  C  0  0  0  0  0
    1.8688   -4.8260    1.8568  N  0  0  0  0  0
    1.9872   -3.9983    2.8661  C  0  0  0  0  0
    1.1435   -4.2092    4.3560  S  0  0  0  0  0
    1.6851   -2.8128    5.3142  C  0  0  0  0  0
    2.5873   -1.8426    4.8607  C  0  0  0  0  0
    3.1626   -1.9281    3.4999  C  0  0  0  0  0
    2.9481   -0.7790    5.7030  C  0  0  0  0  0
    2.4199   -0.6762    6.9843  C  0  0  0  0  0
    1.5287   -1.6279    7.4410  C  0  0  0  0  0
    1.1654   -2.6847    6.6152  C  0  0  0  0  0
  1 13  1  0  0  0
  1  9  1  0  0  0
  1  2  1  0  0  0
  2  7  2  0  0  0
  2  3  1  0  0  0
  3  4  2  0  0  0
  4  5  1  0  0  0
  5  6  2  0  0  0
  6  7  1  0  0  0
  7  8  1  0  0  0
  8  9  2  0  0  0
  9 10  1  0  0  0
 10 11  1  0  0  0
 11 17  2  0  0  0
 11 12  1  0  0  0
 12 13  1  0  0  0
 12 14  2  0  0  0
 14 15  1  0  0  0
 15 16  2  0  0  0
 16 17  1  0  0  0
M  END
$$$$
c12n[c]3[c]([n]1Cc4c(S2)cccc4)cccc3
  -ISIS-

 17 20  0  0  0  0  0  0  0  0  1
    2.8461   -2.9586    2.6090  N  0  0  0  0  0
    3.3126   -3.1513    1.3134  C  0  0  0  0  0
    4.2008   -2.4407    0.4911  C  0  0  0  0  0
    4.4393   -2.9465   -0.7919  C  0  0  0  0  0
    3.8176   -4.1127   -1.2364  C  0  0  0  0  0
    2.9343   -4.8104   -0.4058  C  0  0  0  0  0
    2.6835   -4.3177    0.8837  C  0  0  0  0  0
    1.8688   -4.8260    1.8568  N  0  0  0  0  0
    1.9872   -3.9983    2.8661  C  0  0  0  0  0
    1.1435   -4.2092    4.3560  S  0  0  0  0  0
    1.6851   -2.8128    5.3142  C  0  0  0  0  0
    2.5873   -1.8426    4.8607  C  0  0  0  0  0
    3.1626   -1.9281    3.4999  C  0  0  0  0  0
    2.9481   -0.7790    5.7030  C  0  0  0  0  0
    2.4199   -0.6762    6.9843  C  0  0  0  0  0
    1.5287   -1.6279    7.4410  C  0  0  0  0  0
    1.1654   -2.6847    6.6152  C  0  0  0  0  0
  1 13  1  0  0  0
  1  9  1  0  0  0
  1  2  1  0  0  0
  2  7  2  0  0  0
  2  3  1  0  0  0
  3  4  2  0  0  0
  4  5  1  0  0  0
  5  6  2  0  0  0
  6  7  1  0  0  0
  7  8  1  0  0  0
  8  9  2  0  0  0
  9 10  1  0  0  0
 10 11  1  0  0  0
 11 17  2  0  0  0
 11 12  1  0  0  0
 12 13  1  0  0  0
 12 14  2  0  0  0
 14 15  1  0  0  0
 15 16  2  0  0  0
 16 17  1  0  0  0
M  END
$$$$
c12n[c]3[c]([n]1Cc4c(S2)cccc4)cccc3
  -ISIS-

 17 20  0  0  0  0  0  0  0  0  1
    2.8461   -2.9586    2.6090  N  0  0  0  0  0
    3.3126   -3.1513    1.3134  C  0  0  0  0  0
    4.2008   -2.4407    0.4911  C  0  0  0  0  0
    4.4393   -2.9465   -0.7919  C  0  0  0  0  0
    3.8176   -4.1127   -1.2364  C  0  0  0  0  0
    2.9343   -4.8104   -0.4058  C  0  0  0  0  0
    2.6835   -4.3177    0.8837  C  0  0  0  0  0
    1.8688   -4.8260    1.8568  N  0  0  0  0  0
    1.9872   -3.9983    2.8661  C  0  0  0  0  0
    1.1435   -4.2092    4.3560  S  0  0  0  0  0
    1.6851   -2.8128    5.3142  C  0  0  0  0  0
    2.5873   -1.8426    4.8607  C  0  0  0  0  0
    3.1626   -1.9281    3.4999  C  0  0  0  0  0
    2.9481   -0.7790    5.7030  C  0  0  0  0  0
    2.4199   -0.6762    6.9843  C  0  0  0  0  0
    1.5287   -1.6279    7.4410  C  0  0  0  0  0
    1.1654   -2.6847    6.6152  C  0  0  0  0  0
  1 13  1  0  0  0
  1  9  1  0  0  0
  1  2  1  0  0  0
  2  7  2  0  0  0
  2  3  1  0  0  0
  3  4  2  0  0  0
  4  5  1  0  0  0
  5  6  2  0  0  0
  6  7  1  0  0  0
  7  8  1  0  0  0
  8  9  2  0  0  0
  9 10  1  0  0  0
 10 11  1  0  0  0
 11 17  2  0  0  0
 11 12  1  0  0  0
 12 13  1  0  0  0
 12 14  2  0  0  0
 14 15  1  0  0  0
 15 16  2  0  0  0
 16 17  1  0  0  0
M  END
$$$$
c12n[c]3[c]([n]1Cc4c(S2)cccc4)cccc3
  -ISIS-

 17 20  0  0  0  0  0  0  0  0  1
    2.8461   -2.9586    2.6090  N  0  0  0  0  0
    3.3126   -3.1513    1.3134  C  0  0  0  0  0
    4.2008   -2.4407    0.4911  C  0  0  0  0  0
    4.4393   -2.9465   -0.7919  C  0  0  0  0  0
    3.8176   -4.1127   -1.2364  C  0  0  0  0  0
    2.9343   -4.8104   -0.4058  C  0  0  0  0  0
    2.6835   -4.3177    0.8837  C  0  0  0  0  0
    1.8688   -4.8260    1.8568  N  0  0  0  0  0
    1.9872   -3.9983    2.8661  C  0  0  0  0  0
    1.1435   -4.2092    4.3560  S  0  0  0  0  0
    1.6851   -2.8128    5.3142  C  0  0  0  0  0
    2.5873   -1.8426    4.8607  C  0  0  0  0  0
    3.1626   -1.9281    3.4999  C  0  0  0  0  0
    2.9481   -0.7790    5.7030  C  0  0  0  0  0
    2.4199   -0.6762    6.9843  C  0  0  0  0  0
    1.5287   -1.6279    7.4410  C  0  0  0  0  0
    1.1654   -2.6847    6.6152  C  0  0  0  0  0
  1 13  1  0  0  0
  1  9  1  0  0  0
  1  2  1  0  0  0
  2  7  2  0  0  0
  2  3  1  0  0  0
  3  4  2  0  0  0
  4  5  1  0  0  0
  5  6  2  0  0  0
  6  7  1  0  0  0
  7  8  1  0  0  0
  8  9  2  0  0  0
  9 10  1  0  0  0
 10 11  1  0  0  0
 11 17  2  0  0  0
 11 12  1  0  0  0
 12 13  1  0  0  0
 12 14  2  0  0  0
 14 15  1  0  0  0
 15 16  2  0  0  0
 16 17  1  0  0  0
M  END
$$$$
c12n[c]3[c]([n]1Cc4c(S2)cccc4)cccc3
  -ISIS-

 17 20  0  0  0  0  0  0  0  0  1
    2.8461   -2.9586    2.6090  N  0  0  0  0  0
    3.3126   -3.1513    1.3134  C  0  0  0  0  0
    4.2008   -2.4407    0.4911  C  0  0  0  0  0
    4.4393   -2.9465   -0.7919  C  0  0  0  0  0
    3.8176   -4.1127   -1.2364  C  0  0  0  0  0
    2.9343   -4.8104   -0.4058  C  0  0  0  0  0
    2.6835   -4.3177    0.8837  C  0  0  0  0  0
    1.8688   -4.8260    1.8568  N  0  0  0  0  0
    1.9872   -3.9983    2.8661  C  0  0  0  0  0
    1.1435   -4.2092    4.3560  S  0  0  0  0  0
    1.6851   -2.8128    5.3142  C  0  0  0  0  0
    2.5873   -1.8426    4.8607  C  0  0  0  0  0
    3.1626   -1.9281    3.4999  C  0  0  0  0  0
    2.9481   -0.7790    5.7030  C  0  0  0  0  0
    2.4199   -0.6762    6.9843  C  0  0  0  0  0
    1.5287   -1.6279    7.4410  C  0  0  0  0  0
    1.1654   -2.6847    6.6152  C  0  0  0  0  0
  1 13  1  0  0  0
  1  9  1  0  0  0
  1  2  1  0  0  0
  2  7  2  0  0  0
  2  3  1  0  0  0
  3  4  2  0  0  0
  4  5  1  0  0  0
  5  6  2  0  0  0
  6  7  1  0  0  0
  7  8  1  0  0  0
  8  9  2  0  0  0
  9 10  1  0  0  0
 10 11  1  0  0  0
 11 17  2  0  0  0
 11 12  1  0  0  0
 12 13  1  0  0  0
 12 14  2  0  0  0
 14 15  1  0  0  0
 15 16  2  0  0  0
 16 17  1  0  0  0
M  END
$$$$
c12n[c]3[c]([n]1Cc4c(S2)cccc4)cccc3
  -ISIS-

 17 20  0  0  0  0  0  0  0  0  1
    4.0788   -1.6050    4.3884  N  0  0  0  0  0
    4.2055   -2.7245    3.5753  C  0  0  0  0  0
    3.3112   -3.4256    2.7520  C  0  0  0  0  0
    3.8056   -4.5388    2.0626  C  0  0  0  0  0
    5.1364   -4.9354    2.1894  C  0  0  0  0  0
    6.0161   -4.2262    3.0140  C  0  0  0  0  0
    5.5379   -3.1077    3.7131  C  0  0  0  0  0
    6.2063   -2.2734    4.5657  N  0  0  0  0  0
    5.3142   -1.3929    4.9499  C  0  0  0  0  0
    5.6717   -0.1081    6.0478  S  0  0  0  0  0
    4.1134    0.7362    6.1866  C  0  0  0  0  0
    2.9484    0.3504    5.5145  C  0  0  0  0  0
    2.9442   -0.8244    4.6168  C  0  0  0  0  0
    1.7533    1.0729    5.6778  C  0  0  0  0  0
    1.7248    2.1814    6.5142  C  0  0  0  0  0
    2.8670    2.5786    7.1880  C  0  0  0  0  0
    4.0481    1.8626    7.0249  C  0  0  0  0  0
  1 13  1  0  0  0
  1  9  1  0  0  0
  1  2  1  0  0  0
  2  7  2  0  0  0
  2  3  1  0  0  0
  3  4  2  0  0  0
  4  5  1  0  0  0
  5  6  2  0  0  0
  6  7  1  0  0  0
  7  8  1  0  0  0
  8  9  2  0  0  0
  9 10  1  0  0  0
 10 11  1  0  0  0
 11 17  2  0  0  0
 11 12  1  0  0  0
 12 13  1  0  0  0
 12 14  2  0  0  0
 14 15  1  0  0  0
 15 16  2  0  0  0
 16 17  1  0  0  0
M  END
$$$$
c12n[c]3[c]([n]1Cc4c(S2)cccc4)cccc3
  -ISIS-

 17 20  0  0  0  0  0  0  0  0  1
    4.0788   -1.6050    4.3884  N  0  0  0  0  0
    4.2055   -2.7245    3.5753  C  0  0  0  0  0
    3.3112   -3.4256    2.7520  C  0  0  0  0  0
    3.8056   -4.5388    2.0626  C  0  0  0  0  0
    5.1364   -4.9354    2.1894  C  0  0  0  0  0
    6.0161   -4.2262    3.0140  C  0  0  0  0  0
    5.5379   -3.1077    3.7131  C  0  0  0  0  0
    6.2063   -2.2734    4.5657  N  0  0  0  0  0
    5.3142   -1.3929    4.9499  C  0  0  0  0  0
    5.6717   -0.1081    6.0478  S  0  0  0  0  0
    4.1134    0.7362    6.1866  C  0  0  0  0  0
    2.9484    0.3504    5.5145  C  0  0  0  0  0
    2.9442   -0.8244    4.6168  C  0  0  0  0  0
    1.7533    1.0729    5.6778  C  0  0  0  0  0
    1.7248    2.1814    6.5142  C  0  0  0  0  0
    2.8670    2.5786    7.1880  C  0  0  0  0  0
    4.0481    1.8626    7.0249  C  0  0  0  0  0
  1 13  1  0  0  0
  1  9  1  0  0  0
  1  2  1  0  0  0
  2  7  2  0  0  0
  2  3  1  0  0  0
  3  4  2  0  0  0
  4  5  1  0  0  0
  5  6  2  0  0  0
  6  7  1  0  0  0
  7  8  1  0  0  0
  8  9  2  0  0  0
  9 10  1  0  0  0
 10 11  1  0  0  0
 11 17  2  0  0  0
 11 12  1  0  0  0
 12 13  1  0  0  0
 12 14  2  0  0  0
 14 15  1  0  0  0
 15 16  2  0  0  0
 16 17  1  0  0  0
M  END
$$$$
c12n[c]3[c]([n]1Cc4c(S2)cccc4)cccc3
  -ISIS-

 17 20  0  0  0  0  0  0  0  0  1
    4.0788   -1.6050    4.3884  N  0  0  0  0  0
    4.2055   -2.7245    3.5753  C  0  0  0  0  0
    3.3112   -3.4256    2.7520  C  0  0  0  0  0
    3.8056   -4.5388    2.0626  C  0  0  0  0  0
    5.1364   -4.9354    2.1894  C  0  0  0  0  0
    6.0161   -4.2262    3.0140  C  0  0  0  0  0
    5.5379   -3.1077    3.7131  C  0  0  0  0  0
    6.2063   -2.2734    4.5657  N  0  0  0  0  0
    5.3142   -1.3929    4.9499  C  0  0  0  0  0
    5.6717   -0.1081    6.0478  S  0  0  0  0  0
    4.1134    0.7362    6.1866  C  0  0  0  0  0
    2.9484    0.3504    5.5145  C  0  0  0  0  0
    2.9442   -0.8244    4.6168  C  0  0  0  0  0
    1.7533    1.0729    5.6778  C  0  0  0  0  0
    1.7248    2.1814    6.5142  C  0  0  0  0  0
    2.8670    2.5786    7.1880  C  0  0  0  0  0
    4.0481    1.8626    7.0249  C  0  0  0  0  0
  1 13  1  0  0  0
  1  9  1  0  0  0
  1  2  1  0  0  0
  2  7  2  0  0  0
  2  3  1  0  0  0
  3  4  2  0  0  0
  4  5  1  0  0  0
  5  6  2  0  0  0
  6  7  1  0  0  0
  7  8  1  0  0  0
  8  9  2  0  0  0
  9 10  1  0  0  0
 10 11  1  0  0  0
 11 17  2  0  0  0
 11 12  1  0  0  0
 12 13  1  0  0  0
 12 14  2  0  0  0
 14 15  1  0  0  0
 15 16  2  0  0  0
 16 17  1  0  0  0
M  END
$$$$
c12n[c]3[c]([n]1Cc4c(S2)cccc4)cccc3
  -ISIS-

 17 20  0  0  0  0  0  0  0  0  1
    4.0788   -1.6050    4.3884  N  0  0  0  0  0
    4.2055   -2.7245    3.5753  C  0  0  0  0  0
    3.3112   -3.4256    2.7520  C  0  0  0  0  0
    3.8056   -4.5388    2.0626  C  0  0  0  0  0
    5.1364   -4.9354    2.1894  C  0  0  0  0  0
    6.0161   -4.2262    3.0140  C  0  0  0  0  0
    5.5379   -3.1077    3.7131  C  0  0  0  0  0
    6.2063   -2.2734    4.5657  N  0  0  0  0  0
    5.3142   -1.3929    4.9499  C  0  0  0  0  0
    5.6717   -0.1081    6.0478  S  0  0  0  0  0
    4.1134    0.7362    6.1866  C  0  0  0  0  0
    2.9484    0.3504    5.5145  C  0  0  0  0  0
    2.9442   -0.8244    4.6168  C  0  0  0  0  0
    1.7533    1.0729    5.6778  C  0  0  0  0  0
    1.7248    2.1814    6.5142  C  0  0  0  0  0
    2.8670    2.5786    7.1880  C  0  0  0  0  0
    4.0481    1.8626    7.0249  C  0  0  0  0  0
  1 13  1  0  0  0
  1  9  1  0  0  0
  1  2  1  0  0  0
  2  7  2  0  0  0
  2  3  1  0  0  0
  3  4  2  0  0  0
  4  5  1  0  0  0
  5  6  2  0  0  0
  6  7  1  0  0  0
  7  8  1  0  0  0
  8  9  2  0  0  0
  9 10  1  0  0  0
 10 11  1  0  0  0
 11 17  2  0  0  0
 11 12  1  0  0  0
 12 13  1  0  0  0
 12 14  2  0  0  0
 14 15  1  0  0  0
 15 16  2  0  0  0
 16 17  1  0  0  0
M  END
$$$$
c12n[c]3[c]([n]1Cc4c(S2)cccc4)cccc3
  -ISIS-

 17 20  0  0  0  0  0  0  0  0  1
   -3.2723    2.7026  -11.2589  C  0  0  0  0  0
   -2.8221    3.2756  -12.4669  N  0  0  0  0  0
   -2.9252    4.5981  -12.8954  C  0  0  0  0  0
   -3.4771    5.7602  -12.3321  C  0  0  0  0  0
   -3.3760    6.9502  -13.0623  C  0  0  0  0  0
   -2.7454    6.9835  -14.3046  C  0  0  0  0  0
   -2.1964    5.8206  -14.8540  C  0  0  0  0  0
   -2.2904    4.6179  -14.1361  C  0  0  0  0  0
   -1.8342    3.3773  -14.4804  N  0  0  0  0  0
   -2.1794    2.6023  -13.4804  C  0  0  0  0  0
   -1.9398    0.8938  -13.4967  S  0  0  0  0  0
   -2.2739    0.4641  -11.8062  C  0  0  0  0  0
   -2.8690    1.3154  -10.8664  C  0  0  0  0  0
   -3.0431    0.8674   -9.5434  C  0  0  0  0  0
   -2.6658   -0.4242   -9.1704  C  0  0  0  0  0
   -2.1023   -1.2786  -10.1084  C  0  0  0  0  0
   -1.9045   -0.8351  -11.4154  C  0  0  0  0  0
  1 13  1  0  0  0
  1  2  1  0  0  0
  2 10  1  0  0  0
  2  3  1  0  0  0
  3  8  2  0  0  0
  3  4  1  0  0  0
  4  5  2  0  0  0
  5  6  1  0  0  0
  6  7  2  0  0  0
  7  8  1  0  0  0
  8  9  1  0  0  0
  9 10  2  0  0  0
 10 11  1  0  0  0
 11 12  1  0  0  0
 12 17  2  0  0  0
 12 13  1  0  0  0
 13 14  2  0  0  0
 14 15  1  0  0  0
 15 16  2  0  0  0
 16 17  1  0  0  0
M  END
$$$$
c12n[c]3[c]([n]1Cc4c(S2)cccc4)cccc3
  -ISIS-

 17 20  0  0  0  0  0  0  0  0  1
   -0.6584   -0.0045    3.9920  C  0  0  0  0  0
   -1.5371    1.0041    4.3998  N  0  0  0  0  0
   -1.6092    1.6363    5.6362  C  0  0  0  0  0
   -0.8853    1.5053    6.8315  C  0  0  0  0  0
   -1.2477    2.3326    7.9008  C  0  0  0  0  0
   -2.2888    3.2525    7.7826  C  0  0  0  0  0
   -3.0015    3.3720    6.5849  C  0  0  0  0  0
   -2.6519    2.5507    5.5025  C  0  0  0  0  0
   -3.2011    2.4932    4.2520  N  0  0  0  0  0
   -2.5187    1.5679    3.6229  C  0  0  0  0  0
   -2.8350    1.1172    1.9881  S  0  0  0  0  0
   -1.6249   -0.1506    1.6894  C  0  0  0  0  0
   -0.6912   -0.5931    2.6346  C  0  0  0  0  0
    0.2217   -1.6032    2.2919  C  0  0  0  0  0
    0.2105   -2.1711    1.0238  C  0  0  0  0  0
   -0.7067   -1.7416    0.0841  C  0  0  0  0  0
   -1.6144   -0.7423    0.4132  C  0  0  0  0  0
  1 13  1  0  0  0
  1  2  1  0  0  0
  2 10  1  0  0  0
  2  3  1  0  0  0
  3  8  2  0  0  0
  3  4  1  0  0  0
  4  5  2  0  0  0
  5  6  1  0  0  0
  6  7  2  0  0  0
  7  8  1  0  0  0
  8  9  1  0  0  0
  9 10  2  0  0  0
 10 11  1  0  0  0
 11 12  1  0  0  0
 12 17  2  0  0  0
 12 13  1  0  0  0
 13 14  2  0  0  0
 14 15  1  0  0  0
 15 16  2  0  0  0
 16 17  1  0  0  0
M  END
$$$$
c12n[c]3[c]([n]1Cc4c(S2)cccc4)cccc3
  -ISIS-

 17 20  0  0  0  0  0  0  0  0  1
   -0.6584   -0.0045    3.9920  C  0  0  0  0  0
   -1.5371    1.0041    4.3998  N  0  0  0  0  0
   -1.6092    1.6363    5.6362  C  0  0  0  0  0
   -0.8853    1.5053    6.8315  C  0  0  0  0  0
   -1.2477    2.3326    7.9008  C  0  0  0  0  0
   -2.2888    3.2525    7.7826  C  0  0  0  0  0
   -3.0015    3.3720    6.5849  C  0  0  0  0  0
   -2.6519    2.5507    5.5025  C  0  0  0  0  0
   -3.2011    2.4932    4.2520  N  0  0  0  0  0
   -2.5187    1.5679    3.6229  C  0  0  0  0  0
   -2.8350    1.1172    1.9881  S  0  0  0  0  0
   -1.6249   -0.1506    1.6894  C  0  0  0  0  0
   -0.6912   -0.5931    2.6346  C  0  0  0  0  0
    0.2217   -1.6032    2.2919  C  0  0  0  0  0
    0.2105   -2.1711    1.0238  C  0  0  0  0  0
   -0.7067   -1.7416    0.0841  C  0  0  0  0  0
   -1.6144   -0.7423    0.4132  C  0  0  0  0  0
  1 13  1  0  0  0
  1  2  1  0  0  0
  2 10  1  0  0  0
  2  3  1  0  0  0
  3  8  2  0  0  0
  3  4  1  0  0  0
  4  5  2  0  0  0
  5  6  1  0  0  0
  6  7  2  0  0  0
  7  8  1  0  0  0
  8  9  1  0  0  0
  9 10  2  0  0  0
 10 11  1  0  0  0
 11 12  1  0  0  0
 12 17  2  0  0  0
 12 13  1  0  0  0
 13 14  2  0  0  0
 14 15  1  0  0  0
 15 16  2  0  0  0
 16 17  1  0  0  0
M  END
$$$$
c12n[c]3[c]([n]1Cc4c(S2)cccc4)cccc3
  -ISIS-

 17 20  0  0  0  0  0  0  0  0  1
   -0.6584   -0.0045    3.9920  C  0  0  0  0  0
   -1.5371    1.0041    4.3998  N  0  0  0  0  0
   -1.6092    1.6363    5.6362  C  0  0  0  0  0
   -0.8853    1.5053    6.8315  C  0  0  0  0  0
   -1.2477    2.3326    7.9008  C  0  0  0  0  0
   -2.2888    3.2525    7.7826  C  0  0  0  0  0
   -3.0015    3.3720    6.5849  C  0  0  0  0  0
   -2.6519    2.5507    5.5025  C  0  0  0  0  0
   -3.2011    2.4932    4.2520  N  0  0  0  0  0
   -2.5187    1.5679    3.6229  C  0  0  0  0  0
   -2.8350    1.1172    1.9881  S  0  0  0  0  0
   -1.6249   -0.1506    1.6894  C  0  0  0  0  0
   -0.6912   -0.5931    2.6346  C  0  0  0  0  0
    0.2217   -1.6032    2.2919  C  0  0  0  0  0
    0.2105   -2.1711    1.0238  C  0  0  0  0  0
   -0.7067   -1.7416    0.0841  C  0  0  0  0  0
   -1.6144   -0.7423    0.4132  C  0  0  0  0  0
  1 13  1  0  0  0
  1  2  1  0  0  0
  2 10  1  0  0  0
  2  3  1  0  0  0
  3  8  2  0  0  0
  3  4  1  0  0  0
  4  5  2  0  0  0
  5  6  1  0  0  0
  6  7  2  0  0  0
  7  8  1  0  0  0
  8  9  1  0  0  0
  9 10  2  0  0  0
 10 11  1  0  0  0
 11 12  1  0  0  0
 12 17  2  0  0  0
 12 13  1  0  0  0
 13 14  2  0  0  0
 14 15  1  0  0  0
 15 16  2  0  0  0
 16 17  1  0  0  0
M  END
$$$$
c12n[c]3[c]([n]1Cc4c(S2)cccc4)cccc3
  -ISIS-

 17 20  0  0  0  0  0  0  0  0  1
   -0.6584   -0.0045    3.9920  C  0  0  0  0  0
   -1.5371    1.0041    4.3998  N  0  0  0  0  0
   -1.6092    1.6363    5.6362  C  0  0  0  0  0
   -0.8853    1.5053    6.8315  C  0  0  0  0  0
   -1.2477    2.3326    7.9008  C  0  0  0  0  0
   -2.2888    3.2525    7.7826  C  0  0  0  0  0
   -3.0015    3.3720    6.5849  C  0  0  0  0  0
   -2.6519    2.5507    5.5025  C  0  0  0  0  0
   -3.2011    2.4932    4.2520  N  0  0  0  0  0
   -2.5187    1.5679    3.6229  C  0  0  0  0  0
   -2.8350    1.1172    1.9881  S  0  0  0  0  0
   -1.6249   -0.1506    1.6894  C  0  0  0  0  0
   -0.6912   -0.5931    2.6346  C  0  0  0  0  0
    0.2217   -1.6032    2.2919  C  0  0  0  0  0
    0.2105   -2.1711    1.0238  C  0  0  0  0  0
   -0.7067   -1.7416    0.0841  C  0  0  0  0  0
   -1.6144   -0.7423    0.4132  C  0  0  0  0  0
  1 13  1  0  0  0
  1  2  1  0  0  0
  2 10  1  0  0  0
  2  3  1  0  0  0
  3  8  2  0  0  0
  3  4  1  0  0  0
  4  5  2  0  0  0
  5  6  1  0  0  0
  6  7  2  0  0  0
  7  8  1  0  0  0
  8  9  1  0  0  0
  9 10  2  0  0  0
 10 11  1  0  0  0
 11 12  1  0  0  0
 12 17  2  0  0  0
 12 13  1  0  0  0
 13 14  2  0  0  0
 14 15  1  0  0  0
 15 16  2  0  0  0
 16 17  1  0  0  0
M  END
$$$$
c12n[c]3[c]([n]1Cc4c(S2)cccc4)cccc3
  -ISIS-

 17 20  0  0  0  0  0  0  0  0  1
   -0.6584   -0.0045    3.9920  C  0  0  0  0  0
   -1.5371    1.0041    4.3998  N  0  0  0  0  0
   -1.6092    1.6363    5.6362  C  0  0  0  0  0
   -0.8853    1.5053    6.8315  C  0  0  0  0  0
   -1.2477    2.3326    7.9008  C  0  0  0  0  0
   -2.2888    3.2525    7.7826  C  0  0  0  0  0
   -3.0015    3.3720    6.5849  C  0  0  0  0  0
   -2.6519    2.5507    5.5025  C  0  0  0  0  0
   -3.2011    2.4932    4.2520  N  0  0  0  0  0
   -2.5187    1.5679    3.6229  C  0  0  0  0  0
   -2.8350    1.1172    1.9881  S  0  0  0  0  0
   -1.6249   -0.1506    1.6894  C  0  0  0  0  0
   -0.6912   -0.5931    2.6346  C  0  0  0  0  0
    0.2217   -1.6032    2.2919  C  0  0  0  0  0
    0.2105   -2.1711    1.0238  C  0  0  0  0  0
   -0.7067   -1.7416    0.0841  C  0  0  0  0  0
   -1.6144   -0.7423    0.4132  C  0  0  0  0  0
  1 13  1  0  0  0
  1  2  1  0  0  0
  2 10  1  0  0  0
  2  3  1  0  0  0
  3  8  2  0  0  0
  3  4  1  0  0  0
  4  5  2  0  0  0
  5  6  1  0  0  0
  6  7  2  0  0  0
  7  8  1  0  0  0
  8  9  1  0  0  0
  9 10  2  0  0  0
 10 11  1  0  0  0
 11 12  1  0  0  0
 12 17  2  0  0  0
 12 13  1  0  0  0
 13 14  2  0  0  0
 14 15  1  0  0  0
 15 16  2  0  0  0
 16 17  1  0  0  0
M  END
$$$$
