c12ncc(cc1)CSCc3ncc(cc3)CSC2
  -ISIS-

 18 20  0  0  0  0  0  0  0  0  1
   -0.8980    2.3685    1.0098  C  0  0  0  0  0
   -0.5015    1.8058   -0.2035  C  0  0  0  0  0
   -1.2097    2.0364   -1.3459  N  0  0  0  0  0
   -2.2026    2.9591   -1.3169  C  0  0  0  0  0
   -2.5774    3.6611   -0.1795  C  0  0  0  0  0
   -1.9592    3.2869    1.0166  C  0  0  0  0  0
   -3.5793    4.7816   -0.2142  C  0  0  0  0  0
   -3.2721    6.0752   -1.4666  S  0  0  0  0  0
   -1.8015    6.9497   -0.7831  C  0  0  0  0  0
   -0.5460    6.1136   -0.7200  C  0  0  0  0  0
   -0.1693    5.5266   -1.8893  N  0  0  0  0  0
    0.8346    4.6172   -1.8606  C  0  0  0  0  0
    1.5262    4.2578   -0.7107  C  0  0  0  0  0
    2.5253    3.1335   -0.6880  C  0  0  0  0  0
    1.9910    1.5984   -1.5246  S  0  0  0  0  0
    0.7283    0.9415   -0.3610  C  0  0  0  0  0
    1.2458    4.9948    0.4440  C  0  0  0  0  0
    0.1914    5.9179    0.4475  C  0  0  0  0  0
  1  6  2  0  0  0
  1  2  1  0  0  0
  2 16  1  0  0  0
  2  3  2  0  0  0
  3  4  1  0  0  0
  4  5  2  0  0  0
  5  6  1  0  0  0
  5  7  1  0  0  0
  7  8  1  0  0  0
  8  9  1  0  0  0
  9 10  1  0  0  0
 10 18  2  0  0  0
 10 11  1  0  0  0
 11 12  2  0  0  0
 12 13  1  0  0  0
 13 14  1  0  0  0
 13 17  2  0  0  0
 14 15  1  0  0  0
 15 16  1  0  0  0
 17 18  1  0  0  0
M  END
$$$$
c12ncc(cc1)CSCc3ncc(cc3)CSC2
  -ISIS-

 18 20  0  0  0  0  0  0  0  0  1
   -0.8980    2.3685    1.0098  C  0  0  0  0  0
   -0.5015    1.8058   -0.2035  C  0  0  0  0  0
   -1.2097    2.0364   -1.3459  N  0  0  0  0  0
   -2.2026    2.9591   -1.3169  C  0  0  0  0  0
   -2.5774    3.6611   -0.1795  C  0  0  0  0  0
   -1.9592    3.2869    1.0166  C  0  0  0  0  0
   -3.5793    4.7816   -0.2142  C  0  0  0  0  0
   -3.2721    6.0752   -1.4666  S  0  0  0  0  0
   -1.8015    6.9497   -0.7831  C  0  0  0  0  0
   -0.5460    6.1136   -0.7200  C  0  0  0  0  0
   -0.1693    5.5266   -1.8893  N  0  0  0  0  0
    0.8346    4.6172   -1.8606  C  0  0  0  0  0
    1.5262    4.2578   -0.7107  C  0  0  0  0  0
    2.5253    3.1335   -0.6880  C  0  0  0  0  0
    1.9910    1.5984   -1.5246  S  0  0  0  0  0
    0.7283    0.9415   -0.3610  C  0  0  0  0  0
    1.2458    4.9948    0.4440  C  0  0  0  0  0
    0.1914    5.9179    0.4475  C  0  0  0  0  0
  1  6  2  0  0  0
  1  2  1  0  0  0
  2 16  1  0  0  0
  2  3  2  0  0  0
  3  4  1  0  0  0
  4  5  2  0  0  0
  5  6  1  0  0  0
  5  7  1  0  0  0
  7  8  1  0  0  0
  8  9  1  0  0  0
  9 10  1  0  0  0
 10 18  2  0  0  0
 10 11  1  0  0  0
 11 12  2  0  0  0
 12 13  1  0  0  0
 13 14  1  0  0  0
 13 17  2  0  0  0
 14 15  1  0  0  0
 15 16  1  0  0  0
 17 18  1  0  0  0
M  END
$$$$
