C12N(C3=C(S1)CNC3)c4c(cccc4)CN=2
  -ISIS-

 16 19  0  0  0  0  0  0  0  0  1
   -2.9921   -2.5701   -0.1136  C  0  0  0  0  0
   -2.5020   -1.4384    0.5108  N  0  0  0  0  0
   -1.7797   -0.3210    0.0368  C  0  0  0  0  0
   -1.3555    0.6383    0.9840  C  0  0  0  0  0
   -1.7157    0.4526    2.4230  C  0  0  0  0  0
   -2.5278   -0.5935    2.7903  N  0  0  0  0  0
   -2.8435   -1.4251    1.8668  C  0  0  0  0  0
   -3.8802   -2.8437    2.2677  S  0  0  0  0  0
   -3.7151   -3.3669    0.6606  C  0  0  0  0  0
   -4.1491   -4.5506   -0.0515  C  0  0  0  0  0
   -3.6268   -4.4187   -1.3246  N  0  0  0  0  0
   -2.8635   -3.2610   -1.4018  C  0  0  0  0  0
   -0.6200    1.7722    0.6058  C  0  0  0  0  0
   -0.3093    1.9801   -0.7326  C  0  0  0  0  0
   -0.7435    1.0648   -1.6848  C  0  0  0  0  0
   -1.4759   -0.0683   -1.3041  C  0  0  0  0  0
  1 12  1  0  0  0
  1  9  2  0  0  0
  1  2  1  0  0  0
  2  7  1  0  0  0
  2  3  1  0  0  0
  3 16  2  0  0  0
  3  4  1  0  0  0
  4  5  1  0  0  0
  4 13  2  0  0  0
  5  6  1  0  0  0
  6  7  2  0  0  0
  7  8  1  0  0  0
  8  9  1  0  0  0
  9 10  1  0  0  0
 10 11  1  0  0  0
 11 12  1  0  0  0
 13 14  1  0  0  0
 14 15  2  0  0  0
 15 16  1  0  0  0
M  END
$$$$
C12N(C3=C(S1)CNC3)c4c(cccc4)CN=2
  -ISIS-

 16 19  0  0  0  0  0  0  0  0  1
   -2.9921   -2.5701   -0.1136  C  0  0  0  0  0
   -2.5020   -1.4384    0.5108  N  0  0  0  0  0
   -1.7797   -0.3210    0.0368  C  0  0  0  0  0
   -1.3555    0.6383    0.9840  C  0  0  0  0  0
   -1.7157    0.4526    2.4230  C  0  0  0  0  0
   -2.5278   -0.5935    2.7903  N  0  0  0  0  0
   -2.8435   -1.4251    1.8668  C  0  0  0  0  0
   -3.8802   -2.8437    2.2677  S  0  0  0  0  0
   -3.7151   -3.3669    0.6606  C  0  0  0  0  0
   -4.1491   -4.5506   -0.0515  C  0  0  0  0  0
   -3.6268   -4.4187   -1.3246  N  0  0  0  0  0
   -2.8635   -3.2610   -1.4018  C  0  0  0  0  0
   -0.6200    1.7722    0.6058  C  0  0  0  0  0
   -0.3093    1.9801   -0.7326  C  0  0  0  0  0
   -0.7435    1.0648   -1.6848  C  0  0  0  0  0
   -1.4759   -0.0683   -1.3041  C  0  0  0  0  0
  1 12  1  0  0  0
  1  9  2  0  0  0
  1  2  1  0  0  0
  2  7  1  0  0  0
  2  3  1  0  0  0
  3 16  2  0  0  0
  3  4  1  0  0  0
  4  5  1  0  0  0
  4 13  2  0  0  0
  5  6  1  0  0  0
  6  7  2  0  0  0
  7  8  1  0  0  0
  8  9  1  0  0  0
  9 10  1  0  0  0
 10 11  1  0  0  0
 11 12  1  0  0  0
 13 14  1  0  0  0
 14 15  2  0  0  0
 15 16  1  0  0  0
M  END
$$$$
C12N(C3=C(S1)CNC3)c4c(cccc4)CN=2
  -ISIS-

 16 19  0  0  0  0  0  0  0  0  1
   -2.9921   -2.5701   -0.1136  C  0  0  0  0  0
   -2.5020   -1.4384    0.5108  N  0  0  0  0  0
   -1.7797   -0.3210    0.0368  C  0  0  0  0  0
   -1.3555    0.6383    0.9840  C  0  0  0  0  0
   -1.7157    0.4526    2.4230  C  0  0  0  0  0
   -2.5278   -0.5935    2.7903  N  0  0  0  0  0
   -2.8435   -1.4251    1.8668  C  0  0  0  0  0
   -3.8802   -2.8437    2.2677  S  0  0  0  0  0
   -3.7151   -3.3669    0.6606  C  0  0  0  0  0
   -4.1491   -4.5506   -0.0515  C  0  0  0  0  0
   -3.6268   -4.4187   -1.3246  N  0  0  0  0  0
   -2.8635   -3.2610   -1.4018  C  0  0  0  0  0
   -0.6200    1.7722    0.6058  C  0  0  0  0  0
   -0.3093    1.9801   -0.7326  C  0  0  0  0  0
   -0.7435    1.0648   -1.6848  C  0  0  0  0  0
   -1.4759   -0.0683   -1.3041  C  0  0  0  0  0
  1 12  1  0  0  0
  1  9  2  0  0  0
  1  2  1  0  0  0
  2  7  1  0  0  0
  2  3  1  0  0  0
  3 16  2  0  0  0
  3  4  1  0  0  0
  4  5  1  0  0  0
  4 13  2  0  0  0
  5  6  1  0  0  0
  6  7  2  0  0  0
  7  8  1  0  0  0
  8  9  1  0  0  0
  9 10  1  0  0  0
 10 11  1  0  0  0
 11 12  1  0  0  0
 13 14  1  0  0  0
 14 15  2  0  0  0
 15 16  1  0  0  0
M  END
$$$$
C12N(C3=C(S1)CNC3)c4c(cccc4)CN=2
  -ISIS-

 16 19  0  0  0  0  0  0  0  0  1
   -2.9921   -2.5701   -0.1136  C  0  0  0  0  0
   -2.5020   -1.4384    0.5108  N  0  0  0  0  0
   -1.7797   -0.3210    0.0368  C  0  0  0  0  0
   -1.3555    0.6383    0.9840  C  0  0  0  0  0
   -1.7157    0.4526    2.4230  C  0  0  0  0  0
   -2.5278   -0.5935    2.7903  N  0  0  0  0  0
   -2.8435   -1.4251    1.8668  C  0  0  0  0  0
   -3.8802   -2.8437    2.2677  S  0  0  0  0  0
   -3.7151   -3.3669    0.6606  C  0  0  0  0  0
   -4.1491   -4.5506   -0.0515  C  0  0  0  0  0
   -3.6268   -4.4187   -1.3246  N  0  0  0  0  0
   -2.8635   -3.2610   -1.4018  C  0  0  0  0  0
   -0.6200    1.7722    0.6058  C  0  0  0  0  0
   -0.3093    1.9801   -0.7326  C  0  0  0  0  0
   -0.7435    1.0648   -1.6848  C  0  0  0  0  0
   -1.4759   -0.0683   -1.3041  C  0  0  0  0  0
  1 12  1  0  0  0
  1  9  2  0  0  0
  1  2  1  0  0  0
  2  7  1  0  0  0
  2  3  1  0  0  0
  3 16  2  0  0  0
  3  4  1  0  0  0
  4  5  1  0  0  0
  4 13  2  0  0  0
  5  6  1  0  0  0
  6  7  2  0  0  0
  7  8  1  0  0  0
  8  9  1  0  0  0
  9 10  1  0  0  0
 10 11  1  0  0  0
 11 12  1  0  0  0
 13 14  1  0  0  0
 14 15  2  0  0  0
 15 16  1  0  0  0
M  END
$$$$
C12N(C3=C(S1)CNC3)c4c(cccc4)CN=2
  -ISIS-

 16 19  0  0  0  0  0  0  0  0  1
   -1.6175    0.3998    1.6013  C  0  0  0  0  0
   -1.9156   -0.3733    0.4948  N  0  0  0  0  0
   -1.8517   -1.7636    0.2538  C  0  0  0  0  0
   -2.1589   -2.2204   -1.0479  C  0  0  0  0  0
   -2.5690   -1.2312   -2.0913  C  0  0  0  0  0
   -2.7307    0.0898   -1.7484  N  0  0  0  0  0
   -2.4061    0.4146   -0.5511  C  0  0  0  0  0
   -2.5570    2.1322   -0.0267  S  0  0  0  0  0
   -1.8997    1.6887    1.4749  C  0  0  0  0  0
   -1.5150    2.4358    2.6540  C  0  0  0  0  0
   -0.9659    1.5012    3.5113  N  0  0  0  0  0
   -0.9477    0.2547    2.8988  C  0  0  0  0  0
   -2.1071   -3.5825   -1.3822  C  0  0  0  0  0
   -1.7647   -4.5194   -0.4147  C  0  0  0  0  0
   -1.4888   -4.0948    0.8802  C  0  0  0  0  0
   -1.5388   -2.7334    1.2109  C  0  0  0  0  0
  1 12  1  0  0  0
  1  9  2  0  0  0
  1  2  1  0  0  0
  2  7  1  0  0  0
  2  3  1  0  0  0
  3 16  2  0  0  0
  3  4  1  0  0  0
  4  5  1  0  0  0
  4 13  2  0  0  0
  5  6  1  0  0  0
  6  7  2  0  0  0
  7  8  1  0  0  0
  8  9  1  0  0  0
  9 10  1  0  0  0
 10 11  1  0  0  0
 11 12  1  0  0  0
 13 14  1  0  0  0
 14 15  2  0  0  0
 15 16  1  0  0  0
M  END
$$$$
C12N(C3=C(S1)CNC3)c4c(cccc4)CN=2
  -ISIS-

 16 19  0  0  0  0  0  0  0  0  1
   -1.6175    0.3998    1.6013  C  0  0  0  0  0
   -1.9156   -0.3733    0.4948  N  0  0  0  0  0
   -1.8517   -1.7636    0.2538  C  0  0  0  0  0
   -2.1589   -2.2204   -1.0479  C  0  0  0  0  0
   -2.5690   -1.2312   -2.0913  C  0  0  0  0  0
   -2.7307    0.0898   -1.7484  N  0  0  0  0  0
   -2.4061    0.4146   -0.5511  C  0  0  0  0  0
   -2.5570    2.1322   -0.0267  S  0  0  0  0  0
   -1.8997    1.6887    1.4749  C  0  0  0  0  0
   -1.5150    2.4358    2.6540  C  0  0  0  0  0
   -0.9659    1.5012    3.5113  N  0  0  0  0  0
   -0.9477    0.2547    2.8988  C  0  0  0  0  0
   -2.1071   -3.5825   -1.3822  C  0  0  0  0  0
   -1.7647   -4.5194   -0.4147  C  0  0  0  0  0
   -1.4888   -4.0948    0.8802  C  0  0  0  0  0
   -1.5388   -2.7334    1.2109  C  0  0  0  0  0
  1 12  1  0  0  0
  1  9  2  0  0  0
  1  2  1  0  0  0
  2  7  1  0  0  0
  2  3  1  0  0  0
  3 16  2  0  0  0
  3  4  1  0  0  0
  4  5  1  0  0  0
  4 13  2  0  0  0
  5  6  1  0  0  0
  6  7  2  0  0  0
  7  8  1  0  0  0
  8  9  1  0  0  0
  9 10  1  0  0  0
 10 11  1  0  0  0
 11 12  1  0  0  0
 13 14  1  0  0  0
 14 15  2  0  0  0
 15 16  1  0  0  0
M  END
$$$$
C12N(C3=C(S1)CNC3)c4c(cccc4)CN=2
  -ISIS-

 16 19  0  0  0  0  0  0  0  0  1
   -1.6175    0.3998    1.6013  C  0  0  0  0  0
   -1.9156   -0.3733    0.4948  N  0  0  0  0  0
   -1.8517   -1.7636    0.2538  C  0  0  0  0  0
   -2.1589   -2.2204   -1.0479  C  0  0  0  0  0
   -2.5690   -1.2312   -2.0913  C  0  0  0  0  0
   -2.7307    0.0898   -1.7484  N  0  0  0  0  0
   -2.4061    0.4146   -0.5511  C  0  0  0  0  0
   -2.5570    2.1322   -0.0267  S  0  0  0  0  0
   -1.8997    1.6887    1.4749  C  0  0  0  0  0
   -1.5150    2.4358    2.6540  C  0  0  0  0  0
   -0.9659    1.5012    3.5113  N  0  0  0  0  0
   -0.9477    0.2547    2.8988  C  0  0  0  0  0
   -2.1071   -3.5825   -1.3822  C  0  0  0  0  0
   -1.7647   -4.5194   -0.4147  C  0  0  0  0  0
   -1.4888   -4.0948    0.8802  C  0  0  0  0  0
   -1.5388   -2.7334    1.2109  C  0  0  0  0  0
  1 12  1  0  0  0
  1  9  2  0  0  0
  1  2  1  0  0  0
  2  7  1  0  0  0
  2  3  1  0  0  0
  3 16  2  0  0  0
  3  4  1  0  0  0
  4  5  1  0  0  0
  4 13  2  0  0  0
  5  6  1  0  0  0
  6  7  2  0  0  0
  7  8  1  0  0  0
  8  9  1  0  0  0
  9 10  1  0  0  0
 10 11  1  0  0  0
 11 12  1  0  0  0
 13 14  1  0  0  0
 14 15  2  0  0  0
 15 16  1  0  0  0
M  END
$$$$
C12N(C3=C(S1)CNC3)c4c(cccc4)CN=2
  -ISIS-

 16 19  0  0  0  0  0  0  0  0  1
   -1.6175    0.3998    1.6013  C  0  0  0  0  0
   -1.9156   -0.3733    0.4948  N  0  0  0  0  0
   -1.8517   -1.7636    0.2538  C  0  0  0  0  0
   -2.1589   -2.2204   -1.0479  C  0  0  0  0  0
   -2.5690   -1.2312   -2.0913  C  0  0  0  0  0
   -2.7307    0.0898   -1.7484  N  0  0  0  0  0
   -2.4061    0.4146   -0.5511  C  0  0  0  0  0
   -2.5570    2.1322   -0.0267  S  0  0  0  0  0
   -1.8997    1.6887    1.4749  C  0  0  0  0  0
   -1.5150    2.4358    2.6540  C  0  0  0  0  0
   -0.9659    1.5012    3.5113  N  0  0  0  0  0
   -0.9477    0.2547    2.8988  C  0  0  0  0  0
   -2.1071   -3.5825   -1.3822  C  0  0  0  0  0
   -1.7647   -4.5194   -0.4147  C  0  0  0  0  0
   -1.4888   -4.0948    0.8802  C  0  0  0  0  0
   -1.5388   -2.7334    1.2109  C  0  0  0  0  0
  1 12  1  0  0  0
  1  9  2  0  0  0
  1  2  1  0  0  0
  2  7  1  0  0  0
  2  3  1  0  0  0
  3 16  2  0  0  0
  3  4  1  0  0  0
  4  5  1  0  0  0
  4 13  2  0  0  0
  5  6  1  0  0  0
  6  7  2  0  0  0
  7  8  1  0  0  0
  8  9  1  0  0  0
  9 10  1  0  0  0
 10 11  1  0  0  0
 11 12  1  0  0  0
 13 14  1  0  0  0
 14 15  2  0  0  0
 15 16  1  0  0  0
M  END
$$$$
C12N(C3=C(S1)CNC3)c4c(cccc4)CN=2
  -ISIS-

 16 19  0  0  0  0  0  0  0  0  1
    3.2170   -3.4110   -3.0166  C  0  0  0  0  0
    4.0583   -4.4220   -2.5912  N  0  0  0  0  0
    4.5950   -5.5564   -3.2394  C  0  0  0  0  0
    5.5093   -6.3559   -2.5169  C  0  0  0  0  0
    5.8373   -5.9947   -1.1037  C  0  0  0  0  0
    5.1795   -4.9502   -0.4996  N  0  0  0  0  0
    4.3855   -4.2681   -1.2403  C  0  0  0  0  0
    3.5056   -2.8614   -0.5369  S  0  0  0  0  0
    2.8527   -2.5533   -2.0740  C  0  0  0  0  0
    2.0134   -1.5008   -2.6074  C  0  0  0  0  0
    1.8999   -1.7776   -3.9570  N  0  0  0  0  0
    2.6607   -2.8958   -4.2730  C  0  0  0  0  0
    6.1044   -7.4924   -3.0860  C  0  0  0  0  0
    5.7819   -7.8644   -4.3855  C  0  0  0  0  0
    4.8607   -7.1099   -5.1035  C  0  0  0  0  0
    4.2697   -5.9735   -4.5336  C  0  0  0  0  0
  1 12  1  0  0  0
  1  9  2  0  0  0
  1  2  1  0  0  0
  2  7  1  0  0  0
  2  3  1  0  0  0
  3 16  2  0  0  0
  3  4  1  0  0  0
  4  5  1  0  0  0
  4 13  2  0  0  0
  5  6  1  0  0  0
  6  7  2  0  0  0
  7  8  1  0  0  0
  8  9  1  0  0  0
  9 10  1  0  0  0
 10 11  1  0  0  0
 11 12  1  0  0  0
 13 14  1  0  0  0
 14 15  2  0  0  0
 15 16  1  0  0  0
M  END
$$$$
C12N(C3=C(S1)CNC3)c4c(cccc4)CN=2
  -ISIS-

 16 19  0  0  0  0  0  0  0  0  1
    3.2170   -3.4110   -3.0166  C  0  0  0  0  0
    4.0583   -4.4220   -2.5912  N  0  0  0  0  0
    4.5950   -5.5564   -3.2394  C  0  0  0  0  0
    5.5093   -6.3559   -2.5169  C  0  0  0  0  0
    5.8373   -5.9947   -1.1037  C  0  0  0  0  0
    5.1795   -4.9502   -0.4996  N  0  0  0  0  0
    4.3855   -4.2681   -1.2403  C  0  0  0  0  0
    3.5056   -2.8614   -0.5369  S  0  0  0  0  0
    2.8527   -2.5533   -2.0740  C  0  0  0  0  0
    2.0134   -1.5008   -2.6074  C  0  0  0  0  0
    1.8999   -1.7776   -3.9570  N  0  0  0  0  0
    2.6607   -2.8958   -4.2730  C  0  0  0  0  0
    6.1044   -7.4924   -3.0860  C  0  0  0  0  0
    5.7819   -7.8644   -4.3855  C  0  0  0  0  0
    4.8607   -7.1099   -5.1035  C  0  0  0  0  0
    4.2697   -5.9735   -4.5336  C  0  0  0  0  0
  1 12  1  0  0  0
  1  9  2  0  0  0
  1  2  1  0  0  0
  2  7  1  0  0  0
  2  3  1  0  0  0
  3 16  2  0  0  0
  3  4  1  0  0  0
  4  5  1  0  0  0
  4 13  2  0  0  0
  5  6  1  0  0  0
  6  7  2  0  0  0
  7  8  1  0  0  0
  8  9  1  0  0  0
  9 10  1  0  0  0
 10 11  1  0  0  0
 11 12  1  0  0  0
 13 14  1  0  0  0
 14 15  2  0  0  0
 15 16  1  0  0  0
M  END
$$$$
C12N(C3=C(S1)CNC3)c4c(cccc4)CN=2
  -ISIS-

 16 19  0  0  0  0  0  0  0  0  1
    3.2170   -3.4110   -3.0166  C  0  0  0  0  0
    4.0583   -4.4220   -2.5912  N  0  0  0  0  0
    4.5950   -5.5564   -3.2394  C  0  0  0  0  0
    5.5093   -6.3559   -2.5169  C  0  0  0  0  0
    5.8373   -5.9947   -1.1037  C  0  0  0  0  0
    5.1795   -4.9502   -0.4996  N  0  0  0  0  0
    4.3855   -4.2681   -1.2403  C  0  0  0  0  0
    3.5056   -2.8614   -0.5369  S  0  0  0  0  0
    2.8527   -2.5533   -2.0740  C  0  0  0  0  0
    2.0134   -1.5008   -2.6074  C  0  0  0  0  0
    1.8999   -1.7776   -3.9570  N  0  0  0  0  0
    2.6607   -2.8958   -4.2730  C  0  0  0  0  0
    6.1044   -7.4924   -3.0860  C  0  0  0  0  0
    5.7819   -7.8644   -4.3855  C  0  0  0  0  0
    4.8607   -7.1099   -5.1035  C  0  0  0  0  0
    4.2697   -5.9735   -4.5336  C  0  0  0  0  0
  1 12  1  0  0  0
  1  9  2  0  0  0
  1  2  1  0  0  0
  2  7  1  0  0  0
  2  3  1  0  0  0
  3 16  2  0  0  0
  3  4  1  0  0  0
  4  5  1  0  0  0
  4 13  2  0  0  0
  5  6  1  0  0  0
  6  7  2  0  0  0
  7  8  1  0  0  0
  8  9  1  0  0  0
  9 10  1  0  0  0
 10 11  1  0  0  0
 11 12  1  0  0  0
 13 14  1  0  0  0
 14 15  2  0  0  0
 15 16  1  0  0  0
M  END
$$$$
C12N(C3=C(S1)CNC3)c4c(cccc4)CN=2
  -ISIS-

 16 19  0  0  0  0  0  0  0  0  1
    3.2170   -3.4110   -3.0166  C  0  0  0  0  0
    4.0583   -4.4220   -2.5912  N  0  0  0  0  0
    4.5950   -5.5564   -3.2394  C  0  0  0  0  0
    5.5093   -6.3559   -2.5169  C  0  0  0  0  0
    5.8373   -5.9947   -1.1037  C  0  0  0  0  0
    5.1795   -4.9502   -0.4996  N  0  0  0  0  0
    4.3855   -4.2681   -1.2403  C  0  0  0  0  0
    3.5056   -2.8614   -0.5369  S  0  0  0  0  0
    2.8527   -2.5533   -2.0740  C  0  0  0  0  0
    2.0134   -1.5008   -2.6074  C  0  0  0  0  0
    1.8999   -1.7776   -3.9570  N  0  0  0  0  0
    2.6607   -2.8958   -4.2730  C  0  0  0  0  0
    6.1044   -7.4924   -3.0860  C  0  0  0  0  0
    5.7819   -7.8644   -4.3855  C  0  0  0  0  0
    4.8607   -7.1099   -5.1035  C  0  0  0  0  0
    4.2697   -5.9735   -4.5336  C  0  0  0  0  0
  1 12  1  0  0  0
  1  9  2  0  0  0
  1  2  1  0  0  0
  2  7  1  0  0  0
  2  3  1  0  0  0
  3 16  2  0  0  0
  3  4  1  0  0  0
  4  5  1  0  0  0
  4 13  2  0  0  0
  5  6  1  0  0  0
  6  7  2  0  0  0
  7  8  1  0  0  0
  8  9  1  0  0  0
  9 10  1  0  0  0
 10 11  1  0  0  0
 11 12  1  0  0  0
 13 14  1  0  0  0
 14 15  2  0  0  0
 15 16  1  0  0  0
M  END
$$$$
C12N(C3=C(S1)CNC3)c4c(cccc4)CN=2
  -ISIS-

 16 19  0  0  0  0  0  0  0  0  1
    2.4698    2.2395   -0.9113  C  0  0  0  0  0
    1.5833    3.0360   -0.2109  N  0  0  0  0  0
    0.5339    2.7392    0.6868  C  0  0  0  0  0
   -0.1343    3.8235    1.2994  C  0  0  0  0  0
    0.2666    5.2205    0.9489  C  0  0  0  0  0
    1.2102    5.4315   -0.0277  N  0  0  0  0  0
    1.7781    4.3881   -0.5105  C  0  0  0  0  0
    3.0494    4.5749   -1.7740  S  0  0  0  0  0
    3.2675    2.8911   -1.7456  C  0  0  0  0  0
    4.1955    1.9953   -2.4036  C  0  0  0  0  0
    3.9077    0.7412   -1.8982  N  0  0  0  0  0
    2.9054    0.8386   -0.9417  C  0  0  0  0  0
   -1.1785    3.6230    2.2155  C  0  0  0  0  0
   -1.5894    2.3319    2.5239  C  0  0  0  0  0
   -0.9664    1.2514    1.9093  C  0  0  0  0  0
    0.0781    1.4544    0.9965  C  0  0  0  0  0
  1 12  1  0  0  0
  1  9  2  0  0  0
  1  2  1  0  0  0
  2  7  1  0  0  0
  2  3  1  0  0  0
  3 16  2  0  0  0
  3  4  1  0  0  0
  4  5  1  0  0  0
  4 13  2  0  0  0
  5  6  1  0  0  0
  6  7  2  0  0  0
  7  8  1  0  0  0
  8  9  1  0  0  0
  9 10  1  0  0  0
 10 11  1  0  0  0
 11 12  1  0  0  0
 13 14  1  0  0  0
 14 15  2  0  0  0
 15 16  1  0  0  0
M  END
$$$$
C12N(C3=C(S1)CNC3)c4c(cccc4)CN=2
  -ISIS-

 16 19  0  0  0  0  0  0  0  0  1
    2.4698    2.2395   -0.9113  C  0  0  0  0  0
    1.5833    3.0360   -0.2109  N  0  0  0  0  0
    0.5339    2.7392    0.6868  C  0  0  0  0  0
   -0.1343    3.8235    1.2994  C  0  0  0  0  0
    0.2666    5.2205    0.9489  C  0  0  0  0  0
    1.2102    5.4315   -0.0277  N  0  0  0  0  0
    1.7781    4.3881   -0.5105  C  0  0  0  0  0
    3.0494    4.5749   -1.7740  S  0  0  0  0  0
    3.2675    2.8911   -1.7456  C  0  0  0  0  0
    4.1955    1.9953   -2.4036  C  0  0  0  0  0
    3.9077    0.7412   -1.8982  N  0  0  0  0  0
    2.9054    0.8386   -0.9417  C  0  0  0  0  0
   -1.1785    3.6230    2.2155  C  0  0  0  0  0
   -1.5894    2.3319    2.5239  C  0  0  0  0  0
   -0.9664    1.2514    1.9093  C  0  0  0  0  0
    0.0781    1.4544    0.9965  C  0  0  0  0  0
  1 12  1  0  0  0
  1  9  2  0  0  0
  1  2  1  0  0  0
  2  7  1  0  0  0
  2  3  1  0  0  0
  3 16  2  0  0  0
  3  4  1  0  0  0
  4  5  1  0  0  0
  4 13  2  0  0  0
  5  6  1  0  0  0
  6  7  2  0  0  0
  7  8  1  0  0  0
  8  9  1  0  0  0
  9 10  1  0  0  0
 10 11  1  0  0  0
 11 12  1  0  0  0
 13 14  1  0  0  0
 14 15  2  0  0  0
 15 16  1  0  0  0
M  END
$$$$
C12N(C3=C(S1)CNC3)c4c(cccc4)CN=2
  -ISIS-

 16 19  0  0  0  0  0  0  0  0  1
    2.4698    2.2395   -0.9113  C  0  0  0  0  0
    1.5833    3.0360   -0.2109  N  0  0  0  0  0
    0.5339    2.7392    0.6868  C  0  0  0  0  0
   -0.1343    3.8235    1.2994  C  0  0  0  0  0
    0.2666    5.2205    0.9489  C  0  0  0  0  0
    1.2102    5.4315   -0.0277  N  0  0  0  0  0
    1.7781    4.3881   -0.5105  C  0  0  0  0  0
    3.0494    4.5749   -1.7740  S  0  0  0  0  0
    3.2675    2.8911   -1.7456  C  0  0  0  0  0
    4.1955    1.9953   -2.4036  C  0  0  0  0  0
    3.9077    0.7412   -1.8982  N  0  0  0  0  0
    2.9054    0.8386   -0.9417  C  0  0  0  0  0
   -1.1785    3.6230    2.2155  C  0  0  0  0  0
   -1.5894    2.3319    2.5239  C  0  0  0  0  0
   -0.9664    1.2514    1.9093  C  0  0  0  0  0
    0.0781    1.4544    0.9965  C  0  0  0  0  0
  1 12  1  0  0  0
  1  9  2  0  0  0
  1  2  1  0  0  0
  2  7  1  0  0  0
  2  3  1  0  0  0
  3 16  2  0  0  0
  3  4  1  0  0  0
  4  5  1  0  0  0
  4 13  2  0  0  0
  5  6  1  0  0  0
  6  7  2  0  0  0
  7  8  1  0  0  0
  8  9  1  0  0  0
  9 10  1  0  0  0
 10 11  1  0  0  0
 11 12  1  0  0  0
 13 14  1  0  0  0
 14 15  2  0  0  0
 15 16  1  0  0  0
M  END
$$$$
C12N(C3=C(S1)CNC3)c4c(cccc4)CN=2
  -ISIS-

 16 19  0  0  0  0  0  0  0  0  1
    2.4698    2.2395   -0.9113  C  0  0  0  0  0
    1.5833    3.0360   -0.2109  N  0  0  0  0  0
    0.5339    2.7392    0.6868  C  0  0  0  0  0
   -0.1343    3.8235    1.2994  C  0  0  0  0  0
    0.2666    5.2205    0.9489  C  0  0  0  0  0
    1.2102    5.4315   -0.0277  N  0  0  0  0  0
    1.7781    4.3881   -0.5105  C  0  0  0  0  0
    3.0494    4.5749   -1.7740  S  0  0  0  0  0
    3.2675    2.8911   -1.7456  C  0  0  0  0  0
    4.1955    1.9953   -2.4036  C  0  0  0  0  0
    3.9077    0.7412   -1.8982  N  0  0  0  0  0
    2.9054    0.8386   -0.9417  C  0  0  0  0  0
   -1.1785    3.6230    2.2155  C  0  0  0  0  0
   -1.5894    2.3319    2.5239  C  0  0  0  0  0
   -0.9664    1.2514    1.9093  C  0  0  0  0  0
    0.0781    1.4544    0.9965  C  0  0  0  0  0
  1 12  1  0  0  0
  1  9  2  0  0  0
  1  2  1  0  0  0
  2  7  1  0  0  0
  2  3  1  0  0  0
  3 16  2  0  0  0
  3  4  1  0  0  0
  4  5  1  0  0  0
  4 13  2  0  0  0
  5  6  1  0  0  0
  6  7  2  0  0  0
  7  8  1  0  0  0
  8  9  1  0  0  0
  9 10  1  0  0  0
 10 11  1  0  0  0
 11 12  1  0  0  0
 13 14  1  0  0  0
 14 15  2  0  0  0
 15 16  1  0  0  0
M  END
$$$$
C12N(C3=C(S1)CNC3)c4c(cccc4)CN=2
  -ISIS-

 16 19  0  0  0  0  0  0  0  0  1
   -1.3338   -1.3890    0.3817  C  0  0  0  0  0
   -1.1226   -2.0854    1.5570  N  0  0  0  0  0
   -1.2549   -1.7290    2.9173  C  0  0  0  0  0
   -0.8660   -2.6802    3.8875  C  0  0  0  0  0
   -0.3727   -4.0190    3.4410  C  0  0  0  0  0
   -0.3928   -4.3389    2.1046  N  0  0  0  0  0
   -0.7389   -3.4048    1.2972  C  0  0  0  0  0
   -0.7614   -3.7281   -0.4755  S  0  0  0  0  0
   -1.1902   -2.1040   -0.7250  C  0  0  0  0  0
   -1.3794   -1.2941   -1.9102  C  0  0  0  0  0
   -1.6411   -0.0208   -1.4403  N  0  0  0  0  0
   -1.5691   -0.0074   -0.0533  C  0  0  0  0  0
   -0.9485   -2.4072    5.2617  C  0  0  0  0  0
   -1.4407   -1.1820    5.6949  C  0  0  0  0  0
   -1.8584   -0.2435    4.7578  C  0  0  0  0  0
   -1.7723   -0.5176    3.3857  C  0  0  0  0  0
  1 12  1  0  0  0
  1  9  2  0  0  0
  1  2  1  0  0  0
  2  7  1  0  0  0
  2  3  1  0  0  0
  3 16  2  0  0  0
  3  4  1  0  0  0
  4  5  1  0  0  0
  4 13  2  0  0  0
  5  6  1  0  0  0
  6  7  2  0  0  0
  7  8  1  0  0  0
  8  9  1  0  0  0
  9 10  1  0  0  0
 10 11  1  0  0  0
 11 12  1  0  0  0
 13 14  1  0  0  0
 14 15  2  0  0  0
 15 16  1  0  0  0
M  END
$$$$
C12N(C3=C(S1)CNC3)c4c(cccc4)CN=2
  -ISIS-

 16 19  0  0  0  0  0  0  0  0  1
   -1.3338   -1.3890    0.3817  C  0  0  0  0  0
   -1.1226   -2.0854    1.5570  N  0  0  0  0  0
   -1.2549   -1.7290    2.9173  C  0  0  0  0  0
   -0.8660   -2.6802    3.8875  C  0  0  0  0  0
   -0.3727   -4.0190    3.4410  C  0  0  0  0  0
   -0.3928   -4.3389    2.1046  N  0  0  0  0  0
   -0.7389   -3.4048    1.2972  C  0  0  0  0  0
   -0.7614   -3.7281   -0.4755  S  0  0  0  0  0
   -1.1902   -2.1040   -0.7250  C  0  0  0  0  0
   -1.3794   -1.2941   -1.9102  C  0  0  0  0  0
   -1.6411   -0.0208   -1.4403  N  0  0  0  0  0
   -1.5691   -0.0074   -0.0533  C  0  0  0  0  0
   -0.9485   -2.4072    5.2617  C  0  0  0  0  0
   -1.4407   -1.1820    5.6949  C  0  0  0  0  0
   -1.8584   -0.2435    4.7578  C  0  0  0  0  0
   -1.7723   -0.5176    3.3857  C  0  0  0  0  0
  1 12  1  0  0  0
  1  9  2  0  0  0
  1  2  1  0  0  0
  2  7  1  0  0  0
  2  3  1  0  0  0
  3 16  2  0  0  0
  3  4  1  0  0  0
  4  5  1  0  0  0
  4 13  2  0  0  0
  5  6  1  0  0  0
  6  7  2  0  0  0
  7  8  1  0  0  0
  8  9  1  0  0  0
  9 10  1  0  0  0
 10 11  1  0  0  0
 11 12  1  0  0  0
 13 14  1  0  0  0
 14 15  2  0  0  0
 15 16  1  0  0  0
M  END
$$$$
C12N(C3=C(S1)CNC3)c4c(cccc4)CN=2
  -ISIS-

 16 19  0  0  0  0  0  0  0  0  1
   -1.3338   -1.3890    0.3817  C  0  0  0  0  0
   -1.1226   -2.0854    1.5570  N  0  0  0  0  0
   -1.2549   -1.7290    2.9173  C  0  0  0  0  0
   -0.8660   -2.6802    3.8875  C  0  0  0  0  0
   -0.3727   -4.0190    3.4410  C  0  0  0  0  0
   -0.3928   -4.3389    2.1046  N  0  0  0  0  0
   -0.7389   -3.4048    1.2972  C  0  0  0  0  0
   -0.7614   -3.7281   -0.4755  S  0  0  0  0  0
   -1.1902   -2.1040   -0.7250  C  0  0  0  0  0
   -1.3794   -1.2941   -1.9102  C  0  0  0  0  0
   -1.6411   -0.0208   -1.4403  N  0  0  0  0  0
   -1.5691   -0.0074   -0.0533  C  0  0  0  0  0
   -0.9485   -2.4072    5.2617  C  0  0  0  0  0
   -1.4407   -1.1820    5.6949  C  0  0  0  0  0
   -1.8584   -0.2435    4.7578  C  0  0  0  0  0
   -1.7723   -0.5176    3.3857  C  0  0  0  0  0
  1 12  1  0  0  0
  1  9  2  0  0  0
  1  2  1  0  0  0
  2  7  1  0  0  0
  2  3  1  0  0  0
  3 16  2  0  0  0
  3  4  1  0  0  0
  4  5  1  0  0  0
  4 13  2  0  0  0
  5  6  1  0  0  0
  6  7  2  0  0  0
  7  8  1  0  0  0
  8  9  1  0  0  0
  9 10  1  0  0  0
 10 11  1  0  0  0
 11 12  1  0  0  0
 13 14  1  0  0  0
 14 15  2  0  0  0
 15 16  1  0  0  0
M  END
$$$$
C12N(C3=C(S1)CNC3)c4c(cccc4)CN=2
  -ISIS-

 16 19  0  0  0  0  0  0  0  0  1
   -1.3338   -1.3890    0.3817  C  0  0  0  0  0
   -1.1226   -2.0854    1.5570  N  0  0  0  0  0
   -1.2549   -1.7290    2.9173  C  0  0  0  0  0
   -0.8660   -2.6802    3.8875  C  0  0  0  0  0
   -0.3727   -4.0190    3.4410  C  0  0  0  0  0
   -0.3928   -4.3389    2.1046  N  0  0  0  0  0
   -0.7389   -3.4048    1.2972  C  0  0  0  0  0
   -0.7614   -3.7281   -0.4755  S  0  0  0  0  0
   -1.1902   -2.1040   -0.7250  C  0  0  0  0  0
   -1.3794   -1.2941   -1.9102  C  0  0  0  0  0
   -1.6411   -0.0208   -1.4403  N  0  0  0  0  0
   -1.5691   -0.0074   -0.0533  C  0  0  0  0  0
   -0.9485   -2.4072    5.2617  C  0  0  0  0  0
   -1.4407   -1.1820    5.6949  C  0  0  0  0  0
   -1.8584   -0.2435    4.7578  C  0  0  0  0  0
   -1.7723   -0.5176    3.3857  C  0  0  0  0  0
  1 12  1  0  0  0
  1  9  2  0  0  0
  1  2  1  0  0  0
  2  7  1  0  0  0
  2  3  1  0  0  0
  3 16  2  0  0  0
  3  4  1  0  0  0
  4  5  1  0  0  0
  4 13  2  0  0  0
  5  6  1  0  0  0
  6  7  2  0  0  0
  7  8  1  0  0  0
  8  9  1  0  0  0
  9 10  1  0  0  0
 10 11  1  0  0  0
 11 12  1  0  0  0
 13 14  1  0  0  0
 14 15  2  0  0  0
 15 16  1  0  0  0
M  END
$$$$
