c12n[c]3[c]([n]1CCc4n[c]5[c]([n]4CC2)cccc5)cccc3
  -ISIS-

 22 26  0  0  0  0  0  0  0  0  1
    3.4567    3.9579    5.6401  C  0  0  0  0  0
    4.1457    3.9342    4.4272  C  0  0  0  0  0
    3.9921    2.8745    3.5250  C  0  0  0  0  0
    3.1195    1.8403    3.8921  C  0  0  0  0  0
    2.7323    0.6637    3.2744  N  0  0  0  0  0
    3.2248    0.2577    1.9698  C  0  0  0  0  0
    3.1408   -1.2100    1.5601  C  0  0  0  0  0
    3.8352   -2.1130    2.5166  C  0  0  0  0  0
    5.0797   -2.5149    2.3538  N  0  0  0  0  0
    5.3560   -3.3315    3.4159  C  0  0  0  0  0
    4.2562   -3.4349    4.2590  C  0  0  0  0  0
    3.2926   -2.6334    3.6719  N  0  0  0  0  0
    1.9630   -2.4598    4.2298  C  0  0  0  0  0
    1.1321   -1.2459    3.8238  C  0  0  0  0  0
    1.8231    0.0414    4.1028  C  0  0  0  0  0
    1.6341    0.7359    5.2066  N  0  0  0  0  0
    2.4224    1.8482    5.0941  C  0  0  0  0  0
    2.5882    2.9170    5.9872  C  0  0  0  0  0
    4.2728   -4.2220    5.4192  C  0  0  0  0  0
    5.4569   -4.9103    5.7101  C  0  0  0  0  0
    6.5723   -4.8161    4.8772  C  0  0  0  0  0
    6.5349   -4.0271    3.7220  C  0  0  0  0  0
  1 18  2  0  0  0
  1  2  1  0  0  0
  2  3  2  0  0  0
  3  4  1  0  0  0
  4 17  2  0  0  0
  4  5  1  0  0  0
  5 15  1  0  0  0
  5  6  1  0  0  0
  6  7  1  0  0  0
  7  8  1  0  0  0
  8 12  1  0  0  0
  8  9  2  0  0  0
  9 10  1  0  0  0
 10 22  2  0  0  0
 10 11  1  0  0  0
 11 12  1  0  0  0
 11 19  2  0  0  0
 12 13  1  0  0  0
 13 14  1  0  0  0
 14 15  1  0  0  0
 15 16  2  0  0  0
 16 17  1  0  0  0
 17 18  1  0  0  0
 19 20  1  0  0  0
 20 21  2  0  0  0
 21 22  1  0  0  0
M  END
$$$$
c12n[c]3[c]([n]1CCc4n[c]5[c]([n]4CC2)cccc5)cccc3
  -ISIS-

 22 26  0  0  0  0  0  0  0  0  1
   -2.2289   -7.2358    1.2694  C  0  0  0  0  0
   -1.3907   -8.0913    2.0156  C  0  0  0  0  0
   -0.0147   -8.1562    1.7223  C  0  0  0  0  0
    0.5146   -7.3624    0.6953  C  0  0  0  0  0
    1.8022   -7.2708    0.2422  N  0  0  0  0  0
    1.7811   -6.3920   -0.7397  C  0  0  0  0  0
    0.5108   -5.8920   -0.9298  N  0  0  0  0  0
   -0.3225   -6.5202   -0.0206  C  0  0  0  0  0
   -1.6971   -6.4342    0.2392  C  0  0  0  0  0
    0.0337   -4.9175   -1.8948  C  0  0  0  0  0
    1.0240   -3.9506   -2.5374  C  0  0  0  0  0
    1.7628   -3.1370   -1.5351  C  0  0  0  0  0
    1.3830   -1.9302   -1.1662  N  0  0  0  0  0
    2.3067   -1.5064   -0.2504  C  0  0  0  0  0
    2.3772   -0.2936    0.4490  C  0  0  0  0  0
    3.4352   -0.0690    1.3510  C  0  0  0  0  0
    4.4218   -1.0603    1.5384  C  0  0  0  0  0
    4.3498   -2.2817    0.8386  C  0  0  0  0  0
    3.2795   -2.4731   -0.0459  C  0  0  0  0  0
    2.9066   -3.5215   -0.8690  N  0  0  0  0  0
    3.6668   -4.7547   -0.9695  C  0  0  0  0  0
    2.9918   -6.0100   -1.5146  C  0  0  0  0  0
  1  9  2  0  0  0
  1  2  1  0  0  0
  2  3  2  0  0  0
  3  4  1  0  0  0
  4  8  2  0  0  0
  4  5  1  0  0  0
  5  6  2  0  0  0
  6 22  1  0  0  0
  6  7  1  0  0  0
  7  8  1  0  0  0
  7 10  1  0  0  0
  8  9  1  0  0  0
 10 11  1  0  0  0
 11 12  1  0  0  0
 12 20  1  0  0  0
 12 13  2  0  0  0
 13 14  1  0  0  0
 14 19  2  0  0  0
 14 15  1  0  0  0
 15 16  2  0  0  0
 16 17  1  0  0  0
 17 18  2  0  0  0
 18 19  1  0  0  0
 19 20  1  0  0  0
 20 21  1  0  0  0
 21 22  1  0  0  0
M  END
$$$$
c12n[c]3[c]([n]1CCc4n[c]5[c]([n]4CC2)cccc5)cccc3
  -ISIS-

 22 26  0  0  0  0  0  0  0  0  1
   -2.2289   -7.2358    1.2694  C  0  0  0  0  0
   -1.3907   -8.0913    2.0156  C  0  0  0  0  0
   -0.0147   -8.1562    1.7223  C  0  0  0  0  0
    0.5146   -7.3624    0.6953  C  0  0  0  0  0
    1.8022   -7.2708    0.2422  N  0  0  0  0  0
    1.7811   -6.3920   -0.7397  C  0  0  0  0  0
    0.5108   -5.8920   -0.9298  N  0  0  0  0  0
   -0.3225   -6.5202   -0.0206  C  0  0  0  0  0
   -1.6971   -6.4342    0.2392  C  0  0  0  0  0
    0.0337   -4.9175   -1.8948  C  0  0  0  0  0
    1.0240   -3.9506   -2.5374  C  0  0  0  0  0
    1.7628   -3.1370   -1.5351  C  0  0  0  0  0
    1.3830   -1.9302   -1.1662  N  0  0  0  0  0
    2.3067   -1.5064   -0.2504  C  0  0  0  0  0
    2.3772   -0.2936    0.4490  C  0  0  0  0  0
    3.4352   -0.0690    1.3510  C  0  0  0  0  0
    4.4218   -1.0603    1.5384  C  0  0  0  0  0
    4.3498   -2.2817    0.8386  C  0  0  0  0  0
    3.2795   -2.4731   -0.0459  C  0  0  0  0  0
    2.9066   -3.5215   -0.8690  N  0  0  0  0  0
    3.6668   -4.7547   -0.9695  C  0  0  0  0  0
    2.9918   -6.0100   -1.5146  C  0  0  0  0  0
  1  9  2  0  0  0
  1  2  1  0  0  0
  2  3  2  0  0  0
  3  4  1  0  0  0
  4  8  2  0  0  0
  4  5  1  0  0  0
  5  6  2  0  0  0
  6 22  1  0  0  0
  6  7  1  0  0  0
  7  8  1  0  0  0
  7 10  1  0  0  0
  8  9  1  0  0  0
 10 11  1  0  0  0
 11 12  1  0  0  0
 12 20  1  0  0  0
 12 13  2  0  0  0
 13 14  1  0  0  0
 14 19  2  0  0  0
 14 15  1  0  0  0
 15 16  2  0  0  0
 16 17  1  0  0  0
 17 18  2  0  0  0
 18 19  1  0  0  0
 19 20  1  0  0  0
 20 21  1  0  0  0
 21 22  1  0  0  0
M  END
$$$$
c12n[c]3[c]([n]1CCc4n[c]5[c]([n]4CC2)cccc5)cccc3
  -ISIS-

 22 26  0  0  0  0  0  0  0  0  1
   -2.2289   -7.2358    1.2694  C  0  0  0  0  0
   -1.3907   -8.0913    2.0156  C  0  0  0  0  0
   -0.0147   -8.1562    1.7223  C  0  0  0  0  0
    0.5146   -7.3624    0.6953  C  0  0  0  0  0
    1.8022   -7.2708    0.2422  N  0  0  0  0  0
    1.7811   -6.3920   -0.7397  C  0  0  0  0  0
    0.5108   -5.8920   -0.9298  N  0  0  0  0  0
   -0.3225   -6.5202   -0.0206  C  0  0  0  0  0
   -1.6971   -6.4342    0.2392  C  0  0  0  0  0
    0.0337   -4.9175   -1.8948  C  0  0  0  0  0
    1.0240   -3.9506   -2.5374  C  0  0  0  0  0
    1.7628   -3.1370   -1.5351  C  0  0  0  0  0
    1.3830   -1.9302   -1.1662  N  0  0  0  0  0
    2.3067   -1.5064   -0.2504  C  0  0  0  0  0
    2.3772   -0.2936    0.4490  C  0  0  0  0  0
    3.4352   -0.0690    1.3510  C  0  0  0  0  0
    4.4218   -1.0603    1.5384  C  0  0  0  0  0
    4.3498   -2.2817    0.8386  C  0  0  0  0  0
    3.2795   -2.4731   -0.0459  C  0  0  0  0  0
    2.9066   -3.5215   -0.8690  N  0  0  0  0  0
    3.6668   -4.7547   -0.9695  C  0  0  0  0  0
    2.9918   -6.0100   -1.5146  C  0  0  0  0  0
  1  9  2  0  0  0
  1  2  1  0  0  0
  2  3  2  0  0  0
  3  4  1  0  0  0
  4  8  2  0  0  0
  4  5  1  0  0  0
  5  6  2  0  0  0
  6 22  1  0  0  0
  6  7  1  0  0  0
  7  8  1  0  0  0
  7 10  1  0  0  0
  8  9  1  0  0  0
 10 11  1  0  0  0
 11 12  1  0  0  0
 12 20  1  0  0  0
 12 13  2  0  0  0
 13 14  1  0  0  0
 14 19  2  0  0  0
 14 15  1  0  0  0
 15 16  2  0  0  0
 16 17  1  0  0  0
 17 18  2  0  0  0
 18 19  1  0  0  0
 19 20  1  0  0  0
 20 21  1  0  0  0
 21 22  1  0  0  0
M  END
$$$$
c12n[c]3[c]([n]1CCc4n[c]5[c]([n]4CC2)cccc5)cccc3
  -ISIS-

 22 26  0  0  0  0  0  0  0  0  1
   -2.2289   -7.2358    1.2694  C  0  0  0  0  0
   -1.3907   -8.0913    2.0156  C  0  0  0  0  0
   -0.0147   -8.1562    1.7223  C  0  0  0  0  0
    0.5146   -7.3624    0.6953  C  0  0  0  0  0
    1.8022   -7.2708    0.2422  N  0  0  0  0  0
    1.7811   -6.3920   -0.7397  C  0  0  0  0  0
    0.5108   -5.8920   -0.9298  N  0  0  0  0  0
   -0.3225   -6.5202   -0.0206  C  0  0  0  0  0
   -1.6971   -6.4342    0.2392  C  0  0  0  0  0
    0.0337   -4.9175   -1.8948  C  0  0  0  0  0
    1.0240   -3.9506   -2.5374  C  0  0  0  0  0
    1.7628   -3.1370   -1.5351  C  0  0  0  0  0
    1.3830   -1.9302   -1.1662  N  0  0  0  0  0
    2.3067   -1.5064   -0.2504  C  0  0  0  0  0
    2.3772   -0.2936    0.4490  C  0  0  0  0  0
    3.4352   -0.0690    1.3510  C  0  0  0  0  0
    4.4218   -1.0603    1.5384  C  0  0  0  0  0
    4.3498   -2.2817    0.8386  C  0  0  0  0  0
    3.2795   -2.4731   -0.0459  C  0  0  0  0  0
    2.9066   -3.5215   -0.8690  N  0  0  0  0  0
    3.6668   -4.7547   -0.9695  C  0  0  0  0  0
    2.9918   -6.0100   -1.5146  C  0  0  0  0  0
  1  9  2  0  0  0
  1  2  1  0  0  0
  2  3  2  0  0  0
  3  4  1  0  0  0
  4  8  2  0  0  0
  4  5  1  0  0  0
  5  6  2  0  0  0
  6 22  1  0  0  0
  6  7  1  0  0  0
  7  8  1  0  0  0
  7 10  1  0  0  0
  8  9  1  0  0  0
 10 11  1  0  0  0
 11 12  1  0  0  0
 12 20  1  0  0  0
 12 13  2  0  0  0
 13 14  1  0  0  0
 14 19  2  0  0  0
 14 15  1  0  0  0
 15 16  2  0  0  0
 16 17  1  0  0  0
 17 18  2  0  0  0
 18 19  1  0  0  0
 19 20  1  0  0  0
 20 21  1  0  0  0
 21 22  1  0  0  0
M  END
$$$$
