c12n[c]3[c]([n]1N=CCN2)cccc3
  -ISIS-

 13 15  0  0  0  0  0  0  0  0  1
    1.6526    1.6793   -4.9646  C  0  0  0  0  0
    0.3842    2.0586   -4.5732  N  0  0  0  0  0
   -0.4220    1.4130   -3.6897  N  0  0  0  0  0
    0.1064    0.3315   -3.1922  C  0  0  0  0  0
    1.5053   -0.1962   -3.5340  C  0  0  0  0  0
    2.2383    0.5390   -4.4518  N  0  0  0  0  0
    0.0785    3.2180   -5.2449  C  0  0  0  0  0
    1.2068    3.4779   -6.0172  C  0  0  0  0  0
    1.2266    4.6143   -6.8402  C  0  0  0  0  0
    0.1051    5.4537   -6.8584  C  0  0  0  0  0
   -1.0149    5.1696   -6.0740  C  0  0  0  0  0
   -1.0535    4.0418   -5.2470  C  0  0  0  0  0
    2.1730    2.5193   -5.8315  N  0  0  0  0  0
  1  6  1  0  0  0
  1 13  2  0  0  0
  1  2  1  0  0  0
  2  3  1  0  0  0
  2  7  1  0  0  0
  3  4  2  0  0  0
  4  5  1  0  0  0
  5  6  1  0  0  0
  7 12  2  0  0  0
  7  8  1  0  0  0
  8  9  2  0  0  0
  8 13  1  0  0  0
  9 10  1  0  0  0
 10 11  2  0  0  0
 11 12  1  0  0  0
M  END
$$$$
c12n[c]3[c]([n]1N=CCN2)cccc3
  -ISIS-

 13 15  0  0  0  0  0  0  0  0  1
    1.6526    1.6793   -4.9646  C  0  0  0  0  0
    0.3842    2.0586   -4.5732  N  0  0  0  0  0
   -0.4220    1.4130   -3.6897  N  0  0  0  0  0
    0.1064    0.3315   -3.1922  C  0  0  0  0  0
    1.5053   -0.1962   -3.5340  C  0  0  0  0  0
    2.2383    0.5390   -4.4518  N  0  0  0  0  0
    0.0785    3.2180   -5.2449  C  0  0  0  0  0
    1.2068    3.4779   -6.0172  C  0  0  0  0  0
    1.2266    4.6143   -6.8402  C  0  0  0  0  0
    0.1051    5.4537   -6.8584  C  0  0  0  0  0
   -1.0149    5.1696   -6.0740  C  0  0  0  0  0
   -1.0535    4.0418   -5.2470  C  0  0  0  0  0
    2.1730    2.5193   -5.8315  N  0  0  0  0  0
  1  6  1  0  0  0
  1 13  2  0  0  0
  1  2  1  0  0  0
  2  3  1  0  0  0
  2  7  1  0  0  0
  3  4  2  0  0  0
  4  5  1  0  0  0
  5  6  1  0  0  0
  7 12  2  0  0  0
  7  8  1  0  0  0
  8  9  2  0  0  0
  8 13  1  0  0  0
  9 10  1  0  0  0
 10 11  2  0  0  0
 11 12  1  0  0  0
M  END
$$$$
c12n[c]3[c]([n]1N=CCN2)cccc3
  -ISIS-

 13 15  0  0  0  0  0  0  0  0  1
    1.6526    1.6793   -4.9646  C  0  0  0  0  0
    0.3842    2.0586   -4.5732  N  0  0  0  0  0
   -0.4220    1.4130   -3.6897  N  0  0  0  0  0
    0.1064    0.3315   -3.1922  C  0  0  0  0  0
    1.5053   -0.1962   -3.5340  C  0  0  0  0  0
    2.2383    0.5390   -4.4518  N  0  0  0  0  0
    0.0785    3.2180   -5.2449  C  0  0  0  0  0
    1.2068    3.4779   -6.0172  C  0  0  0  0  0
    1.2266    4.6143   -6.8402  C  0  0  0  0  0
    0.1051    5.4537   -6.8584  C  0  0  0  0  0
   -1.0149    5.1696   -6.0740  C  0  0  0  0  0
   -1.0535    4.0418   -5.2470  C  0  0  0  0  0
    2.1730    2.5193   -5.8315  N  0  0  0  0  0
  1  6  1  0  0  0
  1 13  2  0  0  0
  1  2  1  0  0  0
  2  3  1  0  0  0
  2  7  1  0  0  0
  3  4  2  0  0  0
  4  5  1  0  0  0
  5  6  1  0  0  0
  7 12  2  0  0  0
  7  8  1  0  0  0
  8  9  2  0  0  0
  8 13  1  0  0  0
  9 10  1  0  0  0
 10 11  2  0  0  0
 11 12  1  0  0  0
M  END
$$$$
c12n[c]3[c]([n]1N=CCN2)cccc3
  -ISIS-

 13 15  0  0  0  0  0  0  0  0  1
    2.4640   -2.2110    2.9219  C  0  0  0  0  0
    1.6598   -1.1300    3.2731  N  0  0  0  0  0
    0.2760   -1.3477    3.3127  C  0  0  0  0  0
   -0.2151   -2.7537    2.9362  C  0  0  0  0  0
    0.5756   -3.7419    2.6341  N  0  0  0  0  0
    1.8876   -3.4358    2.6365  N  0  0  0  0  0
    2.8961   -4.3152    2.3206  C  0  0  0  0  0
    4.0548   -3.5579    2.4035  C  0  0  0  0  0
    5.2911   -4.1610    2.1266  C  0  0  0  0  0
    5.3152   -5.5168    1.7739  C  0  0  0  0  0
    4.1332   -6.2569    1.6963  C  0  0  0  0  0
    2.8926   -5.6701    1.9674  C  0  0  0  0  0
    3.7744   -2.2655    2.7627  N  0  0  0  0  0
  1  6  1  0  0  0
  1 13  2  0  0  0
  1  2  1  0  0  0
  2  3  1  0  0  0
  3  4  1  0  0  0
  4  5  2  0  0  0
  5  6  1  0  0  0
  6  7  1  0  0  0
  7 12  2  0  0  0
  7  8  1  0  0  0
  8  9  2  0  0  0
  8 13  1  0  0  0
  9 10  1  0  0  0
 10 11  2  0  0  0
 11 12  1  0  0  0
M  END
$$$$
c12n[c]3[c]([n]1N=CCN2)cccc3
  -ISIS-

 13 15  0  0  0  0  0  0  0  0  1
    2.4640   -2.2110    2.9219  C  0  0  0  0  0
    1.6598   -1.1300    3.2731  N  0  0  0  0  0
    0.2760   -1.3477    3.3127  C  0  0  0  0  0
   -0.2151   -2.7537    2.9362  C  0  0  0  0  0
    0.5756   -3.7419    2.6341  N  0  0  0  0  0
    1.8876   -3.4358    2.6365  N  0  0  0  0  0
    2.8961   -4.3152    2.3206  C  0  0  0  0  0
    4.0548   -3.5579    2.4035  C  0  0  0  0  0
    5.2911   -4.1610    2.1266  C  0  0  0  0  0
    5.3152   -5.5168    1.7739  C  0  0  0  0  0
    4.1332   -6.2569    1.6963  C  0  0  0  0  0
    2.8926   -5.6701    1.9674  C  0  0  0  0  0
    3.7744   -2.2655    2.7627  N  0  0  0  0  0
  1  6  1  0  0  0
  1 13  2  0  0  0
  1  2  1  0  0  0
  2  3  1  0  0  0
  3  4  1  0  0  0
  4  5  2  0  0  0
  5  6  1  0  0  0
  6  7  1  0  0  0
  7 12  2  0  0  0
  7  8  1  0  0  0
  8  9  2  0  0  0
  8 13  1  0  0  0
  9 10  1  0  0  0
 10 11  2  0  0  0
 11 12  1  0  0  0
M  END
$$$$
c12n[c]3[c]([n]1N=CCN2)cccc3
  -ISIS-

 13 15  0  0  0  0  0  0  0  0  1
    2.4640   -2.2110    2.9219  C  0  0  0  0  0
    1.6598   -1.1300    3.2731  N  0  0  0  0  0
    0.2760   -1.3477    3.3127  C  0  0  0  0  0
   -0.2151   -2.7537    2.9362  C  0  0  0  0  0
    0.5756   -3.7419    2.6341  N  0  0  0  0  0
    1.8876   -3.4358    2.6365  N  0  0  0  0  0
    2.8961   -4.3152    2.3206  C  0  0  0  0  0
    4.0548   -3.5579    2.4035  C  0  0  0  0  0
    5.2911   -4.1610    2.1266  C  0  0  0  0  0
    5.3152   -5.5168    1.7739  C  0  0  0  0  0
    4.1332   -6.2569    1.6963  C  0  0  0  0  0
    2.8926   -5.6701    1.9674  C  0  0  0  0  0
    3.7744   -2.2655    2.7627  N  0  0  0  0  0
  1  6  1  0  0  0
  1 13  2  0  0  0
  1  2  1  0  0  0
  2  3  1  0  0  0
  3  4  1  0  0  0
  4  5  2  0  0  0
  5  6  1  0  0  0
  6  7  1  0  0  0
  7 12  2  0  0  0
  7  8  1  0  0  0
  8  9  2  0  0  0
  8 13  1  0  0  0
  9 10  1  0  0  0
 10 11  2  0  0  0
 11 12  1  0  0  0
M  END
$$$$
c12n[c]3[c]([n]1N=CCN2)cccc3
  -ISIS-

 13 15  0  0  0  0  0  0  0  0  1
    2.3350   -6.4221   -5.6810  C  0  0  0  0  0
    2.4688   -5.0825   -5.3840  N  0  0  0  0  0
    3.5457   -4.4748   -4.8379  N  0  0  0  0  0
    4.5439   -5.2731   -4.5758  C  0  0  0  0  0
    4.5216   -6.7903   -4.8523  C  0  0  0  0  0
    3.3615   -7.3051   -5.4184  N  0  0  0  0  0
    1.2972   -4.4646   -5.7521  C  0  0  0  0  0
    0.5103   -5.4903   -6.2653  C  0  0  0  0  0
   -0.7762   -5.1927   -6.7409  C  0  0  0  0  0
   -1.2277   -3.8674   -6.6829  C  0  0  0  0  0
   -0.4161   -2.8567   -6.1626  C  0  0  0  0  0
    0.8688   -3.1336   -5.6842  C  0  0  0  0  0
    1.1658   -6.6967   -6.2194  N  0  0  0  0  0
  1  6  1  0  0  0
  1 13  2  0  0  0
  1  2  1  0  0  0
  2  3  1  0  0  0
  2  7  1  0  0  0
  3  4  2  0  0  0
  4  5  1  0  0  0
  5  6  1  0  0  0
  7 12  2  0  0  0
  7  8  1  0  0  0
  8  9  2  0  0  0
  8 13  1  0  0  0
  9 10  1  0  0  0
 10 11  2  0  0  0
 11 12  1  0  0  0
M  END
$$$$
c12n[c]3[c]([n]1N=CCN2)cccc3
  -ISIS-

 13 15  0  0  0  0  0  0  0  0  1
    2.3350   -6.4221   -5.6810  C  0  0  0  0  0
    2.4688   -5.0825   -5.3840  N  0  0  0  0  0
    3.5457   -4.4748   -4.8379  N  0  0  0  0  0
    4.5439   -5.2731   -4.5758  C  0  0  0  0  0
    4.5216   -6.7903   -4.8523  C  0  0  0  0  0
    3.3615   -7.3051   -5.4184  N  0  0  0  0  0
    1.2972   -4.4646   -5.7521  C  0  0  0  0  0
    0.5103   -5.4903   -6.2653  C  0  0  0  0  0
   -0.7762   -5.1927   -6.7409  C  0  0  0  0  0
   -1.2277   -3.8674   -6.6829  C  0  0  0  0  0
   -0.4161   -2.8567   -6.1626  C  0  0  0  0  0
    0.8688   -3.1336   -5.6842  C  0  0  0  0  0
    1.1658   -6.6967   -6.2194  N  0  0  0  0  0
  1  6  1  0  0  0
  1 13  2  0  0  0
  1  2  1  0  0  0
  2  3  1  0  0  0
  2  7  1  0  0  0
  3  4  2  0  0  0
  4  5  1  0  0  0
  5  6  1  0  0  0
  7 12  2  0  0  0
  7  8  1  0  0  0
  8  9  2  0  0  0
  8 13  1  0  0  0
  9 10  1  0  0  0
 10 11  2  0  0  0
 11 12  1  0  0  0
M  END
$$$$
c12n[c]3[c]([n]1N=CCN2)cccc3
  -ISIS-

 13 15  0  0  0  0  0  0  0  0  1
    2.3350   -6.4221   -5.6810  C  0  0  0  0  0
    2.4688   -5.0825   -5.3840  N  0  0  0  0  0
    3.5457   -4.4748   -4.8379  N  0  0  0  0  0
    4.5439   -5.2731   -4.5758  C  0  0  0  0  0
    4.5216   -6.7903   -4.8523  C  0  0  0  0  0
    3.3615   -7.3051   -5.4184  N  0  0  0  0  0
    1.2972   -4.4646   -5.7521  C  0  0  0  0  0
    0.5103   -5.4903   -6.2653  C  0  0  0  0  0
   -0.7762   -5.1927   -6.7409  C  0  0  0  0  0
   -1.2277   -3.8674   -6.6829  C  0  0  0  0  0
   -0.4161   -2.8567   -6.1626  C  0  0  0  0  0
    0.8688   -3.1336   -5.6842  C  0  0  0  0  0
    1.1658   -6.6967   -6.2194  N  0  0  0  0  0
  1  6  1  0  0  0
  1 13  2  0  0  0
  1  2  1  0  0  0
  2  3  1  0  0  0
  2  7  1  0  0  0
  3  4  2  0  0  0
  4  5  1  0  0  0
  5  6  1  0  0  0
  7 12  2  0  0  0
  7  8  1  0  0  0
  8  9  2  0  0  0
  8 13  1  0  0  0
  9 10  1  0  0  0
 10 11  2  0  0  0
 11 12  1  0  0  0
M  END
$$$$
c12n[c]3[c]([n]1N=CCN2)cccc3
  -ISIS-

 13 15  0  0  0  0  0  0  0  0  1
    3.2640   -1.3786   -1.2060  C  0  0  0  0  0
    3.9607   -0.8540   -0.1359  N  0  0  0  0  0
    3.9965    0.4479    0.2525  N  0  0  0  0  0
    3.2820    1.2378   -0.4971  C  0  0  0  0  0
    2.4690    0.7876   -1.7171  C  0  0  0  0  0
    2.4998   -0.5645   -2.0183  N  0  0  0  0  0
    4.6199   -1.8952    0.4728  C  0  0  0  0  0
    4.2766   -3.0116   -0.2841  C  0  0  0  0  0
    4.7920   -4.2666    0.0735  C  0  0  0  0  0
    5.6389   -4.3559    1.1858  C  0  0  0  0  0
    5.9676   -3.2199    1.9288  C  0  0  0  0  0
    5.4639   -1.9601    1.5880  C  0  0  0  0  0
    3.4396   -2.6763   -1.3204  N  0  0  0  0  0
  1  6  1  0  0  0
  1 13  2  0  0  0
  1  2  1  0  0  0
  2  3  1  0  0  0
  2  7  1  0  0  0
  3  4  2  0  0  0
  4  5  1  0  0  0
  5  6  1  0  0  0
  7 12  2  0  0  0
  7  8  1  0  0  0
  8  9  2  0  0  0
  8 13  1  0  0  0
  9 10  1  0  0  0
 10 11  2  0  0  0
 11 12  1  0  0  0
M  END
$$$$
c12n[c]3[c]([n]1N=CCN2)cccc3
  -ISIS-

 13 15  0  0  0  0  0  0  0  0  1
    3.2640   -1.3786   -1.2060  C  0  0  0  0  0
    3.9607   -0.8540   -0.1359  N  0  0  0  0  0
    3.9965    0.4479    0.2525  N  0  0  0  0  0
    3.2820    1.2378   -0.4971  C  0  0  0  0  0
    2.4690    0.7876   -1.7171  C  0  0  0  0  0
    2.4998   -0.5645   -2.0183  N  0  0  0  0  0
    4.6199   -1.8952    0.4728  C  0  0  0  0  0
    4.2766   -3.0116   -0.2841  C  0  0  0  0  0
    4.7920   -4.2666    0.0735  C  0  0  0  0  0
    5.6389   -4.3559    1.1858  C  0  0  0  0  0
    5.9676   -3.2199    1.9288  C  0  0  0  0  0
    5.4639   -1.9601    1.5880  C  0  0  0  0  0
    3.4396   -2.6763   -1.3204  N  0  0  0  0  0
  1  6  1  0  0  0
  1 13  2  0  0  0
  1  2  1  0  0  0
  2  3  1  0  0  0
  2  7  1  0  0  0
  3  4  2  0  0  0
  4  5  1  0  0  0
  5  6  1  0  0  0
  7 12  2  0  0  0
  7  8  1  0  0  0
  8  9  2  0  0  0
  8 13  1  0  0  0
  9 10  1  0  0  0
 10 11  2  0  0  0
 11 12  1  0  0  0
M  END
$$$$
c12n[c]3[c]([n]1N=CCN2)cccc3
  -ISIS-

 13 15  0  0  0  0  0  0  0  0  1
    3.2640   -1.3786   -1.2060  C  0  0  0  0  0
    3.9607   -0.8540   -0.1359  N  0  0  0  0  0
    3.9965    0.4479    0.2525  N  0  0  0  0  0
    3.2820    1.2378   -0.4971  C  0  0  0  0  0
    2.4690    0.7876   -1.7171  C  0  0  0  0  0
    2.4998   -0.5645   -2.0183  N  0  0  0  0  0
    4.6199   -1.8952    0.4728  C  0  0  0  0  0
    4.2766   -3.0116   -0.2841  C  0  0  0  0  0
    4.7920   -4.2666    0.0735  C  0  0  0  0  0
    5.6389   -4.3559    1.1858  C  0  0  0  0  0
    5.9676   -3.2199    1.9288  C  0  0  0  0  0
    5.4639   -1.9601    1.5880  C  0  0  0  0  0
    3.4396   -2.6763   -1.3204  N  0  0  0  0  0
  1  6  1  0  0  0
  1 13  2  0  0  0
  1  2  1  0  0  0
  2  3  1  0  0  0
  2  7  1  0  0  0
  3  4  2  0  0  0
  4  5  1  0  0  0
  5  6  1  0  0  0
  7 12  2  0  0  0
  7  8  1  0  0  0
  8  9  2  0  0  0
  8 13  1  0  0  0
  9 10  1  0  0  0
 10 11  2  0  0  0
 11 12  1  0  0  0
M  END
$$$$
c12n[c]3[c]([n]1N=CCN2)cccc3
  -ISIS-

 13 15  0  0  0  0  0  0  0  0  1
    4.7575   -5.4558   -3.6240  C  0  0  0  0  0
    5.2870   -4.3936   -4.3556  N  0  0  0  0  0
    6.0083   -4.7138   -5.5086  C  0  0  0  0  0
    6.1522   -6.1985   -5.8384  C  0  0  0  0  0
    5.6616   -7.1706   -5.1302  N  0  0  0  0  0
    4.9720   -6.7603   -4.0388  N  0  0  0  0  0
    4.3406   -7.5981   -3.1505  C  0  0  0  0  0
    3.7389   -6.7434   -2.2380  C  0  0  0  0  0
    2.9905   -7.2816   -1.1809  C  0  0  0  0  0
    2.8748   -8.6739   -1.0787  C  0  0  0  0  0
    3.4895   -9.5132   -2.0103  C  0  0  0  0  0
    4.2376   -8.9925   -3.0716  C  0  0  0  0  0
    3.9943   -5.4334   -2.5480  N  0  0  0  0  0
  1  6  2  0  0  0
  1 13  2  0  0  0
  1  2  1  0  0  0
  2  3  1  0  0  0
  3  4  1  0  0  0
  4  5  2  0  0  0
  5  6  1  0  0  0
  6  7  1  0  0  0
  7 12  2  0  0  0
  7  8  1  0  0  0
  8  9  2  0  0  0
  8 13  1  0  0  0
  9 10  1  0  0  0
 10 11  2  0  0  0
 11 12  1  0  0  0
M  END
$$$$
c12n[c]3[c]([n]1N=CCN2)cccc3
  -ISIS-

 13 15  0  0  0  0  0  0  0  0  1
    4.7575   -5.4558   -3.6240  C  0  0  0  0  0
    5.2870   -4.3936   -4.3556  N  0  0  0  0  0
    6.0083   -4.7138   -5.5086  C  0  0  0  0  0
    6.1522   -6.1985   -5.8384  C  0  0  0  0  0
    5.6616   -7.1706   -5.1302  N  0  0  0  0  0
    4.9720   -6.7603   -4.0388  N  0  0  0  0  0
    4.3406   -7.5981   -3.1505  C  0  0  0  0  0
    3.7389   -6.7434   -2.2380  C  0  0  0  0  0
    2.9905   -7.2816   -1.1809  C  0  0  0  0  0
    2.8748   -8.6739   -1.0787  C  0  0  0  0  0
    3.4895   -9.5132   -2.0103  C  0  0  0  0  0
    4.2376   -8.9925   -3.0716  C  0  0  0  0  0
    3.9943   -5.4334   -2.5480  N  0  0  0  0  0
  1  6  2  0  0  0
  1 13  2  0  0  0
  1  2  1  0  0  0
  2  3  1  0  0  0
  3  4  1  0  0  0
  4  5  2  0  0  0
  5  6  1  0  0  0
  6  7  1  0  0  0
  7 12  2  0  0  0
  7  8  1  0  0  0
  8  9  2  0  0  0
  8 13  1  0  0  0
  9 10  1  0  0  0
 10 11  2  0  0  0
 11 12  1  0  0  0
M  END
$$$$
c12n[c]3[c]([n]1N=CCN2)cccc3
  -ISIS-

 13 15  0  0  0  0  0  0  0  0  1
    4.7575   -5.4558   -3.6240  C  0  0  0  0  0
    5.2870   -4.3936   -4.3556  N  0  0  0  0  0
    6.0083   -4.7138   -5.5086  C  0  0  0  0  0
    6.1522   -6.1985   -5.8384  C  0  0  0  0  0
    5.6616   -7.1706   -5.1302  N  0  0  0  0  0
    4.9720   -6.7603   -4.0388  N  0  0  0  0  0
    4.3406   -7.5981   -3.1505  C  0  0  0  0  0
    3.7389   -6.7434   -2.2380  C  0  0  0  0  0
    2.9905   -7.2816   -1.1809  C  0  0  0  0  0
    2.8748   -8.6739   -1.0787  C  0  0  0  0  0
    3.4895   -9.5132   -2.0103  C  0  0  0  0  0
    4.2376   -8.9925   -3.0716  C  0  0  0  0  0
    3.9943   -5.4334   -2.5480  N  0  0  0  0  0
  1  6  2  0  0  0
  1 13  2  0  0  0
  1  2  1  0  0  0
  2  3  1  0  0  0
  3  4  1  0  0  0
  4  5  2  0  0  0
  5  6  1  0  0  0
  6  7  1  0  0  0
  7 12  2  0  0  0
  7  8  1  0  0  0
  8  9  2  0  0  0
  8 13  1  0  0  0
  9 10  1  0  0  0
 10 11  2  0  0  0
 11 12  1  0  0  0
M  END
$$$$
c12n[c]3[c]([n]1N=CCN2)cccc3
  -ISIS-

 13 15  0  0  0  0  0  0  0  0  1
   -2.7729    4.8058   -5.2624  C  0  0  0  0  0
   -2.1432    3.8319   -6.0112  N  0  0  0  0  0
   -1.2520    2.9093   -5.5623  N  0  0  0  0  0
   -1.0038    2.9982   -4.2869  C  0  0  0  0  0
   -1.6275    4.0347   -3.3441  C  0  0  0  0  0
   -2.5276    4.9242   -3.9087  N  0  0  0  0  0
   -2.5829    3.9641   -7.3067  C  0  0  0  0  0
   -3.4698    5.0358   -7.2631  C  0  0  0  0  0
   -4.1104    5.4433   -8.4431  C  0  0  0  0  0
   -3.8357    4.7550   -9.6320  C  0  0  0  0  0
   -2.9413    3.6824   -9.6483  C  0  0  0  0  0
   -2.2926    3.2616   -8.4825  C  0  0  0  0  0
   -3.5748    5.5481   -5.9929  N  0  0  0  0  0
  1  6  1  0  0  0
  1 13  2  0  0  0
  1  2  1  0  0  0
  2  3  1  0  0  0
  2  7  1  0  0  0
  3  4  2  0  0  0
  4  5  1  0  0  0
  5  6  1  0  0  0
  7 12  2  0  0  0
  7  8  1  0  0  0
  8  9  2  0  0  0
  8 13  1  0  0  0
  9 10  1  0  0  0
 10 11  2  0  0  0
 11 12  1  0  0  0
M  END
$$$$
c12n[c]3[c]([n]1N=CCN2)cccc3
  -ISIS-

 13 15  0  0  0  0  0  0  0  0  1
   -2.7729    4.8058   -5.2624  C  0  0  0  0  0
   -2.1432    3.8319   -6.0112  N  0  0  0  0  0
   -1.2520    2.9093   -5.5623  N  0  0  0  0  0
   -1.0038    2.9982   -4.2869  C  0  0  0  0  0
   -1.6275    4.0347   -3.3441  C  0  0  0  0  0
   -2.5276    4.9242   -3.9087  N  0  0  0  0  0
   -2.5829    3.9641   -7.3067  C  0  0  0  0  0
   -3.4698    5.0358   -7.2631  C  0  0  0  0  0
   -4.1104    5.4433   -8.4431  C  0  0  0  0  0
   -3.8357    4.7550   -9.6320  C  0  0  0  0  0
   -2.9413    3.6824   -9.6483  C  0  0  0  0  0
   -2.2926    3.2616   -8.4825  C  0  0  0  0  0
   -3.5748    5.5481   -5.9929  N  0  0  0  0  0
  1  6  1  0  0  0
  1 13  2  0  0  0
  1  2  1  0  0  0
  2  3  1  0  0  0
  2  7  1  0  0  0
  3  4  2  0  0  0
  4  5  1  0  0  0
  5  6  1  0  0  0
  7 12  2  0  0  0
  7  8  1  0  0  0
  8  9  2  0  0  0
  8 13  1  0  0  0
  9 10  1  0  0  0
 10 11  2  0  0  0
 11 12  1  0  0  0
M  END
$$$$
c12n[c]3[c]([n]1N=CCN2)cccc3
  -ISIS-

 13 15  0  0  0  0  0  0  0  0  1
   -2.7729    4.8058   -5.2624  C  0  0  0  0  0
   -2.1432    3.8319   -6.0112  N  0  0  0  0  0
   -1.2520    2.9093   -5.5623  N  0  0  0  0  0
   -1.0038    2.9982   -4.2869  C  0  0  0  0  0
   -1.6275    4.0347   -3.3441  C  0  0  0  0  0
   -2.5276    4.9242   -3.9087  N  0  0  0  0  0
   -2.5829    3.9641   -7.3067  C  0  0  0  0  0
   -3.4698    5.0358   -7.2631  C  0  0  0  0  0
   -4.1104    5.4433   -8.4431  C  0  0  0  0  0
   -3.8357    4.7550   -9.6320  C  0  0  0  0  0
   -2.9413    3.6824   -9.6483  C  0  0  0  0  0
   -2.2926    3.2616   -8.4825  C  0  0  0  0  0
   -3.5748    5.5481   -5.9929  N  0  0  0  0  0
  1  6  1  0  0  0
  1 13  2  0  0  0
  1  2  1  0  0  0
  2  3  1  0  0  0
  2  7  1  0  0  0
  3  4  2  0  0  0
  4  5  1  0  0  0
  5  6  1  0  0  0
  7 12  2  0  0  0
  7  8  1  0  0  0
  8  9  2  0  0  0
  8 13  1  0  0  0
  9 10  1  0  0  0
 10 11  2  0  0  0
 11 12  1  0  0  0
M  END
$$$$
c12n[c]3[c]([n]1N=CCN2)cccc3
  -ISIS-

 13 15  0  0  0  0  0  0  0  0  1
   -1.9226    4.6331   -7.2839  C  0  0  0  0  0
   -1.4307    5.8630   -6.8490  N  0  0  0  0  0
   -0.7586    6.6468   -7.7903  C  0  0  0  0  0
   -0.6229    6.0656   -9.1966  C  0  0  0  0  0
   -1.0769    4.9080   -9.5720  N  0  0  0  0  0
   -1.7198    4.2273   -8.5931  N  0  0  0  0  0
   -2.3078    2.9950   -8.7522  C  0  0  0  0  0
   -2.8740    2.7206   -7.5155  C  0  0  0  0  0
   -3.5734    1.5190   -7.3303  C  0  0  0  0  0
   -3.6777    0.6280   -8.4062  C  0  0  0  0  0
   -3.0993    0.9274   -9.6416  C  0  0  0  0  0
   -2.4003    2.1223   -9.8435  C  0  0  0  0  0
   -2.6387    3.7388   -6.6295  N  0  0  0  0  0
  1  6  1  0  0  0
  1 13  2  0  0  0
  1  2  1  0  0  0
  2  3  1  0  0  0
  3  4  1  0  0  0
  4  5  2  0  0  0
  5  6  1  0  0  0
  6  7  1  0  0  0
  7 12  2  0  0  0
  7  8  1  0  0  0
  8  9  2  0  0  0
  8 13  1  0  0  0
  9 10  1  0  0  0
 10 11  2  0  0  0
 11 12  1  0  0  0
M  END
$$$$
c12n[c]3[c]([n]1N=CCN2)cccc3
  -ISIS-

 13 15  0  0  0  0  0  0  0  0  1
   -1.9226    4.6331   -7.2839  C  0  0  0  0  0
   -1.4307    5.8630   -6.8490  N  0  0  0  0  0
   -0.7586    6.6468   -7.7903  C  0  0  0  0  0
   -0.6229    6.0656   -9.1966  C  0  0  0  0  0
   -1.0769    4.9080   -9.5720  N  0  0  0  0  0
   -1.7198    4.2273   -8.5931  N  0  0  0  0  0
   -2.3078    2.9950   -8.7522  C  0  0  0  0  0
   -2.8740    2.7206   -7.5155  C  0  0  0  0  0
   -3.5734    1.5190   -7.3303  C  0  0  0  0  0
   -3.6777    0.6280   -8.4062  C  0  0  0  0  0
   -3.0993    0.9274   -9.6416  C  0  0  0  0  0
   -2.4003    2.1223   -9.8435  C  0  0  0  0  0
   -2.6387    3.7388   -6.6295  N  0  0  0  0  0
  1  6  1  0  0  0
  1 13  2  0  0  0
  1  2  1  0  0  0
  2  3  1  0  0  0
  3  4  1  0  0  0
  4  5  2  0  0  0
  5  6  1  0  0  0
  6  7  1  0  0  0
  7 12  2  0  0  0
  7  8  1  0  0  0
  8  9  2  0  0  0
  8 13  1  0  0  0
  9 10  1  0  0  0
 10 11  2  0  0  0
 11 12  1  0  0  0
M  END
$$$$
c12n[c]3[c]([n]1N=CCN2)cccc3
  -ISIS-

 13 15  0  0  0  0  0  0  0  0  1
   -1.9226    4.6331   -7.2839  C  0  0  0  0  0
   -1.4307    5.8630   -6.8490  N  0  0  0  0  0
   -0.7586    6.6468   -7.7903  C  0  0  0  0  0
   -0.6229    6.0656   -9.1966  C  0  0  0  0  0
   -1.0769    4.9080   -9.5720  N  0  0  0  0  0
   -1.7198    4.2273   -8.5931  N  0  0  0  0  0
   -2.3078    2.9950   -8.7522  C  0  0  0  0  0
   -2.8740    2.7206   -7.5155  C  0  0  0  0  0
   -3.5734    1.5190   -7.3303  C  0  0  0  0  0
   -3.6777    0.6280   -8.4062  C  0  0  0  0  0
   -3.0993    0.9274   -9.6416  C  0  0  0  0  0
   -2.4003    2.1223   -9.8435  C  0  0  0  0  0
   -2.6387    3.7388   -6.6295  N  0  0  0  0  0
  1  6  1  0  0  0
  1 13  2  0  0  0
  1  2  1  0  0  0
  2  3  1  0  0  0
  3  4  1  0  0  0
  4  5  2  0  0  0
  5  6  1  0  0  0
  6  7  1  0  0  0
  7 12  2  0  0  0
  7  8  1  0  0  0
  8  9  2  0  0  0
  8 13  1  0  0  0
  9 10  1  0  0  0
 10 11  2  0  0  0
 11 12  1  0  0  0
M  END
$$$$
c12n[c]3[c]([n]1N=CCN2)cccc3
  -ISIS-

 13 15  0  0  0  0  0  0  0  0  1
    0.0860   -2.9013   -0.7293  C  0  0  0  0  0
    0.2803   -1.9425    0.2616  N  0  0  0  0  0
    0.9150   -2.3582    1.4397  C  0  0  0  0  0
    1.2667   -3.8486    1.5411  C  0  0  0  0  0
    1.0827   -4.7136    0.5858  N  0  0  0  0  0
    0.5020   -4.2051   -0.5208  N  0  0  0  0  0
    0.1913   -4.9335   -1.6451  C  0  0  0  0  0
   -0.4342   -4.0243   -2.4850  C  0  0  0  0  0
   -0.8955   -4.4520   -3.7393  C  0  0  0  0  0
   -0.7089   -5.7916   -4.1051  C  0  0  0  0  0
   -0.0779   -6.6879   -3.2397  C  0  0  0  0  0
    0.3866   -6.2778   -1.9855  C  0  0  0  0  0
   -0.5007   -2.7840   -1.9072  N  0  0  0  0  0
  1  6  2  0  0  0
  1 13  2  0  0  0
  1  2  1  0  0  0
  2  3  1  0  0  0
  3  4  1  0  0  0
  4  5  2  0  0  0
  5  6  1  0  0  0
  6  7  1  0  0  0
  7 12  2  0  0  0
  7  8  1  0  0  0
  8  9  2  0  0  0
  8 13  1  0  0  0
  9 10  1  0  0  0
 10 11  2  0  0  0
 11 12  1  0  0  0
M  END
$$$$
c12n[c]3[c]([n]1N=CCN2)cccc3
  -ISIS-

 13 15  0  0  0  0  0  0  0  0  1
    0.0860   -2.9013   -0.7293  C  0  0  0  0  0
    0.2803   -1.9425    0.2616  N  0  0  0  0  0
    0.9150   -2.3582    1.4397  C  0  0  0  0  0
    1.2667   -3.8486    1.5411  C  0  0  0  0  0
    1.0827   -4.7136    0.5858  N  0  0  0  0  0
    0.5020   -4.2051   -0.5208  N  0  0  0  0  0
    0.1913   -4.9335   -1.6451  C  0  0  0  0  0
   -0.4342   -4.0243   -2.4850  C  0  0  0  0  0
   -0.8955   -4.4520   -3.7393  C  0  0  0  0  0
   -0.7089   -5.7916   -4.1051  C  0  0  0  0  0
   -0.0779   -6.6879   -3.2397  C  0  0  0  0  0
    0.3866   -6.2778   -1.9855  C  0  0  0  0  0
   -0.5007   -2.7840   -1.9072  N  0  0  0  0  0
  1  6  2  0  0  0
  1 13  2  0  0  0
  1  2  1  0  0  0
  2  3  1  0  0  0
  3  4  1  0  0  0
  4  5  2  0  0  0
  5  6  1  0  0  0
  6  7  1  0  0  0
  7 12  2  0  0  0
  7  8  1  0  0  0
  8  9  2  0  0  0
  8 13  1  0  0  0
  9 10  1  0  0  0
 10 11  2  0  0  0
 11 12  1  0  0  0
M  END
$$$$
c12n[c]3[c]([n]1N=CCN2)cccc3
  -ISIS-

 13 15  0  0  0  0  0  0  0  0  1
    0.0860   -2.9013   -0.7293  C  0  0  0  0  0
    0.2803   -1.9425    0.2616  N  0  0  0  0  0
    0.9150   -2.3582    1.4397  C  0  0  0  0  0
    1.2667   -3.8486    1.5411  C  0  0  0  0  0
    1.0827   -4.7136    0.5858  N  0  0  0  0  0
    0.5020   -4.2051   -0.5208  N  0  0  0  0  0
    0.1913   -4.9335   -1.6451  C  0  0  0  0  0
   -0.4342   -4.0243   -2.4850  C  0  0  0  0  0
   -0.8955   -4.4520   -3.7393  C  0  0  0  0  0
   -0.7089   -5.7916   -4.1051  C  0  0  0  0  0
   -0.0779   -6.6879   -3.2397  C  0  0  0  0  0
    0.3866   -6.2778   -1.9855  C  0  0  0  0  0
   -0.5007   -2.7840   -1.9072  N  0  0  0  0  0
  1  6  2  0  0  0
  1 13  2  0  0  0
  1  2  1  0  0  0
  2  3  1  0  0  0
  3  4  1  0  0  0
  4  5  2  0  0  0
  5  6  1  0  0  0
  6  7  1  0  0  0
  7 12  2  0  0  0
  7  8  1  0  0  0
  8  9  2  0  0  0
  8 13  1  0  0  0
  9 10  1  0  0  0
 10 11  2  0  0  0
 11 12  1  0  0  0
M  END
$$$$
c12n[c]3[c]([n]1N=CCN2)cccc3
  -ISIS-

 13 15  0  0  0  0  0  0  0  0  1
    0.6990   -5.5388    1.1729  C  0  0  0  0  0
    0.8958   -4.2083    1.4787  N  0  0  0  0  0
   -0.0345   -3.3262    1.9129  N  0  0  0  0  0
   -1.2307   -3.8320    2.0435  C  0  0  0  0  0
   -1.5913   -5.2957    1.7223  C  0  0  0  0  0
   -0.5499   -6.1113    1.2960  N  0  0  0  0  0
    2.2247   -3.9322    1.2586  C  0  0  0  0  0
    2.7611   -5.1372    0.8171  C  0  0  0  0  0
    4.1262   -5.2021    0.4973  C  0  0  0  0  0
    4.9078   -4.0472    0.6351  C  0  0  0  0  0
    4.3436   -2.8502    1.0817  C  0  0  0  0  0
    2.9850   -2.7656    1.4042  C  0  0  0  0  0
    1.8054   -6.1221    0.7626  N  0  0  0  0  0
  1  6  1  0  0  0
  1 13  2  0  0  0
  1  2  1  0  0  0
  2  3  1  0  0  0
  2  7  1  0  0  0
  3  4  2  0  0  0
  4  5  1  0  0  0
  5  6  1  0  0  0
  7 12  2  0  0  0
  7  8  1  0  0  0
  8  9  2  0  0  0
  8 13  1  0  0  0
  9 10  1  0  0  0
 10 11  2  0  0  0
 11 12  1  0  0  0
M  END
$$$$
c12n[c]3[c]([n]1N=CCN2)cccc3
  -ISIS-

 13 15  0  0  0  0  0  0  0  0  1
    0.6990   -5.5388    1.1729  C  0  0  0  0  0
    0.8958   -4.2083    1.4787  N  0  0  0  0  0
   -0.0345   -3.3262    1.9129  N  0  0  0  0  0
   -1.2307   -3.8320    2.0435  C  0  0  0  0  0
   -1.5913   -5.2957    1.7223  C  0  0  0  0  0
   -0.5499   -6.1113    1.2960  N  0  0  0  0  0
    2.2247   -3.9322    1.2586  C  0  0  0  0  0
    2.7611   -5.1372    0.8171  C  0  0  0  0  0
    4.1262   -5.2021    0.4973  C  0  0  0  0  0
    4.9078   -4.0472    0.6351  C  0  0  0  0  0
    4.3436   -2.8502    1.0817  C  0  0  0  0  0
    2.9850   -2.7656    1.4042  C  0  0  0  0  0
    1.8054   -6.1221    0.7626  N  0  0  0  0  0
  1  6  1  0  0  0
  1 13  2  0  0  0
  1  2  1  0  0  0
  2  3  1  0  0  0
  2  7  1  0  0  0
  3  4  2  0  0  0
  4  5  1  0  0  0
  5  6  1  0  0  0
  7 12  2  0  0  0
  7  8  1  0  0  0
  8  9  2  0  0  0
  8 13  1  0  0  0
  9 10  1  0  0  0
 10 11  2  0  0  0
 11 12  1  0  0  0
M  END
$$$$
c12n[c]3[c]([n]1N=CCN2)cccc3
  -ISIS-

 13 15  0  0  0  0  0  0  0  0  1
    0.6990   -5.5388    1.1729  C  0  0  0  0  0
    0.8958   -4.2083    1.4787  N  0  0  0  0  0
   -0.0345   -3.3262    1.9129  N  0  0  0  0  0
   -1.2307   -3.8320    2.0435  C  0  0  0  0  0
   -1.5913   -5.2957    1.7223  C  0  0  0  0  0
   -0.5499   -6.1113    1.2960  N  0  0  0  0  0
    2.2247   -3.9322    1.2586  C  0  0  0  0  0
    2.7611   -5.1372    0.8171  C  0  0  0  0  0
    4.1262   -5.2021    0.4973  C  0  0  0  0  0
    4.9078   -4.0472    0.6351  C  0  0  0  0  0
    4.3436   -2.8502    1.0817  C  0  0  0  0  0
    2.9850   -2.7656    1.4042  C  0  0  0  0  0
    1.8054   -6.1221    0.7626  N  0  0  0  0  0
  1  6  1  0  0  0
  1 13  2  0  0  0
  1  2  1  0  0  0
  2  3  1  0  0  0
  2  7  1  0  0  0
  3  4  2  0  0  0
  4  5  1  0  0  0
  5  6  1  0  0  0
  7 12  2  0  0  0
  7  8  1  0  0  0
  8  9  2  0  0  0
  8 13  1  0  0  0
  9 10  1  0  0  0
 10 11  2  0  0  0
 11 12  1  0  0  0
M  END
$$$$
c12n[c]3[c]([n]1N=CCN2)cccc3
  -ISIS-

 13 15  0  0  0  0  0  0  0  0  1
    2.2454    1.3947    1.3407  C  0  0  0  0  0
    1.1099    0.7633    1.8415  N  0  0  0  0  0
    0.0395    0.5748    0.9570  C  0  0  0  0  0
    0.2206    1.1061   -0.4729  C  0  0  0  0  0
    1.3091    1.6740   -0.9037  N  0  0  0  0  0
    2.2833    1.7992    0.0183  N  0  0  0  0  0
    3.5031    2.3915   -0.2087  C  0  0  0  0  0
    4.1463    2.3415    1.0189  C  0  0  0  0  0
    5.4359    2.8808    1.1412  C  0  0  0  0  0
    6.0358    3.4552    0.0127  C  0  0  0  0  0
    5.3656    3.4937   -1.2121  C  0  0  0  0  0
    4.0791    2.9620   -1.3503  C  0  0  0  0  0
    3.3591    1.7368    1.9636  N  0  0  0  0  0
  1  6  2  0  0  0
  1 13  2  0  0  0
  1  2  1  0  0  0
  2  3  1  0  0  0
  3  4  1  0  0  0
  4  5  2  0  0  0
  5  6  1  0  0  0
  6  7  1  0  0  0
  7 12  2  0  0  0
  7  8  1  0  0  0
  8  9  2  0  0  0
  8 13  1  0  0  0
  9 10  1  0  0  0
 10 11  2  0  0  0
 11 12  1  0  0  0
M  END
$$$$
c12n[c]3[c]([n]1N=CCN2)cccc3
  -ISIS-

 13 15  0  0  0  0  0  0  0  0  1
    2.2454    1.3947    1.3407  C  0  0  0  0  0
    1.1099    0.7633    1.8415  N  0  0  0  0  0
    0.0395    0.5748    0.9570  C  0  0  0  0  0
    0.2206    1.1061   -0.4729  C  0  0  0  0  0
    1.3091    1.6740   -0.9037  N  0  0  0  0  0
    2.2833    1.7992    0.0183  N  0  0  0  0  0
    3.5031    2.3915   -0.2087  C  0  0  0  0  0
    4.1463    2.3415    1.0189  C  0  0  0  0  0
    5.4359    2.8808    1.1412  C  0  0  0  0  0
    6.0358    3.4552    0.0127  C  0  0  0  0  0
    5.3656    3.4937   -1.2121  C  0  0  0  0  0
    4.0791    2.9620   -1.3503  C  0  0  0  0  0
    3.3591    1.7368    1.9636  N  0  0  0  0  0
  1  6  2  0  0  0
  1 13  2  0  0  0
  1  2  1  0  0  0
  2  3  1  0  0  0
  3  4  1  0  0  0
  4  5  2  0  0  0
  5  6  1  0  0  0
  6  7  1  0  0  0
  7 12  2  0  0  0
  7  8  1  0  0  0
  8  9  2  0  0  0
  8 13  1  0  0  0
  9 10  1  0  0  0
 10 11  2  0  0  0
 11 12  1  0  0  0
M  END
$$$$
c12n[c]3[c]([n]1N=CCN2)cccc3
  -ISIS-

 13 15  0  0  0  0  0  0  0  0  1
    2.2454    1.3947    1.3407  C  0  0  0  0  0
    1.1099    0.7633    1.8415  N  0  0  0  0  0
    0.0395    0.5748    0.9570  C  0  0  0  0  0
    0.2206    1.1061   -0.4729  C  0  0  0  0  0
    1.3091    1.6740   -0.9037  N  0  0  0  0  0
    2.2833    1.7992    0.0183  N  0  0  0  0  0
    3.5031    2.3915   -0.2087  C  0  0  0  0  0
    4.1463    2.3415    1.0189  C  0  0  0  0  0
    5.4359    2.8808    1.1412  C  0  0  0  0  0
    6.0358    3.4552    0.0127  C  0  0  0  0  0
    5.3656    3.4937   -1.2121  C  0  0  0  0  0
    4.0791    2.9620   -1.3503  C  0  0  0  0  0
    3.3591    1.7368    1.9636  N  0  0  0  0  0
  1  6  2  0  0  0
  1 13  2  0  0  0
  1  2  1  0  0  0
  2  3  1  0  0  0
  3  4  1  0  0  0
  4  5  2  0  0  0
  5  6  1  0  0  0
  6  7  1  0  0  0
  7 12  2  0  0  0
  7  8  1  0  0  0
  8  9  2  0  0  0
  8 13  1  0  0  0
  9 10  1  0  0  0
 10 11  2  0  0  0
 11 12  1  0  0  0
M  END
$$$$
c12n[c]3[c]([n]1N=CCN2)cccc3
  -ISIS-

 13 15  0  0  0  0  0  0  0  0  1
    1.4173    3.1477    1.9988  C  0  0  0  0  0
    2.0969    1.9634    2.2022  N  0  0  0  0  0
    3.1613    1.7667    3.0241  N  0  0  0  0  0
    3.5376    2.8395    3.6596  C  0  0  0  0  0
    2.8674    4.2131    3.5313  C  0  0  0  0  0
    1.7931    4.2999    2.6605  N  0  0  0  0  0
    1.4986    1.0083    1.4155  C  0  0  0  0  0
    0.4680    1.6866    0.7716  C  0  0  0  0  0
   -0.3569    0.9889   -0.1237  C  0  0  0  0  0
   -0.1147   -0.3737   -0.3422  C  0  0  0  0  0
    0.9269   -1.0306    0.3167  C  0  0  0  0  0
    1.7593   -0.3524    1.2135  C  0  0  0  0  0
    0.4280    3.0081    1.1446  N  0  0  0  0  0
  1  6  1  0  0  0
  1 13  2  0  0  0
  1  2  1  0  0  0
  2  3  1  0  0  0
  2  7  1  0  0  0
  3  4  2  0  0  0
  4  5  1  0  0  0
  5  6  1  0  0  0
  7 12  2  0  0  0
  7  8  1  0  0  0
  8  9  2  0  0  0
  8 13  1  0  0  0
  9 10  1  0  0  0
 10 11  2  0  0  0
 11 12  1  0  0  0
M  END
$$$$
c12n[c]3[c]([n]1N=CCN2)cccc3
  -ISIS-

 13 15  0  0  0  0  0  0  0  0  1
    1.4173    3.1477    1.9988  C  0  0  0  0  0
    2.0969    1.9634    2.2022  N  0  0  0  0  0
    3.1613    1.7667    3.0241  N  0  0  0  0  0
    3.5376    2.8395    3.6596  C  0  0  0  0  0
    2.8674    4.2131    3.5313  C  0  0  0  0  0
    1.7931    4.2999    2.6605  N  0  0  0  0  0
    1.4986    1.0083    1.4155  C  0  0  0  0  0
    0.4680    1.6866    0.7716  C  0  0  0  0  0
   -0.3569    0.9889   -0.1237  C  0  0  0  0  0
   -0.1147   -0.3737   -0.3422  C  0  0  0  0  0
    0.9269   -1.0306    0.3167  C  0  0  0  0  0
    1.7593   -0.3524    1.2135  C  0  0  0  0  0
    0.4280    3.0081    1.1446  N  0  0  0  0  0
  1  6  1  0  0  0
  1 13  2  0  0  0
  1  2  1  0  0  0
  2  3  1  0  0  0
  2  7  1  0  0  0
  3  4  2  0  0  0
  4  5  1  0  0  0
  5  6  1  0  0  0
  7 12  2  0  0  0
  7  8  1  0  0  0
  8  9  2  0  0  0
  8 13  1  0  0  0
  9 10  1  0  0  0
 10 11  2  0  0  0
 11 12  1  0  0  0
M  END
$$$$
c12n[c]3[c]([n]1N=CCN2)cccc3
  -ISIS-

 13 15  0  0  0  0  0  0  0  0  1
    1.4173    3.1477    1.9988  C  0  0  0  0  0
    2.0969    1.9634    2.2022  N  0  0  0  0  0
    3.1613    1.7667    3.0241  N  0  0  0  0  0
    3.5376    2.8395    3.6596  C  0  0  0  0  0
    2.8674    4.2131    3.5313  C  0  0  0  0  0
    1.7931    4.2999    2.6605  N  0  0  0  0  0
    1.4986    1.0083    1.4155  C  0  0  0  0  0
    0.4680    1.6866    0.7716  C  0  0  0  0  0
   -0.3569    0.9889   -0.1237  C  0  0  0  0  0
   -0.1147   -0.3737   -0.3422  C  0  0  0  0  0
    0.9269   -1.0306    0.3167  C  0  0  0  0  0
    1.7593   -0.3524    1.2135  C  0  0  0  0  0
    0.4280    3.0081    1.1446  N  0  0  0  0  0
  1  6  1  0  0  0
  1 13  2  0  0  0
  1  2  1  0  0  0
  2  3  1  0  0  0
  2  7  1  0  0  0
  3  4  2  0  0  0
  4  5  1  0  0  0
  5  6  1  0  0  0
  7 12  2  0  0  0
  7  8  1  0  0  0
  8  9  2  0  0  0
  8 13  1  0  0  0
  9 10  1  0  0  0
 10 11  2  0  0  0
 11 12  1  0  0  0
M  END
$$$$
c12n[c]3[c]([n]1N=CCN2)cccc3
  -ISIS-

 13 15  0  0  0  0  0  0  0  0  1
   -3.9251    1.5730    4.9440  C  0  0  0  0  0
   -3.3504    0.7720    3.9582  N  0  0  0  0  0
   -2.7786    1.4247    2.8631  C  0  0  0  0  0
   -2.8557    2.9504    2.8562  C  0  0  0  0  0
   -3.4119    3.6731    3.7811  N  0  0  0  0  0
   -3.9292    2.9514    4.8041  N  0  0  0  0  0
   -4.5443    3.4891    5.9096  C  0  0  0  0  0
   -4.8645    2.3908    6.6947  C  0  0  0  0  0
   -5.5083    2.5887    7.9251  C  0  0  0  0  0
   -5.8104    3.8971    8.3240  C  0  0  0  0  0
   -5.4771    4.9863    7.5160  C  0  0  0  0  0
   -4.8333    4.8064    6.2871  C  0  0  0  0  0
   -4.4688    1.2244    6.0946  N  0  0  0  0  0
  1  6  1  0  0  0
  1 13  2  0  0  0
  1  2  1  0  0  0
  2  3  1  0  0  0
  3  4  1  0  0  0
  4  5  2  0  0  0
  5  6  1  0  0  0
  6  7  1  0  0  0
  7 12  2  0  0  0
  7  8  1  0  0  0
  8  9  2  0  0  0
  8 13  1  0  0  0
  9 10  1  0  0  0
 10 11  2  0  0  0
 11 12  1  0  0  0
M  END
$$$$
c12n[c]3[c]([n]1N=CCN2)cccc3
  -ISIS-

 13 15  0  0  0  0  0  0  0  0  1
   -3.9251    1.5730    4.9440  C  0  0  0  0  0
   -3.3504    0.7720    3.9582  N  0  0  0  0  0
   -2.7786    1.4247    2.8631  C  0  0  0  0  0
   -2.8557    2.9504    2.8562  C  0  0  0  0  0
   -3.4119    3.6731    3.7811  N  0  0  0  0  0
   -3.9292    2.9514    4.8041  N  0  0  0  0  0
   -4.5443    3.4891    5.9096  C  0  0  0  0  0
   -4.8645    2.3908    6.6947  C  0  0  0  0  0
   -5.5083    2.5887    7.9251  C  0  0  0  0  0
   -5.8104    3.8971    8.3240  C  0  0  0  0  0
   -5.4771    4.9863    7.5160  C  0  0  0  0  0
   -4.8333    4.8064    6.2871  C  0  0  0  0  0
   -4.4688    1.2244    6.0946  N  0  0  0  0  0
  1  6  1  0  0  0
  1 13  2  0  0  0
  1  2  1  0  0  0
  2  3  1  0  0  0
  3  4  1  0  0  0
  4  5  2  0  0  0
  5  6  1  0  0  0
  6  7  1  0  0  0
  7 12  2  0  0  0
  7  8  1  0  0  0
  8  9  2  0  0  0
  8 13  1  0  0  0
  9 10  1  0  0  0
 10 11  2  0  0  0
 11 12  1  0  0  0
M  END
$$$$
c12n[c]3[c]([n]1N=CCN2)cccc3
  -ISIS-

 13 15  0  0  0  0  0  0  0  0  1
   -3.9251    1.5730    4.9440  C  0  0  0  0  0
   -3.3504    0.7720    3.9582  N  0  0  0  0  0
   -2.7786    1.4247    2.8631  C  0  0  0  0  0
   -2.8557    2.9504    2.8562  C  0  0  0  0  0
   -3.4119    3.6731    3.7811  N  0  0  0  0  0
   -3.9292    2.9514    4.8041  N  0  0  0  0  0
   -4.5443    3.4891    5.9096  C  0  0  0  0  0
   -4.8645    2.3908    6.6947  C  0  0  0  0  0
   -5.5083    2.5887    7.9251  C  0  0  0  0  0
   -5.8104    3.8971    8.3240  C  0  0  0  0  0
   -5.4771    4.9863    7.5160  C  0  0  0  0  0
   -4.8333    4.8064    6.2871  C  0  0  0  0  0
   -4.4688    1.2244    6.0946  N  0  0  0  0  0
  1  6  1  0  0  0
  1 13  2  0  0  0
  1  2  1  0  0  0
  2  3  1  0  0  0
  3  4  1  0  0  0
  4  5  2  0  0  0
  5  6  1  0  0  0
  6  7  1  0  0  0
  7 12  2  0  0  0
  7  8  1  0  0  0
  8  9  2  0  0  0
  8 13  1  0  0  0
  9 10  1  0  0  0
 10 11  2  0  0  0
 11 12  1  0  0  0
M  END
$$$$
c12n[c]3[c]([n]1N=CCN2)cccc3
  -ISIS-

 13 15  0  0  0  0  0  0  0  0  1
    2.4634   -2.9504   -2.6264  C  0  0  0  0  0
    1.1832   -2.8091   -2.1774  N  0  0  0  0  0
    0.9304   -2.9580   -0.8396  C  0  0  0  0  0
    2.1467   -3.2776    0.0460  C  0  0  0  0  0
    3.3671   -3.4106   -0.3966  N  0  0  0  0  0
    3.4848   -3.2388   -1.7445  N  0  0  0  0  0
    4.6411   -3.3196   -2.4826  C  0  0  0  0  0
    4.2327   -3.0687   -3.7918  C  0  0  0  0  0
    5.1888   -3.0764   -4.8190  C  0  0  0  0  0
    6.5267   -3.3367   -4.4944  C  0  0  0  0  0
    6.9085   -3.5850   -3.1740  C  0  0  0  0  0
    5.9715   -3.5820   -2.1352  C  0  0  0  0  0
    2.8772   -2.8415   -3.8637  N  0  0  0  0  0
  1  6  2  0  0  0
  1 13  2  0  0  0
  1  2  1  0  0  0
  2  3  1  0  0  0
  3  4  1  0  0  0
  4  5  2  0  0  0
  5  6  1  0  0  0
  6  7  1  0  0  0
  7 12  2  0  0  0
  7  8  1  0  0  0
  8  9  2  0  0  0
  8 13  1  0  0  0
  9 10  1  0  0  0
 10 11  2  0  0  0
 11 12  1  0  0  0
M  END
$$$$
c12n[c]3[c]([n]1N=CCN2)cccc3
  -ISIS-

 13 15  0  0  0  0  0  0  0  0  1
    2.4634   -2.9504   -2.6264  C  0  0  0  0  0
    1.1832   -2.8091   -2.1774  N  0  0  0  0  0
    0.9304   -2.9580   -0.8396  C  0  0  0  0  0
    2.1467   -3.2776    0.0460  C  0  0  0  0  0
    3.3671   -3.4106   -0.3966  N  0  0  0  0  0
    3.4848   -3.2388   -1.7445  N  0  0  0  0  0
    4.6411   -3.3196   -2.4826  C  0  0  0  0  0
    4.2327   -3.0687   -3.7918  C  0  0  0  0  0
    5.1888   -3.0764   -4.8190  C  0  0  0  0  0
    6.5267   -3.3367   -4.4944  C  0  0  0  0  0
    6.9085   -3.5850   -3.1740  C  0  0  0  0  0
    5.9715   -3.5820   -2.1352  C  0  0  0  0  0
    2.8772   -2.8415   -3.8637  N  0  0  0  0  0
  1  6  2  0  0  0
  1 13  2  0  0  0
  1  2  1  0  0  0
  2  3  1  0  0  0
  3  4  1  0  0  0
  4  5  2  0  0  0
  5  6  1  0  0  0
  6  7  1  0  0  0
  7 12  2  0  0  0
  7  8  1  0  0  0
  8  9  2  0  0  0
  8 13  1  0  0  0
  9 10  1  0  0  0
 10 11  2  0  0  0
 11 12  1  0  0  0
M  END
$$$$
