C12N(NCN1)CCNC=2
  -ISIS-

  9 10  0  0  0  0  0  0  0  0  1
   -4.8319    2.2641   -1.5611  C  0  0  0  0  0
   -5.8025    3.2284   -1.7416  N  0  0  0  0  0
   -6.1897    3.1788   -3.0950  N  0  0  0  0  0
   -5.2124    2.4109   -3.7836  C  0  0  0  0  0
   -4.3918    1.7818   -2.7875  N  0  0  0  0  0
   -6.8452    3.3502   -0.7318  C  0  0  0  0  0
   -6.2591    3.2000    0.6854  C  0  0  0  0  0
   -5.1408    2.3228    0.8164  N  0  0  0  0  0
   -4.5140    1.8252   -0.3356  C  0  0  0  0  0
  1  5  1  0  0  0
  1  9  2  0  0  0
  1  2  1  0  0  0
  2  3  1  0  0  0
  2  6  1  0  0  0
  3  4  1  0  0  0
  4  5  1  0  0  0
  6  7  1  0  0  0
  7  8  1  0  0  0
  8  9  1  0  0  0
M  END
$$$$
C12N(NCN1)CCNC=2
  -ISIS-

  9 10  0  0  0  0  0  0  0  0  1
   -4.8319    2.2641   -1.5611  C  0  0  0  0  0
   -5.8025    3.2284   -1.7416  N  0  0  0  0  0
   -6.1897    3.1788   -3.0950  N  0  0  0  0  0
   -5.2124    2.4109   -3.7836  C  0  0  0  0  0
   -4.3918    1.7818   -2.7875  N  0  0  0  0  0
   -6.8452    3.3502   -0.7318  C  0  0  0  0  0
   -6.2591    3.2000    0.6854  C  0  0  0  0  0
   -5.1408    2.3228    0.8164  N  0  0  0  0  0
   -4.5140    1.8252   -0.3356  C  0  0  0  0  0
  1  5  1  0  0  0
  1  9  2  0  0  0
  1  2  1  0  0  0
  2  3  1  0  0  0
  2  6  1  0  0  0
  3  4  1  0  0  0
  4  5  1  0  0  0
  6  7  1  0  0  0
  7  8  1  0  0  0
  8  9  1  0  0  0
M  END
$$$$
C12N(NCN1)CCNC=2
  -ISIS-

  9 10  0  0  0  0  0  0  0  0  1
   -4.8319    2.2641   -1.5611  C  0  0  0  0  0
   -5.8025    3.2284   -1.7416  N  0  0  0  0  0
   -6.1897    3.1788   -3.0950  N  0  0  0  0  0
   -5.2124    2.4109   -3.7836  C  0  0  0  0  0
   -4.3918    1.7818   -2.7875  N  0  0  0  0  0
   -6.8452    3.3502   -0.7318  C  0  0  0  0  0
   -6.2591    3.2000    0.6854  C  0  0  0  0  0
   -5.1408    2.3228    0.8164  N  0  0  0  0  0
   -4.5140    1.8252   -0.3356  C  0  0  0  0  0
  1  5  1  0  0  0
  1  9  2  0  0  0
  1  2  1  0  0  0
  2  3  1  0  0  0
  2  6  1  0  0  0
  3  4  1  0  0  0
  4  5  1  0  0  0
  6  7  1  0  0  0
  7  8  1  0  0  0
  8  9  1  0  0  0
M  END
$$$$
C12N(NCN1)CCNC=2
  -ISIS-

  9 10  0  0  0  0  0  0  0  0  1
   -4.8319    2.2641   -1.5611  C  0  0  0  0  0
   -5.8025    3.2284   -1.7416  N  0  0  0  0  0
   -6.1897    3.1788   -3.0950  N  0  0  0  0  0
   -5.2124    2.4109   -3.7836  C  0  0  0  0  0
   -4.3918    1.7818   -2.7875  N  0  0  0  0  0
   -6.8452    3.3502   -0.7318  C  0  0  0  0  0
   -6.2591    3.2000    0.6854  C  0  0  0  0  0
   -5.1408    2.3228    0.8164  N  0  0  0  0  0
   -4.5140    1.8252   -0.3356  C  0  0  0  0  0
  1  5  1  0  0  0
  1  9  2  0  0  0
  1  2  1  0  0  0
  2  3  1  0  0  0
  2  6  1  0  0  0
  3  4  1  0  0  0
  4  5  1  0  0  0
  6  7  1  0  0  0
  7  8  1  0  0  0
  8  9  1  0  0  0
M  END
$$$$
C12N(NCN1)CCNC=2
  -ISIS-

  9 10  0  0  0  0  0  0  0  0  1
    3.2106   -1.2008    0.8515  C  0  0  0  0  0
    3.6194   -0.3544    1.8623  N  0  0  0  0  0
    2.8612   -0.6777    3.0047  N  0  0  0  0  0
    1.7772   -1.4902    2.5737  C  0  0  0  0  0
    2.0474   -1.8672    1.2155  N  0  0  0  0  0
    5.0481   -0.1248    2.0276  C  0  0  0  0  0
    5.7432    0.0265    0.6606  C  0  0  0  0  0
    5.1927   -0.7332   -0.4150  N  0  0  0  0  0
    3.9643   -1.3872   -0.2406  C  0  0  0  0  0
  1  5  1  0  0  0
  1  9  2  0  0  0
  1  2  1  0  0  0
  2  3  1  0  0  0
  2  6  1  0  0  0
  3  4  1  0  0  0
  4  5  1  0  0  0
  6  7  1  0  0  0
  7  8  1  0  0  0
  8  9  1  0  0  0
M  END
$$$$
C12N(NCN1)CCNC=2
  -ISIS-

  9 10  0  0  0  0  0  0  0  0  1
    3.2106   -1.2008    0.8515  C  0  0  0  0  0
    3.6194   -0.3544    1.8623  N  0  0  0  0  0
    2.8612   -0.6777    3.0047  N  0  0  0  0  0
    1.7772   -1.4902    2.5737  C  0  0  0  0  0
    2.0474   -1.8672    1.2155  N  0  0  0  0  0
    5.0481   -0.1248    2.0276  C  0  0  0  0  0
    5.7432    0.0265    0.6606  C  0  0  0  0  0
    5.1927   -0.7332   -0.4150  N  0  0  0  0  0
    3.9643   -1.3872   -0.2406  C  0  0  0  0  0
  1  5  1  0  0  0
  1  9  2  0  0  0
  1  2  1  0  0  0
  2  3  1  0  0  0
  2  6  1  0  0  0
  3  4  1  0  0  0
  4  5  1  0  0  0
  6  7  1  0  0  0
  7  8  1  0  0  0
  8  9  1  0  0  0
M  END
$$$$
C12N(NCN1)CCNC=2
  -ISIS-

  9 10  0  0  0  0  0  0  0  0  1
    3.2106   -1.2008    0.8515  C  0  0  0  0  0
    3.6194   -0.3544    1.8623  N  0  0  0  0  0
    2.8612   -0.6777    3.0047  N  0  0  0  0  0
    1.7772   -1.4902    2.5737  C  0  0  0  0  0
    2.0474   -1.8672    1.2155  N  0  0  0  0  0
    5.0481   -0.1248    2.0276  C  0  0  0  0  0
    5.7432    0.0265    0.6606  C  0  0  0  0  0
    5.1927   -0.7332   -0.4150  N  0  0  0  0  0
    3.9643   -1.3872   -0.2406  C  0  0  0  0  0
  1  5  1  0  0  0
  1  9  2  0  0  0
  1  2  1  0  0  0
  2  3  1  0  0  0
  2  6  1  0  0  0
  3  4  1  0  0  0
  4  5  1  0  0  0
  6  7  1  0  0  0
  7  8  1  0  0  0
  8  9  1  0  0  0
M  END
$$$$
C12N(NCN1)CCNC=2
  -ISIS-

  9 10  0  0  0  0  0  0  0  0  1
    3.2106   -1.2008    0.8515  C  0  0  0  0  0
    3.6194   -0.3544    1.8623  N  0  0  0  0  0
    2.8612   -0.6777    3.0047  N  0  0  0  0  0
    1.7772   -1.4902    2.5737  C  0  0  0  0  0
    2.0474   -1.8672    1.2155  N  0  0  0  0  0
    5.0481   -0.1248    2.0276  C  0  0  0  0  0
    5.7432    0.0265    0.6606  C  0  0  0  0  0
    5.1927   -0.7332   -0.4150  N  0  0  0  0  0
    3.9643   -1.3872   -0.2406  C  0  0  0  0  0
  1  5  1  0  0  0
  1  9  2  0  0  0
  1  2  1  0  0  0
  2  3  1  0  0  0
  2  6  1  0  0  0
  3  4  1  0  0  0
  4  5  1  0  0  0
  6  7  1  0  0  0
  7  8  1  0  0  0
  8  9  1  0  0  0
M  END
$$$$
