C12N(c3c(cccc3)N1)CC4=C(C=2)CCC4
  -ISIS-

 16 19  0  0  0  0  0  0  0  0  1
   -0.3337    6.4858    2.5889  C  0  0  0  0  0
    0.9189    7.0674    2.7560  N  0  0  0  0  0
    1.2187    6.9694    4.1271  C  0  0  0  0  0
    0.0969    6.4610    4.8215  C  0  0  0  0  0
   -0.8742    6.1508    3.8451  N  0  0  0  0  0
   -2.1105    5.5660    4.0570  C  0  0  0  0  0
   -2.8466    5.3051    2.7978  C  0  0  0  0  0
   -2.3242    5.6018    1.6000  C  0  0  0  0  0
   -1.0211    6.2125    1.4626  C  0  0  0  0  0
   -3.2635    5.2373    0.4979  C  0  0  0  0  0
   -4.2962    4.3602    1.2201  C  0  0  0  0  0
   -4.1984    4.6988    2.7119  C  0  0  0  0  0
    0.0892    6.3153    6.1918  C  0  0  0  0  0
    1.2395    6.7137    6.8798  C  0  0  0  0  0
    2.3520    7.2446    6.1934  C  0  0  0  0  0
    2.3442    7.3859    4.8008  C  0  0  0  0  0
  1  9  2  0  0  0
  1  5  1  0  0  0
  1  2  1  0  0  0
  2  3  1  0  0  0
  3 16  2  0  0  0
  3  4  1  0  0  0
  4  5  1  0  0  0
  4 13  2  0  0  0
  5  6  1  0  0  0
  6  7  1  0  0  0
  7 12  1  0  0  0
  7  8  2  0  0  0
  8  9  1  0  0  0
  8 10  1  0  0  0
 10 11  1  0  0  0
 11 12  1  0  0  0
 13 14  1  0  0  0
 14 15  2  0  0  0
 15 16  1  0  0  0
M  END
$$$$
