C12N(CN=CC=1)CCS2
  -ISIS-

  9 10  0  0  0  0  0  0  0  0  1
    3.2409   -6.9851    1.4970  C  0  0  0  0  0
    3.7986   -7.4293    0.4170  N  0  0  0  0  0
    3.9404   -6.5711   -0.6385  C  0  0  0  0  0
    3.5016   -5.2630   -0.5573  N  0  0  0  0  0
    2.9146   -4.8211    0.6012  C  0  0  0  0  0
    2.7454   -5.6042    1.6664  C  0  0  0  0  0
    2.4212   -3.1731    0.5495  S  0  0  0  0  0
    3.0057   -3.0242   -1.0810  C  0  0  0  0  0
    3.6006   -4.3126   -1.5767  C  0  0  0  0  0
  1  6  1  0  0  0
  1  2  2  0  0  0
  2  3  1  0  0  0
  3  4  1  0  0  0
  4  9  1  0  0  0
  4  5  1  0  0  0
  5  6  2  0  0  0
  5  7  1  0  0  0
  7  8  1  0  0  0
  8  9  1  0  0  0
M  END
$$$$
