c12n[c]3[c]([n]1CNCOC2)cccc3
  -ISIS-

 14 16  0  0  0  0  0  0  0  0  1
    2.4799    1.8280   -3.8947  N  0  0  0  0  0
    3.6687    2.6193   -3.5440  C  0  0  0  0  0
    4.6238    2.7665   -4.6362  N  0  0  0  0  0
    4.9574    3.9330   -5.2820  C  0  0  0  0  0
    4.5514    5.2662   -5.1391  C  0  0  0  0  0
    5.1316    6.2060   -5.9994  C  0  0  0  0  0
    6.0727    5.8275   -6.9577  C  0  0  0  0  0
    6.4597    4.4890   -7.0884  C  0  0  0  0  0
    5.8862    3.5331   -6.2372  C  0  0  0  0  0
    6.0927    2.1786   -6.1881  N  0  0  0  0  0
    5.3072    1.7226   -5.2283  C  0  0  0  0  0
    5.1662    0.2661   -4.8336  C  0  0  0  0  0
    3.9774    0.0260   -4.0565  O  0  0  0  0  0
    2.7701    0.5708   -4.5739  C  0  0  0  0  0
  1 14  1  0  0  0
  1  2  1  0  0  0
  2  3  1  0  0  0
  3 11  1  0  0  0
  3  4  1  0  0  0
  4  9  2  0  0  0
  4  5  1  0  0  0
  5  6  2  0  0  0
  6  7  1  0  0  0
  7  8  2  0  0  0
  8  9  1  0  0  0
  9 10  1  0  0  0
 10 11  2  0  0  0
 11 12  1  0  0  0
 12 13  1  0  0  0
 13 14  1  0  0  0
M  END
$$$$
c12n[c]3[c]([n]1CNCOC2)cccc3
  -ISIS-

 14 16  0  0  0  0  0  0  0  0  1
    2.4799    1.8280   -3.8947  N  0  0  0  0  0
    3.6687    2.6193   -3.5440  C  0  0  0  0  0
    4.6238    2.7665   -4.6362  N  0  0  0  0  0
    4.9574    3.9330   -5.2820  C  0  0  0  0  0
    4.5514    5.2662   -5.1391  C  0  0  0  0  0
    5.1316    6.2060   -5.9994  C  0  0  0  0  0
    6.0727    5.8275   -6.9577  C  0  0  0  0  0
    6.4597    4.4890   -7.0884  C  0  0  0  0  0
    5.8862    3.5331   -6.2372  C  0  0  0  0  0
    6.0927    2.1786   -6.1881  N  0  0  0  0  0
    5.3072    1.7226   -5.2283  C  0  0  0  0  0
    5.1662    0.2661   -4.8336  C  0  0  0  0  0
    3.9774    0.0260   -4.0565  O  0  0  0  0  0
    2.7701    0.5708   -4.5739  C  0  0  0  0  0
  1 14  1  0  0  0
  1  2  1  0  0  0
  2  3  1  0  0  0
  3 11  1  0  0  0
  3  4  1  0  0  0
  4  9  2  0  0  0
  4  5  1  0  0  0
  5  6  2  0  0  0
  6  7  1  0  0  0
  7  8  2  0  0  0
  8  9  1  0  0  0
  9 10  1  0  0  0
 10 11  2  0  0  0
 11 12  1  0  0  0
 12 13  1  0  0  0
 13 14  1  0  0  0
M  END
$$$$
c12n[c]3[c]([n]1CNCOC2)cccc3
  -ISIS-

 14 16  0  0  0  0  0  0  0  0  1
    1.7984    5.6075   -2.9208  C  0  0  0  0  0
    3.0482    5.1813   -2.8346  N  0  0  0  0  0
    3.4679    4.9641   -4.1201  C  0  0  0  0  0
    4.7134    4.5167   -4.5844  C  0  0  0  0  0
    4.9089    4.3745   -5.9628  C  0  0  0  0  0
    3.8839    4.6729   -6.8611  C  0  0  0  0  0
    2.6340    5.1199   -6.4156  C  0  0  0  0  0
    2.4582    5.2532   -5.0315  C  0  0  0  0  0
    1.4015    5.6463   -4.2419  N  0  0  0  0  0
    0.0840    6.0449   -4.7109  C  0  0  0  0  0
   -1.0186    5.4788   -3.9403  N  0  0  0  0  0
   -1.3171    6.1426   -2.6891  C  0  0  0  0  0
   -0.1739    6.8016   -2.1611  O  0  0  0  0  0
    0.9242    5.9737   -1.7370  C  0  0  0  0  0
  1 14  1  0  0  0
  1  9  1  0  0  0
  1  2  2  0  0  0
  2  3  1  0  0  0
  3  8  2  0  0  0
  3  4  1  0  0  0
  4  5  2  0  0  0
  5  6  1  0  0  0
  6  7  2  0  0  0
  7  8  1  0  0  0
  8  9  1  0  0  0
  9 10  1  0  0  0
 10 11  1  0  0  0
 11 12  1  0  0  0
 12 13  1  0  0  0
 13 14  1  0  0  0
M  END
$$$$
c12n[c]3[c]([n]1CNCOC2)cccc3
  -ISIS-

 14 16  0  0  0  0  0  0  0  0  1
    1.7984    5.6075   -2.9208  C  0  0  0  0  0
    3.0482    5.1813   -2.8346  N  0  0  0  0  0
    3.4679    4.9641   -4.1201  C  0  0  0  0  0
    4.7134    4.5167   -4.5844  C  0  0  0  0  0
    4.9089    4.3745   -5.9628  C  0  0  0  0  0
    3.8839    4.6729   -6.8611  C  0  0  0  0  0
    2.6340    5.1199   -6.4156  C  0  0  0  0  0
    2.4582    5.2532   -5.0315  C  0  0  0  0  0
    1.4015    5.6463   -4.2419  N  0  0  0  0  0
    0.0840    6.0449   -4.7109  C  0  0  0  0  0
   -1.0186    5.4788   -3.9403  N  0  0  0  0  0
   -1.3171    6.1426   -2.6891  C  0  0  0  0  0
   -0.1739    6.8016   -2.1611  O  0  0  0  0  0
    0.9242    5.9737   -1.7370  C  0  0  0  0  0
  1 14  1  0  0  0
  1  9  1  0  0  0
  1  2  2  0  0  0
  2  3  1  0  0  0
  3  8  2  0  0  0
  3  4  1  0  0  0
  4  5  2  0  0  0
  5  6  1  0  0  0
  6  7  2  0  0  0
  7  8  1  0  0  0
  8  9  1  0  0  0
  9 10  1  0  0  0
 10 11  1  0  0  0
 11 12  1  0  0  0
 12 13  1  0  0  0
 13 14  1  0  0  0
M  END
$$$$
c12n[c]3[c]([n]1CNCOC2)cccc3
  -ISIS-

 14 16  0  0  0  0  0  0  0  0  1
    7.4691    3.4388   -1.9375  C  0  0  0  0  0
    8.6334    3.5414   -1.3176  N  0  0  0  0  0
    9.4467    2.5887   -1.8672  C  0  0  0  0  0
   10.7742    2.2648   -1.5506  C  0  0  0  0  0
   11.4093    1.2434   -2.2654  C  0  0  0  0  0
   10.7347    0.5593   -3.2766  C  0  0  0  0  0
    9.4105    0.8721   -3.6079  C  0  0  0  0  0
    8.7908    1.8977   -2.8794  C  0  0  0  0  0
    7.5388    2.4761   -2.9233  N  0  0  0  0  0
    6.5146    2.2014   -3.9261  C  0  0  0  0  0
    5.1805    1.9103   -3.4045  N  0  0  0  0  0
    4.4894    3.0545   -2.8220  C  0  0  0  0  0
    5.0886    3.4484   -1.6039  O  0  0  0  0  0
    6.2506    4.2809   -1.6418  C  0  0  0  0  0
  1 14  1  0  0  0
  1  9  1  0  0  0
  1  2  2  0  0  0
  2  3  1  0  0  0
  3  8  2  0  0  0
  3  4  1  0  0  0
  4  5  2  0  0  0
  5  6  1  0  0  0
  6  7  2  0  0  0
  7  8  1  0  0  0
  8  9  1  0  0  0
  9 10  1  0  0  0
 10 11  1  0  0  0
 11 12  1  0  0  0
 12 13  1  0  0  0
 13 14  1  0  0  0
M  END
$$$$
c12n[c]3[c]([n]1CNCOC2)cccc3
  -ISIS-

 14 16  0  0  0  0  0  0  0  0  1
    7.4691    3.4388   -1.9375  C  0  0  0  0  0
    8.6334    3.5414   -1.3176  N  0  0  0  0  0
    9.4467    2.5887   -1.8672  C  0  0  0  0  0
   10.7742    2.2648   -1.5506  C  0  0  0  0  0
   11.4093    1.2434   -2.2654  C  0  0  0  0  0
   10.7347    0.5593   -3.2766  C  0  0  0  0  0
    9.4105    0.8721   -3.6079  C  0  0  0  0  0
    8.7908    1.8977   -2.8794  C  0  0  0  0  0
    7.5388    2.4761   -2.9233  N  0  0  0  0  0
    6.5146    2.2014   -3.9261  C  0  0  0  0  0
    5.1805    1.9103   -3.4045  N  0  0  0  0  0
    4.4894    3.0545   -2.8220  C  0  0  0  0  0
    5.0886    3.4484   -1.6039  O  0  0  0  0  0
    6.2506    4.2809   -1.6418  C  0  0  0  0  0
  1 14  1  0  0  0
  1  9  1  0  0  0
  1  2  2  0  0  0
  2  3  1  0  0  0
  3  8  2  0  0  0
  3  4  1  0  0  0
  4  5  2  0  0  0
  5  6  1  0  0  0
  6  7  2  0  0  0
  7  8  1  0  0  0
  8  9  1  0  0  0
  9 10  1  0  0  0
 10 11  1  0  0  0
 11 12  1  0  0  0
 12 13  1  0  0  0
 13 14  1  0  0  0
M  END
$$$$
c12n[c]3[c]([n]1CNCOC2)cccc3
  -ISIS-

 14 16  0  0  0  0  0  0  0  0  1
    0.7047   -1.1482   -5.1614  C  0  0  0  0  0
    0.1161   -0.1334   -5.7698  N  0  0  0  0  0
   -0.9013    0.2674   -4.9427  C  0  0  0  0  0
   -1.8413    1.2927   -5.1232  C  0  0  0  0  0
   -2.8071    1.5046   -4.1328  C  0  0  0  0  0
   -2.8372    0.7096   -2.9864  C  0  0  0  0  0
   -1.9047   -0.3157   -2.7878  C  0  0  0  0  0
   -0.9426   -0.5071   -3.7879  C  0  0  0  0  0
    0.1057   -1.3834   -3.9393  N  0  0  0  0  0
    0.5121   -2.4237   -3.0011  C  0  0  0  0  0
    0.3562   -3.7915   -3.5159  N  0  0  0  0  0
    0.8797   -3.9921   -4.8619  C  0  0  0  0  0
    2.0474   -3.1978   -5.0335  O  0  0  0  0  0
    1.8664   -1.9451   -5.7202  C  0  0  0  0  0
  1 14  1  0  0  0
  1  9  1  0  0  0
  1  2  2  0  0  0
  2  3  1  0  0  0
  3  8  2  0  0  0
  3  4  1  0  0  0
  4  5  2  0  0  0
  5  6  1  0  0  0
  6  7  2  0  0  0
  7  8  1  0  0  0
  8  9  1  0  0  0
  9 10  1  0  0  0
 10 11  1  0  0  0
 11 12  1  0  0  0
 12 13  1  0  0  0
 13 14  1  0  0  0
M  END
$$$$
c12n[c]3[c]([n]1CNCOC2)cccc3
  -ISIS-

 14 16  0  0  0  0  0  0  0  0  1
    0.7047   -1.1482   -5.1614  C  0  0  0  0  0
    0.1161   -0.1334   -5.7698  N  0  0  0  0  0
   -0.9013    0.2674   -4.9427  C  0  0  0  0  0
   -1.8413    1.2927   -5.1232  C  0  0  0  0  0
   -2.8071    1.5046   -4.1328  C  0  0  0  0  0
   -2.8372    0.7096   -2.9864  C  0  0  0  0  0
   -1.9047   -0.3157   -2.7878  C  0  0  0  0  0
   -0.9426   -0.5071   -3.7879  C  0  0  0  0  0
    0.1057   -1.3834   -3.9393  N  0  0  0  0  0
    0.5121   -2.4237   -3.0011  C  0  0  0  0  0
    0.3562   -3.7915   -3.5159  N  0  0  0  0  0
    0.8797   -3.9921   -4.8619  C  0  0  0  0  0
    2.0474   -3.1978   -5.0335  O  0  0  0  0  0
    1.8664   -1.9451   -5.7202  C  0  0  0  0  0
  1 14  1  0  0  0
  1  9  1  0  0  0
  1  2  2  0  0  0
  2  3  1  0  0  0
  3  8  2  0  0  0
  3  4  1  0  0  0
  4  5  2  0  0  0
  5  6  1  0  0  0
  6  7  2  0  0  0
  7  8  1  0  0  0
  8  9  1  0  0  0
  9 10  1  0  0  0
 10 11  1  0  0  0
 11 12  1  0  0  0
 12 13  1  0  0  0
 13 14  1  0  0  0
M  END
$$$$
