c12n[c]3[c]([n]1CCCSC2)cccc3
  -ISIS-

 14 16  0  0  0  0  0  0  0  0  1
   -4.6263    0.6224    2.1672  N  0  0  0  0  0
   -3.6294    1.5931    1.7529  C  0  0  0  0  0
   -3.7281    2.1630    0.3333  C  0  0  0  0  0
   -3.1529    1.2688   -0.7740  C  0  0  0  0  0
   -3.4224   -0.5246   -0.6182  S  0  0  0  0  0
   -5.1501   -0.5100   -0.0718  C  0  0  0  0  0
   -5.3013   -0.3062    1.4000  C  0  0  0  0  0
   -6.1428   -0.9989    2.1476  N  0  0  0  0  0
   -5.9864   -0.5442    3.4269  C  0  0  0  0  0
   -5.0358    0.4676    3.4797  C  0  0  0  0  0
   -4.6759    1.0950    4.6812  C  0  0  0  0  0
   -5.3245    0.6688    5.8468  C  0  0  0  0  0
   -6.2874   -0.3400    5.8116  C  0  0  0  0  0
   -6.6283   -0.9578    4.6033  C  0  0  0  0  0
  1 10  1  0  0  0
  1  7  1  0  0  0
  1  2  1  0  0  0
  2  3  1  0  0  0
  3  4  1  0  0  0
  4  5  1  0  0  0
  5  6  1  0  0  0
  6  7  1  0  0  0
  7  8  2  0  0  0
  8  9  1  0  0  0
  9 14  2  0  0  0
  9 10  1  0  0  0
 10 11  2  0  0  0
 11 12  1  0  0  0
 12 13  2  0  0  0
 13 14  1  0  0  0
M  END
$$$$
c12n[c]3[c]([n]1CCCSC2)cccc3
  -ISIS-

 14 16  0  0  0  0  0  0  0  0  1
    0.0382    4.0137    2.7933  N  0  0  0  0  0
   -1.0771    3.2185    2.6718  C  0  0  0  0  0
   -1.4451    2.9525    3.9878  C  0  0  0  0  0
   -0.5891    3.5587    4.8700  N  0  0  0  0  0
    0.3092    4.1823    4.1330  C  0  0  0  0  0
    1.4623    4.9709    4.6501  C  0  0  0  0  0
    3.0522    4.1677    4.2791  S  0  0  0  0  0
    3.2323    4.6114    2.5230  C  0  0  0  0  0
    2.2071    3.9751    1.5751  C  0  0  0  0  0
    0.8077    4.5815    1.7079  C  0  0  0  0  0
   -2.5683    2.1531    4.2457  C  0  0  0  0  0
   -3.2939    1.6395    3.1650  C  0  0  0  0  0
   -2.9084    1.9172    1.8530  C  0  0  0  0  0
   -1.7904    2.7138    1.5764  C  0  0  0  0  0
  1  5  1  0  0  0
  1 10  1  0  0  0
  1  2  1  0  0  0
  2 14  2  0  0  0
  2  3  1  0  0  0
  3  4  1  0  0  0
  3 11  2  0  0  0
  4  5  2  0  0  0
  5  6  1  0  0  0
  6  7  1  0  0  0
  7  8  1  0  0  0
  8  9  1  0  0  0
  9 10  1  0  0  0
 11 12  1  0  0  0
 12 13  2  0  0  0
 13 14  1  0  0  0
M  END
$$$$
