C12OC(C3C(C4C(CC3)CCC4)C1)CCCC=2
  -ISIS-

 17 20  0  0  0  0  0  0  0  0  1
    0.7865   -3.8406   -1.4245  C  0  0  0  0  0
    2.0665   -4.1988   -0.7142  C  0  0  0  0  0
    2.9713   -5.0927   -1.1367  C  0  0  0  0  0
    4.4107   -5.1298   -0.6818  C  0  0  0  0  0
    4.9445   -3.8783    0.0648  C  0  0  0  0  0
    4.5196   -2.5333   -0.5624  C  0  0  0  0  0
    3.0249   -2.1648   -0.2972  C  0  0  0  0  0
    2.2648   -1.7365   -1.6154  C  0  0  0  0  0
    2.3763   -0.2380   -1.9629  C  0  0  0  0  0
    1.5897    0.1354   -3.2291  C  0  0  0  0  0
    0.1224   -0.3198   -3.1422  C  0  0  0  0  0
    0.1087   -1.8499   -2.9228  C  0  0  0  0  0
    0.7849   -2.2818   -1.6115  C  0  0  0  0  0
   -1.3478   -2.2301   -3.1590  C  0  0  0  0  0
   -1.8243   -1.2686   -4.2622  C  0  0  0  0  0
   -0.7126   -0.2097   -4.4426  C  0  0  0  0  0
    2.3791   -3.3150    0.2895  O  0  0  0  0  0
  1 13  1  0  0  0
  1  2  1  0  0  0
  2 17  1  0  0  0
  2  3  2  0  0  0
  3  4  1  0  0  0
  4  5  1  0  0  0
  5  6  1  0  0  0
  6  7  1  0  0  0
  7  8  1  0  0  0
  7 17  1  0  0  0
  8 13  1  0  0  0
  8  9  1  0  0  0
  9 10  1  0  0  0
 10 11  1  0  0  0
 11 16  1  0  0  0
 11 12  1  0  0  0
 12 13  1  0  0  0
 12 14  1  0  0  0
 14 15  1  0  0  0
 15 16  1  0  0  0
M  END
$$$$
