C12Oc3c(C1Cc4c(nnc4)C=2)cccc3
  -ISIS-

 16 19  0  0  0  0  0  0  0  0  1
    7.1743   -8.5137   -2.1882  C  0  0  0  0  0
    6.1010   -7.6274   -2.8446  C  0  0  0  0  0
    4.7320   -7.9448   -2.4736  C  0  0  0  0  0
    4.4273   -9.1393   -1.8472  C  0  0  0  0  0
    5.3327  -10.2136   -1.6624  C  0  0  0  0  0
    6.6228   -9.9110   -1.8907  C  0  0  0  0  0
    7.5832  -10.8811   -2.1559  O  0  0  0  0  0
    8.5721  -10.2695   -2.9031  C  0  0  0  0  0
    8.3515   -8.8906   -3.0441  C  0  0  0  0  0
    9.2158   -8.1279   -3.8110  C  0  0  0  0  0
   10.3234   -8.7365   -4.4322  C  0  0  0  0  0
   10.5403  -10.1255   -4.2418  C  0  0  0  0  0
    9.6490  -10.9089   -3.4917  C  0  0  0  0  0
    3.0651   -9.1212   -1.5852  N  0  0  0  0  0
    2.4923   -8.0254   -2.1738  N  0  0  0  0  0
    3.5033   -7.2998   -2.6651  C  0  0  0  0  0
  1  9  1  0  0  0
  1  6  1  0  0  0
  1  2  1  0  0  0
  2  3  1  0  0  0
  3 16  1  0  0  0
  3  4  2  0  0  0
  4  5  1  0  0  0
  4 14  1  0  0  0
  5  6  2  0  0  0
  6  7  1  0  0  0
  7  8  1  0  0  0
  8 13  2  0  0  0
  8  9  1  0  0  0
  9 10  2  0  0  0
 10 11  1  0  0  0
 11 12  2  0  0  0
 12 13  1  0  0  0
 14 15  1  0  0  0
 15 16  2  0  0  0
M  END
$$$$
