C1=CCCCCCCCC=CC1
  -ISIS-

 12 12  0  0  0  0  0  0  0  0  1
   -0.6479   -0.3587   -4.1932  C  0  0  0  0  0
    0.6931   -0.2860   -4.2740  C  0  0  0  0  0
    1.6318    0.2842   -3.2455  C  0  0  0  0  0
    2.4995    1.4448   -3.7558  C  0  0  0  0  0
    1.8588    2.8329   -3.6289  C  0  0  0  0  0
    0.9110    3.1981   -4.7733  C  0  0  0  0  0
    0.2262    4.5550   -4.5505  C  0  0  0  0  0
   -1.2802    4.4976   -4.2490  C  0  0  0  0  0
   -1.6638    4.0754   -2.8196  C  0  0  0  0  0
   -1.4616    2.6219   -2.4660  C  0  0  0  0  0
   -1.8247    1.6081   -3.2650  C  0  0  0  0  0
   -1.4981    0.1574   -3.0502  C  0  0  0  0  0
  1 12  1  0  0  0
  1  2  2  0  0  0
  2  3  1  0  0  0
  3  4  1  0  0  0
  4  5  1  0  0  0
  5  6  1  0  0  0
  6  7  1  0  0  0
  7  8  1  0  0  0
  8  9  1  0  0  0
  9 10  1  0  0  0
 10 11  2  0  0  0
 11 12  1  0  0  0
M  END
$$$$
C1=CCCCCCCCC=CC1
  -ISIS-

 12 12  0  0  0  0  0  0  0  0  1
   -0.6479   -0.3587   -4.1932  C  0  0  0  0  0
    0.6931   -0.2860   -4.2740  C  0  0  0  0  0
    1.6318    0.2842   -3.2455  C  0  0  0  0  0
    2.4995    1.4448   -3.7558  C  0  0  0  0  0
    1.8588    2.8329   -3.6289  C  0  0  0  0  0
    0.9110    3.1981   -4.7733  C  0  0  0  0  0
    0.2262    4.5550   -4.5505  C  0  0  0  0  0
   -1.2802    4.4976   -4.2490  C  0  0  0  0  0
   -1.6638    4.0754   -2.8196  C  0  0  0  0  0
   -1.4616    2.6219   -2.4660  C  0  0  0  0  0
   -1.8247    1.6081   -3.2650  C  0  0  0  0  0
   -1.4981    0.1574   -3.0502  C  0  0  0  0  0
  1 12  1  0  0  0
  1  2  2  0  0  0
  2  3  1  0  0  0
  3  4  1  0  0  0
  4  5  1  0  0  0
  5  6  1  0  0  0
  6  7  1  0  0  0
  7  8  1  0  0  0
  8  9  1  0  0  0
  9 10  1  0  0  0
 10 11  2  0  0  0
 11 12  1  0  0  0
M  END
$$$$
