C1=CC2C3C(C1C2)C4C5C(C3C4)CCC5
  -ISIS-

 15 19  0  0  0  0  0  0  0  0  1
   -1.1328    3.7758    6.2030  C  0  0  0  0  0
   -0.0243    3.5334    5.1309  C  0  0  0  0  0
   -0.6188    4.1961    3.8513  C  0  0  0  0  0
   -0.7024    5.7313    4.0018  C  0  0  0  0  0
   -1.8690    5.9167    5.0265  C  0  0  0  0  0
   -2.2654    4.4544    5.3623  C  0  0  0  0  0
   -2.0666    3.7111    4.0283  C  0  0  0  0  0
   -2.8219    6.8969    4.2861  C  0  0  0  0  0
   -1.7716    7.8065    3.6175  C  0  0  0  0  0
   -1.1396    6.6470    2.8231  C  0  0  0  0  0
   -2.3979    6.1703    2.1475  C  0  0  0  0  0
   -3.4048    6.3208    3.0233  C  0  0  0  0  0
    1.2983    4.0477    5.6944  C  0  0  0  0  0
    0.9877    4.9837    6.8537  C  0  0  0  0  0
   -0.4319    4.6516    7.2131  C  0  0  0  0  0
  1  6  1  0  0  0
  1 15  1  0  0  0
  1  2  1  0  0  0
  2  3  1  0  0  0
  2 13  1  0  0  0
  3  7  1  0  0  0
  3  4  1  0  0  0
  4 10  1  0  0  0
  4  5  1  0  0  0
  5  6  1  0  0  0
  5  8  1  0  0  0
  6  7  1  0  0  0
  8 12  1  0  0  0
  8  9  1  0  0  0
  9 10  1  0  0  0
 10 11  1  0  0  0
 11 12  2  0  0  0
 13 14  1  0  0  0
 14 15  1  0  0  0
M  END
$$$$
