C1=CCC2C(C1)CNNC2
  -ISIS-

 10 11  0  0  0  0  0  0  0  0  1
   -4.5533    2.0147    4.9969  N  0  0  0  0  0
   -5.5213    2.9777    4.6533  N  0  0  0  0  0
   -5.6578    3.4935    3.3975  C  0  0  0  0  0
   -4.6093    3.0749    2.4082  C  0  0  0  0  0
   -4.9644    1.7526    1.7194  C  0  0  0  0  0
   -3.7840    1.1282    1.0099  C  0  0  0  0  0
   -2.5281    1.5911    1.1592  C  0  0  0  0  0
   -2.1666    2.7447    2.0686  C  0  0  0  0  0
   -3.2584    3.0107    3.1342  C  0  0  0  0  0
   -3.3410    1.9768    4.2719  C  0  0  0  0  0
  1 10  1  0  0  0
  1  2  1  0  0  0
  2  3  1  0  0  0
  3  4  1  0  0  0
  4  9  1  0  0  0
  4  5  1  0  0  0
  5  6  1  0  0  0
  6  7  2  0  0  0
  7  8  1  0  0  0
  8  9  1  0  0  0
  9 10  1  0  0  0
M  END
$$$$
