C1=CNNC2C1C2
  -ISIS-

  7  8  0  0  0  0  0  0  0  0  1
    4.1675    2.7438   -1.6776  C  0  0  0  0  0
    2.9420    1.9879   -1.3840  C  0  0  0  0  0
    2.5093    0.6259   -1.0570  C  0  0  0  0  0
    2.0540   -0.1818   -2.0401  C  0  0  0  0  0
    2.1316    0.1929   -3.3894  N  0  0  0  0  0
    2.8390    1.4358   -3.7106  N  0  0  0  0  0
    3.8290    1.7364   -2.7041  C  0  0  0  0  0
  1  7  1  0  0  0
  1  2  1  0  0  0
  2  7  1  0  0  0
  2  3  1  0  0  0
  3  4  2  0  0  0
  4  5  1  0  0  0
  5  6  1  0  0  0
  6  7  1  0  0  0
M  END
$$$$
C1=CNNC2C1C2
  -ISIS-

  7  8  0  0  0  0  0  0  0  0  1
    4.1675    2.7438   -1.6776  C  0  0  0  0  0
    2.9420    1.9879   -1.3840  C  0  0  0  0  0
    2.5093    0.6259   -1.0570  C  0  0  0  0  0
    2.0540   -0.1818   -2.0401  C  0  0  0  0  0
    2.1316    0.1929   -3.3894  N  0  0  0  0  0
    2.8390    1.4358   -3.7106  N  0  0  0  0  0
    3.8290    1.7364   -2.7041  C  0  0  0  0  0
  1  7  1  0  0  0
  1  2  1  0  0  0
  2  7  1  0  0  0
  2  3  1  0  0  0
  3  4  2  0  0  0
  4  5  1  0  0  0
  5  6  1  0  0  0
  6  7  1  0  0  0
M  END
$$$$
C1=CNNC2C1C2
  -ISIS-

  7  8  0  0  0  0  0  0  0  0  1
    4.1675    2.7438   -1.6776  C  0  0  0  0  0
    2.9420    1.9879   -1.3840  C  0  0  0  0  0
    2.5093    0.6259   -1.0570  C  0  0  0  0  0
    2.0540   -0.1818   -2.0401  C  0  0  0  0  0
    2.1316    0.1929   -3.3894  N  0  0  0  0  0
    2.8390    1.4358   -3.7106  N  0  0  0  0  0
    3.8290    1.7364   -2.7041  C  0  0  0  0  0
  1  7  1  0  0  0
  1  2  1  0  0  0
  2  7  1  0  0  0
  2  3  1  0  0  0
  3  4  2  0  0  0
  4  5  1  0  0  0
  5  6  1  0  0  0
  6  7  1  0  0  0
M  END
$$$$
C1=CNNC2C1C2
  -ISIS-

  7  8  0  0  0  0  0  0  0  0  1
    3.7585    3.6671   -4.8972  C  0  0  0  0  0
    3.8320    4.7112   -3.8547  C  0  0  0  0  0
    4.7448    5.7418   -3.3517  C  0  0  0  0  0
    5.4525    5.4715   -2.2322  C  0  0  0  0  0
    5.4336    4.1877   -1.6631  N  0  0  0  0  0
    4.9840    3.0354   -2.5172  N  0  0  0  0  0
    4.8221    3.4783   -3.8970  C  0  0  0  0  0
  1  7  1  0  0  0
  1  2  1  0  0  0
  2  7  1  0  0  0
  2  3  1  0  0  0
  3  4  2  0  0  0
  4  5  1  0  0  0
  5  6  1  0  0  0
  6  7  1  0  0  0
M  END
$$$$
C1=CNNC2C1C2
  -ISIS-

  7  8  0  0  0  0  0  0  0  0  1
    3.7585    3.6671   -4.8972  C  0  0  0  0  0
    3.8320    4.7112   -3.8547  C  0  0  0  0  0
    4.7448    5.7418   -3.3517  C  0  0  0  0  0
    5.4525    5.4715   -2.2322  C  0  0  0  0  0
    5.4336    4.1877   -1.6631  N  0  0  0  0  0
    4.9840    3.0354   -2.5172  N  0  0  0  0  0
    4.8221    3.4783   -3.8970  C  0  0  0  0  0
  1  7  1  0  0  0
  1  2  1  0  0  0
  2  7  1  0  0  0
  2  3  1  0  0  0
  3  4  2  0  0  0
  4  5  1  0  0  0
  5  6  1  0  0  0
  6  7  1  0  0  0
M  END
$$$$
C1=CNNC2C1C2
  -ISIS-

  7  8  0  0  0  0  0  0  0  0  1
    3.7585    3.6671   -4.8972  C  0  0  0  0  0
    3.8320    4.7112   -3.8547  C  0  0  0  0  0
    4.7448    5.7418   -3.3517  C  0  0  0  0  0
    5.4525    5.4715   -2.2322  C  0  0  0  0  0
    5.4336    4.1877   -1.6631  N  0  0  0  0  0
    4.9840    3.0354   -2.5172  N  0  0  0  0  0
    4.8221    3.4783   -3.8970  C  0  0  0  0  0
  1  7  1  0  0  0
  1  2  1  0  0  0
  2  7  1  0  0  0
  2  3  1  0  0  0
  3  4  2  0  0  0
  4  5  1  0  0  0
  5  6  1  0  0  0
  6  7  1  0  0  0
M  END
$$$$
