C1=CC2C3C(C1C2)CC=CC3
  -ISIS-

 11 13  0  0  0  0  0  0  0  0  1
   -1.3230   -2.7536    3.5298  C  0  0  0  0  0
   -0.5607   -3.7834    4.2980  C  0  0  0  0  0
   -1.2639   -4.6099    5.3485  C  0  0  0  0  0
   -1.2965   -6.1017    4.9242  C  0  0  0  0  0
   -1.6830   -6.9100    6.1442  C  0  0  0  0  0
   -2.9717   -6.6421    6.4057  C  0  0  0  0  0
   -3.4448   -5.6590    5.3578  C  0  0  0  0  0
   -2.7494   -4.3014    5.6374  C  0  0  0  0  0
   -3.3835   -3.2151    4.8153  C  0  0  0  0  0
   -2.6083   -2.4788    3.7889  C  0  0  0  0  0
   -2.6286   -6.1831    4.1714  C  0  0  0  0  0
  1 10  2  0  0  0
  1  2  1  0  0  0
  2  3  1  0  0  0
  3  8  1  0  0  0
  3  4  1  0  0  0
  4 11  1  0  0  0
  4  5  1  0  0  0
  5  6  2  0  0  0
  6  7  1  0  0  0
  7  8  1  0  0  0
  7 11  1  0  0  0
  8  9  1  0  0  0
  9 10  1  0  0  0
M  END
$$$$
