C1=CCCCCNCC=CCC2C1CCC2
  -ISIS-

 16 17  0  0  0  0  0  0  0  0  1
    0.5273    0.5470   -3.0872  C  0  0  0  0  0
    1.0753    1.9706   -3.3099  C  0  0  0  0  0
    2.3005    2.1362   -4.2255  C  0  0  0  0  0
    3.6344    1.5851   -3.7078  C  0  0  0  0  0
    4.0145    2.1574   -2.3724  C  0  0  0  0  0
    4.3976    1.4122   -1.3241  C  0  0  0  0  0
    4.6218    1.9054    0.0836  C  0  0  0  0  0
    3.2925    1.9975    0.8891  C  0  0  0  0  0
    2.9371    0.7423    1.7204  C  0  0  0  0  0
    2.9002   -0.5877    1.0137  C  0  0  0  0  0
    2.2033   -0.9434   -0.0778  C  0  0  0  0  0
    1.2542   -0.0640   -0.8001  C  0  0  0  0  0
    1.3307   -0.2360   -2.1616  N  0  0  0  0  0
    3.4474    3.2533    1.7768  C  0  0  0  0  0
    4.9120    3.6516    1.6703  C  0  0  0  0  0
    5.2619    3.2883    0.2371  C  0  0  0  0  0
  1 13  1  0  0  0
  1  2  1  0  0  0
  2  3  1  0  0  0
  3  4  1  0  0  0
  4  5  1  0  0  0
  5  6  2  0  0  0
  6  7  1  0  0  0
  7 16  1  0  0  0
  7  8  1  0  0  0
  8  9  1  0  0  0
  8 14  1  0  0  0
  9 10  1  0  0  0
 10 11  2  0  0  0
 11 12  1  0  0  0
 12 13  1  0  0  0
 14 15  1  0  0  0
 15 16  1  0  0  0
M  END
$$$$
