C1=CCC2C(C1)CCC2
  -ISIS-

  9 10  0  0  0  0  0  0  0  0  1
   -0.7461    1.0397    0.1582  C  0  0  0  0  0
   -0.0861    2.0642   -0.7771  C  0  0  0  0  0
   -0.1151    3.3981   -0.0133  C  0  0  0  0  0
    1.0813    4.2966   -0.3338  C  0  0  0  0  0
    1.3039    5.3485    0.7150  C  0  0  0  0  0
    1.1059    5.0762    2.0124  C  0  0  0  0  0
    0.6642    3.7107    2.4571  C  0  0  0  0  0
   -0.2947    3.0328    1.4731  C  0  0  0  0  0
   -0.2328    1.5009    1.5290  C  0  0  0  0  0
  1  9  1  0  0  0
  1  2  1  0  0  0
  2  3  1  0  0  0
  3  8  1  0  0  0
  3  4  1  0  0  0
  4  5  1  0  0  0
  5  6  2  0  0  0
  6  7  1  0  0  0
  7  8  1  0  0  0
  8  9  1  0  0  0
M  END
$$$$
C1=CCC2C(C1)CCC2
  -ISIS-

  9 10  0  0  0  0  0  0  0  0  1
   -0.4774   -0.0461    0.7360  C  0  0  0  0  0
   -0.4473    0.0662    2.2808  C  0  0  0  0  0
   -1.5741   -0.8585    2.7485  C  0  0  0  0  0
   -1.6512   -1.2060    4.2465  C  0  0  0  0  0
   -0.9139   -2.4564    4.6383  C  0  0  0  0  0
   -0.3795   -3.3184    3.7650  C  0  0  0  0  0
   -0.4161   -3.1502    2.2664  C  0  0  0  0  0
   -1.4361   -2.0669    1.8110  C  0  0  0  0  0
   -1.1549   -1.4087    0.4477  C  0  0  0  0  0
  1  9  1  0  0  0
  1  2  1  0  0  0
  2  3  1  0  0  0
  3  8  1  0  0  0
  3  4  1  0  0  0
  4  5  1  0  0  0
  5  6  2  0  0  0
  6  7  1  0  0  0
  7  8  1  0  0  0
  8  9  1  0  0  0
M  END
$$$$
C1=CCC2C(C1)CCC2
  -ISIS-

  9 10  0  0  0  0  0  0  0  0  1
   -0.4774   -0.0461    0.7360  C  0  0  0  0  0
   -0.4473    0.0662    2.2808  C  0  0  0  0  0
   -1.5741   -0.8585    2.7485  C  0  0  0  0  0
   -1.6512   -1.2060    4.2465  C  0  0  0  0  0
   -0.9139   -2.4564    4.6383  C  0  0  0  0  0
   -0.3795   -3.3184    3.7650  C  0  0  0  0  0
   -0.4161   -3.1502    2.2664  C  0  0  0  0  0
   -1.4361   -2.0669    1.8110  C  0  0  0  0  0
   -1.1549   -1.4087    0.4477  C  0  0  0  0  0
  1  9  1  0  0  0
  1  2  1  0  0  0
  2  3  1  0  0  0
  3  8  1  0  0  0
  3  4  1  0  0  0
  4  5  1  0  0  0
  5  6  2  0  0  0
  6  7  1  0  0  0
  7  8  1  0  0  0
  8  9  1  0  0  0
M  END
$$$$
C1=CCC2C(C1)CCC2
  -ISIS-

  9 10  0  0  0  0  0  0  0  0  1
   -0.4774   -0.0461    0.7360  C  0  0  0  0  0
   -0.4473    0.0662    2.2808  C  0  0  0  0  0
   -1.5741   -0.8585    2.7485  C  0  0  0  0  0
   -1.6512   -1.2060    4.2465  C  0  0  0  0  0
   -0.9139   -2.4564    4.6383  C  0  0  0  0  0
   -0.3795   -3.3184    3.7650  C  0  0  0  0  0
   -0.4161   -3.1502    2.2664  C  0  0  0  0  0
   -1.4361   -2.0669    1.8110  C  0  0  0  0  0
   -1.1549   -1.4087    0.4477  C  0  0  0  0  0
  1  9  1  0  0  0
  1  2  1  0  0  0
  2  3  1  0  0  0
  3  8  1  0  0  0
  3  4  1  0  0  0
  4  5  1  0  0  0
  5  6  2  0  0  0
  6  7  1  0  0  0
  7  8  1  0  0  0
  8  9  1  0  0  0
M  END
$$$$
C1=CCC2C(C1)CCC2
  -ISIS-

  9 10  0  0  0  0  0  0  0  0  1
    1.6406   -4.2874   -0.4626  C  0  0  0  0  0
    0.9135   -4.8384   -1.7174  C  0  0  0  0  0
    1.6442   -6.1330   -2.1012  C  0  0  0  0  0
    1.0256   -7.3631   -1.4142  C  0  0  0  0  0
    1.9747   -8.5209   -1.2886  C  0  0  0  0  0
    3.3038   -8.3920   -1.3978  C  0  0  0  0  0
    3.9880   -7.0809   -1.6615  C  0  0  0  0  0
    3.0785   -5.8511   -1.6565  C  0  0  0  0  0
    2.8769   -5.2014   -0.2835  C  0  0  0  0  0
  1  9  1  0  0  0
  1  2  1  0  0  0
  2  3  1  0  0  0
  3  8  1  0  0  0
  3  4  1  0  0  0
  4  5  1  0  0  0
  5  6  2  0  0  0
  6  7  1  0  0  0
  7  8  1  0  0  0
  8  9  1  0  0  0
M  END
$$$$
C1=CCC2C(C1)CCC2
  -ISIS-

  9 10  0  0  0  0  0  0  0  0  1
    2.7705    1.3695    4.2971  C  0  0  0  0  0
    4.2782    1.4996    4.4025  C  0  0  0  0  0
    4.9982    0.1993    4.1479  C  0  0  0  0  0
    3.8712   -0.6916    3.6400  C  0  0  0  0  0
    2.6322   -0.1693    4.3802  C  0  0  0  0  0
    1.3090   -0.7137    3.8360  C  0  0  0  0  0
    0.7553    0.0437    2.6708  C  0  0  0  0  0
    1.2101    1.2370    2.2699  C  0  0  0  0  0
    2.3333    1.9676    2.9444  C  0  0  0  0  0
  1  5  1  0  0  0
  1  9  1  0  0  0
  1  2  1  0  0  0
  2  3  1  0  0  0
  3  4  1  0  0  0
  4  5  1  0  0  0
  5  6  1  0  0  0
  6  7  1  0  0  0
  7  8  2  0  0  0
  8  9  1  0  0  0
M  END
$$$$
C1=CCC2C(C1)CCC2
  -ISIS-

  9 10  0  0  0  0  0  0  0  0  1
    2.7705    1.3695    4.2971  C  0  0  0  0  0
    4.2782    1.4996    4.4025  C  0  0  0  0  0
    4.9982    0.1993    4.1479  C  0  0  0  0  0
    3.8712   -0.6916    3.6400  C  0  0  0  0  0
    2.6322   -0.1693    4.3802  C  0  0  0  0  0
    1.3090   -0.7137    3.8360  C  0  0  0  0  0
    0.7553    0.0437    2.6708  C  0  0  0  0  0
    1.2101    1.2370    2.2699  C  0  0  0  0  0
    2.3333    1.9676    2.9444  C  0  0  0  0  0
  1  5  1  0  0  0
  1  9  1  0  0  0
  1  2  1  0  0  0
  2  3  1  0  0  0
  3  4  1  0  0  0
  4  5  1  0  0  0
  5  6  1  0  0  0
  6  7  1  0  0  0
  7  8  2  0  0  0
  8  9  1  0  0  0
M  END
$$$$
C1=CCC2C(C1)CCC2
  -ISIS-

  9 10  0  0  0  0  0  0  0  0  1
   -2.3157    7.0458    1.8195  C  0  0  0  0  0
   -1.9129    6.5389    3.1983  C  0  0  0  0  0
   -3.0452    5.5385    3.5456  C  0  0  0  0  0
   -3.6997    5.1337    2.1953  C  0  0  0  0  0
   -2.7773    5.7422    1.1443  C  0  0  0  0  0
   -3.3970    6.0135   -0.2303  C  0  0  0  0  0
   -2.5513    6.9967   -1.0111  C  0  0  0  0  0
   -1.5741    7.7463   -0.4681  C  0  0  0  0  0
   -1.2189    7.7376    1.0034  C  0  0  0  0  0
  1  5  1  0  0  0
  1  9  1  0  0  0
  1  2  1  0  0  0
  2  3  1  0  0  0
  3  4  1  0  0  0
  4  5  1  0  0  0
  5  6  1  0  0  0
  6  7  1  0  0  0
  7  8  2  0  0  0
  8  9  1  0  0  0
M  END
$$$$
C1=CCC2C(C1)CCC2
  -ISIS-

  9 10  0  0  0  0  0  0  0  0  1
   -2.3157    7.0458    1.8195  C  0  0  0  0  0
   -1.9129    6.5389    3.1983  C  0  0  0  0  0
   -3.0452    5.5385    3.5456  C  0  0  0  0  0
   -3.6997    5.1337    2.1953  C  0  0  0  0  0
   -2.7773    5.7422    1.1443  C  0  0  0  0  0
   -3.3970    6.0135   -0.2303  C  0  0  0  0  0
   -2.5513    6.9967   -1.0111  C  0  0  0  0  0
   -1.5741    7.7463   -0.4681  C  0  0  0  0  0
   -1.2189    7.7376    1.0034  C  0  0  0  0  0
  1  5  1  0  0  0
  1  9  1  0  0  0
  1  2  1  0  0  0
  2  3  1  0  0  0
  3  4  1  0  0  0
  4  5  1  0  0  0
  5  6  1  0  0  0
  6  7  1  0  0  0
  7  8  2  0  0  0
  8  9  1  0  0  0
M  END
$$$$
C1=CCC2C(C1)CCC2
  -ISIS-

  9 10  0  0  0  0  0  0  0  0  1
   -2.3157    7.0458    1.8195  C  0  0  0  0  0
   -1.9129    6.5389    3.1983  C  0  0  0  0  0
   -3.0452    5.5385    3.5456  C  0  0  0  0  0
   -3.6997    5.1337    2.1953  C  0  0  0  0  0
   -2.7773    5.7422    1.1443  C  0  0  0  0  0
   -3.3970    6.0135   -0.2303  C  0  0  0  0  0
   -2.5513    6.9967   -1.0111  C  0  0  0  0  0
   -1.5741    7.7463   -0.4681  C  0  0  0  0  0
   -1.2189    7.7376    1.0034  C  0  0  0  0  0
  1  5  1  0  0  0
  1  9  1  0  0  0
  1  2  1  0  0  0
  2  3  1  0  0  0
  3  4  1  0  0  0
  4  5  1  0  0  0
  5  6  1  0  0  0
  6  7  1  0  0  0
  7  8  2  0  0  0
  8  9  1  0  0  0
M  END
$$$$
C1=CCC2C(C1)CCC2
  -ISIS-

  9 10  0  0  0  0  0  0  0  0  1
   -0.7755   -1.6058    5.4122  C  0  0  0  0  0
    0.5524   -1.9085    4.7438  C  0  0  0  0  0
    0.7888   -3.1726    4.2971  C  0  0  0  0  0
   -0.1910   -4.3392    4.5118  C  0  0  0  0  0
   -1.2612   -4.0122    5.5566  C  0  0  0  0  0
   -2.5043   -4.9114    5.5661  C  0  0  0  0  0
   -3.5902   -4.0346    6.2231  C  0  0  0  0  0
   -3.0663   -2.5834    6.1990  C  0  0  0  0  0
   -1.8798   -2.6308    5.2325  C  0  0  0  0  0
  1  9  1  0  0  0
  1  2  1  0  0  0
  2  3  2  0  0  0
  3  4  1  0  0  0
  4  5  1  0  0  0
  5  9  1  0  0  0
  5  6  1  0  0  0
  6  7  1  0  0  0
  7  8  1  0  0  0
  8  9  1  0  0  0
M  END
$$$$
C1=CCC2C(C1)CCC2
  -ISIS-

  9 10  0  0  0  0  0  0  0  0  1
   -0.7755   -1.6058    5.4122  C  0  0  0  0  0
    0.5524   -1.9085    4.7438  C  0  0  0  0  0
    0.7888   -3.1726    4.2971  C  0  0  0  0  0
   -0.1910   -4.3392    4.5118  C  0  0  0  0  0
   -1.2612   -4.0122    5.5566  C  0  0  0  0  0
   -2.5043   -4.9114    5.5661  C  0  0  0  0  0
   -3.5902   -4.0346    6.2231  C  0  0  0  0  0
   -3.0663   -2.5834    6.1990  C  0  0  0  0  0
   -1.8798   -2.6308    5.2325  C  0  0  0  0  0
  1  9  1  0  0  0
  1  2  1  0  0  0
  2  3  2  0  0  0
  3  4  1  0  0  0
  4  5  1  0  0  0
  5  9  1  0  0  0
  5  6  1  0  0  0
  6  7  1  0  0  0
  7  8  1  0  0  0
  8  9  1  0  0  0
M  END
$$$$
C1=CCC2C(C1)CCC2
  -ISIS-

  9 10  0  0  0  0  0  0  0  0  1
   -0.7755   -1.6058    5.4122  C  0  0  0  0  0
    0.5524   -1.9085    4.7438  C  0  0  0  0  0
    0.7888   -3.1726    4.2971  C  0  0  0  0  0
   -0.1910   -4.3392    4.5118  C  0  0  0  0  0
   -1.2612   -4.0122    5.5566  C  0  0  0  0  0
   -2.5043   -4.9114    5.5661  C  0  0  0  0  0
   -3.5902   -4.0346    6.2231  C  0  0  0  0  0
   -3.0663   -2.5834    6.1990  C  0  0  0  0  0
   -1.8798   -2.6308    5.2325  C  0  0  0  0  0
  1  9  1  0  0  0
  1  2  1  0  0  0
  2  3  2  0  0  0
  3  4  1  0  0  0
  4  5  1  0  0  0
  5  9  1  0  0  0
  5  6  1  0  0  0
  6  7  1  0  0  0
  7  8  1  0  0  0
  8  9  1  0  0  0
M  END
$$$$
C1=CCC2C(C1)CCC2
  -ISIS-

  9 10  0  0  0  0  0  0  0  0  1
   -0.7755   -1.6058    5.4122  C  0  0  0  0  0
    0.5524   -1.9085    4.7438  C  0  0  0  0  0
    0.7888   -3.1726    4.2971  C  0  0  0  0  0
   -0.1910   -4.3392    4.5118  C  0  0  0  0  0
   -1.2612   -4.0122    5.5566  C  0  0  0  0  0
   -2.5043   -4.9114    5.5661  C  0  0  0  0  0
   -3.5902   -4.0346    6.2231  C  0  0  0  0  0
   -3.0663   -2.5834    6.1990  C  0  0  0  0  0
   -1.8798   -2.6308    5.2325  C  0  0  0  0  0
  1  9  1  0  0  0
  1  2  1  0  0  0
  2  3  2  0  0  0
  3  4  1  0  0  0
  4  5  1  0  0  0
  5  9  1  0  0  0
  5  6  1  0  0  0
  6  7  1  0  0  0
  7  8  1  0  0  0
  8  9  1  0  0  0
M  END
$$$$
C1=CCC2C(C1)CCC2
  -ISIS-

  9 10  0  0  0  0  0  0  0  0  1
   -0.7755   -1.6058    5.4122  C  0  0  0  0  0
    0.5524   -1.9085    4.7438  C  0  0  0  0  0
    0.7888   -3.1726    4.2971  C  0  0  0  0  0
   -0.1910   -4.3392    4.5118  C  0  0  0  0  0
   -1.2612   -4.0122    5.5566  C  0  0  0  0  0
   -2.5043   -4.9114    5.5661  C  0  0  0  0  0
   -3.5902   -4.0346    6.2231  C  0  0  0  0  0
   -3.0663   -2.5834    6.1990  C  0  0  0  0  0
   -1.8798   -2.6308    5.2325  C  0  0  0  0  0
  1  9  1  0  0  0
  1  2  1  0  0  0
  2  3  2  0  0  0
  3  4  1  0  0  0
  4  5  1  0  0  0
  5  9  1  0  0  0
  5  6  1  0  0  0
  6  7  1  0  0  0
  7  8  1  0  0  0
  8  9  1  0  0  0
M  END
$$$$
C1=CCC2C(C1)CCC2
  -ISIS-

  9 10  0  0  0  0  0  0  0  0  1
   -2.6082   -0.9472   -1.6843  C  0  0  0  0  0
   -1.1313   -0.7163   -1.2068  C  0  0  0  0  0
   -0.7825   -1.5147    0.0628  C  0  0  0  0  0
   -1.7864   -2.4737    0.6405  C  0  0  0  0  0
   -2.8238   -2.8848   -0.0971  C  0  0  0  0  0
   -3.0831   -2.3980   -1.4834  C  0  0  0  0  0
   -0.3134   -1.2888   -2.3880  C  0  0  0  0  0
   -1.0265   -0.8037   -3.6425  C  0  0  0  0  0
   -2.4621   -0.7509   -3.1884  C  0  0  0  0  0
  1  6  1  0  0  0
  1  9  1  0  0  0
  1  2  1  0  0  0
  2  3  1  0  0  0
  2  7  1  0  0  0
  3  4  1  0  0  0
  4  5  2  0  0  0
  5  6  1  0  0  0
  7  8  1  0  0  0
  8  9  1  0  0  0
M  END
$$$$
C1=CCC2C(C1)CCC2
  -ISIS-

  9 10  0  0  0  0  0  0  0  0  1
   -2.6082   -0.9472   -1.6843  C  0  0  0  0  0
   -1.1313   -0.7163   -1.2068  C  0  0  0  0  0
   -0.7825   -1.5147    0.0628  C  0  0  0  0  0
   -1.7864   -2.4737    0.6405  C  0  0  0  0  0
   -2.8238   -2.8848   -0.0971  C  0  0  0  0  0
   -3.0831   -2.3980   -1.4834  C  0  0  0  0  0
   -0.3134   -1.2888   -2.3880  C  0  0  0  0  0
   -1.0265   -0.8037   -3.6425  C  0  0  0  0  0
   -2.4621   -0.7509   -3.1884  C  0  0  0  0  0
  1  6  1  0  0  0
  1  9  1  0  0  0
  1  2  1  0  0  0
  2  3  1  0  0  0
  2  7  1  0  0  0
  3  4  1  0  0  0
  4  5  2  0  0  0
  5  6  1  0  0  0
  7  8  1  0  0  0
  8  9  1  0  0  0
M  END
$$$$
C1=CCC2C(C1)CCC2
  -ISIS-

  9 10  0  0  0  0  0  0  0  0  1
   -2.6082   -0.9472   -1.6843  C  0  0  0  0  0
   -1.1313   -0.7163   -1.2068  C  0  0  0  0  0
   -0.7825   -1.5147    0.0628  C  0  0  0  0  0
   -1.7864   -2.4737    0.6405  C  0  0  0  0  0
   -2.8238   -2.8848   -0.0971  C  0  0  0  0  0
   -3.0831   -2.3980   -1.4834  C  0  0  0  0  0
   -0.3134   -1.2888   -2.3880  C  0  0  0  0  0
   -1.0265   -0.8037   -3.6425  C  0  0  0  0  0
   -2.4621   -0.7509   -3.1884  C  0  0  0  0  0
  1  6  1  0  0  0
  1  9  1  0  0  0
  1  2  1  0  0  0
  2  3  1  0  0  0
  2  7  1  0  0  0
  3  4  1  0  0  0
  4  5  2  0  0  0
  5  6  1  0  0  0
  7  8  1  0  0  0
  8  9  1  0  0  0
M  END
$$$$
C1=CCC2C(C1)CCC2
  -ISIS-

  9 10  0  0  0  0  0  0  0  0  1
   -2.6082   -0.9472   -1.6843  C  0  0  0  0  0
   -1.1313   -0.7163   -1.2068  C  0  0  0  0  0
   -0.7825   -1.5147    0.0628  C  0  0  0  0  0
   -1.7864   -2.4737    0.6405  C  0  0  0  0  0
   -2.8238   -2.8848   -0.0971  C  0  0  0  0  0
   -3.0831   -2.3980   -1.4834  C  0  0  0  0  0
   -0.3134   -1.2888   -2.3880  C  0  0  0  0  0
   -1.0265   -0.8037   -3.6425  C  0  0  0  0  0
   -2.4621   -0.7509   -3.1884  C  0  0  0  0  0
  1  6  1  0  0  0
  1  9  1  0  0  0
  1  2  1  0  0  0
  2  3  1  0  0  0
  2  7  1  0  0  0
  3  4  1  0  0  0
  4  5  2  0  0  0
  5  6  1  0  0  0
  7  8  1  0  0  0
  8  9  1  0  0  0
M  END
$$$$
C1=CCC2C(C1)CCC2
  -ISIS-

  9 10  0  0  0  0  0  0  0  0  1
   -2.6082   -0.9472   -1.6843  C  0  0  0  0  0
   -1.1313   -0.7163   -1.2068  C  0  0  0  0  0
   -0.7825   -1.5147    0.0628  C  0  0  0  0  0
   -1.7864   -2.4737    0.6405  C  0  0  0  0  0
   -2.8238   -2.8848   -0.0971  C  0  0  0  0  0
   -3.0831   -2.3980   -1.4834  C  0  0  0  0  0
   -0.3134   -1.2888   -2.3880  C  0  0  0  0  0
   -1.0265   -0.8037   -3.6425  C  0  0  0  0  0
   -2.4621   -0.7509   -3.1884  C  0  0  0  0  0
  1  6  1  0  0  0
  1  9  1  0  0  0
  1  2  1  0  0  0
  2  3  1  0  0  0
  2  7  1  0  0  0
  3  4  1  0  0  0
  4  5  2  0  0  0
  5  6  1  0  0  0
  7  8  1  0  0  0
  8  9  1  0  0  0
M  END
$$$$
