C1=CCCC2C1C2
  -ISIS-

  7  8  0  0  0  0  0  0  0  0  1
   -5.0732   -4.5126   -6.0125  C  0  0  0  0  0
   -5.2333   -3.0543   -5.8291  C  0  0  0  0  0
   -4.4104   -1.8813   -5.5416  C  0  0  0  0  0
   -4.5167   -1.3045   -4.3240  C  0  0  0  0  0
   -5.3808   -1.9483   -3.2227  C  0  0  0  0  0
   -5.8200   -3.4392   -3.5206  C  0  0  0  0  0
   -4.9504   -3.9802   -4.6135  C  0  0  0  0  0
  1  7  1  0  0  0
  1  2  1  0  0  0
  2  7  1  0  0  0
  2  3  1  0  0  0
  3  4  2  0  0  0
  4  5  1  0  0  0
  5  6  1  0  0  0
  6  7  1  0  0  0
M  END
$$$$
C1=CCCC2C1C2
  -ISIS-

  7  8  0  0  0  0  0  0  0  0  1
   -5.0732   -4.5126   -6.0125  C  0  0  0  0  0
   -5.2333   -3.0543   -5.8291  C  0  0  0  0  0
   -4.4104   -1.8813   -5.5416  C  0  0  0  0  0
   -4.5167   -1.3045   -4.3240  C  0  0  0  0  0
   -5.3808   -1.9483   -3.2227  C  0  0  0  0  0
   -5.8200   -3.4392   -3.5206  C  0  0  0  0  0
   -4.9504   -3.9802   -4.6135  C  0  0  0  0  0
  1  7  1  0  0  0
  1  2  1  0  0  0
  2  7  1  0  0  0
  2  3  1  0  0  0
  3  4  2  0  0  0
  4  5  1  0  0  0
  5  6  1  0  0  0
  6  7  1  0  0  0
M  END
$$$$
C1=CCCC2C1C2
  -ISIS-

  7  8  0  0  0  0  0  0  0  0  1
    3.8223   -7.8417    0.1122  C  0  0  0  0  0
    4.0319   -6.2921    0.2087  C  0  0  0  0  0
    3.5393   -5.4963   -1.0043  C  0  0  0  0  0
    2.8424   -6.0898   -2.0010  C  0  0  0  0  0
    2.4501   -7.4942   -1.8235  C  0  0  0  0  0
    3.7590   -8.1858   -1.3408  C  0  0  0  0  0
    2.8253   -8.8339   -2.3341  C  0  0  0  0  0
  1  6  1  0  0  0
  1  2  1  0  0  0
  2  3  1  0  0  0
  3  4  2  0  0  0
  4  5  1  0  0  0
  5  7  1  0  0  0
  5  6  1  0  0  0
  6  7  1  0  0  0
M  END
$$$$
C1=CCCC2C1C2
  -ISIS-

  7  8  0  0  0  0  0  0  0  0  1
    3.8223   -7.8417    0.1122  C  0  0  0  0  0
    4.0319   -6.2921    0.2087  C  0  0  0  0  0
    3.5393   -5.4963   -1.0043  C  0  0  0  0  0
    2.8424   -6.0898   -2.0010  C  0  0  0  0  0
    2.4501   -7.4942   -1.8235  C  0  0  0  0  0
    3.7590   -8.1858   -1.3408  C  0  0  0  0  0
    2.8253   -8.8339   -2.3341  C  0  0  0  0  0
  1  6  1  0  0  0
  1  2  1  0  0  0
  2  3  1  0  0  0
  3  4  2  0  0  0
  4  5  1  0  0  0
  5  7  1  0  0  0
  5  6  1  0  0  0
  6  7  1  0  0  0
M  END
$$$$
