C1=CCNCCN1
  -ISIS-

  7  7  0  0  0  0  0  0  0  0  1
    4.5802    2.9198    1.8011  N  0  0  0  0  0
    3.3892    2.0763    1.6334  C  0  0  0  0  0
    2.2397    2.5654    2.5086  C  0  0  0  0  0
    1.3627    3.5535    1.8604  N  0  0  0  0  0
    1.9184    4.5285    1.0045  C  0  0  0  0  0
    3.2358    4.7979    0.8561  C  0  0  0  0  0
    4.4619    4.2721    1.4568  C  0  0  0  0  0
  1  7  1  0  0  0
  1  2  1  0  0  0
  2  3  1  0  0  0
  3  4  1  0  0  0
  4  5  1  0  0  0
  5  6  2  0  0  0
  6  7  1  0  0  0
M  END
$$$$
C1=CCNCCN1
  -ISIS-

  7  7  0  0  0  0  0  0  0  0  1
    4.5802    2.9198    1.8011  N  0  0  0  0  0
    3.3892    2.0763    1.6334  C  0  0  0  0  0
    2.2397    2.5654    2.5086  C  0  0  0  0  0
    1.3627    3.5535    1.8604  N  0  0  0  0  0
    1.9184    4.5285    1.0045  C  0  0  0  0  0
    3.2358    4.7979    0.8561  C  0  0  0  0  0
    4.4619    4.2721    1.4568  C  0  0  0  0  0
  1  7  1  0  0  0
  1  2  1  0  0  0
  2  3  1  0  0  0
  3  4  1  0  0  0
  4  5  1  0  0  0
  5  6  2  0  0  0
  6  7  1  0  0  0
M  END
$$$$
C1=CCNCCN1
  -ISIS-

  7  7  0  0  0  0  0  0  0  0  1
    4.5802    2.9198    1.8011  N  0  0  0  0  0
    3.3892    2.0763    1.6334  C  0  0  0  0  0
    2.2397    2.5654    2.5086  C  0  0  0  0  0
    1.3627    3.5535    1.8604  N  0  0  0  0  0
    1.9184    4.5285    1.0045  C  0  0  0  0  0
    3.2358    4.7979    0.8561  C  0  0  0  0  0
    4.4619    4.2721    1.4568  C  0  0  0  0  0
  1  7  1  0  0  0
  1  2  1  0  0  0
  2  3  1  0  0  0
  3  4  1  0  0  0
  4  5  1  0  0  0
  5  6  2  0  0  0
  6  7  1  0  0  0
M  END
$$$$
C1=CCNCCN1
  -ISIS-

  7  7  0  0  0  0  0  0  0  0  1
    4.5802    2.9198    1.8011  N  0  0  0  0  0
    3.3892    2.0763    1.6334  C  0  0  0  0  0
    2.2397    2.5654    2.5086  C  0  0  0  0  0
    1.3627    3.5535    1.8604  N  0  0  0  0  0
    1.9184    4.5285    1.0045  C  0  0  0  0  0
    3.2358    4.7979    0.8561  C  0  0  0  0  0
    4.4619    4.2721    1.4568  C  0  0  0  0  0
  1  7  1  0  0  0
  1  2  1  0  0  0
  2  3  1  0  0  0
  3  4  1  0  0  0
  4  5  1  0  0  0
  5  6  2  0  0  0
  6  7  1  0  0  0
M  END
$$$$
C1=CCNCCN1
  -ISIS-

  7  7  0  0  0  0  0  0  0  0  1
    0.6531    5.7934    1.8998  N  0  0  0  0  0
    1.9988    5.2210    1.7870  C  0  0  0  0  0
    1.9730    3.7148    2.0444  C  0  0  0  0  0
    1.7850    2.9113    0.8287  N  0  0  0  0  0
    0.8352    3.3123   -0.1325  C  0  0  0  0  0
   -0.0440    4.3324   -0.0071  C  0  0  0  0  0
   -0.3370    5.3249    1.0282  C  0  0  0  0  0
  1  7  1  0  0  0
  1  2  1  0  0  0
  2  3  1  0  0  0
  3  4  1  0  0  0
  4  5  1  0  0  0
  5  6  2  0  0  0
  6  7  1  0  0  0
M  END
$$$$
C1=CCNCCN1
  -ISIS-

  7  7  0  0  0  0  0  0  0  0  1
    0.6531    5.7934    1.8998  N  0  0  0  0  0
    1.9988    5.2210    1.7870  C  0  0  0  0  0
    1.9730    3.7148    2.0444  C  0  0  0  0  0
    1.7850    2.9113    0.8287  N  0  0  0  0  0
    0.8352    3.3123   -0.1325  C  0  0  0  0  0
   -0.0440    4.3324   -0.0071  C  0  0  0  0  0
   -0.3370    5.3249    1.0282  C  0  0  0  0  0
  1  7  1  0  0  0
  1  2  1  0  0  0
  2  3  1  0  0  0
  3  4  1  0  0  0
  4  5  1  0  0  0
  5  6  2  0  0  0
  6  7  1  0  0  0
M  END
$$$$
C1=CCNCCN1
  -ISIS-

  7  7  0  0  0  0  0  0  0  0  1
    0.6531    5.7934    1.8998  N  0  0  0  0  0
    1.9988    5.2210    1.7870  C  0  0  0  0  0
    1.9730    3.7148    2.0444  C  0  0  0  0  0
    1.7850    2.9113    0.8287  N  0  0  0  0  0
    0.8352    3.3123   -0.1325  C  0  0  0  0  0
   -0.0440    4.3324   -0.0071  C  0  0  0  0  0
   -0.3370    5.3249    1.0282  C  0  0  0  0  0
  1  7  1  0  0  0
  1  2  1  0  0  0
  2  3  1  0  0  0
  3  4  1  0  0  0
  4  5  1  0  0  0
  5  6  2  0  0  0
  6  7  1  0  0  0
M  END
$$$$
C1=CCNCCN1
  -ISIS-

  7  7  0  0  0  0  0  0  0  0  1
    0.6531    5.7934    1.8998  N  0  0  0  0  0
    1.9988    5.2210    1.7870  C  0  0  0  0  0
    1.9730    3.7148    2.0444  C  0  0  0  0  0
    1.7850    2.9113    0.8287  N  0  0  0  0  0
    0.8352    3.3123   -0.1325  C  0  0  0  0  0
   -0.0440    4.3324   -0.0071  C  0  0  0  0  0
   -0.3370    5.3249    1.0282  C  0  0  0  0  0
  1  7  1  0  0  0
  1  2  1  0  0  0
  2  3  1  0  0  0
  3  4  1  0  0  0
  4  5  1  0  0  0
  5  6  2  0  0  0
  6  7  1  0  0  0
M  END
$$$$
C1=CCNCCN1
  -ISIS-

  7  7  0  0  0  0  0  0  0  0  1
    2.8727    4.0780   -4.3238  N  0  0  0  0  0
    2.5373    4.7510   -5.5811  C  0  0  0  0  0
    1.5802    3.9528   -6.4635  C  0  0  0  0  0
    2.2733    3.0282   -7.3822  N  0  0  0  0  0
    3.2172    2.1304   -6.8354  C  0  0  0  0  0
    3.5147    2.0116   -5.5226  C  0  0  0  0  0
    3.0448    2.6947   -4.3241  C  0  0  0  0  0
  1  7  1  0  0  0
  1  2  1  0  0  0
  2  3  1  0  0  0
  3  4  1  0  0  0
  4  5  1  0  0  0
  5  6  2  0  0  0
  6  7  1  0  0  0
M  END
$$$$
C1=CCNCCN1
  -ISIS-

  7  7  0  0  0  0  0  0  0  0  1
    2.8727    4.0780   -4.3238  N  0  0  0  0  0
    2.5373    4.7510   -5.5811  C  0  0  0  0  0
    1.5802    3.9528   -6.4635  C  0  0  0  0  0
    2.2733    3.0282   -7.3822  N  0  0  0  0  0
    3.2172    2.1304   -6.8354  C  0  0  0  0  0
    3.5147    2.0116   -5.5226  C  0  0  0  0  0
    3.0448    2.6947   -4.3241  C  0  0  0  0  0
  1  7  1  0  0  0
  1  2  1  0  0  0
  2  3  1  0  0  0
  3  4  1  0  0  0
  4  5  1  0  0  0
  5  6  2  0  0  0
  6  7  1  0  0  0
M  END
$$$$
C1=CCNCCN1
  -ISIS-

  7  7  0  0  0  0  0  0  0  0  1
    2.8727    4.0780   -4.3238  N  0  0  0  0  0
    2.5373    4.7510   -5.5811  C  0  0  0  0  0
    1.5802    3.9528   -6.4635  C  0  0  0  0  0
    2.2733    3.0282   -7.3822  N  0  0  0  0  0
    3.2172    2.1304   -6.8354  C  0  0  0  0  0
    3.5147    2.0116   -5.5226  C  0  0  0  0  0
    3.0448    2.6947   -4.3241  C  0  0  0  0  0
  1  7  1  0  0  0
  1  2  1  0  0  0
  2  3  1  0  0  0
  3  4  1  0  0  0
  4  5  1  0  0  0
  5  6  2  0  0  0
  6  7  1  0  0  0
M  END
$$$$
C1=CCNCCN1
  -ISIS-

  7  7  0  0  0  0  0  0  0  0  1
    2.8727    4.0780   -4.3238  N  0  0  0  0  0
    2.5373    4.7510   -5.5811  C  0  0  0  0  0
    1.5802    3.9528   -6.4635  C  0  0  0  0  0
    2.2733    3.0282   -7.3822  N  0  0  0  0  0
    3.2172    2.1304   -6.8354  C  0  0  0  0  0
    3.5147    2.0116   -5.5226  C  0  0  0  0  0
    3.0448    2.6947   -4.3241  C  0  0  0  0  0
  1  7  1  0  0  0
  1  2  1  0  0  0
  2  3  1  0  0  0
  3  4  1  0  0  0
  4  5  1  0  0  0
  5  6  2  0  0  0
  6  7  1  0  0  0
M  END
$$$$
C1=CCNCCN1
  -ISIS-

  7  7  0  0  0  0  0  0  0  0  1
    1.3531    1.1513   -3.0146  N  0  0  0  0  0
    0.8230   -0.0669   -3.6511  C  0  0  0  0  0
    1.1721   -0.1158   -5.1336  C  0  0  0  0  0
    2.5941   -0.1773   -5.4959  N  0  0  0  0  0
    3.5638   -0.4464   -4.5240  C  0  0  0  0  0
    3.5810    0.1025   -3.2901  C  0  0  0  0  0
    2.7220    1.1349   -2.7108  C  0  0  0  0  0
  1  7  1  0  0  0
  1  2  1  0  0  0
  2  3  1  0  0  0
  3  4  1  0  0  0
  4  5  1  0  0  0
  5  6  2  0  0  0
  6  7  1  0  0  0
M  END
$$$$
C1=CCNCCN1
  -ISIS-

  7  7  0  0  0  0  0  0  0  0  1
    1.3531    1.1513   -3.0146  N  0  0  0  0  0
    0.8230   -0.0669   -3.6511  C  0  0  0  0  0
    1.1721   -0.1158   -5.1336  C  0  0  0  0  0
    2.5941   -0.1773   -5.4959  N  0  0  0  0  0
    3.5638   -0.4464   -4.5240  C  0  0  0  0  0
    3.5810    0.1025   -3.2901  C  0  0  0  0  0
    2.7220    1.1349   -2.7108  C  0  0  0  0  0
  1  7  1  0  0  0
  1  2  1  0  0  0
  2  3  1  0  0  0
  3  4  1  0  0  0
  4  5  1  0  0  0
  5  6  2  0  0  0
  6  7  1  0  0  0
M  END
$$$$
C1=CCNCCN1
  -ISIS-

  7  7  0  0  0  0  0  0  0  0  1
    1.3531    1.1513   -3.0146  N  0  0  0  0  0
    0.8230   -0.0669   -3.6511  C  0  0  0  0  0
    1.1721   -0.1158   -5.1336  C  0  0  0  0  0
    2.5941   -0.1773   -5.4959  N  0  0  0  0  0
    3.5638   -0.4464   -4.5240  C  0  0  0  0  0
    3.5810    0.1025   -3.2901  C  0  0  0  0  0
    2.7220    1.1349   -2.7108  C  0  0  0  0  0
  1  7  1  0  0  0
  1  2  1  0  0  0
  2  3  1  0  0  0
  3  4  1  0  0  0
  4  5  1  0  0  0
  5  6  2  0  0  0
  6  7  1  0  0  0
M  END
$$$$
C1=CCNCCN1
  -ISIS-

  7  7  0  0  0  0  0  0  0  0  1
    1.3531    1.1513   -3.0146  N  0  0  0  0  0
    0.8230   -0.0669   -3.6511  C  0  0  0  0  0
    1.1721   -0.1158   -5.1336  C  0  0  0  0  0
    2.5941   -0.1773   -5.4959  N  0  0  0  0  0
    3.5638   -0.4464   -4.5240  C  0  0  0  0  0
    3.5810    0.1025   -3.2901  C  0  0  0  0  0
    2.7220    1.1349   -2.7108  C  0  0  0  0  0
  1  7  1  0  0  0
  1  2  1  0  0  0
  2  3  1  0  0  0
  3  4  1  0  0  0
  4  5  1  0  0  0
  5  6  2  0  0  0
  6  7  1  0  0  0
M  END
$$$$
C1=CCNCCN1
  -ISIS-

  7  7  0  0  0  0  0  0  0  0  1
    1.5333   -5.7347    2.0072  N  0  0  0  0  0
    1.4908   -6.7867    0.9934  C  0  0  0  0  0
    0.7580   -6.3616   -0.2819  C  0  0  0  0  0
   -0.4067   -5.4753   -0.0570  N  0  0  0  0  0
   -0.1317   -4.1121    0.1670  C  0  0  0  0  0
    0.9750   -3.6699    0.8054  C  0  0  0  0  0
    2.0277   -4.4139    1.5944  C  0  0  0  0  0
  1  7  1  0  0  0
  1  2  1  0  0  0
  2  3  1  0  0  0
  3  4  1  0  0  0
  4  5  1  0  0  0
  5  6  2  0  0  0
  6  7  1  0  0  0
M  END
$$$$
C1=CCNCCN1
  -ISIS-

  7  7  0  0  0  0  0  0  0  0  1
    1.5333   -5.7347    2.0072  N  0  0  0  0  0
    1.4908   -6.7867    0.9934  C  0  0  0  0  0
    0.7580   -6.3616   -0.2819  C  0  0  0  0  0
   -0.4067   -5.4753   -0.0570  N  0  0  0  0  0
   -0.1317   -4.1121    0.1670  C  0  0  0  0  0
    0.9750   -3.6699    0.8054  C  0  0  0  0  0
    2.0277   -4.4139    1.5944  C  0  0  0  0  0
  1  7  1  0  0  0
  1  2  1  0  0  0
  2  3  1  0  0  0
  3  4  1  0  0  0
  4  5  1  0  0  0
  5  6  2  0  0  0
  6  7  1  0  0  0
M  END
$$$$
C1=CCNCCN1
  -ISIS-

  7  7  0  0  0  0  0  0  0  0  1
    1.5333   -5.7347    2.0072  N  0  0  0  0  0
    1.4908   -6.7867    0.9934  C  0  0  0  0  0
    0.7580   -6.3616   -0.2819  C  0  0  0  0  0
   -0.4067   -5.4753   -0.0570  N  0  0  0  0  0
   -0.1317   -4.1121    0.1670  C  0  0  0  0  0
    0.9750   -3.6699    0.8054  C  0  0  0  0  0
    2.0277   -4.4139    1.5944  C  0  0  0  0  0
  1  7  1  0  0  0
  1  2  1  0  0  0
  2  3  1  0  0  0
  3  4  1  0  0  0
  4  5  1  0  0  0
  5  6  2  0  0  0
  6  7  1  0  0  0
M  END
$$$$
C1=CCNCCN1
  -ISIS-

  7  7  0  0  0  0  0  0  0  0  1
    1.5333   -5.7347    2.0072  N  0  0  0  0  0
    1.4908   -6.7867    0.9934  C  0  0  0  0  0
    0.7580   -6.3616   -0.2819  C  0  0  0  0  0
   -0.4067   -5.4753   -0.0570  N  0  0  0  0  0
   -0.1317   -4.1121    0.1670  C  0  0  0  0  0
    0.9750   -3.6699    0.8054  C  0  0  0  0  0
    2.0277   -4.4139    1.5944  C  0  0  0  0  0
  1  7  1  0  0  0
  1  2  1  0  0  0
  2  3  1  0  0  0
  3  4  1  0  0  0
  4  5  1  0  0  0
  5  6  2  0  0  0
  6  7  1  0  0  0
M  END
$$$$
C1=CCNCCN1
  -ISIS-

  7  7  0  0  0  0  0  0  0  0  1
    4.1338    0.7738    1.2020  C  0  0  0  0  0
    5.3832    0.9227    1.6819  C  0  0  0  0  0
    5.7503    2.0455    2.5623  C  0  0  0  0  0
    4.9568    2.1593    3.6827  N  0  0  0  0  0
    3.7663    2.9621    3.4573  C  0  0  0  0  0
    2.6629    2.1447    2.7681  C  0  0  0  0  0
    3.0497    1.5883    1.4733  N  0  0  0  0  0
  1  7  1  0  0  0
  1  2  2  0  0  0
  2  3  1  0  0  0
  3  4  1  0  0  0
  4  5  1  0  0  0
  5  6  1  0  0  0
  6  7  1  0  0  0
M  END
$$$$
C1=CCNCCN1
  -ISIS-

  7  7  0  0  0  0  0  0  0  0  1
    4.1338    0.7738    1.2020  C  0  0  0  0  0
    5.3832    0.9227    1.6819  C  0  0  0  0  0
    5.7503    2.0455    2.5623  C  0  0  0  0  0
    4.9568    2.1593    3.6827  N  0  0  0  0  0
    3.7663    2.9621    3.4573  C  0  0  0  0  0
    2.6629    2.1447    2.7681  C  0  0  0  0  0
    3.0497    1.5883    1.4733  N  0  0  0  0  0
  1  7  1  0  0  0
  1  2  2  0  0  0
  2  3  1  0  0  0
  3  4  1  0  0  0
  4  5  1  0  0  0
  5  6  1  0  0  0
  6  7  1  0  0  0
M  END
$$$$
C1=CCNCCN1
  -ISIS-

  7  7  0  0  0  0  0  0  0  0  1
   -0.4866    7.1305   -6.5343  C  0  0  0  0  0
   -0.6991    6.0014   -5.5994  C  0  0  0  0  0
   -1.4466    4.9232   -5.9286  C  0  0  0  0  0
   -2.0622    4.7154   -7.1902  N  0  0  0  0  0
   -1.4303    5.2631   -8.4322  C  0  0  0  0  0
   -1.6491    6.7872   -8.5584  C  0  0  0  0  0
   -1.6194    7.4415   -7.2621  N  0  0  0  0  0
  1  7  1  0  0  0
  1  2  1  0  0  0
  2  3  2  0  0  0
  3  4  1  0  0  0
  4  5  1  0  0  0
  5  6  1  0  0  0
  6  7  1  0  0  0
M  END
$$$$
C1=CCNCCN1
  -ISIS-

  7  7  0  0  0  0  0  0  0  0  1
   -0.4866    7.1305   -6.5343  C  0  0  0  0  0
   -0.6991    6.0014   -5.5994  C  0  0  0  0  0
   -1.4466    4.9232   -5.9286  C  0  0  0  0  0
   -2.0622    4.7154   -7.1902  N  0  0  0  0  0
   -1.4303    5.2631   -8.4322  C  0  0  0  0  0
   -1.6491    6.7872   -8.5584  C  0  0  0  0  0
   -1.6194    7.4415   -7.2621  N  0  0  0  0  0
  1  7  1  0  0  0
  1  2  1  0  0  0
  2  3  2  0  0  0
  3  4  1  0  0  0
  4  5  1  0  0  0
  5  6  1  0  0  0
  6  7  1  0  0  0
M  END
$$$$
C1=CCNCCN1
  -ISIS-

  7  7  0  0  0  0  0  0  0  0  1
   -0.4866    7.1305   -6.5343  C  0  0  0  0  0
   -0.6991    6.0014   -5.5994  C  0  0  0  0  0
   -1.4466    4.9232   -5.9286  C  0  0  0  0  0
   -2.0622    4.7154   -7.1902  N  0  0  0  0  0
   -1.4303    5.2631   -8.4322  C  0  0  0  0  0
   -1.6491    6.7872   -8.5584  C  0  0  0  0  0
   -1.6194    7.4415   -7.2621  N  0  0  0  0  0
  1  7  1  0  0  0
  1  2  1  0  0  0
  2  3  2  0  0  0
  3  4  1  0  0  0
  4  5  1  0  0  0
  5  6  1  0  0  0
  6  7  1  0  0  0
M  END
$$$$
