C1=CCCCCCCCC1
  -ISIS-

 10 10  0  0  0  0  0  0  0  0  1
   -4.5209    7.2515    2.3516  C  0  0  0  0  0
   -5.8152    6.5535    2.7860  C  0  0  0  0  0
   -6.8570    6.5791    1.7029  C  0  0  0  0  0
   -6.9355    5.7116    0.6793  C  0  0  0  0  0
   -5.9951    4.5648    0.4341  C  0  0  0  0  0
   -4.8744    4.9532   -0.5344  C  0  0  0  0  0
   -3.5052    4.3587   -0.1836  C  0  0  0  0  0
   -2.6200    5.2523    0.7123  C  0  0  0  0  0
   -2.9621    5.1854    2.2148  C  0  0  0  0  0
   -3.2569    6.5508    2.8580  C  0  0  0  0  0
  1 10  1  0  0  0
  1  2  1  0  0  0
  2  3  1  0  0  0
  3  4  2  0  0  0
  4  5  1  0  0  0
  5  6  1  0  0  0
  6  7  1  0  0  0
  7  8  1  0  0  0
  8  9  1  0  0  0
  9 10  1  0  0  0
M  END
$$$$
