C1=CC2NC=CC1CC2
  -ISIS-

  9 10  0  0  0  0  0  0  0  0  1
   -2.7303    0.6078    3.2295  C  0  0  0  0  0
   -3.4129    1.3330    4.4519  C  0  0  0  0  0
   -4.7288    0.6792    4.8333  C  0  0  0  0  0
   -4.7431   -0.6535    4.9800  C  0  0  0  0  0
   -3.4323   -1.3799    4.7509  C  0  0  0  0  0
   -2.8445   -0.9664    3.3520  C  0  0  0  0  0
   -2.4908   -1.0570    5.8948  C  0  0  0  0  0
   -2.1369    0.1785    6.2833  C  0  0  0  0  0
   -2.5649    1.3588    5.6748  N  0  0  0  0  0
  1  6  1  0  0  0
  1  2  1  0  0  0
  2  9  1  0  0  0
  2  3  1  0  0  0
  3  4  2  0  0  0
  4  5  1  0  0  0
  5  6  1  0  0  0
  5  7  1  0  0  0
  7  8  2  0  0  0
  8  9  1  0  0  0
M  END
$$$$
C1=CC2NC=CC1CC2
  -ISIS-

  9 10  0  0  0  0  0  0  0  0  1
   -2.7303    0.6078    3.2295  C  0  0  0  0  0
   -3.4129    1.3330    4.4519  C  0  0  0  0  0
   -4.7288    0.6792    4.8333  C  0  0  0  0  0
   -4.7431   -0.6535    4.9800  C  0  0  0  0  0
   -3.4323   -1.3799    4.7509  C  0  0  0  0  0
   -2.8445   -0.9664    3.3520  C  0  0  0  0  0
   -2.4908   -1.0570    5.8948  C  0  0  0  0  0
   -2.1369    0.1785    6.2833  C  0  0  0  0  0
   -2.5649    1.3588    5.6748  N  0  0  0  0  0
  1  6  1  0  0  0
  1  2  1  0  0  0
  2  9  1  0  0  0
  2  3  1  0  0  0
  3  4  2  0  0  0
  4  5  1  0  0  0
  5  6  1  0  0  0
  5  7  1  0  0  0
  7  8  2  0  0  0
  8  9  1  0  0  0
M  END
$$$$
C1=CC2NC=CC1CC2
  -ISIS-

  9 10  0  0  0  0  0  0  0  0  1
   -2.7303    0.6078    3.2295  C  0  0  0  0  0
   -3.4129    1.3330    4.4519  C  0  0  0  0  0
   -4.7288    0.6792    4.8333  C  0  0  0  0  0
   -4.7431   -0.6535    4.9800  C  0  0  0  0  0
   -3.4323   -1.3799    4.7509  C  0  0  0  0  0
   -2.8445   -0.9664    3.3520  C  0  0  0  0  0
   -2.4908   -1.0570    5.8948  C  0  0  0  0  0
   -2.1369    0.1785    6.2833  C  0  0  0  0  0
   -2.5649    1.3588    5.6748  N  0  0  0  0  0
  1  6  1  0  0  0
  1  2  1  0  0  0
  2  9  1  0  0  0
  2  3  1  0  0  0
  3  4  2  0  0  0
  4  5  1  0  0  0
  5  6  1  0  0  0
  5  7  1  0  0  0
  7  8  2  0  0  0
  8  9  1  0  0  0
M  END
$$$$
