C1=CCCC2C1CC=CC2
  -ISIS-

 10 11  0  0  0  0  0  0  0  0  1
   -0.1313    0.9061   -5.6003  C  0  0  0  0  0
    0.7042    1.3240   -4.3961  C  0  0  0  0  0
    0.4954    2.4388   -3.6803  C  0  0  0  0  0
   -0.5972    3.3758   -4.0398  C  0  0  0  0  0
   -1.4441    3.0684   -5.2800  C  0  0  0  0  0
   -1.5472    1.5524   -5.5166  C  0  0  0  0  0
   -2.4532    0.9080   -4.4324  C  0  0  0  0  0
   -2.2831   -0.5694   -4.2672  C  0  0  0  0  0
   -1.2952   -1.2666   -4.8379  C  0  0  0  0  0
   -0.2490   -0.6419   -5.7064  C  0  0  0  0  0
  1  6  1  0  0  0
  1 10  1  0  0  0
  1  2  1  0  0  0
  2  3  2  0  0  0
  3  4  1  0  0  0
  4  5  1  0  0  0
  5  6  1  0  0  0
  6  7  1  0  0  0
  7  8  1  0  0  0
  8  9  2  0  0  0
  9 10  1  0  0  0
M  END
$$$$
