C1=CCCP1
  -ISIS-

  5  5  0  0  0  0  0  0  0  0  1
   -0.5328   -4.0120   -3.8510  P  0  0  0  0  0
   -1.3474   -4.7475   -2.4868  C  0  0  0  0  0
   -2.2568   -3.9366   -1.9180  C  0  0  0  0  0
   -2.3957   -2.5763   -2.5482  C  0  0  0  0  0
   -1.7086   -2.6304   -3.9203  C  0  0  0  0  0
  1  5  1  0  0  0
  1  2  1  0  0  0
  2  3  2  0  0  0
  3  4  1  0  0  0
  4  5  1  0  0  0
M  END
$$$$
C1=CCCP1
  -ISIS-

  5  5  0  0  0  0  0  0  0  0  1
   -0.5328   -4.0120   -3.8510  P  0  0  0  0  0
   -1.3474   -4.7475   -2.4868  C  0  0  0  0  0
   -2.2568   -3.9366   -1.9180  C  0  0  0  0  0
   -2.3957   -2.5763   -2.5482  C  0  0  0  0  0
   -1.7086   -2.6304   -3.9203  C  0  0  0  0  0
  1  5  1  0  0  0
  1  2  1  0  0  0
  2  3  2  0  0  0
  3  4  1  0  0  0
  4  5  1  0  0  0
M  END
$$$$
C1=CCCP1
  -ISIS-

  5  5  0  0  0  0  0  0  0  0  1
   -3.1180    2.7616    3.5960  P  0  0  0  0  0
   -2.1304    3.1029    5.0142  C  0  0  0  0  0
   -2.0298    4.4124    5.3058  C  0  0  0  0  0
   -2.7579    5.3417    4.3667  C  0  0  0  0  0
   -3.6697    4.4949    3.4700  C  0  0  0  0  0
  1  5  1  0  0  0
  1  2  1  0  0  0
  2  3  2  0  0  0
  3  4  1  0  0  0
  4  5  1  0  0  0
M  END
$$$$
C1=CCCP1
  -ISIS-

  5  5  0  0  0  0  0  0  0  0  1
   -3.1180    2.7616    3.5960  P  0  0  0  0  0
   -2.1304    3.1029    5.0142  C  0  0  0  0  0
   -2.0298    4.4124    5.3058  C  0  0  0  0  0
   -2.7579    5.3417    4.3667  C  0  0  0  0  0
   -3.6697    4.4949    3.4700  C  0  0  0  0  0
  1  5  1  0  0  0
  1  2  1  0  0  0
  2  3  2  0  0  0
  3  4  1  0  0  0
  4  5  1  0  0  0
M  END
$$$$
C1=CCCP1
  -ISIS-

  5  5  0  0  0  0  0  0  0  0  1
   -1.2274    0.9088   -0.0717  P  0  0  0  0  0
   -0.8482    2.6178   -0.0412  C  0  0  0  0  0
    0.4372    2.8788   -0.3450  C  0  0  0  0  0
    1.2797    1.6592   -0.6445  C  0  0  0  0  0
    0.5244    0.4370   -0.1045  C  0  0  0  0  0
  1  5  1  0  0  0
  1  2  1  0  0  0
  2  3  2  0  0  0
  3  4  1  0  0  0
  4  5  1  0  0  0
M  END
$$$$
C1=CCCP1
  -ISIS-

  5  5  0  0  0  0  0  0  0  0  1
   -1.2274    0.9088   -0.0717  P  0  0  0  0  0
   -0.8482    2.6178   -0.0412  C  0  0  0  0  0
    0.4372    2.8788   -0.3450  C  0  0  0  0  0
    1.2797    1.6592   -0.6445  C  0  0  0  0  0
    0.5244    0.4370   -0.1045  C  0  0  0  0  0
  1  5  1  0  0  0
  1  2  1  0  0  0
  2  3  2  0  0  0
  3  4  1  0  0  0
  4  5  1  0  0  0
M  END
$$$$
C1=CCCP1
  -ISIS-

  5  5  0  0  0  0  0  0  0  0  1
    1.6807   -7.1961   -1.6082  P  0  0  0  0  0
    1.5849   -8.7368   -0.6191  C  0  0  0  0  0
    2.6071   -9.6970   -1.2359  C  0  0  0  0  0
    2.7143   -9.3058   -2.6782  C  0  0  0  0  0
    2.2790   -8.0834   -3.0085  C  0  0  0  0  0
  1  5  1  0  0  0
  1  2  1  0  0  0
  2  3  1  0  0  0
  3  4  1  0  0  0
  4  5  2  0  0  0
M  END
$$$$
C1=CCCP1
  -ISIS-

  5  5  0  0  0  0  0  0  0  0  1
    1.6807   -7.1961   -1.6082  P  0  0  0  0  0
    1.5849   -8.7368   -0.6191  C  0  0  0  0  0
    2.6071   -9.6970   -1.2359  C  0  0  0  0  0
    2.7143   -9.3058   -2.6782  C  0  0  0  0  0
    2.2790   -8.0834   -3.0085  C  0  0  0  0  0
  1  5  1  0  0  0
  1  2  1  0  0  0
  2  3  1  0  0  0
  3  4  1  0  0  0
  4  5  2  0  0  0
M  END
$$$$
C1=CCCP1
  -ISIS-

  5  5  0  0  0  0  0  0  0  0  1
    1.0218    3.3480    3.3724  P  0  0  0  0  0
    0.7846    1.9066    2.4007  C  0  0  0  0  0
   -0.5068    1.6766    2.0978  C  0  0  0  0  0
   -1.4803    2.6901    2.6537  C  0  0  0  0  0
   -0.7522    3.4601    3.7631  C  0  0  0  0  0
  1  5  1  0  0  0
  1  2  1  0  0  0
  2  3  2  0  0  0
  3  4  1  0  0  0
  4  5  1  0  0  0
M  END
$$$$
C1=CCCP1
  -ISIS-

  5  5  0  0  0  0  0  0  0  0  1
    1.0218    3.3480    3.3724  P  0  0  0  0  0
    0.7846    1.9066    2.4007  C  0  0  0  0  0
   -0.5068    1.6766    2.0978  C  0  0  0  0  0
   -1.4803    2.6901    2.6537  C  0  0  0  0  0
   -0.7522    3.4601    3.7631  C  0  0  0  0  0
  1  5  1  0  0  0
  1  2  1  0  0  0
  2  3  2  0  0  0
  3  4  1  0  0  0
  4  5  1  0  0  0
M  END
$$$$
C1=CCCP1
  -ISIS-

  5  5  0  0  0  0  0  0  0  0  1
    3.6686   -8.6349   -1.5725  P  0  0  0  0  0
    5.3692   -8.8687   -1.1940  C  0  0  0  0  0
    5.6266   -8.8259    0.1244  C  0  0  0  0  0
    4.4281   -8.5878    1.0035  C  0  0  0  0  0
    3.3113   -8.0346    0.1082  C  0  0  0  0  0
  1  5  1  0  0  0
  1  2  1  0  0  0
  2  3  2  0  0  0
  3  4  1  0  0  0
  4  5  1  0  0  0
M  END
$$$$
C1=CCCP1
  -ISIS-

  5  5  0  0  0  0  0  0  0  0  1
   -2.8581   -2.3462    0.1675  P  0  0  0  0  0
   -1.9406   -3.3925   -0.8800  C  0  0  0  0  0
   -0.6096   -3.2646   -0.7203  C  0  0  0  0  0
   -0.1874   -2.2504    0.3191  C  0  0  0  0  0
   -1.4156   -1.9427    1.1879  C  0  0  0  0  0
  1  5  1  0  0  0
  1  2  1  0  0  0
  2  3  2  0  0  0
  3  4  1  0  0  0
  4  5  1  0  0  0
M  END
$$$$
C1=CCCP1
  -ISIS-

  5  5  0  0  0  0  0  0  0  0  1
   -2.8581   -2.3462    0.1675  P  0  0  0  0  0
   -1.9406   -3.3925   -0.8800  C  0  0  0  0  0
   -0.6096   -3.2646   -0.7203  C  0  0  0  0  0
   -0.1874   -2.2504    0.3191  C  0  0  0  0  0
   -1.4156   -1.9427    1.1879  C  0  0  0  0  0
  1  5  1  0  0  0
  1  2  1  0  0  0
  2  3  2  0  0  0
  3  4  1  0  0  0
  4  5  1  0  0  0
M  END
$$$$
C1=CCCP1
  -ISIS-

  5  5  0  0  0  0  0  0  0  0  1
   -1.1079    4.4583   -5.7411  C  0  0  0  0  0
   -1.1955    4.6035   -7.4564  P  0  0  0  0  0
   -2.9298    3.9908   -7.4803  C  0  0  0  0  0
   -3.2388    3.4084   -6.0971  C  0  0  0  0  0
   -2.1683    3.8709   -5.1611  C  0  0  0  0  0
  1  5  2  0  0  0
  1  2  1  0  0  0
  2  3  1  0  0  0
  3  4  1  0  0  0
  4  5  1  0  0  0
M  END
$$$$
C1=CCCP1
  -ISIS-

  5  5  0  0  0  0  0  0  0  0  1
   -1.1079    4.4583   -5.7411  C  0  0  0  0  0
   -1.1955    4.6035   -7.4564  P  0  0  0  0  0
   -2.9298    3.9908   -7.4803  C  0  0  0  0  0
   -3.2388    3.4084   -6.0971  C  0  0  0  0  0
   -2.1683    3.8709   -5.1611  C  0  0  0  0  0
  1  5  2  0  0  0
  1  2  1  0  0  0
  2  3  1  0  0  0
  3  4  1  0  0  0
  4  5  1  0  0  0
M  END
$$$$
C1=CCCP1
  -ISIS-

  5  5  0  0  0  0  0  0  0  0  1
   -0.5716    0.7817   -1.8505  C  0  0  0  0  0
   -1.2427    1.4054   -3.3138  P  0  0  0  0  0
   -2.3014    2.5966   -2.4029  C  0  0  0  0  0
   -2.3563    2.1263   -0.9486  C  0  0  0  0  0
   -1.1786    1.2200   -0.7368  C  0  0  0  0  0
  1  5  2  0  0  0
  1  2  1  0  0  0
  2  3  1  0  0  0
  3  4  1  0  0  0
  4  5  1  0  0  0
M  END
$$$$
C1=CCCP1
  -ISIS-

  5  5  0  0  0  0  0  0  0  0  1
   -0.5716    0.7817   -1.8505  C  0  0  0  0  0
   -1.2427    1.4054   -3.3138  P  0  0  0  0  0
   -2.3014    2.5966   -2.4029  C  0  0  0  0  0
   -2.3563    2.1263   -0.9486  C  0  0  0  0  0
   -1.1786    1.2200   -0.7368  C  0  0  0  0  0
  1  5  2  0  0  0
  1  2  1  0  0  0
  2  3  1  0  0  0
  3  4  1  0  0  0
  4  5  1  0  0  0
M  END
$$$$
C1=CCCP1
  -ISIS-

  5  5  0  0  0  0  0  0  0  0  1
   -0.5716    0.7817   -1.8505  C  0  0  0  0  0
   -1.2427    1.4054   -3.3138  P  0  0  0  0  0
   -2.3014    2.5966   -2.4029  C  0  0  0  0  0
   -2.3563    2.1263   -0.9486  C  0  0  0  0  0
   -1.1786    1.2200   -0.7368  C  0  0  0  0  0
  1  5  2  0  0  0
  1  2  1  0  0  0
  2  3  1  0  0  0
  3  4  1  0  0  0
  4  5  1  0  0  0
M  END
$$$$
C1=CCCP1
  -ISIS-

  5  5  0  0  0  0  0  0  0  0  1
    0.2344    5.5233   -2.6050  P  0  0  0  0  0
    1.9377    5.6187   -2.1502  C  0  0  0  0  0
    2.6959    4.7849   -2.8881  C  0  0  0  0  0
    1.9736    3.9610   -3.9248  C  0  0  0  0  0
    0.4852    3.9396   -3.5081  C  0  0  0  0  0
  1  5  1  0  0  0
  1  2  1  0  0  0
  2  3  2  0  0  0
  3  4  1  0  0  0
  4  5  1  0  0  0
M  END
$$$$
C1=CCCP1
  -ISIS-

  5  5  0  0  0  0  0  0  0  0  1
    0.2344    5.5233   -2.6050  P  0  0  0  0  0
    1.9377    5.6187   -2.1502  C  0  0  0  0  0
    2.6959    4.7849   -2.8881  C  0  0  0  0  0
    1.9736    3.9610   -3.9248  C  0  0  0  0  0
    0.4852    3.9396   -3.5081  C  0  0  0  0  0
  1  5  1  0  0  0
  1  2  1  0  0  0
  2  3  2  0  0  0
  3  4  1  0  0  0
  4  5  1  0  0  0
M  END
$$$$
C1=CCCP1
  -ISIS-

  5  5  0  0  0  0  0  0  0  0  1
    0.2344    5.5233   -2.6050  P  0  0  0  0  0
    1.9377    5.6187   -2.1502  C  0  0  0  0  0
    2.6959    4.7849   -2.8881  C  0  0  0  0  0
    1.9736    3.9610   -3.9248  C  0  0  0  0  0
    0.4852    3.9396   -3.5081  C  0  0  0  0  0
  1  5  1  0  0  0
  1  2  1  0  0  0
  2  3  2  0  0  0
  3  4  1  0  0  0
  4  5  1  0  0  0
M  END
$$$$
C1=CCCP1
  -ISIS-

  5  5  0  0  0  0  0  0  0  0  1
    0.2344    5.5233   -2.6050  P  0  0  0  0  0
    1.9377    5.6187   -2.1502  C  0  0  0  0  0
    2.6959    4.7849   -2.8881  C  0  0  0  0  0
    1.9736    3.9610   -3.9248  C  0  0  0  0  0
    0.4852    3.9396   -3.5081  C  0  0  0  0  0
  1  5  1  0  0  0
  1  2  1  0  0  0
  2  3  2  0  0  0
  3  4  1  0  0  0
  4  5  1  0  0  0
M  END
$$$$
C1=CCCP1
  -ISIS-

  5  5  0  0  0  0  0  0  0  0  1
   -2.3298    4.1182   -0.0992  P  0  0  0  0  0
   -2.1799    5.8686   -0.2252  C  0  0  0  0  0
   -0.9677    6.2938    0.1783  C  0  0  0  0  0
    0.0007    5.2293    0.6241  C  0  0  0  0  0
   -0.8356    3.9773    0.9499  C  0  0  0  0  0
  1  5  1  0  0  0
  1  2  1  0  0  0
  2  3  2  0  0  0
  3  4  1  0  0  0
  4  5  1  0  0  0
M  END
$$$$
C1=CCCP1
  -ISIS-

  5  5  0  0  0  0  0  0  0  0  1
   -2.3298    4.1182   -0.0992  P  0  0  0  0  0
   -2.1799    5.8686   -0.2252  C  0  0  0  0  0
   -0.9677    6.2938    0.1783  C  0  0  0  0  0
    0.0007    5.2293    0.6241  C  0  0  0  0  0
   -0.8356    3.9773    0.9499  C  0  0  0  0  0
  1  5  1  0  0  0
  1  2  1  0  0  0
  2  3  2  0  0  0
  3  4  1  0  0  0
  4  5  1  0  0  0
M  END
$$$$
C1=CCCP1
  -ISIS-

  5  5  0  0  0  0  0  0  0  0  1
   -2.3298    4.1182   -0.0992  P  0  0  0  0  0
   -2.1799    5.8686   -0.2252  C  0  0  0  0  0
   -0.9677    6.2938    0.1783  C  0  0  0  0  0
    0.0007    5.2293    0.6241  C  0  0  0  0  0
   -0.8356    3.9773    0.9499  C  0  0  0  0  0
  1  5  1  0  0  0
  1  2  1  0  0  0
  2  3  2  0  0  0
  3  4  1  0  0  0
  4  5  1  0  0  0
M  END
$$$$
C1=CCCP1
  -ISIS-

  5  5  0  0  0  0  0  0  0  0  1
   -2.3298    4.1182   -0.0992  P  0  0  0  0  0
   -2.1799    5.8686   -0.2252  C  0  0  0  0  0
   -0.9677    6.2938    0.1783  C  0  0  0  0  0
    0.0007    5.2293    0.6241  C  0  0  0  0  0
   -0.8356    3.9773    0.9499  C  0  0  0  0  0
  1  5  1  0  0  0
  1  2  1  0  0  0
  2  3  2  0  0  0
  3  4  1  0  0  0
  4  5  1  0  0  0
M  END
$$$$
C1=CCCP1
  -ISIS-

  5  5  0  0  0  0  0  0  0  0  1
   -2.8131    4.4926   -2.7491  P  0  0  0  0  0
   -1.8695    3.4693   -1.6729  C  0  0  0  0  0
   -2.1085    2.1623   -1.8946  C  0  0  0  0  0
   -3.0916    1.8318   -2.9983  C  0  0  0  0  0
   -3.9026    3.1179   -3.2399  C  0  0  0  0  0
  1  5  1  0  0  0
  1  2  1  0  0  0
  2  3  2  0  0  0
  3  4  1  0  0  0
  4  5  1  0  0  0
M  END
$$$$
C1=CCCP1
  -ISIS-

  5  5  0  0  0  0  0  0  0  0  1
   -2.8131    4.4926   -2.7491  P  0  0  0  0  0
   -1.8695    3.4693   -1.6729  C  0  0  0  0  0
   -2.1085    2.1623   -1.8946  C  0  0  0  0  0
   -3.0916    1.8318   -2.9983  C  0  0  0  0  0
   -3.9026    3.1179   -3.2399  C  0  0  0  0  0
  1  5  1  0  0  0
  1  2  1  0  0  0
  2  3  2  0  0  0
  3  4  1  0  0  0
  4  5  1  0  0  0
M  END
$$$$
C1=CCCP1
  -ISIS-

  5  5  0  0  0  0  0  0  0  0  1
   -2.8131    4.4926   -2.7491  P  0  0  0  0  0
   -1.8695    3.4693   -1.6729  C  0  0  0  0  0
   -2.1085    2.1623   -1.8946  C  0  0  0  0  0
   -3.0916    1.8318   -2.9983  C  0  0  0  0  0
   -3.9026    3.1179   -3.2399  C  0  0  0  0  0
  1  5  1  0  0  0
  1  2  1  0  0  0
  2  3  2  0  0  0
  3  4  1  0  0  0
  4  5  1  0  0  0
M  END
$$$$
C1=CCCP1
  -ISIS-

  5  5  0  0  0  0  0  0  0  0  1
   -2.8131    4.4926   -2.7491  P  0  0  0  0  0
   -1.8695    3.4693   -1.6729  C  0  0  0  0  0
   -2.1085    2.1623   -1.8946  C  0  0  0  0  0
   -3.0916    1.8318   -2.9983  C  0  0  0  0  0
   -3.9026    3.1179   -3.2399  C  0  0  0  0  0
  1  5  1  0  0  0
  1  2  1  0  0  0
  2  3  2  0  0  0
  3  4  1  0  0  0
  4  5  1  0  0  0
M  END
$$$$
C1=CCCP1
  -ISIS-

  5  5  0  0  0  0  0  0  0  0  1
   -1.8453    3.2696    0.6331  P  0  0  0  0  0
   -2.7610    3.0067   -0.8468  C  0  0  0  0  0
   -2.7603    1.7111   -1.2133  C  0  0  0  0  0
   -2.0045    0.7524   -0.3130  C  0  0  0  0  0
   -1.0201    1.6360    0.5040  C  0  0  0  0  0
  1  5  1  0  0  0
  1  2  1  0  0  0
  2  3  2  0  0  0
  3  4  1  0  0  0
  4  5  1  0  0  0
M  END
$$$$
C1=CCCP1
  -ISIS-

  5  5  0  0  0  0  0  0  0  0  1
   -1.8453    3.2696    0.6331  P  0  0  0  0  0
   -2.7610    3.0067   -0.8468  C  0  0  0  0  0
   -2.7603    1.7111   -1.2133  C  0  0  0  0  0
   -2.0045    0.7524   -0.3130  C  0  0  0  0  0
   -1.0201    1.6360    0.5040  C  0  0  0  0  0
  1  5  1  0  0  0
  1  2  1  0  0  0
  2  3  2  0  0  0
  3  4  1  0  0  0
  4  5  1  0  0  0
M  END
$$$$
C1=CCCP1
  -ISIS-

  5  5  0  0  0  0  0  0  0  0  1
   -1.8453    3.2696    0.6331  P  0  0  0  0  0
   -2.7610    3.0067   -0.8468  C  0  0  0  0  0
   -2.7603    1.7111   -1.2133  C  0  0  0  0  0
   -2.0045    0.7524   -0.3130  C  0  0  0  0  0
   -1.0201    1.6360    0.5040  C  0  0  0  0  0
  1  5  1  0  0  0
  1  2  1  0  0  0
  2  3  2  0  0  0
  3  4  1  0  0  0
  4  5  1  0  0  0
M  END
$$$$
C1=CCCP1
  -ISIS-

  5  5  0  0  0  0  0  0  0  0  1
   -1.8453    3.2696    0.6331  P  0  0  0  0  0
   -2.7610    3.0067   -0.8468  C  0  0  0  0  0
   -2.7603    1.7111   -1.2133  C  0  0  0  0  0
   -2.0045    0.7524   -0.3130  C  0  0  0  0  0
   -1.0201    1.6360    0.5040  C  0  0  0  0  0
  1  5  1  0  0  0
  1  2  1  0  0  0
  2  3  2  0  0  0
  3  4  1  0  0  0
  4  5  1  0  0  0
M  END
$$$$
C1=CCCP1
  -ISIS-

  5  5  0  0  0  0  0  0  0  0  1
   -1.8453    3.2696    0.6331  P  0  0  0  0  0
   -2.7610    3.0067   -0.8468  C  0  0  0  0  0
   -2.7603    1.7111   -1.2133  C  0  0  0  0  0
   -2.0045    0.7524   -0.3130  C  0  0  0  0  0
   -1.0201    1.6360    0.5040  C  0  0  0  0  0
  1  5  1  0  0  0
  1  2  1  0  0  0
  2  3  2  0  0  0
  3  4  1  0  0  0
  4  5  1  0  0  0
M  END
$$$$
C1=CCCP1
  -ISIS-

  5  5  0  0  0  0  0  0  0  0  1
   -0.1390    4.3750   -2.7572  P  0  0  0  0  0
   -0.2134    2.7681   -2.0532  C  0  0  0  0  0
    0.7499    1.9606   -2.5407  C  0  0  0  0  0
    1.6630    2.5637   -3.5788  C  0  0  0  0  0
    0.9369    3.8003   -4.1360  C  0  0  0  0  0
  1  5  1  0  0  0
  1  2  1  0  0  0
  2  3  2  0  0  0
  3  4  1  0  0  0
  4  5  1  0  0  0
M  END
$$$$
C1=CCCP1
  -ISIS-

  5  5  0  0  0  0  0  0  0  0  1
   -0.1390    4.3750   -2.7572  P  0  0  0  0  0
   -0.2134    2.7681   -2.0532  C  0  0  0  0  0
    0.7499    1.9606   -2.5407  C  0  0  0  0  0
    1.6630    2.5637   -3.5788  C  0  0  0  0  0
    0.9369    3.8003   -4.1360  C  0  0  0  0  0
  1  5  1  0  0  0
  1  2  1  0  0  0
  2  3  2  0  0  0
  3  4  1  0  0  0
  4  5  1  0  0  0
M  END
$$$$
C1=CCCP1
  -ISIS-

  5  5  0  0  0  0  0  0  0  0  1
   -0.1390    4.3750   -2.7572  P  0  0  0  0  0
   -0.2134    2.7681   -2.0532  C  0  0  0  0  0
    0.7499    1.9606   -2.5407  C  0  0  0  0  0
    1.6630    2.5637   -3.5788  C  0  0  0  0  0
    0.9369    3.8003   -4.1360  C  0  0  0  0  0
  1  5  1  0  0  0
  1  2  1  0  0  0
  2  3  2  0  0  0
  3  4  1  0  0  0
  4  5  1  0  0  0
M  END
$$$$
C1=CCCP1
  -ISIS-

  5  5  0  0  0  0  0  0  0  0  1
   -0.1390    4.3750   -2.7572  P  0  0  0  0  0
   -0.2134    2.7681   -2.0532  C  0  0  0  0  0
    0.7499    1.9606   -2.5407  C  0  0  0  0  0
    1.6630    2.5637   -3.5788  C  0  0  0  0  0
    0.9369    3.8003   -4.1360  C  0  0  0  0  0
  1  5  1  0  0  0
  1  2  1  0  0  0
  2  3  2  0  0  0
  3  4  1  0  0  0
  4  5  1  0  0  0
M  END
$$$$
C1=CCCP1
  -ISIS-

  5  5  0  0  0  0  0  0  0  0  1
   -6.4553   -5.1727    1.9568  P  0  0  0  0  0
   -6.8938   -4.6412    3.5826  C  0  0  0  0  0
   -7.7001   -3.5628    3.5496  C  0  0  0  0  0
   -8.0475   -3.0368    2.1672  C  0  0  0  0  0
   -6.8961   -3.5204    1.2157  C  0  0  0  0  0
  1  5  1  0  0  0
  1  2  1  0  0  0
  2  3  2  0  0  0
  3  4  1  0  0  0
  4  5  1  0  0  0
M  END
$$$$
C1=CCCP1
  -ISIS-

  5  5  0  0  0  0  0  0  0  0  1
   -6.4553   -5.1727    1.9568  P  0  0  0  0  0
   -6.8938   -4.6412    3.5826  C  0  0  0  0  0
   -7.7001   -3.5628    3.5496  C  0  0  0  0  0
   -8.0475   -3.0368    2.1672  C  0  0  0  0  0
   -6.8961   -3.5204    1.2157  C  0  0  0  0  0
  1  5  1  0  0  0
  1  2  1  0  0  0
  2  3  2  0  0  0
  3  4  1  0  0  0
  4  5  1  0  0  0
M  END
$$$$
C1=CCCP1
  -ISIS-

  5  5  0  0  0  0  0  0  0  0  1
   -6.4553   -5.1727    1.9568  P  0  0  0  0  0
   -6.8938   -4.6412    3.5826  C  0  0  0  0  0
   -7.7001   -3.5628    3.5496  C  0  0  0  0  0
   -8.0475   -3.0368    2.1672  C  0  0  0  0  0
   -6.8961   -3.5204    1.2157  C  0  0  0  0  0
  1  5  1  0  0  0
  1  2  1  0  0  0
  2  3  2  0  0  0
  3  4  1  0  0  0
  4  5  1  0  0  0
M  END
$$$$
C1=CCCP1
  -ISIS-

  5  5  0  0  0  0  0  0  0  0  1
   -6.4553   -5.1727    1.9568  P  0  0  0  0  0
   -6.8938   -4.6412    3.5826  C  0  0  0  0  0
   -7.7001   -3.5628    3.5496  C  0  0  0  0  0
   -8.0475   -3.0368    2.1672  C  0  0  0  0  0
   -6.8961   -3.5204    1.2157  C  0  0  0  0  0
  1  5  1  0  0  0
  1  2  1  0  0  0
  2  3  2  0  0  0
  3  4  1  0  0  0
  4  5  1  0  0  0
M  END
$$$$
C1=CCCP1
  -ISIS-

  5  5  0  0  0  0  0  0  0  0  1
   -6.4553   -5.1727    1.9568  P  0  0  0  0  0
   -6.8938   -4.6412    3.5826  C  0  0  0  0  0
   -7.7001   -3.5628    3.5496  C  0  0  0  0  0
   -8.0475   -3.0368    2.1672  C  0  0  0  0  0
   -6.8961   -3.5204    1.2157  C  0  0  0  0  0
  1  5  1  0  0  0
  1  2  1  0  0  0
  2  3  2  0  0  0
  3  4  1  0  0  0
  4  5  1  0  0  0
M  END
$$$$
C1=CCCP1
  -ISIS-

  5  5  0  0  0  0  0  0  0  0  1
   -3.9697   -0.9670    3.2089  P  0  0  0  0  0
   -4.9690   -1.7726    4.4155  C  0  0  0  0  0
   -4.2386   -2.5943    5.1953  C  0  0  0  0  0
   -2.7632   -2.6699    4.9009  C  0  0  0  0  0
   -2.4226   -1.4659    4.0207  C  0  0  0  0  0
  1  5  1  0  0  0
  1  2  1  0  0  0
  2  3  2  0  0  0
  3  4  1  0  0  0
  4  5  1  0  0  0
M  END
$$$$
C1=CCCP1
  -ISIS-

  5  5  0  0  0  0  0  0  0  0  1
   -3.9697   -0.9670    3.2089  P  0  0  0  0  0
   -4.9690   -1.7726    4.4155  C  0  0  0  0  0
   -4.2386   -2.5943    5.1953  C  0  0  0  0  0
   -2.7632   -2.6699    4.9009  C  0  0  0  0  0
   -2.4226   -1.4659    4.0207  C  0  0  0  0  0
  1  5  1  0  0  0
  1  2  1  0  0  0
  2  3  2  0  0  0
  3  4  1  0  0  0
  4  5  1  0  0  0
M  END
$$$$
C1=CCCP1
  -ISIS-

  5  5  0  0  0  0  0  0  0  0  1
   -3.9697   -0.9670    3.2089  P  0  0  0  0  0
   -4.9690   -1.7726    4.4155  C  0  0  0  0  0
   -4.2386   -2.5943    5.1953  C  0  0  0  0  0
   -2.7632   -2.6699    4.9009  C  0  0  0  0  0
   -2.4226   -1.4659    4.0207  C  0  0  0  0  0
  1  5  1  0  0  0
  1  2  1  0  0  0
  2  3  2  0  0  0
  3  4  1  0  0  0
  4  5  1  0  0  0
M  END
$$$$
C1=CCCP1
  -ISIS-

  5  5  0  0  0  0  0  0  0  0  1
    4.3081   -2.6094   -2.9178  C  0  0  0  0  0
    3.7018   -1.6960   -1.8820  C  0  0  0  0  0
    2.1782   -1.7652   -2.0628  C  0  0  0  0  0
    1.8248   -3.3450   -2.9068  P  0  0  0  0  0
    3.4671   -3.4715   -3.5083  C  0  0  0  0  0
  1  5  2  0  0  0
  1  2  1  0  0  0
  2  3  1  0  0  0
  3  4  1  0  0  0
  4  5  1  0  0  0
M  END
$$$$
C1=CCCP1
  -ISIS-

  5  5  0  0  0  0  0  0  0  0  1
    4.3081   -2.6094   -2.9178  C  0  0  0  0  0
    3.7018   -1.6960   -1.8820  C  0  0  0  0  0
    2.1782   -1.7652   -2.0628  C  0  0  0  0  0
    1.8248   -3.3450   -2.9068  P  0  0  0  0  0
    3.4671   -3.4715   -3.5083  C  0  0  0  0  0
  1  5  2  0  0  0
  1  2  1  0  0  0
  2  3  1  0  0  0
  3  4  1  0  0  0
  4  5  1  0  0  0
M  END
$$$$
C1=CCCP1
  -ISIS-

  5  5  0  0  0  0  0  0  0  0  1
   -3.9802    6.9404  -10.5818  P  0  0  0  0  0
   -3.7935    5.8161   -9.2466  C  0  0  0  0  0
   -3.0295    4.7502   -9.5390  C  0  0  0  0  0
   -2.4886    4.7361  -10.9568  C  0  0  0  0  0
   -3.2979    5.7496  -11.7752  C  0  0  0  0  0
  1  5  1  0  0  0
  1  2  1  0  0  0
  2  3  2  0  0  0
  3  4  1  0  0  0
  4  5  1  0  0  0
M  END
$$$$
C1=CCCP1
  -ISIS-

  5  5  0  0  0  0  0  0  0  0  1
   -3.9802    6.9404  -10.5818  P  0  0  0  0  0
   -3.7935    5.8161   -9.2466  C  0  0  0  0  0
   -3.0295    4.7502   -9.5390  C  0  0  0  0  0
   -2.4886    4.7361  -10.9568  C  0  0  0  0  0
   -3.2979    5.7496  -11.7752  C  0  0  0  0  0
  1  5  1  0  0  0
  1  2  1  0  0  0
  2  3  2  0  0  0
  3  4  1  0  0  0
  4  5  1  0  0  0
M  END
$$$$
C1=CCCP1
  -ISIS-

  5  5  0  0  0  0  0  0  0  0  1
    1.9942   -5.4436    5.9941  P  0  0  0  0  0
    1.4371   -4.0852    5.0336  C  0  0  0  0  0
    1.9933   -2.9081    5.3734  C  0  0  0  0  0
    2.9858   -3.0087    6.5219  C  0  0  0  0  0
    2.7558   -4.3493    7.2286  C  0  0  0  0  0
  1  5  1  0  0  0
  1  2  1  0  0  0
  2  3  2  0  0  0
  3  4  1  0  0  0
  4  5  1  0  0  0
M  END
$$$$
C1=CCCP1
  -ISIS-

  5  5  0  0  0  0  0  0  0  0  1
    1.9942   -5.4436    5.9941  P  0  0  0  0  0
    1.4371   -4.0852    5.0336  C  0  0  0  0  0
    1.9933   -2.9081    5.3734  C  0  0  0  0  0
    2.9858   -3.0087    6.5219  C  0  0  0  0  0
    2.7558   -4.3493    7.2286  C  0  0  0  0  0
  1  5  1  0  0  0
  1  2  1  0  0  0
  2  3  2  0  0  0
  3  4  1  0  0  0
  4  5  1  0  0  0
M  END
$$$$
C1=CCCP1
  -ISIS-

  5  5  0  0  0  0  0  0  0  0  1
    1.9646   -0.0489    5.9979  P  0  0  0  0  0
    1.1291   -1.3923    5.2360  C  0  0  0  0  0
    1.2668   -1.4494    3.8975  C  0  0  0  0  0
    2.1318   -0.3249    3.3388  C  0  0  0  0  0
    2.2438    0.7712    4.4042  C  0  0  0  0  0
  1  5  1  0  0  0
  1  2  1  0  0  0
  2  3  2  0  0  0
  3  4  1  0  0  0
  4  5  1  0  0  0
M  END
$$$$
C1=CCCP1
  -ISIS-

  5  5  0  0  0  0  0  0  0  0  1
    1.9646   -0.0489    5.9979  P  0  0  0  0  0
    1.1291   -1.3923    5.2360  C  0  0  0  0  0
    1.2668   -1.4494    3.8975  C  0  0  0  0  0
    2.1318   -0.3249    3.3388  C  0  0  0  0  0
    2.2438    0.7712    4.4042  C  0  0  0  0  0
  1  5  1  0  0  0
  1  2  1  0  0  0
  2  3  2  0  0  0
  3  4  1  0  0  0
  4  5  1  0  0  0
M  END
$$$$
C1=CCCP1
  -ISIS-

  5  5  0  0  0  0  0  0  0  0  1
   -8.4654    0.4671   -0.5311  C  0  0  0  0  0
   -9.0687   -0.8851   -0.2500  C  0  0  0  0  0
   -8.3168   -1.9482   -0.5792  C  0  0  0  0  0
   -6.7905   -1.4928   -1.2953  P  0  0  0  0  0
   -6.9739    0.2632   -0.8564  C  0  0  0  0  0
  1  5  1  0  0  0
  1  2  1  0  0  0
  2  3  2  0  0  0
  3  4  1  0  0  0
  4  5  1  0  0  0
M  END
$$$$
C1=CCCP1
  -ISIS-

  5  5  0  0  0  0  0  0  0  0  1
   -8.4654    0.4671   -0.5311  C  0  0  0  0  0
   -9.0687   -0.8851   -0.2500  C  0  0  0  0  0
   -8.3168   -1.9482   -0.5792  C  0  0  0  0  0
   -6.7905   -1.4928   -1.2953  P  0  0  0  0  0
   -6.9739    0.2632   -0.8564  C  0  0  0  0  0
  1  5  1  0  0  0
  1  2  1  0  0  0
  2  3  2  0  0  0
  3  4  1  0  0  0
  4  5  1  0  0  0
M  END
$$$$
C1=CCCP1
  -ISIS-

  5  5  0  0  0  0  0  0  0  0  1
    3.5862    1.9763    3.8295  P  0  0  0  0  0
    2.6597    0.6555    4.5598  C  0  0  0  0  0
    3.2615   -0.5465    4.5089  C  0  0  0  0  0
    4.6256   -0.5086    3.8433  C  0  0  0  0  0
    5.1056    0.9438    3.8844  C  0  0  0  0  0
  1  5  1  0  0  0
  1  2  1  0  0  0
  2  3  2  0  0  0
  3  4  1  0  0  0
  4  5  1  0  0  0
M  END
$$$$
C1=CCCP1
  -ISIS-

  5  5  0  0  0  0  0  0  0  0  1
    3.5862    1.9763    3.8295  P  0  0  0  0  0
    2.6597    0.6555    4.5598  C  0  0  0  0  0
    3.2615   -0.5465    4.5089  C  0  0  0  0  0
    4.6256   -0.5086    3.8433  C  0  0  0  0  0
    5.1056    0.9438    3.8844  C  0  0  0  0  0
  1  5  1  0  0  0
  1  2  1  0  0  0
  2  3  2  0  0  0
  3  4  1  0  0  0
  4  5  1  0  0  0
M  END
$$$$
C1=CCCP1
  -ISIS-

  5  5  0  0  0  0  0  0  0  0  1
   -0.0098   -1.8261    8.4584  C  0  0  0  0  0
    1.0958   -2.4006    7.9511  C  0  0  0  0  0
    1.2416   -2.2467    6.2024  P  0  0  0  0  0
   -0.1790   -1.1077    6.1085  C  0  0  0  0  0
   -0.9228   -1.1769    7.4482  C  0  0  0  0  0
  1  5  1  0  0  0
  1  2  2  0  0  0
  2  3  1  0  0  0
  3  4  1  0  0  0
  4  5  1  0  0  0
M  END
$$$$
C1=CCCP1
  -ISIS-

  5  5  0  0  0  0  0  0  0  0  1
   -0.0098   -1.8261    8.4584  C  0  0  0  0  0
    1.0958   -2.4006    7.9511  C  0  0  0  0  0
    1.2416   -2.2467    6.2024  P  0  0  0  0  0
   -0.1790   -1.1077    6.1085  C  0  0  0  0  0
   -0.9228   -1.1769    7.4482  C  0  0  0  0  0
  1  5  1  0  0  0
  1  2  2  0  0  0
  2  3  1  0  0  0
  3  4  1  0  0  0
  4  5  1  0  0  0
M  END
$$$$
C1=CCCP1
  -ISIS-

  5  5  0  0  0  0  0  0  0  0  1
   -5.1234   -1.9332    2.6105  C  0  0  0  0  0
   -4.9452   -0.2210    3.2281  P  0  0  0  0  0
   -4.4300    0.3340    1.6296  C  0  0  0  0  0
   -4.6934   -0.5466    0.6466  C  0  0  0  0  0
   -5.3567   -1.8224    1.1001  C  0  0  0  0  0
  1  5  1  0  0  0
  1  2  1  0  0  0
  2  3  1  0  0  0
  3  4  2  0  0  0
  4  5  1  0  0  0
M  END
$$$$
C1=CCCP1
  -ISIS-

  5  5  0  0  0  0  0  0  0  0  1
   -5.1234   -1.9332    2.6105  C  0  0  0  0  0
   -4.9452   -0.2210    3.2281  P  0  0  0  0  0
   -4.4300    0.3340    1.6296  C  0  0  0  0  0
   -4.6934   -0.5466    0.6466  C  0  0  0  0  0
   -5.3567   -1.8224    1.1001  C  0  0  0  0  0
  1  5  1  0  0  0
  1  2  1  0  0  0
  2  3  1  0  0  0
  3  4  2  0  0  0
  4  5  1  0  0  0
M  END
$$$$
