C1=CC2C3C(C1C2)CNNC3
  -ISIS-

 11 13  0  0  0  0  0  0  0  0  1
   -4.1429   -1.0968   -0.0042  N  0  0  0  0  0
   -4.3566    0.2841   -0.3306  C  0  0  0  0  0
   -5.5998    0.7815    0.3481  C  0  0  0  0  0
   -6.7041   -0.2505    0.0204  C  0  0  0  0  0
   -6.4178   -1.3486    0.9873  C  0  0  0  0  0
   -5.0891   -1.7524    0.8859  N  0  0  0  0  0
   -7.9771    0.6092    0.0462  C  0  0  0  0  0
   -7.5784    1.8353    0.8817  C  0  0  0  0  0
   -6.2951    2.1145    0.0629  C  0  0  0  0  0
   -6.9314    2.1586   -1.3084  C  0  0  0  0  0
   -7.9679    1.3020   -1.3071  C  0  0  0  0  0
  1  6  1  0  0  0
  1  2  1  0  0  0
  2  3  1  0  0  0
  3  9  1  0  0  0
  3  4  1  0  0  0
  4  5  1  0  0  0
  4  7  1  0  0  0
  5  6  1  0  0  0
  7 11  1  0  0  0
  7  8  1  0  0  0
  8  9  1  0  0  0
  9 10  1  0  0  0
 10 11  2  0  0  0
M  END
$$$$
