C1=CPC2C1CCC2
  -ISIS-

  8  9  0  0  0  0  0  0  0  0  1
    1.5041    2.2725   -4.1392  P  0  0  0  0  0
    2.0710    2.0548   -2.4599  C  0  0  0  0  0
    1.5373    0.9409   -1.9072  C  0  0  0  0  0
    0.6891    0.1527   -2.8587  C  0  0  0  0  0
    0.1013    1.2169   -3.7984  C  0  0  0  0  0
   -0.6608    0.3674   -4.7770  C  0  0  0  0  0
   -1.2916   -0.7125   -3.8673  C  0  0  0  0  0
   -0.5591   -0.6307   -2.5067  C  0  0  0  0  0
  1  5  1  0  0  0
  1  2  1  0  0  0
  2  3  2  0  0  0
  3  4  1  0  0  0
  4  8  1  0  0  0
  4  5  1  0  0  0
  5  6  1  0  0  0
  6  7  1  0  0  0
  7  8  1  0  0  0
M  END
$$$$
C1=CPC2C1CCC2
  -ISIS-

  8  9  0  0  0  0  0  0  0  0  1
    1.5041    2.2725   -4.1392  P  0  0  0  0  0
    2.0710    2.0548   -2.4599  C  0  0  0  0  0
    1.5373    0.9409   -1.9072  C  0  0  0  0  0
    0.6891    0.1527   -2.8587  C  0  0  0  0  0
    0.1013    1.2169   -3.7984  C  0  0  0  0  0
   -0.6608    0.3674   -4.7770  C  0  0  0  0  0
   -1.2916   -0.7125   -3.8673  C  0  0  0  0  0
   -0.5591   -0.6307   -2.5067  C  0  0  0  0  0
  1  5  1  0  0  0
  1  2  1  0  0  0
  2  3  2  0  0  0
  3  4  1  0  0  0
  4  8  1  0  0  0
  4  5  1  0  0  0
  5  6  1  0  0  0
  6  7  1  0  0  0
  7  8  1  0  0  0
M  END
$$$$
C1=CPC2C1CCC2
  -ISIS-

  8  9  0  0  0  0  0  0  0  0  1
    1.5041    2.2725   -4.1392  P  0  0  0  0  0
    2.0710    2.0548   -2.4599  C  0  0  0  0  0
    1.5373    0.9409   -1.9072  C  0  0  0  0  0
    0.6891    0.1527   -2.8587  C  0  0  0  0  0
    0.1013    1.2169   -3.7984  C  0  0  0  0  0
   -0.6608    0.3674   -4.7770  C  0  0  0  0  0
   -1.2916   -0.7125   -3.8673  C  0  0  0  0  0
   -0.5591   -0.6307   -2.5067  C  0  0  0  0  0
  1  5  1  0  0  0
  1  2  1  0  0  0
  2  3  2  0  0  0
  3  4  1  0  0  0
  4  8  1  0  0  0
  4  5  1  0  0  0
  5  6  1  0  0  0
  6  7  1  0  0  0
  7  8  1  0  0  0
M  END
$$$$
C1=CPC2C1CCC2
  -ISIS-

  8  9  0  0  0  0  0  0  0  0  1
   -0.7482   -0.3455    1.5380  P  0  0  0  0  0
   -1.2910   -1.1603    3.0243  C  0  0  0  0  0
   -0.6336   -0.6857    4.1100  C  0  0  0  0  0
    0.3171    0.4295    3.7934  C  0  0  0  0  0
    0.7799    0.1150    2.3643  C  0  0  0  0  0
    1.6547    1.3000    2.0623  C  0  0  0  0  0
    2.4058    1.5128    3.3969  C  0  0  0  0  0
    1.6497    0.6898    4.4670  C  0  0  0  0  0
  1  5  1  0  0  0
  1  2  1  0  0  0
  2  3  2  0  0  0
  3  4  1  0  0  0
  4  8  1  0  0  0
  4  5  1  0  0  0
  5  6  1  0  0  0
  6  7  1  0  0  0
  7  8  1  0  0  0
M  END
$$$$
C1=CPC2C1CCC2
  -ISIS-

  8  9  0  0  0  0  0  0  0  0  1
   -0.7482   -0.3455    1.5380  P  0  0  0  0  0
   -1.2910   -1.1603    3.0243  C  0  0  0  0  0
   -0.6336   -0.6857    4.1100  C  0  0  0  0  0
    0.3171    0.4295    3.7934  C  0  0  0  0  0
    0.7799    0.1150    2.3643  C  0  0  0  0  0
    1.6547    1.3000    2.0623  C  0  0  0  0  0
    2.4058    1.5128    3.3969  C  0  0  0  0  0
    1.6497    0.6898    4.4670  C  0  0  0  0  0
  1  5  1  0  0  0
  1  2  1  0  0  0
  2  3  2  0  0  0
  3  4  1  0  0  0
  4  8  1  0  0  0
  4  5  1  0  0  0
  5  6  1  0  0  0
  6  7  1  0  0  0
  7  8  1  0  0  0
M  END
$$$$
C1=CPC2C1CCC2
  -ISIS-

  8  9  0  0  0  0  0  0  0  0  1
   -0.7482   -0.3455    1.5380  P  0  0  0  0  0
   -1.2910   -1.1603    3.0243  C  0  0  0  0  0
   -0.6336   -0.6857    4.1100  C  0  0  0  0  0
    0.3171    0.4295    3.7934  C  0  0  0  0  0
    0.7799    0.1150    2.3643  C  0  0  0  0  0
    1.6547    1.3000    2.0623  C  0  0  0  0  0
    2.4058    1.5128    3.3969  C  0  0  0  0  0
    1.6497    0.6898    4.4670  C  0  0  0  0  0
  1  5  1  0  0  0
  1  2  1  0  0  0
  2  3  2  0  0  0
  3  4  1  0  0  0
  4  8  1  0  0  0
  4  5  1  0  0  0
  5  6  1  0  0  0
  6  7  1  0  0  0
  7  8  1  0  0  0
M  END
$$$$
