C1C2C3C(CC3)CCC2CC=1
  -ISIS-

 11 13  0  0  0  0  0  0  0  0  1
   -4.9387   -2.4911   -2.4309  C  0  0  0  0  0
   -4.7312   -1.6295   -1.1429  C  0  0  0  0  0
   -4.0599   -2.5245   -0.0551  C  0  0  0  0  0
   -2.9321   -3.4956   -0.5957  C  0  0  0  0  0
   -2.3553   -2.9688   -1.9107  C  0  0  0  0  0
   -3.5838   -3.0073   -2.9349  C  0  0  0  0  0
   -2.5412   -2.7942   -4.0522  C  0  0  0  0  0
   -1.5446   -3.6564   -3.1264  C  0  0  0  0  0
   -6.1877   -1.1322   -0.9199  C  0  0  0  0  0
   -6.5417   -0.8289   -2.3718  C  0  0  0  0  0
   -5.7656   -1.5282   -3.2312  C  0  0  0  0  0
  1  6  1  0  0  0
  1 11  1  0  0  0
  1  2  1  0  0  0
  2  3  1  0  0  0
  2  9  1  0  0  0
  3  4  1  0  0  0
  4  5  1  0  0  0
  5  8  1  0  0  0
  5  6  1  0  0  0
  6  7  1  0  0  0
  7  8  1  0  0  0
  9 10  1  0  0  0
 10 11  2  0  0  0
M  END
$$$$
C1C2C3C(CC3)CCC2CC=1
  -ISIS-

 11 13  0  0  0  0  0  0  0  0  1
   -4.9387   -2.4911   -2.4309  C  0  0  0  0  0
   -4.7312   -1.6295   -1.1429  C  0  0  0  0  0
   -4.0599   -2.5245   -0.0551  C  0  0  0  0  0
   -2.9321   -3.4956   -0.5957  C  0  0  0  0  0
   -2.3553   -2.9688   -1.9107  C  0  0  0  0  0
   -3.5838   -3.0073   -2.9349  C  0  0  0  0  0
   -2.5412   -2.7942   -4.0522  C  0  0  0  0  0
   -1.5446   -3.6564   -3.1264  C  0  0  0  0  0
   -6.1877   -1.1322   -0.9199  C  0  0  0  0  0
   -6.5417   -0.8289   -2.3718  C  0  0  0  0  0
   -5.7656   -1.5282   -3.2312  C  0  0  0  0  0
  1  6  1  0  0  0
  1 11  1  0  0  0
  1  2  1  0  0  0
  2  3  1  0  0  0
  2  9  1  0  0  0
  3  4  1  0  0  0
  4  5  1  0  0  0
  5  8  1  0  0  0
  5  6  1  0  0  0
  6  7  1  0  0  0
  7  8  1  0  0  0
  9 10  1  0  0  0
 10 11  2  0  0  0
M  END
$$$$
C1C2C3C(CC3)CCC2CC=1
  -ISIS-

 11 13  0  0  0  0  0  0  0  0  1
   -4.9387   -2.4911   -2.4309  C  0  0  0  0  0
   -4.7312   -1.6295   -1.1429  C  0  0  0  0  0
   -4.0599   -2.5245   -0.0551  C  0  0  0  0  0
   -2.9321   -3.4956   -0.5957  C  0  0  0  0  0
   -2.3553   -2.9688   -1.9107  C  0  0  0  0  0
   -3.5838   -3.0073   -2.9349  C  0  0  0  0  0
   -2.5412   -2.7942   -4.0522  C  0  0  0  0  0
   -1.5446   -3.6564   -3.1264  C  0  0  0  0  0
   -6.1877   -1.1322   -0.9199  C  0  0  0  0  0
   -6.5417   -0.8289   -2.3718  C  0  0  0  0  0
   -5.7656   -1.5282   -3.2312  C  0  0  0  0  0
  1  6  1  0  0  0
  1 11  1  0  0  0
  1  2  1  0  0  0
  2  3  1  0  0  0
  2  9  1  0  0  0
  3  4  1  0  0  0
  4  5  1  0  0  0
  5  8  1  0  0  0
  5  6  1  0  0  0
  6  7  1  0  0  0
  7  8  1  0  0  0
  9 10  1  0  0  0
 10 11  2  0  0  0
M  END
$$$$
C1C2C3C(CC3)CCC2CC=1
  -ISIS-

 11 13  0  0  0  0  0  0  0  0  1
   -4.9387   -2.4911   -2.4309  C  0  0  0  0  0
   -4.7312   -1.6295   -1.1429  C  0  0  0  0  0
   -4.0599   -2.5245   -0.0551  C  0  0  0  0  0
   -2.9321   -3.4956   -0.5957  C  0  0  0  0  0
   -2.3553   -2.9688   -1.9107  C  0  0  0  0  0
   -3.5838   -3.0073   -2.9349  C  0  0  0  0  0
   -2.5412   -2.7942   -4.0522  C  0  0  0  0  0
   -1.5446   -3.6564   -3.1264  C  0  0  0  0  0
   -6.1877   -1.1322   -0.9199  C  0  0  0  0  0
   -6.5417   -0.8289   -2.3718  C  0  0  0  0  0
   -5.7656   -1.5282   -3.2312  C  0  0  0  0  0
  1  6  1  0  0  0
  1 11  1  0  0  0
  1  2  1  0  0  0
  2  3  1  0  0  0
  2  9  1  0  0  0
  3  4  1  0  0  0
  4  5  1  0  0  0
  5  8  1  0  0  0
  5  6  1  0  0  0
  6  7  1  0  0  0
  7  8  1  0  0  0
  9 10  1  0  0  0
 10 11  2  0  0  0
M  END
$$$$
C1C2C3C(CC3)CCC2CC=1
  -ISIS-

 11 13  0  0  0  0  0  0  0  0  1
   -4.9387   -2.4911   -2.4309  C  0  0  0  0  0
   -4.7312   -1.6295   -1.1429  C  0  0  0  0  0
   -4.0599   -2.5245   -0.0551  C  0  0  0  0  0
   -2.9321   -3.4956   -0.5957  C  0  0  0  0  0
   -2.3553   -2.9688   -1.9107  C  0  0  0  0  0
   -3.5838   -3.0073   -2.9349  C  0  0  0  0  0
   -2.5412   -2.7942   -4.0522  C  0  0  0  0  0
   -1.5446   -3.6564   -3.1264  C  0  0  0  0  0
   -6.1877   -1.1322   -0.9199  C  0  0  0  0  0
   -6.5417   -0.8289   -2.3718  C  0  0  0  0  0
   -5.7656   -1.5282   -3.2312  C  0  0  0  0  0
  1  6  1  0  0  0
  1 11  1  0  0  0
  1  2  1  0  0  0
  2  3  1  0  0  0
  2  9  1  0  0  0
  3  4  1  0  0  0
  4  5  1  0  0  0
  5  8  1  0  0  0
  5  6  1  0  0  0
  6  7  1  0  0  0
  7  8  1  0  0  0
  9 10  1  0  0  0
 10 11  2  0  0  0
M  END
$$$$
