C1C2C(CCC=1)CCN2
  -ISIS-

  9 10  0  0  0  0  0  0  0  0  1
    5.8308   -2.4849    0.3261  N  0  0  0  0  0
    5.5400   -3.0081   -1.0068  C  0  0  0  0  0
    6.7591   -3.8692   -1.3604  C  0  0  0  0  0
    7.1196   -4.4116    0.0088  C  0  0  0  0  0
    6.9811   -3.1616    0.8947  C  0  0  0  0  0
    6.9552   -3.6367    2.3240  C  0  0  0  0  0
    7.7441   -4.6734    2.6875  C  0  0  0  0  0
    8.6148   -5.4479    1.7185  C  0  0  0  0  0
    8.4887   -5.0274    0.2376  C  0  0  0  0  0
  1  5  1  0  0  0
  1  2  1  0  0  0
  2  3  1  0  0  0
  3  4  1  0  0  0
  4  9  1  0  0  0
  4  5  1  0  0  0
  5  6  1  0  0  0
  6  7  2  0  0  0
  7  8  1  0  0  0
  8  9  1  0  0  0
M  END
$$$$
