C1C=CCCCCC=1
  -ISIS-

  8  8  0  0  0  0  0  0  0  0  1
   -3.5365   -0.6619   -2.5119  C  0  0  0  0  0
   -2.4156   -1.3009   -1.8418  C  0  0  0  0  0
   -2.1045   -2.6064   -1.9652  C  0  0  0  0  0
   -2.8582   -3.6207   -2.7769  C  0  0  0  0  0
   -2.3447   -3.7141   -4.2117  C  0  0  0  0  0
   -2.9577   -2.6958   -5.1801  C  0  0  0  0  0
   -2.7284   -1.2214   -4.8285  C  0  0  0  0  0
   -3.7425   -0.6229   -3.8525  C  0  0  0  0  0
  1  8  2  0  0  0
  1  2  1  0  0  0
  2  3  2  0  0  0
  3  4  1  0  0  0
  4  5  1  0  0  0
  5  6  1  0  0  0
  6  7  1  0  0  0
  7  8  1  0  0  0
M  END
$$$$
