C1C=CCC2C(C=1)C2
  -ISIS-

  8  9  0  0  0  0  0  0  0  0  1
    3.8372   -0.0526   -4.2655  C  0  0  0  0  0
    4.1733   -1.4689   -3.9375  C  0  0  0  0  0
    3.7957   -2.3773   -2.8584  C  0  0  0  0  0
    4.7103   -2.9199   -2.0293  C  0  0  0  0  0
    6.1577   -2.7194   -2.1147  C  0  0  0  0  0
    6.8703   -1.7145   -2.6671  C  0  0  0  0  0
    6.3533   -0.4926   -3.3622  C  0  0  0  0  0
    4.9048   -0.2909   -3.2551  C  0  0  0  0  0
  1  8  1  0  0  0
  1  2  1  0  0  0
  2  8  1  0  0  0
  2  3  1  0  0  0
  3  4  2  0  0  0
  4  5  1  0  0  0
  5  6  2  0  0  0
  6  7  1  0  0  0
  7  8  1  0  0  0
M  END
$$$$
