C1C=CC2C(C=1)CCCC2
  -ISIS-

 10 11  0  0  0  0  0  0  0  0  1
    1.2686    5.6595   -0.8114  C  0  0  0  0  0
    1.8118    4.4326   -0.7452  C  0  0  0  0  0
    1.7824    3.6641    0.5548  C  0  0  0  0  0
    1.7853    4.6217    1.7788  C  0  0  0  0  0
    0.8291    5.7738    1.5728  C  0  0  0  0  0
    0.6065    6.2477    0.3347  C  0  0  0  0  0
    1.5243    3.8129    3.0539  C  0  0  0  0  0
    2.6009    2.7377    3.2310  C  0  0  0  0  0
    2.7539    1.8468    1.9971  C  0  0  0  0  0
    2.9221    2.6505    0.7040  C  0  0  0  0  0
  1  6  1  0  0  0
  1  2  2  0  0  0
  2  3  1  0  0  0
  3 10  1  0  0  0
  3  4  1  0  0  0
  4  5  1  0  0  0
  4  7  1  0  0  0
  5  6  2  0  0  0
  7  8  1  0  0  0
  8  9  1  0  0  0
  9 10  1  0  0  0
M  END
$$$$
C1C=CC2C(C=1)CCCC2
  -ISIS-

 10 11  0  0  0  0  0  0  0  0  1
    3.8534   -1.4124   -2.3691  C  0  0  0  0  0
    4.9719   -1.8866   -2.9544  C  0  0  0  0  0
    4.8858   -2.6378   -4.2663  C  0  0  0  0  0
    3.5478   -3.4123   -4.3930  C  0  0  0  0  0
    2.3874   -2.5558   -3.9527  C  0  0  0  0  0
    2.5610   -1.6281   -2.9963  C  0  0  0  0  0
    3.4121   -3.9624   -5.8169  C  0  0  0  0  0
    4.5843   -4.8928   -6.1421  C  0  0  0  0  0
    5.9436   -4.2356   -5.8976  C  0  0  0  0  0
    6.0524   -3.6033   -4.5068  C  0  0  0  0  0
  1  6  1  0  0  0
  1  2  2  0  0  0
  2  3  1  0  0  0
  3 10  1  0  0  0
  3  4  1  0  0  0
  4  5  1  0  0  0
  4  7  1  0  0  0
  5  6  2  0  0  0
  7  8  1  0  0  0
  8  9  1  0  0  0
  9 10  1  0  0  0
M  END
$$$$
C1C=CC2C(C=1)CCCC2
  -ISIS-

 10 11  0  0  0  0  0  0  0  0  1
    1.5363    2.4961   -4.4190  C  0  0  0  0  0
    1.9393    1.1089   -4.9460  C  0  0  0  0  0
    0.7648    0.2868   -5.4837  C  0  0  0  0  0
   -0.4043    0.2148   -4.4993  C  0  0  0  0  0
   -0.8451    1.6226   -4.0874  C  0  0  0  0  0
    0.3527    2.3688   -3.4336  C  0  0  0  0  0
   -0.0955    3.6639   -2.7875  C  0  0  0  0  0
   -1.3368    3.7765   -2.2869  C  0  0  0  0  0
   -2.2663    2.6687   -2.3491  C  0  0  0  0  0
   -2.0594    1.6395   -3.1871  C  0  0  0  0  0
  1  6  1  0  0  0
  1  2  1  0  0  0
  2  3  1  0  0  0
  3  4  1  0  0  0
  4  5  1  0  0  0
  5 10  1  0  0  0
  5  6  1  0  0  0
  6  7  1  0  0  0
  7  8  2  0  0  0
  8  9  1  0  0  0
  9 10  2  0  0  0
M  END
$$$$
