N12C(OCCC1)CC2
  -ISIS-

  8  9  0  0  0  0  0  0  0  0  1
    2.7099    1.5507    0.1984  C  0  0  0  0  0
    2.1465    1.0022    1.5447  C  0  0  0  0  0
    1.1020    1.7869    2.1644  O  0  0  0  0  0
    1.1908    1.9039    3.5853  C  0  0  0  0  0
    2.5460    2.4826    3.9775  C  0  0  0  0  0
    3.6631    1.5589    3.5005  C  0  0  0  0  0
    3.4863    1.2010    2.1146  N  0  0  0  0  0
    3.9020    2.0070    1.0915  C  0  0  0  0  0
  1  8  1  0  0  0
  1  2  1  0  0  0
  2  7  1  0  0  0
  2  3  1  0  0  0
  3  4  1  0  0  0
  4  5  1  0  0  0
  5  6  1  0  0  0
  6  7  1  0  0  0
  7  8  1  0  0  0
M  END
$$$$
