N12C(OCCC1)CCC2
  -ISIS-

  9 10  0  0  0  0  0  0  0  0  1
   -0.3910    0.5429   -3.1941  C  0  0  0  0  0
   -1.1250    1.8188   -2.7826  C  0  0  0  0  0
   -0.8662    2.8258   -3.8968  C  0  0  0  0  0
    0.3934    2.3208   -4.5237  N  0  0  0  0  0
    0.9248    2.8820   -5.8190  C  0  0  0  0  0
    2.2166    2.0953   -6.1544  C  0  0  0  0  0
    2.1703    0.5761   -5.9124  C  0  0  0  0  0
    1.5296    0.2555   -4.6728  O  0  0  0  0  0
    0.2611    0.8387   -4.5371  C  0  0  0  0  0
  1  9  1  0  0  0
  1  2  1  0  0  0
  2  3  1  0  0  0
  3  4  1  0  0  0
  4  9  1  0  0  0
  4  5  1  0  0  0
  5  6  1  0  0  0
  6  7  1  0  0  0
  7  8  1  0  0  0
  8  9  1  0  0  0
M  END
$$$$
