N12C=CSC1NC=C2
  -ISIS-

  8  9  0  0  0  0  0  0  0  0  1
    4.1672    0.1593    0.5104  C  0  0  0  0  0
    3.4740   -0.5728   -0.4507  N  0  0  0  0  0
    4.2832   -1.6463   -0.8077  C  0  0  0  0  0
    5.4373   -1.5985   -0.0832  C  0  0  0  0  0
    5.3979   -0.4477    0.7598  N  0  0  0  0  0
    2.1647   -0.1507   -0.5933  C  0  0  0  0  0
    1.8781    0.9151    0.1911  C  0  0  0  0  0
    3.2312    1.4636    1.1981  S  0  0  0  0  0
  1  5  1  0  0  0
  1  8  1  0  0  0
  1  2  1  0  0  0
  2  3  1  0  0  0
  2  6  1  0  0  0
  3  4  2  0  0  0
  4  5  1  0  0  0
  6  7  2  0  0  0
  7  8  1  0  0  0
M  END
$$$$
