N12C=CCCC1OCCC2
  -ISIS-

 10 11  0  0  0  0  0  0  0  0  1
    3.8252   -8.0760    2.1760  C  0  0  0  0  0
    2.6551   -8.2054    2.8431  C  0  0  0  0  0
    2.5504   -7.9527    4.2362  N  0  0  0  0  0
    1.2916   -7.4104    4.7942  C  0  0  0  0  0
    1.4122   -5.9032    4.9397  C  0  0  0  0  0
    2.6458   -5.5654    5.7534  C  0  0  0  0  0
    3.8056   -6.1782    5.2082  O  0  0  0  0  0
    3.7490   -7.5951    5.0639  C  0  0  0  0  0
    5.0324   -8.0947    4.3605  C  0  0  0  0  0
    5.1178   -7.7137    2.8692  C  0  0  0  0  0
  1 10  1  0  0  0
  1  2  2  0  0  0
  2  3  1  0  0  0
  3  8  1  0  0  0
  3  4  1  0  0  0
  4  5  1  0  0  0
  5  6  1  0  0  0
  6  7  1  0  0  0
  7  8  1  0  0  0
  8  9  1  0  0  0
  9 10  1  0  0  0
M  END
$$$$
