N12CN3CN(C1)CC(C2)C3
  -ISIS-

 10 12  0  0  0  0  0  0  0  0  1
   -2.3333    0.2039   -2.6714  C  0  0  0  0  0
   -0.8134    0.4280   -2.3695  C  0  0  0  0  0
   -0.0676    0.1656   -3.7205  C  0  0  0  0  0
   -0.6471    1.0794   -4.8043  N  0  0  0  0  0
   -2.0703    0.8083   -5.0969  C  0  0  0  0  0
   -2.7596    1.1153   -3.8260  N  0  0  0  0  0
   -2.6433    2.5540   -3.5075  C  0  0  0  0  0
   -1.1964    2.7526   -3.2811  N  0  0  0  0  0
   -0.6567    1.9599   -2.0872  C  0  0  0  0  0
   -0.4396    2.5165   -4.5286  C  0  0  0  0  0
  1  6  1  0  0  0
  1  2  1  0  0  0
  2  9  1  0  0  0
  2  3  1  0  0  0
  3  4  1  0  0  0
  4 10  1  0  0  0
  4  5  1  0  0  0
  5  6  1  0  0  0
  6  7  1  0  0  0
  7  8  1  0  0  0
  8  9  1  0  0  0
  8 10  1  0  0  0
M  END
$$$$
N12CN3CN(C1)CC(C2)C3
  -ISIS-

 10 12  0  0  0  0  0  0  0  0  1
   -3.9308   -0.4711    1.3297  C  0  0  0  0  0
   -3.4295    0.6499    2.3007  C  0  0  0  0  0
   -2.2153    0.0329    3.0726  C  0  0  0  0  0
   -2.6583   -1.2609    3.7620  N  0  0  0  0  0
   -3.0799   -2.3130    2.8133  C  0  0  0  0  0
   -4.2580   -1.7309    2.1368  N  0  0  0  0  0
   -5.3643   -1.5375    3.0977  C  0  0  0  0  0
   -4.8479   -0.5177    4.0345  N  0  0  0  0  0
   -4.5635    0.8299    3.3648  C  0  0  0  0  0
   -3.6954   -1.0472    4.7932  C  0  0  0  0  0
  1  6  1  0  0  0
  1  2  1  0  0  0
  2  9  1  0  0  0
  2  3  1  0  0  0
  3  4  1  0  0  0
  4 10  1  0  0  0
  4  5  1  0  0  0
  5  6  1  0  0  0
  6  7  1  0  0  0
  7  8  1  0  0  0
  8  9  1  0  0  0
  8 10  1  0  0  0
M  END
$$$$
N12CN3CN(C1)CC(C2)C3
  -ISIS-

 10 12  0  0  0  0  0  0  0  0  1
    4.7791    1.5114   -2.2494  C  0  0  0  0  0
    5.6553    0.2903   -2.5489  C  0  0  0  0  0
    4.9689   -0.9330   -1.9597  N  0  0  0  0  0
    4.8657   -0.8502   -0.4958  C  0  0  0  0  0
    3.9961    0.3077   -0.2422  N  0  0  0  0  0
    2.6512    0.0981   -0.7908  C  0  0  0  0  0
    2.8459   -0.0142   -2.2443  N  0  0  0  0  0
    3.4012    1.2681   -2.8558  C  0  0  0  0  0
    3.6627   -1.1914   -2.5760  C  0  0  0  0  0
    4.6245    1.6054   -0.7284  C  0  0  0  0  0
  1  8  1  0  0  0
  1 10  1  0  0  0
  1  2  1  0  0  0
  2  3  1  0  0  0
  3  9  1  0  0  0
  3  4  1  0  0  0
  4  5  1  0  0  0
  5  6  1  0  0  0
  5 10  1  0  0  0
  6  7  1  0  0  0
  7  8  1  0  0  0
  7  9  1  0  0  0
M  END
$$$$
N12CN3CN(C1)CC(C2)C3
  -ISIS-

 10 12  0  0  0  0  0  0  0  0  1
   -5.8226    1.4032   -0.0575  C  0  0  0  0  0
   -4.7584    1.5976   -1.1420  C  0  0  0  0  0
   -5.1306    0.7370   -2.3423  N  0  0  0  0  0
   -6.4155    1.1362   -2.9343  C  0  0  0  0  0
   -7.4133    0.8725   -1.8884  N  0  0  0  0  0
   -7.4855   -0.5518   -1.5605  C  0  0  0  0  0
   -6.1615   -0.8745   -1.0216  N  0  0  0  0  0
   -5.8610   -0.1115    0.2564  C  0  0  0  0  0
   -5.1128   -0.6961   -2.0321  C  0  0  0  0  0
   -7.1898    1.7461   -0.6618  C  0  0  0  0  0
  1  8  1  0  0  0
  1 10  1  0  0  0
  1  2  1  0  0  0
  2  3  1  0  0  0
  3  9  1  0  0  0
  3  4  1  0  0  0
  4  5  1  0  0  0
  5  6  1  0  0  0
  5 10  1  0  0  0
  6  7  1  0  0  0
  7  8  1  0  0  0
  7  9  1  0  0  0
M  END
$$$$
N12CN3CN(C1)CC(C2)C3
  -ISIS-

 10 12  0  0  0  0  0  0  0  0  1
   -3.6139    5.2101   -0.3163  C  0  0  0  0  0
   -4.1306    4.3079   -1.4326  C  0  0  0  0  0
   -3.2003    3.1034   -1.5311  N  0  0  0  0  0
   -1.8227    3.4839   -1.8847  C  0  0  0  0  0
   -1.3582    4.3164   -0.7666  N  0  0  0  0  0
   -1.3086    3.5437    0.4841  C  0  0  0  0  0
   -2.7014    3.1542    0.7388  N  0  0  0  0  0
   -3.5912    4.3627    0.9749  C  0  0  0  0  0
   -3.2196    2.2776   -0.3146  C  0  0  0  0  0
   -2.1660    5.5988   -0.6154  C  0  0  0  0  0
  1  8  1  0  0  0
  1 10  1  0  0  0
  1  2  1  0  0  0
  2  3  1  0  0  0
  3  9  1  0  0  0
  3  4  1  0  0  0
  4  5  1  0  0  0
  5  6  1  0  0  0
  5 10  1  0  0  0
  6  7  1  0  0  0
  7  8  1  0  0  0
  7  9  1  0  0  0
M  END
$$$$
N12CN3CN(C1)CC(C2)C3
  -ISIS-

 10 12  0  0  0  0  0  0  0  0  1
    0.1219    3.0606    3.4853  C  0  0  0  0  0
    0.0311    1.5455    3.1041  C  0  0  0  0  0
   -0.0829    1.4117    1.5814  N  0  0  0  0  0
   -1.3179    2.0095    1.0337  C  0  0  0  0  0
   -1.1898    3.4453    1.3522  N  0  0  0  0  0
   -0.0541    4.0427    0.6222  C  0  0  0  0  0
    1.1291    3.3617    1.1865  N  0  0  0  0  0
    1.3332    3.6398    2.6795  C  0  0  0  0  0
    1.1022    1.9209    0.8601  C  0  0  0  0  0
   -1.1531    3.7265    2.8537  C  0  0  0  0  0
  1  8  1  0  0  0
  1 10  1  0  0  0
  1  2  1  0  0  0
  2  3  1  0  0  0
  3  9  1  0  0  0
  3  4  1  0  0  0
  4  5  1  0  0  0
  5  6  1  0  0  0
  5 10  1  0  0  0
  6  7  1  0  0  0
  7  8  1  0  0  0
  7  9  1  0  0  0
M  END
$$$$
N12CN3CN(C1)CC(C2)C3
  -ISIS-

 10 12  0  0  0  0  0  0  0  0  1
    4.0379   -0.4495   -4.0726  N  0  0  0  0  0
    3.8735   -1.9005   -3.6310  C  0  0  0  0  0
    3.8891   -2.7953   -4.8914  C  0  0  0  0  0
    2.7455   -2.3019   -5.8032  C  0  0  0  0  0
    2.9734   -0.8234   -6.1092  N  0  0  0  0  0
    4.2167   -0.5912   -6.8582  C  0  0  0  0  0
    5.2871   -1.0312   -5.9539  N  0  0  0  0  0
    5.3303   -0.2110   -4.7335  C  0  0  0  0  0
    5.2110   -2.5233   -5.6452  C  0  0  0  0  0
    2.9177    0.0136   -4.9020  C  0  0  0  0  0
  1  8  1  0  0  0
  1 10  1  0  0  0
  1  2  1  0  0  0
  2  3  1  0  0  0
  3  9  1  0  0  0
  3  4  1  0  0  0
  4  5  1  0  0  0
  5  6  1  0  0  0
  5 10  1  0  0  0
  6  7  1  0  0  0
  7  8  1  0  0  0
  7  9  1  0  0  0
M  END
$$$$
N12CN3CN(C1)CC(C2)C3
  -ISIS-

 10 12  0  0  0  0  0  0  0  0  1
    6.8512   -8.4440   -3.8951  C  0  0  0  0  0
    6.2642   -9.7051   -3.2288  C  0  0  0  0  0
    7.2399  -10.1891   -2.1680  N  0  0  0  0  0
    7.4181   -9.2040   -1.0957  C  0  0  0  0  0
    8.0366   -8.0412   -1.7417  N  0  0  0  0  0
    9.3519   -8.3621   -2.2952  C  0  0  0  0  0
    9.0936   -9.3749   -3.3225  N  0  0  0  0  0
    8.2422   -8.8310   -4.4532  C  0  0  0  0  0
    8.5262  -10.5963   -2.7402  C  0  0  0  0  0
    7.1091   -7.4153   -2.7723  C  0  0  0  0  0
  1  8  1  0  0  0
  1 10  1  0  0  0
  1  2  1  0  0  0
  2  3  1  0  0  0
  3  9  1  0  0  0
  3  4  1  0  0  0
  4  5  1  0  0  0
  5  6  1  0  0  0
  5 10  1  0  0  0
  6  7  1  0  0  0
  7  8  1  0  0  0
  7  9  1  0  0  0
M  END
$$$$
N12CN3CN(C1)CC(C2)C3
  -ISIS-

 10 12  0  0  0  0  0  0  0  0  1
    3.2545   -0.0560    7.2310  C  0  0  0  0  0
    3.0418    0.4220    8.6634  C  0  0  0  0  0
    4.4119    0.7413    9.2532  N  0  0  0  0  0
    5.0852    1.8384    8.5418  C  0  0  0  0  0
    5.2928    1.3361    7.1789  N  0  0  0  0  0
    6.1879    0.1702    7.1663  C  0  0  0  0  0
    5.4779   -0.8609    7.9372  N  0  0  0  0  0
    4.1783   -1.2773    7.2643  C  0  0  0  0  0
    5.2778   -0.4452    9.3303  C  0  0  0  0  0
    3.9821    1.0514    6.4608  C  0  0  0  0  0
  1  8  1  0  0  0
  1 10  1  0  0  0
  1  2  1  0  0  0
  2  3  1  0  0  0
  3  9  1  0  0  0
  3  4  1  0  0  0
  4  5  1  0  0  0
  5  6  1  0  0  0
  5 10  1  0  0  0
  6  7  1  0  0  0
  7  8  1  0  0  0
  7  9  1  0  0  0
M  END
$$$$
N12CN3CN(C1)CC(C2)C3
  -ISIS-

 10 12  0  0  0  0  0  0  0  0  1
    3.1194    0.4650    0.9086  C  0  0  0  0  0
    4.0877    1.5019    0.3261  C  0  0  0  0  0
    5.0023    1.9941    1.4391  N  0  0  0  0  0
    4.2757    2.6987    2.4960  C  0  0  0  0  0
    3.3840    1.6870    3.0693  N  0  0  0  0  0
    4.1411    0.5953    3.6920  C  0  0  0  0  0
    4.8742   -0.0311    2.5871  N  0  0  0  0  0
    3.9468   -0.6528    1.5511  C  0  0  0  0  0
    5.8300    0.9088    1.9837  C  0  0  0  0  0
    2.3704    1.1775    2.0599  C  0  0  0  0  0
  1  8  1  0  0  0
  1 10  1  0  0  0
  1  2  1  0  0  0
  2  3  1  0  0  0
  3  9  1  0  0  0
  3  4  1  0  0  0
  4  5  1  0  0  0
  5  6  1  0  0  0
  5 10  1  0  0  0
  6  7  1  0  0  0
  7  8  1  0  0  0
  7  9  1  0  0  0
M  END
$$$$
N12CN3CN(C1)CC(C2)C3
  -ISIS-

 10 12  0  0  0  0  0  0  0  0  1
   -1.6767   -1.0299   -5.6379  C  0  0  0  0  0
   -0.8501   -1.9504   -6.5357  C  0  0  0  0  0
   -1.7145   -2.3436   -7.7264  N  0  0  0  0  0
   -2.8859   -3.1361   -7.3212  C  0  0  0  0  0
   -3.6815   -2.2275   -6.4859  N  0  0  0  0  0
   -4.1592   -1.0705   -7.2474  C  0  0  0  0  0
   -2.9376   -0.3568   -7.6483  N  0  0  0  0  0
   -2.1512    0.1696   -6.4523  C  0  0  0  0  0
   -2.1139   -1.1881   -8.5416  C  0  0  0  0  0
   -2.9368   -1.8223   -5.2252  C  0  0  0  0  0
  1  8  1  0  0  0
  1 10  1  0  0  0
  1  2  1  0  0  0
  2  3  1  0  0  0
  3  9  1  0  0  0
  3  4  1  0  0  0
  4  5  1  0  0  0
  5  6  1  0  0  0
  5 10  1  0  0  0
  6  7  1  0  0  0
  7  8  1  0  0  0
  7  9  1  0  0  0
M  END
$$$$
N12CN3CN(C1)CC(C2)C3
  -ISIS-

 10 12  0  0  0  0  0  0  0  0  1
    5.3024   -6.7523   -0.5273  C  0  0  0  0  0
    5.4600   -8.2217    0.0164  C  0  0  0  0  0
    6.5343   -8.2657    1.1021  N  0  0  0  0  0
    6.1850   -7.4697    2.2951  C  0  0  0  0  0
    6.1000   -6.0914    1.7858  N  0  0  0  0  0
    7.4160   -5.6190    1.3127  C  0  0  0  0  0
    7.7215   -6.4992    0.1638  N  0  0  0  0  0
    6.7350   -6.3387   -0.9994  C  0  0  0  0  0
    7.8760   -7.8974    0.6088  C  0  0  0  0  0
    4.9909   -5.8902    0.7487  C  0  0  0  0  0
  1  8  1  0  0  0
  1 10  1  0  0  0
  1  2  1  0  0  0
  2  3  1  0  0  0
  3  9  1  0  0  0
  3  4  1  0  0  0
  4  5  1  0  0  0
  5  6  1  0  0  0
  5 10  1  0  0  0
  6  7  1  0  0  0
  7  8  1  0  0  0
  7  9  1  0  0  0
M  END
$$$$
N12CN3CN(C1)CC(C2)C3
  -ISIS-

 10 12  0  0  0  0  0  0  0  0  1
    3.4827    4.2281   -5.1746  C  0  0  0  0  0
    2.9114    5.0833   -6.3012  C  0  0  0  0  0
    4.0552    5.8947   -6.9007  N  0  0  0  0  0
    5.0777    5.0449   -7.5290  C  0  0  0  0  0
    5.6272    4.2484   -6.4289  N  0  0  0  0  0
    6.2972    5.0914   -5.4304  C  0  0  0  0  0
    5.2309    5.9453   -4.8846  N  0  0  0  0  0
    4.1676    5.1362   -4.1534  C  0  0  0  0  0
    4.6643    6.8141   -5.9254  C  0  0  0  0  0
    4.5855    3.3422   -5.7950  C  0  0  0  0  0
  1  8  1  0  0  0
  1 10  1  0  0  0
  1  2  1  0  0  0
  2  3  1  0  0  0
  3  9  1  0  0  0
  3  4  1  0  0  0
  4  5  1  0  0  0
  5  6  1  0  0  0
  5 10  1  0  0  0
  6  7  1  0  0  0
  7  8  1  0  0  0
  7  9  1  0  0  0
M  END
$$$$
N12CN3CN(C1)CC(C2)C3
  -ISIS-

 10 12  0  0  0  0  0  0  0  0  1
    4.9186   -1.4032   -0.8684  C  0  0  0  0  0
    5.7069   -0.1902   -1.3896  C  0  0  0  0  0
    4.8938    1.0632   -1.0956  N  0  0  0  0  0
    4.7277    1.2843    0.3474  C  0  0  0  0  0
    3.9442    0.1408    0.8250  N  0  0  0  0  0
    2.6133    0.0989    0.2113  C  0  0  0  0  0
    2.8564   -0.0789   -1.2268  N  0  0  0  0  0
    3.5303   -1.4102   -1.5297  C  0  0  0  0  0
    3.5971    1.0597   -1.7864  C  0  0  0  0  0
    4.6892   -1.1677    0.6449  C  0  0  0  0  0
  1  8  1  0  0  0
  1 10  1  0  0  0
  1  2  1  0  0  0
  2  3  1  0  0  0
  3  9  1  0  0  0
  3  4  1  0  0  0
  4  5  1  0  0  0
  5  6  1  0  0  0
  5 10  1  0  0  0
  6  7  1  0  0  0
  7  8  1  0  0  0
  7  9  1  0  0  0
M  END
$$$$
N12CN3CN(C1)CC(C2)C3
  -ISIS-

 10 12  0  0  0  0  0  0  0  0  1
    0.3323    1.1601   -0.4230  C  0  0  0  0  0
   -0.1843    0.5951    0.9027  C  0  0  0  0  0
    0.6078    1.2459    2.0274  N  0  0  0  0  0
    0.4118    2.6997    2.0820  C  0  0  0  0  0
    0.9453    3.2042    0.8075  N  0  0  0  0  0
    2.3884    2.9429    0.7011  C  0  0  0  0  0
    2.5094    1.4808    0.6995  N  0  0  0  0  0
    1.8311    0.8451   -0.5045  C  0  0  0  0  0
    2.0354    0.9002    1.9637  C  0  0  0  0  0
    0.1696    2.6767   -0.3948  C  0  0  0  0  0
  1  8  1  0  0  0
  1 10  1  0  0  0
  1  2  1  0  0  0
  2  3  1  0  0  0
  3  9  1  0  0  0
  3  4  1  0  0  0
  4  5  1  0  0  0
  5  6  1  0  0  0
  5 10  1  0  0  0
  6  7  1  0  0  0
  7  8  1  0  0  0
  7  9  1  0  0  0
M  END
$$$$
N12CN3CN(C1)CC(C2)C3
  -ISIS-

 10 12  0  0  0  0  0  0  0  0  1
   -6.0450    3.0190   -0.4541  C  0  0  0  0  0
   -6.9443    2.4584    0.6679  C  0  0  0  0  0
   -6.4728    3.0365    1.9928  N  0  0  0  0  0
   -6.6255    4.4960    2.0370  C  0  0  0  0  0
   -5.7347    5.0002    0.9821  N  0  0  0  0  0
   -4.3311    4.6691    1.2672  C  0  0  0  0  0
   -4.2749    3.1988    1.2560  N  0  0  0  0  0
   -4.6098    2.6201   -0.1131  C  0  0  0  0  0
   -5.1052    2.6276    2.3237  C  0  0  0  0  0
   -6.1717    4.5409   -0.4025  C  0  0  0  0  0
  1  8  1  0  0  0
  1 10  1  0  0  0
  1  2  1  0  0  0
  2  3  1  0  0  0
  3  9  1  0  0  0
  3  4  1  0  0  0
  4  5  1  0  0  0
  5  6  1  0  0  0
  5 10  1  0  0  0
  6  7  1  0  0  0
  7  8  1  0  0  0
  7  9  1  0  0  0
M  END
$$$$
N12CN3CN(C1)CC(C2)C3
  -ISIS-

 10 12  0  0  0  0  0  0  0  0  1
   -2.8493    3.7270    1.5625  C  0  0  0  0  0
   -4.2473    3.8520    0.9354  C  0  0  0  0  0
   -5.2741    3.4769    1.9919  N  0  0  0  0  0
   -5.2578    4.4033    3.1274  C  0  0  0  0  0
   -3.9313    4.2386    3.7320  N  0  0  0  0  0
   -3.7387    2.8785    4.2420  C  0  0  0  0  0
   -3.8090    2.0134    3.0593  N  0  0  0  0  0
   -2.6891    2.2908    2.0687  C  0  0  0  0  0
   -5.1336    2.0846    2.4281  C  0  0  0  0  0
   -2.8244    4.6626    2.7844  C  0  0  0  0  0
  1  8  1  0  0  0
  1 10  1  0  0  0
  1  2  1  0  0  0
  2  3  1  0  0  0
  3  9  1  0  0  0
  3  4  1  0  0  0
  4  5  1  0  0  0
  5  6  1  0  0  0
  5 10  1  0  0  0
  6  7  1  0  0  0
  7  8  1  0  0  0
  7  9  1  0  0  0
M  END
$$$$
N12CN3CN(C1)CC(C2)C3
  -ISIS-

 10 12  0  0  0  0  0  0  0  0  1
   -1.9646    1.6692   -2.4172  C  0  0  0  0  0
   -2.5964    2.9836   -2.8748  C  0  0  0  0  0
   -3.1366    2.7758   -4.2834  N  0  0  0  0  0
   -2.0640    2.4862   -5.2471  C  0  0  0  0  0
   -1.4941    1.2067   -4.8041  N  0  0  0  0  0
   -2.4789    0.1230   -4.8771  C  0  0  0  0  0
   -3.5302    0.5042   -3.9228  N  0  0  0  0  0
   -3.0180    0.5676   -2.4879  C  0  0  0  0  0
   -4.1893    1.7528   -4.3370  C  0  0  0  0  0
   -0.8588    1.3182   -3.4277  C  0  0  0  0  0
  1  8  1  0  0  0
  1 10  1  0  0  0
  1  2  1  0  0  0
  2  3  1  0  0  0
  3  9  1  0  0  0
  3  4  1  0  0  0
  4  5  1  0  0  0
  5  6  1  0  0  0
  5 10  1  0  0  0
  6  7  1  0  0  0
  7  8  1  0  0  0
  7  9  1  0  0  0
M  END
$$$$
N12CN3CN(C1)CC(C2)C3
  -ISIS-

 10 12  0  0  0  0  0  0  0  0  1
   -1.1188    4.2747   -4.9655  C  0  0  0  0  0
    0.1550    3.4309   -4.8448  C  0  0  0  0  0
   -0.2043    1.9915   -5.1814  N  0  0  0  0  0
   -0.6592    1.8522   -6.5722  C  0  0  0  0  0
   -1.8955    2.6442   -6.6475  N  0  0  0  0  0
   -2.9338    2.1017   -5.7635  C  0  0  0  0  0
   -2.3878    2.2400   -4.4048  N  0  0  0  0  0
   -2.1630    3.6977   -4.0157  C  0  0  0  0  0
   -1.1756    1.4235   -4.2397  C  0  0  0  0  0
   -1.6372    4.1229   -6.3988  C  0  0  0  0  0
  1  8  1  0  0  0
  1 10  1  0  0  0
  1  2  1  0  0  0
  2  3  1  0  0  0
  3  9  1  0  0  0
  3  4  1  0  0  0
  4  5  1  0  0  0
  5  6  1  0  0  0
  5 10  1  0  0  0
  6  7  1  0  0  0
  7  8  1  0  0  0
  7  9  1  0  0  0
M  END
$$$$
N12CN3CN(C1)CC(C2)C3
  -ISIS-

 10 12  0  0  0  0  0  0  0  0  1
   -1.9661    4.1796   -0.8319  C  0  0  0  0  0
   -1.9561    4.3881    0.6874  C  0  0  0  0  0
   -0.8785    3.4910    1.2768  N  0  0  0  0  0
   -1.1709    2.0683    1.0556  C  0  0  0  0  0
   -1.1357    1.8927   -0.4026  N  0  0  0  0  0
    0.1952    2.1827   -0.9458  C  0  0  0  0  0
    0.4272    3.6026   -0.6495  N  0  0  0  0  0
   -0.5688    4.5094   -1.3600  C  0  0  0  0  0
    0.4624    3.8435    0.7991  C  0  0  0  0  0
   -2.2290    2.6917   -1.0949  C  0  0  0  0  0
  1  8  1  0  0  0
  1 10  1  0  0  0
  1  2  1  0  0  0
  2  3  1  0  0  0
  3  9  1  0  0  0
  3  4  1  0  0  0
  4  5  1  0  0  0
  5  6  1  0  0  0
  5 10  1  0  0  0
  6  7  1  0  0  0
  7  8  1  0  0  0
  7  9  1  0  0  0
M  END
$$$$
N12CN3CN(C1)CC(C2)C3
  -ISIS-

 10 12  0  0  0  0  0  0  0  0  1
   -2.8278    3.3577   -6.0280  C  0  0  0  0  0
   -1.8388    2.6458   -6.9567  C  0  0  0  0  0
   -2.2739    2.8974   -8.3943  N  0  0  0  0  0
   -2.2096    4.3145   -8.7592  C  0  0  0  0  0
   -3.1883    4.9753   -7.8866  N  0  0  0  0  0
   -4.5483    4.5047   -8.1612  C  0  0  0  0  0
   -4.5280    3.0841   -7.8151  N  0  0  0  0  0
   -4.2470    2.8512   -6.3367  C  0  0  0  0  0
   -3.6004    2.3298   -8.6688  C  0  0  0  0  0
   -2.8189    4.8486   -6.4168  C  0  0  0  0  0
  1  8  1  0  0  0
  1 10  1  0  0  0
  1  2  1  0  0  0
  2  3  1  0  0  0
  3  9  1  0  0  0
  3  4  1  0  0  0
  4  5  1  0  0  0
  5  6  1  0  0  0
  5 10  1  0  0  0
  6  7  1  0  0  0
  7  8  1  0  0  0
  7  9  1  0  0  0
M  END
$$$$
N12CN3CN(C1)CC(C2)C3
  -ISIS-

 10 12  0  0  0  0  0  0  0  0  1
   -1.7112    4.1216    0.7714  C  0  0  0  0  0
   -2.5463    2.9181    1.2171  C  0  0  0  0  0
   -3.9728    3.3979    1.4435  N  0  0  0  0  0
   -4.0650    4.3975    2.5145  C  0  0  0  0  0
   -3.2761    5.5434    2.0352  N  0  0  0  0  0
   -3.8741    6.1208    0.8216  C  0  0  0  0  0
   -3.7902    5.0564   -0.1844  N  0  0  0  0  0
   -2.3534    4.6770   -0.5074  C  0  0  0  0  0
   -4.5911    3.8859    0.2017  C  0  0  0  0  0
   -1.8024    5.1966    1.8488  C  0  0  0  0  0
  1  8  1  0  0  0
  1 10  1  0  0  0
  1  2  1  0  0  0
  2  3  1  0  0  0
  3  9  1  0  0  0
  3  4  1  0  0  0
  4  5  1  0  0  0
  5  6  1  0  0  0
  5 10  1  0  0  0
  6  7  1  0  0  0
  7  8  1  0  0  0
  7  9  1  0  0  0
M  END
$$$$
N12CN3CN(C1)CC(C2)C3
  -ISIS-

 10 12  0  0  0  0  0  0  0  0  1
   -2.5956    4.8611    1.0149  C  0  0  0  0  0
   -1.7224    5.3039    2.2038  C  0  0  0  0  0
   -2.2352    6.6412    2.7149  N  0  0  0  0  0
   -2.1178    7.7015    1.7078  C  0  0  0  0  0
   -2.9813    7.2719    0.6064  N  0  0  0  0  0
   -4.3874    7.1865    1.0236  C  0  0  0  0  0
   -4.4167    6.1602    2.0746  N  0  0  0  0  0
   -4.0375    4.7883    1.5327  C  0  0  0  0  0
   -3.6059    6.5489    3.2299  C  0  0  0  0  0
   -2.5045    5.9755   -0.0352  C  0  0  0  0  0
  1  8  1  0  0  0
  1 10  1  0  0  0
  1  2  1  0  0  0
  2  3  1  0  0  0
  3  9  1  0  0  0
  3  4  1  0  0  0
  4  5  1  0  0  0
  5  6  1  0  0  0
  5 10  1  0  0  0
  6  7  1  0  0  0
  7  8  1  0  0  0
  7  9  1  0  0  0
M  END
$$$$
N12CN3CN(C1)CC(C2)C3
  -ISIS-

 10 12  0  0  0  0  0  0  0  0  1
   -2.3870    3.8534   -2.0622  C  0  0  0  0  0
   -1.7156    4.8562   -3.0047  C  0  0  0  0  0
   -2.6515    5.0970   -4.1793  N  0  0  0  0  0
   -3.9214    5.7072   -3.7601  C  0  0  0  0  0
   -4.5581    4.7066   -2.9000  N  0  0  0  0  0
   -4.8630    3.4748   -3.6296  C  0  0  0  0  0
   -3.5579    2.9552   -4.0541  N  0  0  0  0  0
   -2.6888    2.5774   -2.8683  C  0  0  0  0  0
   -2.8846    3.8821   -4.9681  C  0  0  0  0  0
   -3.7483    4.4399   -1.6437  C  0  0  0  0  0
  1  8  1  0  0  0
  1 10  1  0  0  0
  1  2  1  0  0  0
  2  3  1  0  0  0
  3  9  1  0  0  0
  3  4  1  0  0  0
  4  5  1  0  0  0
  5  6  1  0  0  0
  5 10  1  0  0  0
  6  7  1  0  0  0
  7  8  1  0  0  0
  7  9  1  0  0  0
M  END
$$$$
N12CN3CN(C1)CC(C2)C3
  -ISIS-

 10 12  0  0  0  0  0  0  0  0  1
    1.7673    3.5538    1.8575  C  0  0  0  0  0
    1.5866    4.4565    0.6343  C  0  0  0  0  0
    2.9422    5.0593    0.2945  N  0  0  0  0  0
    3.4422    5.9279    1.3708  C  0  0  0  0  0
    3.6358    5.0318    2.5196  N  0  0  0  0  0
    4.6529    4.0121    2.2411  C  0  0  0  0  0
    4.0982    3.2164    1.1352  N  0  0  0  0  0
    2.8124    2.4946    1.5256  C  0  0  0  0  0
    3.9336    4.0407   -0.0727  C  0  0  0  0  0
    2.3235    4.4265    2.9922  C  0  0  0  0  0
  1  8  1  0  0  0
  1 10  1  0  0  0
  1  2  1  0  0  0
  2  3  1  0  0  0
  3  9  1  0  0  0
  3  4  1  0  0  0
  4  5  1  0  0  0
  5  6  1  0  0  0
  5 10  1  0  0  0
  6  7  1  0  0  0
  7  8  1  0  0  0
  7  9  1  0  0  0
M  END
$$$$
N12CN3CN(C1)CC(C2)C3
  -ISIS-

 10 12  0  0  0  0  0  0  0  0  1
    3.2658    1.0045    0.5272  C  0  0  0  0  0
    3.1244   -0.0721   -0.5336  C  0  0  0  0  0
    2.9277   -1.3976    0.2083  N  0  0  0  0  0
    4.1002   -1.7492    1.0283  C  0  0  0  0  0
    4.1942   -0.6806    2.0383  N  0  0  0  0  0
    3.0091   -0.6666    2.9103  C  0  0  0  0  0
    1.8809   -0.3519    2.0168  N  0  0  0  0  0
    2.0148    1.0362    1.3801  C  0  0  0  0  0
    1.6942   -1.4115    1.0103  C  0  0  0  0  0
    4.4643    0.6863    1.4025  C  0  0  0  0  0
  1  8  1  0  0  0
  1 10  1  0  0  0
  1  2  1  0  0  0
  2  3  1  0  0  0
  3  9  1  0  0  0
  3  4  1  0  0  0
  4  5  1  0  0  0
  5  6  1  0  0  0
  5 10  1  0  0  0
  6  7  1  0  0  0
  7  8  1  0  0  0
  7  9  1  0  0  0
M  END
$$$$
N12CN3CN(C1)CC(C2)C3
  -ISIS-

 10 12  0  0  0  0  0  0  0  0  1
   -5.3617   -0.2236   -0.1904  C  0  0  0  0  0
   -5.7637   -1.6952   -0.1882  C  0  0  0  0  0
   -4.7418   -2.4557    0.6509  N  0  0  0  0  0
   -3.3863   -2.3817    0.0833  C  0  0  0  0  0
   -3.0298   -0.9574    0.1292  N  0  0  0  0  0
   -2.9704   -0.4687    1.5151  C  0  0  0  0  0
   -4.3374   -0.6253    2.0294  N  0  0  0  0  0
   -5.3270    0.2473    1.2749  C  0  0  0  0  0
   -4.7463   -2.0326    2.0587  C  0  0  0  0  0
   -3.9411   -0.0999   -0.7392  C  0  0  0  0  0
  1  8  1  0  0  0
  1 10  1  0  0  0
  1  2  1  0  0  0
  2  3  1  0  0  0
  3  9  1  0  0  0
  3  4  1  0  0  0
  4  5  1  0  0  0
  5  6  1  0  0  0
  5 10  1  0  0  0
  6  7  1  0  0  0
  7  8  1  0  0  0
  7  9  1  0  0  0
M  END
$$$$
N12CN3CN(C1)CC(C2)C3
  -ISIS-

 10 12  0  0  0  0  0  0  0  0  1
   -2.4984    7.0779   -1.5934  C  0  0  0  0  0
   -3.6899    6.4079   -0.8839  C  0  0  0  0  0
   -4.9270    6.6029   -1.7481  N  0  0  0  0  0
   -4.7951    5.9640   -3.0648  C  0  0  0  0  0
   -3.6865    6.6636   -3.7294  N  0  0  0  0  0
   -4.0022    8.0841   -3.9357  C  0  0  0  0  0
   -4.1653    8.6403   -2.5885  N  0  0  0  0  0
   -2.8801    8.5674   -1.7863  C  0  0  0  0  0
   -5.2895    8.0211   -1.8788  C  0  0  0  0  0
   -2.3629    6.4728   -3.0026  C  0  0  0  0  0
  1  8  1  0  0  0
  1 10  1  0  0  0
  1  2  1  0  0  0
  2  3  1  0  0  0
  3  9  1  0  0  0
  3  4  1  0  0  0
  4  5  1  0  0  0
  5  6  1  0  0  0
  5 10  1  0  0  0
  6  7  1  0  0  0
  7  8  1  0  0  0
  7  9  1  0  0  0
M  END
$$$$
N12CN3CN(C1)CC(C2)C3
  -ISIS-

 10 12  0  0  0  0  0  0  0  0  1
    2.6313   -0.8056    3.9986  C  0  0  0  0  0
    4.0846   -0.7633    3.4564  C  0  0  0  0  0
    4.1245    0.1152    2.2133  N  0  0  0  0  0
    3.3072   -0.4350    1.1241  C  0  0  0  0  0
    1.9298   -0.4181    1.6322  N  0  0  0  0  0
    1.7523   -1.3342    2.8386  C  0  0  0  0  0
    1.4742    0.9515    1.9072  C  0  0  0  0  0
    2.3645    1.4507    2.9648  N  0  0  0  0  0
    3.7596    1.5071    2.5084  C  0  0  0  0  0
    2.2157    0.6608    4.2610  C  0  0  0  0  0
  1  6  1  0  0  0
  1 10  1  0  0  0
  1  2  1  0  0  0
  2  3  1  0  0  0
  3  9  1  0  0  0
  3  4  1  0  0  0
  4  5  1  0  0  0
  5  6  1  0  0  0
  5  7  1  0  0  0
  7  8  1  0  0  0
  8  9  1  0  0  0
  8 10  1  0  0  0
M  END
$$$$
N12CN3CN(C1)CC(C2)C3
  -ISIS-

 10 12  0  0  0  0  0  0  0  0  1
   -3.6484   -0.9687   -5.3302  C  0  0  0  0  0
   -5.0703   -0.4090   -5.5848  C  0  0  0  0  0
   -5.3134   -0.3426   -7.0828  N  0  0  0  0  0
   -5.3851   -1.6775   -7.6762  C  0  0  0  0  0
   -4.0504   -2.2574   -7.4692  N  0  0  0  0  0
   -3.0423   -1.4992   -8.2239  C  0  0  0  0  0
   -3.0358   -0.1693   -7.6152  N  0  0  0  0  0
   -2.5811   -0.2196   -6.1667  C  0  0  0  0  0
   -4.3303    0.5137   -7.7647  C  0  0  0  0  0
   -3.6933   -2.3912   -5.9853  C  0  0  0  0  0
  1  8  1  0  0  0
  1 10  1  0  0  0
  1  2  1  0  0  0
  2  3  1  0  0  0
  3  9  1  0  0  0
  3  4  1  0  0  0
  4  5  1  0  0  0
  5  6  1  0  0  0
  5 10  1  0  0  0
  6  7  1  0  0  0
  7  8  1  0  0  0
  7  9  1  0  0  0
M  END
$$$$
N12CN3CN(C1)CC(C2)C3
  -ISIS-

 10 12  0  0  0  0  0  0  0  0  1
    3.5205   -9.7392   -4.2304  C  0  0  0  0  0
    4.2696   -9.6930   -2.8702  C  0  0  0  0  0
    3.2495   -9.6845   -1.7405  N  0  0  0  0  0
    2.4480  -10.9140   -1.7147  C  0  0  0  0  0
    1.7041  -10.9142   -2.9817  N  0  0  0  0  0
    0.7900   -9.7663   -3.0654  C  0  0  0  0  0
    1.6548   -8.5807   -3.0361  N  0  0  0  0  0
    2.5780   -8.5080   -4.2479  C  0  0  0  0  0
    2.3985   -8.4875   -1.7729  C  0  0  0  0  0
    2.6299  -11.0022   -4.1918  C  0  0  0  0  0
  1  8  1  0  0  0
  1 10  1  0  0  0
  1  2  1  0  0  0
  2  3  1  0  0  0
  3  9  1  0  0  0
  3  4  1  0  0  0
  4  5  1  0  0  0
  5  6  1  0  0  0
  5 10  1  0  0  0
  6  7  1  0  0  0
  7  8  1  0  0  0
  7  9  1  0  0  0
M  END
$$$$
N12CN3CN(C1)CC(C2)C3
  -ISIS-

 10 12  0  0  0  0  0  0  0  0  1
   -0.4276   -2.8130    5.4188  C  0  0  0  0  0
   -0.7874   -3.3425    4.0121  C  0  0  0  0  0
   -1.5808   -4.6382    4.1648  N  0  0  0  0  0
   -2.8646   -4.4239    4.8468  C  0  0  0  0  0
   -2.5095   -3.9692    6.1967  N  0  0  0  0  0
   -1.7637   -4.9970    6.9344  C  0  0  0  0  0
   -0.5217   -5.1906    6.1730  N  0  0  0  0  0
    0.3429   -3.9338    6.1541  C  0  0  0  0  0
   -0.7973   -5.6950    4.8206  C  0  0  0  0  0
   -1.7754   -2.6373    6.1733  C  0  0  0  0  0
  1  8  1  0  0  0
  1 10  1  0  0  0
  1  2  1  0  0  0
  2  3  1  0  0  0
  3  9  1  0  0  0
  3  4  1  0  0  0
  4  5  1  0  0  0
  5  6  1  0  0  0
  5 10  1  0  0  0
  6  7  1  0  0  0
  7  8  1  0  0  0
  7  9  1  0  0  0
M  END
$$$$
N12CN3CN(C1)CC(C2)C3
  -ISIS-

 10 12  0  0  0  0  0  0  0  0  1
    3.3003    0.3612   -1.8972  C  0  0  0  0  0
    1.9447   -0.1641   -2.4477  C  0  0  0  0  0
    1.0273   -0.4920   -1.2796  N  0  0  0  0  0
    1.5676   -1.5687   -0.4396  C  0  0  0  0  0
    2.8168   -1.0308    0.1174  N  0  0  0  0  0
    2.5620    0.1406    0.9673  C  0  0  0  0  0
    1.9831    1.1516    0.0709  N  0  0  0  0  0
    2.9624    1.5859   -1.0171  C  0  0  0  0  0
    0.7009    0.6997   -0.4868  C  0  0  0  0  0
    3.8519   -0.7426   -0.9655  C  0  0  0  0  0
  1  8  1  0  0  0
  1 10  1  0  0  0
  1  2  1  0  0  0
  2  3  1  0  0  0
  3  9  1  0  0  0
  3  4  1  0  0  0
  4  5  1  0  0  0
  5  6  1  0  0  0
  5 10  1  0  0  0
  6  7  1  0  0  0
  7  8  1  0  0  0
  7  9  1  0  0  0
M  END
$$$$
N12CN3CN(C1)CC(C2)C3
  -ISIS-

 10 12  0  0  0  0  0  0  0  0  1
   -2.3184   -0.7338   -0.8119  C  0  0  0  0  0
   -2.1445   -1.7523   -1.9504  C  0  0  0  0  0
   -0.7205   -1.6413   -2.4708  N  0  0  0  0  0
   -0.4420   -0.3210   -3.0437  C  0  0  0  0  0
   -0.5743    0.6178   -1.9214  N  0  0  0  0  0
    0.4259    0.3444   -0.8830  C  0  0  0  0  0
    0.1102   -1.0006   -0.3948  N  0  0  0  0  0
   -1.2598   -1.0740    0.2535  C  0  0  0  0  0
    0.2675   -2.0065   -1.4512  C  0  0  0  0  0
   -1.9906    0.6543   -1.3693  C  0  0  0  0  0
  1  8  1  0  0  0
  1 10  1  0  0  0
  1  2  1  0  0  0
  2  3  1  0  0  0
  3  9  1  0  0  0
  3  4  1  0  0  0
  4  5  1  0  0  0
  5  6  1  0  0  0
  5 10  1  0  0  0
  6  7  1  0  0  0
  7  8  1  0  0  0
  7  9  1  0  0  0
M  END
$$$$
N12CN3CN(C1)CC(C2)C3
  -ISIS-

 10 12  0  0  0  0  0  0  0  0  1
   10.8169    3.9423   -1.3699  C  0  0  0  0  0
   11.3739    5.0487   -2.2612  C  0  0  0  0  0
   11.0714    6.3852   -1.5919  N  0  0  0  0  0
    9.6265    6.6285   -1.4546  C  0  0  0  0  0
    9.1429    5.5643   -0.5640  N  0  0  0  0  0
    9.7515    5.6725    0.7707  C  0  0  0  0  0
   11.1892    5.4756    0.5452  N  0  0  0  0  0
   11.4911    4.0859    0.0096  C  0  0  0  0  0
   11.7543    6.5324   -0.2985  C  0  0  0  0  0
    9.3211    4.1748   -1.1626  C  0  0  0  0  0
  1  8  1  0  0  0
  1 10  1  0  0  0
  1  2  1  0  0  0
  2  3  1  0  0  0
  3  9  1  0  0  0
  3  4  1  0  0  0
  4  5  1  0  0  0
  5  6  1  0  0  0
  5 10  1  0  0  0
  6  7  1  0  0  0
  7  8  1  0  0  0
  7  9  1  0  0  0
M  END
$$$$
N12CN3CN(C1)CC(C2)C3
  -ISIS-

 10 12  0  0  0  0  0  0  0  0  1
    6.6176   -2.1557   -0.6526  C  0  0  0  0  0
    6.6107   -2.0008    0.8859  C  0  0  0  0  0
    7.9646   -1.4547    1.3282  N  0  0  0  0  0
    8.2293   -0.1178    0.7782  C  0  0  0  0  0
    8.2926   -0.3035   -0.6782  N  0  0  0  0  0
    9.4023   -1.1872   -1.0583  C  0  0  0  0  0
    9.0909   -2.4815   -0.4387  N  0  0  0  0  0
    7.8115   -3.0871   -0.9973  C  0  0  0  0  0
    9.0616   -2.3843    1.0265  C  0  0  0  0  0
    6.9605   -0.7732   -1.2560  C  0  0  0  0  0
  1  8  1  0  0  0
  1 10  1  0  0  0
  1  2  1  0  0  0
  2  3  1  0  0  0
  3  9  1  0  0  0
  3  4  1  0  0  0
  4  5  1  0  0  0
  5  6  1  0  0  0
  5 10  1  0  0  0
  6  7  1  0  0  0
  7  8  1  0  0  0
  7  9  1  0  0  0
M  END
$$$$
N12CN3CN(C1)CC(C2)C3
  -ISIS-

 10 12  0  0  0  0  0  0  0  0  1
   -1.8547    1.6243    6.4668  C  0  0  0  0  0
   -2.8870    0.5975    6.0118  C  0  0  0  0  0
   -4.1501    0.8101    6.8392  N  0  0  0  0  0
   -4.7515    2.1337    6.6148  C  0  0  0  0  0
   -3.7435    3.0917    7.0840  N  0  0  0  0  0
   -3.4953    2.9461    8.5257  C  0  0  0  0  0
   -2.9509    1.5890    8.6796  N  0  0  0  0  0
   -1.6155    1.4295    7.9682  C  0  0  0  0  0
   -3.9276    0.5715    8.2737  C  0  0  0  0  0
   -2.4559    3.0220    6.2770  C  0  0  0  0  0
  1  8  1  0  0  0
  1 10  1  0  0  0
  1  2  1  0  0  0
  2  3  1  0  0  0
  3  9  1  0  0  0
  3  4  1  0  0  0
  4  5  1  0  0  0
  5  6  1  0  0  0
  5 10  1  0  0  0
  6  7  1  0  0  0
  7  8  1  0  0  0
  7  9  1  0  0  0
M  END
$$$$
N12CN3CN(C1)CC(C2)C3
  -ISIS-

 10 12  0  0  0  0  0  0  0  0  1
    2.7338   -0.8479   -1.8239  C  0  0  0  0  0
    1.7169    0.0087   -2.5872  C  0  0  0  0  0
    2.4066    1.3010   -2.9982  N  0  0  0  0  0
    2.8405    2.0940   -1.8424  C  0  0  0  0  0
    3.8345    1.2545   -1.1576  N  0  0  0  0  0
    5.0044    1.0158   -2.0145  C  0  0  0  0  0
    4.4867    0.2626   -3.1630  N  0  0  0  0  0
    3.9214   -1.0913   -2.7605  C  0  0  0  0  0
    3.5159    1.0565   -3.9300  C  0  0  0  0  0
    3.2294   -0.0405   -0.6268  C  0  0  0  0  0
  1  8  1  0  0  0
  1 10  1  0  0  0
  1  2  1  0  0  0
  2  3  1  0  0  0
  3  9  1  0  0  0
  3  4  1  0  0  0
  4  5  1  0  0  0
  5  6  1  0  0  0
  5 10  1  0  0  0
  6  7  1  0  0  0
  7  8  1  0  0  0
  7  9  1  0  0  0
M  END
$$$$
N12CN3CN(C1)CC(C2)C3
  -ISIS-

 10 12  0  0  0  0  0  0  0  0  1
    6.1671    1.1941   -4.4368  C  0  0  0  0  0
    7.5315    0.9008   -3.7924  C  0  0  0  0  0
    7.7983    1.9691   -2.7441  N  0  0  0  0  0
    7.8911    3.3097   -3.3303  C  0  0  0  0  0
    6.5610    3.5720   -3.8964  N  0  0  0  0  0
    5.5353    3.5973   -2.8474  C  0  0  0  0  0
    5.5349    2.2450   -2.2829  N  0  0  0  0  0
    5.1289    1.1940   -3.2994  C  0  0  0  0  0
    6.8204    1.9248   -1.6526  C  0  0  0  0  0
    6.2180    2.6087   -5.0216  C  0  0  0  0  0
  1  8  1  0  0  0
  1 10  1  0  0  0
  1  2  1  0  0  0
  2  3  1  0  0  0
  3  9  1  0  0  0
  3  4  1  0  0  0
  4  5  1  0  0  0
  5  6  1  0  0  0
  5 10  1  0  0  0
  6  7  1  0  0  0
  7  8  1  0  0  0
  7  9  1  0  0  0
M  END
$$$$
N12CN3CN(C1)CC(C2)C3
  -ISIS-

 10 12  0  0  0  0  0  0  0  0  1
   -2.1871   -4.8985    4.4794  C  0  0  0  0  0
   -3.7469   -4.7861    4.3261  C  0  0  0  0  0
   -4.3578   -6.1842    4.2427  N  0  0  0  0  0
   -4.1577   -6.9795    5.4705  C  0  0  0  0  0
   -2.6905   -7.1257    5.5640  N  0  0  0  0  0
   -2.1771   -7.9243    4.4315  C  0  0  0  0  0
   -2.4600   -7.0883    3.2462  N  0  0  0  0  0
   -1.7112   -5.7511    3.2553  C  0  0  0  0  0
   -3.9174   -6.9405    3.0536  C  0  0  0  0  0
   -1.9588   -5.7913    5.7453  C  0  0  0  0  0
  1  8  1  0  0  0
  1 10  1  0  0  0
  1  2  1  0  0  0
  2  3  1  0  0  0
  3  9  1  0  0  0
  3  4  1  0  0  0
  4  5  1  0  0  0
  5  6  1  0  0  0
  5 10  1  0  0  0
  6  7  1  0  0  0
  7  8  1  0  0  0
  7  9  1  0  0  0
M  END
$$$$
N12CN3CN(C1)CC(C2)C3
  -ISIS-

 10 12  0  0  0  0  0  0  0  0  1
    2.8268   -3.8063   -1.6994  C  0  0  0  0  0
    2.1446   -2.8895   -2.7663  C  0  0  0  0  0
    1.6745   -1.5941   -2.0950  N  0  0  0  0  0
    0.6342   -1.8129   -1.0688  C  0  0  0  0  0
    1.3107   -2.6322   -0.0438  N  0  0  0  0  0
    2.4017   -1.8701    0.5966  C  0  0  0  0  0
    3.3684   -1.6476   -0.4970  N  0  0  0  0  0
    3.9652   -2.9468   -1.0464  C  0  0  0  0  0
    2.7828   -0.7864   -1.5435  C  0  0  0  0  0
    1.7578   -3.9979   -0.5647  C  0  0  0  0  0
  1  8  1  0  0  0
  1 10  1  0  0  0
  1  2  1  0  0  0
  2  3  1  0  0  0
  3  9  1  0  0  0
  3  4  1  0  0  0
  4  5  1  0  0  0
  5  6  1  0  0  0
  5 10  1  0  0  0
  6  7  1  0  0  0
  7  8  1  0  0  0
  7  9  1  0  0  0
M  END
$$$$
N12CN3CN(C1)CC(C2)C3
  -ISIS-

 10 12  0  0  0  0  0  0  0  0  1
    4.4998   -1.2772    0.5548  C  0  0  0  0  0
    3.5198   -0.3622   -0.2524  C  0  0  0  0  0
    4.3293    0.5778   -1.1526  N  0  0  0  0  0
    5.1126   -0.1327   -2.1843  C  0  0  0  0  0
    6.0679   -0.9472   -1.4074  N  0  0  0  0  0
    7.0064   -0.0836   -0.6636  C  0  0  0  0  0
    6.1456    0.6250    0.3055  N  0  0  0  0  0
    5.4708   -0.3112    1.3137  C  0  0  0  0  0
    5.1932    1.5092   -0.3975  C  0  0  0  0  0
    5.3872   -1.9932   -0.5258  C  0  0  0  0  0
  1  8  1  0  0  0
  1 10  1  0  0  0
  1  2  1  0  0  0
  2  3  1  0  0  0
  3  9  1  0  0  0
  3  4  1  0  0  0
  4  5  1  0  0  0
  5  6  1  0  0  0
  5 10  1  0  0  0
  6  7  1  0  0  0
  7  8  1  0  0  0
  7  9  1  0  0  0
M  END
$$$$
N12CN3CN(C1)CC(C2)C3
  -ISIS-

 10 12  0  0  0  0  0  0  0  0  1
   -3.4793   -2.4656    1.2215  C  0  0  0  0  0
   -4.2499   -3.8004    0.9565  C  0  0  0  0  0
   -5.7558   -3.5614    1.1205  N  0  0  0  0  0
   -6.1405   -3.1875    2.4951  C  0  0  0  0  0
   -5.4530   -1.9011    2.7211  N  0  0  0  0  0
   -5.9936   -0.8608    1.8242  C  0  0  0  0  0
   -5.6181   -1.3263    0.4793  N  0  0  0  0  0
   -4.1042   -1.3947    0.2567  C  0  0  0  0  0
   -6.3013   -2.5915    0.1461  C  0  0  0  0  0
   -3.9303   -2.0126    2.6607  C  0  0  0  0  0
  1  8  1  0  0  0
  1 10  1  0  0  0
  1  2  1  0  0  0
  2  3  1  0  0  0
  3  9  1  0  0  0
  3  4  1  0  0  0
  4  5  1  0  0  0
  5  6  1  0  0  0
  5 10  1  0  0  0
  6  7  1  0  0  0
  7  8  1  0  0  0
  7  9  1  0  0  0
M  END
$$$$
N12CN3CN(C1)CC(C2)C3
  -ISIS-

 10 12  0  0  0  0  0  0  0  0  1
   -0.9054   -4.1830   -0.2749  C  0  0  0  0  0
   -1.1207   -2.9485    0.6628  C  0  0  0  0  0
   -2.6073   -2.8345    1.0174  N  0  0  0  0  0
   -3.1121   -3.9858    1.7933  C  0  0  0  0  0
   -2.9538   -5.1307    0.8750  N  0  0  0  0  0
   -3.8294   -4.9798   -0.3039  C  0  0  0  0  0
   -3.2954   -3.7878   -0.9939  N  0  0  0  0  0
   -1.8596   -3.9723   -1.4974  C  0  0  0  0  0
   -3.4693   -2.5831   -0.1561  C  0  0  0  0  0
   -1.4968   -5.4091    0.5087  C  0  0  0  0  0
  1  8  1  0  0  0
  1 10  1  0  0  0
  1  2  1  0  0  0
  2  3  1  0  0  0
  3  9  1  0  0  0
  3  4  1  0  0  0
  4  5  1  0  0  0
  5  6  1  0  0  0
  5 10  1  0  0  0
  6  7  1  0  0  0
  7  8  1  0  0  0
  7  9  1  0  0  0
M  END
$$$$
N12CN3CN(C1)CC(C2)C3
  -ISIS-

 10 12  0  0  0  0  0  0  0  0  1
   -3.6159    1.3720   -5.8097  C  0  0  0  0  0
   -3.0756    1.0338   -4.3812  C  0  0  0  0  0
   -3.3635   -0.4388   -4.0627  N  0  0  0  0  0
   -4.8074   -0.7550   -4.0183  C  0  0  0  0  0
   -5.2723   -0.5005   -5.3963  N  0  0  0  0  0
   -4.6462   -1.4395   -6.3434  C  0  0  0  0  0
   -3.2130   -1.0901   -6.2910  N  0  0  0  0  0
   -2.9251    0.3316   -6.7685  C  0  0  0  0  0
   -2.6562   -1.3789   -4.9547  C  0  0  0  0  0
   -5.1337    0.9690   -5.8099  C  0  0  0  0  0
  1  8  1  0  0  0
  1 10  1  0  0  0
  1  2  1  0  0  0
  2  3  1  0  0  0
  3  9  1  0  0  0
  3  4  1  0  0  0
  4  5  1  0  0  0
  5  6  1  0  0  0
  5 10  1  0  0  0
  6  7  1  0  0  0
  7  8  1  0  0  0
  7  9  1  0  0  0
M  END
$$$$
N12CN3CN(C1)CC(C2)C3
  -ISIS-

 10 12  0  0  0  0  0  0  0  0  1
   -2.0786    0.3111   -4.3044  C  0  0  0  0  0
   -1.5997   -1.1495   -3.9782  C  0  0  0  0  0
   -0.2149   -1.3833   -4.5802  N  0  0  0  0  0
   -0.2018   -1.3045   -6.0545  C  0  0  0  0  0
   -0.5953    0.0908   -6.3393  N  0  0  0  0  0
    0.4294    1.0299   -5.8373  C  0  0  0  0  0
    0.3895    0.8533   -4.3707  N  0  0  0  0  0
   -0.9544    1.2491   -3.7494  C  0  0  0  0  0
    0.8249   -0.5093   -4.0016  C  0  0  0  0  0
   -2.0124    0.4299   -5.8642  C  0  0  0  0  0
  1  8  1  0  0  0
  1 10  1  0  0  0
  1  2  1  0  0  0
  2  3  1  0  0  0
  3  9  1  0  0  0
  3  4  1  0  0  0
  4  5  1  0  0  0
  5  6  1  0  0  0
  5 10  1  0  0  0
  6  7  1  0  0  0
  7  8  1  0  0  0
  7  9  1  0  0  0
M  END
$$$$
N12CN3CN(C1)CC(C2)C3
  -ISIS-

 10 12  0  0  0  0  0  0  0  0  1
    2.7044   -0.8481   -5.5529  C  0  0  0  0  0
    1.4062   -0.5532   -4.7292  C  0  0  0  0  0
    0.5116    0.4065   -5.5215  N  0  0  0  0  0
    0.0400   -0.1609   -6.8012  C  0  0  0  0  0
    1.2775   -0.3712   -7.5803  N  0  0  0  0  0
    1.9253    0.9212   -7.8827  C  0  0  0  0  0
    2.3179    1.4427   -6.5587  N  0  0  0  0  0
    3.3383    0.5573   -5.8442  C  0  0  0  0  0
    1.1268    1.7314   -5.7364  C  0  0  0  0  0
    2.2290   -1.3883   -6.9402  C  0  0  0  0  0
  1  8  1  0  0  0
  1 10  1  0  0  0
  1  2  1  0  0  0
  2  3  1  0  0  0
  3  9  1  0  0  0
  3  4  1  0  0  0
  4  5  1  0  0  0
  5  6  1  0  0  0
  5 10  1  0  0  0
  6  7  1  0  0  0
  7  8  1  0  0  0
  7  9  1  0  0  0
M  END
$$$$
N12CN3CN(C1)CC(C2)C3
  -ISIS-

 10 12  0  0  0  0  0  0  0  0  1
    6.4729    6.6942   -1.7803  C  0  0  0  0  0
    7.4211    5.7732   -1.0200  C  0  0  0  0  0
    7.7115    6.4202    0.3305  N  0  0  0  0  0
    8.4008    7.7124    0.1948  C  0  0  0  0  0
    7.4526    8.5758   -0.5184  N  0  0  0  0  0
    6.2294    8.7940    0.2672  C  0  0  0  0  0
    5.6270    7.4605    0.4085  N  0  0  0  0  0
    5.2087    6.8826   -0.9354  C  0  0  0  0  0
    6.5031    6.5531    1.1583  C  0  0  0  0  0
    7.1435    8.0647   -1.9179  C  0  0  0  0  0
  1  8  1  0  0  0
  1 10  1  0  0  0
  1  2  1  0  0  0
  2  3  1  0  0  0
  3  9  1  0  0  0
  3  4  1  0  0  0
  4  5  1  0  0  0
  5  6  1  0  0  0
  5 10  1  0  0  0
  6  7  1  0  0  0
  7  8  1  0  0  0
  7  9  1  0  0  0
M  END
$$$$
N12CN3CN(C1)CC(C2)C3
  -ISIS-

 10 12  0  0  0  0  0  0  0  0  1
   10.5810   -0.3162   -4.9994  C  0  0  0  0  0
   10.8018    0.9723   -5.8325  C  0  0  0  0  0
   12.0648    0.7984   -6.6790  N  0  0  0  0  0
   11.9393   -0.3027   -7.6439  C  0  0  0  0  0
   11.7850   -1.5134   -6.8310  N  0  0  0  0  0
   12.9616   -1.7676   -5.9897  C  0  0  0  0  0
   13.0636   -0.5995   -5.1037  N  0  0  0  0  0
   11.8749   -0.4986   -4.1647  C  0  0  0  0  0
   13.2702    0.6419   -5.8560  C  0  0  0  0  0
   10.5041   -1.4861   -6.0132  C  0  0  0  0  0
  1  8  1  0  0  0
  1 10  1  0  0  0
  1  2  1  0  0  0
  2  3  1  0  0  0
  3  9  1  0  0  0
  3  4  1  0  0  0
  4  5  1  0  0  0
  5  6  1  0  0  0
  5 10  1  0  0  0
  6  7  1  0  0  0
  7  8  1  0  0  0
  7  9  1  0  0  0
M  END
$$$$
N12CN3CN(C1)CC(C2)C3
  -ISIS-

 10 12  0  0  0  0  0  0  0  0  1
    5.3315   -5.2869   -0.2838  N  0  0  0  0  0
    5.9360   -3.9908   -0.6174  C  0  0  0  0  0
    6.3274   -4.1115   -2.0291  N  0  0  0  0  0
    7.3864   -5.1889   -2.2493  C  0  0  0  0  0
    6.7841   -6.5550   -1.8575  C  0  0  0  0  0
    5.5210   -6.7524   -2.7263  C  0  0  0  0  0
    4.5770   -5.5815   -2.4705  N  0  0  0  0  0
    4.1156   -5.5320   -1.0746  C  0  0  0  0  0
    5.1515   -4.2971   -2.8911  C  0  0  0  0  0
    6.3286   -6.4370   -0.3852  C  0  0  0  0  0
  1  8  1  0  0  0
  1 10  1  0  0  0
  1  2  1  0  0  0
  2  3  1  0  0  0
  3  9  1  0  0  0
  3  4  1  0  0  0
  4  5  1  0  0  0
  5  6  1  0  0  0
  5 10  1  0  0  0
  6  7  1  0  0  0
  7  8  1  0  0  0
  7  9  1  0  0  0
M  END
$$$$
N12CN3CN(C1)CC(C2)C3
  -ISIS-

 10 12  0  0  0  0  0  0  0  0  1
    1.9907    3.2372   -2.1062  C  0  0  0  0  0
    2.8891    2.0156   -2.2327  C  0  0  0  0  0
    4.3321    2.5279   -2.2484  N  0  0  0  0  0
    4.6020    3.3850   -3.4133  C  0  0  0  0  0
    3.7110    4.5467   -3.2463  N  0  0  0  0  0
    4.0513    5.3025   -2.0281  C  0  0  0  0  0
    3.7998    4.3700   -0.9151  N  0  0  0  0  0
    2.3247    3.9657   -0.8212  C  0  0  0  0  0
    4.6946    3.2020   -0.9923  C  0  0  0  0  0
    2.2308    4.1526   -3.2885  C  0  0  0  0  0
  1  8  1  0  0  0
  1 10  1  0  0  0
  1  2  1  0  0  0
  2  3  1  0  0  0
  3  9  1  0  0  0
  3  4  1  0  0  0
  4  5  1  0  0  0
  5  6  1  0  0  0
  5 10  1  0  0  0
  6  7  1  0  0  0
  7  8  1  0  0  0
  7  9  1  0  0  0
M  END
$$$$
N12CN3CN(C1)CC(C2)C3
  -ISIS-

 10 12  0  0  0  0  0  0  0  0  1
    2.5723   -3.5486   -4.1793  C  0  0  0  0  0
    3.8207   -3.0506   -3.4425  C  0  0  0  0  0
    4.9505   -4.0307   -3.7209  N  0  0  0  0  0
    5.3003   -4.0670   -5.1475  C  0  0  0  0  0
    4.1025   -4.5831   -5.8222  N  0  0  0  0  0
    3.7829   -5.9455   -5.3868  C  0  0  0  0  0
    3.4861   -5.8288   -3.9525  N  0  0  0  0  0
    2.2624   -4.9611   -3.6864  C  0  0  0  0  0
    4.6651   -5.3726   -3.2042  C  0  0  0  0  0
    2.9210   -3.6383   -5.6724  C  0  0  0  0  0
  1  8  1  0  0  0
  1 10  1  0  0  0
  1  2  1  0  0  0
  2  3  1  0  0  0
  3  9  1  0  0  0
  3  4  1  0  0  0
  4  5  1  0  0  0
  5  6  1  0  0  0
  5 10  1  0  0  0
  6  7  1  0  0  0
  7  8  1  0  0  0
  7  9  1  0  0  0
M  END
$$$$
N12CN3CN(C1)CC(C2)C3
  -ISIS-

 10 12  0  0  0  0  0  0  0  0  1
    3.4638   -9.6179   -3.7698  C  0  0  0  0  0
    4.1398   -9.7143   -2.4041  C  0  0  0  0  0
    5.2243  -10.7813   -2.4953  N  0  0  0  0  0
    4.6750  -12.1156   -2.7750  C  0  0  0  0  0
    4.0544  -11.9976   -4.0988  N  0  0  0  0  0
    5.0497  -11.6911   -5.1353  C  0  0  0  0  0
    5.5907  -10.3754   -4.7629  N  0  0  0  0  0
    4.5279   -9.2866   -4.8170  C  0  0  0  0  0
    6.2739  -10.4291   -3.4637  C  0  0  0  0  0
    2.9013  -11.0062   -4.1110  C  0  0  0  0  0
  1  8  1  0  0  0
  1 10  1  0  0  0
  1  2  1  0  0  0
  2  3  1  0  0  0
  3  9  1  0  0  0
  3  4  1  0  0  0
  4  5  1  0  0  0
  5  6  1  0  0  0
  5 10  1  0  0  0
  6  7  1  0  0  0
  7  8  1  0  0  0
  7  9  1  0  0  0
M  END
$$$$
N12CN3CN(C1)CC(C2)C3
  -ISIS-

 10 12  0  0  0  0  0  0  0  0  1
    5.2477   -8.3529   -2.0753  C  0  0  0  0  0
    5.7684   -8.6231   -0.6493  C  0  0  0  0  0
    6.5183   -9.9447   -0.6444  N  0  0  0  0  0
    5.6479  -11.0767   -0.9765  C  0  0  0  0  0
    5.1954  -10.8140   -2.3439  N  0  0  0  0  0
    6.3180  -10.8012   -3.2915  C  0  0  0  0  0
    7.1767   -9.6905   -2.8587  N  0  0  0  0  0
    6.4727   -8.3469   -2.9971  C  0  0  0  0  0
    7.7023   -9.9110   -1.5096  C  0  0  0  0  0
    4.3574   -9.5461   -2.4460  C  0  0  0  0  0
  1  8  1  0  0  0
  1 10  1  0  0  0
  1  2  1  0  0  0
  2  3  1  0  0  0
  3  9  1  0  0  0
  3  4  1  0  0  0
  4  5  1  0  0  0
  5  6  1  0  0  0
  5 10  1  0  0  0
  6  7  1  0  0  0
  7  8  1  0  0  0
  7  9  1  0  0  0
M  END
$$$$
N12CN3CN(C1)CC(C2)C3
  -ISIS-

 10 12  0  0  0  0  0  0  0  0  1
   -2.0721   -1.6464    3.9733  C  0  0  0  0  0
   -3.3551   -0.9835    3.4435  C  0  0  0  0  0
   -3.5833    0.3004    4.2294  N  0  0  0  0  0
   -3.8292    0.0368    5.6538  C  0  0  0  0  0
   -2.5872   -0.5601    6.1548  N  0  0  0  0  0
   -1.4571    0.3680    6.0490  C  0  0  0  0  0
   -1.2978    0.6195    4.6101  N  0  0  0  0  0
   -0.9130   -0.6426    3.8503  C  0  0  0  0  0
   -2.4911    1.2661    4.0477  C  0  0  0  0  0
   -2.2905   -1.8892    5.4872  C  0  0  0  0  0
  1  8  1  0  0  0
  1 10  1  0  0  0
  1  2  1  0  0  0
  2  3  1  0  0  0
  3  9  1  0  0  0
  3  4  1  0  0  0
  4  5  1  0  0  0
  5  6  1  0  0  0
  5 10  1  0  0  0
  6  7  1  0  0  0
  7  8  1  0  0  0
  7  9  1  0  0  0
M  END
$$$$
N12CN3CN(C1)CC(C2)C3
  -ISIS-

 10 12  0  0  0  0  0  0  0  0  1
    5.5153    1.1362    1.4901  C  0  0  0  0  0
    6.2829    0.8978    2.8021  C  0  0  0  0  0
    5.8598    1.9691    3.7975  N  0  0  0  0  0
    4.4273    1.8964    4.1145  C  0  0  0  0  0
    3.7300    2.1808    2.8533  N  0  0  0  0  0
    4.0305    3.5345    2.3700  C  0  0  0  0  0
    5.4753    3.5439    2.1200  N  0  0  0  0  0
    5.8644    2.5695    1.0240  C  0  0  0  0  0
    6.2403    3.3149    3.3496  C  0  0  0  0  0
    4.0068    1.1241    1.7931  C  0  0  0  0  0
  1  8  1  0  0  0
  1 10  1  0  0  0
  1  2  1  0  0  0
  2  3  1  0  0  0
  3  9  1  0  0  0
  3  4  1  0  0  0
  4  5  1  0  0  0
  5  6  1  0  0  0
  5 10  1  0  0  0
  6  7  1  0  0  0
  7  8  1  0  0  0
  7  9  1  0  0  0
M  END
$$$$
N12CN3CN(C1)CC(C2)C3
  -ISIS-

 10 12  0  0  0  0  0  0  0  0  1
    2.3477    4.4448    0.9264  C  0  0  0  0  0
    2.7446    3.1909    1.6994  C  0  0  0  0  0
    1.9988    3.2086    3.0298  N  0  0  0  0  0
    0.5411    3.1328    2.8563  C  0  0  0  0  0
    0.1849    4.3562    2.1316  N  0  0  0  0  0
    0.4840    5.5592    2.9193  C  0  0  0  0  0
    1.9437    5.5410    3.0974  N  0  0  0  0  0
    2.6817    5.6730    1.7716  C  0  0  0  0  0
    2.3704    4.3626    3.8636  C  0  0  0  0  0
    0.8186    4.4141    0.7513  C  0  0  0  0  0
  1  8  1  0  0  0
  1 10  1  0  0  0
  1  2  1  0  0  0
  2  3  1  0  0  0
  3  9  1  0  0  0
  3  4  1  0  0  0
  4  5  1  0  0  0
  5  6  1  0  0  0
  5 10  1  0  0  0
  6  7  1  0  0  0
  7  8  1  0  0  0
  7  9  1  0  0  0
M  END
$$$$
N12CN3CN(C1)CC(C2)C3
  -ISIS-

 10 12  0  0  0  0  0  0  0  0  1
    8.3265    3.4919   -0.1438  C  0  0  0  0  0
    9.4235    2.8977   -1.0366  C  0  0  0  0  0
   10.7480    3.5484   -0.6602  N  0  0  0  0  0
   10.7440    4.9951   -0.9217  C  0  0  0  0  0
    9.7147    5.5391   -0.0238  N  0  0  0  0  0
   10.0667    5.3257    1.3844  C  0  0  0  0  0
   10.0903    3.8661    1.5480  N  0  0  0  0  0
    8.7210    3.2332    1.3060  C  0  0  0  0  0
   11.1409    3.2556    0.7227  C  0  0  0  0  0
    8.3268    5.0104   -0.3613  C  0  0  0  0  0
  1  8  1  0  0  0
  1 10  1  0  0  0
  1  2  1  0  0  0
  2  3  1  0  0  0
  3  9  1  0  0  0
  3  4  1  0  0  0
  4  5  1  0  0  0
  5  6  1  0  0  0
  5 10  1  0  0  0
  6  7  1  0  0  0
  7  8  1  0  0  0
  7  9  1  0  0  0
M  END
$$$$
N12CN3CN(C1)CC(C2)C3
  -ISIS-

 10 12  0  0  0  0  0  0  0  0  1
    2.0145    2.8924   -1.2664  C  0  0  0  0  0
    0.8376    3.2427   -2.1806  C  0  0  0  0  0
    1.2190    4.4814   -2.9783  N  0  0  0  0  0
    1.4513    5.6500   -2.1209  C  0  0  0  0  0
    2.6030    5.2844   -1.2822  N  0  0  0  0  0
    3.8054    5.0750   -2.1023  C  0  0  0  0  0
    3.4838    3.9292   -2.9602  N  0  0  0  0  0
    3.2382    2.6585   -2.1610  C  0  0  0  0  0
    2.3652    4.2312   -3.8645  C  0  0  0  0  0
    2.3049    4.0956   -0.3747  C  0  0  0  0  0
  1  8  1  0  0  0
  1 10  1  0  0  0
  1  2  1  0  0  0
  2  3  1  0  0  0
  3  9  1  0  0  0
  3  4  1  0  0  0
  4  5  1  0  0  0
  5  6  1  0  0  0
  5 10  1  0  0  0
  6  7  1  0  0  0
  7  8  1  0  0  0
  7  9  1  0  0  0
M  END
$$$$
N12CN3CN(C1)CC(C2)C3
  -ISIS-

 10 12  0  0  0  0  0  0  0  0  1
    3.6873   -6.4842   -0.8280  C  0  0  0  0  0
    2.7057   -6.6165    0.3327  C  0  0  0  0  0
    2.2680   -8.0753    0.4088  N  0  0  0  0  0
    1.5372   -8.5048   -0.7924  C  0  0  0  0  0
    2.5083   -8.3884   -1.8847  N  0  0  0  0  0
    3.6449   -9.2999   -1.6974  C  0  0  0  0  0
    4.2930   -8.8458   -0.4577  N  0  0  0  0  0
    4.8582   -7.4381   -0.5926  C  0  0  0  0  0
    3.3911   -8.9819    0.6937  C  0  0  0  0  0
    2.9643   -6.9546   -2.1020  C  0  0  0  0  0
  1  8  1  0  0  0
  1 10  1  0  0  0
  1  2  1  0  0  0
  2  3  1  0  0  0
  3  9  1  0  0  0
  3  4  1  0  0  0
  4  5  1  0  0  0
  5  6  1  0  0  0
  5 10  1  0  0  0
  6  7  1  0  0  0
  7  8  1  0  0  0
  7  9  1  0  0  0
M  END
$$$$
N12CN3CN(C1)CC(C2)C3
  -ISIS-

 10 12  0  0  0  0  0  0  0  0  1
    1.0084    1.8671    2.7398  C  0  0  0  0  0
    0.6760    1.3728    4.1521  C  0  0  0  0  0
    0.2458    2.5740    4.9801  N  0  0  0  0  0
   -0.9838    3.1867    4.4588  C  0  0  0  0  0
   -0.6257    3.6840    3.1238  N  0  0  0  0  0
    0.4108    4.7181    3.1956  C  0  0  0  0  0
    1.5854    4.0402    3.7598  N  0  0  0  0  0
    2.1021    2.9298    2.8548  C  0  0  0  0  0
    1.3173    3.5655    5.1248  C  0  0  0  0  0
   -0.2484    2.5519    2.1818  C  0  0  0  0  0
  1  8  1  0  0  0
  1 10  1  0  0  0
  1  2  1  0  0  0
  2  3  1  0  0  0
  3  9  1  0  0  0
  3  4  1  0  0  0
  4  5  1  0  0  0
  5  6  1  0  0  0
  5 10  1  0  0  0
  6  7  1  0  0  0
  7  8  1  0  0  0
  7  9  1  0  0  0
M  END
$$$$
N12CN3CN(C1)CC(C2)C3
  -ISIS-

 10 12  0  0  0  0  0  0  0  0  1
    2.9995   -4.8772    2.7084  C  0  0  0  0  0
    1.6276   -5.2920    3.2605  C  0  0  0  0  0
    1.7215   -6.7403    3.7137  N  0  0  0  0  0
    2.6827   -6.9222    4.8066  C  0  0  0  0  0
    3.9833   -6.5428    4.2337  N  0  0  0  0  0
    4.3584   -7.4507    3.1381  C  0  0  0  0  0
    3.3327   -7.2473    2.1077  N  0  0  0  0  0
    3.3342   -5.8284    1.5567  C  0  0  0  0  0
    2.0027   -7.6470    2.5918  C  0  0  0  0  0
    4.0292   -5.0768    3.8148  C  0  0  0  0  0
  1  8  1  0  0  0
  1 10  1  0  0  0
  1  2  1  0  0  0
  2  3  1  0  0  0
  3  9  1  0  0  0
  3  4  1  0  0  0
  4  5  1  0  0  0
  5  6  1  0  0  0
  5 10  1  0  0  0
  6  7  1  0  0  0
  7  8  1  0  0  0
  7  9  1  0  0  0
M  END
$$$$
N12CN3CN(C1)CC(C2)C3
  -ISIS-

 10 12  0  0  0  0  0  0  0  0  1
    3.1644   -3.9323   -1.0585  C  0  0  0  0  0
    1.6751   -3.6021   -1.0543  C  0  0  0  0  0
    1.4664   -2.3834   -1.9468  N  0  0  0  0  0
    2.1598   -1.1901   -1.4376  C  0  0  0  0  0
    3.5858   -1.5348   -1.4782  N  0  0  0  0  0
    4.0418   -1.7695   -2.8560  C  0  0  0  0  0
    3.2709   -2.9341   -3.3153  N  0  0  0  0  0
    3.5945   -4.1827   -2.5084  C  0  0  0  0  0
    1.8323   -2.6448   -3.3475  C  0  0  0  0  0
    3.9283   -2.6994   -0.5613  C  0  0  0  0  0
  1  8  1  0  0  0
  1 10  1  0  0  0
  1  2  1  0  0  0
  2  3  1  0  0  0
  3  9  1  0  0  0
  3  4  1  0  0  0
  4  5  1  0  0  0
  5  6  1  0  0  0
  5 10  1  0  0  0
  6  7  1  0  0  0
  7  8  1  0  0  0
  7  9  1  0  0  0
M  END
$$$$
N12CN3CN(C1)CC(C2)C3
  -ISIS-

 10 12  0  0  0  0  0  0  0  0  1
    3.1836   -5.0318    2.3228  C  0  0  0  0  0
    1.7993   -5.1158    1.6726  C  0  0  0  0  0
    1.5102   -3.7743    1.0154  N  0  0  0  0  0
    2.4616   -3.4609   -0.0571  C  0  0  0  0  0
    3.7686   -3.3618    0.6099  N  0  0  0  0  0
    3.7845   -2.2507    1.5733  C  0  0  0  0  0
    2.7831   -2.6098    2.5838  N  0  0  0  0  0
    3.1483   -3.8816    3.3347  C  0  0  0  0  0
    1.4356   -2.6864    2.0014  C  0  0  0  0  0
    4.1994   -4.6823    1.2404  C  0  0  0  0  0
  1  8  1  0  0  0
  1 10  1  0  0  0
  1  2  1  0  0  0
  2  3  1  0  0  0
  3  9  1  0  0  0
  3  4  1  0  0  0
  4  5  1  0  0  0
  5  6  1  0  0  0
  5 10  1  0  0  0
  6  7  1  0  0  0
  7  8  1  0  0  0
  7  9  1  0  0  0
M  END
$$$$
N12CN3CN(C1)CC(C2)C3
  -ISIS-

 10 12  0  0  0  0  0  0  0  0  1
   -2.9327   -4.0558   -0.2802  C  0  0  0  0  0
   -3.7264   -2.8819   -0.9083  C  0  0  0  0  0
   -5.2070   -3.1299   -0.6983  N  0  0  0  0  0
   -5.6595   -4.3427   -1.3866  C  0  0  0  0  0
   -4.9292   -5.4453   -0.7446  N  0  0  0  0  0
   -5.2767   -5.5544    0.6790  C  0  0  0  0  0
   -4.8337   -4.2929    1.2888  N  0  0  0  0  0
   -3.3248   -4.1082    1.2053  C  0  0  0  0  0
   -5.5605   -3.1464    0.7243  C  0  0  0  0  0
   -3.4268   -5.3392   -0.9671  C  0  0  0  0  0
  1  8  1  0  0  0
  1 10  1  0  0  0
  1  2  1  0  0  0
  2  3  1  0  0  0
  3  9  1  0  0  0
  3  4  1  0  0  0
  4  5  1  0  0  0
  5  6  1  0  0  0
  5 10  1  0  0  0
  6  7  1  0  0  0
  7  8  1  0  0  0
  7  9  1  0  0  0
M  END
$$$$
N12CN3CN(C1)CC(C2)C3
  -ISIS-

 10 12  0  0  0  0  0  0  0  0  1
    0.7374    4.1378   -5.4182  C  0  0  0  0  0
    0.1793    2.7879   -4.9339  C  0  0  0  0  0
    1.2397    1.7201   -5.1706  N  0  0  0  0  0
    1.5702    1.5794   -6.5964  C  0  0  0  0  0
    2.1764    2.8591   -6.9868  N  0  0  0  0  0
    3.4090    3.1239   -6.2389  C  0  0  0  0  0
    2.9931    3.2125   -4.8360  N  0  0  0  0  0
    2.0418    4.3699   -4.5994  C  0  0  0  0  0
    2.4398    1.9429   -4.3589  C  0  0  0  0  0
    1.1913    4.0135   -6.8849  C  0  0  0  0  0
  1  8  1  0  0  0
  1 10  1  0  0  0
  1  2  1  0  0  0
  2  3  1  0  0  0
  3  9  1  0  0  0
  3  4  1  0  0  0
  4  5  1  0  0  0
  5  6  1  0  0  0
  5 10  1  0  0  0
  6  7  1  0  0  0
  7  8  1  0  0  0
  7  9  1  0  0  0
M  END
$$$$
N12CN3CN(C1)CC(C2)C3
  -ISIS-

 10 12  0  0  0  0  0  0  0  0  1
    2.8861  -10.7079   -3.9515  C  0  0  0  0  0
    3.5492  -11.8261   -3.1081  C  0  0  0  0  0
    2.5187  -12.3860   -2.1462  N  0  0  0  0  0
    2.0565  -11.3750   -1.1895  C  0  0  0  0  0
    1.3920  -10.3493   -2.0056  N  0  0  0  0  0
    0.2233  -10.9010   -2.7051  C  0  0  0  0  0
    0.7580  -11.9317   -3.6062  N  0  0  0  0  0
    1.6834  -11.3509   -4.6659  C  0  0  0  0  0
    1.3983  -13.0177   -2.8508  C  0  0  0  0  0
    2.3611   -9.6586   -2.9539  C  0  0  0  0  0
  1  8  1  0  0  0
  1 10  1  0  0  0
  1  2  1  0  0  0
  2  3  1  0  0  0
  3  9  1  0  0  0
  3  4  1  0  0  0
  4  5  1  0  0  0
  5  6  1  0  0  0
  5 10  1  0  0  0
  6  7  1  0  0  0
  7  8  1  0  0  0
  7  9  1  0  0  0
M  END
$$$$
N12CN3CN(C1)CC(C2)C3
  -ISIS-

 10 12  0  0  0  0  0  0  0  0  1
   -0.8261   -4.0869   -1.5505  C  0  0  0  0  0
   -0.5746   -5.3395   -2.4051  C  0  0  0  0  0
   -1.8781   -6.1215   -2.4913  N  0  0  0  0  0
   -2.3420   -6.5807   -1.1748  C  0  0  0  0  0
   -2.6170   -5.3584   -0.4072  N  0  0  0  0  0
   -3.6947   -4.5735   -1.0267  C  0  0  0  0  0
   -3.1835   -4.1939   -2.3472  N  0  0  0  0  0
   -1.9655   -3.2973   -2.2435  C  0  0  0  0  0
   -2.9274   -5.3654   -3.1903  C  0  0  0  0  0
   -1.3639   -4.5244   -0.1786  C  0  0  0  0  0
  1  8  1  0  0  0
  1 10  1  0  0  0
  1  2  1  0  0  0
  2  3  1  0  0  0
  3  9  1  0  0  0
  3  4  1  0  0  0
  4  5  1  0  0  0
  5  6  1  0  0  0
  5 10  1  0  0  0
  6  7  1  0  0  0
  7  8  1  0  0  0
  7  9  1  0  0  0
M  END
$$$$
N12CN3CN(C1)CC(C2)C3
  -ISIS-

 10 12  0  0  0  0  0  0  0  0  1
    4.9187    0.0174   -3.0841  C  0  0  0  0  0
    4.7870   -0.8083   -4.3773  C  0  0  0  0  0
    4.9839    0.1219   -5.5599  N  0  0  0  0  0
    3.9319    1.1423   -5.6305  C  0  0  0  0  0
    4.0990    1.9400   -4.4132  N  0  0  0  0  0
    5.3985    2.6165   -4.3817  C  0  0  0  0  0
    6.3924    1.5341   -4.3575  N  0  0  0  0  0
    6.2931    0.6904   -3.0953  C  0  0  0  0  0
    6.3193    0.7249   -5.5798  C  0  0  0  0  0
    3.8501    1.1221   -3.1574  C  0  0  0  0  0
  1  8  1  0  0  0
  1 10  1  0  0  0
  1  2  1  0  0  0
  2  3  1  0  0  0
  3  9  1  0  0  0
  3  4  1  0  0  0
  4  5  1  0  0  0
  5  6  1  0  0  0
  5 10  1  0  0  0
  6  7  1  0  0  0
  7  8  1  0  0  0
  7  9  1  0  0  0
M  END
$$$$
N12CN3CN(C1)CC(C2)C3
  -ISIS-

 10 12  0  0  0  0  0  0  0  0  1
   -2.9531   -1.6951   -3.8249  C  0  0  0  0  0
   -2.2927   -1.2950   -5.1872  C  0  0  0  0  0
   -1.8733   -2.5624   -5.9394  N  0  0  0  0  0
   -0.8343   -3.3419   -5.2360  C  0  0  0  0  0
   -1.4911   -3.7582   -3.9810  N  0  0  0  0  0
   -2.6137   -4.6759   -4.2589  C  0  0  0  0  0
   -3.5800   -3.8414   -5.0023  N  0  0  0  0  0
   -4.1259   -2.6686   -4.1801  C  0  0  0  0  0
   -3.0135   -3.4289   -6.3033  C  0  0  0  0  0
   -1.8842   -2.5809   -3.0898  C  0  0  0  0  0
  1  8  1  0  0  0
  1 10  1  0  0  0
  1  2  1  0  0  0
  2  3  1  0  0  0
  3  9  1  0  0  0
  3  4  1  0  0  0
  4  5  1  0  0  0
  5  6  1  0  0  0
  5 10  1  0  0  0
  6  7  1  0  0  0
  7  8  1  0  0  0
  7  9  1  0  0  0
M  END
$$$$
N12CN3CN(C1)CC(C2)C3
  -ISIS-

 10 12  0  0  0  0  0  0  0  0  1
   -1.1136    2.2795    6.1702  C  0  0  0  0  0
   -0.0106    2.1985    5.0641  C  0  0  0  0  0
    0.5039    0.7574    4.9613  N  0  0  0  0  0
   -0.5400   -0.2057    4.5479  C  0  0  0  0  0
   -1.5193   -0.1681    5.6518  N  0  0  0  0  0
   -0.9260   -0.6683    6.9024  C  0  0  0  0  0
    0.1251    0.3201    7.2143  N  0  0  0  0  0
   -0.4271    1.7213    7.4729  C  0  0  0  0  0
    1.1834    0.2919    6.1855  C  0  0  0  0  0
   -2.1929    1.1998    5.7991  C  0  0  0  0  0
  1  8  1  0  0  0
  1 10  1  0  0  0
  1  2  1  0  0  0
  2  3  1  0  0  0
  3  9  1  0  0  0
  3  4  1  0  0  0
  4  5  1  0  0  0
  5  6  1  0  0  0
  5 10  1  0  0  0
  6  7  1  0  0  0
  7  8  1  0  0  0
  7  9  1  0  0  0
M  END
$$$$
N12CN3CN(C1)CC(C2)C3
  -ISIS-

 10 12  0  0  0  0  0  0  0  0  1
   -5.5038    1.1126    2.3007  C  0  0  0  0  0
   -4.5637    2.2474    2.8299  C  0  0  0  0  0
   -4.3338    2.0565    4.3331  N  0  0  0  0  0
   -3.6380    0.7950    4.6620  C  0  0  0  0  0
   -4.5715   -0.2575    4.2096  N  0  0  0  0  0
   -5.8156   -0.2223    5.0057  C  0  0  0  0  0
   -6.4196    1.0807    4.6632  N  0  0  0  0  0
   -6.7982    1.1984    3.1875  C  0  0  0  0  0
   -5.5677    2.1906    5.1346  C  0  0  0  0  0
   -4.8190   -0.2385    2.6972  C  0  0  0  0  0
  1  8  1  0  0  0
  1 10  1  0  0  0
  1  2  1  0  0  0
  2  3  1  0  0  0
  3  9  1  0  0  0
  3  4  1  0  0  0
  4  5  1  0  0  0
  5  6  1  0  0  0
  5 10  1  0  0  0
  6  7  1  0  0  0
  7  8  1  0  0  0
  7  9  1  0  0  0
M  END
$$$$
N12CN3CN(C1)CC(C2)C3
  -ISIS-

 10 12  0  0  0  0  0  0  0  0  1
    0.5565   -3.0806    0.6209  C  0  0  0  0  0
   -0.9737   -3.1294    0.7703  C  0  0  0  0  0
   -1.5292   -1.7627    0.4057  N  0  0  0  0  0
   -1.0540   -0.7137    1.3128  C  0  0  0  0  0
    0.4005   -0.6645    1.1103  N  0  0  0  0  0
    0.7301   -0.2729   -0.2648  C  0  0  0  0  0
    0.1868   -1.3423   -1.1066  N  0  0  0  0  0
    0.8463   -2.6826   -0.8377  C  0  0  0  0  0
   -1.2742   -1.4218   -0.9965  C  0  0  0  0  0
    1.0800   -1.9601    1.5245  C  0  0  0  0  0
  1  8  1  0  0  0
  1 10  1  0  0  0
  1  2  1  0  0  0
  2  3  1  0  0  0
  3  9  1  0  0  0
  3  4  1  0  0  0
  4  5  1  0  0  0
  5  6  1  0  0  0
  5 10  1  0  0  0
  6  7  1  0  0  0
  7  8  1  0  0  0
  7  9  1  0  0  0
M  END
$$$$
N12CN3CN(C1)CC(C2)C3
  -ISIS-

 10 12  0  0  0  0  0  0  0  0  1
    2.5082   -2.0737    4.7820  C  0  0  0  0  0
    3.5325   -3.2389    5.0172  C  0  0  0  0  0
    3.3673   -4.2959    3.9258  N  0  0  0  0  0
    2.0419   -4.9454    3.9447  C  0  0  0  0  0
    1.0996   -3.8438    3.6612  N  0  0  0  0  0
    1.3155   -3.3148    2.2987  C  0  0  0  0  0
    2.6723   -2.7332    2.3485  N  0  0  0  0  0
    2.7908   -1.5618    3.3298  C  0  0  0  0  0
    3.6810   -3.7871    2.5763  C  0  0  0  0  0
    1.1022   -2.7547    4.7398  C  0  0  0  0  0
  1  8  1  0  0  0
  1 10  1  0  0  0
  1  2  1  0  0  0
  2  3  1  0  0  0
  3  9  1  0  0  0
  3  4  1  0  0  0
  4  5  1  0  0  0
  5  6  1  0  0  0
  5 10  1  0  0  0
  6  7  1  0  0  0
  7  8  1  0  0  0
  7  9  1  0  0  0
M  END
$$$$
N12CN3CN(C1)CC(C2)C3
  -ISIS-

 10 12  0  0  0  0  0  0  0  0  1
    1.4075   -2.2269   -2.1325  C  0  0  0  0  0
    2.9685   -2.2931   -2.2350  C  0  0  0  0  0
    3.3855   -3.6784   -2.7409  N  0  0  0  0  0
    2.8969   -3.9737   -4.1040  C  0  0  0  0  0
    1.4255   -3.9661   -3.9667  N  0  0  0  0  0
    0.9819   -5.0716   -3.0926  C  0  0  0  0  0
    1.5504   -4.7310   -1.7732  N  0  0  0  0  0
    1.0009   -3.4251   -1.2010  C  0  0  0  0  0
    3.0257   -4.7715   -1.8144  C  0  0  0  0  0
    0.8629   -2.6022   -3.5517  C  0  0  0  0  0
  1  8  1  0  0  0
  1 10  1  0  0  0
  1  2  1  0  0  0
  2  3  1  0  0  0
  3  9  1  0  0  0
  3  4  1  0  0  0
  4  5  1  0  0  0
  5  6  1  0  0  0
  5 10  1  0  0  0
  6  7  1  0  0  0
  7  8  1  0  0  0
  7  9  1  0  0  0
M  END
$$$$
N12CN3CN(C1)CC(C2)C3
  -ISIS-

 10 12  0  0  0  0  0  0  0  0  1
    3.5111   -4.0083    3.8994  C  0  0  0  0  0
    5.0383   -3.7031    3.7421  C  0  0  0  0  0
    5.7308   -4.9037    3.0881  N  0  0  0  0  0
    5.6651   -6.1322    3.9066  C  0  0  0  0  0
    4.2206   -6.4325    3.9877  N  0  0  0  0  0
    3.6852   -6.7656    2.6519  C  0  0  0  0  0
    3.8338   -5.5120    1.8864  N  0  0  0  0  0
    3.0059   -4.3600    2.4543  C  0  0  0  0  0
    5.2600   -5.1716    1.7138  C  0  0  0  0  0
    3.4163   -5.3451    4.7085  C  0  0  0  0  0
  1  8  1  0  0  0
  1 10  1  0  0  0
  1  2  1  0  0  0
  2  3  1  0  0  0
  3  9  1  0  0  0
  3  4  1  0  0  0
  4  5  1  0  0  0
  5  6  1  0  0  0
  5 10  1  0  0  0
  6  7  1  0  0  0
  7  8  1  0  0  0
  7  9  1  0  0  0
M  END
$$$$
N12CN3CN(C1)CC(C2)C3
  -ISIS-

 10 12  0  0  0  0  0  0  0  0  1
   -4.1372    6.9848    1.2043  C  0  0  0  0  0
   -2.6072    7.2510    1.2929  C  0  0  0  0  0
   -2.1545    7.0859    2.7349  N  0  0  0  0  0
   -2.3580    5.7202    3.2327  C  0  0  0  0  0
   -3.8122    5.5158    3.2082  N  0  0  0  0  0
   -4.4982    6.4430    4.1170  C  0  0  0  0  0
   -4.2078    7.7771    3.5841  N  0  0  0  0  0
   -4.8011    7.9836    2.1945  C  0  0  0  0  0
   -2.7730    8.0772    3.6239  C  0  0  0  0  0
   -4.3793    5.5734    1.8007  C  0  0  0  0  0
  1  8  1  0  0  0
  1 10  1  0  0  0
  1  2  1  0  0  0
  2  3  1  0  0  0
  3  9  1  0  0  0
  3  4  1  0  0  0
  4  5  1  0  0  0
  5  6  1  0  0  0
  5 10  1  0  0  0
  6  7  1  0  0  0
  7  8  1  0  0  0
  7  9  1  0  0  0
M  END
$$$$
N12CN3CN(C1)CC(C2)C3
  -ISIS-

 10 12  0  0  0  0  0  0  0  0  1
    0.6356   -0.9089   -0.1687  C  0  0  0  0  0
    0.5320   -1.7181    1.1588  C  0  0  0  0  0
    1.6860   -2.7024    1.2506  N  0  0  0  0  0
    1.6459   -3.7074    0.1805  C  0  0  0  0  0
    1.8005   -2.9433   -1.0583  N  0  0  0  0  0
    3.1002   -2.2604   -1.1203  C  0  0  0  0  0
    3.0978   -1.3265    0.0152  N  0  0  0  0  0
    2.0405   -0.2425   -0.1411  C  0  0  0  0  0
    2.9914   -2.0308    1.2949  C  0  0  0  0  0
    0.6430   -1.9839   -1.2963  C  0  0  0  0  0
  1  8  1  0  0  0
  1 10  1  0  0  0
  1  2  1  0  0  0
  2  3  1  0  0  0
  3  9  1  0  0  0
  3  4  1  0  0  0
  4  5  1  0  0  0
  5  6  1  0  0  0
  5 10  1  0  0  0
  6  7  1  0  0  0
  7  8  1  0  0  0
  7  9  1  0  0  0
M  END
$$$$
N12CN3CN(C1)CC(C2)C3
  -ISIS-

 10 12  0  0  0  0  0  0  0  0  1
   -1.4659    2.4903  -10.1570  C  0  0  0  0  0
   -2.8729    2.8572  -10.6972  C  0  0  0  0  0
   -2.7459    3.4003  -12.1096  N  0  0  0  0  0
   -1.9766    4.6502  -12.1522  C  0  0  0  0  0
   -0.6310    4.2801  -11.7049  N  0  0  0  0  0
    0.0015    3.3239  -12.6189  C  0  0  0  0  0
   -0.8454    2.1261  -12.5583  N  0  0  0  0  0
   -0.8421    1.4940  -11.1756  C  0  0  0  0  0
   -2.2023    2.4053  -13.0431  C  0  0  0  0  0
   -0.6192    3.7908  -10.2607  C  0  0  0  0  0
  1  8  1  0  0  0
  1 10  1  0  0  0
  1  2  1  0  0  0
  2  3  1  0  0  0
  3  9  1  0  0  0
  3  4  1  0  0  0
  4  5  1  0  0  0
  5  6  1  0  0  0
  5 10  1  0  0  0
  6  7  1  0  0  0
  7  8  1  0  0  0
  7  9  1  0  0  0
M  END
$$$$
N12CN3CN(C1)CC(C2)C3
  -ISIS-

 10 12  0  0  0  0  0  0  0  0  1
    0.8856    2.4424   -6.1872  C  0  0  0  0  0
    0.4814    0.9391   -6.1213  C  0  0  0  0  0
    0.4035    0.3692   -7.5264  N  0  0  0  0  0
   -0.6411    1.0159   -8.3307  C  0  0  0  0  0
   -0.2222    2.4155   -8.4354  N  0  0  0  0  0
    1.0554    2.5497   -9.1489  C  0  0  0  0  0
    2.0338    1.8265   -8.3233  N  0  0  0  0  0
    2.2304    2.4838   -6.9634  C  0  0  0  0  0
    1.7000    0.4034   -8.2152  C  0  0  0  0  0
   -0.1949    3.1152   -7.0843  C  0  0  0  0  0
  1  8  1  0  0  0
  1 10  1  0  0  0
  1  2  1  0  0  0
  2  3  1  0  0  0
  3  9  1  0  0  0
  3  4  1  0  0  0
  4  5  1  0  0  0
  5  6  1  0  0  0
  5 10  1  0  0  0
  6  7  1  0  0  0
  7  8  1  0  0  0
  7  9  1  0  0  0
M  END
$$$$
N12CN3CN(C1)CC(C2)C3
  -ISIS-

 10 12  0  0  0  0  0  0  0  0  1
   -2.5348   -2.5749   -1.8159  C  0  0  0  0  0
   -3.9791   -2.7550   -2.3488  C  0  0  0  0  0
   -4.7728   -1.4925   -2.0553  N  0  0  0  0  0
   -4.2352   -0.3310   -2.7712  C  0  0  0  0  0
   -2.8855   -0.1306   -2.2259  N  0  0  0  0  0
   -2.9390    0.1965   -0.7958  C  0  0  0  0  0
   -3.5175   -0.9871   -0.1521  N  0  0  0  0  0
   -2.6283   -2.2072   -0.3125  C  0  0  0  0  0
   -4.8889   -1.2468   -0.6121  C  0  0  0  0  0
   -1.9625   -1.3162   -2.5169  C  0  0  0  0  0
  1  8  1  0  0  0
  1 10  1  0  0  0
  1  2  1  0  0  0
  2  3  1  0  0  0
  3  9  1  0  0  0
  3  4  1  0  0  0
  4  5  1  0  0  0
  5  6  1  0  0  0
  5 10  1  0  0  0
  6  7  1  0  0  0
  7  8  1  0  0  0
  7  9  1  0  0  0
M  END
$$$$
N12CN3CN(C1)CC(C2)C3
  -ISIS-

 10 12  0  0  0  0  0  0  0  0  1
    3.3232   -3.2376   -6.0313  C  0  0  0  0  0
    2.8303   -2.9259   -7.4718  C  0  0  0  0  0
    2.2369   -4.1919   -8.0742  N  0  0  0  0  0
    1.0439   -4.6471   -7.3556  C  0  0  0  0  0
    1.5198   -4.9901   -6.0093  N  0  0  0  0  0
    2.4720   -6.1070   -6.0535  C  0  0  0  0  0
    3.6125   -5.5991   -6.8186  N  0  0  0  0  0
    4.3088   -4.4393   -6.1207  C  0  0  0  0  0
    3.2363   -5.2629   -8.1987  C  0  0  0  0  0
    2.0799   -3.7864   -5.2708  C  0  0  0  0  0
  1  8  1  0  0  0
  1 10  1  0  0  0
  1  2  1  0  0  0
  2  3  1  0  0  0
  3  9  1  0  0  0
  3  4  1  0  0  0
  4  5  1  0  0  0
  5  6  1  0  0  0
  5 10  1  0  0  0
  6  7  1  0  0  0
  7  8  1  0  0  0
  7  9  1  0  0  0
M  END
$$$$
N12CN3CN(C1)CC(C2)C3
  -ISIS-

 10 12  0  0  0  0  0  0  0  0  1
    0.7238   -3.7881   -0.1077  C  0  0  0  0  0
    1.3921   -5.1215    0.2256  C  0  0  0  0  0
    0.3215   -6.0601    0.7679  N  0  0  0  0  0
   -0.2537   -5.5828    2.0317  C  0  0  0  0  0
   -0.9068   -4.3162    1.6903  N  0  0  0  0  0
   -2.0097   -4.5162    0.7421  C  0  0  0  0  0
   -1.3707   -5.0381   -0.4744  N  0  0  0  0  0
   -0.4161   -4.0278   -1.0966  C  0  0  0  0  0
   -0.7295   -6.3371   -0.2239  C  0  0  0  0  0
    0.0811   -3.2711    1.1966  C  0  0  0  0  0
  1  8  1  0  0  0
  1 10  1  0  0  0
  1  2  1  0  0  0
  2  3  1  0  0  0
  3  9  1  0  0  0
  3  4  1  0  0  0
  4  5  1  0  0  0
  5  6  1  0  0  0
  5 10  1  0  0  0
  6  7  1  0  0  0
  7  8  1  0  0  0
  7  9  1  0  0  0
M  END
$$$$
N12CN3CN(C1)CC(C2)C3
  -ISIS-

 10 12  0  0  0  0  0  0  0  0  1
   -5.3798   -3.0352   -4.6691  C  0  0  0  0  0
   -4.7301   -3.2473   -6.0402  C  0  0  0  0  0
   -4.5315   -1.8827   -6.6864  N  0  0  0  0  0
   -5.8108   -1.2008   -6.9220  C  0  0  0  0  0
   -6.3680   -0.9514   -5.5858  N  0  0  0  0  0
   -5.5084   -0.0697   -4.7971  C  0  0  0  0  0
   -4.2560   -0.8133   -4.6389  N  0  0  0  0  0
   -4.4468   -2.1089   -3.8657  C  0  0  0  0  0
   -3.6018   -1.0366   -5.9344  C  0  0  0  0  0
   -6.6891   -2.2506   -4.8593  C  0  0  0  0  0
  1  8  1  0  0  0
  1 10  1  0  0  0
  1  2  1  0  0  0
  2  3  1  0  0  0
  3  9  1  0  0  0
  3  4  1  0  0  0
  4  5  1  0  0  0
  5  6  1  0  0  0
  5 10  1  0  0  0
  6  7  1  0  0  0
  7  8  1  0  0  0
  7  9  1  0  0  0
M  END
$$$$
N12CN3CN(C1)CC(C2)C3
  -ISIS-

 10 12  0  0  0  0  0  0  0  0  1
   -2.9452   -2.3438    2.8291  C  0  0  0  0  0
   -1.9436   -1.7619    3.8368  C  0  0  0  0  0
   -1.7757   -2.7685    4.9672  N  0  0  0  0  0
   -1.2268   -4.0464    4.4950  C  0  0  0  0  0
   -2.2322   -4.5924    3.5739  N  0  0  0  0  0
   -3.4999   -4.8605    4.2663  C  0  0  0  0  0
   -3.9616   -3.5559    4.7489  N  0  0  0  0  0
   -4.2585   -2.6067    3.6036  C  0  0  0  0  0
   -3.0262   -2.9681    5.7120  C  0  0  0  0  0
   -2.4307   -3.7085    2.3496  C  0  0  0  0  0
  1  8  1  0  0  0
  1 10  1  0  0  0
  1  2  1  0  0  0
  2  3  1  0  0  0
  3  9  1  0  0  0
  3  4  1  0  0  0
  4  5  1  0  0  0
  5  6  1  0  0  0
  5 10  1  0  0  0
  6  7  1  0  0  0
  7  8  1  0  0  0
  7  9  1  0  0  0
M  END
$$$$
N12CN3CN(C1)CC(C2)C3
  -ISIS-

 10 12  0  0  0  0  0  0  0  0  1
   -1.2771    6.3522    3.3806  C  0  0  0  0  0
   -0.3306    7.0999    4.3184  C  0  0  0  0  0
   -0.6049    8.5904    4.1661  N  0  0  0  0  0
   -0.3354    9.0757    2.8061  C  0  0  0  0  0
   -1.2893    8.3568    1.9469  N  0  0  0  0  0
   -2.6746    8.7108    2.2881  C  0  0  0  0  0
   -2.8538    8.2419    3.6652  N  0  0  0  0  0
   -2.7132    6.7332    3.7837  C  0  0  0  0  0
   -1.9648    8.9469    4.5979  C  0  0  0  0  0
   -1.0552    6.8496    1.9556  C  0  0  0  0  0
  1  8  1  0  0  0
  1 10  1  0  0  0
  1  2  1  0  0  0
  2  3  1  0  0  0
  3  9  1  0  0  0
  3  4  1  0  0  0
  4  5  1  0  0  0
  5  6  1  0  0  0
  5 10  1  0  0  0
  6  7  1  0  0  0
  7  8  1  0  0  0
  7  9  1  0  0  0
M  END
$$$$
N12CN3CN(C1)CC(C2)C3
  -ISIS-

 10 12  0  0  0  0  0  0  0  0  1
   -0.9969    9.7283    5.1037  C  0  0  0  0  0
    0.4866    9.7690    4.7167  C  0  0  0  0  0
    1.2962    9.9822    5.9867  N  0  0  0  0  0
    0.9962   11.2656    6.6312  C  0  0  0  0  0
   -0.4217   11.1775    7.0108  N  0  0  0  0  0
   -0.6367   10.1086    7.9980  C  0  0  0  0  0
   -0.2748    8.8685    7.3008  N  0  0  0  0  0
   -1.1783    8.5878    6.1088  C  0  0  0  0  0
    1.1467    8.8609    6.9251  C  0  0  0  0  0
   -1.3393   11.0415    5.8003  C  0  0  0  0  0
  1  8  1  0  0  0
  1 10  1  0  0  0
  1  2  1  0  0  0
  2  3  1  0  0  0
  3  9  1  0  0  0
  3  4  1  0  0  0
  4  5  1  0  0  0
  5  6  1  0  0  0
  5 10  1  0  0  0
  6  7  1  0  0  0
  7  8  1  0  0  0
  7  9  1  0  0  0
M  END
$$$$
N12CN3CN(C1)CC(C2)C3
  -ISIS-

 10 12  0  0  0  0  0  0  0  0  1
   -2.8217    6.1202    4.4841  C  0  0  0  0  0
   -2.6637    7.5210    3.8819  C  0  0  0  0  0
   -1.6603    8.2860    4.7320  N  0  0  0  0  0
   -0.3284    7.6696    4.7178  C  0  0  0  0  0
   -0.5173    6.3440    5.3273  N  0  0  0  0  0
   -0.9471    6.4676    6.7287  C  0  0  0  0  0
   -2.2554    7.1298    6.6664  N  0  0  0  0  0
   -3.2944    6.2955    5.9321  C  0  0  0  0  0
   -2.1446    8.4845    6.1059  C  0  0  0  0  0
   -1.4488    5.4557    4.5096  C  0  0  0  0  0
  1  8  1  0  0  0
  1 10  1  0  0  0
  1  2  1  0  0  0
  2  3  1  0  0  0
  3  9  1  0  0  0
  3  4  1  0  0  0
  4  5  1  0  0  0
  5  6  1  0  0  0
  5 10  1  0  0  0
  6  7  1  0  0  0
  7  8  1  0  0  0
  7  9  1  0  0  0
M  END
$$$$
N12CN3CN(C1)CC(C2)C3
  -ISIS-

 10 12  0  0  0  0  0  0  0  0  1
    0.2167    2.7388   -0.9812  C  0  0  0  0  0
    1.3419    2.6116   -2.0129  C  0  0  0  0  0
    0.7077    2.2899   -3.3580  N  0  0  0  0  0
   -0.1600    3.3793   -3.8286  C  0  0  0  0  0
   -1.2434    3.4555   -2.8381  N  0  0  0  0  0
   -2.0302    2.2172   -2.8076  C  0  0  0  0  0
   -1.0867    1.1774   -2.3697  N  0  0  0  0  0
   -0.5615    1.4276   -0.9596  C  0  0  0  0  0
   -0.0021    1.0056   -3.3481  C  0  0  0  0  0
   -0.7260    3.8469   -1.4620  C  0  0  0  0  0
  1  8  1  0  0  0
  1 10  1  0  0  0
  1  2  1  0  0  0
  2  3  1  0  0  0
  3  9  1  0  0  0
  3  4  1  0  0  0
  4  5  1  0  0  0
  5  6  1  0  0  0
  5 10  1  0  0  0
  6  7  1  0  0  0
  7  8  1  0  0  0
  7  9  1  0  0  0
M  END
$$$$
N12CN3CN(C1)CC(C2)C3
  -ISIS-

 10 12  0  0  0  0  0  0  0  0  1
    0.7653    0.2874   -1.4517  C  0  0  0  0  0
    1.4911   -0.1214   -0.1594  C  0  0  0  0  0
    1.5562   -1.6395   -0.1137  N  0  0  0  0  0
    0.2243   -2.2496   -0.0572  C  0  0  0  0  0
   -0.4211   -1.8751   -1.3228  N  0  0  0  0  0
    0.2977   -2.4412   -2.4702  C  0  0  0  0  0
    1.6248   -1.8211   -2.4316  N  0  0  0  0  0
    1.5662   -0.3165   -2.6204  C  0  0  0  0  0
    2.3549   -2.1891   -1.2134  C  0  0  0  0  0
   -0.6167   -0.3721   -1.4435  C  0  0  0  0  0
  1  8  1  0  0  0
  1 10  1  0  0  0
  1  2  1  0  0  0
  2  3  1  0  0  0
  3  9  1  0  0  0
  3  4  1  0  0  0
  4  5  1  0  0  0
  5  6  1  0  0  0
  5 10  1  0  0  0
  6  7  1  0  0  0
  7  8  1  0  0  0
  7  9  1  0  0  0
M  END
$$$$
N12CN3CN(C1)CC(C2)C3
  -ISIS-

 10 12  0  0  0  0  0  0  0  0  1
   -6.1921    1.8730   -1.3462  C  0  0  0  0  0
   -7.3706    1.0547   -0.7189  C  0  0  0  0  0
   -6.8457   -0.3046   -0.2394  N  0  0  0  0  0
   -6.3320   -1.1512   -1.3347  C  0  0  0  0  0
   -5.1805   -0.3950   -1.8657  N  0  0  0  0  0
   -5.5751    0.9557   -2.4659  C  0  0  0  0  0
   -4.1128   -0.2903   -0.8543  C  0  0  0  0  0
   -4.7179    0.5221    0.2173  N  0  0  0  0  0
   -5.8469   -0.1950    0.8421  C  0  0  0  0  0
   -5.0830    1.9384   -0.2326  C  0  0  0  0  0
  1  6  1  0  0  0
  1 10  1  0  0  0
  1  2  1  0  0  0
  2  3  1  0  0  0
  3  9  1  0  0  0
  3  4  1  0  0  0
  4  5  1  0  0  0
  5  6  1  0  0  0
  5  7  1  0  0  0
  7  8  1  0  0  0
  8  9  1  0  0  0
  8 10  1  0  0  0
M  END
$$$$
N12CN3CN(C1)CC(C2)C3
  -ISIS-

 10 12  0  0  0  0  0  0  0  0  1
   -4.4395    0.5671   -1.9166  C  0  0  0  0  0
   -4.3190    1.0348   -0.4267  C  0  0  0  0  0
   -4.0572   -0.1825    0.4672  N  0  0  0  0  0
   -5.1651   -1.1603    0.4582  C  0  0  0  0  0
   -5.2171   -1.6312   -0.9415  N  0  0  0  0  0
   -5.5646   -0.5215   -1.9399  C  0  0  0  0  0
   -3.9817   -2.3624   -1.2883  C  0  0  0  0  0
   -2.9245   -1.3348   -1.2067  N  0  0  0  0  0
   -2.7726   -0.8520    0.1804  C  0  0  0  0  0
   -3.1057   -0.2046   -2.2195  C  0  0  0  0  0
  1  6  1  0  0  0
  1 10  1  0  0  0
  1  2  1  0  0  0
  2  3  1  0  0  0
  3  9  1  0  0  0
  3  4  1  0  0  0
  4  5  1  0  0  0
  5  6  1  0  0  0
  5  7  1  0  0  0
  7  8  1  0  0  0
  8  9  1  0  0  0
  8 10  1  0  0  0
M  END
$$$$
N12CN3CN(C1)CC(C2)C3
  -ISIS-

 10 12  0  0  0  0  0  0  0  0  1
    2.9769   -0.3330    4.4249  C  0  0  0  0  0
    3.2452   -1.5392    5.3867  C  0  0  0  0  0
    4.5538   -2.2278    4.9835  N  0  0  0  0  0
    5.7376   -1.3544    5.1210  C  0  0  0  0  0
    5.4897   -0.2595    4.1604  N  0  0  0  0  0
    4.2505    0.5750    4.5024  C  0  0  0  0  0
    5.4820   -0.7758    2.7768  C  0  0  0  0  0
    4.3093   -1.6722    2.7374  N  0  0  0  0  0
    4.5062   -2.8279    3.6350  C  0  0  0  0  0
    2.9876   -0.9432    2.9781  C  0  0  0  0  0
  1  6  1  0  0  0
  1 10  1  0  0  0
  1  2  1  0  0  0
  2  3  1  0  0  0
  3  9  1  0  0  0
  3  4  1  0  0  0
  4  5  1  0  0  0
  5  6  1  0  0  0
  5  7  1  0  0  0
  7  8  1  0  0  0
  8  9  1  0  0  0
  8 10  1  0  0  0
M  END
$$$$
N12CN3CN(C1)CC(C2)C3
  -ISIS-

 10 12  0  0  0  0  0  0  0  0  1
    3.8244    1.7751    1.4131  C  0  0  0  0  0
    3.3086    3.1438    0.8318  C  0  0  0  0  0
    4.4970    4.0008    0.3914  N  0  0  0  0  0
    5.2759    3.3888   -0.7031  C  0  0  0  0  0
    5.8068    2.1438   -0.1139  N  0  0  0  0  0
    4.7115    1.1466    0.2863  C  0  0  0  0  0
    6.7458    2.4512    0.9834  C  0  0  0  0  0
    5.9044    3.1048    2.0055  N  0  0  0  0  0
    5.3789    4.3887    1.5071  C  0  0  0  0  0
    4.8169    2.1847    2.5641  C  0  0  0  0  0
  1  6  1  0  0  0
  1 10  1  0  0  0
  1  2  1  0  0  0
  2  3  1  0  0  0
  3  9  1  0  0  0
  3  4  1  0  0  0
  4  5  1  0  0  0
  5  6  1  0  0  0
  5  7  1  0  0  0
  7  8  1  0  0  0
  8  9  1  0  0  0
  8 10  1  0  0  0
M  END
$$$$
N12CN3CN(C1)CC(C2)C3
  -ISIS-

 10 12  0  0  0  0  0  0  0  0  1
   -3.8887   -0.0822    1.3199  C  0  0  0  0  0
   -4.2641   -1.5608    0.9660  C  0  0  0  0  0
   -3.3677   -2.5169    1.7632  N  0  0  0  0  0
   -1.9359   -2.3939    1.4239  C  0  0  0  0  0
   -1.5858   -1.0181    1.8294  N  0  0  0  0  0
   -2.3456    0.0512    1.0419  C  0  0  0  0  0
   -1.7057   -0.8572    3.2901  C  0  0  0  0  0
   -3.1455   -1.0408    3.5499  N  0  0  0  0  0
   -3.5637   -2.4184    3.2231  C  0  0  0  0  0
   -4.0194    0.0243    2.8840  C  0  0  0  0  0
  1  6  1  0  0  0
  1 10  1  0  0  0
  1  2  1  0  0  0
  2  3  1  0  0  0
  3  9  1  0  0  0
  3  4  1  0  0  0
  4  5  1  0  0  0
  5  6  1  0  0  0
  5  7  1  0  0  0
  7  8  1  0  0  0
  8  9  1  0  0  0
  8 10  1  0  0  0
M  END
$$$$
N12CN3CN(C1)CC(C2)C3
  -ISIS-

 10 12  0  0  0  0  0  0  0  0  1
   -3.6045    2.2300   -2.0742  C  0  0  0  0  0
   -5.1069    2.5416   -1.7624  C  0  0  0  0  0
   -5.2360    3.0122   -0.3096  N  0  0  0  0  0
   -4.5275    4.2800   -0.0415  C  0  0  0  0  0
   -3.1082    3.9537   -0.2857  N  0  0  0  0  0
   -2.8248    3.5496   -1.7321  C  0  0  0  0  0
   -2.6239    2.9651    0.6983  C  0  0  0  0  0
   -3.4101    1.7511    0.4002  N  0  0  0  0  0
   -4.8438    1.9814    0.6737  C  0  0  0  0  0
   -3.1456    1.1866   -1.0000  C  0  0  0  0  0
  1  6  1  0  0  0
  1 10  1  0  0  0
  1  2  1  0  0  0
  2  3  1  0  0  0
  3  9  1  0  0  0
  3  4  1  0  0  0
  4  5  1  0  0  0
  5  6  1  0  0  0
  5  7  1  0  0  0
  7  8  1  0  0  0
  8  9  1  0  0  0
  8 10  1  0  0  0
M  END
$$$$
N12CN3CN(C1)CC(C2)C3
  -ISIS-

 10 12  0  0  0  0  0  0  0  0  1
    0.5313   -2.8251    5.4668  C  0  0  0  0  0
    0.7358   -4.3081    5.7935  C  0  0  0  0  0
    2.1467   -4.4762    6.3375  N  0  0  0  0  0
    2.3370   -3.7474    7.5998  C  0  0  0  0  0
    2.1665   -2.3302    7.2483  N  0  0  0  0  0
    3.1928   -1.8865    6.2980  C  0  0  0  0  0
    2.9604   -2.6861    5.0857  N  0  0  0  0  0
    1.5975   -2.4078    4.4597  C  0  0  0  0  0
    3.1721   -4.1172    5.3512  C  0  0  0  0  0
    0.7568   -2.0337    6.7590  C  0  0  0  0  0
  1  8  1  0  0  0
  1 10  1  0  0  0
  1  2  1  0  0  0
  2  3  1  0  0  0
  3  9  1  0  0  0
  3  4  1  0  0  0
  4  5  1  0  0  0
  5  6  1  0  0  0
  5 10  1  0  0  0
  6  7  1  0  0  0
  7  8  1  0  0  0
  7  9  1  0  0  0
M  END
$$$$
N12CN3CN(C1)CC(C2)C3
  -ISIS-

 10 12  0  0  0  0  0  0  0  0  1
   -0.4230   -1.6675    5.8500  C  0  0  0  0  0
   -1.9107   -1.6777    5.5168  C  0  0  0  0  0
   -2.6255   -2.4705    6.6064  N  0  0  0  0  0
   -2.4948   -1.8452    7.9318  C  0  0  0  0  0
   -1.0571   -1.8760    8.2262  N  0  0  0  0  0
   -0.5611   -3.2567    8.3262  C  0  0  0  0  0
   -0.7744   -3.8319    6.9906  N  0  0  0  0  0
    0.0548   -3.1238    5.9305  C  0  0  0  0  0
   -2.1997   -3.8780    6.6468  C  0  0  0  0  0
   -0.2436   -1.0503    7.2401  C  0  0  0  0  0
  1  8  1  0  0  0
  1 10  1  0  0  0
  1  2  1  0  0  0
  2  3  1  0  0  0
  3  9  1  0  0  0
  3  4  1  0  0  0
  4  5  1  0  0  0
  5  6  1  0  0  0
  5 10  1  0  0  0
  6  7  1  0  0  0
  7  8  1  0  0  0
  7  9  1  0  0  0
M  END
$$$$
N12CN3CN(C1)CC(C2)C3
  -ISIS-

 10 12  0  0  0  0  0  0  0  0  1
  -10.2617   -4.3098    5.9864  C  0  0  0  0  0
   -9.4765   -5.5945    6.3079  C  0  0  0  0  0
   -9.5802   -5.8516    7.8022  N  0  0  0  0  0
  -10.9608   -6.0950    8.2302  C  0  0  0  0  0
  -11.6728   -4.8433    7.9353  N  0  0  0  0  0
  -11.1329   -3.7303    8.7320  C  0  0  0  0  0
   -9.7429   -3.5773    8.2825  N  0  0  0  0  0
   -9.6448   -3.1837    6.8144  C  0  0  0  0  0
   -8.9513   -4.7795    8.5845  C  0  0  0  0  0
  -11.7009   -4.5277    6.4432  C  0  0  0  0  0
  1  8  1  0  0  0
  1 10  1  0  0  0
  1  2  1  0  0  0
  2  3  1  0  0  0
  3  9  1  0  0  0
  3  4  1  0  0  0
  4  5  1  0  0  0
  5  6  1  0  0  0
  5 10  1  0  0  0
  6  7  1  0  0  0
  7  8  1  0  0  0
  7  9  1  0  0  0
M  END
$$$$
N12CN3CN(C1)CC(C2)C3
  -ISIS-

 10 12  0  0  0  0  0  0  0  0  1
   -5.2693    3.1783   -0.5946  C  0  0  0  0  0
   -6.6834    2.6912   -0.2399  C  0  0  0  0  0
   -6.8111    1.2361   -0.6736  N  0  0  0  0  0
   -5.8970    0.3573    0.0659  C  0  0  0  0  0
   -4.5516    0.8006   -0.3085  N  0  0  0  0  0
   -4.2978    0.6221   -1.7401  C  0  0  0  0  0
   -5.2699    1.4913   -2.4136  N  0  0  0  0  0
   -5.0392    2.9648   -2.0991  C  0  0  0  0  0
   -6.6491    1.0749   -2.1249  C  0  0  0  0  0
   -4.2847    2.2235    0.1362  C  0  0  0  0  0
  1  8  1  0  0  0
  1 10  1  0  0  0
  1  2  1  0  0  0
  2  3  1  0  0  0
  3  9  1  0  0  0
  3  4  1  0  0  0
  4  5  1  0  0  0
  5  6  1  0  0  0
  5 10  1  0  0  0
  6  7  1  0  0  0
  7  8  1  0  0  0
  7  9  1  0  0  0
M  END
$$$$
N12CN3CN(C1)CC(C2)C3
  -ISIS-

 10 12  0  0  0  0  0  0  0  0  1
    0.4200   -6.3891   -2.8161  C  0  0  0  0  0
   -0.5853   -5.2464   -3.1838  C  0  0  0  0  0
   -0.0694   -4.4931   -4.4147  N  0  0  0  0  0
    1.2212   -3.8113   -4.1838  C  0  0  0  0  0
    2.1632   -4.9140   -3.9002  N  0  0  0  0  0
    2.3278   -5.7726   -5.0912  C  0  0  0  0  0
    0.9921   -6.3714   -5.2846  N  0  0  0  0  0
    0.5563   -7.2575   -4.1186  C  0  0  0  0  0
   -0.0003   -5.3335   -5.6278  C  0  0  0  0  0
    1.8132   -5.6987   -2.6311  C  0  0  0  0  0
  1  8  1  0  0  0
  1 10  1  0  0  0
  1  2  1  0  0  0
  2  3  1  0  0  0
  3  9  1  0  0  0
  3  4  1  0  0  0
  4  5  1  0  0  0
  5  6  1  0  0  0
  5 10  1  0  0  0
  6  7  1  0  0  0
  7  8  1  0  0  0
  7  9  1  0  0  0
M  END
$$$$
N12CN3CN(C1)CC(C2)C3
  -ISIS-

 10 12  0  0  0  0  0  0  0  0  1
   -2.7134   -1.9933    2.2234  C  0  0  0  0  0
   -3.8561   -0.9661    2.2857  C  0  0  0  0  0
   -3.2700    0.3799    2.6920  N  0  0  0  0  0
   -2.2982    0.8739    1.7069  C  0  0  0  0  0
   -1.1933   -0.0944    1.7281  N  0  0  0  0  0
   -0.5454   -0.1426    3.0424  C  0  0  0  0  0
   -1.5856   -0.5994    3.9673  N  0  0  0  0  0
   -2.0604   -1.9992    3.6332  C  0  0  0  0  0
   -2.6993    0.3493    4.0422  C  0  0  0  0  0
   -1.6374   -1.4730    1.2558  C  0  0  0  0  0
  1  8  1  0  0  0
  1 10  1  0  0  0
  1  2  1  0  0  0
  2  3  1  0  0  0
  3  9  1  0  0  0
  3  4  1  0  0  0
  4  5  1  0  0  0
  5  6  1  0  0  0
  5 10  1  0  0  0
  6  7  1  0  0  0
  7  8  1  0  0  0
  7  9  1  0  0  0
M  END
$$$$
N12CN3CN(C1)CC(C2)C3
  -ISIS-

 10 12  0  0  0  0  0  0  0  0  1
   -2.1019    7.6194    2.5638  C  0  0  0  0  0
   -2.0736    8.6225    1.4071  C  0  0  0  0  0
   -3.3791    8.4841    0.6376  N  0  0  0  0  0
   -3.5369    7.1534    0.0390  C  0  0  0  0  0
   -3.5875    6.2259    1.1794  N  0  0  0  0  0
   -4.7646    6.4903    2.0204  C  0  0  0  0  0
   -4.5606    7.8457    2.5435  N  0  0  0  0  0
   -3.3261    7.9456    3.4268  C  0  0  0  0  0
   -4.5418    8.8420    1.4630  C  0  0  0  0  0
   -2.2902    6.2225    1.9818  C  0  0  0  0  0
  1  8  1  0  0  0
  1 10  1  0  0  0
  1  2  1  0  0  0
  2  3  1  0  0  0
  3  9  1  0  0  0
  3  4  1  0  0  0
  4  5  1  0  0  0
  5  6  1  0  0  0
  5 10  1  0  0  0
  6  7  1  0  0  0
  7  8  1  0  0  0
  7  9  1  0  0  0
M  END
$$$$
N12CN3CN(C1)CC(C2)C3
  -ISIS-

 10 12  0  0  0  0  0  0  0  0  1
   -1.8861    0.0334   -0.1592  C  0  0  0  0  0
   -1.0316   -1.2613   -0.2365  C  0  0  0  0  0
   -0.4002   -1.5226    1.1240  N  0  0  0  0  0
    0.5247   -0.4519    1.5193  C  0  0  0  0  0
   -0.3116    0.7485    1.6467  N  0  0  0  0  0
   -1.3203    0.5941    2.7010  C  0  0  0  0  0
   -2.1733   -0.5188    2.2602  N  0  0  0  0  0
   -2.9186   -0.1953    0.9685  C  0  0  0  0  0
   -1.4104   -1.7704    2.1599  C  0  0  0  0  0
   -0.9268    1.1573    0.3124  C  0  0  0  0  0
  1  8  1  0  0  0
  1 10  1  0  0  0
  1  2  1  0  0  0
  2  3  1  0  0  0
  3  9  1  0  0  0
  3  4  1  0  0  0
  4  5  1  0  0  0
  5  6  1  0  0  0
  5 10  1  0  0  0
  6  7  1  0  0  0
  7  8  1  0  0  0
  7  9  1  0  0  0
M  END
$$$$
N12CN3CN(C1)CC(C2)C3
  -ISIS-

 10 12  0  0  0  0  0  0  0  0  1
    4.7975    4.6627   -2.4516  C  0  0  0  0  0
    5.5260    3.6895   -1.5055  C  0  0  0  0  0
    6.8058    4.3506   -1.0175  N  0  0  0  0  0
    6.5387    5.5593   -0.2307  C  0  0  0  0  0
    5.8780    6.4765   -1.1609  N  0  0  0  0  0
    6.7579    6.8387   -2.2801  C  0  0  0  0  0
    7.0359    5.5765   -2.9783  N  0  0  0  0  0
    5.7739    4.9819   -3.5897  C  0  0  0  0  0
    7.7391    4.6263   -2.1148  C  0  0  0  0  0
    4.5375    5.9429   -1.6490  C  0  0  0  0  0
  1  8  1  0  0  0
  1 10  1  0  0  0
  1  2  1  0  0  0
  2  3  1  0  0  0
  3  9  1  0  0  0
  3  4  1  0  0  0
  4  5  1  0  0  0
  5  6  1  0  0  0
  5 10  1  0  0  0
  6  7  1  0  0  0
  7  8  1  0  0  0
  7  9  1  0  0  0
M  END
$$$$
N12CN3CN(C1)CC(C2)C3
  -ISIS-

 10 12  0  0  0  0  0  0  0  0  1
    4.8439   -7.4006   -4.2389  C  0  0  0  0  0
    4.1328   -7.1692   -5.6002  C  0  0  0  0  0
    2.7625   -7.8315   -5.5645  N  0  0  0  0  0
    1.8870   -7.2364   -4.5459  C  0  0  0  0  0
    2.5448   -7.5187   -3.2637  N  0  0  0  0  0
    3.8980   -6.8240   -3.1534  C  0  0  0  0  0
    2.6369   -8.9612   -3.0107  C  0  0  0  0  0
    3.4826   -9.4900   -4.0903  N  0  0  0  0  0
    2.8601   -9.2876   -5.4056  C  0  0  0  0  0
    4.9017   -8.9319   -4.0346  C  0  0  0  0  0
  1  6  1  0  0  0
  1 10  1  0  0  0
  1  2  1  0  0  0
  2  3  1  0  0  0
  3  9  1  0  0  0
  3  4  1  0  0  0
  4  5  1  0  0  0
  5  6  1  0  0  0
  5  7  1  0  0  0
  7  8  1  0  0  0
  8  9  1  0  0  0
  8 10  1  0  0  0
M  END
$$$$
N12CN3CN(C1)CC(C2)C3
  -ISIS-

 10 12  0  0  0  0  0  0  0  0  1
   -0.2419    2.3520   -4.7895  C  0  0  0  0  0
   -0.9009    1.0778   -5.3749  C  0  0  0  0  0
   -0.0304    0.5468   -6.5009  N  0  0  0  0  0
    1.3312    0.2302   -6.0414  C  0  0  0  0  0
    1.9394    1.5183   -5.6722  N  0  0  0  0  0
    1.9927    2.4476   -6.7994  C  0  0  0  0  0
    0.5884    2.6895   -7.1590  N  0  0  0  0  0
   -0.2081    3.3300   -6.0164  C  0  0  0  0  0
   -0.0299    1.4502   -7.6502  C  0  0  0  0  0
    1.2589    2.1431   -4.4663  C  0  0  0  0  0
  1  8  1  0  0  0
  1 10  1  0  0  0
  1  2  1  0  0  0
  2  3  1  0  0  0
  3  9  1  0  0  0
  3  4  1  0  0  0
  4  5  1  0  0  0
  5  6  1  0  0  0
  5 10  1  0  0  0
  6  7  1  0  0  0
  7  8  1  0  0  0
  7  9  1  0  0  0
M  END
$$$$
N12CN3CN(C1)CC(C2)C3
  -ISIS-

 10 12  0  0  0  0  0  0  0  0  1
   -5.0536    6.8127    1.3886  C  0  0  0  0  0
   -5.7988    7.7699    2.3461  C  0  0  0  0  0
   -6.7007    8.6841    1.5203  N  0  0  0  0  0
   -5.9345    9.5319    0.5958  C  0  0  0  0  0
   -5.2864    8.6003   -0.3377  N  0  0  0  0  0
   -6.2792    7.8474   -1.1170  C  0  0  0  0  0
   -7.0321    7.0667   -0.1268  N  0  0  0  0  0
   -6.1522    6.0551    0.5913  C  0  0  0  0  0
   -7.7496    7.9356    0.8140  C  0  0  0  0  0
   -4.2898    7.6824    0.3635  C  0  0  0  0  0
  1  8  1  0  0  0
  1 10  1  0  0  0
  1  2  1  0  0  0
  2  3  1  0  0  0
  3  9  1  0  0  0
  3  4  1  0  0  0
  4  5  1  0  0  0
  5  6  1  0  0  0
  5 10  1  0  0  0
  6  7  1  0  0  0
  7  8  1  0  0  0
  7  9  1  0  0  0
M  END
$$$$
N12CN3CN(C1)CC(C2)C3
  -ISIS-

 10 12  0  0  0  0  0  0  0  0  1
    0.7653   -0.2197   -8.6379  C  0  0  0  0  0
    1.8353   -1.3157   -8.8860  C  0  0  0  0  0
    2.0029   -1.5142  -10.3865  N  0  0  0  0  0
    0.7716   -2.0074  -11.0173  C  0  0  0  0  0
   -0.2146   -0.9375  -10.8213  N  0  0  0  0  0
   -0.5234   -0.7057   -9.3457  C  0  0  0  0  0
    0.1911    0.3001  -11.5017  C  0  0  0  0  0
    1.4476    0.7036  -10.8546  N  0  0  0  0  0
    2.4992   -0.3026  -11.0524  C  0  0  0  0  0
    1.2507    1.0468   -9.3816  C  0  0  0  0  0
  1  6  1  0  0  0
  1 10  1  0  0  0
  1  2  1  0  0  0
  2  3  1  0  0  0
  3  9  1  0  0  0
  3  4  1  0  0  0
  4  5  1  0  0  0
  5  6  1  0  0  0
  5  7  1  0  0  0
  7  8  1  0  0  0
  8  9  1  0  0  0
  8 10  1  0  0  0
M  END
$$$$
N12CN3CN(C1)CC(C2)C3
  -ISIS-

 10 12  0  0  0  0  0  0  0  0  1
    4.2427   -1.6829   -4.6016  C  0  0  0  0  0
    5.1634   -2.8951   -4.8750  C  0  0  0  0  0
    5.9404   -2.6383   -6.1622  N  0  0  0  0  0
    6.8330   -1.4774   -6.0473  C  0  0  0  0  0
    5.9434   -0.3270   -5.8401  N  0  0  0  0  0
    5.0614   -0.1153   -6.9952  C  0  0  0  0  0
    4.2360   -1.3269   -7.0744  N  0  0  0  0  0
    3.3442   -1.4947   -5.8485  C  0  0  0  0  0
    5.0546   -2.5201   -7.3291  C  0  0  0  0  0
    5.1621   -0.4345   -4.5377  C  0  0  0  0  0
  1  8  1  0  0  0
  1 10  1  0  0  0
  1  2  1  0  0  0
  2  3  1  0  0  0
  3  9  1  0  0  0
  3  4  1  0  0  0
  4  5  1  0  0  0
  5  6  1  0  0  0
  5 10  1  0  0  0
  6  7  1  0  0  0
  7  8  1  0  0  0
  7  9  1  0  0  0
M  END
$$$$
N12CN3CN(C1)CC(C2)C3
  -ISIS-

 10 12  0  0  0  0  0  0  0  0  1
   -1.9937    2.8729    0.3868  C  0  0  0  0  0
   -3.0515    3.3972    1.3862  C  0  0  0  0  0
   -4.0533    4.2629    0.6291  N  0  0  0  0  0
   -3.4255    5.4580    0.0499  C  0  0  0  0  0
   -2.4614    4.9474   -0.9338  N  0  0  0  0  0
   -3.1341    4.2137   -2.0138  C  0  0  0  0  0
   -3.7728    3.0662   -1.3573  N  0  0  0  0  0
   -2.7516    2.1200   -0.7344  C  0  0  0  0  0
   -4.7890    3.4979   -0.3877  C  0  0  0  0  0
   -1.3604    4.1218   -0.2820  C  0  0  0  0  0
  1  8  1  0  0  0
  1 10  1  0  0  0
  1  2  1  0  0  0
  2  3  1  0  0  0
  3  9  1  0  0  0
  3  4  1  0  0  0
  4  5  1  0  0  0
  5  6  1  0  0  0
  5 10  1  0  0  0
  6  7  1  0  0  0
  7  8  1  0  0  0
  7  9  1  0  0  0
M  END
$$$$
N12CN3CN(C1)CC(C2)C3
  -ISIS-

 10 12  0  0  0  0  0  0  0  0  1
   -4.6369   -4.2691    0.9613  C  0  0  0  0  0
   -6.1166   -4.6160    1.2431  C  0  0  0  0  0
   -6.9772   -4.0556    0.1140  N  0  0  0  0  0
   -6.6632   -4.6751   -1.1809  C  0  0  0  0  0
   -5.2737   -4.2944   -1.4619  N  0  0  0  0  0
   -4.3075   -4.8667   -0.4345  C  0  0  0  0  0
   -5.1322   -2.8391   -1.6036  C  0  0  0  0  0
   -5.5069   -2.2893   -0.2942  N  0  0  0  0  0
   -6.9045   -2.5896    0.0369  C  0  0  0  0  0
   -4.5443   -2.7289    0.8041  C  0  0  0  0  0
  1  6  1  0  0  0
  1 10  1  0  0  0
  1  2  1  0  0  0
  2  3  1  0  0  0
  3  9  1  0  0  0
  3  4  1  0  0  0
  4  5  1  0  0  0
  5  6  1  0  0  0
  5  7  1  0  0  0
  7  8  1  0  0  0
  8  9  1  0  0  0
  8 10  1  0  0  0
M  END
$$$$
N12CN3CN(C1)CC(C2)C3
  -ISIS-

 10 12  0  0  0  0  0  0  0  0  1
    4.3186   -5.1403   -4.0052  C  0  0  0  0  0
    4.9430   -5.5894   -5.3686  C  0  0  0  0  0
    5.5562   -4.3731   -6.0709  N  0  0  0  0  0
    6.6811   -3.7736   -5.3242  C  0  0  0  0  0
    6.0645   -3.3058   -4.0671  N  0  0  0  0  0
    5.0916   -2.2276   -4.3325  C  0  0  0  0  0
    4.0318   -2.8903   -5.1198  N  0  0  0  0  0
    3.3057   -3.9968   -4.3470  C  0  0  0  0  0
    4.5605   -3.3402   -6.4242  C  0  0  0  0  0
    5.4872   -4.4410   -3.2226  C  0  0  0  0  0
  1  8  1  0  0  0
  1 10  1  0  0  0
  1  2  1  0  0  0
  2  3  1  0  0  0
  3  9  1  0  0  0
  3  4  1  0  0  0
  4  5  1  0  0  0
  5  6  1  0  0  0
  5 10  1  0  0  0
  6  7  1  0  0  0
  7  8  1  0  0  0
  7  9  1  0  0  0
M  END
$$$$
N12CN3CN(C1)CC(C2)C3
  -ISIS-

 10 12  0  0  0  0  0  0  0  0  1
    0.6268   -3.0261   -0.8615  C  0  0  0  0  0
    1.0403   -4.3062   -1.6081  C  0  0  0  0  0
    0.6535   -5.5061   -0.7561  N  0  0  0  0  0
    1.3502   -5.5104    0.5365  C  0  0  0  0  0
    0.8705   -4.3152    1.2446  N  0  0  0  0  0
   -0.5737   -4.3796    1.4896  C  0  0  0  0  0
   -1.1876   -4.4130    0.1604  N  0  0  0  0  0
   -0.9044   -3.1468   -0.6228  C  0  0  0  0  0
   -0.7990   -5.6129   -0.5859  C  0  0  0  0  0
    1.2773   -3.0305    0.5320  C  0  0  0  0  0
  1  8  1  0  0  0
  1 10  1  0  0  0
  1  2  1  0  0  0
  2  3  1  0  0  0
  3  9  1  0  0  0
  3  4  1  0  0  0
  4  5  1  0  0  0
  5  6  1  0  0  0
  5 10  1  0  0  0
  6  7  1  0  0  0
  7  8  1  0  0  0
  7  9  1  0  0  0
M  END
$$$$
N12CN3CN(C1)CC(C2)C3
  -ISIS-

 10 12  0  0  0  0  0  0  0  0  1
   -3.8816   -2.0495   -3.0805  C  0  0  0  0  0
   -4.3978   -3.0259   -4.1980  C  0  0  0  0  0
   -4.7849   -2.2264   -5.4412  N  0  0  0  0  0
   -3.6430   -1.5215   -6.0570  C  0  0  0  0  0
   -3.2107   -0.5674   -5.0152  N  0  0  0  0  0
   -4.2657    0.4362   -4.7628  C  0  0  0  0  0
   -5.3824   -0.3515   -4.2004  N  0  0  0  0  0
   -5.0400   -1.0187   -2.8638  C  0  0  0  0  0
   -5.9075   -1.2964   -5.2073  C  0  0  0  0  0
   -2.7070   -1.2506   -3.7391  C  0  0  0  0  0
  1  8  1  0  0  0
  1 10  1  0  0  0
  1  2  1  0  0  0
  2  3  1  0  0  0
  3  9  1  0  0  0
  3  4  1  0  0  0
  4  5  1  0  0  0
  5  6  1  0  0  0
  5 10  1  0  0  0
  6  7  1  0  0  0
  7  8  1  0  0  0
  7  9  1  0  0  0
M  END
$$$$
N12CN3CN(C1)CC(C2)C3
  -ISIS-

 10 12  0  0  0  0  0  0  0  0  1
   -4.6225   -1.2979   -2.2587  C  0  0  0  0  0
   -5.7324   -1.4873   -3.3547  C  0  0  0  0  0
   -6.7777   -0.3803   -3.2251  N  0  0  0  0  0
   -6.2299    0.9678   -3.4748  C  0  0  0  0  0
   -5.2332    1.1510   -2.3997  N  0  0  0  0  0
   -5.8962    1.1809   -1.0794  C  0  0  0  0  0
   -6.4581   -0.1777   -0.9298  N  0  0  0  0  0
   -5.3887   -1.2749   -0.8933  C  0  0  0  0  0
   -7.5072   -0.4177   -1.9420  C  0  0  0  0  0
   -4.0728    0.1526   -2.4724  C  0  0  0  0  0
  1  8  1  0  0  0
  1 10  1  0  0  0
  1  2  1  0  0  0
  2  3  1  0  0  0
  3  9  1  0  0  0
  3  4  1  0  0  0
  4  5  1  0  0  0
  5  6  1  0  0  0
  5 10  1  0  0  0
  6  7  1  0  0  0
  7  8  1  0  0  0
  7  9  1  0  0  0
M  END
$$$$
