N12C(SCC1)NC=CC2
  -ISIS-

  9 10  0  0  0  0  0  0  0  0  1
    0.3869    3.4660    0.1336  N  0  0  0  0  0
    1.3443    2.5086   -0.1638  C  0  0  0  0  0
    1.4396    1.5266    0.9709  C  0  0  0  0  0
    0.5006    2.0965    2.3293  S  0  0  0  0  0
    0.2554    3.6811    1.5315  C  0  0  0  0  0
   -1.0429    4.2348    1.7785  N  0  0  0  0  0
   -1.4612    5.3431    1.0493  C  0  0  0  0  0
   -0.9218    5.5422   -0.1741  C  0  0  0  0  0
    0.0604    4.5553   -0.7929  C  0  0  0  0  0
  1  9  1  0  0  0
  1  5  1  0  0  0
  1  2  1  0  0  0
  2  3  1  0  0  0
  3  4  1  0  0  0
  4  5  1  0  0  0
  5  6  1  0  0  0
  6  7  1  0  0  0
  7  8  2  0  0  0
  8  9  1  0  0  0
M  END
$$$$
