N12C(CCCC1)CCCC2
  -ISIS-

 10 11  0  0  0  0  0  0  0  0  1
    0.2196    3.2237    3.2845  C  0  0  0  0  0
    0.8320    2.6405    2.0033  C  0  0  0  0  0
    0.0903    3.1229    0.7670  C  0  0  0  0  0
   -1.3828    2.7757    0.8440  C  0  0  0  0  0
   -1.9857    3.3700    2.0963  N  0  0  0  0  0
   -1.2929    2.8863    3.3817  C  0  0  0  0  0
   -1.9883    3.5443    4.5847  C  0  0  0  0  0
   -3.5006    3.3560    4.5864  C  0  0  0  0  0
   -4.1133    3.8372    3.2838  C  0  0  0  0  0
   -3.4810    3.1302    2.1014  C  0  0  0  0  0
  1  6  1  0  0  0
  1  2  1  0  0  0
  2  3  1  0  0  0
  3  4  1  0  0  0
  4  5  1  0  0  0
  5 10  1  0  0  0
  5  6  1  0  0  0
  6  7  1  0  0  0
  7  8  1  0  0  0
  8  9  1  0  0  0
  9 10  1  0  0  0
M  END
$$$$
