N12C=CSCC1NCCC2
  -ISIS-

 10 11  0  0  0  0  0  0  0  0  1
   -0.1724    1.7287    4.6420  C  0  0  0  0  0
   -0.0551    1.4631    3.3250  C  0  0  0  0  0
    1.3645    0.7492    2.6360  S  0  0  0  0  0
    1.8485   -0.2297    4.0973  C  0  0  0  0  0
    2.0038    0.6675    5.3662  C  0  0  0  0  0
    0.7835    1.4533    5.6483  N  0  0  0  0  0
    0.8880    2.3274    6.8406  C  0  0  0  0  0
    1.9320    3.3942    6.5562  C  0  0  0  0  0
    3.2336    2.7327    6.1524  C  0  0  0  0  0
    2.9959    1.7432    5.0717  N  0  0  0  0  0
  1  6  1  0  0  0
  1  2  2  0  0  0
  2  3  1  0  0  0
  3  4  1  0  0  0
  4  5  1  0  0  0
  5 10  1  0  0  0
  5  6  1  0  0  0
  6  7  1  0  0  0
  7  8  1  0  0  0
  8  9  1  0  0  0
  9 10  1  0  0  0
M  END
$$$$
N12C=CSCC1NCCC2
  -ISIS-

 10 11  0  0  0  0  0  0  0  0  1
   -0.1724    1.7287    4.6420  C  0  0  0  0  0
   -0.0551    1.4631    3.3250  C  0  0  0  0  0
    1.3645    0.7492    2.6360  S  0  0  0  0  0
    1.8485   -0.2297    4.0973  C  0  0  0  0  0
    2.0038    0.6675    5.3662  C  0  0  0  0  0
    0.7835    1.4533    5.6483  N  0  0  0  0  0
    0.8880    2.3274    6.8406  C  0  0  0  0  0
    1.9320    3.3942    6.5562  C  0  0  0  0  0
    3.2336    2.7327    6.1524  C  0  0  0  0  0
    2.9959    1.7432    5.0717  N  0  0  0  0  0
  1  6  1  0  0  0
  1  2  2  0  0  0
  2  3  1  0  0  0
  3  4  1  0  0  0
  4  5  1  0  0  0
  5 10  1  0  0  0
  5  6  1  0  0  0
  6  7  1  0  0  0
  7  8  1  0  0  0
  8  9  1  0  0  0
  9 10  1  0  0  0
M  END
$$$$
