N12C(OCC1)SCC2
  -ISIS-

  8  9  0  0  0  0  0  0  0  0  1
   -3.4045   -2.4206    4.3807  C  0  0  0  0  0
   -2.0411   -2.2401    3.9993  O  0  0  0  0  0
   -1.5119   -1.2545    4.8940  C  0  0  0  0  0
   -2.2017   -1.5302    6.2203  C  0  0  0  0  0
   -3.5798   -2.0100    5.8158  N  0  0  0  0  0
   -4.1242   -3.1205    6.6806  C  0  0  0  0  0
   -4.8765   -4.0938    5.7992  C  0  0  0  0  0
   -3.8619   -4.1622    4.3191  S  0  0  0  0  0
  1  5  1  0  0  0
  1  8  1  0  0  0
  1  2  1  0  0  0
  2  3  1  0  0  0
  3  4  1  0  0  0
  4  5  1  0  0  0
  5  6  1  0  0  0
  6  7  1  0  0  0
  7  8  1  0  0  0
M  END
$$$$
N12C(OCC1)SCC2
  -ISIS-

  8  9  0  0  0  0  0  0  0  0  1
   -3.4045   -2.4206    4.3807  C  0  0  0  0  0
   -2.0411   -2.2401    3.9993  O  0  0  0  0  0
   -1.5119   -1.2545    4.8940  C  0  0  0  0  0
   -2.2017   -1.5302    6.2203  C  0  0  0  0  0
   -3.5798   -2.0100    5.8158  N  0  0  0  0  0
   -4.1242   -3.1205    6.6806  C  0  0  0  0  0
   -4.8765   -4.0938    5.7992  C  0  0  0  0  0
   -3.8619   -4.1622    4.3191  S  0  0  0  0  0
  1  5  1  0  0  0
  1  8  1  0  0  0
  1  2  1  0  0  0
  2  3  1  0  0  0
  3  4  1  0  0  0
  4  5  1  0  0  0
  5  6  1  0  0  0
  6  7  1  0  0  0
  7  8  1  0  0  0
M  END
$$$$
