N12C(CNCCOCC1)CCC2
  -ISIS-

 12 13  0  0  0  0  0  0  0  0  1
   -0.0499    5.8283    2.2124  C  0  0  0  0  0
    0.5786    6.6245    1.0325  C  0  0  0  0  0
   -0.1535    7.8048    0.7080  O  0  0  0  0  0
   -1.0625    7.7125   -0.3134  C  0  0  0  0  0
   -2.2418    8.6729   -0.0382  C  0  0  0  0  0
   -2.1426    9.0957    1.3672  N  0  0  0  0  0
   -2.4314    8.0826    2.2819  C  0  0  0  0  0
   -1.3040    7.8324    3.3092  C  0  0  0  0  0
   -0.8062    6.4446    3.1942  N  0  0  0  0  0
   -1.2509    5.6682    4.3391  C  0  0  0  0  0
   -1.3688    6.6973    5.4467  C  0  0  0  0  0
   -1.8919    7.9308    4.7251  C  0  0  0  0  0
  1  9  1  0  0  0
  1  2  1  0  0  0
  2  3  1  0  0  0
  3  4  1  0  0  0
  4  5  1  0  0  0
  5  6  1  0  0  0
  6  7  1  0  0  0
  7  8  1  0  0  0
  8 12  1  0  0  0
  8  9  1  0  0  0
  9 10  1  0  0  0
 10 11  1  0  0  0
 11 12  1  0  0  0
M  END
$$$$
