N12C3C(C4N(CC3CCC1)CCCC4)CCC2
  -ISIS-

 17 20  0  0  0  0  0  0  0  0  1
    5.1435    1.3023   -0.9376  N  0  0  0  0  0
    5.3621    0.4366   -2.0963  C  0  0  0  0  0
    4.0554   -0.0538   -2.7114  C  0  0  0  0  0
    3.1867   -0.6827   -1.6204  C  0  0  0  0  0
    1.8804   -1.1828   -2.2206  N  0  0  0  0  0
    0.9140   -0.0916   -2.6242  C  0  0  0  0  0
    0.6363    0.8018   -1.4296  C  0  0  0  0  0
    1.9171    1.3792   -0.8342  C  0  0  0  0  0
    2.9092    0.2682   -0.4460  C  0  0  0  0  0
    4.2588    0.7911    0.1194  C  0  0  0  0  0
    4.0575    1.7879    1.2666  C  0  0  0  0  0
    5.4079    2.2614    1.7709  C  0  0  0  0  0
    6.1324    2.9612    0.6397  C  0  0  0  0  0
    6.2455    2.1103   -0.6070  C  0  0  0  0  0
    2.1199   -2.1941   -3.3224  C  0  0  0  0  0
    3.0180   -1.6167   -4.4083  C  0  0  0  0  0
    4.3196   -1.0567   -3.8408  C  0  0  0  0  0
  1 10  1  0  0  0
  1 14  1  0  0  0
  1  2  1  0  0  0
  2  3  1  0  0  0
  3 17  1  0  0  0
  3  4  1  0  0  0
  4  9  1  0  0  0
  4  5  1  0  0  0
  5  6  1  0  0  0
  5 15  1  0  0  0
  6  7  1  0  0  0
  7  8  1  0  0  0
  8  9  1  0  0  0
  9 10  1  0  0  0
 10 11  1  0  0  0
 11 12  1  0  0  0
 12 13  1  0  0  0
 13 14  1  0  0  0
 15 16  1  0  0  0
 16 17  1  0  0  0
M  END
$$$$
N12C3C(C4N(CC3CCC1)CCCC4)CCC2
  -ISIS-

 17 20  0  0  0  0  0  0  0  0  1
    1.2811   -6.8767   -3.8846  N  0  0  0  0  0
    2.0049   -6.2297   -4.9741  C  0  0  0  0  0
    1.6326   -4.7571   -5.1333  C  0  0  0  0  0
    0.1066   -4.6207   -5.2683  C  0  0  0  0  0
   -0.3166   -3.1190   -5.4785  N  0  0  0  0  0
   -0.0825   -2.3105   -4.1900  C  0  0  0  0  0
   -0.8003   -2.9268   -3.0007  C  0  0  0  0  0
   -0.4293   -4.3895   -2.7811  C  0  0  0  0  0
   -0.6160   -5.2408   -4.0495  C  0  0  0  0  0
   -0.1773   -6.7234   -3.8800  C  0  0  0  0  0
   -0.8442   -7.3887   -2.6698  C  0  0  0  0  0
   -0.3798   -8.8293   -2.5626  C  0  0  0  0  0
    1.1218   -8.8448   -2.3636  C  0  0  0  0  0
    1.8682   -8.0693   -3.4281  C  0  0  0  0  0
    0.4998   -2.5003   -6.6439  C  0  0  0  0  0
    2.0004   -2.6997   -6.5034  C  0  0  0  0  0
    2.3617   -4.1619   -6.3343  C  0  0  0  0  0
  1 10  1  0  0  0
  1 14  1  0  0  0
  1  2  1  0  0  0
  2  3  1  0  0  0
  3 17  1  0  0  0
  3  4  1  0  0  0
  4  9  1  0  0  0
  4  5  1  0  0  0
  5  6  1  0  0  0
  5 15  1  0  0  0
  6  7  1  0  0  0
  7  8  1  0  0  0
  8  9  1  0  0  0
  9 10  1  0  0  0
 10 11  1  0  0  0
 11 12  1  0  0  0
 12 13  1  0  0  0
 13 14  1  0  0  0
 15 16  1  0  0  0
 16 17  1  0  0  0
M  END
$$$$
N12C3C(C4N(CC3CCC1)CCCC4)CCC2
  -ISIS-

 17 20  0  0  0  0  0  0  0  0  1
    1.2811   -6.8767   -3.8846  N  0  0  0  0  0
    2.0049   -6.2297   -4.9741  C  0  0  0  0  0
    1.6326   -4.7571   -5.1333  C  0  0  0  0  0
    0.1066   -4.6207   -5.2683  C  0  0  0  0  0
   -0.3166   -3.1190   -5.4785  N  0  0  0  0  0
   -0.0825   -2.3105   -4.1900  C  0  0  0  0  0
   -0.8003   -2.9268   -3.0007  C  0  0  0  0  0
   -0.4293   -4.3895   -2.7811  C  0  0  0  0  0
   -0.6160   -5.2408   -4.0495  C  0  0  0  0  0
   -0.1773   -6.7234   -3.8800  C  0  0  0  0  0
   -0.8442   -7.3887   -2.6698  C  0  0  0  0  0
   -0.3798   -8.8293   -2.5626  C  0  0  0  0  0
    1.1218   -8.8448   -2.3636  C  0  0  0  0  0
    1.8682   -8.0693   -3.4281  C  0  0  0  0  0
    0.4998   -2.5003   -6.6439  C  0  0  0  0  0
    2.0004   -2.6997   -6.5034  C  0  0  0  0  0
    2.3617   -4.1619   -6.3343  C  0  0  0  0  0
  1 10  1  0  0  0
  1 14  1  0  0  0
  1  2  1  0  0  0
  2  3  1  0  0  0
  3 17  1  0  0  0
  3  4  1  0  0  0
  4  9  1  0  0  0
  4  5  1  0  0  0
  5  6  1  0  0  0
  5 15  1  0  0  0
  6  7  1  0  0  0
  7  8  1  0  0  0
  8  9  1  0  0  0
  9 10  1  0  0  0
 10 11  1  0  0  0
 11 12  1  0  0  0
 12 13  1  0  0  0
 13 14  1  0  0  0
 15 16  1  0  0  0
 16 17  1  0  0  0
M  END
$$$$
N12C3C(C4N(CC3CCC1)CCCC4)CCC2
  -ISIS-

 17 20  0  0  0  0  0  0  0  0  1
    0.6958    3.8830   -3.0596  N  0  0  0  0  0
    1.0568    5.2256   -2.6135  C  0  0  0  0  0
    1.9502    5.2136   -1.3751  C  0  0  0  0  0
    1.2892    4.3693   -0.2724  C  0  0  0  0  0
    2.1541    4.3705    1.0214  N  0  0  0  0  0
    3.4543    3.5716    0.8380  C  0  0  0  0  0
    3.1851    2.1618    0.3335  C  0  0  0  0  0
    2.3229    2.1295   -0.9234  C  0  0  0  0  0
    1.0180    2.9296   -0.7602  C  0  0  0  0  0
    0.1460    2.9749   -2.0467  C  0  0  0  0  0
   -0.1462    1.5735   -2.5964  C  0  0  0  0  0
   -1.0012    1.6866   -3.8450  C  0  0  0  0  0
   -0.2373    2.4728   -4.8907  C  0  0  0  0  0
    0.2413    3.8181   -4.3879  C  0  0  0  0  0
    2.4822    5.8222    1.4515  C  0  0  0  0  0
    3.0991    6.6451    0.3325  C  0  0  0  0  0
    2.2249    6.6424   -0.9089  C  0  0  0  0  0
  1 10  1  0  0  0
  1 14  1  0  0  0
  1  2  1  0  0  0
  2  3  1  0  0  0
  3 17  1  0  0  0
  3  4  1  0  0  0
  4  9  1  0  0  0
  4  5  1  0  0  0
  5  6  1  0  0  0
  5 15  1  0  0  0
  6  7  1  0  0  0
  7  8  1  0  0  0
  8  9  1  0  0  0
  9 10  1  0  0  0
 10 11  1  0  0  0
 11 12  1  0  0  0
 12 13  1  0  0  0
 13 14  1  0  0  0
 15 16  1  0  0  0
 16 17  1  0  0  0
M  END
$$$$
N12C3C(C4N(CC3CCC1)CCCC4)CCC2
  -ISIS-

 17 20  0  0  0  0  0  0  0  0  1
    0.6958    3.8830   -3.0596  N  0  0  0  0  0
    1.0568    5.2256   -2.6135  C  0  0  0  0  0
    1.9502    5.2136   -1.3751  C  0  0  0  0  0
    1.2892    4.3693   -0.2724  C  0  0  0  0  0
    2.1541    4.3705    1.0214  N  0  0  0  0  0
    3.4543    3.5716    0.8380  C  0  0  0  0  0
    3.1851    2.1618    0.3335  C  0  0  0  0  0
    2.3229    2.1295   -0.9234  C  0  0  0  0  0
    1.0180    2.9296   -0.7602  C  0  0  0  0  0
    0.1460    2.9749   -2.0467  C  0  0  0  0  0
   -0.1462    1.5735   -2.5964  C  0  0  0  0  0
   -1.0012    1.6866   -3.8450  C  0  0  0  0  0
   -0.2373    2.4728   -4.8907  C  0  0  0  0  0
    0.2413    3.8181   -4.3879  C  0  0  0  0  0
    2.4822    5.8222    1.4515  C  0  0  0  0  0
    3.0991    6.6451    0.3325  C  0  0  0  0  0
    2.2249    6.6424   -0.9089  C  0  0  0  0  0
  1 10  1  0  0  0
  1 14  1  0  0  0
  1  2  1  0  0  0
  2  3  1  0  0  0
  3 17  1  0  0  0
  3  4  1  0  0  0
  4  9  1  0  0  0
  4  5  1  0  0  0
  5  6  1  0  0  0
  5 15  1  0  0  0
  6  7  1  0  0  0
  7  8  1  0  0  0
  8  9  1  0  0  0
  9 10  1  0  0  0
 10 11  1  0  0  0
 11 12  1  0  0  0
 12 13  1  0  0  0
 13 14  1  0  0  0
 15 16  1  0  0  0
 16 17  1  0  0  0
M  END
$$$$
N12C3C(C4N(CC3CCC1)CCCC4)CCC2
  -ISIS-

 17 20  0  0  0  0  0  0  0  0  1
   -2.0265    2.8273    1.1428  C  0  0  0  0  0
   -3.1323    2.1051    0.3611  C  0  0  0  0  0
   -3.1777    0.6655    0.5941  N  0  0  0  0  0
   -4.4292    0.0743    0.3750  C  0  0  0  0  0
   -4.5206   -1.4265    0.5192  C  0  0  0  0  0
   -3.2934   -2.1355   -0.0060  C  0  0  0  0  0
   -2.0636   -1.5723    0.6802  C  0  0  0  0  0
   -1.9216   -0.0728    0.3807  C  0  0  0  0  0
   -0.7805    0.5662    1.2216  C  0  0  0  0  0
   -0.6813    2.0799    0.9181  C  0  0  0  0  0
    0.4641    2.7342    1.7758  N  0  0  0  0  0
    1.7923    2.0115    1.5540  C  0  0  0  0  0
    1.6779    0.5239    1.8203  C  0  0  0  0  0
    0.5747   -0.1187    0.9916  C  0  0  0  0  0
    0.0853    2.8404    3.2553  C  0  0  0  0  0
   -1.2336    3.5805    3.4308  C  0  0  0  0  0
   -2.3700    2.9397    2.6364  C  0  0  0  0  0
  1 10  1  0  0  0
  1 17  1  0  0  0
  1  2  1  0  0  0
  2  3  1  0  0  0
  3  8  1  0  0  0
  3  4  1  0  0  0
  4  5  1  0  0  0
  5  6  1  0  0  0
  6  7  1  0  0  0
  7  8  1  0  0  0
  8  9  1  0  0  0
  9 14  1  0  0  0
  9 10  1  0  0  0
 10 11  1  0  0  0
 11 12  1  0  0  0
 11 15  1  0  0  0
 12 13  1  0  0  0
 13 14  1  0  0  0
 15 16  1  0  0  0
 16 17  1  0  0  0
M  END
$$$$
N12C3C(C4N(CC3CCC1)CCCC4)CCC2
  -ISIS-

 17 20  0  0  0  0  0  0  0  0  1
   -2.0265    2.8273    1.1428  C  0  0  0  0  0
   -3.1323    2.1051    0.3611  C  0  0  0  0  0
   -3.1777    0.6655    0.5941  N  0  0  0  0  0
   -4.4292    0.0743    0.3750  C  0  0  0  0  0
   -4.5206   -1.4265    0.5192  C  0  0  0  0  0
   -3.2934   -2.1355   -0.0060  C  0  0  0  0  0
   -2.0636   -1.5723    0.6802  C  0  0  0  0  0
   -1.9216   -0.0728    0.3807  C  0  0  0  0  0
   -0.7805    0.5662    1.2216  C  0  0  0  0  0
   -0.6813    2.0799    0.9181  C  0  0  0  0  0
    0.4641    2.7342    1.7758  N  0  0  0  0  0
    1.7923    2.0115    1.5540  C  0  0  0  0  0
    1.6779    0.5239    1.8203  C  0  0  0  0  0
    0.5747   -0.1187    0.9916  C  0  0  0  0  0
    0.0853    2.8404    3.2553  C  0  0  0  0  0
   -1.2336    3.5805    3.4308  C  0  0  0  0  0
   -2.3700    2.9397    2.6364  C  0  0  0  0  0
  1 10  1  0  0  0
  1 17  1  0  0  0
  1  2  1  0  0  0
  2  3  1  0  0  0
  3  8  1  0  0  0
  3  4  1  0  0  0
  4  5  1  0  0  0
  5  6  1  0  0  0
  6  7  1  0  0  0
  7  8  1  0  0  0
  8  9  1  0  0  0
  9 14  1  0  0  0
  9 10  1  0  0  0
 10 11  1  0  0  0
 11 12  1  0  0  0
 11 15  1  0  0  0
 12 13  1  0  0  0
 13 14  1  0  0  0
 15 16  1  0  0  0
 16 17  1  0  0  0
M  END
$$$$
N12C3C(C4N(CC3CCC1)CCCC4)CCC2
  -ISIS-

 17 20  0  0  0  0  0  0  0  0  1
   -2.0265    2.8273    1.1428  C  0  0  0  0  0
   -3.1323    2.1051    0.3611  C  0  0  0  0  0
   -3.1777    0.6655    0.5941  N  0  0  0  0  0
   -4.4292    0.0743    0.3750  C  0  0  0  0  0
   -4.5206   -1.4265    0.5192  C  0  0  0  0  0
   -3.2934   -2.1355   -0.0060  C  0  0  0  0  0
   -2.0636   -1.5723    0.6802  C  0  0  0  0  0
   -1.9216   -0.0728    0.3807  C  0  0  0  0  0
   -0.7805    0.5662    1.2216  C  0  0  0  0  0
   -0.6813    2.0799    0.9181  C  0  0  0  0  0
    0.4641    2.7342    1.7758  N  0  0  0  0  0
    1.7923    2.0115    1.5540  C  0  0  0  0  0
    1.6779    0.5239    1.8203  C  0  0  0  0  0
    0.5747   -0.1187    0.9916  C  0  0  0  0  0
    0.0853    2.8404    3.2553  C  0  0  0  0  0
   -1.2336    3.5805    3.4308  C  0  0  0  0  0
   -2.3700    2.9397    2.6364  C  0  0  0  0  0
  1 10  1  0  0  0
  1 17  1  0  0  0
  1  2  1  0  0  0
  2  3  1  0  0  0
  3  8  1  0  0  0
  3  4  1  0  0  0
  4  5  1  0  0  0
  5  6  1  0  0  0
  6  7  1  0  0  0
  7  8  1  0  0  0
  8  9  1  0  0  0
  9 14  1  0  0  0
  9 10  1  0  0  0
 10 11  1  0  0  0
 11 12  1  0  0  0
 11 15  1  0  0  0
 12 13  1  0  0  0
 13 14  1  0  0  0
 15 16  1  0  0  0
 16 17  1  0  0  0
M  END
$$$$
N12C3C(C4N(CC3CCC1)CCCC4)CCC2
  -ISIS-

 17 20  0  0  0  0  0  0  0  0  1
    1.1421   -5.2776    4.3887  N  0  0  0  0  0
    0.5337   -6.4959    3.6712  C  0  0  0  0  0
   -0.5335   -7.1346    4.5471  C  0  0  0  0  0
   -1.6948   -6.1835    4.8587  C  0  0  0  0  0
   -1.3478   -4.7118    4.5833  C  0  0  0  0  0
    0.0612   -4.4337    5.1293  C  0  0  0  0  0
    0.3517   -2.9379    5.0644  C  0  0  0  0  0
   -0.5228   -2.2695    6.1237  C  0  0  0  0  0
   -1.8529   -2.8835    6.2431  N  0  0  0  0  0
   -2.3721   -3.6429    5.0929  C  0  0  0  0  0
   -3.7849   -4.1968    5.3062  C  0  0  0  0  0
   -4.6829   -3.1166    5.8803  C  0  0  0  0  0
   -4.1351   -2.6994    7.2298  C  0  0  0  0  0
   -2.6941   -2.2464    7.1635  C  0  0  0  0  0
    1.8340   -2.6390    5.2444  C  0  0  0  0  0
    2.6634   -3.2904    4.1360  C  0  0  0  0  0
    1.9467   -4.4256    3.4062  C  0  0  0  0  0
  1  6  1  0  0  0
  1 17  1  0  0  0
  1  2  1  0  0  0
  2  3  1  0  0  0
  3  4  1  0  0  0
  4  5  1  0  0  0
  5 10  1  0  0  0
  5  6  1  0  0  0
  6  7  1  0  0  0
  7  8  1  0  0  0
  7 15  1  0  0  0
  8  9  1  0  0  0
  9 14  1  0  0  0
  9 10  1  0  0  0
 10 11  1  0  0  0
 11 12  1  0  0  0
 12 13  1  0  0  0
 13 14  1  0  0  0
 15 16  1  0  0  0
 16 17  1  0  0  0
M  END
$$$$
N12C3C(C4N(CC3CCC1)CCCC4)CCC2
  -ISIS-

 17 20  0  0  0  0  0  0  0  0  1
    1.1421   -5.2776    4.3887  N  0  0  0  0  0
    0.5337   -6.4959    3.6712  C  0  0  0  0  0
   -0.5335   -7.1346    4.5471  C  0  0  0  0  0
   -1.6948   -6.1835    4.8587  C  0  0  0  0  0
   -1.3478   -4.7118    4.5833  C  0  0  0  0  0
    0.0612   -4.4337    5.1293  C  0  0  0  0  0
    0.3517   -2.9379    5.0644  C  0  0  0  0  0
   -0.5228   -2.2695    6.1237  C  0  0  0  0  0
   -1.8529   -2.8835    6.2431  N  0  0  0  0  0
   -2.3721   -3.6429    5.0929  C  0  0  0  0  0
   -3.7849   -4.1968    5.3062  C  0  0  0  0  0
   -4.6829   -3.1166    5.8803  C  0  0  0  0  0
   -4.1351   -2.6994    7.2298  C  0  0  0  0  0
   -2.6941   -2.2464    7.1635  C  0  0  0  0  0
    1.8340   -2.6390    5.2444  C  0  0  0  0  0
    2.6634   -3.2904    4.1360  C  0  0  0  0  0
    1.9467   -4.4256    3.4062  C  0  0  0  0  0
  1  6  1  0  0  0
  1 17  1  0  0  0
  1  2  1  0  0  0
  2  3  1  0  0  0
  3  4  1  0  0  0
  4  5  1  0  0  0
  5 10  1  0  0  0
  5  6  1  0  0  0
  6  7  1  0  0  0
  7  8  1  0  0  0
  7 15  1  0  0  0
  8  9  1  0  0  0
  9 14  1  0  0  0
  9 10  1  0  0  0
 10 11  1  0  0  0
 11 12  1  0  0  0
 12 13  1  0  0  0
 13 14  1  0  0  0
 15 16  1  0  0  0
 16 17  1  0  0  0
M  END
$$$$
N12C3C(C4N(CC3CCC1)CCCC4)CCC2
  -ISIS-

 17 20  0  0  0  0  0  0  0  0  1
    3.9929   -1.1400   -4.8892  C  0  0  0  0  0
    2.8015   -1.8430   -4.2658  N  0  0  0  0  0
    3.1151   -2.5458   -2.9616  C  0  0  0  0  0
    3.6802   -1.5465   -1.9109  C  0  0  0  0  0
    4.1440   -0.2198   -2.5358  C  0  0  0  0  0
    4.8843   -0.4342   -3.8521  C  0  0  0  0  0
    5.4164    0.8855   -4.4311  C  0  0  0  0  0
    6.2292    1.6778   -3.4129  C  0  0  0  0  0
    5.4417    1.9211   -2.1352  C  0  0  0  0  0
    4.9612    0.6017   -1.5519  N  0  0  0  0  0
    6.0722   -0.1364   -0.8309  C  0  0  0  0  0
    5.4725   -1.3313   -0.1157  C  0  0  0  0  0
    4.7823   -2.2597   -1.1030  C  0  0  0  0  0
    1.8440   -3.2217   -2.4262  C  0  0  0  0  0
    1.2115   -4.1632   -3.4423  C  0  0  0  0  0
    0.9383   -3.4392   -4.7515  C  0  0  0  0  0
    2.2057   -2.8109   -5.3035  C  0  0  0  0  0
  1  6  1  0  0  0
  1  2  1  0  0  0
  2 17  1  0  0  0
  2  3  1  0  0  0
  3  4  1  0  0  0
  3 14  1  0  0  0
  4 13  1  0  0  0
  4  5  1  0  0  0
  5 10  1  0  0  0
  5  6  1  0  0  0
  6  7  1  0  0  0
  7  8  1  0  0  0
  8  9  1  0  0  0
  9 10  1  0  0  0
 10 11  1  0  0  0
 11 12  1  0  0  0
 12 13  1  0  0  0
 14 15  1  0  0  0
 15 16  1  0  0  0
 16 17  1  0  0  0
M  END
$$$$
N12C3C(C4N(CC3CCC1)CCCC4)CCC2
  -ISIS-

 17 20  0  0  0  0  0  0  0  0  1
    1.2843   -4.4323   -0.7272  C  0  0  0  0  0
    0.3705   -3.4505   -0.0178  N  0  0  0  0  0
    0.3619   -2.0651   -0.6291  C  0  0  0  0  0
   -0.0659   -2.1172   -2.1246  C  0  0  0  0  0
    0.0035   -3.5349   -2.7177  C  0  0  0  0  0
    1.2483   -4.2877   -2.2590  C  0  0  0  0  0
    1.3556   -5.6714   -2.9178  C  0  0  0  0  0
    1.2276   -5.6011   -4.4357  C  0  0  0  0  0
   -0.0509   -4.8941   -4.8573  C  0  0  0  0  0
   -0.1190   -3.5094   -4.2326  N  0  0  0  0  0
    0.7718   -2.5180   -4.9557  C  0  0  0  0  0
    0.4995   -1.1323   -4.4032  C  0  0  0  0  0
    0.7706   -1.0858   -2.9074  C  0  0  0  0  0
   -0.5903   -1.1606    0.1677  C  0  0  0  0  0
   -0.2559   -1.1252    1.6527  C  0  0  0  0  0
   -0.2210   -2.5312    2.2317  C  0  0  0  0  0
    0.7555   -3.4113    1.4718  C  0  0  0  0  0
  1  6  1  0  0  0
  1  2  1  0  0  0
  2 17  1  0  0  0
  2  3  1  0  0  0
  3  4  1  0  0  0
  3 14  1  0  0  0
  4 13  1  0  0  0
  4  5  1  0  0  0
  5 10  1  0  0  0
  5  6  1  0  0  0
  6  7  1  0  0  0
  7  8  1  0  0  0
  8  9  1  0  0  0
  9 10  1  0  0  0
 10 11  1  0  0  0
 11 12  1  0  0  0
 12 13  1  0  0  0
 14 15  1  0  0  0
 15 16  1  0  0  0
 16 17  1  0  0  0
M  END
$$$$
N12C3C(C4N(CC3CCC1)CCCC4)CCC2
  -ISIS-

 17 20  0  0  0  0  0  0  0  0  1
    4.0606   -7.0370   -2.0651  C  0  0  0  0  0
    5.3726   -6.3254   -1.8222  C  0  0  0  0  0
    6.4701   -6.7601   -2.7674  C  0  0  0  0  0
    6.5938   -8.2728   -2.7279  C  0  0  0  0  0
    5.2801   -8.9166   -3.1913  C  0  0  0  0  0
    4.1226   -8.3875   -2.4440  N  0  0  0  0  0
    2.8317   -9.0104   -2.7114  C  0  0  0  0  0
    2.8369  -10.5219   -2.4643  C  0  0  0  0  0
    4.2598  -11.0378   -2.2112  C  0  0  0  0  0
    5.2912  -10.4858   -3.2110  C  0  0  0  0  0
    6.6757  -11.1224   -2.9827  C  0  0  0  0  0
    6.6269  -12.6456   -2.9344  C  0  0  0  0  0
    5.6284  -13.1338   -1.8996  C  0  0  0  0  0
    4.2599  -12.5639   -2.1833  N  0  0  0  0  0
    3.5817  -13.2353   -3.3553  C  0  0  0  0  0
    2.1505  -12.7450   -3.4525  C  0  0  0  0  0
    2.1107  -11.2343   -3.6141  C  0  0  0  0  0
  1  6  1  0  0  0
  1  2  1  0  0  0
  2  3  1  0  0  0
  3  4  1  0  0  0
  4  5  1  0  0  0
  5 10  1  0  0  0
  5  6  1  0  0  0
  6  7  1  0  0  0
  7  8  1  0  0  0
  8 17  1  0  0  0
  8  9  1  0  0  0
  9 14  1  0  0  0
  9 10  1  0  0  0
 10 11  1  0  0  0
 11 12  1  0  0  0
 12 13  1  0  0  0
 13 14  1  0  0  0
 14 15  1  0  0  0
 15 16  1  0  0  0
 16 17  1  0  0  0
M  END
$$$$
N12C3C(C4N(CC3CCC1)CCCC4)CCC2
  -ISIS-

 17 20  0  0  0  0  0  0  0  0  1
    5.1953   -7.9696   -1.6782  C  0  0  0  0  0
    6.3955   -8.7288   -1.1590  C  0  0  0  0  0
    7.1330   -7.9935   -0.0627  C  0  0  0  0  0
    7.4800   -6.5971   -0.5466  C  0  0  0  0  0
    6.1964   -5.8189   -0.8651  C  0  0  0  0  0
    5.3077   -6.5726   -1.7707  N  0  0  0  0  0
    4.0967   -5.8921   -2.2169  C  0  0  0  0  0
    4.3776   -4.5478   -2.8937  C  0  0  0  0  0
    5.8604   -4.1739   -2.7860  C  0  0  0  0  0
    6.4308   -4.3514   -1.3678  C  0  0  0  0  0
    7.8933   -3.8700   -1.3059  C  0  0  0  0  0
    8.0749   -2.4606   -1.8600  C  0  0  0  0  0
    7.5241   -2.3426   -3.2704  C  0  0  0  0  0
    6.0721   -2.7531   -3.3022  N  0  0  0  0  0
    5.1560   -1.7058   -2.7113  C  0  0  0  0  0
    3.7134   -2.1107   -2.9464  C  0  0  0  0  0
    3.4285   -3.4756   -2.3399  C  0  0  0  0  0
  1  6  1  0  0  0
  1  2  1  0  0  0
  2  3  1  0  0  0
  3  4  1  0  0  0
  4  5  1  0  0  0
  5 10  1  0  0  0
  5  6  1  0  0  0
  6  7  1  0  0  0
  7  8  1  0  0  0
  8 17  1  0  0  0
  8  9  1  0  0  0
  9 14  1  0  0  0
  9 10  1  0  0  0
 10 11  1  0  0  0
 11 12  1  0  0  0
 12 13  1  0  0  0
 13 14  1  0  0  0
 14 15  1  0  0  0
 15 16  1  0  0  0
 16 17  1  0  0  0
M  END
$$$$
N12C3C(C4N(CC3CCC1)CCCC4)CCC2
  -ISIS-

 17 20  0  0  0  0  0  0  0  0  1
   -5.9826    4.9393   -2.3410  C  0  0  0  0  0
   -5.9398    6.3828   -2.7879  C  0  0  0  0  0
   -4.5919    7.0302   -2.5636  C  0  0  0  0  0
   -4.1951    6.8561   -1.1089  C  0  0  0  0  0
   -4.0720    5.3638   -0.7727  C  0  0  0  0  0
   -5.2693    4.6026   -1.1782  N  0  0  0  0  0
   -5.2867    3.1802   -0.8494  C  0  0  0  0  0
   -5.0401    2.8982    0.6348  C  0  0  0  0  0
   -4.7328    4.1907    1.3963  C  0  0  0  0  0
   -3.6659    5.0634    0.7118  C  0  0  0  0  0
   -3.3587    6.3053    1.5713  C  0  0  0  0  0
   -3.0092    5.9500    3.0137  C  0  0  0  0  0
   -4.0888    5.0971    3.6574  C  0  0  0  0  0
   -4.3409    3.8577    2.8334  N  0  0  0  0  0
   -3.2494    2.8221    2.9819  C  0  0  0  0  0
   -3.6612    1.5498    2.2651  C  0  0  0  0  0
   -3.9591    1.8205    0.7979  C  0  0  0  0  0
  1  6  1  0  0  0
  1  2  1  0  0  0
  2  3  1  0  0  0
  3  4  1  0  0  0
  4  5  1  0  0  0
  5 10  1  0  0  0
  5  6  1  0  0  0
  6  7  1  0  0  0
  7  8  1  0  0  0
  8 17  1  0  0  0
  8  9  1  0  0  0
  9 14  1  0  0  0
  9 10  1  0  0  0
 10 11  1  0  0  0
 11 12  1  0  0  0
 12 13  1  0  0  0
 13 14  1  0  0  0
 14 15  1  0  0  0
 15 16  1  0  0  0
 16 17  1  0  0  0
M  END
$$$$
