N12C=CCCC1CCCC2
  -ISIS-

 10 11  0  0  0  0  0  0  0  0  1
    7.4830    1.5510   -3.3092  C  0  0  0  0  0
    6.1268    2.0883   -2.9888  C  0  0  0  0  0
    5.5745    1.5654   -1.6579  C  0  0  0  0  0
    5.9558    0.1189   -1.2940  C  0  0  0  0  0
    7.3692   -0.1642   -1.6175  N  0  0  0  0  0
    8.0097    0.5152   -2.6444  C  0  0  0  0  0
    7.8728   -1.4303   -1.0210  C  0  0  0  0  0
    7.0266   -2.5925   -1.5829  C  0  0  0  0  0
    5.5328   -2.3650   -1.3257  C  0  0  0  0  0
    5.0412   -0.9976   -1.8552  C  0  0  0  0  0
  1  6  2  0  0  0
  1  2  1  0  0  0
  2  3  1  0  0  0
  3  4  1  0  0  0
  4 10  1  0  0  0
  4  5  1  0  0  0
  5  6  1  0  0  0
  5  7  1  0  0  0
  7  8  1  0  0  0
  8  9  1  0  0  0
  9 10  1  0  0  0
M  END
$$$$
N12C=CCCC1CCCC2
  -ISIS-

 10 11  0  0  0  0  0  0  0  0  1
    7.4830    1.5510   -3.3092  C  0  0  0  0  0
    6.1268    2.0883   -2.9888  C  0  0  0  0  0
    5.5745    1.5654   -1.6579  C  0  0  0  0  0
    5.9558    0.1189   -1.2940  C  0  0  0  0  0
    7.3692   -0.1642   -1.6175  N  0  0  0  0  0
    8.0097    0.5152   -2.6444  C  0  0  0  0  0
    7.8728   -1.4303   -1.0210  C  0  0  0  0  0
    7.0266   -2.5925   -1.5829  C  0  0  0  0  0
    5.5328   -2.3650   -1.3257  C  0  0  0  0  0
    5.0412   -0.9976   -1.8552  C  0  0  0  0  0
  1  6  2  0  0  0
  1  2  1  0  0  0
  2  3  1  0  0  0
  3  4  1  0  0  0
  4 10  1  0  0  0
  4  5  1  0  0  0
  5  6  1  0  0  0
  5  7  1  0  0  0
  7  8  1  0  0  0
  8  9  1  0  0  0
  9 10  1  0  0  0
M  END
$$$$
N12C=CCCC1CCCC2
  -ISIS-

 10 11  0  0  0  0  0  0  0  0  1
    7.4830    1.5510   -3.3092  C  0  0  0  0  0
    6.1268    2.0883   -2.9888  C  0  0  0  0  0
    5.5745    1.5654   -1.6579  C  0  0  0  0  0
    5.9558    0.1189   -1.2940  C  0  0  0  0  0
    7.3692   -0.1642   -1.6175  N  0  0  0  0  0
    8.0097    0.5152   -2.6444  C  0  0  0  0  0
    7.8728   -1.4303   -1.0210  C  0  0  0  0  0
    7.0266   -2.5925   -1.5829  C  0  0  0  0  0
    5.5328   -2.3650   -1.3257  C  0  0  0  0  0
    5.0412   -0.9976   -1.8552  C  0  0  0  0  0
  1  6  2  0  0  0
  1  2  1  0  0  0
  2  3  1  0  0  0
  3  4  1  0  0  0
  4 10  1  0  0  0
  4  5  1  0  0  0
  5  6  1  0  0  0
  5  7  1  0  0  0
  7  8  1  0  0  0
  8  9  1  0  0  0
  9 10  1  0  0  0
M  END
$$$$
