N12N(C3C=CC=CC1C4C3CC4)CNC2
  -ISIS-

 15 18  0  0  0  0  0  0  0  0  1
    8.2017    0.7106   -2.0849  C  0  0  0  0  0
    9.2962    1.0362   -2.8950  N  0  0  0  0  0
   10.5800    0.3427   -2.9039  C  0  0  0  0  0
   11.3060    0.7696   -1.6426  C  0  0  0  0  0
   11.9085    1.9389   -1.3522  C  0  0  0  0  0
   12.1236    3.1133   -2.1793  C  0  0  0  0  0
   11.4612    3.5657   -3.2612  C  0  0  0  0  0
   10.2462    3.0337   -3.9723  C  0  0  0  0  0
    9.3219    2.4332   -3.0185  N  0  0  0  0  0
    8.1303    2.9448   -2.5166  C  0  0  0  0  0
    7.4481    1.8803   -1.9120  N  0  0  0  0  0
   10.5793    1.8988   -4.9278  C  0  0  0  0  0
   11.3566    0.7727   -4.1509  C  0  0  0  0  0
   11.5162    0.1321   -5.5622  C  0  0  0  0  0
   11.5932    1.6264   -6.0698  C  0  0  0  0  0
  1 11  1  0  0  0
  1  2  1  0  0  0
  2  9  1  0  0  0
  2  3  1  0  0  0
  3 13  1  0  0  0
  3  4  1  0  0  0
  4  5  2  0  0  0
  5  6  1  0  0  0
  6  7  2  0  0  0
  7  8  1  0  0  0
  8  9  1  0  0  0
  8 12  1  0  0  0
  9 10  1  0  0  0
 10 11  1  0  0  0
 12 15  1  0  0  0
 12 13  1  0  0  0
 13 14  1  0  0  0
 14 15  1  0  0  0
M  END
$$$$
