N12N(C3C=CC1C3)CC=C2
  -ISIS-

 10 12  0  0  0  0  0  0  0  0  1
   -2.1234    7.1951    4.0829  N  0  0  0  0  0
   -3.3433    6.4853    4.4417  N  0  0  0  0  0
   -2.9987    5.0492    4.4102  C  0  0  0  0  0
   -2.0208    5.0048    3.2287  C  0  0  0  0  0
   -1.1343    6.1117    3.8263  C  0  0  0  0  0
   -0.8799    5.4850    5.1856  C  0  0  0  0  0
   -2.0094    4.8415    5.5385  C  0  0  0  0  0
   -4.3637    6.9858    3.6322  C  0  0  0  0  0
   -3.8215    8.1795    2.8968  C  0  0  0  0  0
   -2.4917    8.1543    3.1420  C  0  0  0  0  0
  1  5  1  0  0  0
  1 10  1  0  0  0
  1  2  1  0  0  0
  2  3  1  0  0  0
  2  8  1  0  0  0
  3  7  1  0  0  0
  3  4  1  0  0  0
  4  5  1  0  0  0
  5  6  1  0  0  0
  6  7  2  0  0  0
  8  9  1  0  0  0
  9 10  2  0  0  0
M  END
$$$$
