N12N(C3CNC1CC3)CNC2
  -ISIS-

 11 13  0  0  0  0  0  0  0  0  1
   -1.1912    7.1815   -7.4865  N  0  0  0  0  0
   -1.4064    5.7947   -7.3501  N  0  0  0  0  0
   -0.9870    5.0351   -8.5232  C  0  0  0  0  0
   -1.6940    5.6053   -9.6642  N  0  0  0  0  0
   -1.4495    6.9680   -9.8774  C  0  0  0  0  0
   -0.5545    7.5461   -8.7627  C  0  0  0  0  0
    0.7882    6.7921   -8.8789  C  0  0  0  0  0
    0.5289    5.2679   -8.7308  C  0  0  0  0  0
   -1.0747    5.4362   -6.0386  C  0  0  0  0  0
   -0.8594    6.6167   -5.3241  N  0  0  0  0  0
   -0.7401    7.6598   -6.2474  C  0  0  0  0  0
  1  6  1  0  0  0
  1 11  1  0  0  0
  1  2  1  0  0  0
  2  3  1  0  0  0
  2  9  1  0  0  0
  3  8  1  0  0  0
  3  4  1  0  0  0
  4  5  1  0  0  0
  5  6  1  0  0  0
  6  7  1  0  0  0
  7  8  1  0  0  0
  9 10  1  0  0  0
 10 11  1  0  0  0
M  END
$$$$
N12N(C3CNC1CC3)CNC2
  -ISIS-

 11 13  0  0  0  0  0  0  0  0  1
   -1.1912    7.1815   -7.4865  N  0  0  0  0  0
   -1.4064    5.7947   -7.3501  N  0  0  0  0  0
   -0.9870    5.0351   -8.5232  C  0  0  0  0  0
   -1.6940    5.6053   -9.6642  N  0  0  0  0  0
   -1.4495    6.9680   -9.8774  C  0  0  0  0  0
   -0.5545    7.5461   -8.7627  C  0  0  0  0  0
    0.7882    6.7921   -8.8789  C  0  0  0  0  0
    0.5289    5.2679   -8.7308  C  0  0  0  0  0
   -1.0747    5.4362   -6.0386  C  0  0  0  0  0
   -0.8594    6.6167   -5.3241  N  0  0  0  0  0
   -0.7401    7.6598   -6.2474  C  0  0  0  0  0
  1  6  1  0  0  0
  1 11  1  0  0  0
  1  2  1  0  0  0
  2  3  1  0  0  0
  2  9  1  0  0  0
  3  8  1  0  0  0
  3  4  1  0  0  0
  4  5  1  0  0  0
  5  6  1  0  0  0
  6  7  1  0  0  0
  7  8  1  0  0  0
  9 10  1  0  0  0
 10 11  1  0  0  0
M  END
$$$$
N12N(C3CNC1CC3)CNC2
  -ISIS-

 11 13  0  0  0  0  0  0  0  0  1
   -1.1912    7.1815   -7.4865  N  0  0  0  0  0
   -1.4064    5.7947   -7.3501  N  0  0  0  0  0
   -0.9870    5.0351   -8.5232  C  0  0  0  0  0
   -1.6940    5.6053   -9.6642  N  0  0  0  0  0
   -1.4495    6.9680   -9.8774  C  0  0  0  0  0
   -0.5545    7.5461   -8.7627  C  0  0  0  0  0
    0.7882    6.7921   -8.8789  C  0  0  0  0  0
    0.5289    5.2679   -8.7308  C  0  0  0  0  0
   -1.0747    5.4362   -6.0386  C  0  0  0  0  0
   -0.8594    6.6167   -5.3241  N  0  0  0  0  0
   -0.7401    7.6598   -6.2474  C  0  0  0  0  0
  1  6  1  0  0  0
  1 11  1  0  0  0
  1  2  1  0  0  0
  2  3  1  0  0  0
  2  9  1  0  0  0
  3  8  1  0  0  0
  3  4  1  0  0  0
  4  5  1  0  0  0
  5  6  1  0  0  0
  6  7  1  0  0  0
  7  8  1  0  0  0
  9 10  1  0  0  0
 10 11  1  0  0  0
M  END
$$$$
N12N(C3CNC1CC3)CNC2
  -ISIS-

 11 13  0  0  0  0  0  0  0  0  1
   -1.1912    7.1815   -7.4865  N  0  0  0  0  0
   -1.4064    5.7947   -7.3501  N  0  0  0  0  0
   -0.9870    5.0351   -8.5232  C  0  0  0  0  0
   -1.6940    5.6053   -9.6642  N  0  0  0  0  0
   -1.4495    6.9680   -9.8774  C  0  0  0  0  0
   -0.5545    7.5461   -8.7627  C  0  0  0  0  0
    0.7882    6.7921   -8.8789  C  0  0  0  0  0
    0.5289    5.2679   -8.7308  C  0  0  0  0  0
   -1.0747    5.4362   -6.0386  C  0  0  0  0  0
   -0.8594    6.6167   -5.3241  N  0  0  0  0  0
   -0.7401    7.6598   -6.2474  C  0  0  0  0  0
  1  6  1  0  0  0
  1 11  1  0  0  0
  1  2  1  0  0  0
  2  3  1  0  0  0
  2  9  1  0  0  0
  3  8  1  0  0  0
  3  4  1  0  0  0
  4  5  1  0  0  0
  5  6  1  0  0  0
  6  7  1  0  0  0
  7  8  1  0  0  0
  9 10  1  0  0  0
 10 11  1  0  0  0
M  END
$$$$
N12N(C3CNC1CC3)CNC2
  -ISIS-

 11 13  0  0  0  0  0  0  0  0  1
   -1.1912    7.1815   -7.4865  N  0  0  0  0  0
   -1.4064    5.7947   -7.3501  N  0  0  0  0  0
   -0.9870    5.0351   -8.5232  C  0  0  0  0  0
   -1.6940    5.6053   -9.6642  N  0  0  0  0  0
   -1.4495    6.9680   -9.8774  C  0  0  0  0  0
   -0.5545    7.5461   -8.7627  C  0  0  0  0  0
    0.7882    6.7921   -8.8789  C  0  0  0  0  0
    0.5289    5.2679   -8.7308  C  0  0  0  0  0
   -1.0747    5.4362   -6.0386  C  0  0  0  0  0
   -0.8594    6.6167   -5.3241  N  0  0  0  0  0
   -0.7401    7.6598   -6.2474  C  0  0  0  0  0
  1  6  1  0  0  0
  1 11  1  0  0  0
  1  2  1  0  0  0
  2  3  1  0  0  0
  2  9  1  0  0  0
  3  8  1  0  0  0
  3  4  1  0  0  0
  4  5  1  0  0  0
  5  6  1  0  0  0
  6  7  1  0  0  0
  7  8  1  0  0  0
  9 10  1  0  0  0
 10 11  1  0  0  0
M  END
$$$$
N12N(C3CNC1CC3)CNC2
  -ISIS-

 11 13  0  0  0  0  0  0  0  0  1
   -3.4361    2.4103   -4.9945  N  0  0  0  0  0
   -4.0295    3.2048   -5.9961  N  0  0  0  0  0
   -4.4758    2.4259   -7.1621  C  0  0  0  0  0
   -3.2424    1.6509   -7.6697  C  0  0  0  0  0
   -2.6444    0.9302   -6.6279  N  0  0  0  0  0
   -3.3566    0.9997   -5.3582  C  0  0  0  0  0
   -4.7930    0.4756   -5.5912  C  0  0  0  0  0
   -5.4726    1.3463   -6.6841  C  0  0  0  0  0
   -4.8456    4.1481   -5.3545  C  0  0  0  0  0
   -4.6054    4.0488   -3.9807  N  0  0  0  0  0
   -3.9016    2.8637   -3.7550  C  0  0  0  0  0
  1  6  1  0  0  0
  1 11  1  0  0  0
  1  2  1  0  0  0
  2  3  1  0  0  0
  2  9  1  0  0  0
  3  8  1  0  0  0
  3  4  1  0  0  0
  4  5  1  0  0  0
  5  6  1  0  0  0
  6  7  1  0  0  0
  7  8  1  0  0  0
  9 10  1  0  0  0
 10 11  1  0  0  0
M  END
$$$$
N12N(C3CNC1CC3)CNC2
  -ISIS-

 11 13  0  0  0  0  0  0  0  0  1
   -3.4361    2.4103   -4.9945  N  0  0  0  0  0
   -4.0295    3.2048   -5.9961  N  0  0  0  0  0
   -4.4758    2.4259   -7.1621  C  0  0  0  0  0
   -3.2424    1.6509   -7.6697  C  0  0  0  0  0
   -2.6444    0.9302   -6.6279  N  0  0  0  0  0
   -3.3566    0.9997   -5.3582  C  0  0  0  0  0
   -4.7930    0.4756   -5.5912  C  0  0  0  0  0
   -5.4726    1.3463   -6.6841  C  0  0  0  0  0
   -4.8456    4.1481   -5.3545  C  0  0  0  0  0
   -4.6054    4.0488   -3.9807  N  0  0  0  0  0
   -3.9016    2.8637   -3.7550  C  0  0  0  0  0
  1  6  1  0  0  0
  1 11  1  0  0  0
  1  2  1  0  0  0
  2  3  1  0  0  0
  2  9  1  0  0  0
  3  8  1  0  0  0
  3  4  1  0  0  0
  4  5  1  0  0  0
  5  6  1  0  0  0
  6  7  1  0  0  0
  7  8  1  0  0  0
  9 10  1  0  0  0
 10 11  1  0  0  0
M  END
$$$$
N12N(C3CNC1CC3)CNC2
  -ISIS-

 11 13  0  0  0  0  0  0  0  0  1
   -3.4361    2.4103   -4.9945  N  0  0  0  0  0
   -4.0295    3.2048   -5.9961  N  0  0  0  0  0
   -4.4758    2.4259   -7.1621  C  0  0  0  0  0
   -3.2424    1.6509   -7.6697  C  0  0  0  0  0
   -2.6444    0.9302   -6.6279  N  0  0  0  0  0
   -3.3566    0.9997   -5.3582  C  0  0  0  0  0
   -4.7930    0.4756   -5.5912  C  0  0  0  0  0
   -5.4726    1.3463   -6.6841  C  0  0  0  0  0
   -4.8456    4.1481   -5.3545  C  0  0  0  0  0
   -4.6054    4.0488   -3.9807  N  0  0  0  0  0
   -3.9016    2.8637   -3.7550  C  0  0  0  0  0
  1  6  1  0  0  0
  1 11  1  0  0  0
  1  2  1  0  0  0
  2  3  1  0  0  0
  2  9  1  0  0  0
  3  8  1  0  0  0
  3  4  1  0  0  0
  4  5  1  0  0  0
  5  6  1  0  0  0
  6  7  1  0  0  0
  7  8  1  0  0  0
  9 10  1  0  0  0
 10 11  1  0  0  0
M  END
$$$$
N12N(C3CNC1CC3)CNC2
  -ISIS-

 11 13  0  0  0  0  0  0  0  0  1
   -3.4361    2.4103   -4.9945  N  0  0  0  0  0
   -4.0295    3.2048   -5.9961  N  0  0  0  0  0
   -4.4758    2.4259   -7.1621  C  0  0  0  0  0
   -3.2424    1.6509   -7.6697  C  0  0  0  0  0
   -2.6444    0.9302   -6.6279  N  0  0  0  0  0
   -3.3566    0.9997   -5.3582  C  0  0  0  0  0
   -4.7930    0.4756   -5.5912  C  0  0  0  0  0
   -5.4726    1.3463   -6.6841  C  0  0  0  0  0
   -4.8456    4.1481   -5.3545  C  0  0  0  0  0
   -4.6054    4.0488   -3.9807  N  0  0  0  0  0
   -3.9016    2.8637   -3.7550  C  0  0  0  0  0
  1  6  1  0  0  0
  1 11  1  0  0  0
  1  2  1  0  0  0
  2  3  1  0  0  0
  2  9  1  0  0  0
  3  8  1  0  0  0
  3  4  1  0  0  0
  4  5  1  0  0  0
  5  6  1  0  0  0
  6  7  1  0  0  0
  7  8  1  0  0  0
  9 10  1  0  0  0
 10 11  1  0  0  0
M  END
$$$$
N12N(C3CNC1CC3)CNC2
  -ISIS-

 11 13  0  0  0  0  0  0  0  0  1
   -3.4361    2.4103   -4.9945  N  0  0  0  0  0
   -4.0295    3.2048   -5.9961  N  0  0  0  0  0
   -4.4758    2.4259   -7.1621  C  0  0  0  0  0
   -3.2424    1.6509   -7.6697  C  0  0  0  0  0
   -2.6444    0.9302   -6.6279  N  0  0  0  0  0
   -3.3566    0.9997   -5.3582  C  0  0  0  0  0
   -4.7930    0.4756   -5.5912  C  0  0  0  0  0
   -5.4726    1.3463   -6.6841  C  0  0  0  0  0
   -4.8456    4.1481   -5.3545  C  0  0  0  0  0
   -4.6054    4.0488   -3.9807  N  0  0  0  0  0
   -3.9016    2.8637   -3.7550  C  0  0  0  0  0
  1  6  1  0  0  0
  1 11  1  0  0  0
  1  2  1  0  0  0
  2  3  1  0  0  0
  2  9  1  0  0  0
  3  8  1  0  0  0
  3  4  1  0  0  0
  4  5  1  0  0  0
  5  6  1  0  0  0
  6  7  1  0  0  0
  7  8  1  0  0  0
  9 10  1  0  0  0
 10 11  1  0  0  0
M  END
$$$$
N12N(C3CNC1CC3)CNC2
  -ISIS-

 11 13  0  0  0  0  0  0  0  0  1
   -0.8560    2.5233   -5.4812  N  0  0  0  0  0
   -2.0074    3.1516   -4.9783  N  0  0  0  0  0
   -2.2563    2.8370   -3.5748  C  0  0  0  0  0
   -1.0667    3.2229   -2.8079  N  0  0  0  0  0
    0.1174    2.5962   -3.2814  C  0  0  0  0  0
   -0.1816    1.6797   -4.4866  C  0  0  0  0  0
   -1.1590    0.6040   -3.9813  C  0  0  0  0  0
   -2.4266    1.3017   -3.4377  C  0  0  0  0  0
   -2.9961    3.0913   -5.9675  C  0  0  0  0  0
   -2.3941    2.6125   -7.1325  N  0  0  0  0  0
   -1.1469    2.0871   -6.7826  C  0  0  0  0  0
  1  6  1  0  0  0
  1 11  1  0  0  0
  1  2  1  0  0  0
  2  3  1  0  0  0
  2  9  1  0  0  0
  3  8  1  0  0  0
  3  4  1  0  0  0
  4  5  1  0  0  0
  5  6  1  0  0  0
  6  7  1  0  0  0
  7  8  1  0  0  0
  9 10  1  0  0  0
 10 11  1  0  0  0
M  END
$$$$
N12N(C3CNC1CC3)CNC2
  -ISIS-

 11 13  0  0  0  0  0  0  0  0  1
   -0.8560    2.5233   -5.4812  N  0  0  0  0  0
   -2.0074    3.1516   -4.9783  N  0  0  0  0  0
   -2.2563    2.8370   -3.5748  C  0  0  0  0  0
   -1.0667    3.2229   -2.8079  N  0  0  0  0  0
    0.1174    2.5962   -3.2814  C  0  0  0  0  0
   -0.1816    1.6797   -4.4866  C  0  0  0  0  0
   -1.1590    0.6040   -3.9813  C  0  0  0  0  0
   -2.4266    1.3017   -3.4377  C  0  0  0  0  0
   -2.9961    3.0913   -5.9675  C  0  0  0  0  0
   -2.3941    2.6125   -7.1325  N  0  0  0  0  0
   -1.1469    2.0871   -6.7826  C  0  0  0  0  0
  1  6  1  0  0  0
  1 11  1  0  0  0
  1  2  1  0  0  0
  2  3  1  0  0  0
  2  9  1  0  0  0
  3  8  1  0  0  0
  3  4  1  0  0  0
  4  5  1  0  0  0
  5  6  1  0  0  0
  6  7  1  0  0  0
  7  8  1  0  0  0
  9 10  1  0  0  0
 10 11  1  0  0  0
M  END
$$$$
N12N(C3CNC1CC3)CNC2
  -ISIS-

 11 13  0  0  0  0  0  0  0  0  1
   -0.8560    2.5233   -5.4812  N  0  0  0  0  0
   -2.0074    3.1516   -4.9783  N  0  0  0  0  0
   -2.2563    2.8370   -3.5748  C  0  0  0  0  0
   -1.0667    3.2229   -2.8079  N  0  0  0  0  0
    0.1174    2.5962   -3.2814  C  0  0  0  0  0
   -0.1816    1.6797   -4.4866  C  0  0  0  0  0
   -1.1590    0.6040   -3.9813  C  0  0  0  0  0
   -2.4266    1.3017   -3.4377  C  0  0  0  0  0
   -2.9961    3.0913   -5.9675  C  0  0  0  0  0
   -2.3941    2.6125   -7.1325  N  0  0  0  0  0
   -1.1469    2.0871   -6.7826  C  0  0  0  0  0
  1  6  1  0  0  0
  1 11  1  0  0  0
  1  2  1  0  0  0
  2  3  1  0  0  0
  2  9  1  0  0  0
  3  8  1  0  0  0
  3  4  1  0  0  0
  4  5  1  0  0  0
  5  6  1  0  0  0
  6  7  1  0  0  0
  7  8  1  0  0  0
  9 10  1  0  0  0
 10 11  1  0  0  0
M  END
$$$$
N12N(C3CNC1CC3)CNC2
  -ISIS-

 11 13  0  0  0  0  0  0  0  0  1
   -0.8560    2.5233   -5.4812  N  0  0  0  0  0
   -2.0074    3.1516   -4.9783  N  0  0  0  0  0
   -2.2563    2.8370   -3.5748  C  0  0  0  0  0
   -1.0667    3.2229   -2.8079  N  0  0  0  0  0
    0.1174    2.5962   -3.2814  C  0  0  0  0  0
   -0.1816    1.6797   -4.4866  C  0  0  0  0  0
   -1.1590    0.6040   -3.9813  C  0  0  0  0  0
   -2.4266    1.3017   -3.4377  C  0  0  0  0  0
   -2.9961    3.0913   -5.9675  C  0  0  0  0  0
   -2.3941    2.6125   -7.1325  N  0  0  0  0  0
   -1.1469    2.0871   -6.7826  C  0  0  0  0  0
  1  6  1  0  0  0
  1 11  1  0  0  0
  1  2  1  0  0  0
  2  3  1  0  0  0
  2  9  1  0  0  0
  3  8  1  0  0  0
  3  4  1  0  0  0
  4  5  1  0  0  0
  5  6  1  0  0  0
  6  7  1  0  0  0
  7  8  1  0  0  0
  9 10  1  0  0  0
 10 11  1  0  0  0
M  END
$$$$
N12N(C3CNC1CC3)CNC2
  -ISIS-

 11 13  0  0  0  0  0  0  0  0  1
   -0.8560    2.5233   -5.4812  N  0  0  0  0  0
   -2.0074    3.1516   -4.9783  N  0  0  0  0  0
   -2.2563    2.8370   -3.5748  C  0  0  0  0  0
   -1.0667    3.2229   -2.8079  N  0  0  0  0  0
    0.1174    2.5962   -3.2814  C  0  0  0  0  0
   -0.1816    1.6797   -4.4866  C  0  0  0  0  0
   -1.1590    0.6040   -3.9813  C  0  0  0  0  0
   -2.4266    1.3017   -3.4377  C  0  0  0  0  0
   -2.9961    3.0913   -5.9675  C  0  0  0  0  0
   -2.3941    2.6125   -7.1325  N  0  0  0  0  0
   -1.1469    2.0871   -6.7826  C  0  0  0  0  0
  1  6  1  0  0  0
  1 11  1  0  0  0
  1  2  1  0  0  0
  2  3  1  0  0  0
  2  9  1  0  0  0
  3  8  1  0  0  0
  3  4  1  0  0  0
  4  5  1  0  0  0
  5  6  1  0  0  0
  6  7  1  0  0  0
  7  8  1  0  0  0
  9 10  1  0  0  0
 10 11  1  0  0  0
M  END
$$$$
