N12N(C3C4C=CC4C1CC3)CNC2
  -ISIS-

 13 16  0  0  0  0  0  0  0  0  1
    7.5871    0.4714   -5.8574  N  0  0  0  0  0
    6.7121    1.5824   -5.7420  N  0  0  0  0  0
    6.7502    2.4854   -6.8919  C  0  0  0  0  0
    6.3833    1.6586   -8.1419  C  0  0  0  0  0
    5.2591    0.6372   -8.0842  C  0  0  0  0  0
    6.0902   -0.4190   -8.1929  C  0  0  0  0  0
    7.3407    0.4420   -8.2681  C  0  0  0  0  0
    8.3526    0.4504   -7.1034  C  0  0  0  0  0
    9.1582    1.7653   -7.2123  C  0  0  0  0  0
    8.2019    2.9798   -7.0858  C  0  0  0  0  0
    6.7700    2.0174   -4.4105  C  0  0  0  0  0
    7.4762    1.0660   -3.7009  N  0  0  0  0  0
    8.1548    0.2593   -4.5932  C  0  0  0  0  0
  1  8  1  0  0  0
  1 13  1  0  0  0
  1  2  1  0  0  0
  2  3  1  0  0  0
  2 11  1  0  0  0
  3 10  1  0  0  0
  3  4  1  0  0  0
  4  7  1  0  0  0
  4  5  1  0  0  0
  5  6  2  0  0  0
  6  7  1  0  0  0
  7  8  1  0  0  0
  8  9  1  0  0  0
  9 10  1  0  0  0
 11 12  1  0  0  0
 12 13  1  0  0  0
M  END
$$$$
N12N(C3C4C=CC4C1CC3)CNC2
  -ISIS-

 13 16  0  0  0  0  0  0  0  0  1
    7.5871    0.4714   -5.8574  N  0  0  0  0  0
    6.7121    1.5824   -5.7420  N  0  0  0  0  0
    6.7502    2.4854   -6.8919  C  0  0  0  0  0
    6.3833    1.6586   -8.1419  C  0  0  0  0  0
    5.2591    0.6372   -8.0842  C  0  0  0  0  0
    6.0902   -0.4190   -8.1929  C  0  0  0  0  0
    7.3407    0.4420   -8.2681  C  0  0  0  0  0
    8.3526    0.4504   -7.1034  C  0  0  0  0  0
    9.1582    1.7653   -7.2123  C  0  0  0  0  0
    8.2019    2.9798   -7.0858  C  0  0  0  0  0
    6.7700    2.0174   -4.4105  C  0  0  0  0  0
    7.4762    1.0660   -3.7009  N  0  0  0  0  0
    8.1548    0.2593   -4.5932  C  0  0  0  0  0
  1  8  1  0  0  0
  1 13  1  0  0  0
  1  2  1  0  0  0
  2  3  1  0  0  0
  2 11  1  0  0  0
  3 10  1  0  0  0
  3  4  1  0  0  0
  4  7  1  0  0  0
  4  5  1  0  0  0
  5  6  2  0  0  0
  6  7  1  0  0  0
  7  8  1  0  0  0
  8  9  1  0  0  0
  9 10  1  0  0  0
 11 12  1  0  0  0
 12 13  1  0  0  0
M  END
$$$$
N12N(C3C4C=CC4C1CC3)CNC2
  -ISIS-

 13 16  0  0  0  0  0  0  0  0  1
    7.5871    0.4714   -5.8574  N  0  0  0  0  0
    6.7121    1.5824   -5.7420  N  0  0  0  0  0
    6.7502    2.4854   -6.8919  C  0  0  0  0  0
    6.3833    1.6586   -8.1419  C  0  0  0  0  0
    5.2591    0.6372   -8.0842  C  0  0  0  0  0
    6.0902   -0.4190   -8.1929  C  0  0  0  0  0
    7.3407    0.4420   -8.2681  C  0  0  0  0  0
    8.3526    0.4504   -7.1034  C  0  0  0  0  0
    9.1582    1.7653   -7.2123  C  0  0  0  0  0
    8.2019    2.9798   -7.0858  C  0  0  0  0  0
    6.7700    2.0174   -4.4105  C  0  0  0  0  0
    7.4762    1.0660   -3.7009  N  0  0  0  0  0
    8.1548    0.2593   -4.5932  C  0  0  0  0  0
  1  8  1  0  0  0
  1 13  1  0  0  0
  1  2  1  0  0  0
  2  3  1  0  0  0
  2 11  1  0  0  0
  3 10  1  0  0  0
  3  4  1  0  0  0
  4  7  1  0  0  0
  4  5  1  0  0  0
  5  6  2  0  0  0
  6  7  1  0  0  0
  7  8  1  0  0  0
  8  9  1  0  0  0
  9 10  1  0  0  0
 11 12  1  0  0  0
 12 13  1  0  0  0
M  END
$$$$
