N1=CNNC1
  -ISIS-

  5  5  0  0  0  0  0  0  0  0  1
    2.3237    0.7243    8.1571  N  0  0  0  0  0
    1.6931    1.6831    8.9616  C  0  0  0  0  0
    2.5714    2.7423    9.1478  N  0  0  0  0  0
    3.6666    2.4003    8.5290  C  0  0  0  0  0
    3.6505    1.1576    7.9399  N  0  0  0  0  0
  1  5  1  0  0  0
  1  2  1  0  0  0
  2  3  1  0  0  0
  3  4  2  0  0  0
  4  5  1  0  0  0
M  END
$$$$
N1=CNNC1
  -ISIS-

  5  5  0  0  0  0  0  0  0  0  1
    2.3237    0.7243    8.1571  N  0  0  0  0  0
    1.6931    1.6831    8.9616  C  0  0  0  0  0
    2.5714    2.7423    9.1478  N  0  0  0  0  0
    3.6666    2.4003    8.5290  C  0  0  0  0  0
    3.6505    1.1576    7.9399  N  0  0  0  0  0
  1  5  1  0  0  0
  1  2  1  0  0  0
  2  3  1  0  0  0
  3  4  2  0  0  0
  4  5  1  0  0  0
M  END
$$$$
N1=CNNC1
  -ISIS-

  5  5  0  0  0  0  0  0  0  0  1
    2.3237    0.7243    8.1571  N  0  0  0  0  0
    1.6931    1.6831    8.9616  C  0  0  0  0  0
    2.5714    2.7423    9.1478  N  0  0  0  0  0
    3.6666    2.4003    8.5290  C  0  0  0  0  0
    3.6505    1.1576    7.9399  N  0  0  0  0  0
  1  5  1  0  0  0
  1  2  1  0  0  0
  2  3  1  0  0  0
  3  4  2  0  0  0
  4  5  1  0  0  0
M  END
$$$$
N1=CNNC1
  -ISIS-

  5  5  0  0  0  0  0  0  0  0  1
    2.8688   -5.4773   -1.0383  C  0  0  0  0  0
    4.0481   -5.4029   -0.3078  N  0  0  0  0  0
    3.7452   -5.8360    0.8822  C  0  0  0  0  0
    2.4436   -6.2398    1.0578  N  0  0  0  0  0
    1.8504   -5.9275   -0.1860  N  0  0  0  0  0
  1  5  1  0  0  0
  1  2  1  0  0  0
  2  3  2  0  0  0
  3  4  1  0  0  0
  4  5  1  0  0  0
M  END
$$$$
N1=CNNC1
  -ISIS-

  5  5  0  0  0  0  0  0  0  0  1
    2.8688   -5.4773   -1.0383  C  0  0  0  0  0
    4.0481   -5.4029   -0.3078  N  0  0  0  0  0
    3.7452   -5.8360    0.8822  C  0  0  0  0  0
    2.4436   -6.2398    1.0578  N  0  0  0  0  0
    1.8504   -5.9275   -0.1860  N  0  0  0  0  0
  1  5  1  0  0  0
  1  2  1  0  0  0
  2  3  2  0  0  0
  3  4  1  0  0  0
  4  5  1  0  0  0
M  END
$$$$
N1=CNNC1
  -ISIS-

  5  5  0  0  0  0  0  0  0  0  1
    2.8688   -5.4773   -1.0383  C  0  0  0  0  0
    4.0481   -5.4029   -0.3078  N  0  0  0  0  0
    3.7452   -5.8360    0.8822  C  0  0  0  0  0
    2.4436   -6.2398    1.0578  N  0  0  0  0  0
    1.8504   -5.9275   -0.1860  N  0  0  0  0  0
  1  5  1  0  0  0
  1  2  1  0  0  0
  2  3  2  0  0  0
  3  4  1  0  0  0
  4  5  1  0  0  0
M  END
$$$$
N1=CNNC1
  -ISIS-

  5  5  0  0  0  0  0  0  0  0  1
    1.1342   -5.4468    5.3305  N  0  0  0  0  0
    2.2260   -4.6717    4.9673  C  0  0  0  0  0
    1.8361   -3.8250    3.9237  N  0  0  0  0  0
    0.4525   -4.0232    3.7080  N  0  0  0  0  0
    0.1442   -5.0507    4.5753  C  0  0  0  0  0
  1  5  2  0  0  0
  1  2  1  0  0  0
  2  3  1  0  0  0
  3  4  1  0  0  0
  4  5  1  0  0  0
M  END
$$$$
N1=CNNC1
  -ISIS-

  5  5  0  0  0  0  0  0  0  0  1
    1.1342   -5.4468    5.3305  N  0  0  0  0  0
    2.2260   -4.6717    4.9673  C  0  0  0  0  0
    1.8361   -3.8250    3.9237  N  0  0  0  0  0
    0.4525   -4.0232    3.7080  N  0  0  0  0  0
    0.1442   -5.0507    4.5753  C  0  0  0  0  0
  1  5  2  0  0  0
  1  2  1  0  0  0
  2  3  1  0  0  0
  3  4  1  0  0  0
  4  5  1  0  0  0
M  END
$$$$
N1=CNNC1
  -ISIS-

  5  5  0  0  0  0  0  0  0  0  1
    1.1342   -5.4468    5.3305  N  0  0  0  0  0
    2.2260   -4.6717    4.9673  C  0  0  0  0  0
    1.8361   -3.8250    3.9237  N  0  0  0  0  0
    0.4525   -4.0232    3.7080  N  0  0  0  0  0
    0.1442   -5.0507    4.5753  C  0  0  0  0  0
  1  5  2  0  0  0
  1  2  1  0  0  0
  2  3  1  0  0  0
  3  4  1  0  0  0
  4  5  1  0  0  0
M  END
$$$$
N1=CNNC1
  -ISIS-

  5  5  0  0  0  0  0  0  0  0  1
    7.1193   -1.5943   -1.0130  N  0  0  0  0  0
    8.4736   -1.5231   -1.3007  C  0  0  0  0  0
    9.1864   -2.0641   -0.2208  N  0  0  0  0  0
    8.2374   -2.4773    0.7692  N  0  0  0  0  0
    7.0273   -2.1073    0.1858  C  0  0  0  0  0
  1  5  2  0  0  0
  1  2  1  0  0  0
  2  3  1  0  0  0
  3  4  1  0  0  0
  4  5  1  0  0  0
M  END
$$$$
N1=CNNC1
  -ISIS-

  5  5  0  0  0  0  0  0  0  0  1
    7.1193   -1.5943   -1.0130  N  0  0  0  0  0
    8.4736   -1.5231   -1.3007  C  0  0  0  0  0
    9.1864   -2.0641   -0.2208  N  0  0  0  0  0
    8.2374   -2.4773    0.7692  N  0  0  0  0  0
    7.0273   -2.1073    0.1858  C  0  0  0  0  0
  1  5  2  0  0  0
  1  2  1  0  0  0
  2  3  1  0  0  0
  3  4  1  0  0  0
  4  5  1  0  0  0
M  END
$$$$
N1=CNNC1
  -ISIS-

  5  5  0  0  0  0  0  0  0  0  1
    7.1193   -1.5943   -1.0130  N  0  0  0  0  0
    8.4736   -1.5231   -1.3007  C  0  0  0  0  0
    9.1864   -2.0641   -0.2208  N  0  0  0  0  0
    8.2374   -2.4773    0.7692  N  0  0  0  0  0
    7.0273   -2.1073    0.1858  C  0  0  0  0  0
  1  5  2  0  0  0
  1  2  1  0  0  0
  2  3  1  0  0  0
  3  4  1  0  0  0
  4  5  1  0  0  0
M  END
$$$$
N1=CNNC1
  -ISIS-

  5  5  0  0  0  0  0  0  0  0  1
    7.1193   -1.5943   -1.0130  N  0  0  0  0  0
    8.4736   -1.5231   -1.3007  C  0  0  0  0  0
    9.1864   -2.0641   -0.2208  N  0  0  0  0  0
    8.2374   -2.4773    0.7692  N  0  0  0  0  0
    7.0273   -2.1073    0.1858  C  0  0  0  0  0
  1  5  2  0  0  0
  1  2  1  0  0  0
  2  3  1  0  0  0
  3  4  1  0  0  0
  4  5  1  0  0  0
M  END
$$$$
N1=CNNC1
  -ISIS-

  5  5  0  0  0  0  0  0  0  0  1
   -1.4627    4.0804   -0.8490  C  0  0  0  0  0
   -1.7707    5.3157   -1.4365  N  0  0  0  0  0
   -1.6715    6.3022   -0.4296  N  0  0  0  0  0
   -1.4297    5.5585    0.7001  C  0  0  0  0  0
   -1.2860    4.2776    0.5148  N  0  0  0  0  0
  1  5  1  0  0  0
  1  2  1  0  0  0
  2  3  1  0  0  0
  3  4  1  0  0  0
  4  5  2  0  0  0
M  END
$$$$
N1=CNNC1
  -ISIS-

  5  5  0  0  0  0  0  0  0  0  1
   -1.4627    4.0804   -0.8490  C  0  0  0  0  0
   -1.7707    5.3157   -1.4365  N  0  0  0  0  0
   -1.6715    6.3022   -0.4296  N  0  0  0  0  0
   -1.4297    5.5585    0.7001  C  0  0  0  0  0
   -1.2860    4.2776    0.5148  N  0  0  0  0  0
  1  5  1  0  0  0
  1  2  1  0  0  0
  2  3  1  0  0  0
  3  4  1  0  0  0
  4  5  2  0  0  0
M  END
$$$$
N1=CNNC1
  -ISIS-

  5  5  0  0  0  0  0  0  0  0  1
   -1.4627    4.0804   -0.8490  C  0  0  0  0  0
   -1.7707    5.3157   -1.4365  N  0  0  0  0  0
   -1.6715    6.3022   -0.4296  N  0  0  0  0  0
   -1.4297    5.5585    0.7001  C  0  0  0  0  0
   -1.2860    4.2776    0.5148  N  0  0  0  0  0
  1  5  1  0  0  0
  1  2  1  0  0  0
  2  3  1  0  0  0
  3  4  1  0  0  0
  4  5  2  0  0  0
M  END
$$$$
N1=CNNC1
  -ISIS-

  5  5  0  0  0  0  0  0  0  0  1
   -4.4919   -7.6012    1.9067  N  0  0  0  0  0
   -4.6743   -7.0451    3.0748  C  0  0  0  0  0
   -4.3495   -5.7057    3.1356  N  0  0  0  0  0
   -3.9902   -5.4015    1.8021  N  0  0  0  0  0
   -4.0294   -6.5943    1.0718  C  0  0  0  0  0
  1  5  1  0  0  0
  1  2  2  0  0  0
  2  3  1  0  0  0
  3  4  1  0  0  0
  4  5  1  0  0  0
M  END
$$$$
N1=CNNC1
  -ISIS-

  5  5  0  0  0  0  0  0  0  0  1
   -4.4919   -7.6012    1.9067  N  0  0  0  0  0
   -4.6743   -7.0451    3.0748  C  0  0  0  0  0
   -4.3495   -5.7057    3.1356  N  0  0  0  0  0
   -3.9902   -5.4015    1.8021  N  0  0  0  0  0
   -4.0294   -6.5943    1.0718  C  0  0  0  0  0
  1  5  1  0  0  0
  1  2  2  0  0  0
  2  3  1  0  0  0
  3  4  1  0  0  0
  4  5  1  0  0  0
M  END
$$$$
N1=CNNC1
  -ISIS-

  5  5  0  0  0  0  0  0  0  0  1
   -4.4919   -7.6012    1.9067  N  0  0  0  0  0
   -4.6743   -7.0451    3.0748  C  0  0  0  0  0
   -4.3495   -5.7057    3.1356  N  0  0  0  0  0
   -3.9902   -5.4015    1.8021  N  0  0  0  0  0
   -4.0294   -6.5943    1.0718  C  0  0  0  0  0
  1  5  1  0  0  0
  1  2  2  0  0  0
  2  3  1  0  0  0
  3  4  1  0  0  0
  4  5  1  0  0  0
M  END
$$$$
N1=CNNC1
  -ISIS-

  5  5  0  0  0  0  0  0  0  0  1
  -10.7398   -1.6005    1.9418  N  0  0  0  0  0
   -9.5641   -2.0948    2.2273  C  0  0  0  0  0
   -9.5669   -3.1686    3.1137  N  0  0  0  0  0
  -10.9604   -3.3223    3.3983  N  0  0  0  0  0
  -11.6540   -2.3318    2.6837  C  0  0  0  0  0
  1  5  1  0  0  0
  1  2  2  0  0  0
  2  3  1  0  0  0
  3  4  1  0  0  0
  4  5  1  0  0  0
M  END
$$$$
N1=CNNC1
  -ISIS-

  5  5  0  0  0  0  0  0  0  0  1
  -10.7398   -1.6005    1.9418  N  0  0  0  0  0
   -9.5641   -2.0948    2.2273  C  0  0  0  0  0
   -9.5669   -3.1686    3.1137  N  0  0  0  0  0
  -10.9604   -3.3223    3.3983  N  0  0  0  0  0
  -11.6540   -2.3318    2.6837  C  0  0  0  0  0
  1  5  1  0  0  0
  1  2  2  0  0  0
  2  3  1  0  0  0
  3  4  1  0  0  0
  4  5  1  0  0  0
M  END
$$$$
N1=CNNC1
  -ISIS-

  5  5  0  0  0  0  0  0  0  0  1
  -10.7398   -1.6005    1.9418  N  0  0  0  0  0
   -9.5641   -2.0948    2.2273  C  0  0  0  0  0
   -9.5669   -3.1686    3.1137  N  0  0  0  0  0
  -10.9604   -3.3223    3.3983  N  0  0  0  0  0
  -11.6540   -2.3318    2.6837  C  0  0  0  0  0
  1  5  1  0  0  0
  1  2  2  0  0  0
  2  3  1  0  0  0
  3  4  1  0  0  0
  4  5  1  0  0  0
M  END
$$$$
N1=CNNC1
  -ISIS-

  5  5  0  0  0  0  0  0  0  0  1
  -10.7398   -1.6005    1.9418  N  0  0  0  0  0
   -9.5641   -2.0948    2.2273  C  0  0  0  0  0
   -9.5669   -3.1686    3.1137  N  0  0  0  0  0
  -10.9604   -3.3223    3.3983  N  0  0  0  0  0
  -11.6540   -2.3318    2.6837  C  0  0  0  0  0
  1  5  1  0  0  0
  1  2  2  0  0  0
  2  3  1  0  0  0
  3  4  1  0  0  0
  4  5  1  0  0  0
M  END
$$$$
N1=CNNC1
  -ISIS-

  5  5  0  0  0  0  0  0  0  0  1
   -3.9228    3.9902    3.9903  N  0  0  0  0  0
   -4.3299    2.7025    3.6724  C  0  0  0  0  0
   -3.2652    1.8303    3.9244  N  0  0  0  0  0
   -2.1554    2.6140    4.3171  N  0  0  0  0  0
   -2.6755    3.8909    4.3666  C  0  0  0  0  0
  1  5  2  0  0  0
  1  2  1  0  0  0
  2  3  1  0  0  0
  3  4  1  0  0  0
  4  5  1  0  0  0
M  END
$$$$
N1=CNNC1
  -ISIS-

  5  5  0  0  0  0  0  0  0  0  1
   -3.9228    3.9902    3.9903  N  0  0  0  0  0
   -4.3299    2.7025    3.6724  C  0  0  0  0  0
   -3.2652    1.8303    3.9244  N  0  0  0  0  0
   -2.1554    2.6140    4.3171  N  0  0  0  0  0
   -2.6755    3.8909    4.3666  C  0  0  0  0  0
  1  5  2  0  0  0
  1  2  1  0  0  0
  2  3  1  0  0  0
  3  4  1  0  0  0
  4  5  1  0  0  0
M  END
$$$$
N1=CNNC1
  -ISIS-

  5  5  0  0  0  0  0  0  0  0  1
   -3.9228    3.9902    3.9903  N  0  0  0  0  0
   -4.3299    2.7025    3.6724  C  0  0  0  0  0
   -3.2652    1.8303    3.9244  N  0  0  0  0  0
   -2.1554    2.6140    4.3171  N  0  0  0  0  0
   -2.6755    3.8909    4.3666  C  0  0  0  0  0
  1  5  2  0  0  0
  1  2  1  0  0  0
  2  3  1  0  0  0
  3  4  1  0  0  0
  4  5  1  0  0  0
M  END
$$$$
N1=CNNC1
  -ISIS-

  5  5  0  0  0  0  0  0  0  0  1
   -6.2057   -6.2382    7.2465  N  0  0  0  0  0
   -5.0640   -6.8999    6.8179  C  0  0  0  0  0
   -3.9469   -6.1176    7.1503  N  0  0  0  0  0
   -4.4194   -4.9225    7.7868  N  0  0  0  0  0
   -5.7910   -5.1451    7.8272  C  0  0  0  0  0
  1  5  2  0  0  0
  1  2  1  0  0  0
  2  3  1  0  0  0
  3  4  1  0  0  0
  4  5  1  0  0  0
M  END
$$$$
N1=CNNC1
  -ISIS-

  5  5  0  0  0  0  0  0  0  0  1
   -6.2057   -6.2382    7.2465  N  0  0  0  0  0
   -5.0640   -6.8999    6.8179  C  0  0  0  0  0
   -3.9469   -6.1176    7.1503  N  0  0  0  0  0
   -4.4194   -4.9225    7.7868  N  0  0  0  0  0
   -5.7910   -5.1451    7.8272  C  0  0  0  0  0
  1  5  2  0  0  0
  1  2  1  0  0  0
  2  3  1  0  0  0
  3  4  1  0  0  0
  4  5  1  0  0  0
M  END
$$$$
N1=CNNC1
  -ISIS-

  5  5  0  0  0  0  0  0  0  0  1
   -6.2057   -6.2382    7.2465  N  0  0  0  0  0
   -5.0640   -6.8999    6.8179  C  0  0  0  0  0
   -3.9469   -6.1176    7.1503  N  0  0  0  0  0
   -4.4194   -4.9225    7.7868  N  0  0  0  0  0
   -5.7910   -5.1451    7.8272  C  0  0  0  0  0
  1  5  2  0  0  0
  1  2  1  0  0  0
  2  3  1  0  0  0
  3  4  1  0  0  0
  4  5  1  0  0  0
M  END
$$$$
N1=CNNC1
  -ISIS-

  5  5  0  0  0  0  0  0  0  0  1
   -6.2057   -6.2382    7.2465  N  0  0  0  0  0
   -5.0640   -6.8999    6.8179  C  0  0  0  0  0
   -3.9469   -6.1176    7.1503  N  0  0  0  0  0
   -4.4194   -4.9225    7.7868  N  0  0  0  0  0
   -5.7910   -5.1451    7.8272  C  0  0  0  0  0
  1  5  2  0  0  0
  1  2  1  0  0  0
  2  3  1  0  0  0
  3  4  1  0  0  0
  4  5  1  0  0  0
M  END
$$$$
N1=CNNC1
  -ISIS-

  5  5  0  0  0  0  0  0  0  0  1
   -3.1488    4.1089    0.1610  N  0  0  0  0  0
   -2.6645    4.2487    1.4491  C  0  0  0  0  0
   -3.7325    4.2049    2.3651  N  0  0  0  0  0
   -4.9273    4.0635    1.5677  N  0  0  0  0  0
   -4.4512    4.0683    0.2657  C  0  0  0  0  0
  1  5  2  0  0  0
  1  2  1  0  0  0
  2  3  1  0  0  0
  3  4  1  0  0  0
  4  5  1  0  0  0
M  END
$$$$
N1=CNNC1
  -ISIS-

  5  5  0  0  0  0  0  0  0  0  1
   -3.1488    4.1089    0.1610  N  0  0  0  0  0
   -2.6645    4.2487    1.4491  C  0  0  0  0  0
   -3.7325    4.2049    2.3651  N  0  0  0  0  0
   -4.9273    4.0635    1.5677  N  0  0  0  0  0
   -4.4512    4.0683    0.2657  C  0  0  0  0  0
  1  5  2  0  0  0
  1  2  1  0  0  0
  2  3  1  0  0  0
  3  4  1  0  0  0
  4  5  1  0  0  0
M  END
$$$$
N1=CNNC1
  -ISIS-

  5  5  0  0  0  0  0  0  0  0  1
   -3.1488    4.1089    0.1610  N  0  0  0  0  0
   -2.6645    4.2487    1.4491  C  0  0  0  0  0
   -3.7325    4.2049    2.3651  N  0  0  0  0  0
   -4.9273    4.0635    1.5677  N  0  0  0  0  0
   -4.4512    4.0683    0.2657  C  0  0  0  0  0
  1  5  2  0  0  0
  1  2  1  0  0  0
  2  3  1  0  0  0
  3  4  1  0  0  0
  4  5  1  0  0  0
M  END
$$$$
N1=CNNC1
  -ISIS-

  5  5  0  0  0  0  0  0  0  0  1
   -3.1488    4.1089    0.1610  N  0  0  0  0  0
   -2.6645    4.2487    1.4491  C  0  0  0  0  0
   -3.7325    4.2049    2.3651  N  0  0  0  0  0
   -4.9273    4.0635    1.5677  N  0  0  0  0  0
   -4.4512    4.0683    0.2657  C  0  0  0  0  0
  1  5  2  0  0  0
  1  2  1  0  0  0
  2  3  1  0  0  0
  3  4  1  0  0  0
  4  5  1  0  0  0
M  END
$$$$
N1=CNNC1
  -ISIS-

  5  5  0  0  0  0  0  0  0  0  1
   -1.4728   -2.2040    3.9840  N  0  0  0  0  0
   -0.3674   -2.1277    3.1286  N  0  0  0  0  0
    0.5378   -2.9931    3.7067  C  0  0  0  0  0
    0.1555   -3.5079    4.8453  N  0  0  0  0  0
   -1.1125   -3.0050    5.0714  C  0  0  0  0  0
  1  5  1  0  0  0
  1  2  1  0  0  0
  2  3  1  0  0  0
  3  4  2  0  0  0
  4  5  1  0  0  0
M  END
$$$$
N1=CNNC1
  -ISIS-

  5  5  0  0  0  0  0  0  0  0  1
   -1.4728   -2.2040    3.9840  N  0  0  0  0  0
   -0.3674   -2.1277    3.1286  N  0  0  0  0  0
    0.5378   -2.9931    3.7067  C  0  0  0  0  0
    0.1555   -3.5079    4.8453  N  0  0  0  0  0
   -1.1125   -3.0050    5.0714  C  0  0  0  0  0
  1  5  1  0  0  0
  1  2  1  0  0  0
  2  3  1  0  0  0
  3  4  2  0  0  0
  4  5  1  0  0  0
M  END
$$$$
N1=CNNC1
  -ISIS-

  5  5  0  0  0  0  0  0  0  0  1
   -1.4728   -2.2040    3.9840  N  0  0  0  0  0
   -0.3674   -2.1277    3.1286  N  0  0  0  0  0
    0.5378   -2.9931    3.7067  C  0  0  0  0  0
    0.1555   -3.5079    4.8453  N  0  0  0  0  0
   -1.1125   -3.0050    5.0714  C  0  0  0  0  0
  1  5  1  0  0  0
  1  2  1  0  0  0
  2  3  1  0  0  0
  3  4  2  0  0  0
  4  5  1  0  0  0
M  END
$$$$
N1=CNNC1
  -ISIS-

  5  5  0  0  0  0  0  0  0  0  1
    0.9738   -1.3775    2.7622  C  0  0  0  0  0
    1.2451   -1.7692    4.0809  N  0  0  0  0  0
    1.5926   -0.6074    4.8067  N  0  0  0  0  0
    1.6157    0.3620    3.8334  C  0  0  0  0  0
    1.2543   -0.0221    2.6428  N  0  0  0  0  0
  1  5  1  0  0  0
  1  2  1  0  0  0
  2  3  1  0  0  0
  3  4  1  0  0  0
  4  5  2  0  0  0
M  END
$$$$
N1=CNNC1
  -ISIS-

  5  5  0  0  0  0  0  0  0  0  1
    0.9738   -1.3775    2.7622  C  0  0  0  0  0
    1.2451   -1.7692    4.0809  N  0  0  0  0  0
    1.5926   -0.6074    4.8067  N  0  0  0  0  0
    1.6157    0.3620    3.8334  C  0  0  0  0  0
    1.2543   -0.0221    2.6428  N  0  0  0  0  0
  1  5  1  0  0  0
  1  2  1  0  0  0
  2  3  1  0  0  0
  3  4  1  0  0  0
  4  5  2  0  0  0
M  END
$$$$
N1=CNNC1
  -ISIS-

  5  5  0  0  0  0  0  0  0  0  1
    0.9738   -1.3775    2.7622  C  0  0  0  0  0
    1.2451   -1.7692    4.0809  N  0  0  0  0  0
    1.5926   -0.6074    4.8067  N  0  0  0  0  0
    1.6157    0.3620    3.8334  C  0  0  0  0  0
    1.2543   -0.0221    2.6428  N  0  0  0  0  0
  1  5  1  0  0  0
  1  2  1  0  0  0
  2  3  1  0  0  0
  3  4  1  0  0  0
  4  5  2  0  0  0
M  END
$$$$
N1=CNNC1
  -ISIS-

  5  5  0  0  0  0  0  0  0  0  1
   -0.5519    2.4201   -1.4814  N  0  0  0  0  0
   -0.5902    1.6411   -2.6178  C  0  0  0  0  0
   -1.4492    2.1952   -3.5523  N  0  0  0  0  0
   -2.1619    3.1982   -2.8878  N  0  0  0  0  0
   -1.4816    3.3069   -1.6939  C  0  0  0  0  0
  1  5  2  0  0  0
  1  2  1  0  0  0
  2  3  1  0  0  0
  3  4  1  0  0  0
  4  5  1  0  0  0
M  END
$$$$
N1=CNNC1
  -ISIS-

  5  5  0  0  0  0  0  0  0  0  1
   -0.5519    2.4201   -1.4814  N  0  0  0  0  0
   -0.5902    1.6411   -2.6178  C  0  0  0  0  0
   -1.4492    2.1952   -3.5523  N  0  0  0  0  0
   -2.1619    3.1982   -2.8878  N  0  0  0  0  0
   -1.4816    3.3069   -1.6939  C  0  0  0  0  0
  1  5  2  0  0  0
  1  2  1  0  0  0
  2  3  1  0  0  0
  3  4  1  0  0  0
  4  5  1  0  0  0
M  END
$$$$
N1=CNNC1
  -ISIS-

  5  5  0  0  0  0  0  0  0  0  1
   -0.5519    2.4201   -1.4814  N  0  0  0  0  0
   -0.5902    1.6411   -2.6178  C  0  0  0  0  0
   -1.4492    2.1952   -3.5523  N  0  0  0  0  0
   -2.1619    3.1982   -2.8878  N  0  0  0  0  0
   -1.4816    3.3069   -1.6939  C  0  0  0  0  0
  1  5  2  0  0  0
  1  2  1  0  0  0
  2  3  1  0  0  0
  3  4  1  0  0  0
  4  5  1  0  0  0
M  END
$$$$
N1=CNNC1
  -ISIS-

  5  5  0  0  0  0  0  0  0  0  1
   -0.5486    4.0187    0.3883  N  0  0  0  0  0
    0.0493    3.5012    1.5499  N  0  0  0  0  0
   -1.0331    3.3364    2.3998  C  0  0  0  0  0
   -2.1614    3.8185    1.9413  N  0  0  0  0  0
   -1.8541    4.3420    0.7070  C  0  0  0  0  0
  1  5  1  0  0  0
  1  2  1  0  0  0
  2  3  1  0  0  0
  3  4  2  0  0  0
  4  5  1  0  0  0
M  END
$$$$
N1=CNNC1
  -ISIS-

  5  5  0  0  0  0  0  0  0  0  1
   -0.5486    4.0187    0.3883  N  0  0  0  0  0
    0.0493    3.5012    1.5499  N  0  0  0  0  0
   -1.0331    3.3364    2.3998  C  0  0  0  0  0
   -2.1614    3.8185    1.9413  N  0  0  0  0  0
   -1.8541    4.3420    0.7070  C  0  0  0  0  0
  1  5  1  0  0  0
  1  2  1  0  0  0
  2  3  1  0  0  0
  3  4  2  0  0  0
  4  5  1  0  0  0
M  END
$$$$
N1=CNNC1
  -ISIS-

  5  5  0  0  0  0  0  0  0  0  1
   -1.6632    4.8784    3.8894  N  0  0  0  0  0
   -0.7834    4.0862    4.6455  N  0  0  0  0  0
   -1.0555    2.8066    4.1869  C  0  0  0  0  0
   -1.8728    2.7608    3.1637  N  0  0  0  0  0
   -2.1923    4.0720    2.8993  C  0  0  0  0  0
  1  5  1  0  0  0
  1  2  1  0  0  0
  2  3  1  0  0  0
  3  4  2  0  0  0
  4  5  1  0  0  0
M  END
$$$$
N1=CNNC1
  -ISIS-

  5  5  0  0  0  0  0  0  0  0  1
   -1.6632    4.8784    3.8894  N  0  0  0  0  0
   -0.7834    4.0862    4.6455  N  0  0  0  0  0
   -1.0555    2.8066    4.1869  C  0  0  0  0  0
   -1.8728    2.7608    3.1637  N  0  0  0  0  0
   -2.1923    4.0720    2.8993  C  0  0  0  0  0
  1  5  1  0  0  0
  1  2  1  0  0  0
  2  3  1  0  0  0
  3  4  2  0  0  0
  4  5  1  0  0  0
M  END
$$$$
N1=CNNC1
  -ISIS-

  5  5  0  0  0  0  0  0  0  0  1
   -5.5264    2.7961   -2.8093  C  0  0  0  0  0
   -4.5588    3.1289   -3.7236  N  0  0  0  0  0
   -3.3978    2.5505   -3.2460  N  0  0  0  0  0
   -3.8139    1.7323   -2.1938  C  0  0  0  0  0
   -5.0928    1.8656   -1.8986  N  0  0  0  0  0
  1  5  1  0  0  0
  1  2  1  0  0  0
  2  3  1  0  0  0
  3  4  1  0  0  0
  4  5  2  0  0  0
M  END
$$$$
N1=CNNC1
  -ISIS-

  5  5  0  0  0  0  0  0  0  0  1
   -5.5264    2.7961   -2.8093  C  0  0  0  0  0
   -4.5588    3.1289   -3.7236  N  0  0  0  0  0
   -3.3978    2.5505   -3.2460  N  0  0  0  0  0
   -3.8139    1.7323   -2.1938  C  0  0  0  0  0
   -5.0928    1.8656   -1.8986  N  0  0  0  0  0
  1  5  1  0  0  0
  1  2  1  0  0  0
  2  3  1  0  0  0
  3  4  1  0  0  0
  4  5  2  0  0  0
M  END
$$$$
N1=CNNC1
  -ISIS-

  5  5  0  0  0  0  0  0  0  0  1
   -3.8419   -3.4811   -1.3845  C  0  0  0  0  0
   -4.0266   -2.9030   -2.6153  N  0  0  0  0  0
   -3.3899   -1.6785   -2.5372  N  0  0  0  0  0
   -2.6880   -1.7179   -1.3308  C  0  0  0  0  0
   -2.9478   -2.7894   -0.6065  N  0  0  0  0  0
  1  5  1  0  0  0
  1  2  1  0  0  0
  2  3  1  0  0  0
  3  4  1  0  0  0
  4  5  2  0  0  0
M  END
$$$$
N1=CNNC1
  -ISIS-

  5  5  0  0  0  0  0  0  0  0  1
   -3.8419   -3.4811   -1.3845  C  0  0  0  0  0
   -4.0266   -2.9030   -2.6153  N  0  0  0  0  0
   -3.3899   -1.6785   -2.5372  N  0  0  0  0  0
   -2.6880   -1.7179   -1.3308  C  0  0  0  0  0
   -2.9478   -2.7894   -0.6065  N  0  0  0  0  0
  1  5  1  0  0  0
  1  2  1  0  0  0
  2  3  1  0  0  0
  3  4  1  0  0  0
  4  5  2  0  0  0
M  END
$$$$
N1=CNNC1
  -ISIS-

  5  5  0  0  0  0  0  0  0  0  1
    5.7892   -1.6331   -1.6459  C  0  0  0  0  0
    6.3310   -1.8344   -2.9054  N  0  0  0  0  0
    7.1523   -2.9580   -2.7059  N  0  0  0  0  0
    6.8473   -3.4745   -1.4592  C  0  0  0  0  0
    6.0671   -2.5712   -0.7767  N  0  0  0  0  0
  1  5  2  0  0  0
  1  2  1  0  0  0
  2  3  1  0  0  0
  3  4  1  0  0  0
  4  5  1  0  0  0
M  END
$$$$
N1=CNNC1
  -ISIS-

  5  5  0  0  0  0  0  0  0  0  1
    5.7892   -1.6331   -1.6459  C  0  0  0  0  0
    6.3310   -1.8344   -2.9054  N  0  0  0  0  0
    7.1523   -2.9580   -2.7059  N  0  0  0  0  0
    6.8473   -3.4745   -1.4592  C  0  0  0  0  0
    6.0671   -2.5712   -0.7767  N  0  0  0  0  0
  1  5  2  0  0  0
  1  2  1  0  0  0
  2  3  1  0  0  0
  3  4  1  0  0  0
  4  5  1  0  0  0
M  END
$$$$
N1=CNNC1
  -ISIS-

  5  5  0  0  0  0  0  0  0  0  1
   -3.2581    3.7689    1.6007  N  0  0  0  0  0
   -2.8743    5.0837    1.7677  C  0  0  0  0  0
   -1.6278    5.2818    2.0890  N  0  0  0  0  0
   -1.0736    4.0157    2.2116  C  0  0  0  0  0
   -2.0684    3.0819    1.9258  N  0  0  0  0  0
  1  5  1  0  0  0
  1  2  1  0  0  0
  2  3  2  0  0  0
  3  4  1  0  0  0
  4  5  1  0  0  0
M  END
$$$$
N1=CNNC1
  -ISIS-

  5  5  0  0  0  0  0  0  0  0  1
   -3.2581    3.7689    1.6007  N  0  0  0  0  0
   -2.8743    5.0837    1.7677  C  0  0  0  0  0
   -1.6278    5.2818    2.0890  N  0  0  0  0  0
   -1.0736    4.0157    2.2116  C  0  0  0  0  0
   -2.0684    3.0819    1.9258  N  0  0  0  0  0
  1  5  1  0  0  0
  1  2  1  0  0  0
  2  3  2  0  0  0
  3  4  1  0  0  0
  4  5  1  0  0  0
M  END
$$$$
N1=CNNC1
  -ISIS-

  5  5  0  0  0  0  0  0  0  0  1
   -3.2581    3.7689    1.6007  N  0  0  0  0  0
   -2.8743    5.0837    1.7677  C  0  0  0  0  0
   -1.6278    5.2818    2.0890  N  0  0  0  0  0
   -1.0736    4.0157    2.2116  C  0  0  0  0  0
   -2.0684    3.0819    1.9258  N  0  0  0  0  0
  1  5  1  0  0  0
  1  2  1  0  0  0
  2  3  2  0  0  0
  3  4  1  0  0  0
  4  5  1  0  0  0
M  END
$$$$
N1=CNNC1
  -ISIS-

  5  5  0  0  0  0  0  0  0  0  1
    6.8894    2.9932    3.4273  C  0  0  0  0  0
    5.6731    3.5464    3.7397  N  0  0  0  0  0
    4.7898    3.0184    2.8167  N  0  0  0  0  0
    5.5966    2.3570    1.8887  C  0  0  0  0  0
    6.8692    2.3156    2.2341  N  0  0  0  0  0
  1  5  1  0  0  0
  1  2  1  0  0  0
  2  3  1  0  0  0
  3  4  1  0  0  0
  4  5  2  0  0  0
M  END
$$$$
N1=CNNC1
  -ISIS-

  5  5  0  0  0  0  0  0  0  0  1
    6.8894    2.9932    3.4273  C  0  0  0  0  0
    5.6731    3.5464    3.7397  N  0  0  0  0  0
    4.7898    3.0184    2.8167  N  0  0  0  0  0
    5.5966    2.3570    1.8887  C  0  0  0  0  0
    6.8692    2.3156    2.2341  N  0  0  0  0  0
  1  5  1  0  0  0
  1  2  1  0  0  0
  2  3  1  0  0  0
  3  4  1  0  0  0
  4  5  2  0  0  0
M  END
$$$$
N1=CNNC1
  -ISIS-

  5  5  0  0  0  0  0  0  0  0  1
   -2.3968    4.1715    1.7514  N  0  0  0  0  0
   -3.5211    4.4627    2.5143  C  0  0  0  0  0
   -4.3013    3.4540    2.7169  N  0  0  0  0  0
   -3.6361    2.4266    2.1058  C  0  0  0  0  0
   -2.5281    2.8124    1.4052  N  0  0  0  0  0
  1  5  1  0  0  0
  1  2  1  0  0  0
  2  3  2  0  0  0
  3  4  1  0  0  0
  4  5  1  0  0  0
M  END
$$$$
N1=CNNC1
  -ISIS-

  5  5  0  0  0  0  0  0  0  0  1
   -2.3968    4.1715    1.7514  N  0  0  0  0  0
   -3.5211    4.4627    2.5143  C  0  0  0  0  0
   -4.3013    3.4540    2.7169  N  0  0  0  0  0
   -3.6361    2.4266    2.1058  C  0  0  0  0  0
   -2.5281    2.8124    1.4052  N  0  0  0  0  0
  1  5  1  0  0  0
  1  2  1  0  0  0
  2  3  2  0  0  0
  3  4  1  0  0  0
  4  5  1  0  0  0
M  END
$$$$
N1=CNNC1
  -ISIS-

  5  5  0  0  0  0  0  0  0  0  1
   -1.0967    0.1562   -2.4129  C  0  0  0  0  0
   -0.3749    1.3387   -2.5533  N  0  0  0  0  0
   -0.9627    2.2284   -1.6654  N  0  0  0  0  0
   -2.0039    1.5298   -1.0937  C  0  0  0  0  0
   -2.0632    0.2341   -1.5382  N  0  0  0  0  0
  1  5  2  0  0  0
  1  2  1  0  0  0
  2  3  1  0  0  0
  3  4  1  0  0  0
  4  5  1  0  0  0
M  END
$$$$
N1=CNNC1
  -ISIS-

  5  5  0  0  0  0  0  0  0  0  1
   -1.0967    0.1562   -2.4129  C  0  0  0  0  0
   -0.3749    1.3387   -2.5533  N  0  0  0  0  0
   -0.9627    2.2284   -1.6654  N  0  0  0  0  0
   -2.0039    1.5298   -1.0937  C  0  0  0  0  0
   -2.0632    0.2341   -1.5382  N  0  0  0  0  0
  1  5  2  0  0  0
  1  2  1  0  0  0
  2  3  1  0  0  0
  3  4  1  0  0  0
  4  5  1  0  0  0
M  END
$$$$
N1=CNNC1
  -ISIS-

  5  5  0  0  0  0  0  0  0  0  1
   -3.7973   -1.6715    1.5857  N  0  0  0  0  0
   -4.2328   -0.4689    1.0037  N  0  0  0  0  0
   -3.4002   -0.3467   -0.0976  C  0  0  0  0  0
   -2.4463   -1.2422   -0.1589  N  0  0  0  0  0
   -2.6233   -2.0334    0.9524  C  0  0  0  0  0
  1  5  1  0  0  0
  1  2  1  0  0  0
  2  3  1  0  0  0
  3  4  2  0  0  0
  4  5  1  0  0  0
M  END
$$$$
N1=CNNC1
  -ISIS-

  5  5  0  0  0  0  0  0  0  0  1
   -3.7973   -1.6715    1.5857  N  0  0  0  0  0
   -4.2328   -0.4689    1.0037  N  0  0  0  0  0
   -3.4002   -0.3467   -0.0976  C  0  0  0  0  0
   -2.4463   -1.2422   -0.1589  N  0  0  0  0  0
   -2.6233   -2.0334    0.9524  C  0  0  0  0  0
  1  5  1  0  0  0
  1  2  1  0  0  0
  2  3  1  0  0  0
  3  4  2  0  0  0
  4  5  1  0  0  0
M  END
$$$$
N1=CNNC1
  -ISIS-

  5  5  0  0  0  0  0  0  0  0  1
   -3.9377    0.1458   -4.2290  C  0  0  0  0  0
   -3.2854   -0.2352   -3.0832  N  0  0  0  0  0
   -2.0560    0.3899   -3.1570  N  0  0  0  0  0
   -2.1587    1.2626   -4.2253  C  0  0  0  0  0
   -3.2817    1.1463   -4.9031  N  0  0  0  0  0
  1  5  1  0  0  0
  1  2  1  0  0  0
  2  3  1  0  0  0
  3  4  1  0  0  0
  4  5  2  0  0  0
M  END
$$$$
N1=CNNC1
  -ISIS-

  5  5  0  0  0  0  0  0  0  0  1
   -3.9377    0.1458   -4.2290  C  0  0  0  0  0
   -3.2854   -0.2352   -3.0832  N  0  0  0  0  0
   -2.0560    0.3899   -3.1570  N  0  0  0  0  0
   -2.1587    1.2626   -4.2253  C  0  0  0  0  0
   -3.2817    1.1463   -4.9031  N  0  0  0  0  0
  1  5  1  0  0  0
  1  2  1  0  0  0
  2  3  1  0  0  0
  3  4  1  0  0  0
  4  5  2  0  0  0
M  END
$$$$
N1=CNNC1
  -ISIS-

  5  5  0  0  0  0  0  0  0  0  1
   -5.2098    0.7562    6.4567  C  0  0  0  0  0
   -5.1447    1.7776    7.3878  N  0  0  0  0  0
   -6.4603    1.8333    7.8652  N  0  0  0  0  0
   -7.1016    0.6889    7.4217  C  0  0  0  0  0
   -6.3250    0.0718    6.4644  N  0  0  0  0  0
  1  5  2  0  0  0
  1  2  1  0  0  0
  2  3  1  0  0  0
  3  4  1  0  0  0
  4  5  1  0  0  0
M  END
$$$$
N1=CNNC1
  -ISIS-

  5  5  0  0  0  0  0  0  0  0  1
   -5.2098    0.7562    6.4567  C  0  0  0  0  0
   -5.1447    1.7776    7.3878  N  0  0  0  0  0
   -6.4603    1.8333    7.8652  N  0  0  0  0  0
   -7.1016    0.6889    7.4217  C  0  0  0  0  0
   -6.3250    0.0718    6.4644  N  0  0  0  0  0
  1  5  2  0  0  0
  1  2  1  0  0  0
  2  3  1  0  0  0
  3  4  1  0  0  0
  4  5  1  0  0  0
M  END
$$$$
N1=CNNC1
  -ISIS-

  5  5  0  0  0  0  0  0  0  0  1
    0.7839   -5.5714    2.0302  N  0  0  0  0  0
    0.6254   -6.6497    1.1702  C  0  0  0  0  0
    0.2518   -6.3221   -0.0211  N  0  0  0  0  0
    0.1202   -4.9638    0.0609  C  0  0  0  0  0
    0.5215   -4.4197    1.2532  N  0  0  0  0  0
  1  5  1  0  0  0
  1  2  1  0  0  0
  2  3  2  0  0  0
  3  4  1  0  0  0
  4  5  1  0  0  0
M  END
$$$$
N1=CNNC1
  -ISIS-

  5  5  0  0  0  0  0  0  0  0  1
    0.7839   -5.5714    2.0302  N  0  0  0  0  0
    0.6254   -6.6497    1.1702  C  0  0  0  0  0
    0.2518   -6.3221   -0.0211  N  0  0  0  0  0
    0.1202   -4.9638    0.0609  C  0  0  0  0  0
    0.5215   -4.4197    1.2532  N  0  0  0  0  0
  1  5  1  0  0  0
  1  2  1  0  0  0
  2  3  2  0  0  0
  3  4  1  0  0  0
  4  5  1  0  0  0
M  END
$$$$
N1=CNNC1
  -ISIS-

  5  5  0  0  0  0  0  0  0  0  1
   -1.4332   -1.3706   -4.0400  C  0  0  0  0  0
   -2.4633   -0.6619   -4.6301  N  0  0  0  0  0
   -2.3673    0.5943   -4.0112  N  0  0  0  0  0
   -1.5048    0.4488   -2.9395  C  0  0  0  0  0
   -0.8545   -0.7587   -3.0390  N  0  0  0  0  0
  1  5  2  0  0  0
  1  2  1  0  0  0
  2  3  1  0  0  0
  3  4  1  0  0  0
  4  5  1  0  0  0
M  END
$$$$
N1=CNNC1
  -ISIS-

  5  5  0  0  0  0  0  0  0  0  1
   -1.4332   -1.3706   -4.0400  C  0  0  0  0  0
   -2.4633   -0.6619   -4.6301  N  0  0  0  0  0
   -2.3673    0.5943   -4.0112  N  0  0  0  0  0
   -1.5048    0.4488   -2.9395  C  0  0  0  0  0
   -0.8545   -0.7587   -3.0390  N  0  0  0  0  0
  1  5  2  0  0  0
  1  2  1  0  0  0
  2  3  1  0  0  0
  3  4  1  0  0  0
  4  5  1  0  0  0
M  END
$$$$
N1=CNNC1
  -ISIS-

  5  5  0  0  0  0  0  0  0  0  1
    2.5143   -1.1723   -0.9963  C  0  0  0  0  0
    1.9458   -1.9212   -2.0141  N  0  0  0  0  0
    0.5759   -1.8005   -1.7444  N  0  0  0  0  0
    0.4543   -1.2499   -0.4803  C  0  0  0  0  0
    1.6803   -0.7719   -0.0718  N  0  0  0  0  0
  1  5  2  0  0  0
  1  2  1  0  0  0
  2  3  1  0  0  0
  3  4  1  0  0  0
  4  5  1  0  0  0
M  END
$$$$
N1=CNNC1
  -ISIS-

  5  5  0  0  0  0  0  0  0  0  1
    2.5143   -1.1723   -0.9963  C  0  0  0  0  0
    1.9458   -1.9212   -2.0141  N  0  0  0  0  0
    0.5759   -1.8005   -1.7444  N  0  0  0  0  0
    0.4543   -1.2499   -0.4803  C  0  0  0  0  0
    1.6803   -0.7719   -0.0718  N  0  0  0  0  0
  1  5  2  0  0  0
  1  2  1  0  0  0
  2  3  1  0  0  0
  3  4  1  0  0  0
  4  5  1  0  0  0
M  END
$$$$
N1=CNNC1
  -ISIS-

  5  5  0  0  0  0  0  0  0  0  1
   -9.1776   -2.7082   -1.3862  N  0  0  0  0  0
   -9.8901   -2.7581   -0.1871  N  0  0  0  0  0
  -11.0845   -2.1812   -0.5107  C  0  0  0  0  0
  -11.2638   -1.9135   -1.7704  N  0  0  0  0  0
  -10.0881   -2.3315   -2.3620  C  0  0  0  0  0
  1  5  1  0  0  0
  1  2  1  0  0  0
  2  3  1  0  0  0
  3  4  2  0  0  0
  4  5  1  0  0  0
M  END
$$$$
N1=CNNC1
  -ISIS-

  5  5  0  0  0  0  0  0  0  0  1
   -9.1776   -2.7082   -1.3862  N  0  0  0  0  0
   -9.8901   -2.7581   -0.1871  N  0  0  0  0  0
  -11.0845   -2.1812   -0.5107  C  0  0  0  0  0
  -11.2638   -1.9135   -1.7704  N  0  0  0  0  0
  -10.0881   -2.3315   -2.3620  C  0  0  0  0  0
  1  5  1  0  0  0
  1  2  1  0  0  0
  2  3  1  0  0  0
  3  4  2  0  0  0
  4  5  1  0  0  0
M  END
$$$$
N1=CNNC1
  -ISIS-

  5  5  0  0  0  0  0  0  0  0  1
    5.4814   -1.2731   -1.0365  C  0  0  0  0  0
    5.8240   -1.0271    0.2831  N  0  0  0  0  0
    5.7975    0.3776    0.3454  N  0  0  0  0  0
    5.2137    0.8313   -0.8238  C  0  0  0  0  0
    5.1179   -0.2138   -1.7127  N  0  0  0  0  0
  1  5  2  0  0  0
  1  2  1  0  0  0
  2  3  1  0  0  0
  3  4  1  0  0  0
  4  5  1  0  0  0
M  END
$$$$
N1=CNNC1
  -ISIS-

  5  5  0  0  0  0  0  0  0  0  1
    5.4814   -1.2731   -1.0365  C  0  0  0  0  0
    5.8240   -1.0271    0.2831  N  0  0  0  0  0
    5.7975    0.3776    0.3454  N  0  0  0  0  0
    5.2137    0.8313   -0.8238  C  0  0  0  0  0
    5.1179   -0.2138   -1.7127  N  0  0  0  0  0
  1  5  2  0  0  0
  1  2  1  0  0  0
  2  3  1  0  0  0
  3  4  1  0  0  0
  4  5  1  0  0  0
M  END
$$$$
N1=CNNC1
  -ISIS-

  5  5  0  0  0  0  0  0  0  0  1
    1.4793   -5.6859   -3.2245  C  0  0  0  0  0
    2.6938   -6.3461   -3.2124  N  0  0  0  0  0
    2.7076   -7.0017   -4.4508  N  0  0  0  0  0
    1.6794   -6.4670   -5.2040  C  0  0  0  0  0
    0.8680   -5.7170   -4.3837  N  0  0  0  0  0
  1  5  2  0  0  0
  1  2  1  0  0  0
  2  3  1  0  0  0
  3  4  1  0  0  0
  4  5  1  0  0  0
M  END
$$$$
N1=CNNC1
  -ISIS-

  5  5  0  0  0  0  0  0  0  0  1
    1.4793   -5.6859   -3.2245  C  0  0  0  0  0
    2.6938   -6.3461   -3.2124  N  0  0  0  0  0
    2.7076   -7.0017   -4.4508  N  0  0  0  0  0
    1.6794   -6.4670   -5.2040  C  0  0  0  0  0
    0.8680   -5.7170   -4.3837  N  0  0  0  0  0
  1  5  2  0  0  0
  1  2  1  0  0  0
  2  3  1  0  0  0
  3  4  1  0  0  0
  4  5  1  0  0  0
M  END
$$$$
N1=CNNC1
  -ISIS-

  5  5  0  0  0  0  0  0  0  0  1
   -6.0287    4.7624   -7.7503  C  0  0  0  0  0
   -6.2633    5.7957   -6.8587  N  0  0  0  0  0
   -5.5060    5.5413   -5.8323  C  0  0  0  0  0
   -4.8011    4.3685   -5.8905  N  0  0  0  0  0
   -5.0963    3.9149   -7.1816  N  0  0  0  0  0
  1  5  1  0  0  0
  1  2  1  0  0  0
  2  3  2  0  0  0
  3  4  1  0  0  0
  4  5  1  0  0  0
M  END
$$$$
N1=CNNC1
  -ISIS-

  5  5  0  0  0  0  0  0  0  0  1
   -6.0287    4.7624   -7.7503  C  0  0  0  0  0
   -6.2633    5.7957   -6.8587  N  0  0  0  0  0
   -5.5060    5.5413   -5.8323  C  0  0  0  0  0
   -4.8011    4.3685   -5.8905  N  0  0  0  0  0
   -5.0963    3.9149   -7.1816  N  0  0  0  0  0
  1  5  1  0  0  0
  1  2  1  0  0  0
  2  3  2  0  0  0
  3  4  1  0  0  0
  4  5  1  0  0  0
M  END
$$$$
N1=CNNC1
  -ISIS-

  5  5  0  0  0  0  0  0  0  0  1
   -6.0287    4.7624   -7.7503  C  0  0  0  0  0
   -6.2633    5.7957   -6.8587  N  0  0  0  0  0
   -5.5060    5.5413   -5.8323  C  0  0  0  0  0
   -4.8011    4.3685   -5.8905  N  0  0  0  0  0
   -5.0963    3.9149   -7.1816  N  0  0  0  0  0
  1  5  1  0  0  0
  1  2  1  0  0  0
  2  3  2  0  0  0
  3  4  1  0  0  0
  4  5  1  0  0  0
M  END
$$$$
N1=CNNC1
  -ISIS-

  5  5  0  0  0  0  0  0  0  0  1
   -0.5954    0.7044    1.7553  N  0  0  0  0  0
    0.1473    0.0643    0.7902  C  0  0  0  0  0
    0.3335    0.7137   -0.3163  N  0  0  0  0  0
   -0.3044    1.9326   -0.1450  C  0  0  0  0  0
   -0.8663    1.9376    1.1255  N  0  0  0  0  0
  1  5  1  0  0  0
  1  2  1  0  0  0
  2  3  2  0  0  0
  3  4  1  0  0  0
  4  5  1  0  0  0
M  END
$$$$
N1=CNNC1
  -ISIS-

  5  5  0  0  0  0  0  0  0  0  1
   -0.5954    0.7044    1.7553  N  0  0  0  0  0
    0.1473    0.0643    0.7902  C  0  0  0  0  0
    0.3335    0.7137   -0.3163  N  0  0  0  0  0
   -0.3044    1.9326   -0.1450  C  0  0  0  0  0
   -0.8663    1.9376    1.1255  N  0  0  0  0  0
  1  5  1  0  0  0
  1  2  1  0  0  0
  2  3  2  0  0  0
  3  4  1  0  0  0
  4  5  1  0  0  0
M  END
$$$$
N1=CNNC1
  -ISIS-

  5  5  0  0  0  0  0  0  0  0  1
   -0.5954    0.7044    1.7553  N  0  0  0  0  0
    0.1473    0.0643    0.7902  C  0  0  0  0  0
    0.3335    0.7137   -0.3163  N  0  0  0  0  0
   -0.3044    1.9326   -0.1450  C  0  0  0  0  0
   -0.8663    1.9376    1.1255  N  0  0  0  0  0
  1  5  1  0  0  0
  1  2  1  0  0  0
  2  3  2  0  0  0
  3  4  1  0  0  0
  4  5  1  0  0  0
M  END
$$$$
N1=CNNC1
  -ISIS-

  5  5  0  0  0  0  0  0  0  0  1
    1.5335   -8.3058    1.3362  N  0  0  0  0  0
    1.5038   -9.6929    1.4340  N  0  0  0  0  0
    2.7406  -10.0327    1.9546  C  0  0  0  0  0
    3.5759   -8.9436    2.0705  N  0  0  0  0  0
    2.8186   -7.9595    1.6804  C  0  0  0  0  0
  1  5  1  0  0  0
  1  2  1  0  0  0
  2  3  1  0  0  0
  3  4  1  0  0  0
  4  5  2  0  0  0
M  END
$$$$
N1=CNNC1
  -ISIS-

  5  5  0  0  0  0  0  0  0  0  1
    1.5335   -8.3058    1.3362  N  0  0  0  0  0
    1.5038   -9.6929    1.4340  N  0  0  0  0  0
    2.7406  -10.0327    1.9546  C  0  0  0  0  0
    3.5759   -8.9436    2.0705  N  0  0  0  0  0
    2.8186   -7.9595    1.6804  C  0  0  0  0  0
  1  5  1  0  0  0
  1  2  1  0  0  0
  2  3  1  0  0  0
  3  4  1  0  0  0
  4  5  2  0  0  0
M  END
$$$$
N1=CNNC1
  -ISIS-

  5  5  0  0  0  0  0  0  0  0  1
    1.6920   -9.0476   -4.0846  C  0  0  0  0  0
    1.1223   -8.9997   -5.3488  N  0  0  0  0  0
    1.3451   -7.6952   -5.8285  N  0  0  0  0  0
    1.9796   -7.0931   -4.7729  C  0  0  0  0  0
    2.2650   -7.8513   -3.7502  N  0  0  0  0  0
  1  5  1  0  0  0
  1  2  1  0  0  0
  2  3  1  0  0  0
  3  4  1  0  0  0
  4  5  2  0  0  0
M  END
$$$$
N1=CNNC1
  -ISIS-

  5  5  0  0  0  0  0  0  0  0  1
    1.6920   -9.0476   -4.0846  C  0  0  0  0  0
    1.1223   -8.9997   -5.3488  N  0  0  0  0  0
    1.3451   -7.6952   -5.8285  N  0  0  0  0  0
    1.9796   -7.0931   -4.7729  C  0  0  0  0  0
    2.2650   -7.8513   -3.7502  N  0  0  0  0  0
  1  5  1  0  0  0
  1  2  1  0  0  0
  2  3  1  0  0  0
  3  4  1  0  0  0
  4  5  2  0  0  0
M  END
$$$$
N1=CNNC1
  -ISIS-

  5  5  0  0  0  0  0  0  0  0  1
    1.6920   -9.0476   -4.0846  C  0  0  0  0  0
    1.1223   -8.9997   -5.3488  N  0  0  0  0  0
    1.3451   -7.6952   -5.8285  N  0  0  0  0  0
    1.9796   -7.0931   -4.7729  C  0  0  0  0  0
    2.2650   -7.8513   -3.7502  N  0  0  0  0  0
  1  5  1  0  0  0
  1  2  1  0  0  0
  2  3  1  0  0  0
  3  4  1  0  0  0
  4  5  2  0  0  0
M  END
$$$$
N1=CNNC1
  -ISIS-

  5  5  0  0  0  0  0  0  0  0  1
    1.7725   -2.0364    5.7171  C  0  0  0  0  0
    2.2525   -1.5528    4.5085  N  0  0  0  0  0
    1.4193   -2.0912    3.5116  N  0  0  0  0  0
    0.4728   -2.7591    4.2450  C  0  0  0  0  0
    0.6611   -2.8130    5.5351  N  0  0  0  0  0
  1  5  1  0  0  0
  1  2  1  0  0  0
  2  3  1  0  0  0
  3  4  1  0  0  0
  4  5  2  0  0  0
M  END
$$$$
N1=CNNC1
  -ISIS-

  5  5  0  0  0  0  0  0  0  0  1
    1.7725   -2.0364    5.7171  C  0  0  0  0  0
    2.2525   -1.5528    4.5085  N  0  0  0  0  0
    1.4193   -2.0912    3.5116  N  0  0  0  0  0
    0.4728   -2.7591    4.2450  C  0  0  0  0  0
    0.6611   -2.8130    5.5351  N  0  0  0  0  0
  1  5  1  0  0  0
  1  2  1  0  0  0
  2  3  1  0  0  0
  3  4  1  0  0  0
  4  5  2  0  0  0
M  END
$$$$
N1=CNNC1
  -ISIS-

  5  5  0  0  0  0  0  0  0  0  1
    1.7725   -2.0364    5.7171  C  0  0  0  0  0
    2.2525   -1.5528    4.5085  N  0  0  0  0  0
    1.4193   -2.0912    3.5116  N  0  0  0  0  0
    0.4728   -2.7591    4.2450  C  0  0  0  0  0
    0.6611   -2.8130    5.5351  N  0  0  0  0  0
  1  5  1  0  0  0
  1  2  1  0  0  0
  2  3  1  0  0  0
  3  4  1  0  0  0
  4  5  2  0  0  0
M  END
$$$$
N1=CNNC1
  -ISIS-

  5  5  0  0  0  0  0  0  0  0  1
    4.2988   -9.3917   -3.7143  C  0  0  0  0  0
    4.3326   -9.2165   -5.0952  N  0  0  0  0  0
    5.4211   -8.3543   -5.3349  N  0  0  0  0  0
    6.0353   -8.2933   -4.1131  C  0  0  0  0  0
    5.4023   -8.8462   -3.1158  N  0  0  0  0  0
  1  5  1  0  0  0
  1  2  1  0  0  0
  2  3  1  0  0  0
  3  4  1  0  0  0
  4  5  2  0  0  0
M  END
$$$$
N1=CNNC1
  -ISIS-

  5  5  0  0  0  0  0  0  0  0  1
    4.2988   -9.3917   -3.7143  C  0  0  0  0  0
    4.3326   -9.2165   -5.0952  N  0  0  0  0  0
    5.4211   -8.3543   -5.3349  N  0  0  0  0  0
    6.0353   -8.2933   -4.1131  C  0  0  0  0  0
    5.4023   -8.8462   -3.1158  N  0  0  0  0  0
  1  5  1  0  0  0
  1  2  1  0  0  0
  2  3  1  0  0  0
  3  4  1  0  0  0
  4  5  2  0  0  0
M  END
$$$$
N1=CNNC1
  -ISIS-

  5  5  0  0  0  0  0  0  0  0  1
    4.2988   -9.3917   -3.7143  C  0  0  0  0  0
    4.3326   -9.2165   -5.0952  N  0  0  0  0  0
    5.4211   -8.3543   -5.3349  N  0  0  0  0  0
    6.0353   -8.2933   -4.1131  C  0  0  0  0  0
    5.4023   -8.8462   -3.1158  N  0  0  0  0  0
  1  5  1  0  0  0
  1  2  1  0  0  0
  2  3  1  0  0  0
  3  4  1  0  0  0
  4  5  2  0  0  0
M  END
$$$$
N1=CNNC1
  -ISIS-

  5  5  0  0  0  0  0  0  0  0  1
    1.6998   -2.0087    7.2978  C  0  0  0  0  0
    1.3973   -1.3846    6.0940  N  0  0  0  0  0
    0.3263   -2.1110    5.5434  N  0  0  0  0  0
   -0.0182   -2.9534    6.5676  C  0  0  0  0  0
    0.7770   -2.9728    7.6021  N  0  0  0  0  0
  1  5  1  0  0  0
  1  2  1  0  0  0
  2  3  1  0  0  0
  3  4  1  0  0  0
  4  5  2  0  0  0
M  END
$$$$
N1=CNNC1
  -ISIS-

  5  5  0  0  0  0  0  0  0  0  1
    1.6998   -2.0087    7.2978  C  0  0  0  0  0
    1.3973   -1.3846    6.0940  N  0  0  0  0  0
    0.3263   -2.1110    5.5434  N  0  0  0  0  0
   -0.0182   -2.9534    6.5676  C  0  0  0  0  0
    0.7770   -2.9728    7.6021  N  0  0  0  0  0
  1  5  1  0  0  0
  1  2  1  0  0  0
  2  3  1  0  0  0
  3  4  1  0  0  0
  4  5  2  0  0  0
M  END
$$$$
N1=CNNC1
  -ISIS-

  5  5  0  0  0  0  0  0  0  0  1
    1.6998   -2.0087    7.2978  C  0  0  0  0  0
    1.3973   -1.3846    6.0940  N  0  0  0  0  0
    0.3263   -2.1110    5.5434  N  0  0  0  0  0
   -0.0182   -2.9534    6.5676  C  0  0  0  0  0
    0.7770   -2.9728    7.6021  N  0  0  0  0  0
  1  5  1  0  0  0
  1  2  1  0  0  0
  2  3  1  0  0  0
  3  4  1  0  0  0
  4  5  2  0  0  0
M  END
$$$$
N1=CNNC1
  -ISIS-

  5  5  0  0  0  0  0  0  0  0  1
   -5.1200    1.4678    3.1921  N  0  0  0  0  0
   -4.9100    2.7444    2.6443  N  0  0  0  0  0
   -5.6641    2.7035    1.4817  C  0  0  0  0  0
   -6.3986    1.6273    1.3502  N  0  0  0  0  0
   -6.1404    0.8747    2.4729  C  0  0  0  0  0
  1  5  1  0  0  0
  1  2  1  0  0  0
  2  3  1  0  0  0
  3  4  2  0  0  0
  4  5  1  0  0  0
M  END
$$$$
N1=CNNC1
  -ISIS-

  5  5  0  0  0  0  0  0  0  0  1
   -5.1200    1.4678    3.1921  N  0  0  0  0  0
   -4.9100    2.7444    2.6443  N  0  0  0  0  0
   -5.6641    2.7035    1.4817  C  0  0  0  0  0
   -6.3986    1.6273    1.3502  N  0  0  0  0  0
   -6.1404    0.8747    2.4729  C  0  0  0  0  0
  1  5  1  0  0  0
  1  2  1  0  0  0
  2  3  1  0  0  0
  3  4  2  0  0  0
  4  5  1  0  0  0
M  END
$$$$
N1=CNNC1
  -ISIS-

  5  5  0  0  0  0  0  0  0  0  1
    1.9631    4.5795    2.3522  C  0  0  0  0  0
    0.7550    4.2153    1.7777  N  0  0  0  0  0
   -0.1380    5.1572    2.3159  N  0  0  0  0  0
    0.5312    5.8287    3.3219  C  0  0  0  0  0
    1.8694    5.5177    3.2617  N  0  0  0  0  0
  1  5  2  0  0  0
  1  2  1  0  0  0
  2  3  1  0  0  0
  3  4  1  0  0  0
  4  5  1  0  0  0
M  END
$$$$
N1=CNNC1
  -ISIS-

  5  5  0  0  0  0  0  0  0  0  1
    1.9631    4.5795    2.3522  C  0  0  0  0  0
    0.7550    4.2153    1.7777  N  0  0  0  0  0
   -0.1380    5.1572    2.3159  N  0  0  0  0  0
    0.5312    5.8287    3.3219  C  0  0  0  0  0
    1.8694    5.5177    3.2617  N  0  0  0  0  0
  1  5  2  0  0  0
  1  2  1  0  0  0
  2  3  1  0  0  0
  3  4  1  0  0  0
  4  5  1  0  0  0
M  END
$$$$
N1=CNNC1
  -ISIS-

  5  5  0  0  0  0  0  0  0  0  1
   -6.3723    6.1706    2.0692  N  0  0  0  0  0
   -5.4836    6.4161    1.0092  N  0  0  0  0  0
   -5.1778    5.1385    0.5660  C  0  0  0  0  0
   -5.6565    4.1766    1.3164  N  0  0  0  0  0
   -6.3347    4.8136    2.3291  C  0  0  0  0  0
  1  5  1  0  0  0
  1  2  1  0  0  0
  2  3  1  0  0  0
  3  4  2  0  0  0
  4  5  1  0  0  0
M  END
$$$$
N1=CNNC1
  -ISIS-

  5  5  0  0  0  0  0  0  0  0  1
   -6.3723    6.1706    2.0692  N  0  0  0  0  0
   -5.4836    6.4161    1.0092  N  0  0  0  0  0
   -5.1778    5.1385    0.5660  C  0  0  0  0  0
   -5.6565    4.1766    1.3164  N  0  0  0  0  0
   -6.3347    4.8136    2.3291  C  0  0  0  0  0
  1  5  1  0  0  0
  1  2  1  0  0  0
  2  3  1  0  0  0
  3  4  2  0  0  0
  4  5  1  0  0  0
M  END
$$$$
N1=CNNC1
  -ISIS-

  5  5  0  0  0  0  0  0  0  0  1
   -2.3634    2.5827   -2.8344  C  0  0  0  0  0
   -1.5629    3.6048   -2.6910  N  0  0  0  0  0
   -2.0089    4.5200   -3.6204  C  0  0  0  0  0
   -3.1844    4.0596   -4.1885  N  0  0  0  0  0
   -3.3247    2.7151   -3.8158  N  0  0  0  0  0
  1  5  1  0  0  0
  1  2  2  0  0  0
  2  3  1  0  0  0
  3  4  1  0  0  0
  4  5  1  0  0  0
M  END
$$$$
N1=CNNC1
  -ISIS-

  5  5  0  0  0  0  0  0  0  0  1
   -2.3634    2.5827   -2.8344  C  0  0  0  0  0
   -1.5629    3.6048   -2.6910  N  0  0  0  0  0
   -2.0089    4.5200   -3.6204  C  0  0  0  0  0
   -3.1844    4.0596   -4.1885  N  0  0  0  0  0
   -3.3247    2.7151   -3.8158  N  0  0  0  0  0
  1  5  1  0  0  0
  1  2  2  0  0  0
  2  3  1  0  0  0
  3  4  1  0  0  0
  4  5  1  0  0  0
M  END
$$$$
N1=CNNC1
  -ISIS-

  5  5  0  0  0  0  0  0  0  0  1
   -1.0257    2.6070    3.9732  C  0  0  0  0  0
   -1.1995    2.7422    5.2613  N  0  0  0  0  0
   -2.1127    1.7657    5.5936  C  0  0  0  0  0
   -2.3412    0.9612    4.4907  N  0  0  0  0  0
   -1.7716    1.6066    3.3829  N  0  0  0  0  0
  1  5  1  0  0  0
  1  2  2  0  0  0
  2  3  1  0  0  0
  3  4  1  0  0  0
  4  5  1  0  0  0
M  END
$$$$
N1=CNNC1
  -ISIS-

  5  5  0  0  0  0  0  0  0  0  1
   -1.0257    2.6070    3.9732  C  0  0  0  0  0
   -1.1995    2.7422    5.2613  N  0  0  0  0  0
   -2.1127    1.7657    5.5936  C  0  0  0  0  0
   -2.3412    0.9612    4.4907  N  0  0  0  0  0
   -1.7716    1.6066    3.3829  N  0  0  0  0  0
  1  5  1  0  0  0
  1  2  2  0  0  0
  2  3  1  0  0  0
  3  4  1  0  0  0
  4  5  1  0  0  0
M  END
$$$$
N1=CNNC1
  -ISIS-

  5  5  0  0  0  0  0  0  0  0  1
    2.7437   -3.2911   -0.1661  C  0  0  0  0  0
    2.8518   -2.5195   -1.2154  N  0  0  0  0  0
    4.2089   -2.3872   -1.4120  C  0  0  0  0  0
    4.8818   -2.9727   -0.3537  N  0  0  0  0  0
    3.9411   -3.7169    0.3734  N  0  0  0  0  0
  1  5  1  0  0  0
  1  2  2  0  0  0
  2  3  1  0  0  0
  3  4  1  0  0  0
  4  5  1  0  0  0
M  END
$$$$
N1=CNNC1
  -ISIS-

  5  5  0  0  0  0  0  0  0  0  1
    2.7437   -3.2911   -0.1661  C  0  0  0  0  0
    2.8518   -2.5195   -1.2154  N  0  0  0  0  0
    4.2089   -2.3872   -1.4120  C  0  0  0  0  0
    4.8818   -2.9727   -0.3537  N  0  0  0  0  0
    3.9411   -3.7169    0.3734  N  0  0  0  0  0
  1  5  1  0  0  0
  1  2  2  0  0  0
  2  3  1  0  0  0
  3  4  1  0  0  0
  4  5  1  0  0  0
M  END
$$$$
N1=CNNC1
  -ISIS-

  5  5  0  0  0  0  0  0  0  0  1
    3.1018   -5.5916    1.3249  C  0  0  0  0  0
    3.6320   -5.3900    0.1473  N  0  0  0  0  0
    4.9309   -5.8322    0.2701  C  0  0  0  0  0
    5.0959   -6.4265    1.5096  N  0  0  0  0  0
    3.9626   -6.1094    2.2718  N  0  0  0  0  0
  1  5  1  0  0  0
  1  2  2  0  0  0
  2  3  1  0  0  0
  3  4  1  0  0  0
  4  5  1  0  0  0
M  END
$$$$
N1=CNNC1
  -ISIS-

  5  5  0  0  0  0  0  0  0  0  1
    3.1018   -5.5916    1.3249  C  0  0  0  0  0
    3.6320   -5.3900    0.1473  N  0  0  0  0  0
    4.9309   -5.8322    0.2701  C  0  0  0  0  0
    5.0959   -6.4265    1.5096  N  0  0  0  0  0
    3.9626   -6.1094    2.2718  N  0  0  0  0  0
  1  5  1  0  0  0
  1  2  2  0  0  0
  2  3  1  0  0  0
  3  4  1  0  0  0
  4  5  1  0  0  0
M  END
$$$$
N1=CNNC1
  -ISIS-

  5  5  0  0  0  0  0  0  0  0  1
   -5.7021   -4.0578    2.4075  C  0  0  0  0  0
   -5.6338   -3.8054    3.7647  N  0  0  0  0  0
   -6.3620   -4.8672    4.3114  N  0  0  0  0  0
   -7.0345   -5.4756    3.2648  C  0  0  0  0  0
   -6.5293   -5.0136    2.0683  N  0  0  0  0  0
  1  5  2  0  0  0
  1  2  1  0  0  0
  2  3  1  0  0  0
  3  4  1  0  0  0
  4  5  1  0  0  0
M  END
$$$$
N1=CNNC1
  -ISIS-

  5  5  0  0  0  0  0  0  0  0  1
   -5.7021   -4.0578    2.4075  C  0  0  0  0  0
   -5.6338   -3.8054    3.7647  N  0  0  0  0  0
   -6.3620   -4.8672    4.3114  N  0  0  0  0  0
   -7.0345   -5.4756    3.2648  C  0  0  0  0  0
   -6.5293   -5.0136    2.0683  N  0  0  0  0  0
  1  5  2  0  0  0
  1  2  1  0  0  0
  2  3  1  0  0  0
  3  4  1  0  0  0
  4  5  1  0  0  0
M  END
$$$$
N1=CNNC1
  -ISIS-

  5  5  0  0  0  0  0  0  0  0  1
    1.3738   -0.2026    4.0305  C  0  0  0  0  0
    2.2748    0.0271    3.0976  N  0  0  0  0  0
    1.9078   -0.8357    2.0977  C  0  0  0  0  0
    0.7386   -1.4932    2.3699  N  0  0  0  0  0
    0.3868   -1.1296    3.6702  N  0  0  0  0  0
  1  5  1  0  0  0
  1  2  2  0  0  0
  2  3  1  0  0  0
  3  4  1  0  0  0
  4  5  1  0  0  0
M  END
$$$$
N1=CNNC1
  -ISIS-

  5  5  0  0  0  0  0  0  0  0  1
    1.3738   -0.2026    4.0305  C  0  0  0  0  0
    2.2748    0.0271    3.0976  N  0  0  0  0  0
    1.9078   -0.8357    2.0977  C  0  0  0  0  0
    0.7386   -1.4932    2.3699  N  0  0  0  0  0
    0.3868   -1.1296    3.6702  N  0  0  0  0  0
  1  5  1  0  0  0
  1  2  2  0  0  0
  2  3  1  0  0  0
  3  4  1  0  0  0
  4  5  1  0  0  0
M  END
$$$$
N1=CNNC1
  -ISIS-

  5  5  0  0  0  0  0  0  0  0  1
    1.3738   -0.2026    4.0305  C  0  0  0  0  0
    2.2748    0.0271    3.0976  N  0  0  0  0  0
    1.9078   -0.8357    2.0977  C  0  0  0  0  0
    0.7386   -1.4932    2.3699  N  0  0  0  0  0
    0.3868   -1.1296    3.6702  N  0  0  0  0  0
  1  5  1  0  0  0
  1  2  2  0  0  0
  2  3  1  0  0  0
  3  4  1  0  0  0
  4  5  1  0  0  0
M  END
$$$$
N1=CNNC1
  -ISIS-

  5  5  0  0  0  0  0  0  0  0  1
   -3.3768   -8.3465   -4.2593  C  0  0  0  0  0
   -3.3697   -8.1061   -2.9040  N  0  0  0  0  0
   -2.5888   -7.0709   -2.8045  C  0  0  0  0  0
   -2.0968   -6.5744   -3.9950  N  0  0  0  0  0
   -2.5272   -7.4971   -4.9443  N  0  0  0  0  0
  1  5  1  0  0  0
  1  2  1  0  0  0
  2  3  2  0  0  0
  3  4  1  0  0  0
  4  5  1  0  0  0
M  END
$$$$
N1=CNNC1
  -ISIS-

  5  5  0  0  0  0  0  0  0  0  1
   -3.3768   -8.3465   -4.2593  C  0  0  0  0  0
   -3.3697   -8.1061   -2.9040  N  0  0  0  0  0
   -2.5888   -7.0709   -2.8045  C  0  0  0  0  0
   -2.0968   -6.5744   -3.9950  N  0  0  0  0  0
   -2.5272   -7.4971   -4.9443  N  0  0  0  0  0
  1  5  1  0  0  0
  1  2  1  0  0  0
  2  3  2  0  0  0
  3  4  1  0  0  0
  4  5  1  0  0  0
M  END
$$$$
N1=CNNC1
  -ISIS-

  5  5  0  0  0  0  0  0  0  0  1
   -2.9924   -3.1572    3.3548  C  0  0  0  0  0
   -2.6018   -4.4010    3.4461  N  0  0  0  0  0
   -3.6458   -5.1327    2.9243  C  0  0  0  0  0
   -4.7141   -4.2885    2.6749  N  0  0  0  0  0
   -4.2368   -2.9741    2.7859  N  0  0  0  0  0
  1  5  1  0  0  0
  1  2  2  0  0  0
  2  3  1  0  0  0
  3  4  1  0  0  0
  4  5  1  0  0  0
M  END
$$$$
N1=CNNC1
  -ISIS-

  5  5  0  0  0  0  0  0  0  0  1
   -2.9924   -3.1572    3.3548  C  0  0  0  0  0
   -2.6018   -4.4010    3.4461  N  0  0  0  0  0
   -3.6458   -5.1327    2.9243  C  0  0  0  0  0
   -4.7141   -4.2885    2.6749  N  0  0  0  0  0
   -4.2368   -2.9741    2.7859  N  0  0  0  0  0
  1  5  1  0  0  0
  1  2  2  0  0  0
  2  3  1  0  0  0
  3  4  1  0  0  0
  4  5  1  0  0  0
M  END
$$$$
N1=CNNC1
  -ISIS-

  5  5  0  0  0  0  0  0  0  0  1
   -0.9363   -1.7975   -0.1557  C  0  0  0  0  0
   -1.9041   -1.8004   -1.0338  N  0  0  0  0  0
   -1.6611   -0.6972   -1.8221  C  0  0  0  0  0
   -0.4403   -0.1462   -1.4722  N  0  0  0  0  0
   -0.0436   -0.7508   -0.2701  N  0  0  0  0  0
  1  5  1  0  0  0
  1  2  2  0  0  0
  2  3  1  0  0  0
  3  4  1  0  0  0
  4  5  1  0  0  0
M  END
$$$$
N1=CNNC1
  -ISIS-

  5  5  0  0  0  0  0  0  0  0  1
   -0.9363   -1.7975   -0.1557  C  0  0  0  0  0
   -1.9041   -1.8004   -1.0338  N  0  0  0  0  0
   -1.6611   -0.6972   -1.8221  C  0  0  0  0  0
   -0.4403   -0.1462   -1.4722  N  0  0  0  0  0
   -0.0436   -0.7508   -0.2701  N  0  0  0  0  0
  1  5  1  0  0  0
  1  2  2  0  0  0
  2  3  1  0  0  0
  3  4  1  0  0  0
  4  5  1  0  0  0
M  END
$$$$
N1=CNNC1
  -ISIS-

  5  5  0  0  0  0  0  0  0  0  1
    1.6921   -4.1140    3.1734  C  0  0  0  0  0
    0.9380   -4.7013    2.2833  N  0  0  0  0  0
    1.2041   -6.0441    2.4426  C  0  0  0  0  0
    2.2478   -6.2010    3.3386  N  0  0  0  0  0
    2.4512   -4.9591    3.9578  N  0  0  0  0  0
  1  5  1  0  0  0
  1  2  2  0  0  0
  2  3  1  0  0  0
  3  4  1  0  0  0
  4  5  1  0  0  0
M  END
$$$$
N1=CNNC1
  -ISIS-

  5  5  0  0  0  0  0  0  0  0  1
    1.6921   -4.1140    3.1734  C  0  0  0  0  0
    0.9380   -4.7013    2.2833  N  0  0  0  0  0
    1.2041   -6.0441    2.4426  C  0  0  0  0  0
    2.2478   -6.2010    3.3386  N  0  0  0  0  0
    2.4512   -4.9591    3.9578  N  0  0  0  0  0
  1  5  1  0  0  0
  1  2  2  0  0  0
  2  3  1  0  0  0
  3  4  1  0  0  0
  4  5  1  0  0  0
M  END
$$$$
N1=CNNC1
  -ISIS-

  5  5  0  0  0  0  0  0  0  0  1
   -4.3314   -5.1379    2.1849  C  0  0  0  0  0
   -4.4017   -6.4416    2.1413  N  0  0  0  0  0
   -3.0902   -6.8494    2.0221  C  0  0  0  0  0
   -2.2817   -5.7417    1.8361  N  0  0  0  0  0
   -3.0582   -4.6092    2.1204  N  0  0  0  0  0
  1  5  1  0  0  0
  1  2  2  0  0  0
  2  3  1  0  0  0
  3  4  1  0  0  0
  4  5  1  0  0  0
M  END
$$$$
N1=CNNC1
  -ISIS-

  5  5  0  0  0  0  0  0  0  0  1
   -4.3314   -5.1379    2.1849  C  0  0  0  0  0
   -4.4017   -6.4416    2.1413  N  0  0  0  0  0
   -3.0902   -6.8494    2.0221  C  0  0  0  0  0
   -2.2817   -5.7417    1.8361  N  0  0  0  0  0
   -3.0582   -4.6092    2.1204  N  0  0  0  0  0
  1  5  1  0  0  0
  1  2  2  0  0  0
  2  3  1  0  0  0
  3  4  1  0  0  0
  4  5  1  0  0  0
M  END
$$$$
N1=CNNC1
  -ISIS-

  5  5  0  0  0  0  0  0  0  0  1
    2.8618    2.6368    1.0768  C  0  0  0  0  0
    2.0615    2.9075    0.0800  N  0  0  0  0  0
    0.9531    2.1195    0.3083  C  0  0  0  0  0
    1.2068    1.2738    1.3727  N  0  0  0  0  0
    2.3849    1.7186    1.9906  N  0  0  0  0  0
  1  5  1  0  0  0
  1  2  2  0  0  0
  2  3  1  0  0  0
  3  4  1  0  0  0
  4  5  1  0  0  0
M  END
$$$$
N1=CNNC1
  -ISIS-

  5  5  0  0  0  0  0  0  0  0  1
    2.8618    2.6368    1.0768  C  0  0  0  0  0
    2.0615    2.9075    0.0800  N  0  0  0  0  0
    0.9531    2.1195    0.3083  C  0  0  0  0  0
    1.2068    1.2738    1.3727  N  0  0  0  0  0
    2.3849    1.7186    1.9906  N  0  0  0  0  0
  1  5  1  0  0  0
  1  2  2  0  0  0
  2  3  1  0  0  0
  3  4  1  0  0  0
  4  5  1  0  0  0
M  END
$$$$
N1=CNNC1
  -ISIS-

  5  5  0  0  0  0  0  0  0  0  1
   -5.3119   -0.3357    2.8259  C  0  0  0  0  0
   -6.5542   -0.2402    2.2193  N  0  0  0  0  0
   -7.3863    0.1547    3.2797  N  0  0  0  0  0
   -6.6542    0.0259    4.4448  C  0  0  0  0  0
   -5.3332   -0.1899    4.1276  N  0  0  0  0  0
  1  5  2  0  0  0
  1  2  1  0  0  0
  2  3  1  0  0  0
  3  4  1  0  0  0
  4  5  1  0  0  0
M  END
$$$$
N1=CNNC1
  -ISIS-

  5  5  0  0  0  0  0  0  0  0  1
   -5.3119   -0.3357    2.8259  C  0  0  0  0  0
   -6.5542   -0.2402    2.2193  N  0  0  0  0  0
   -7.3863    0.1547    3.2797  N  0  0  0  0  0
   -6.6542    0.0259    4.4448  C  0  0  0  0  0
   -5.3332   -0.1899    4.1276  N  0  0  0  0  0
  1  5  2  0  0  0
  1  2  1  0  0  0
  2  3  1  0  0  0
  3  4  1  0  0  0
  4  5  1  0  0  0
M  END
$$$$
N1=CNNC1
  -ISIS-

  5  5  0  0  0  0  0  0  0  0  1
    3.3370    6.2859    3.7438  C  0  0  0  0  0
    4.3961    6.3468    2.9866  N  0  0  0  0  0
    5.3117    6.9341    3.8400  C  0  0  0  0  0
    4.7459    7.3005    5.0532  N  0  0  0  0  0
    3.4954    6.7220    5.0322  N  0  0  0  0  0
  1  5  1  0  0  0
  1  2  2  0  0  0
  2  3  1  0  0  0
  3  4  1  0  0  0
  4  5  1  0  0  0
M  END
$$$$
N1=CNNC1
  -ISIS-

  5  5  0  0  0  0  0  0  0  0  1
    3.3370    6.2859    3.7438  C  0  0  0  0  0
    4.3961    6.3468    2.9866  N  0  0  0  0  0
    5.3117    6.9341    3.8400  C  0  0  0  0  0
    4.7459    7.3005    5.0532  N  0  0  0  0  0
    3.4954    6.7220    5.0322  N  0  0  0  0  0
  1  5  1  0  0  0
  1  2  2  0  0  0
  2  3  1  0  0  0
  3  4  1  0  0  0
  4  5  1  0  0  0
M  END
$$$$
N1=CNNC1
  -ISIS-

  5  5  0  0  0  0  0  0  0  0  1
    3.3370    6.2859    3.7438  C  0  0  0  0  0
    4.3961    6.3468    2.9866  N  0  0  0  0  0
    5.3117    6.9341    3.8400  C  0  0  0  0  0
    4.7459    7.3005    5.0532  N  0  0  0  0  0
    3.4954    6.7220    5.0322  N  0  0  0  0  0
  1  5  1  0  0  0
  1  2  2  0  0  0
  2  3  1  0  0  0
  3  4  1  0  0  0
  4  5  1  0  0  0
M  END
$$$$
N1=CNNC1
  -ISIS-

  5  5  0  0  0  0  0  0  0  0  1
    0.2115    3.1292    0.9735  C  0  0  0  0  0
    0.7463    3.6202    2.1449  N  0  0  0  0  0
    1.3020    2.4960    2.7345  N  0  0  0  0  0
    1.1386    1.4544    1.8255  C  0  0  0  0  0
    0.4120    1.8711    0.7246  N  0  0  0  0  0
  1  5  2  0  0  0
  1  2  1  0  0  0
  2  3  1  0  0  0
  3  4  1  0  0  0
  4  5  1  0  0  0
M  END
$$$$
N1=CNNC1
  -ISIS-

  5  5  0  0  0  0  0  0  0  0  1
    0.2115    3.1292    0.9735  C  0  0  0  0  0
    0.7463    3.6202    2.1449  N  0  0  0  0  0
    1.3020    2.4960    2.7345  N  0  0  0  0  0
    1.1386    1.4544    1.8255  C  0  0  0  0  0
    0.4120    1.8711    0.7246  N  0  0  0  0  0
  1  5  2  0  0  0
  1  2  1  0  0  0
  2  3  1  0  0  0
  3  4  1  0  0  0
  4  5  1  0  0  0
M  END
$$$$
N1=CNNC1
  -ISIS-

  5  5  0  0  0  0  0  0  0  0  1
    0.2115    3.1292    0.9735  C  0  0  0  0  0
    0.7463    3.6202    2.1449  N  0  0  0  0  0
    1.3020    2.4960    2.7345  N  0  0  0  0  0
    1.1386    1.4544    1.8255  C  0  0  0  0  0
    0.4120    1.8711    0.7246  N  0  0  0  0  0
  1  5  2  0  0  0
  1  2  1  0  0  0
  2  3  1  0  0  0
  3  4  1  0  0  0
  4  5  1  0  0  0
M  END
$$$$
N1=CNNC1
  -ISIS-

  5  5  0  0  0  0  0  0  0  0  1
   -0.8628    3.7887   -8.3845  C  0  0  0  0  0
   -0.8614    2.7345   -7.4634  N  0  0  0  0  0
   -1.4426    3.2505   -6.3108  N  0  0  0  0  0
   -1.8642    4.5155   -6.6410  C  0  0  0  0  0
   -1.5136    4.8954   -7.8451  N  0  0  0  0  0
  1  5  1  0  0  0
  1  2  1  0  0  0
  2  3  1  0  0  0
  3  4  1  0  0  0
  4  5  2  0  0  0
M  END
$$$$
N1=CNNC1
  -ISIS-

  5  5  0  0  0  0  0  0  0  0  1
   -0.8628    3.7887   -8.3845  C  0  0  0  0  0
   -0.8614    2.7345   -7.4634  N  0  0  0  0  0
   -1.4426    3.2505   -6.3108  N  0  0  0  0  0
   -1.8642    4.5155   -6.6410  C  0  0  0  0  0
   -1.5136    4.8954   -7.8451  N  0  0  0  0  0
  1  5  1  0  0  0
  1  2  1  0  0  0
  2  3  1  0  0  0
  3  4  1  0  0  0
  4  5  2  0  0  0
M  END
$$$$
N1=CNNC1
  -ISIS-

  5  5  0  0  0  0  0  0  0  0  1
   -0.8628    3.7887   -8.3845  C  0  0  0  0  0
   -0.8614    2.7345   -7.4634  N  0  0  0  0  0
   -1.4426    3.2505   -6.3108  N  0  0  0  0  0
   -1.8642    4.5155   -6.6410  C  0  0  0  0  0
   -1.5136    4.8954   -7.8451  N  0  0  0  0  0
  1  5  1  0  0  0
  1  2  1  0  0  0
  2  3  1  0  0  0
  3  4  1  0  0  0
  4  5  2  0  0  0
M  END
$$$$
N1=CNNC1
  -ISIS-

  5  5  0  0  0  0  0  0  0  0  1
   -0.2553    6.7136   -8.1992  C  0  0  0  0  0
   -0.5580    7.1866   -9.4821  N  0  0  0  0  0
    0.2218    6.4311  -10.3503  N  0  0  0  0  0
    1.0156    5.6473   -9.5486  C  0  0  0  0  0
    0.7667    5.7694   -8.2687  N  0  0  0  0  0
  1  5  1  0  0  0
  1  2  1  0  0  0
  2  3  1  0  0  0
  3  4  1  0  0  0
  4  5  2  0  0  0
M  END
$$$$
N1=CNNC1
  -ISIS-

  5  5  0  0  0  0  0  0  0  0  1
   -0.2553    6.7136   -8.1992  C  0  0  0  0  0
   -0.5580    7.1866   -9.4821  N  0  0  0  0  0
    0.2218    6.4311  -10.3503  N  0  0  0  0  0
    1.0156    5.6473   -9.5486  C  0  0  0  0  0
    0.7667    5.7694   -8.2687  N  0  0  0  0  0
  1  5  1  0  0  0
  1  2  1  0  0  0
  2  3  1  0  0  0
  3  4  1  0  0  0
  4  5  2  0  0  0
M  END
$$$$
N1=CNNC1
  -ISIS-

  5  5  0  0  0  0  0  0  0  0  1
   -0.2553    6.7136   -8.1992  C  0  0  0  0  0
   -0.5580    7.1866   -9.4821  N  0  0  0  0  0
    0.2218    6.4311  -10.3503  N  0  0  0  0  0
    1.0156    5.6473   -9.5486  C  0  0  0  0  0
    0.7667    5.7694   -8.2687  N  0  0  0  0  0
  1  5  1  0  0  0
  1  2  1  0  0  0
  2  3  1  0  0  0
  3  4  1  0  0  0
  4  5  2  0  0  0
M  END
$$$$
N1=CNNC1
  -ISIS-

  5  5  0  0  0  0  0  0  0  0  1
   -2.9971    3.1008   -5.7869  C  0  0  0  0  0
   -2.2260    4.2474   -5.5669  N  0  0  0  0  0
   -2.9190    4.9883   -4.6110  N  0  0  0  0  0
   -4.0071    4.2104   -4.2613  C  0  0  0  0  0
   -4.0991    3.1004   -4.9398  N  0  0  0  0  0
  1  5  1  0  0  0
  1  2  1  0  0  0
  2  3  1  0  0  0
  3  4  1  0  0  0
  4  5  2  0  0  0
M  END
$$$$
N1=CNNC1
  -ISIS-

  5  5  0  0  0  0  0  0  0  0  1
   -2.9971    3.1008   -5.7869  C  0  0  0  0  0
   -2.2260    4.2474   -5.5669  N  0  0  0  0  0
   -2.9190    4.9883   -4.6110  N  0  0  0  0  0
   -4.0071    4.2104   -4.2613  C  0  0  0  0  0
   -4.0991    3.1004   -4.9398  N  0  0  0  0  0
  1  5  1  0  0  0
  1  2  1  0  0  0
  2  3  1  0  0  0
  3  4  1  0  0  0
  4  5  2  0  0  0
M  END
$$$$
N1=CNNC1
  -ISIS-

  5  5  0  0  0  0  0  0  0  0  1
   -2.9971    3.1008   -5.7869  C  0  0  0  0  0
   -2.2260    4.2474   -5.5669  N  0  0  0  0  0
   -2.9190    4.9883   -4.6110  N  0  0  0  0  0
   -4.0071    4.2104   -4.2613  C  0  0  0  0  0
   -4.0991    3.1004   -4.9398  N  0  0  0  0  0
  1  5  1  0  0  0
  1  2  1  0  0  0
  2  3  1  0  0  0
  3  4  1  0  0  0
  4  5  2  0  0  0
M  END
$$$$
N1=CNNC1
  -ISIS-

  5  5  0  0  0  0  0  0  0  0  1
    5.3387   -0.3316   -5.6197  N  0  0  0  0  0
    4.2854   -1.0845   -5.4440  C  0  0  0  0  0
    3.3418   -0.5680   -4.5803  N  0  0  0  0  0
    3.8704    0.7011   -4.2487  N  0  0  0  0  0
    5.1282    0.8053   -4.8528  C  0  0  0  0  0
  1  5  1  0  0  0
  1  2  2  0  0  0
  2  3  1  0  0  0
  3  4  1  0  0  0
  4  5  1  0  0  0
M  END
$$$$
N1=CNNC1
  -ISIS-

  5  5  0  0  0  0  0  0  0  0  1
    5.3387   -0.3316   -5.6197  N  0  0  0  0  0
    4.2854   -1.0845   -5.4440  C  0  0  0  0  0
    3.3418   -0.5680   -4.5803  N  0  0  0  0  0
    3.8704    0.7011   -4.2487  N  0  0  0  0  0
    5.1282    0.8053   -4.8528  C  0  0  0  0  0
  1  5  1  0  0  0
  1  2  2  0  0  0
  2  3  1  0  0  0
  3  4  1  0  0  0
  4  5  1  0  0  0
M  END
$$$$
N1=CNNC1
  -ISIS-

  5  5  0  0  0  0  0  0  0  0  1
    5.3387   -0.3316   -5.6197  N  0  0  0  0  0
    4.2854   -1.0845   -5.4440  C  0  0  0  0  0
    3.3418   -0.5680   -4.5803  N  0  0  0  0  0
    3.8704    0.7011   -4.2487  N  0  0  0  0  0
    5.1282    0.8053   -4.8528  C  0  0  0  0  0
  1  5  1  0  0  0
  1  2  2  0  0  0
  2  3  1  0  0  0
  3  4  1  0  0  0
  4  5  1  0  0  0
M  END
$$$$
