N1=CCSC=CNCC1
  -ISIS-

  9  9  0  0  0  0  0  0  0  0  1
    3.7756   -5.2088   -4.6198  C  0  0  0  0  0
    4.7240   -5.8200   -5.4280  N  0  0  0  0  0
    4.6143   -7.1191   -6.0888  C  0  0  0  0  0
    5.0794   -8.2707   -5.1981  C  0  0  0  0  0
    4.1863   -9.4325   -5.1869  N  0  0  0  0  0
    2.9765   -9.4002   -4.7346  C  0  0  0  0  0
    2.1821   -8.1688   -4.3160  C  0  0  0  0  0
    2.9646   -7.2701   -2.9634  S  0  0  0  0  0
    2.9941   -5.6720   -3.6239  C  0  0  0  0  0
  1  9  2  0  0  0
  1  2  1  0  0  0
  2  3  1  0  0  0
  3  4  1  0  0  0
  4  5  1  0  0  0
  5  6  2  0  0  0
  6  7  1  0  0  0
  7  8  1  0  0  0
  8  9  1  0  0  0
M  END
$$$$
