N1=NNN=C1
  -ISIS-

  5  5  0  0  0  0  0  0  0  0  1
    0.9644   -5.3305   -3.7024  C  0  0  0  0  0
    0.1418   -5.3600   -2.6184  N  0  0  0  0  0
   -0.7974   -4.4150   -2.8633  N  0  0  0  0  0
   -0.5489   -3.8370   -4.0563  N  0  0  0  0  0
    0.5566   -4.3961   -4.6041  N  0  0  0  0  0
  1  5  2  0  0  0
  1  2  1  0  0  0
  2  3  2  0  0  0
  3  4  1  0  0  0
  4  5  1  0  0  0
M  END
$$$$
N1=NNN=C1
  -ISIS-

  5  5  0  0  0  0  0  0  0  0  1
    1.4289    7.4665    5.1109  C  0  0  0  0  0
    2.5919    8.1416    4.9412  N  0  0  0  0  0
    3.5430    7.2041    5.1610  N  0  0  0  0  0
    2.9527    6.0240    5.4633  N  0  0  0  0  0
    1.6060    6.1731    5.4507  N  0  0  0  0  0
  1  5  2  0  0  0
  1  2  1  0  0  0
  2  3  2  0  0  0
  3  4  1  0  0  0
  4  5  1  0  0  0
M  END
$$$$
N1=NNN=C1
  -ISIS-

  5  5  0  0  0  0  0  0  0  0  1
    0.1238   -0.2041    2.3351  C  0  0  0  0  0
    0.3648    1.1222    2.2373  N  0  0  0  0  0
   -0.8418    1.6990    2.4334  N  0  0  0  0  0
   -1.7727    0.7418    2.6270  N  0  0  0  0  0
   -1.1919   -0.4753    2.5411  N  0  0  0  0  0
  1  5  2  0  0  0
  1  2  1  0  0  0
  2  3  2  0  0  0
  3  4  1  0  0  0
  4  5  1  0  0  0
M  END
$$$$
N1=NNN=C1
  -ISIS-

  5  5  0  0  0  0  0  0  0  0  1
   -3.9686   -0.6233    3.0893  C  0  0  0  0  0
   -5.0252   -0.0190    3.6985  N  0  0  0  0  0
   -5.8380   -1.0331    4.0813  N  0  0  0  0  0
   -5.2879   -2.2089    3.7156  N  0  0  0  0  0
   -4.1098   -1.9772    3.0882  N  0  0  0  0  0
  1  5  2  0  0  0
  1  2  1  0  0  0
  2  3  2  0  0  0
  3  4  1  0  0  0
  4  5  1  0  0  0
M  END
$$$$
N1=NNN=C1
  -ISIS-

  5  5  0  0  0  0  0  0  0  0  1
    0.4958   -1.7277    0.0425  C  0  0  0  0  0
    1.7295   -2.2967    0.1587  N  0  0  0  0  0
    1.5365   -3.6066   -0.1235  N  0  0  0  0  0
    0.2338   -3.8195   -0.4012  N  0  0  0  0  0
   -0.4446   -2.6519   -0.3050  N  0  0  0  0  0
  1  5  2  0  0  0
  1  2  1  0  0  0
  2  3  2  0  0  0
  3  4  1  0  0  0
  4  5  1  0  0  0
M  END
$$$$
N1=NNN=C1
  -ISIS-

  5  5  0  0  0  0  0  0  0  0  1
    2.5103    5.3950    1.6271  C  0  0  0  0  0
    1.7031    6.4429    1.9602  N  0  0  0  0  0
    2.4608    7.2254    2.7641  N  0  0  0  0  0
    3.6811    6.6702    2.9110  N  0  0  0  0  0
    3.7398    5.5163    2.2052  N  0  0  0  0  0
  1  5  2  0  0  0
  1  2  1  0  0  0
  2  3  2  0  0  0
  3  4  1  0  0  0
  4  5  1  0  0  0
M  END
$$$$
N1=NNN=C1
  -ISIS-

  5  5  0  0  0  0  0  0  0  0  1
   -5.1301    4.6280    1.5694  C  0  0  0  0  0
   -6.0841    3.7837    2.0237  N  0  0  0  0  0
   -6.9480    3.6424    0.9915  N  0  0  0  0  0
   -6.5162    4.3834   -0.0496  N  0  0  0  0  0
   -5.3685    5.0132    0.2984  N  0  0  0  0  0
  1  5  2  0  0  0
  1  2  1  0  0  0
  2  3  2  0  0  0
  3  4  1  0  0  0
  4  5  1  0  0  0
M  END
$$$$
N1=NNN=C1
  -ISIS-

  5  5  0  0  0  0  0  0  0  0  1
   -6.8563   -0.0680   -0.6783  C  0  0  0  0  0
   -7.8899    0.5311   -0.0327  N  0  0  0  0  0
   -8.3417   -0.4073    0.8328  N  0  0  0  0  0
   -7.5983   -1.5282    0.7052  N  0  0  0  0  0
   -6.6523   -1.3357   -0.2468  N  0  0  0  0  0
  1  5  2  0  0  0
  1  2  1  0  0  0
  2  3  2  0  0  0
  3  4  1  0  0  0
  4  5  1  0  0  0
M  END
$$$$
N1=NNN=C1
  -ISIS-

  5  5  0  0  0  0  0  0  0  0  1
   -0.5182    3.7445   -2.2771  C  0  0  0  0  0
   -0.0333    4.4809   -3.2960  N  0  0  0  0  0
    1.1902    4.8663   -2.8601  N  0  0  0  0  0
    1.4068    4.3629   -1.6219  N  0  0  0  0  0
    0.3276    3.6420   -1.2331  N  0  0  0  0  0
  1  5  2  0  0  0
  1  2  1  0  0  0
  2  3  2  0  0  0
  3  4  1  0  0  0
  4  5  1  0  0  0
M  END
$$$$
N1=NNN=C1
  -ISIS-

  5  5  0  0  0  0  0  0  0  0  1
    0.5382    5.1715   -1.5634  C  0  0  0  0  0
   -0.0697    4.0171   -1.9047  N  0  0  0  0  0
   -1.3864    4.3342   -1.9059  N  0  0  0  0  0
   -1.5352    5.6414   -1.5878  N  0  0  0  0  0
   -0.3177    6.1936   -1.3679  N  0  0  0  0  0
  1  5  2  0  0  0
  1  2  1  0  0  0
  2  3  2  0  0  0
  3  4  1  0  0  0
  4  5  1  0  0  0
M  END
$$$$
N1=NNN=C1
  -ISIS-

  5  5  0  0  0  0  0  0  0  0  1
    2.7708   -3.8598   -5.4574  C  0  0  0  0  0
    3.1393   -4.7004   -4.4717  N  0  0  0  0  0
    2.1866   -5.6642   -4.4649  N  0  0  0  0  0
    1.2954   -5.4125   -5.4471  N  0  0  0  0  0
    1.6642   -4.2857   -6.1014  N  0  0  0  0  0
  1  5  2  0  0  0
  1  2  1  0  0  0
  2  3  2  0  0  0
  3  4  1  0  0  0
  4  5  1  0  0  0
M  END
$$$$
N1=NNN=C1
  -ISIS-

  5  5  0  0  0  0  0  0  0  0  1
    6.4029    2.2655    2.3041  C  0  0  0  0  0
    7.7400    2.3968    2.1777  N  0  0  0  0  0
    8.1329    2.8588    3.3885  N  0  0  0  0  0
    7.0535    2.9876    4.1959  N  0  0  0  0  0
    5.9389    2.6090    3.5257  N  0  0  0  0  0
  1  5  2  0  0  0
  1  2  1  0  0  0
  2  3  2  0  0  0
  3  4  1  0  0  0
  4  5  1  0  0  0
M  END
$$$$
N1=NNN=C1
  -ISIS-

  5  5  0  0  0  0  0  0  0  0  1
    5.6740    4.3969   -5.6359  C  0  0  0  0  0
    5.1924    5.5980   -6.0284  N  0  0  0  0  0
    6.2390    6.1881   -6.6489  N  0  0  0  0  0
    7.2966    5.3460   -6.6518  N  0  0  0  0  0
    6.9586    4.1931   -6.0309  N  0  0  0  0  0
  1  5  2  0  0  0
  1  2  1  0  0  0
  2  3  2  0  0  0
  3  4  1  0  0  0
  4  5  1  0  0  0
M  END
$$$$
N1=NNN=C1
  -ISIS-

  5  5  0  0  0  0  0  0  0  0  1
   -3.4922   -1.6047    0.4327  C  0  0  0  0  0
   -3.6544   -0.3559   -0.0702  N  0  0  0  0  0
   -3.1618   -0.4257   -1.3288  N  0  0  0  0  0
   -2.7199   -1.6785   -1.5670  N  0  0  0  0  0
   -2.9191   -2.4412   -0.4668  N  0  0  0  0  0
  1  5  1  0  0  0
  1  2  2  0  0  0
  2  3  1  0  0  0
  3  4  1  0  0  0
  4  5  2  0  0  0
M  END
$$$$
N1=NNN=C1
  -ISIS-

  5  5  0  0  0  0  0  0  0  0  1
   -1.4950  -10.3400   -2.3354  N  0  0  0  0  0
   -0.5300  -11.0196   -2.9987  N  0  0  0  0  0
    0.3876  -10.1472   -3.4822  N  0  0  0  0  0
   -0.0641   -8.9433   -3.0690  C  0  0  0  0  0
   -1.2229   -9.0135   -2.3766  N  0  0  0  0  0
  1  5  2  0  0  0
  1  2  1  0  0  0
  2  3  1  0  0  0
  3  4  2  0  0  0
  4  5  1  0  0  0
M  END
$$$$
N1=NNN=C1
  -ISIS-

  5  5  0  0  0  0  0  0  0  0  1
    6.7105   -0.9611   -0.6530  N  0  0  0  0  0
    6.4369   -0.1293   -1.6857  N  0  0  0  0  0
    5.1005    0.0870   -1.7511  N  0  0  0  0  0
    4.6072   -0.6314   -0.7194  C  0  0  0  0  0
    5.5569   -1.3025   -0.0300  N  0  0  0  0  0
  1  5  2  0  0  0
  1  2  1  0  0  0
  2  3  1  0  0  0
  3  4  2  0  0  0
  4  5  1  0  0  0
M  END
$$$$
N1=NNN=C1
  -ISIS-

  5  5  0  0  0  0  0  0  0  0  1
    4.8903    1.0483    4.9781  C  0  0  0  0  0
    4.6746    0.7332    6.2803  N  0  0  0  0  0
    5.6720    1.3519    6.9553  N  0  0  0  0  0
    6.4598    2.0138    6.0825  N  0  0  0  0  0
    5.9851    1.8377    4.8273  N  0  0  0  0  0
  1  5  1  0  0  0
  1  2  2  0  0  0
  2  3  1  0  0  0
  3  4  1  0  0  0
  4  5  2  0  0  0
M  END
$$$$
N1=NNN=C1
  -ISIS-

  5  5  0  0  0  0  0  0  0  0  1
   -1.3060    4.6580    1.5791  C  0  0  0  0  0
   -1.0787    5.5678    2.5614  N  0  0  0  0  0
    0.1126    5.2101    3.0951  N  0  0  0  0  0
    0.5811    4.1199    2.4524  N  0  0  0  0  0
   -0.2986    3.7528    1.4911  N  0  0  0  0  0
  1  5  1  0  0  0
  1  2  2  0  0  0
  2  3  1  0  0  0
  3  4  1  0  0  0
  4  5  2  0  0  0
M  END
$$$$
N1=NNN=C1
  -ISIS-

  5  5  0  0  0  0  0  0  0  0  1
    5.5011    4.8891    6.9646  C  0  0  0  0  0
    5.1828    6.1927    7.1546  N  0  0  0  0  0
    6.3645    6.7991    7.4221  N  0  0  0  0  0
    7.3558    5.8830    7.3901  N  0  0  0  0  0
    6.8332    4.6671    7.1037  N  0  0  0  0  0
  1  5  1  0  0  0
  1  2  2  0  0  0
  2  3  1  0  0  0
  3  4  1  0  0  0
  4  5  2  0  0  0
M  END
$$$$
N1=NNN=C1
  -ISIS-

  5  5  0  0  0  0  0  0  0  0  1
   -2.6719   -0.7616    1.5411  C  0  0  0  0  0
   -1.4223   -0.9594    2.0391  N  0  0  0  0  0
   -1.5544   -1.9788    2.9209  N  0  0  0  0  0
   -2.8422   -2.3793    2.9513  N  0  0  0  0  0
   -3.5665   -1.6262    2.0896  N  0  0  0  0  0
  1  5  1  0  0  0
  1  2  2  0  0  0
  2  3  1  0  0  0
  3  4  1  0  0  0
  4  5  2  0  0  0
M  END
$$$$
N1=NNN=C1
  -ISIS-

  5  5  0  0  0  0  0  0  0  0  1
   -1.3473    5.5489    1.2251  C  0  0  0  0  0
   -1.9539    5.9108    2.3876  N  0  0  0  0  0
   -1.5064    5.0093    3.2898  N  0  0  0  0  0
   -0.6923    4.1232    2.6759  N  0  0  0  0  0
   -0.5979    4.4287    1.3614  N  0  0  0  0  0
  1  5  1  0  0  0
  1  2  2  0  0  0
  2  3  1  0  0  0
  3  4  1  0  0  0
  4  5  2  0  0  0
M  END
$$$$
N1=NNN=C1
  -ISIS-

  5  5  0  0  0  0  0  0  0  0  1
    1.3860    0.8422    6.0048  C  0  0  0  0  0
    0.8528    1.8321    6.7666  N  0  0  0  0  0
   -0.1729    1.2461    7.4278  N  0  0  0  0  0
   -0.2497   -0.0535    7.0727  N  0  0  0  0  0
    0.7249   -0.3317    6.1753  N  0  0  0  0  0
  1  5  1  0  0  0
  1  2  2  0  0  0
  2  3  1  0  0  0
  3  4  1  0  0  0
  4  5  2  0  0  0
M  END
$$$$
N1=NNN=C1
  -ISIS-

  5  5  0  0  0  0  0  0  0  0  1
    2.9517    0.4608   -3.2912  C  0  0  0  0  0
    1.9408   -0.2601   -3.8393  N  0  0  0  0  0
    2.5531   -1.1560   -4.6490  N  0  0  0  0  0
    3.8886   -0.9743   -4.5879  N  0  0  0  0  0
    4.1644    0.0421   -3.7375  N  0  0  0  0  0
  1  5  1  0  0  0
  1  2  2  0  0  0
  2  3  1  0  0  0
  3  4  1  0  0  0
  4  5  2  0  0  0
M  END
$$$$
N1=NNN=C1
  -ISIS-

  5  5  0  0  0  0  0  0  0  0  1
    6.6988   -0.1133   -2.4764  C  0  0  0  0  0
    7.8111   -0.1168   -3.2509  N  0  0  0  0  0
    8.8131   -0.4710   -2.4124  N  0  0  0  0  0
    8.3119   -0.6729   -1.1758  N  0  0  0  0  0
    6.9770   -0.4530   -1.1923  N  0  0  0  0  0
  1  5  1  0  0  0
  1  2  2  0  0  0
  2  3  1  0  0  0
  3  4  1  0  0  0
  4  5  2  0  0  0
M  END
$$$$
N1=NNN=C1
  -ISIS-

  5  5  0  0  0  0  0  0  0  0  1
    5.4063    0.5691   -4.1617  C  0  0  0  0  0
    4.9384    0.3854   -5.4254  N  0  0  0  0  0
    6.0085    0.5937   -6.2283  N  0  0  0  0  0
    7.0837    0.8921   -5.4704  N  0  0  0  0  0
    6.7286    0.8819   -4.1634  N  0  0  0  0  0
  1  5  1  0  0  0
  1  2  2  0  0  0
  2  3  1  0  0  0
  3  4  1  0  0  0
  4  5  2  0  0  0
M  END
$$$$
N1=NNN=C1
  -ISIS-

  5  5  0  0  0  0  0  0  0  0  1
   -1.5710   -2.8097    3.7219  C  0  0  0  0  0
   -1.5237   -3.6432    4.7815  N  0  0  0  0  0
   -2.4652   -4.5829    4.5234  N  0  0  0  0  0
   -3.0572   -4.3031    3.3422  N  0  0  0  0  0
   -2.5045   -3.1795    2.8234  N  0  0  0  0  0
  1  5  1  0  0  0
  1  2  2  0  0  0
  2  3  1  0  0  0
  3  4  1  0  0  0
  4  5  2  0  0  0
M  END
$$$$
N1=NNN=C1
  -ISIS-

  5  5  0  0  0  0  0  0  0  0  1
   -3.9370   -4.8689    4.4594  C  0  0  0  0  0
   -3.3924   -5.9769    5.0029  N  0  0  0  0  0
   -2.1583   -5.5911    5.4078  N  0  0  0  0  0
   -1.9801   -4.2875    5.1029  N  0  0  0  0  0
   -3.0976   -3.8159    4.4981  N  0  0  0  0  0
  1  5  1  0  0  0
  1  2  2  0  0  0
  2  3  1  0  0  0
  3  4  1  0  0  0
  4  5  2  0  0  0
M  END
$$$$
N1=NNN=C1
  -ISIS-

  5  5  0  0  0  0  0  0  0  0  1
   -0.2019   -3.4308    7.1852  C  0  0  0  0  0
   -1.2536   -4.1671    6.7721  N  0  0  0  0  0
   -1.8344   -4.6089    7.9138  N  0  0  0  0  0
   -1.1343   -4.1484    8.9731  N  0  0  0  0  0
   -0.0940   -3.4024    8.5277  N  0  0  0  0  0
  1  5  1  0  0  0
  1  2  2  0  0  0
  2  3  1  0  0  0
  3  4  1  0  0  0
  4  5  2  0  0  0
M  END
$$$$
N1=NNN=C1
  -ISIS-

  5  5  0  0  0  0  0  0  0  0  1
  -10.7129   -0.5688    5.2281  C  0  0  0  0  0
  -11.0898   -1.1772    6.3693  N  0  0  0  0  0
  -11.7530   -0.2230    7.0665  N  0  0  0  0  0
  -11.7739    0.9183    6.3449  N  0  0  0  0  0
  -11.1265    0.7138    5.1729  N  0  0  0  0  0
  1  5  1  0  0  0
  1  2  2  0  0  0
  2  3  1  0  0  0
  3  4  1  0  0  0
  4  5  2  0  0  0
M  END
$$$$
N1=NNN=C1
  -ISIS-

  5  5  0  0  0  0  0  0  0  0  1
    5.8842   -4.3387    9.0663  C  0  0  0  0  0
    5.2069   -4.1728   10.2213  N  0  0  0  0  0
    6.1233   -3.6893   11.0940  N  0  0  0  0  0
    7.3177   -3.5924   10.4720  N  0  0  0  0  0
    7.1852   -4.0092    9.1891  N  0  0  0  0  0
  1  5  1  0  0  0
  1  2  2  0  0  0
  2  3  1  0  0  0
  3  4  1  0  0  0
  4  5  2  0  0  0
M  END
$$$$
N1=NNN=C1
  -ISIS-

  5  5  0  0  0  0  0  0  0  0  1
   -0.3215   -2.3468    5.4039  C  0  0  0  0  0
   -0.8728   -2.6713    6.5907  N  0  0  0  0  0
   -1.7361   -3.6762    6.3059  N  0  0  0  0  0
   -1.6962   -3.9313    4.9802  N  0  0  0  0  0
   -0.8067   -3.0941    4.3935  N  0  0  0  0  0
  1  5  1  0  0  0
  1  2  2  0  0  0
  2  3  1  0  0  0
  3  4  1  0  0  0
  4  5  2  0  0  0
M  END
$$$$
N1=NNN=C1
  -ISIS-

  5  5  0  0  0  0  0  0  0  0  1
    1.6048    2.9167    2.4791  C  0  0  0  0  0
    2.9353    3.1350    2.5279  N  0  0  0  0  0
    3.0659    4.4827    2.4774  N  0  0  0  0  0
    1.8398    5.0427    2.3934  N  0  0  0  0  0
    0.9030    4.0631    2.3902  N  0  0  0  0  0
  1  5  1  0  0  0
  1  2  2  0  0  0
  2  3  1  0  0  0
  3  4  1  0  0  0
  4  5  2  0  0  0
M  END
$$$$
N1=NNN=C1
  -ISIS-

  5  5  0  0  0  0  0  0  0  0  1
    9.1449   -0.4232   -2.0591  C  0  0  0  0  0
    9.2424   -1.7479   -2.2835  N  0  0  0  0  0
   10.2914   -1.8785   -3.1316  N  0  0  0  0  0
   10.8185   -0.6597   -3.3748  N  0  0  0  0  0
   10.1189    0.2712   -2.6834  N  0  0  0  0  0
  1  5  1  0  0  0
  1  2  2  0  0  0
  2  3  1  0  0  0
  3  4  1  0  0  0
  4  5  2  0  0  0
M  END
$$$$
N1=NNN=C1
  -ISIS-

  5  5  0  0  0  0  0  0  0  0  1
    6.3091    1.3835   -4.2052  C  0  0  0  0  0
    5.8090    1.7967   -5.3868  N  0  0  0  0  0
    6.8829    1.8662   -6.2101  N  0  0  0  0  0
    7.9917    1.5222   -5.5205  N  0  0  0  0  0
    7.6466    1.2270   -4.2439  N  0  0  0  0  0
  1  5  1  0  0  0
  1  2  2  0  0  0
  2  3  1  0  0  0
  3  4  1  0  0  0
  4  5  2  0  0  0
M  END
$$$$
N1=NNN=C1
  -ISIS-

  5  5  0  0  0  0  0  0  0  0  1
   10.3926    0.3747   -1.6101  C  0  0  0  0  0
   10.7187   -0.9322   -1.6589  N  0  0  0  0  0
   11.7162   -1.0725   -0.7535  N  0  0  0  0  0
   11.9655    0.1250   -0.1814  N  0  0  0  0  0
   11.1342    1.0530   -0.7139  N  0  0  0  0  0
  1  5  1  0  0  0
  1  2  2  0  0  0
  2  3  1  0  0  0
  3  4  1  0  0  0
  4  5  2  0  0  0
M  END
$$$$
N1=NNN=C1
  -ISIS-

  5  5  0  0  0  0  0  0  0  0  1
   -3.4895   -2.3675   -0.4440  C  0  0  0  0  0
   -3.2815   -1.1369   -0.9870  N  0  0  0  0  0
   -4.3889   -0.8862   -1.7258  N  0  0  0  0  0
   -5.2353   -1.9319   -1.6308  N  0  0  0  0  0
   -4.6910   -2.8783   -0.8288  N  0  0  0  0  0
  1  5  1  0  0  0
  1  2  2  0  0  0
  2  3  1  0  0  0
  3  4  1  0  0  0
  4  5  2  0  0  0
M  END
$$$$
N1=NNN=C1
  -ISIS-

  5  5  0  0  0  0  0  0  0  0  1
   -0.8645    2.3564    0.1074  C  0  0  0  0  0
   -2.1484    2.2555    0.5079  N  0  0  0  0  0
   -2.8615    2.1663   -0.6408  N  0  0  0  0  0
   -2.0154    2.2204   -1.6919  N  0  0  0  0  0
   -0.7457    2.3435   -1.2343  N  0  0  0  0  0
  1  5  1  0  0  0
  1  2  2  0  0  0
  2  3  1  0  0  0
  3  4  1  0  0  0
  4  5  2  0  0  0
M  END
$$$$
N1=NNN=C1
  -ISIS-

  5  5  0  0  0  0  0  0  0  0  1
    2.0292    4.9423   -0.5477  C  0  0  0  0  0
    2.8034    4.3691   -1.4915  N  0  0  0  0  0
    4.0675    4.4895   -1.0193  N  0  0  0  0  0
    4.0347    5.1122    0.1787  N  0  0  0  0  0
    2.7489    5.4033    0.4931  N  0  0  0  0  0
  1  5  1  0  0  0
  1  2  2  0  0  0
  2  3  1  0  0  0
  3  4  1  0  0  0
  4  5  2  0  0  0
M  END
$$$$
N1=NNN=C1
  -ISIS-

  5  5  0  0  0  0  0  0  0  0  1
   -2.2187    5.3020    1.6409  C  0  0  0  0  0
   -0.9744    5.2419    2.1576  N  0  0  0  0  0
   -0.6284    6.5340    2.3741  N  0  0  0  0  0
   -1.6451    7.3347    1.9881  N  0  0  0  0  0
   -2.6597    6.5690    1.5179  N  0  0  0  0  0
  1  5  1  0  0  0
  1  2  2  0  0  0
  2  3  1  0  0  0
  3  4  1  0  0  0
  4  5  2  0  0  0
M  END
$$$$
N1=NNN=C1
  -ISIS-

  5  5  0  0  0  0  0  0  0  0  1
    3.7588   -1.4045    6.6699  C  0  0  0  0  0
    3.8429   -1.0015    5.3766  N  0  0  0  0  0
    4.2824    0.2772    5.4410  N  0  0  0  0  0
    4.4544    0.6265    6.7329  N  0  0  0  0  0
    4.1294   -0.4198    7.5276  N  0  0  0  0  0
  1  5  1  0  0  0
  1  2  2  0  0  0
  2  3  1  0  0  0
  3  4  1  0  0  0
  4  5  2  0  0  0
M  END
$$$$
N1=NNN=C1
  -ISIS-

  5  5  0  0  0  0  0  0  0  0  1
    2.6351    3.4333   -0.7114  C  0  0  0  0  0
    2.8590    4.5167   -1.4992  N  0  0  0  0  0
    3.2641    4.0048   -2.6853  N  0  0  0  0  0
    3.2809    2.6576   -2.6087  N  0  0  0  0  0
    2.8870    2.2737   -1.3717  N  0  0  0  0  0
  1  5  1  0  0  0
  1  2  2  0  0  0
  2  3  1  0  0  0
  3  4  1  0  0  0
  4  5  2  0  0  0
M  END
$$$$
N1=NNN=C1
  -ISIS-

  5  5  0  0  0  0  0  0  0  0  1
    7.3853   -2.2762    0.2906  C  0  0  0  0  0
    8.5667   -2.9447    0.2887  N  0  0  0  0  0
    9.1548   -2.6045   -0.8823  N  0  0  0  0  0
    8.3493   -1.7592   -1.5586  N  0  0  0  0  0
    7.2258   -1.5366   -0.8369  N  0  0  0  0  0
  1  5  1  0  0  0
  1  2  2  0  0  0
  2  3  1  0  0  0
  3  4  1  0  0  0
  4  5  2  0  0  0
M  END
$$$$
N1=NNN=C1
  -ISIS-

  5  5  0  0  0  0  0  0  0  0  1
    1.9235    6.8013    2.5674  C  0  0  0  0  0
    3.1510    7.1926    2.1378  N  0  0  0  0  0
    3.9223    7.1973    3.2503  N  0  0  0  0  0
    3.1785    6.8217    4.3116  N  0  0  0  0  0
    1.9130    6.5654    3.9047  N  0  0  0  0  0
  1  5  1  0  0  0
  1  2  2  0  0  0
  2  3  1  0  0  0
  3  4  1  0  0  0
  4  5  2  0  0  0
M  END
$$$$
N1=NNN=C1
  -ISIS-

  5  5  0  0  0  0  0  0  0  0  1
   -7.4848   -2.4679    0.9647  C  0  0  0  0  0
   -6.9259   -3.2660    1.9102  N  0  0  0  0  0
   -7.1771   -2.6400    3.0835  N  0  0  0  0  0
   -7.8654   -1.5039    2.8455  N  0  0  0  0  0
   -8.0711   -1.3742    1.5138  N  0  0  0  0  0
  1  5  1  0  0  0
  1  2  2  0  0  0
  2  3  1  0  0  0
  3  4  1  0  0  0
  4  5  2  0  0  0
M  END
$$$$
N1=NNN=C1
  -ISIS-

  5  5  0  0  0  0  0  0  0  0  1
   -4.8460   -0.2631    6.5907  C  0  0  0  0  0
   -4.2791   -0.8903    5.5224  N  0  0  0  0  0
   -4.1261   -2.1750    5.9106  N  0  0  0  0  0
   -4.5668   -2.3127    7.1773  N  0  0  0  0  0
   -5.0198   -1.1195    7.6295  N  0  0  0  0  0
  1  5  1  0  0  0
  1  2  2  0  0  0
  2  3  1  0  0  0
  3  4  1  0  0  0
  4  5  2  0  0  0
M  END
$$$$
N1=NNN=C1
  -ISIS-

  5  5  0  0  0  0  0  0  0  0  1
    3.5835    0.6145   -1.5088  C  0  0  0  0  0
    4.2405   -0.1203   -0.5904  N  0  0  0  0  0
    4.0493   -1.4054   -0.9758  N  0  0  0  0  0
    3.3021   -1.4232   -2.1007  N  0  0  0  0  0
    3.0012   -0.1501   -2.4541  N  0  0  0  0  0
  1  5  1  0  0  0
  1  2  2  0  0  0
  2  3  1  0  0  0
  3  4  1  0  0  0
  4  5  2  0  0  0
M  END
$$$$
N1=NNN=C1
  -ISIS-

  5  5  0  0  0  0  0  0  0  0  1
    4.3418    1.7622   -0.4439  C  0  0  0  0  0
    5.1571    2.8350   -0.3863  N  0  0  0  0  0
    4.7592    3.6261   -1.4119  N  0  0  0  0  0
    3.7362    3.0286   -2.0602  N  0  0  0  0  0
    3.4620    1.8443   -1.4610  N  0  0  0  0  0
  1  5  1  0  0  0
  1  2  2  0  0  0
  2  3  1  0  0  0
  3  4  1  0  0  0
  4  5  2  0  0  0
M  END
$$$$
N1=NNN=C1
  -ISIS-

  5  5  0  0  0  0  0  0  0  0  1
   -5.2993    3.1437   -0.2774  C  0  0  0  0  0
   -5.9178    2.5565   -1.3219  N  0  0  0  0  0
   -6.3368    3.5854   -2.0974  N  0  0  0  0  0
   -5.9763    4.7510   -1.5182  N  0  0  0  0  0
   -5.3194    4.4881   -0.3622  N  0  0  0  0  0
  1  5  1  0  0  0
  1  2  2  0  0  0
  2  3  1  0  0  0
  3  4  1  0  0  0
  4  5  2  0  0  0
M  END
$$$$
N1=NNN=C1
  -ISIS-

  5  5  0  0  0  0  0  0  0  0  1
   -5.8801    6.5835    3.7989  C  0  0  0  0  0
   -5.8978    7.9128    4.0182  N  0  0  0  0  0
   -7.0537    8.3409    3.4545  N  0  0  0  0  0
   -7.7034    7.2843    2.9203  N  0  0  0  0  0
   -6.9750    6.1618    3.1333  N  0  0  0  0  0
  1  5  1  0  0  0
  1  2  2  0  0  0
  2  3  1  0  0  0
  3  4  1  0  0  0
  4  5  2  0  0  0
M  END
$$$$
N1=NNN=C1
  -ISIS-

  5  5  0  0  0  0  0  0  0  0  1
   -4.2495    4.7108    4.9359  C  0  0  0  0  0
   -3.4811    5.7313    5.3668  N  0  0  0  0  0
   -3.9658    6.8218    4.7255  N  0  0  0  0  0
   -4.9927    6.4479    3.9320  N  0  0  0  0  0
   -5.1834    5.1116    4.0524  N  0  0  0  0  0
  1  5  1  0  0  0
  1  2  2  0  0  0
  2  3  1  0  0  0
  3  4  1  0  0  0
  4  5  2  0  0  0
M  END
$$$$
N1=NNN=C1
  -ISIS-

  5  5  0  0  0  0  0  0  0  0  1
   -1.9703   -0.9556    4.2100  C  0  0  0  0  0
   -2.4822   -0.7037    5.4326  N  0  0  0  0  0
   -1.6750   -1.3723    6.2910  N  0  0  0  0  0
   -0.7014   -1.9919    5.5902  N  0  0  0  0  0
   -0.8705   -1.7325    4.2707  N  0  0  0  0  0
  1  5  1  0  0  0
  1  2  2  0  0  0
  2  3  1  0  0  0
  3  4  1  0  0  0
  4  5  2  0  0  0
M  END
$$$$
N1=NNN=C1
  -ISIS-

  5  5  0  0  0  0  0  0  0  0  1
   -0.4105    1.0485    2.0858  C  0  0  0  0  0
   -0.7041    0.2336    1.0518  N  0  0  0  0  0
    0.1219    0.6313    0.0541  N  0  0  0  0  0
    0.8800    1.6598    0.4911  N  0  0  0  0  0
    0.5517    1.9390    1.7762  N  0  0  0  0  0
  1  5  1  0  0  0
  1  2  2  0  0  0
  2  3  1  0  0  0
  3  4  1  0  0  0
  4  5  2  0  0  0
M  END
$$$$
N1=NNN=C1
  -ISIS-

  5  5  0  0  0  0  0  0  0  0  1
   -5.8478    2.4494   -2.3356  C  0  0  0  0  0
   -5.3981    3.6341   -2.7980  N  0  0  0  0  0
   -6.3432    4.0422   -3.6789  N  0  0  0  0  0
   -7.3292    3.1206   -3.7282  N  0  0  0  0  0
   -7.0306    2.1052   -2.8816  N  0  0  0  0  0
  1  5  1  0  0  0
  1  2  2  0  0  0
  2  3  1  0  0  0
  3  4  1  0  0  0
  4  5  2  0  0  0
M  END
$$$$
N1=NNN=C1
  -ISIS-

  5  5  0  0  0  0  0  0  0  0  1
   -1.9790   -4.3964   -8.2874  C  0  0  0  0  0
   -2.3336   -3.5483   -9.2744  N  0  0  0  0  0
   -2.3267   -4.3055  -10.3978  N  0  0  0  0  0
   -1.9701   -5.5682  -10.0779  N  0  0  0  0  0
   -1.7419   -5.6410   -8.7439  N  0  0  0  0  0
  1  5  1  0  0  0
  1  2  2  0  0  0
  2  3  1  0  0  0
  3  4  1  0  0  0
  4  5  2  0  0  0
M  END
$$$$
N1=NNN=C1
  -ISIS-

  5  5  0  0  0  0  0  0  0  0  1
    5.9689   -7.1189   -5.5279  C  0  0  0  0  0
    7.1994   -6.5551   -5.4488  N  0  0  0  0  0
    7.9781   -7.3147   -6.2541  N  0  0  0  0  0
    7.2330   -8.3009   -6.7959  N  0  0  0  0  0
    5.9592   -8.1966   -6.3511  N  0  0  0  0  0
  1  5  1  0  0  0
  1  2  2  0  0  0
  2  3  1  0  0  0
  3  4  1  0  0  0
  4  5  2  0  0  0
M  END
$$$$
N1=NNN=C1
  -ISIS-

  5  5  0  0  0  0  0  0  0  0  1
    4.4032    2.1462    3.9247  C  0  0  0  0  0
    4.3858    0.7913    3.8421  N  0  0  0  0  0
    5.4892    0.4747    3.1246  N  0  0  0  0  0
    6.1442    1.6056    2.7887  N  0  0  0  0  0
    5.4764    2.6745    3.2827  N  0  0  0  0  0
  1  5  1  0  0  0
  1  2  2  0  0  0
  2  3  1  0  0  0
  3  4  1  0  0  0
  4  5  2  0  0  0
M  END
$$$$
N1=NNN=C1
  -ISIS-

  5  5  0  0  0  0  0  0  0  0  1
    2.9610   -3.3878    2.0786  C  0  0  0  0  0
    3.1298   -4.7240    2.1208  N  0  0  0  0  0
    1.8812   -5.2350    1.9934  N  0  0  0  0  0
    0.9945   -4.2207    1.9082  N  0  0  0  0  0
    1.6598   -3.0433    1.9830  N  0  0  0  0  0
  1  5  1  0  0  0
  1  2  2  0  0  0
  2  3  1  0  0  0
  3  4  1  0  0  0
  4  5  2  0  0  0
M  END
$$$$
N1=NNN=C1
  -ISIS-

  5  5  0  0  0  0  0  0  0  0  1
    6.8287  -12.1659    2.9565  C  0  0  0  0  0
    7.3242  -11.9945    4.1971  N  0  0  0  0  0
    7.6808  -13.2382    4.6007  N  0  0  0  0  0
    7.4046  -14.1195    3.6154  N  0  0  0  0  0
    6.8657  -13.4555    2.5647  N  0  0  0  0  0
  1  5  1  0  0  0
  1  2  2  0  0  0
  2  3  1  0  0  0
  3  4  1  0  0  0
  4  5  2  0  0  0
M  END
$$$$
N1=NNN=C1
  -ISIS-

  5  5  0  0  0  0  0  0  0  0  1
   -0.1839   -1.3594   -1.4521  C  0  0  0  0  0
   -0.6682   -1.7509   -0.2550  N  0  0  0  0  0
   -1.3804   -0.6902    0.1943  N  0  0  0  0  0
   -1.3428    0.2910   -0.7321  N  0  0  0  0  0
   -0.6036   -0.1244   -1.7893  N  0  0  0  0  0
  1  5  1  0  0  0
  1  2  2  0  0  0
  2  3  1  0  0  0
  3  4  1  0  0  0
  4  5  2  0  0  0
M  END
$$$$
N1=NNN=C1
  -ISIS-

  5  5  0  0  0  0  0  0  0  0  1
    3.9363    0.1480   -3.0548  C  0  0  0  0  0
    3.4418    1.2965   -3.5592  N  0  0  0  0  0
    3.3747    1.0864   -4.8958  N  0  0  0  0  0
    3.8054   -0.1639   -5.1687  N  0  0  0  0  0
    4.1583   -0.7743   -4.0116  N  0  0  0  0  0
  1  5  1  0  0  0
  1  2  2  0  0  0
  2  3  1  0  0  0
  3  4  1  0  0  0
  4  5  2  0  0  0
M  END
$$$$
N1=NNN=C1
  -ISIS-

  5  5  0  0  0  0  0  0  0  0  1
    6.2070   -8.4122   -9.0827  C  0  0  0  0  0
    5.6368   -7.1917   -9.1117  N  0  0  0  0  0
    4.8505   -7.2059  -10.2153  N  0  0  0  0  0
    4.9694   -8.4033  -10.8281  N  0  0  0  0  0
    5.8364   -9.1751  -10.1295  N  0  0  0  0  0
  1  5  1  0  0  0
  1  2  2  0  0  0
  2  3  1  0  0  0
  3  4  1  0  0  0
  4  5  2  0  0  0
M  END
$$$$
N1=NNN=C1
  -ISIS-

  5  5  0  0  0  0  0  0  0  0  1
    2.7512   -4.5965   -0.1026  C  0  0  0  0  0
    1.9174   -5.6497   -0.2026  N  0  0  0  0  0
    1.8861   -6.1844    1.0424  N  0  0  0  0  0
    2.6792   -5.4557    1.8572  N  0  0  0  0  0
    3.2325   -4.4425    1.1479  N  0  0  0  0  0
  1  5  1  0  0  0
  1  2  2  0  0  0
  2  3  1  0  0  0
  3  4  1  0  0  0
  4  5  2  0  0  0
M  END
$$$$
N1=NNN=C1
  -ISIS-

  5  5  0  0  0  0  0  0  0  0  1
    6.2728   -9.1277    0.8114  C  0  0  0  0  0
    7.0000   -9.2684    1.9365  N  0  0  0  0  0
    7.3774  -10.5701    1.9430  N  0  0  0  0  0
    6.8865  -11.1787    0.8420  N  0  0  0  0  0
    6.1866  -10.2774    0.1116  N  0  0  0  0  0
  1  5  1  0  0  0
  1  2  2  0  0  0
  2  3  1  0  0  0
  3  4  1  0  0  0
  4  5  2  0  0  0
M  END
$$$$
N1=NNN=C1
  -ISIS-

  5  5  0  0  0  0  0  0  0  0  1
    8.4402    5.9095    2.8010  C  0  0  0  0  0
    7.5575    6.6814    3.4677  N  0  0  0  0  0
    8.3092    7.6607    4.0262  N  0  0  0  0  0
    9.6049    7.4640    3.7000  N  0  0  0  0  0
    9.7052    6.3552    2.9271  N  0  0  0  0  0
  1  5  1  0  0  0
  1  2  2  0  0  0
  2  3  1  0  0  0
  3  4  1  0  0  0
  4  5  2  0  0  0
M  END
$$$$
N1=NNN=C1
  -ISIS-

  5  5  0  0  0  0  0  0  0  0  1
    5.4891    6.8995    0.0578  C  0  0  0  0  0
    5.5175    6.1960    1.2081  N  0  0  0  0  0
    6.2279    6.9668    2.0661  N  0  0  0  0  0
    6.5953    8.1046    1.4381  N  0  0  0  0  0
    6.1277    8.0808    0.1664  N  0  0  0  0  0
  1  5  1  0  0  0
  1  2  2  0  0  0
  2  3  1  0  0  0
  3  4  1  0  0  0
  4  5  2  0  0  0
M  END
$$$$
N1=NNN=C1
  -ISIS-

  5  5  0  0  0  0  0  0  0  0  1
    8.0307    9.1606   -1.3647  C  0  0  0  0  0
    7.8354   10.3206   -2.0200  N  0  0  0  0  0
    8.3174   11.2729   -1.1851  N  0  0  0  0  0
    8.7820   10.6832   -0.0624  N  0  0  0  0  0
    8.6046    9.3436   -0.1588  N  0  0  0  0  0
  1  5  1  0  0  0
  1  2  2  0  0  0
  2  3  1  0  0  0
  3  4  1  0  0  0
  4  5  2  0  0  0
M  END
$$$$
N1=NNN=C1
  -ISIS-

  5  5  0  0  0  0  0  0  0  0  1
    0.7983   -9.2459    2.2947  C  0  0  0  0  0
    1.0194  -10.0158    1.2093  N  0  0  0  0  0
    0.2771  -11.1295    1.4197  N  0  0  0  0  0
   -0.3605  -11.0184    2.6050  N  0  0  0  0  0
   -0.0376   -9.8314    3.1739  N  0  0  0  0  0
  1  5  1  0  0  0
  1  2  2  0  0  0
  2  3  1  0  0  0
  3  4  1  0  0  0
  4  5  2  0  0  0
M  END
$$$$
N1=NNN=C1
  -ISIS-

  5  5  0  0  0  0  0  0  0  0  1
    1.3133    2.7089    6.2633  C  0  0  0  0  0
    2.1653    1.8208    5.7128  N  0  0  0  0  0
    2.8235    1.2779    6.7650  N  0  0  0  0  0
    2.3713    1.8396    7.9070  N  0  0  0  0  0
    1.4147    2.7509    7.6053  N  0  0  0  0  0
  1  5  1  0  0  0
  1  2  2  0  0  0
  2  3  1  0  0  0
  3  4  1  0  0  0
  4  5  2  0  0  0
M  END
$$$$
N1=NNN=C1
  -ISIS-

  5  5  0  0  0  0  0  0  0  0  1
    1.0488   -1.8251    4.1385  C  0  0  0  0  0
    0.3827   -2.3131    5.2028  N  0  0  0  0  0
    0.5234   -1.3669    6.1627  N  0  0  0  0  0
    1.2375   -0.3349    5.6654  N  0  0  0  0  0
    1.5627   -0.6010    4.3780  N  0  0  0  0  0
  1  5  1  0  0  0
  1  2  2  0  0  0
  2  3  1  0  0  0
  3  4  1  0  0  0
  4  5  2  0  0  0
M  END
$$$$
N1=NNN=C1
  -ISIS-

  5  5  0  0  0  0  0  0  0  0  1
   -2.6286   -6.9483    4.6744  C  0  0  0  0  0
   -2.6655   -6.0985    5.7211  N  0  0  0  0  0
   -3.5050   -6.6820    6.6101  N  0  0  0  0  0
   -3.9467   -7.8515    6.0992  N  0  0  0  0  0
   -3.3980   -8.0362    4.8738  N  0  0  0  0  0
  1  5  1  0  0  0
  1  2  2  0  0  0
  2  3  1  0  0  0
  3  4  1  0  0  0
  4  5  2  0  0  0
M  END
$$$$
N1=NNN=C1
  -ISIS-

  5  5  0  0  0  0  0  0  0  0  1
   -2.2355   -4.8667    7.3049  C  0  0  0  0  0
   -3.2210   -4.0129    7.6445  N  0  0  0  0  0
   -3.8250   -4.5906    8.7113  N  0  0  0  0  0
   -3.2027   -5.7553    8.9948  N  0  0  0  0  0
   -2.1903   -5.9439    8.1138  N  0  0  0  0  0
  1  5  1  0  0  0
  1  2  2  0  0  0
  2  3  1  0  0  0
  3  4  1  0  0  0
  4  5  2  0  0  0
M  END
$$$$
N1=NNN=C1
  -ISIS-

  5  5  0  0  0  0  0  0  0  0  1
    1.0780   -2.6490   -0.9450  C  0  0  0  0  0
    1.2120   -3.7960   -1.6380  N  0  0  0  0  0
    0.0060   -3.9862   -2.2265  N  0  0  0  0  0
   -0.8165   -2.9697   -1.8887  N  0  0  0  0  0
   -0.1515   -2.1115   -1.0783  N  0  0  0  0  0
  1  5  1  0  0  0
  1  2  2  0  0  0
  2  3  1  0  0  0
  3  4  1  0  0  0
  4  5  2  0  0  0
M  END
$$$$
N1=NNN=C1
  -ISIS-

  5  5  0  0  0  0  0  0  0  0  1
   -4.0313   -4.4069    0.7089  C  0  0  0  0  0
   -3.9114   -3.7403    1.8750  N  0  0  0  0  0
   -4.7339   -4.3929    2.7312  N  0  0  0  0  0
   -5.3268   -5.4172    2.0805  N  0  0  0  0  0
   -4.8938   -5.4377    0.7964  N  0  0  0  0  0
  1  5  1  0  0  0
  1  2  2  0  0  0
  2  3  1  0  0  0
  3  4  1  0  0  0
  4  5  2  0  0  0
M  END
$$$$
N1=NNN=C1
  -ISIS-

  5  5  0  0  0  0  0  0  0  0  1
    1.8373   -3.1629   -5.2859  C  0  0  0  0  0
    1.8927   -4.1329   -6.2187  N  0  0  0  0  0
    0.6032   -4.3339   -6.5844  N  0  0  0  0  0
   -0.1911   -3.4955   -5.8843  N  0  0  0  0  0
    0.5759   -2.7436   -5.0585  N  0  0  0  0  0
  1  5  1  0  0  0
  1  2  2  0  0  0
  2  3  1  0  0  0
  3  4  1  0  0  0
  4  5  2  0  0  0
M  END
$$$$
N1=NNN=C1
  -ISIS-

  5  5  0  0  0  0  0  0  0  0  1
    1.4911   -5.8645   -7.3829  C  0  0  0  0  0
    1.7537   -6.1589   -8.6713  N  0  0  0  0  0
    3.0998   -6.0487   -8.7841  N  0  0  0  0  0
    3.6199   -5.7258   -7.5809  N  0  0  0  0  0
    2.6166   -5.6313   -6.6759  N  0  0  0  0  0
  1  5  1  0  0  0
  1  2  2  0  0  0
  2  3  1  0  0  0
  3  4  1  0  0  0
  4  5  2  0  0  0
M  END
$$$$
N1=NNN=C1
  -ISIS-

  5  5  0  0  0  0  0  0  0  0  1
   -3.8226   -3.3662    2.4276  C  0  0  0  0  0
   -3.7570   -2.7537    3.6257  N  0  0  0  0  0
   -5.0211   -2.8085    4.1108  N  0  0  0  0  0
   -5.8104   -3.4440    3.2181  N  0  0  0  0  0
   -5.0653   -3.8062    2.1459  N  0  0  0  0  0
  1  5  1  0  0  0
  1  2  2  0  0  0
  2  3  1  0  0  0
  3  4  1  0  0  0
  4  5  2  0  0  0
M  END
$$$$
N1=NNN=C1
  -ISIS-

  5  5  0  0  0  0  0  0  0  0  1
    3.9263    2.9533   -1.9513  C  0  0  0  0  0
    3.1835    2.8307   -0.8335  N  0  0  0  0  0
    4.0800    2.8741    0.1815  N  0  0  0  0  0
    5.3218    3.0147   -0.3307  N  0  0  0  0  0
    5.2413    3.0640   -1.6824  N  0  0  0  0  0
  1  5  1  0  0  0
  1  2  2  0  0  0
  2  3  1  0  0  0
  3  4  1  0  0  0
  4  5  2  0  0  0
M  END
$$$$
N1=NNN=C1
  -ISIS-

  5  5  0  0  0  0  0  0  0  0  1
    0.6771   -3.8337   -3.7361  C  0  0  0  0  0
    0.8101   -5.1559   -3.5132  N  0  0  0  0  0
    1.7348   -5.5670   -4.4149  N  0  0  0  0  0
    2.1403   -4.5074   -5.1474  N  0  0  0  0  0
    1.4828   -3.3996   -4.7272  N  0  0  0  0  0
  1  5  1  0  0  0
  1  2  2  0  0  0
  2  3  1  0  0  0
  3  4  1  0  0  0
  4  5  2  0  0  0
M  END
$$$$
N1=NNN=C1
  -ISIS-

  5  5  0  0  0  0  0  0  0  0  1
   -3.5855    3.6985   -2.4097  C  0  0  0  0  0
   -2.8595    4.1914   -3.4339  N  0  0  0  0  0
   -3.6379    5.1607   -3.9734  N  0  0  0  0  0
   -4.7979    5.2306   -3.2852  N  0  0  0  0  0
   -4.7817    4.3077   -2.2928  N  0  0  0  0  0
  1  5  1  0  0  0
  1  2  2  0  0  0
  2  3  1  0  0  0
  3  4  1  0  0  0
  4  5  2  0  0  0
M  END
$$$$
N1=NNN=C1
  -ISIS-

  5  5  0  0  0  0  0  0  0  0  1
   -5.6294    9.2621    5.0657  C  0  0  0  0  0
   -6.7692    9.2433    5.7869  N  0  0  0  0  0
   -7.0295   10.5449    6.0570  N  0  0  0  0  0
   -6.0535   11.3105    5.5235  N  0  0  0  0  0
   -5.1542   10.5120    4.8988  N  0  0  0  0  0
  1  5  1  0  0  0
  1  2  2  0  0  0
  2  3  1  0  0  0
  3  4  1  0  0  0
  4  5  2  0  0  0
M  END
$$$$
N1=NNN=C1
  -ISIS-

  5  5  0  0  0  0  0  0  0  0  1
   -0.2311   10.3891   -3.9656  C  0  0  0  0  0
   -0.9886   11.4619   -3.6606  N  0  0  0  0  0
   -0.4294   11.9691   -2.5355  N  0  0  0  0  0
    0.6294   11.2072   -2.1857  N  0  0  0  0  0
    0.7663   10.1991   -3.0809  N  0  0  0  0  0
  1  5  1  0  0  0
  1  2  2  0  0  0
  2  3  1  0  0  0
  3  4  1  0  0  0
  4  5  2  0  0  0
M  END
$$$$
N1=NNN=C1
  -ISIS-

  5  5  0  0  0  0  0  0  0  0  1
   -3.2897    3.9868    3.6455  C  0  0  0  0  0
   -4.1955    3.1783    3.0615  N  0  0  0  0  0
   -4.2044    2.0595    3.8267  N  0  0  0  0  0
   -3.3264    2.2104    4.8416  N  0  0  0  0  0
   -2.7407    3.4285    4.7442  N  0  0  0  0  0
  1  5  1  0  0  0
  1  2  2  0  0  0
  2  3  1  0  0  0
  3  4  1  0  0  0
  4  5  2  0  0  0
M  END
$$$$
N1=NNN=C1
  -ISIS-

  5  5  0  0  0  0  0  0  0  0  1
   -0.8118    2.1163   -4.3730  C  0  0  0  0  0
   -1.4347    0.9260   -4.4893  N  0  0  0  0  0
   -0.6027    0.1744   -5.2499  N  0  0  0  0  0
    0.4819    0.9093   -5.5773  N  0  0  0  0  0
    0.3627    2.1443   -5.0319  N  0  0  0  0  0
  1  5  1  0  0  0
  1  2  2  0  0  0
  2  3  1  0  0  0
  3  4  1  0  0  0
  4  5  2  0  0  0
M  END
$$$$
N1=NNN=C1
  -ISIS-

  5  5  0  0  0  0  0  0  0  0  1
   -3.2833    7.1373   -1.8235  C  0  0  0  0  0
   -3.5785    6.5277   -0.6589  N  0  0  0  0  0
   -2.7552    7.1034    0.2506  N  0  0  0  0  0
   -1.9973    8.0353   -0.3664  N  0  0  0  0  0
   -2.3214    8.0712   -1.6815  N  0  0  0  0  0
  1  5  1  0  0  0
  1  2  2  0  0  0
  2  3  1  0  0  0
  3  4  1  0  0  0
  4  5  2  0  0  0
M  END
$$$$
N1=NNN=C1
  -ISIS-

  5  5  0  0  0  0  0  0  0  0  1
    2.5891    4.4897   -1.5659  C  0  0  0  0  0
    2.8123    5.1025   -2.7459  N  0  0  0  0  0
    3.5542    4.2201   -3.4575  N  0  0  0  0  0
    3.7643    3.1152   -2.7100  N  0  0  0  0  0
    3.1617    3.2721   -1.5063  N  0  0  0  0  0
  1  5  1  0  0  0
  1  2  2  0  0  0
  2  3  1  0  0  0
  3  4  1  0  0  0
  4  5  2  0  0  0
M  END
$$$$
N1=NNN=C1
  -ISIS-

  5  5  0  0  0  0  0  0  0  0  1
    3.2878   -0.5828    2.7373  C  0  0  0  0  0
    3.2847   -1.5830    3.6395  N  0  0  0  0  0
    4.0863   -2.5345    3.1021  N  0  0  0  0  0
    4.5532   -2.0993    1.9118  N  0  0  0  0  0
    4.0593   -0.8616    1.6672  N  0  0  0  0  0
  1  5  1  0  0  0
  1  2  2  0  0  0
  2  3  1  0  0  0
  3  4  1  0  0  0
  4  5  2  0  0  0
M  END
$$$$
N1=NNN=C1
  -ISIS-

  5  5  0  0  0  0  0  0  0  0  1
   -7.0831    6.1533    3.8603  C  0  0  0  0  0
   -7.5394    7.4181    3.7540  N  0  0  0  0  0
   -8.6401    7.3237    2.9704  N  0  0  0  0  0
   -8.8385    6.0293    2.6415  N  0  0  0  0  0
   -7.8667    5.2731    3.2077  N  0  0  0  0  0
  1  5  1  0  0  0
  1  2  2  0  0  0
  2  3  1  0  0  0
  3  4  1  0  0  0
  4  5  2  0  0  0
M  END
$$$$
N1=NNN=C1
  -ISIS-

  5  5  0  0  0  0  0  0  0  0  1
    0.4325    2.8598    1.8887  C  0  0  0  0  0
    1.6262    2.2407    1.9703  N  0  0  0  0  0
    1.3519    1.0349    2.5247  N  0  0  0  0  0
    0.0242    0.9455    2.7556  N  0  0  0  0  0
   -0.5744    2.0928    2.3537  N  0  0  0  0  0
  1  5  1  0  0  0
  1  2  2  0  0  0
  2  3  1  0  0  0
  3  4  1  0  0  0
  4  5  2  0  0  0
M  END
$$$$
N1=NNN=C1
  -ISIS-

  5  5  0  0  0  0  0  0  0  0  1
   -1.7388    1.6778   -6.4932  C  0  0  0  0  0
   -2.9889    1.1768   -6.5551  N  0  0  0  0  0
   -2.9194    0.1908   -7.4819  N  0  0  0  0  0
   -1.6571    0.1178   -7.9561  N  0  0  0  0  0
   -0.8968    1.0560   -7.3411  N  0  0  0  0  0
  1  5  1  0  0  0
  1  2  2  0  0  0
  2  3  1  0  0  0
  3  4  1  0  0  0
  4  5  2  0  0  0
M  END
$$$$
N1=NNN=C1
  -ISIS-

  5  5  0  0  0  0  0  0  0  0  1
   -1.4387    6.5356   -2.0125  C  0  0  0  0  0
   -1.1939    7.8241   -1.7053  N  0  0  0  0  0
   -0.7605    7.7963   -0.4216  N  0  0  0  0  0
   -0.7441    6.5173    0.0122  N  0  0  0  0  0
   -1.1661    5.7045   -0.9864  N  0  0  0  0  0
  1  5  1  0  0  0
  1  2  2  0  0  0
  2  3  1  0  0  0
  3  4  1  0  0  0
  4  5  2  0  0  0
M  END
$$$$
N1=NNN=C1
  -ISIS-

  5  5  0  0  0  0  0  0  0  0  1
   -1.7992    5.4733   -9.3066  C  0  0  0  0  0
   -2.5523    6.2136  -10.1451  N  0  0  0  0  0
   -2.3722    5.6451  -11.3616  N  0  0  0  0  0
   -1.5282    4.5977  -11.2397  N  0  0  0  0  0
   -1.1524    4.4782   -9.9430  N  0  0  0  0  0
  1  5  1  0  0  0
  1  2  2  0  0  0
  2  3  1  0  0  0
  3  4  1  0  0  0
  4  5  2  0  0  0
M  END
$$$$
N1=NNN=C1
  -ISIS-

  5  5  0  0  0  0  0  0  0  0  1
    2.0687   10.7727   -0.4182  C  0  0  0  0  0
    2.6071   11.8189    0.2374  N  0  0  0  0  0
    3.4703   12.3735   -0.6480  N  0  0  0  0  0
    3.4351   11.6699   -1.8002  N  0  0  0  0  0
    2.5482   10.6536   -1.6726  N  0  0  0  0  0
  1  5  1  0  0  0
  1  2  2  0  0  0
  2  3  1  0  0  0
  3  4  1  0  0  0
  4  5  2  0  0  0
M  END
$$$$
N1=NNN=C1
  -ISIS-

  5  5  0  0  0  0  0  0  0  0  1
   -0.1748    7.2832    0.5838  C  0  0  0  0  0
   -0.5095    6.8785    1.8240  N  0  0  0  0  0
    0.5800    7.1527    2.5817  N  0  0  0  0  0
    1.5313    7.7116    1.8030  N  0  0  0  0  0
    1.0677    7.8040    0.5334  N  0  0  0  0  0
  1  5  1  0  0  0
  1  2  2  0  0  0
  2  3  1  0  0  0
  3  4  1  0  0  0
  4  5  2  0  0  0
M  END
$$$$
N1=NNN=C1
  -ISIS-

  5  5  0  0  0  0  0  0  0  0  1
    1.6178    5.4012   -8.6823  C  0  0  0  0  0
    1.0489    6.1869   -9.6193  N  0  0  0  0  0
    1.6695    5.8485  -10.7751  N  0  0  0  0  0
    2.5862    4.8899  -10.5207  N  0  0  0  0  0
    2.5687    4.5984   -9.1973  N  0  0  0  0  0
  1  5  1  0  0  0
  1  2  2  0  0  0
  2  3  1  0  0  0
  3  4  1  0  0  0
  4  5  2  0  0  0
M  END
$$$$
N1=NNN=C1
  -ISIS-

  5  5  0  0  0  0  0  0  0  0  1
   -1.0225    5.3621    4.8474  C  0  0  0  0  0
   -1.8112    5.1762    5.9241  N  0  0  0  0  0
   -1.7248    6.3355    6.6208  N  0  0  0  0  0
   -0.9155    7.1902    5.9593  N  0  0  0  0  0
   -0.4734    6.5943    4.8260  N  0  0  0  0  0
  1  5  1  0  0  0
  1  2  2  0  0  0
  2  3  1  0  0  0
  3  4  1  0  0  0
  4  5  2  0  0  0
M  END
$$$$
N1=NNN=C1
  -ISIS-

  5  5  0  0  0  0  0  0  0  0  1
   -6.2256    5.3080   -4.9129  C  0  0  0  0  0
   -6.9463    5.7287   -3.8554  N  0  0  0  0  0
   -8.1167    6.1605   -4.3852  N  0  0  0  0  0
   -8.0853    5.9923   -5.7248  N  0  0  0  0  0
   -6.8949    5.4488   -6.0759  N  0  0  0  0  0
  1  5  1  0  0  0
  1  2  2  0  0  0
  2  3  1  0  0  0
  3  4  1  0  0  0
  4  5  2  0  0  0
M  END
$$$$
N1=NNN=C1
  -ISIS-

  5  5  0  0  0  0  0  0  0  0  1
   -5.0379    7.2540    6.3241  C  0  0  0  0  0
   -5.1765    7.7788    7.5586  N  0  0  0  0  0
   -6.4892    8.1017    7.6497  N  0  0  0  0  0
   -7.1052    7.7810    6.4914  N  0  0  0  0  0
   -6.1978    7.2446    5.6394  N  0  0  0  0  0
  1  5  1  0  0  0
  1  2  2  0  0  0
  2  3  1  0  0  0
  3  4  1  0  0  0
  4  5  2  0  0  0
M  END
$$$$
N1=NNN=C1
  -ISIS-

  5  5  0  0  0  0  0  0  0  0  1
   -1.4568    2.8174   -2.6679  C  0  0  0  0  0
   -2.6428    3.4498   -2.5581  N  0  0  0  0  0
   -2.3946    4.5143   -1.7578  N  0  0  0  0  0
   -1.0947    4.4986   -1.3916  N  0  0  0  0  0
   -0.4875    3.4253   -1.9539  N  0  0  0  0  0
  1  5  1  0  0  0
  1  2  2  0  0  0
  2  3  1  0  0  0
  3  4  1  0  0  0
  4  5  2  0  0  0
M  END
$$$$
N1=NNN=C1
  -ISIS-

  5  5  0  0  0  0  0  0  0  0  1
    6.2229    0.2833    3.0163  C  0  0  0  0  0
    7.2576    1.1020    3.2854  N  0  0  0  0  0
    8.2328    0.2832    3.7492  N  0  0  0  0  0
    7.7803   -0.9894    3.7474  N  0  0  0  0  0
    6.5079   -1.0071    3.2825  N  0  0  0  0  0
  1  5  1  0  0  0
  1  2  2  0  0  0
  2  3  1  0  0  0
  3  4  1  0  0  0
  4  5  2  0  0  0
M  END
$$$$
N1=NNN=C1
  -ISIS-

  5  5  0  0  0  0  0  0  0  0  1
   -1.8255    4.3624    3.1998  C  0  0  0  0  0
   -2.3312    5.4732    3.7673  N  0  0  0  0  0
   -3.6497    5.4491    3.4560  N  0  0  0  0  0
   -3.9110    4.3461    2.7221  N  0  0  0  0  0
   -2.7640    3.6470    2.5491  N  0  0  0  0  0
  1  5  1  0  0  0
  1  2  2  0  0  0
  2  3  1  0  0  0
  3  4  1  0  0  0
  4  5  2  0  0  0
M  END
$$$$
N1=NNN=C1
  -ISIS-

  5  5  0  0  0  0  0  0  0  0  1
    0.4663   -0.0493   -4.2686  C  0  0  0  0  0
   -0.7347   -0.0291   -4.8772  N  0  0  0  0  0
   -0.5818   -0.8198   -5.9672  N  0  0  0  0  0
    0.6810   -1.2980   -5.9938  N  0  0  0  0  0
    1.3581   -0.8224   -4.9209  N  0  0  0  0  0
  1  5  1  0  0  0
  1  2  2  0  0  0
  2  3  1  0  0  0
  3  4  1  0  0  0
  4  5  2  0  0  0
M  END
$$$$
N1=NNN=C1
  -ISIS-

  5  5  0  0  0  0  0  0  0  0  1
   -1.4746   -4.1227   -7.1004  C  0  0  0  0  0
   -2.3528   -4.3468   -6.1036  N  0  0  0  0  0
   -3.5294   -4.5927   -6.7292  N  0  0  0  0  0
   -3.3429   -4.5243   -8.0650  N  0  0  0  0  0
   -2.0434   -4.2364   -8.3173  N  0  0  0  0  0
  1  5  1  0  0  0
  1  2  2  0  0  0
  2  3  1  0  0  0
  3  4  1  0  0  0
  4  5  2  0  0  0
M  END
$$$$
N1=NNN=C1
  -ISIS-

  5  5  0  0  0  0  0  0  0  0  1
   -2.8386    6.0046   -1.1561  C  0  0  0  0  0
   -2.7024    7.3442   -1.1783  N  0  0  0  0  0
   -3.7664    7.7868   -1.8916  N  0  0  0  0  0
   -4.5137    6.7290   -2.2747  N  0  0  0  0  0
   -3.9410    5.5912   -1.8137  N  0  0  0  0  0
  1  5  1  0  0  0
  1  2  2  0  0  0
  2  3  1  0  0  0
  3  4  1  0  0  0
  4  5  2  0  0  0
M  END
$$$$
N1=NNN=C1
  -ISIS-

  5  5  0  0  0  0  0  0  0  0  1
    2.2021    4.5763   -3.3029  C  0  0  0  0  0
    3.5242    4.8243   -3.3601  N  0  0  0  0  0
    3.7051    5.4551   -4.5459  N  0  0  0  0  0
    2.5125    5.5813   -5.1669  N  0  0  0  0  0
    1.5479    5.0312   -4.3908  N  0  0  0  0  0
  1  5  1  0  0  0
  1  2  2  0  0  0
  2  3  1  0  0  0
  3  4  1  0  0  0
  4  5  2  0  0  0
M  END
$$$$
N1=NNN=C1
  -ISIS-

  5  5  0  0  0  0  0  0  0  0  1
   -3.8973   -3.3045   -8.5084  C  0  0  0  0  0
   -4.3652   -4.0501   -7.4893  N  0  0  0  0  0
   -5.4775   -4.6474   -7.9820  N  0  0  0  0  0
   -5.6548   -4.2638   -9.2647  N  0  0  0  0  0
   -4.6590   -3.4148   -9.6155  N  0  0  0  0  0
  1  5  1  0  0  0
  1  2  2  0  0  0
  2  3  1  0  0  0
  3  4  1  0  0  0
  4  5  2  0  0  0
M  END
$$$$
N1=NNN=C1
  -ISIS-

  5  5  0  0  0  0  0  0  0  0  1
    2.0849    0.0481    1.0795  C  0  0  0  0  0
    2.5469    1.1759    1.6524  N  0  0  0  0  0
    2.6586    0.8731    2.9687  N  0  0  0  0  0
    2.2732   -0.4068    3.1628  N  0  0  0  0  0
    1.9109   -0.9460    1.9739  N  0  0  0  0  0
  1  5  1  0  0  0
  1  2  2  0  0  0
  2  3  1  0  0  0
  3  4  1  0  0  0
  4  5  2  0  0  0
M  END
$$$$
N1=NNN=C1
  -ISIS-

  5  5  0  0  0  0  0  0  0  0  1
    7.5621   -2.5753    2.1769  C  0  0  0  0  0
    6.8657   -2.6345    3.3283  N  0  0  0  0  0
    7.3474   -1.6116    4.0752  N  0  0  0  0  0
    8.3121   -0.9717    3.3797  N  0  0  0  0  0
    8.4661   -1.5751    2.1768  N  0  0  0  0  0
  1  5  1  0  0  0
  1  2  2  0  0  0
  2  3  1  0  0  0
  3  4  1  0  0  0
  4  5  2  0  0  0
M  END
$$$$
N1=NNN=C1
  -ISIS-

  5  5  0  0  0  0  0  0  0  0  1
   -0.4597   -2.6979  -10.6285  C  0  0  0  0  0
   -1.4201   -3.6212  -10.4322  N  0  0  0  0  0
   -1.6664   -4.1290  -11.6644  N  0  0  0  0  0
   -0.8642   -3.5184  -12.5634  N  0  0  0  0  0
   -0.0901   -2.6099  -11.9223  N  0  0  0  0  0
  1  5  1  0  0  0
  1  2  2  0  0  0
  2  3  1  0  0  0
  3  4  1  0  0  0
  4  5  2  0  0  0
M  END
$$$$
N1=NNN=C1
  -ISIS-

  5  5  0  0  0  0  0  0  0  0  1
   -3.7606    3.3517   -3.2240  C  0  0  0  0  0
   -3.7465    3.6737   -1.9166  N  0  0  0  0  0
   -5.0419    3.9294   -1.6109  N  0  0  0  0  0
   -5.8005    3.7527   -2.7143  N  0  0  0  0  0
   -5.0040    3.3814   -3.7454  N  0  0  0  0  0
  1  5  1  0  0  0
  1  2  2  0  0  0
  2  3  1  0  0  0
  3  4  1  0  0  0
  4  5  2  0  0  0
M  END
$$$$
N1=NNN=C1
  -ISIS-

  5  5  0  0  0  0  0  0  0  0  1
    9.5347   -1.8685   -3.6576  C  0  0  0  0  0
   10.0798   -1.8829   -2.4245  N  0  0  0  0  0
   11.3550   -2.2980   -2.6172  N  0  0  0  0  0
   11.5509   -2.5287   -3.9336  N  0  0  0  0  0
   10.4049   -2.2631   -4.6064  N  0  0  0  0  0
  1  5  1  0  0  0
  1  2  2  0  0  0
  2  3  1  0  0  0
  3  4  1  0  0  0
  4  5  2  0  0  0
M  END
$$$$
N1=NNN=C1
  -ISIS-

  5  5  0  0  0  0  0  0  0  0  1
   11.3956    0.0530   -4.9872  C  0  0  0  0  0
   12.2371   -0.4438   -5.9138  N  0  0  0  0  0
   13.4500    0.0631   -5.5842  N  0  0  0  0  0
   13.3225    0.8370   -4.4846  N  0  0  0  0  0
   12.0263    0.8379   -4.0904  N  0  0  0  0  0
  1  5  1  0  0  0
  1  2  2  0  0  0
  2  3  1  0  0  0
  3  4  1  0  0  0
  4  5  2  0  0  0
M  END
$$$$
N1=NNN=C1
  -ISIS-

  5  5  0  0  0  0  0  0  0  0  1
    2.5051   -0.7804   -7.7932  C  0  0  0  0  0
    1.4543   -1.3000   -7.1250  N  0  0  0  0  0
    0.3917   -1.0957   -7.9392  N  0  0  0  0  0
    0.8152   -0.5068   -9.0779  N  0  0  0  0  0
    2.1555   -0.3182   -9.0090  N  0  0  0  0  0
  1  5  1  0  0  0
  1  2  2  0  0  0
  2  3  1  0  0  0
  3  4  1  0  0  0
  4  5  2  0  0  0
M  END
$$$$
N1=NNN=C1
  -ISIS-

  5  5  0  0  0  0  0  0  0  0  1
   -1.3864    8.0210   -6.4603  C  0  0  0  0  0
   -1.7605    9.3137   -6.4132  N  0  0  0  0  0
   -2.5371    9.4873   -7.5102  N  0  0  0  0  0
   -2.6229    8.3184   -8.1815  N  0  0  0  0  0
   -1.9027    7.3763   -7.5261  N  0  0  0  0  0
  1  5  1  0  0  0
  1  2  2  0  0  0
  2  3  1  0  0  0
  3  4  1  0  0  0
  4  5  2  0  0  0
M  END
$$$$
N1=NNN=C1
  -ISIS-

  5  5  0  0  0  0  0  0  0  0  1
    9.2779   -0.6911   -6.1906  C  0  0  0  0  0
   10.0906   -0.6964   -5.1147  N  0  0  0  0  0
   11.3393   -0.5810   -5.6272  N  0  0  0  0  0
   11.2609   -0.5192   -6.9743  N  0  0  0  0  0
    9.9601   -0.5918   -7.3473  N  0  0  0  0  0
  1  5  1  0  0  0
  1  2  2  0  0  0
  2  3  1  0  0  0
  3  4  1  0  0  0
  4  5  2  0  0  0
M  END
$$$$
N1=NNN=C1
  -ISIS-

  5  5  0  0  0  0  0  0  0  0  1
    6.8712   -0.9413    3.3158  N  0  0  0  0  0
    7.6741    0.1453    3.2291  N  0  0  0  0  0
    6.9286    1.2341    2.9245  N  0  0  0  0  0
    5.6668    0.7530    2.8577  C  0  0  0  0  0
    5.5883   -0.5773    3.0734  N  0  0  0  0  0
  1  5  2  0  0  0
  1  2  1  0  0  0
  2  3  1  0  0  0
  3  4  2  0  0  0
  4  5  1  0  0  0
M  END
$$$$
N1=NNN=C1
  -ISIS-

  5  5  0  0  0  0  0  0  0  0  1
    2.9113    6.0733   -2.4588  C  0  0  0  0  0
    3.3626    6.8438   -3.4841  N  0  0  0  0  0
    2.8542    6.2521   -4.5880  N  0  0  0  0  0
    2.1415    5.1622   -4.2285  N  0  0  0  0  0
    2.1692    5.0262   -2.8835  N  0  0  0  0  0
  1  5  1  0  0  0
  1  2  2  0  0  0
  2  3  1  0  0  0
  3  4  1  0  0  0
  4  5  2  0  0  0
M  END
$$$$
N1=NNN=C1
  -ISIS-

  5  5  0  0  0  0  0  0  0  0  1
   -0.6044   -0.5806   -0.7774  C  0  0  0  0  0
    0.5183   -0.2938   -1.4808  N  0  0  0  0  0
    0.0742    0.0403   -2.7150  N  0  0  0  0  0
   -1.2723   -0.0460   -2.7446  N  0  0  0  0  0
   -1.7233   -0.4366   -1.5299  N  0  0  0  0  0
  1  5  1  0  0  0
  1  2  2  0  0  0
  2  3  1  0  0  0
  3  4  1  0  0  0
  4  5  2  0  0  0
M  END
$$$$
N1=NNN=C1
  -ISIS-

  5  5  0  0  0  0  0  0  0  0  1
   -1.0021    7.8137    0.6899  N  0  0  0  0  0
   -0.9968    8.4786    1.8693  N  0  0  0  0  0
   -0.3944    7.7175    2.8155  N  0  0  0  0  0
   -0.0385    6.5978    2.1496  C  0  0  0  0  0
   -0.4061    6.6074    0.8487  N  0  0  0  0  0
  1  5  2  0  0  0
  1  2  1  0  0  0
  2  3  1  0  0  0
  3  4  2  0  0  0
  4  5  1  0  0  0
M  END
$$$$
N1=NNN=C1
  -ISIS-

  5  5  0  0  0  0  0  0  0  0  1
   -7.0983   -0.7065    2.5704  C  0  0  0  0  0
   -6.5619   -1.5963    3.4435  N  0  0  0  0  0
   -7.5694   -2.4564    3.7218  N  0  0  0  0  0
   -8.6731   -2.0894    3.0374  N  0  0  0  0  0
   -8.3990   -0.9864    2.3023  N  0  0  0  0  0
  1  5  1  0  0  0
  1  2  2  0  0  0
  2  3  1  0  0  0
  3  4  1  0  0  0
  4  5  2  0  0  0
M  END
$$$$
N1=NNN=C1
  -ISIS-

  5  5  0  0  0  0  0  0  0  0  1
    5.5251    1.9352   -5.3243  C  0  0  0  0  0
    6.4147    1.0455   -5.8410  N  0  0  0  0  0
    7.4794    1.7930   -6.2167  N  0  0  0  0  0
    7.2366    3.0894   -5.9342  N  0  0  0  0  0
    6.0103    3.2038   -5.3704  N  0  0  0  0  0
  1  5  1  0  0  0
  1  2  2  0  0  0
  2  3  1  0  0  0
  3  4  1  0  0  0
  4  5  2  0  0  0
M  END
$$$$
N1=NNN=C1
  -ISIS-

  5  5  0  0  0  0  0  0  0  0  1
   -3.4361   -5.0719    3.7073  C  0  0  0  0  0
   -2.4587   -5.9550    3.4279  N  0  0  0  0  0
   -1.8841   -6.2232    4.6257  N  0  0  0  0  0
   -2.5158   -5.5168    5.5879  N  0  0  0  0  0
   -3.5058   -4.7843    5.0230  N  0  0  0  0  0
  1  5  1  0  0  0
  1  2  2  0  0  0
  2  3  1  0  0  0
  3  4  1  0  0  0
  4  5  2  0  0  0
M  END
$$$$
N1=NNN=C1
  -ISIS-

  5  5  0  0  0  0  0  0  0  0  1
   -4.5728   -3.3139    3.1776  C  0  0  0  0  0
   -5.8054   -3.3443    3.7212  N  0  0  0  0  0
   -5.6051   -3.8995    4.9407  N  0  0  0  0  0
   -4.2898   -4.1802    5.0976  N  0  0  0  0  0
   -3.6139   -3.8121    3.9827  N  0  0  0  0  0
  1  5  1  0  0  0
  1  2  2  0  0  0
  2  3  1  0  0  0
  3  4  1  0  0  0
  4  5  2  0  0  0
M  END
$$$$
N1=NNN=C1
  -ISIS-

  5  5  0  0  0  0  0  0  0  0  1
   -2.8932    6.0737   -9.0674  C  0  0  0  0  0
   -4.0732    6.7116   -8.9412  N  0  0  0  0  0
   -4.0623    7.2118   -7.6815  N  0  0  0  0  0
   -2.8993    6.8769   -7.0822  N  0  0  0  0  0
   -2.1447    6.1585   -7.9484  N  0  0  0  0  0
  1  5  1  0  0  0
  1  2  2  0  0  0
  2  3  1  0  0  0
  3  4  1  0  0  0
  4  5  2  0  0  0
M  END
$$$$
N1=NNN=C1
  -ISIS-

  5  5  0  0  0  0  0  0  0  0  1
    0.8844    8.3275    0.6286  C  0  0  0  0  0
   -0.3478    8.7119    0.2420  N  0  0  0  0  0
   -0.1394    9.5223   -0.8240  N  0  0  0  0  0
    1.1881    9.6348   -1.0415  N  0  0  0  0  0
    1.8521    8.9012   -0.1166  N  0  0  0  0  0
  1  5  1  0  0  0
  1  2  2  0  0  0
  2  3  1  0  0  0
  3  4  1  0  0  0
  4  5  2  0  0  0
M  END
$$$$
N1=NNN=C1
  -ISIS-

  5  5  0  0  0  0  0  0  0  0  1
   -2.4488    5.0184   -2.7041  C  0  0  0  0  0
   -3.6132    4.3653   -2.8948  N  0  0  0  0  0
   -4.0228    4.7453   -4.1290  N  0  0  0  0  0
   -3.1212    5.6061   -4.6485  N  0  0  0  0  0
   -2.1189    5.7927   -3.7554  N  0  0  0  0  0
  1  5  1  0  0  0
  1  2  2  0  0  0
  2  3  1  0  0  0
  3  4  1  0  0  0
  4  5  2  0  0  0
M  END
$$$$
N1=NNN=C1
  -ISIS-

  5  5  0  0  0  0  0  0  0  0  1
   -2.0465    5.8337   -8.8984  C  0  0  0  0  0
   -3.3076    6.3075   -8.9096  N  0  0  0  0  0
   -3.5577    6.6544   -7.6238  N  0  0  0  0  0
   -2.4658    6.3911   -6.8743  N  0  0  0  0  0
   -1.4986    5.8699   -7.6673  N  0  0  0  0  0
  1  5  1  0  0  0
  1  2  2  0  0  0
  2  3  1  0  0  0
  3  4  1  0  0  0
  4  5  2  0  0  0
M  END
$$$$
N1=NNN=C1
  -ISIS-

  5  5  0  0  0  0  0  0  0  0  1
   -8.0948    5.2307   -8.5972  C  0  0  0  0  0
   -8.5269    4.8366   -7.3823  N  0  0  0  0  0
   -9.8141    5.2536   -7.3219  N  0  0  0  0  0
  -10.1328    5.8722   -8.4791  N  0  0  0  0  0
   -9.0530    5.8662   -9.2980  N  0  0  0  0  0
  1  5  1  0  0  0
  1  2  2  0  0  0
  2  3  1  0  0  0
  3  4  1  0  0  0
  4  5  2  0  0  0
M  END
$$$$
N1=NNN=C1
  -ISIS-

  5  5  0  0  0  0  0  0  0  0  1
   -0.6083    0.6556    0.1802  C  0  0  0  0  0
   -1.0179    1.7012    0.9439  N  0  0  0  0  0
   -2.0852    1.2306    1.6305  N  0  0  0  0  0
   -2.3062   -0.0556    1.2868  N  0  0  0  0  0
   -1.3864   -0.4401    0.3709  N  0  0  0  0  0
  1  5  1  0  0  0
  1  2  2  0  0  0
  2  3  1  0  0  0
  3  4  1  0  0  0
  4  5  2  0  0  0
M  END
$$$$
N1=NNN=C1
  -ISIS-

  5  5  0  0  0  0  0  0  0  0  1
    1.9490    3.5805    4.7952  C  0  0  0  0  0
    3.0168    2.8013    5.0661  N  0  0  0  0  0
    4.0764    3.6442    5.0364  N  0  0  0  0  0
    3.6457    4.8834    4.7182  N  0  0  0  0  0
    2.3020    4.8559    4.5440  N  0  0  0  0  0
  1  5  1  0  0  0
  1  2  2  0  0  0
  2  3  1  0  0  0
  3  4  1  0  0  0
  4  5  2  0  0  0
M  END
$$$$
N1=NNN=C1
  -ISIS-

  5  5  0  0  0  0  0  0  0  0  1
   -8.7282   -4.6867    0.7158  C  0  0  0  0  0
   -9.5180   -5.6439    0.1645  N  0  0  0  0  0
  -10.7407   -5.4385    0.7079  N  0  0  0  0  0
  -10.6823   -4.3916    1.5574  N  0  0  0  0  0
   -9.4207   -3.9009    1.5791  N  0  0  0  0  0
  1  5  1  0  0  0
  1  2  2  0  0  0
  2  3  1  0  0  0
  3  4  1  0  0  0
  4  5  2  0  0  0
M  END
$$$$
N1=NNN=C1
  -ISIS-

  5  5  0  0  0  0  0  0  0  0  1
   -4.4209   -7.0839    2.1174  C  0  0  0  0  0
   -4.7233   -7.5324    0.8818  N  0  0  0  0  0
   -6.0538   -7.3142    0.7498  N  0  0  0  0  0
   -6.5255   -6.7606    1.8871  N  0  0  0  0  0
   -5.5049   -6.6154    2.7666  N  0  0  0  0  0
  1  5  1  0  0  0
  1  2  2  0  0  0
  2  3  1  0  0  0
  3  4  1  0  0  0
  4  5  2  0  0  0
M  END
$$$$
N1=NNN=C1
  -ISIS-

  5  5  0  0  0  0  0  0  0  0  1
   -7.4191    0.1388    6.9395  C  0  0  0  0  0
   -7.9842    0.9770    6.0482  N  0  0  0  0  0
   -9.2545    0.5261    5.9071  N  0  0  0  0  0
   -9.4343   -0.5480    6.7057  N  0  0  0  0  0
   -8.2831   -0.8016    7.3737  N  0  0  0  0  0
  1  5  1  0  0  0
  1  2  2  0  0  0
  2  3  1  0  0  0
  3  4  1  0  0  0
  4  5  2  0  0  0
M  END
$$$$
N1=NNN=C1
  -ISIS-

  5  5  0  0  0  0  0  0  0  0  1
    2.2320    3.4467    3.0813  C  0  0  0  0  0
    1.8420    4.4973    3.8566  N  0  0  0  0  0
    0.7604    4.0379    4.5262  N  0  0  0  0  0
    0.5164    2.7586    4.1675  N  0  0  0  0  0
    1.4340    2.3586    3.2542  N  0  0  0  0  0
  1  5  1  0  0  0
  1  2  2  0  0  0
  2  3  1  0  0  0
  3  4  1  0  0  0
  4  5  2  0  0  0
M  END
$$$$
N1=NNN=C1
  -ISIS-

  5  5  0  0  0  0  0  0  0  0  1
    2.0400   -4.9871    6.7794  C  0  0  0  0  0
    2.2857   -6.1791    6.2025  N  0  0  0  0  0
    1.0789   -6.7944    6.1530  N  0  0  0  0  0
    0.1456   -5.9832    6.6957  N  0  0  0  0  0
    0.7386   -4.8353    7.1027  N  0  0  0  0  0
  1  5  1  0  0  0
  1  2  2  0  0  0
  2  3  1  0  0  0
  3  4  1  0  0  0
  4  5  2  0  0  0
M  END
$$$$
N1=NNN=C1
  -ISIS-

  5  5  0  0  0  0  0  0  0  0  1
   -7.8904    4.2760   -7.2391  C  0  0  0  0  0
   -8.7308    5.0327   -7.9736  N  0  0  0  0  0
   -9.6710    5.4555   -7.0944  N  0  0  0  0  0
   -9.3918    4.9526   -5.8725  N  0  0  0  0  0
   -8.2677    4.1994   -5.9484  N  0  0  0  0  0
  1  5  1  0  0  0
  1  2  2  0  0  0
  2  3  1  0  0  0
  3  4  1  0  0  0
  4  5  2  0  0  0
M  END
$$$$
N1=NNN=C1
  -ISIS-

  5  5  0  0  0  0  0  0  0  0  1
   -3.9044    3.2707    0.6004  C  0  0  0  0  0
   -3.4260    2.9404   -0.6172  N  0  0  0  0  0
   -3.5086    1.5891   -0.6666  N  0  0  0  0  0
   -4.0044    1.1336    0.5037  N  0  0  0  0  0
   -4.2523    2.1861    1.3207  N  0  0  0  0  0
  1  5  1  0  0  0
  1  2  2  0  0  0
  2  3  1  0  0  0
  3  4  1  0  0  0
  4  5  2  0  0  0
M  END
$$$$
N1=NNN=C1
  -ISIS-

  5  5  0  0  0  0  0  0  0  0  1
   -0.5066    2.3305    6.0183  C  0  0  0  0  0
   -1.1821    3.3527    6.5809  N  0  0  0  0  0
   -0.2994    3.9167    7.4401  N  0  0  0  0  0
    0.8663    3.2368    7.3861  N  0  0  0  0  0
    0.7497    2.2257    6.4911  N  0  0  0  0  0
  1  5  1  0  0  0
  1  2  2  0  0  0
  2  3  1  0  0  0
  3  4  1  0  0  0
  4  5  2  0  0  0
M  END
$$$$
N1=NNN=C1
  -ISIS-

  5  5  0  0  0  0  0  0  0  0  1
    3.3723    1.5006   -2.4949  N  0  0  0  0  0
    4.0763    1.2348   -1.3695  N  0  0  0  0  0
    5.3934    1.4557   -1.5975  N  0  0  0  0  0
    5.4375    1.8372   -2.8931  C  0  0  0  0  0
    4.2193    1.8986   -3.4749  N  0  0  0  0  0
  1  5  2  0  0  0
  1  2  1  0  0  0
  2  3  1  0  0  0
  3  4  2  0  0  0
  4  5  1  0  0  0
M  END
$$$$
N1=NNN=C1
  -ISIS-

  5  5  0  0  0  0  0  0  0  0  1
   -8.9412    3.7115   -3.5106  C  0  0  0  0  0
  -10.1242    4.3521   -3.4470  N  0  0  0  0  0
  -10.0878    5.2450   -4.4657  N  0  0  0  0  0
   -8.9105    5.1261   -5.1168  N  0  0  0  0  0
   -8.1726    4.1556   -4.5256  N  0  0  0  0  0
  1  5  1  0  0  0
  1  2  2  0  0  0
  2  3  1  0  0  0
  3  4  1  0  0  0
  4  5  2  0  0  0
M  END
$$$$
N1=NNN=C1
  -ISIS-

  5  5  0  0  0  0  0  0  0  0  1
   -3.4115   -2.2528    1.1637  C  0  0  0  0  0
   -3.3350   -0.9135    1.3082  N  0  0  0  0  0
   -4.1293   -0.4144    0.3316  N  0  0  0  0  0
   -4.6305   -1.4360   -0.3948  N  0  0  0  0  0
   -4.1702   -2.6071    0.1086  N  0  0  0  0  0
  1  5  1  0  0  0
  1  2  2  0  0  0
  2  3  1  0  0  0
  3  4  1  0  0  0
  4  5  2  0  0  0
M  END
$$$$
N1=NNN=C1
  -ISIS-

  5  5  0  0  0  0  0  0  0  0  1
   -5.9661   -0.8442    2.1537  C  0  0  0  0  0
   -5.6712   -1.8852    2.9580  N  0  0  0  0  0
   -6.3657   -2.9278    2.4415  N  0  0  0  0  0
   -7.0487   -2.5088    1.3543  N  0  0  0  0  0
   -6.8038   -1.1907    1.1570  N  0  0  0  0  0
  1  5  1  0  0  0
  1  2  2  0  0  0
  2  3  1  0  0  0
  3  4  1  0  0  0
  4  5  2  0  0  0
M  END
$$$$
N1=NNN=C1
  -ISIS-

  5  5  0  0  0  0  0  0  0  0  1
   -3.0953   -1.8139   -1.7041  C  0  0  0  0  0
   -3.4515   -3.0735   -2.0289  N  0  0  0  0  0
   -3.3583   -3.1202   -3.3797  N  0  0  0  0  0
   -2.9621   -1.9129   -3.8377  N  0  0  0  0  0
   -2.7945   -1.0725   -2.7877  N  0  0  0  0  0
  1  5  1  0  0  0
  1  2  2  0  0  0
  2  3  1  0  0  0
  3  4  1  0  0  0
  4  5  2  0  0  0
M  END
$$$$
N1=NNN=C1
  -ISIS-

  5  5  0  0  0  0  0  0  0  0  1
    5.1254   -1.1634    0.3136  C  0  0  0  0  0
    5.2337   -0.6315    1.5467  N  0  0  0  0  0
    5.9256    0.5199    1.3664  N  0  0  0  0  0
    6.2222    0.6576    0.0561  N  0  0  0  0  0
    5.7253   -0.4030   -0.6250  N  0  0  0  0  0
  1  5  1  0  0  0
  1  2  2  0  0  0
  2  3  1  0  0  0
  3  4  1  0  0  0
  4  5  2  0  0  0
M  END
$$$$
N1=NNN=C1
  -ISIS-

  5  5  0  0  0  0  0  0  0  0  1
   -1.9175   -2.6625    7.5846  C  0  0  0  0  0
   -2.5357   -1.4966    7.3148  N  0  0  0  0  0
   -1.5555   -0.5630    7.3814  N  0  0  0  0  0
   -0.3859   -1.1694    7.6784  N  0  0  0  0  0
   -0.5971   -2.5015    7.8075  N  0  0  0  0  0
  1  5  1  0  0  0
  1  2  2  0  0  0
  2  3  1  0  0  0
  3  4  1  0  0  0
  4  5  2  0  0  0
M  END
$$$$
N1=NNN=C1
  -ISIS-

  5  5  0  0  0  0  0  0  0  0  1
    3.2574    0.9540   -4.1320  C  0  0  0  0  0
    3.2798    1.4435   -5.3887  N  0  0  0  0  0
    2.1663    2.2099   -5.4803  N  0  0  0  0  0
    1.5021    2.1668   -4.3051  N  0  0  0  0  0
    2.1792    1.3721   -3.4409  N  0  0  0  0  0
  1  5  1  0  0  0
  1  2  2  0  0  0
  2  3  1  0  0  0
  3  4  1  0  0  0
  4  5  2  0  0  0
M  END
$$$$
N1=NNN=C1
  -ISIS-

  5  5  0  0  0  0  0  0  0  0  1
   -3.3997   -6.3515   -9.7268  C  0  0  0  0  0
   -4.5340   -7.0516   -9.5352  N  0  0  0  0  0
   -4.5768   -7.9273  -10.5687  N  0  0  0  0  0
   -3.4872   -7.7480  -11.3464  N  0  0  0  0  0
   -2.7281   -6.7546  -10.8245  N  0  0  0  0  0
  1  5  1  0  0  0
  1  2  2  0  0  0
  2  3  1  0  0  0
  3  4  1  0  0  0
  4  5  2  0  0  0
M  END
$$$$
N1=NNN=C1
  -ISIS-

  5  5  0  0  0  0  0  0  0  0  1
    4.6218   -4.7696   -6.5862  C  0  0  0  0  0
    4.0168   -3.5720   -6.7269  N  0  0  0  0  0
    4.8095   -2.8837   -7.5833  N  0  0  0  0  0
    5.8605   -3.6570   -7.9314  N  0  0  0  0  0
    5.7588   -4.8539   -7.3036  N  0  0  0  0  0
  1  5  1  0  0  0
  1  2  2  0  0  0
  2  3  1  0  0  0
  3  4  1  0  0  0
  4  5  2  0  0  0
M  END
$$$$
N1=NNN=C1
  -ISIS-

  5  5  0  0  0  0  0  0  0  0  1
   -0.9237    4.7187    6.8235  C  0  0  0  0  0
   -0.6607    4.0588    7.9691  N  0  0  0  0  0
   -0.6815    5.0143    8.9294  N  0  0  0  0  0
   -0.9571    6.2075    8.3600  N  0  0  0  0  0
   -1.1179    6.0360    7.0254  N  0  0  0  0  0
  1  5  1  0  0  0
  1  2  2  0  0  0
  2  3  1  0  0  0
  3  4  1  0  0  0
  4  5  2  0  0  0
M  END
$$$$
N1=NNN=C1
  -ISIS-

  5  5  0  0  0  0  0  0  0  0  1
    7.7299    1.2539   -0.2780  C  0  0  0  0  0
    8.9006    0.8181    0.2294  N  0  0  0  0  0
    9.3269    1.8268    1.0271  N  0  0  0  0  0
    8.4286    2.8343    0.9844  N  0  0  0  0  0
    7.4116    2.4877    0.1585  N  0  0  0  0  0
  1  5  1  0  0  0
  1  2  2  0  0  0
  2  3  1  0  0  0
  3  4  1  0  0  0
  4  5  2  0  0  0
M  END
$$$$
N1=NNN=C1
  -ISIS-

  5  5  0  0  0  0  0  0  0  0  1
    4.7570   -5.0462    1.2437  C  0  0  0  0  0
    4.0508   -5.4558    2.3158  N  0  0  0  0  0
    4.8476   -6.3666    2.9254  N  0  0  0  0  0
    5.9883   -6.5019    2.2156  N  0  0  0  0  0
    5.9414   -5.6799    1.1398  N  0  0  0  0  0
  1  5  1  0  0  0
  1  2  2  0  0  0
  2  3  1  0  0  0
  3  4  1  0  0  0
  4  5  2  0  0  0
M  END
$$$$
N1=NNN=C1
  -ISIS-

  5  5  0  0  0  0  0  0  0  0  1
    4.3259    2.2873   -0.1377  C  0  0  0  0  0
    4.6503    2.6472   -1.3953  N  0  0  0  0  0
    4.6152    1.4938   -2.1060  N  0  0  0  0  0
    4.2904    0.4756   -1.2809  N  0  0  0  0  0
    4.1119    0.9598   -0.0284  N  0  0  0  0  0
  1  5  1  0  0  0
  1  2  2  0  0  0
  2  3  1  0  0  0
  3  4  1  0  0  0
  4  5  2  0  0  0
M  END
$$$$
N1=NNN=C1
  -ISIS-

  5  5  0  0  0  0  0  0  0  0  1
    4.8815   -1.9602    3.2968  C  0  0  0  0  0
    6.0207   -2.0362    2.5826  N  0  0  0  0  0
    5.9872   -3.2645    2.0107  N  0  0  0  0  0
    4.8500   -3.8935    2.3783  N  0  0  0  0  0
    4.1355   -3.0788    3.1913  N  0  0  0  0  0
  1  5  1  0  0  0
  1  2  2  0  0  0
  2  3  1  0  0  0
  3  4  1  0  0  0
  4  5  2  0  0  0
M  END
$$$$
N1=NNN=C1
  -ISIS-

  5  5  0  0  0  0  0  0  0  0  1
    3.6947    4.7632   -0.3171  C  0  0  0  0  0
    3.1927    4.5676    0.9180  N  0  0  0  0  0
    4.2661    4.2506    1.6822  N  0  0  0  0  0
    5.3786    4.2851    0.9185  N  0  0  0  0  0
    5.0370    4.6283   -0.3465  N  0  0  0  0  0
  1  5  1  0  0  0
  1  2  2  0  0  0
  2  3  1  0  0  0
  3  4  1  0  0  0
  4  5  2  0  0  0
M  END
$$$$
N1=NNN=C1
  -ISIS-

  5  5  0  0  0  0  0  0  0  0  1
    5.1122    4.6995   -5.6900  C  0  0  0  0  0
    4.0884    4.9375   -6.5352  N  0  0  0  0  0
    3.8251    6.2592   -6.3947  N  0  0  0  0  0
    4.6718    6.7843   -5.4830  N  0  0  0  0  0
    5.4920    5.8076   -5.0243  N  0  0  0  0  0
  1  5  1  0  0  0
  1  2  2  0  0  0
  2  3  1  0  0  0
  3  4  1  0  0  0
  4  5  2  0  0  0
M  END
$$$$
N1=NNN=C1
  -ISIS-

  5  5  0  0  0  0  0  0  0  0  1
    1.9673  -11.0405   -0.3688  C  0  0  0  0  0
    2.7253  -12.1323   -0.1511  N  0  0  0  0  0
    3.9948  -11.7238   -0.3920  N  0  0  0  0  0
    3.9819  -10.4177   -0.7355  N  0  0  0  0  0
    2.7038   -9.9680   -0.7225  N  0  0  0  0  0
  1  5  1  0  0  0
  1  2  2  0  0  0
  2  3  1  0  0  0
  3  4  1  0  0  0
  4  5  2  0  0  0
M  END
$$$$
N1=NNN=C1
  -ISIS-

  5  5  0  0  0  0  0  0  0  0  1
    3.4116   -2.4852   -6.8923  C  0  0  0  0  0
    3.7981   -2.1756   -8.1448  N  0  0  0  0  0
    4.9317   -2.8917   -8.3426  N  0  0  0  0  0
    5.2003   -3.6114   -7.2317  N  0  0  0  0  0
    4.2432   -3.3690   -6.3038  N  0  0  0  0  0
  1  5  1  0  0  0
  1  2  2  0  0  0
  2  3  1  0  0  0
  3  4  1  0  0  0
  4  5  2  0  0  0
M  END
$$$$
N1=NNN=C1
  -ISIS-

  5  5  0  0  0  0  0  0  0  0  1
   -1.9460   -0.9024    3.7505  C  0  0  0  0  0
   -0.6745   -1.2649    3.4909  N  0  0  0  0  0
    0.0607   -0.6565    4.4531  N  0  0  0  0  0
   -0.7629    0.0433    5.2630  N  0  0  0  0  0
   -2.0395   -0.1048    4.8333  N  0  0  0  0  0
  1  5  1  0  0  0
  1  2  2  0  0  0
  2  3  1  0  0  0
  3  4  1  0  0  0
  4  5  2  0  0  0
M  END
$$$$
N1=NNN=C1
  -ISIS-

  5  5  0  0  0  0  0  0  0  0  1
   -2.0552   -0.3834    7.1112  C  0  0  0  0  0
   -3.3480   -0.1404    6.8178  N  0  0  0  0  0
   -4.0136   -1.2416    7.2427  N  0  0  0  0  0
   -3.1358   -2.1000    7.8028  N  0  0  0  0  0
   -1.8908   -1.5714    7.7293  N  0  0  0  0  0
  1  5  1  0  0  0
  1  2  2  0  0  0
  2  3  1  0  0  0
  3  4  1  0  0  0
  4  5  2  0  0  0
M  END
$$$$
N1=NNN=C1
  -ISIS-

  5  5  0  0  0  0  0  0  0  0  1
   -4.0601   -8.3814   -3.1821  C  0  0  0  0  0
   -5.0179   -9.3241   -3.0702  N  0  0  0  0  0
   -4.9493  -10.0230   -4.2288  N  0  0  0  0  0
   -3.9783   -9.4966   -5.0062  N  0  0  0  0  0
   -3.4072   -8.4525   -4.3578  N  0  0  0  0  0
  1  5  1  0  0  0
  1  2  2  0  0  0
  2  3  1  0  0  0
  3  4  1  0  0  0
  4  5  2  0  0  0
M  END
$$$$
N1=NNN=C1
  -ISIS-

  5  5  0  0  0  0  0  0  0  0  1
   -5.8826    7.4138   -0.9137  C  0  0  0  0  0
   -7.0518    8.0041   -0.5923  N  0  0  0  0  0
   -7.2812    8.8829   -1.5975  N  0  0  0  0  0
   -6.2718    8.8055   -2.4916  N  0  0  0  0  0
   -5.3787    7.8755   -2.0741  N  0  0  0  0  0
  1  5  1  0  0  0
  1  2  2  0  0  0
  2  3  1  0  0  0
  3  4  1  0  0  0
  4  5  2  0  0  0
M  END
$$$$
N1=NNN=C1
  -ISIS-

  5  5  0  0  0  0  0  0  0  0  1
    0.7002    3.0940   -4.4452  C  0  0  0  0  0
    0.2477    1.8719   -4.1005  N  0  0  0  0  0
    0.1983    1.1816   -5.2654  N  0  0  0  0  0
    0.6091    1.9829   -6.2719  N  0  0  0  0  0
    0.9279    3.2000   -5.7687  N  0  0  0  0  0
  1  5  1  0  0  0
  1  2  2  0  0  0
  2  3  1  0  0  0
  3  4  1  0  0  0
  4  5  2  0  0  0
M  END
$$$$
N1=NNN=C1
  -ISIS-

  5  5  0  0  0  0  0  0  0  0  1
    2.4967    0.4191    2.7228  C  0  0  0  0  0
    3.7939    0.5559    2.3873  N  0  0  0  0  0
    3.7840    0.7593    1.0475  N  0  0  0  0  0
    2.5072    0.7468    0.6074  N  0  0  0  0  0
    1.6781    0.5357    1.6578  N  0  0  0  0  0
  1  5  1  0  0  0
  1  2  2  0  0  0
  2  3  1  0  0  0
  3  4  1  0  0  0
  4  5  2  0  0  0
M  END
$$$$
N1=NNN=C1
  -ISIS-

  5  5  0  0  0  0  0  0  0  0  1
    6.9142   -3.7604    5.9232  C  0  0  0  0  0
    7.4223   -2.9734    4.9527  N  0  0  0  0  0
    8.2952   -2.1576    5.5908  N  0  0  0  0  0
    8.3136   -2.4710    6.9040  N  0  0  0  0  0
    7.4529   -3.4933    7.1288  N  0  0  0  0  0
  1  5  1  0  0  0
  1  2  2  0  0  0
  2  3  1  0  0  0
  3  4  1  0  0  0
  4  5  2  0  0  0
M  END
$$$$
N1=NNN=C1
  -ISIS-

  5  5  0  0  0  0  0  0  0  0  1
   -4.8814    3.4896   -6.7323  C  0  0  0  0  0
   -3.8121    3.5288   -7.5537  N  0  0  0  0  0
   -4.2942    4.0103   -8.7247  N  0  0  0  0  0
   -5.6184    4.2420   -8.5958  N  0  0  0  0  0
   -6.0065    3.9141   -7.3392  N  0  0  0  0  0
  1  5  1  0  0  0
  1  2  2  0  0  0
  2  3  1  0  0  0
  3  4  1  0  0  0
  4  5  2  0  0  0
M  END
$$$$
N1=NNN=C1
  -ISIS-

  5  5  0  0  0  0  0  0  0  0  1
    1.1390    2.1682   -1.1969  C  0  0  0  0  0
    0.6924    1.1622   -0.4172  N  0  0  0  0  0
    1.8147    0.5517    0.0334  N  0  0  0  0  0
    2.8956    1.1814   -0.4756  N  0  0  0  0  0
    2.4837    2.2068   -1.2604  N  0  0  0  0  0
  1  5  1  0  0  0
  1  2  2  0  0  0
  2  3  1  0  0  0
  3  4  1  0  0  0
  4  5  2  0  0  0
M  END
$$$$
N1=NNN=C1
  -ISIS-

  5  5  0  0  0  0  0  0  0  0  1
   -5.4566    7.4002    0.8745  C  0  0  0  0  0
   -6.1744    7.7850    1.9473  N  0  0  0  0  0
   -5.4613    8.7998    2.4924  N  0  0  0  0  0
   -4.3596    9.0186    1.7428  N  0  0  0  0  0
   -4.3471    8.1458    0.7063  N  0  0  0  0  0
  1  5  1  0  0  0
  1  2  2  0  0  0
  2  3  1  0  0  0
  3  4  1  0  0  0
  4  5  2  0  0  0
M  END
$$$$
N1=NNN=C1
  -ISIS-

  5  5  0  0  0  0  0  0  0  0  1
   -5.0427   -1.3678    5.9788  C  0  0  0  0  0
   -4.6988   -1.7765    7.2151  N  0  0  0  0  0
   -5.8625   -2.1790    7.7812  N  0  0  0  0  0
   -6.8671   -2.0134    6.8937  N  0  0  0  0  0
   -6.3637   -1.5025    5.7444  N  0  0  0  0  0
  1  5  1  0  0  0
  1  2  2  0  0  0
  2  3  1  0  0  0
  3  4  1  0  0  0
  4  5  2  0  0  0
M  END
$$$$
N1=NNN=C1
  -ISIS-

  5  5  0  0  0  0  0  0  0  0  1
    0.8217   -6.4101   -0.5218  C  0  0  0  0  0
    1.3359   -7.0569    0.5421  N  0  0  0  0  0
    2.6198   -7.3214    0.1977  N  0  0  0  0  0
    2.8523   -6.8442   -1.0441  N  0  0  0  0  0
    1.7217   -6.2653   -1.5158  N  0  0  0  0  0
  1  5  1  0  0  0
  1  2  2  0  0  0
  2  3  1  0  0  0
  3  4  1  0  0  0
  4  5  2  0  0  0
M  END
$$$$
N1=NNN=C1
  -ISIS-

  5  5  0  0  0  0  0  0  0  0  1
    2.5828    1.4043    4.9342  C  0  0  0  0  0
    1.2959    1.1101    4.6595  N  0  0  0  0  0
    0.7997    0.6190    5.8207  N  0  0  0  0  0
    1.7761    0.6184    6.7539  N  0  0  0  0  0
    2.9142    1.1095    6.2061  N  0  0  0  0  0
  1  5  1  0  0  0
  1  2  2  0  0  0
  2  3  1  0  0  0
  3  4  1  0  0  0
  4  5  2  0  0  0
M  END
$$$$
N1=NNN=C1
  -ISIS-

  5  5  0  0  0  0  0  0  0  0  1
    2.6924    1.8919    8.1990  C  0  0  0  0  0
    3.4236    2.0522    7.0766  N  0  0  0  0  0
    4.6504    2.4250    7.5143  N  0  0  0  0  0
    4.6381    2.4884    8.8633  N  0  0  0  0  0
    3.4029    2.1575    9.3125  N  0  0  0  0  0
  1  5  1  0  0  0
  1  2  2  0  0  0
  2  3  1  0  0  0
  3  4  1  0  0  0
  4  5  2  0  0  0
M  END
$$$$
N1=NNN=C1
  -ISIS-

  5  5  0  0  0  0  0  0  0  0  1
    0.3249    2.5380   -5.4960  C  0  0  0  0  0
   -0.4634    3.3198   -6.2616  N  0  0  0  0  0
   -0.5098    2.6921   -7.4615  N  0  0  0  0  0
    0.2408    1.5707   -7.4034  N  0  0  0  0  0
    0.7804    1.4611   -6.1651  N  0  0  0  0  0
  1  5  1  0  0  0
  1  2  2  0  0  0
  2  3  1  0  0  0
  3  4  1  0  0  0
  4  5  2  0  0  0
M  END
$$$$
N1=NNN=C1
  -ISIS-

  5  5  0  0  0  0  0  0  0  0  1
    0.1254    9.3949    6.7741  C  0  0  0  0  0
   -0.5316    9.0446    7.8975  N  0  0  0  0  0
   -0.7678   10.2142    8.5396  N  0  0  0  0  0
   -0.2483   11.2288    7.8160  N  0  0  0  0  0
    0.3308   10.7260    6.6994  N  0  0  0  0  0
  1  5  1  0  0  0
  1  2  2  0  0  0
  2  3  1  0  0  0
  3  4  1  0  0  0
  4  5  2  0  0  0
M  END
$$$$
N1=NNN=C1
  -ISIS-

  5  5  0  0  0  0  0  0  0  0  1
   -1.0992    4.2423    4.8059  C  0  0  0  0  0
   -0.2743    3.3340    4.2450  N  0  0  0  0  0
    0.6797    3.1083    5.1797  N  0  0  0  0  0
    0.4309    3.8794    6.2597  N  0  0  0  0  0
   -0.6885    4.6098    6.0356  N  0  0  0  0  0
  1  5  1  0  0  0
  1  2  2  0  0  0
  2  3  1  0  0  0
  3  4  1  0  0  0
  4  5  2  0  0  0
M  END
$$$$
N1=NNN=C1
  -ISIS-

  5  5  0  0  0  0  0  0  0  0  1
   -1.7185   -4.7316    2.3422  C  0  0  0  0  0
   -2.1702   -3.5454    1.8918  N  0  0  0  0  0
   -3.5083   -3.7137    1.7572  N  0  0  0  0  0
   -3.8368   -4.9680    2.1340  N  0  0  0  0  0
   -2.7156   -5.6228    2.5192  N  0  0  0  0  0
  1  5  1  0  0  0
  1  2  2  0  0  0
  2  3  1  0  0  0
  3  4  1  0  0  0
  4  5  2  0  0  0
M  END
$$$$
N1=NNN=C1
  -ISIS-

  5  5  0  0  0  0  0  0  0  0  1
   -0.7472   -1.3999   -2.3659  N  0  0  0  0  0
   -1.8446   -1.5361   -3.1471  N  0  0  0  0  0
   -2.8797   -1.9876   -2.3982  N  0  0  0  0  0
   -2.3580   -2.0919   -1.1561  C  0  0  0  0  0
   -1.0493   -1.7604   -1.0954  N  0  0  0  0  0
  1  5  2  0  0  0
  1  2  1  0  0  0
  2  3  1  0  0  0
  3  4  2  0  0  0
  4  5  1  0  0  0
M  END
$$$$
N1=NNN=C1
  -ISIS-

  5  5  0  0  0  0  0  0  0  0  1
    1.1410   -6.9017   -3.4436  N  0  0  0  0  0
    1.9446   -7.1885   -2.3924  N  0  0  0  0  0
    1.4921   -6.5460   -1.2879  N  0  0  0  0  0
    0.4122   -5.8664   -1.7305  C  0  0  0  0  0
    0.1504   -6.0698   -3.0411  N  0  0  0  0  0
  1  5  2  0  0  0
  1  2  1  0  0  0
  2  3  1  0  0  0
  3  4  2  0  0  0
  4  5  1  0  0  0
M  END
$$$$
N1=NNN=C1
  -ISIS-

  5  5  0  0  0  0  0  0  0  0  1
    4.3850    5.7446   -1.7423  C  0  0  0  0  0
    3.0830    6.0425   -1.9890  N  0  0  0  0  0
    3.0985    6.7127   -3.1648  N  0  0  0  0  0
    4.3701    6.8136   -3.6050  N  0  0  0  0  0
    5.2001    6.2080   -2.7233  N  0  0  0  0  0
  1  5  1  0  0  0
  1  2  2  0  0  0
  2  3  1  0  0  0
  3  4  1  0  0  0
  4  5  2  0  0  0
M  END
$$$$
N1=NNN=C1
  -ISIS-

  5  5  0  0  0  0  0  0  0  0  1
   -2.3913   -4.1706   -5.0043  C  0  0  0  0  0
   -2.9329   -3.0945   -4.3970  N  0  0  0  0  0
   -2.0592   -2.0874   -4.6343  N  0  0  0  0  0
   -1.0462   -2.5523   -5.3960  N  0  0  0  0  0
   -1.2526   -3.8662   -5.6562  N  0  0  0  0  0
  1  5  1  0  0  0
  1  2  2  0  0  0
  2  3  1  0  0  0
  3  4  1  0  0  0
  4  5  2  0  0  0
M  END
$$$$
N1=NNN=C1
  -ISIS-

  5  5  0  0  0  0  0  0  0  0  1
    5.5417    1.6350   -3.0551  C  0  0  0  0  0
    5.5043    2.6048   -4.0035  N  0  0  0  0  0
    6.7658    2.6590   -4.4924  N  0  0  0  0  0
    7.5324    1.7495   -3.8551  N  0  0  0  0  0
    6.7808    1.0903   -2.9428  N  0  0  0  0  0
  1  5  1  0  0  0
  1  2  2  0  0  0
  2  3  1  0  0  0
  3  4  1  0  0  0
  4  5  2  0  0  0
M  END
$$$$
N1=NNN=C1
  -ISIS-

  5  5  0  0  0  0  0  0  0  0  1
   -5.3084    1.6976   -4.9502  C  0  0  0  0  0
   -5.6782    2.9027   -4.4750  N  0  0  0  0  0
   -6.9607    2.7358   -4.0690  N  0  0  0  0  0
   -7.3382    1.4612   -4.3066  N  0  0  0  0  0
   -6.3038    0.7900   -4.8677  N  0  0  0  0  0
  1  5  1  0  0  0
  1  2  2  0  0  0
  2  3  1  0  0  0
  3  4  1  0  0  0
  4  5  2  0  0  0
M  END
$$$$
N1=NNN=C1
  -ISIS-

  5  5  0  0  0  0  0  0  0  0  1
   -2.7858    4.2956    2.8779  C  0  0  0  0  0
   -2.9529    4.6865    1.5977  N  0  0  0  0  0
   -2.6104    5.9971    1.5878  N  0  0  0  0  0
   -2.2359    6.3652    2.8316  N  0  0  0  0  0
   -2.3340    5.2965    3.6592  N  0  0  0  0  0
  1  5  1  0  0  0
  1  2  2  0  0  0
  2  3  1  0  0  0
  3  4  1  0  0  0
  4  5  2  0  0  0
M  END
$$$$
N1=NNN=C1
  -ISIS-

  5  5  0  0  0  0  0  0  0  0  1
   -0.2187   -2.4682    6.4388  C  0  0  0  0  0
   -0.5109   -3.5356    7.2224  N  0  0  0  0  0
   -1.8568   -3.5028    7.3598  N  0  0  0  0  0
   -2.3499   -2.4468    6.6793  N  0  0  0  0  0
   -1.3319   -1.7790    6.0879  N  0  0  0  0  0
  1  5  1  0  0  0
  1  2  2  0  0  0
  2  3  1  0  0  0
  3  4  1  0  0  0
  4  5  2  0  0  0
M  END
$$$$
N1=NNN=C1
  -ISIS-

  5  5  0  0  0  0  0  0  0  0  1
   -2.3192    3.6990    5.5161  C  0  0  0  0  0
   -1.6035    4.7869    5.8694  N  0  0  0  0  0
   -1.0810    4.4499    7.0725  N  0  0  0  0  0
   -1.4967    3.2064    7.4121  N  0  0  0  0  0
   -2.2896    2.7107    6.4313  N  0  0  0  0  0
  1  5  1  0  0  0
  1  2  2  0  0  0
  2  3  1  0  0  0
  3  4  1  0  0  0
  4  5  2  0  0  0
M  END
$$$$
N1=NNN=C1
  -ISIS-

  5  5  0  0  0  0  0  0  0  0  1
   -2.9002    2.6793   -2.6412  C  0  0  0  0  0
   -3.4120    2.6153   -1.3968  N  0  0  0  0  0
   -3.6557    3.9041   -1.0571  N  0  0  0  0  0
   -3.3142    4.7054   -2.0888  N  0  0  0  0  0
   -2.8459    3.9433   -3.1064  N  0  0  0  0  0
  1  5  1  0  0  0
  1  2  2  0  0  0
  2  3  1  0  0  0
  3  4  1  0  0  0
  4  5  2  0  0  0
M  END
$$$$
N1=NNN=C1
  -ISIS-

  5  5  0  0  0  0  0  0  0  0  1
   -1.0968    3.4287   -1.2491  C  0  0  0  0  0
   -0.8245    2.3260   -1.9735  N  0  0  0  0  0
   -0.6408    1.3461   -1.0555  N  0  0  0  0  0
   -0.8135    1.8602    0.1811  N  0  0  0  0  0
   -1.1124    3.1771    0.0759  N  0  0  0  0  0
  1  5  1  0  0  0
  1  2  2  0  0  0
  2  3  1  0  0  0
  3  4  1  0  0  0
  4  5  2  0  0  0
M  END
$$$$
N1=NNN=C1
  -ISIS-

  5  5  0  0  0  0  0  0  0  0  1
    7.3767    0.3537   -0.4828  C  0  0  0  0  0
    8.0744    0.9292    0.5177  N  0  0  0  0  0
    9.3684    0.8561    0.1224  N  0  0  0  0  0
    9.4292    0.2468   -1.0814  N  0  0  0  0  0
    8.1754   -0.0824   -1.4765  N  0  0  0  0  0
  1  5  1  0  0  0
  1  2  2  0  0  0
  2  3  1  0  0  0
  3  4  1  0  0  0
  4  5  2  0  0  0
M  END
$$$$
N1=NNN=C1
  -ISIS-

  5  5  0  0  0  0  0  0  0  0  1
   -4.1622    5.2721   -1.6513  C  0  0  0  0  0
   -3.2116    6.0827   -1.1428  N  0  0  0  0  0
   -3.5966    7.3320   -1.4999  N  0  0  0  0  0
   -4.7508    7.2569   -2.1971  N  0  0  0  0  0
   -5.1249    5.9583   -2.2982  N  0  0  0  0  0
  1  5  1  0  0  0
  1  2  2  0  0  0
  2  3  1  0  0  0
  3  4  1  0  0  0
  4  5  2  0  0  0
M  END
$$$$
N1=NNN=C1
  -ISIS-

  5  5  0  0  0  0  0  0  0  0  1
    0.8264    0.1175   -4.9632  C  0  0  0  0  0
    1.9223   -0.5707   -5.3587  N  0  0  0  0  0
    1.8302   -0.5910   -6.7104  N  0  0  0  0  0
    0.7126    0.0639   -7.0960  N  0  0  0  0  0
    0.0785    0.5532   -6.0051  N  0  0  0  0  0
  1  5  2  0  0  0
  1  2  1  0  0  0
  2  3  2  0  0  0
  3  4  1  0  0  0
  4  5  1  0  0  0
M  END
$$$$
N1=NNN=C1
  -ISIS-

  5  5  0  0  0  0  0  0  0  0  1
   -0.9998   -5.5436    1.6797  C  0  0  0  0  0
   -0.6094   -6.6994    1.0935  N  0  0  0  0  0
   -0.9130   -7.6502    2.0067  N  0  0  0  0  0
   -1.4427   -7.0690    3.1053  N  0  0  0  0  0
   -1.4969   -5.7305    2.9255  N  0  0  0  0  0
  1  5  1  0  0  0
  1  2  2  0  0  0
  2  3  1  0  0  0
  3  4  1  0  0  0
  4  5  2  0  0  0
M  END
$$$$
N1=NNN=C1
  -ISIS-

  5  5  0  0  0  0  0  0  0  0  1
    5.9390    1.1194    0.4038  C  0  0  0  0  0
    6.2462    0.8682    1.6910  N  0  0  0  0  0
    7.4435    1.4730    1.8843  N  0  0  0  0  0
    7.8272    2.0724    0.7366  N  0  0  0  0  0
    6.8823    1.8617   -0.2111  N  0  0  0  0  0
  1  5  1  0  0  0
  1  2  2  0  0  0
  2  3  1  0  0  0
  3  4  1  0  0  0
  4  5  2  0  0  0
M  END
$$$$
N1=NNN=C1
  -ISIS-

  5  5  0  0  0  0  0  0  0  0  1
    2.4963   -2.0108    5.2318  C  0  0  0  0  0
    1.6266   -2.4307    6.1712  N  0  0  0  0  0
    2.1649   -3.5777    6.6521  N  0  0  0  0  0
    3.3242   -3.8276    6.0061  N  0  0  0  0  0
    3.5467   -2.8462    5.0988  N  0  0  0  0  0
  1  5  1  0  0  0
  1  2  2  0  0  0
  2  3  1  0  0  0
  3  4  1  0  0  0
  4  5  2  0  0  0
M  END
$$$$
N1=NNN=C1
  -ISIS-

  5  5  0  0  0  0  0  0  0  0  1
    7.4903   -9.4319   -3.2633  C  0  0  0  0  0
    8.6027   -8.9087   -2.7135  N  0  0  0  0  0
    9.3149   -8.4326   -3.7637  N  0  0  0  0  0
    8.6316   -8.6673   -4.9048  N  0  0  0  0  0
    7.4704   -9.2976   -4.6049  N  0  0  0  0  0
  1  5  1  0  0  0
  1  2  2  0  0  0
  2  3  1  0  0  0
  3  4  1  0  0  0
  4  5  2  0  0  0
M  END
$$$$
N1=NNN=C1
  -ISIS-

  5  5  0  0  0  0  0  0  0  0  1
    6.0982   -9.1478   -6.9651  C  0  0  0  0  0
    7.2250   -8.4127   -6.8768  N  0  0  0  0  0
    7.2899   -7.7407   -8.0512  N  0  0  0  0  0
    6.2269   -8.0781   -8.8132  N  0  0  0  0  0
    5.4628   -8.9716   -8.1391  N  0  0  0  0  0
  1  5  1  0  0  0
  1  2  2  0  0  0
  2  3  1  0  0  0
  3  4  1  0  0  0
  4  5  2  0  0  0
M  END
$$$$
N1=NNN=C1
  -ISIS-

  5  5  0  0  0  0  0  0  0  0  1
    4.8343   -4.1724   -8.1467  C  0  0  0  0  0
    5.7700   -4.1272   -9.1147  N  0  0  0  0  0
    5.5410   -2.9583   -9.7614  N  0  0  0  0  0
    4.4968   -2.3285   -9.1811  N  0  0  0  0  0
    4.0385   -3.0836   -8.1537  N  0  0  0  0  0
  1  5  1  0  0  0
  1  2  2  0  0  0
  2  3  1  0  0  0
  3  4  1  0  0  0
  4  5  2  0  0  0
M  END
$$$$
N1=NNN=C1
  -ISIS-

  5  5  0  0  0  0  0  0  0  0  1
    5.2507   -0.4472   -2.9958  C  0  0  0  0  0
    5.2262   -0.5405   -4.3397  N  0  0  0  0  0
    6.5303   -0.5507   -4.7091  N  0  0  0  0  0
    7.3038   -0.4698   -3.6051  N  0  0  0  0  0
    6.5086   -0.4074   -2.5099  N  0  0  0  0  0
  1  5  1  0  0  0
  1  2  2  0  0  0
  2  3  1  0  0  0
  3  4  1  0  0  0
  4  5  2  0  0  0
M  END
$$$$
N1=NNN=C1
  -ISIS-

  5  5  0  0  0  0  0  0  0  0  1
    0.8197   -5.3751    4.8731  C  0  0  0  0  0
    1.7859   -6.2441    4.4852  N  0  0  0  0  0
    1.6195   -6.3619    3.1468  N  0  0  0  0  0
    0.6010   -5.5683    2.7508  N  0  0  0  0  0
    0.0904   -4.9220    3.8260  N  0  0  0  0  0
  1  5  1  0  0  0
  1  2  2  0  0  0
  2  3  1  0  0  0
  3  4  1  0  0  0
  4  5  2  0  0  0
M  END
$$$$
N1=NNN=C1
  -ISIS-

  5  5  0  0  0  0  0  0  0  0  1
   -3.6114   -5.5323    5.1603  C  0  0  0  0  0
   -3.8725   -6.6568    5.8729  N  0  0  0  0  0
   -2.8140   -6.7904    6.7063  N  0  0  0  0  0
   -1.9335   -5.7940    6.4744  N  0  0  0  0  0
   -2.4083   -4.9956    5.4895  N  0  0  0  0  0
  1  5  1  0  0  0
  1  2  2  0  0  0
  2  3  1  0  0  0
  3  4  1  0  0  0
  4  5  2  0  0  0
M  END
$$$$
N1=NNN=C1
  -ISIS-

  5  5  0  0  0  0  0  0  0  0  1
    2.0767    0.1764    7.7292  C  0  0  0  0  0
    1.8686    1.3971    8.2851  N  0  0  0  0  0
    2.9833    2.1056    7.9897  N  0  0  0  0  0
    3.8309    1.3312    7.2804  N  0  0  0  0  0
    3.2789    0.1083    7.1026  N  0  0  0  0  0
  1  5  1  0  0  0
  1  2  2  0  0  0
  2  3  1  0  0  0
  3  4  1  0  0  0
  4  5  2  0  0  0
M  END
$$$$
N1=NNN=C1
  -ISIS-

  5  5  0  0  0  0  0  0  0  0  1
   -1.2582    5.4147    1.6535  C  0  0  0  0  0
   -0.4622    5.2229    2.7234  N  0  0  0  0  0
    0.7499    4.9135    2.2023  N  0  0  0  0  0
    0.6736    4.9454    0.8549  N  0  0  0  0  0
   -0.5872    5.2797    0.4906  N  0  0  0  0  0
  1  5  1  0  0  0
  1  2  2  0  0  0
  2  3  1  0  0  0
  3  4  1  0  0  0
  4  5  2  0  0  0
M  END
$$$$
N1=NNN=C1
  -ISIS-

  5  5  0  0  0  0  0  0  0  0  1
   -0.9934    6.8823    1.1101  C  0  0  0  0  0
   -2.0035    7.1473    1.9633  N  0  0  0  0  0
   -1.4721    6.9588    3.1953  N  0  0  0  0  0
   -0.1800    6.5869    3.0673  N  0  0  0  0  0
    0.1379    6.5309    1.7511  N  0  0  0  0  0
  1  5  1  0  0  0
  1  2  2  0  0  0
  2  3  1  0  0  0
  3  4  1  0  0  0
  4  5  2  0  0  0
M  END
$$$$
N1=NNN=C1
  -ISIS-

  5  5  0  0  0  0  0  0  0  0  1
   -3.8388    1.8141   -5.9153  C  0  0  0  0  0
   -5.0248    1.8814   -6.5501  N  0  0  0  0  0
   -4.8851    1.0727   -7.6288  N  0  0  0  0  0
   -3.6454    0.5369   -7.6230  N  0  0  0  0  0
   -2.9700    0.9936   -6.5411  N  0  0  0  0  0
  1  5  1  0  0  0
  1  2  2  0  0  0
  2  3  1  0  0  0
  3  4  1  0  0  0
  4  5  2  0  0  0
M  END
$$$$
N1=NNN=C1
  -ISIS-

  5  5  0  0  0  0  0  0  0  0  1
   -1.4709    4.9666   -1.0103  C  0  0  0  0  0
   -0.2159    5.3826   -0.7547  N  0  0  0  0  0
   -0.1211    5.3808    0.5973  N  0  0  0  0  0
   -1.2949    4.9687    1.1230  N  0  0  0  0  0
   -2.1611    4.6988    0.1169  N  0  0  0  0  0
  1  5  1  0  0  0
  1  2  2  0  0  0
  2  3  1  0  0  0
  3  4  1  0  0  0
  4  5  2  0  0  0
M  END
$$$$
N1=NNN=C1
  -ISIS-

  5  5  0  0  0  0  0  0  0  0  1
   -1.2913    5.6708    4.1812  C  0  0  0  0  0
   -0.9363    6.9701    4.2244  N  0  0  0  0  0
    0.1380    7.0086    5.0498  N  0  0  0  0  0
    0.3976    5.7614    5.4965  N  0  0  0  0  0
   -0.5049    4.9031    4.9639  N  0  0  0  0  0
  1  5  1  0  0  0
  1  2  2  0  0  0
  2  3  1  0  0  0
  3  4  1  0  0  0
  4  5  2  0  0  0
M  END
$$$$
N1=NNN=C1
  -ISIS-

  5  5  0  0  0  0  0  0  0  0  1
   -3.3577    3.9580    4.2506  C  0  0  0  0  0
   -3.2520    3.6551    5.5614  N  0  0  0  0  0
   -4.5195    3.7212    6.0351  N  0  0  0  0  0
   -5.3522    4.0505    5.0242  N  0  0  0  0  0
   -4.6317    4.2013    3.8861  N  0  0  0  0  0
  1  5  1  0  0  0
  1  2  2  0  0  0
  2  3  1  0  0  0
  3  4  1  0  0  0
  4  5  2  0  0  0
M  END
$$$$
