N1=NNC2C1C3C4C(C2C3)COC4
  -ISIS-

 13 16  0  0  0  0  0  0  0  0  1
   -0.3600   -3.5575   -2.7027  N  0  0  0  0  0
    0.4118   -3.8931   -1.5337  N  0  0  0  0  0
    1.4754   -4.5104   -1.9244  N  0  0  0  0  0
    1.2395   -4.8455   -3.3147  C  0  0  0  0  0
    2.1739   -5.1848   -4.4700  C  0  0  0  0  0
    2.9362   -3.9300   -4.9122  C  0  0  0  0  0
    1.9146   -3.2214   -5.8272  C  0  0  0  0  0
    0.5728   -3.7341   -5.2673  C  0  0  0  0  0
    0.6129   -3.5229   -3.7570  C  0  0  0  0  0
    0.9778   -5.2381   -5.4797  C  0  0  0  0  0
    2.5944   -1.8921   -5.9194  C  0  0  0  0  0
    3.9924   -2.2967   -6.1497  O  0  0  0  0  0
    4.1472   -3.7118   -5.7660  C  0  0  0  0  0
  1  9  1  0  0  0
  1  2  1  0  0  0
  2  3  2  0  0  0
  3  4  1  0  0  0
  4  9  1  0  0  0
  4  5  1  0  0  0
  5 10  1  0  0  0
  5  6  1  0  0  0
  6 13  1  0  0  0
  6  7  1  0  0  0
  7  8  1  0  0  0
  7 11  1  0  0  0
  8  9  1  0  0  0
  8 10  1  0  0  0
 11 12  1  0  0  0
 12 13  1  0  0  0
M  END
$$$$
N1=NNC2C1C3C4C(C2C3)COC4
  -ISIS-

 13 16  0  0  0  0  0  0  0  0  1
   -5.9924    3.1527    0.3890  N  0  0  0  0  0
   -5.3028    4.1168   -0.2914  N  0  0  0  0  0
   -5.0997    3.7372   -1.4739  N  0  0  0  0  0
   -5.5693    2.3689   -1.7226  C  0  0  0  0  0
   -6.7948    2.3634   -2.6645  C  0  0  0  0  0
   -7.2839    0.9657   -3.0153  C  0  0  0  0  0
   -7.3941    0.3088   -1.6442  C  0  0  0  0  0
   -7.5831    1.5226   -0.7175  C  0  0  0  0  0
   -6.1188    1.9259   -0.3618  C  0  0  0  0  0
   -7.9521    2.6759   -1.6734  C  0  0  0  0  0
   -8.2636   -0.8422   -2.0431  C  0  0  0  0  0
   -7.5964   -1.2925   -3.2802  O  0  0  0  0  0
   -6.7430   -0.1974   -3.7808  C  0  0  0  0  0
  1  9  1  0  0  0
  1  2  1  0  0  0
  2  3  2  0  0  0
  3  4  1  0  0  0
  4  9  1  0  0  0
  4  5  1  0  0  0
  5 10  1  0  0  0
  5  6  1  0  0  0
  6 13  1  0  0  0
  6  7  1  0  0  0
  7  8  1  0  0  0
  7 11  1  0  0  0
  8  9  1  0  0  0
  8 10  1  0  0  0
 11 12  1  0  0  0
 12 13  1  0  0  0
M  END
$$$$
N1=NNC2C1C3C4C(C2C3)COC4
  -ISIS-

 13 16  0  0  0  0  0  0  0  0  1
   -3.2143    1.7711    6.5125  N  0  0  0  0  0
   -4.0427    0.7331    5.9597  N  0  0  0  0  0
   -3.8293    0.6907    4.6876  N  0  0  0  0  0
   -3.1100    1.9112    4.3696  C  0  0  0  0  0
   -2.2000    2.2784    3.2102  C  0  0  0  0  0
   -2.1712    3.8165    3.1253  C  0  0  0  0  0
   -1.9038    4.2133    4.5925  C  0  0  0  0  0
   -1.1626    2.9871    5.1410  C  0  0  0  0  0
   -2.1493    1.8959    5.5613  C  0  0  0  0  0
   -0.7644    2.2102    3.8351  C  0  0  0  0  0
   -1.4909    5.6306    4.3392  C  0  0  0  0  0
   -2.5130    6.0746    3.3749  O  0  0  0  0  0
   -3.1626    4.8863    2.7919  C  0  0  0  0  0
  1  9  1  0  0  0
  1  2  1  0  0  0
  2  3  2  0  0  0
  3  4  1  0  0  0
  4  9  1  0  0  0
  4  5  1  0  0  0
  5 10  1  0  0  0
  5  6  1  0  0  0
  6 13  1  0  0  0
  6  7  1  0  0  0
  7  8  1  0  0  0
  7 11  1  0  0  0
  8  9  1  0  0  0
  8 10  1  0  0  0
 11 12  1  0  0  0
 12 13  1  0  0  0
M  END
$$$$
N1=NNC2C1C3C4C(C2C3)COC4
  -ISIS-

 13 16  0  0  0  0  0  0  0  0  1
    3.6032    4.2287    2.4225  N  0  0  0  0  0
    3.2475    5.4138    1.6852  N  0  0  0  0  0
    4.3047    6.1455    1.5765  N  0  0  0  0  0
    5.2628    5.5815    2.5067  C  0  0  0  0  0
    6.7816    5.6626    2.6036  C  0  0  0  0  0
    7.4222    4.8541    1.4691  C  0  0  0  0  0
    7.3736    3.4112    2.0158  C  0  0  0  0  0
    6.1718    3.4738    2.9796  C  0  0  0  0  0
    5.0163    4.1026    2.2072  C  0  0  0  0  0
    6.8029    4.6552    3.8026  C  0  0  0  0  0
    7.6846    2.6887    0.7434  C  0  0  0  0  0
    8.8006    3.4945    0.2176  O  0  0  0  0  0
    8.8069    4.8010    0.9008  C  0  0  0  0  0
  1  9  1  0  0  0
  1  2  1  0  0  0
  2  3  2  0  0  0
  3  4  1  0  0  0
  4  9  1  0  0  0
  4  5  1  0  0  0
  5 10  1  0  0  0
  5  6  1  0  0  0
  6 13  1  0  0  0
  6  7  1  0  0  0
  7  8  1  0  0  0
  7 11  1  0  0  0
  8  9  1  0  0  0
  8 10  1  0  0  0
 11 12  1  0  0  0
 12 13  1  0  0  0
M  END
$$$$
