N1C=CC2C(C=1)CNCN2
  -ISIS-

 10 11  0  0  0  0  0  0  0  0  1
   -4.9503    3.0007   -4.1391  N  0  0  0  0  0
   -3.9885    2.0000   -4.1452  C  0  0  0  0  0
   -3.4289    1.5831   -5.4872  C  0  0  0  0  0
   -1.9368    1.2961   -5.3899  C  0  0  0  0  0
   -1.0175    2.2100   -5.5181  N  0  0  0  0  0
   -1.4201    3.4770   -5.8454  C  0  0  0  0  0
   -2.6239    3.7709   -6.3511  C  0  0  0  0  0
   -3.6276    2.6728   -6.5214  C  0  0  0  0  0
   -4.9759    3.2032   -6.4754  N  0  0  0  0  0
   -5.5954    3.4813   -5.2722  C  0  0  0  0  0
  1 10  1  0  0  0
  1  2  1  0  0  0
  2  3  1  0  0  0
  3  8  1  0  0  0
  3  4  1  0  0  0
  4  5  2  0  0  0
  5  6  1  0  0  0
  6  7  2  0  0  0
  7  8  1  0  0  0
  8  9  1  0  0  0
  9 10  1  0  0  0
M  END
$$$$
