N1CCCCCCCCC1
  -ISIS-

 10 10  0  0  0  0  0  0  0  0  1
    1.8454   -4.6853    0.3962  C  0  0  0  0  0
    2.4334   -5.0781    1.7783  C  0  0  0  0  0
    3.8169   -4.4702    2.0675  C  0  0  0  0  0
    4.1358   -4.3451    3.5639  C  0  0  0  0  0
    3.2237   -3.4180    4.3861  C  0  0  0  0  0
    3.2042   -1.9521    3.9223  C  0  0  0  0  0
    1.8050   -1.4405    3.5530  C  0  0  0  0  0
    1.1693   -2.2317    2.4303  C  0  0  0  0  0
    1.8988   -2.2546    1.2666  N  0  0  0  0  0
    1.5823   -3.1444    0.1679  C  0  0  0  0  0
  1 10  1  0  0  0
  1  2  1  0  0  0
  2  3  1  0  0  0
  3  4  1  0  0  0
  4  5  1  0  0  0
  5  6  1  0  0  0
  6  7  1  0  0  0
  7  8  1  0  0  0
  8  9  1  0  0  0
  9 10  1  0  0  0
M  END
$$$$
N1CCCCCCCCC1
  -ISIS-

 10 10  0  0  0  0  0  0  0  0  1
    1.8454   -4.6853    0.3962  C  0  0  0  0  0
    2.4334   -5.0781    1.7783  C  0  0  0  0  0
    3.8169   -4.4702    2.0675  C  0  0  0  0  0
    4.1358   -4.3451    3.5639  C  0  0  0  0  0
    3.2237   -3.4180    4.3861  C  0  0  0  0  0
    3.2042   -1.9521    3.9223  C  0  0  0  0  0
    1.8050   -1.4405    3.5530  C  0  0  0  0  0
    1.1693   -2.2317    2.4303  C  0  0  0  0  0
    1.8988   -2.2546    1.2666  N  0  0  0  0  0
    1.5823   -3.1444    0.1679  C  0  0  0  0  0
  1 10  1  0  0  0
  1  2  1  0  0  0
  2  3  1  0  0  0
  3  4  1  0  0  0
  4  5  1  0  0  0
  5  6  1  0  0  0
  6  7  1  0  0  0
  7  8  1  0  0  0
  8  9  1  0  0  0
  9 10  1  0  0  0
M  END
$$$$
