N1CCCCCNCCCCC1
  -ISIS-

 12 12  0  0  0  0  0  0  0  0  1
    8.0519    3.2433   -1.4966  C  0  0  0  0  0
    8.6193    3.6184   -2.6956  N  0  0  0  0  0
    9.0941    2.6220   -3.6418  C  0  0  0  0  0
    9.1168    3.1708   -5.0792  C  0  0  0  0  0
    9.8604    4.5089   -5.2501  C  0  0  0  0  0
    8.9577    5.7495   -5.1094  C  0  0  0  0  0
    9.5009    6.7830   -4.1194  C  0  0  0  0  0
    9.1095    6.4674   -2.7529  N  0  0  0  0  0
    9.9359    6.7767   -1.6896  C  0  0  0  0  0
    9.3217    6.5097   -0.3278  C  0  0  0  0  0
    9.1748    5.0139   -0.0206  C  0  0  0  0  0
    7.8419    4.4152   -0.5131  C  0  0  0  0  0
  1 12  1  0  0  0
  1  2  1  0  0  0
  2  3  1  0  0  0
  3  4  1  0  0  0
  4  5  1  0  0  0
  5  6  1  0  0  0
  6  7  1  0  0  0
  7  8  1  0  0  0
  8  9  1  0  0  0
  9 10  1  0  0  0
 10 11  1  0  0  0
 11 12  1  0  0  0
M  END
$$$$
