N1N2C=CNC2NC=1
  -ISIS-

  8  9  0  0  0  0  0  0  0  0  1
    0.2683    0.0730   -0.2867  N  0  0  0  0  0
    1.1651   -0.6439    0.4876  C  0  0  0  0  0
    0.7741   -1.9447    0.5290  C  0  0  0  0  0
   -0.4024   -2.1069   -0.2516  N  0  0  0  0  0
   -0.6087   -0.8689   -0.8235  C  0  0  0  0  0
   -1.0413   -0.4029   -2.0334  N  0  0  0  0  0
   -0.2794    0.7425   -2.2051  C  0  0  0  0  0
    0.5374    1.0594   -1.2230  N  0  0  0  0  0
  1  5  1  0  0  0
  1  8  1  0  0  0
  1  2  1  0  0  0
  2  3  2  0  0  0
  3  4  1  0  0  0
  4  5  1  0  0  0
  5  6  1  0  0  0
  6  7  1  0  0  0
  7  8  2  0  0  0
M  END
$$$$
N1N2C=CNC2NC=1
  -ISIS-

  8  9  0  0  0  0  0  0  0  0  1
    0.2683    0.0730   -0.2867  N  0  0  0  0  0
    1.1651   -0.6439    0.4876  C  0  0  0  0  0
    0.7741   -1.9447    0.5290  C  0  0  0  0  0
   -0.4024   -2.1069   -0.2516  N  0  0  0  0  0
   -0.6087   -0.8689   -0.8235  C  0  0  0  0  0
   -1.0413   -0.4029   -2.0334  N  0  0  0  0  0
   -0.2794    0.7425   -2.2051  C  0  0  0  0  0
    0.5374    1.0594   -1.2230  N  0  0  0  0  0
  1  5  1  0  0  0
  1  8  1  0  0  0
  1  2  1  0  0  0
  2  3  2  0  0  0
  3  4  1  0  0  0
  4  5  1  0  0  0
  5  6  1  0  0  0
  6  7  1  0  0  0
  7  8  2  0  0  0
M  END
$$$$
