N1N2N(CC=1)CNC2
  -ISIS-

  8  9  0  0  0  0  0  0  0  0  1
    2.2122    0.8639    1.9819  C  0  0  0  0  0
    1.3205    0.7592    3.0605  N  0  0  0  0  0
    0.2979    1.6844    2.8507  C  0  0  0  0  0
    0.3692    2.1159    1.5253  N  0  0  0  0  0
    1.5608    1.6720    1.0094  N  0  0  0  0  0
    2.2292    2.6180    0.3022  N  0  0  0  0  0
    1.4367    3.6499    0.3024  C  0  0  0  0  0
    0.1611    3.4814    1.1015  C  0  0  0  0  0
  1  5  1  0  0  0
  1  2  1  0  0  0
  2  3  1  0  0  0
  3  4  1  0  0  0
  4  8  1  0  0  0
  4  5  1  0  0  0
  5  6  1  0  0  0
  6  7  2  0  0  0
  7  8  1  0  0  0
M  END
$$$$
N1N2N(CC=1)CNC2
  -ISIS-

  8  9  0  0  0  0  0  0  0  0  1
    2.2122    0.8639    1.9819  C  0  0  0  0  0
    1.3205    0.7592    3.0605  N  0  0  0  0  0
    0.2979    1.6844    2.8507  C  0  0  0  0  0
    0.3692    2.1159    1.5253  N  0  0  0  0  0
    1.5608    1.6720    1.0094  N  0  0  0  0  0
    2.2292    2.6180    0.3022  N  0  0  0  0  0
    1.4367    3.6499    0.3024  C  0  0  0  0  0
    0.1611    3.4814    1.1015  C  0  0  0  0  0
  1  5  1  0  0  0
  1  2  1  0  0  0
  2  3  1  0  0  0
  3  4  1  0  0  0
  4  8  1  0  0  0
  4  5  1  0  0  0
  5  6  1  0  0  0
  6  7  2  0  0  0
  7  8  1  0  0  0
M  END
$$$$
N1N2N(CC=1)CNC2
  -ISIS-

  8  9  0  0  0  0  0  0  0  0  1
    2.2122    0.8639    1.9819  C  0  0  0  0  0
    1.3205    0.7592    3.0605  N  0  0  0  0  0
    0.2979    1.6844    2.8507  C  0  0  0  0  0
    0.3692    2.1159    1.5253  N  0  0  0  0  0
    1.5608    1.6720    1.0094  N  0  0  0  0  0
    2.2292    2.6180    0.3022  N  0  0  0  0  0
    1.4367    3.6499    0.3024  C  0  0  0  0  0
    0.1611    3.4814    1.1015  C  0  0  0  0  0
  1  5  1  0  0  0
  1  2  1  0  0  0
  2  3  1  0  0  0
  3  4  1  0  0  0
  4  8  1  0  0  0
  4  5  1  0  0  0
  5  6  1  0  0  0
  6  7  2  0  0  0
  7  8  1  0  0  0
M  END
$$$$
N1N2N(CC=1)CNC2
  -ISIS-

  8  9  0  0  0  0  0  0  0  0  1
    2.2122    0.8639    1.9819  C  0  0  0  0  0
    1.3205    0.7592    3.0605  N  0  0  0  0  0
    0.2979    1.6844    2.8507  C  0  0  0  0  0
    0.3692    2.1159    1.5253  N  0  0  0  0  0
    1.5608    1.6720    1.0094  N  0  0  0  0  0
    2.2292    2.6180    0.3022  N  0  0  0  0  0
    1.4367    3.6499    0.3024  C  0  0  0  0  0
    0.1611    3.4814    1.1015  C  0  0  0  0  0
  1  5  1  0  0  0
  1  2  1  0  0  0
  2  3  1  0  0  0
  3  4  1  0  0  0
  4  8  1  0  0  0
  4  5  1  0  0  0
  5  6  1  0  0  0
  6  7  2  0  0  0
  7  8  1  0  0  0
M  END
$$$$
N1N2N(CC=1)CNC2
  -ISIS-

  8  9  0  0  0  0  0  0  0  0  1
   -6.9889    3.0972    3.0952  C  0  0  0  0  0
   -8.3079    2.8283    3.7910  C  0  0  0  0  0
   -8.2708    2.0422    4.8179  N  0  0  0  0  0
   -6.9540    1.7496    4.9636  N  0  0  0  0  0
   -6.5072    0.4282    5.2441  C  0  0  0  0  0
   -5.3634    0.2290    4.4563  N  0  0  0  0  0
   -5.2910    1.2836    3.5465  C  0  0  0  0  0
   -6.1646    2.2852    3.9747  N  0  0  0  0  0
  1  8  1  0  0  0
  1  2  1  0  0  0
  2  3  2  0  0  0
  3  4  1  0  0  0
  4  8  1  0  0  0
  4  5  1  0  0  0
  5  6  1  0  0  0
  6  7  1  0  0  0
  7  8  1  0  0  0
M  END
$$$$
N1N2N(CC=1)CNC2
  -ISIS-

  8  9  0  0  0  0  0  0  0  0  1
   -6.9889    3.0972    3.0952  C  0  0  0  0  0
   -8.3079    2.8283    3.7910  C  0  0  0  0  0
   -8.2708    2.0422    4.8179  N  0  0  0  0  0
   -6.9540    1.7496    4.9636  N  0  0  0  0  0
   -6.5072    0.4282    5.2441  C  0  0  0  0  0
   -5.3634    0.2290    4.4563  N  0  0  0  0  0
   -5.2910    1.2836    3.5465  C  0  0  0  0  0
   -6.1646    2.2852    3.9747  N  0  0  0  0  0
  1  8  1  0  0  0
  1  2  1  0  0  0
  2  3  2  0  0  0
  3  4  1  0  0  0
  4  8  1  0  0  0
  4  5  1  0  0  0
  5  6  1  0  0  0
  6  7  1  0  0  0
  7  8  1  0  0  0
M  END
$$$$
N1N2N(CC=1)CNC2
  -ISIS-

  8  9  0  0  0  0  0  0  0  0  1
   -6.9889    3.0972    3.0952  C  0  0  0  0  0
   -8.3079    2.8283    3.7910  C  0  0  0  0  0
   -8.2708    2.0422    4.8179  N  0  0  0  0  0
   -6.9540    1.7496    4.9636  N  0  0  0  0  0
   -6.5072    0.4282    5.2441  C  0  0  0  0  0
   -5.3634    0.2290    4.4563  N  0  0  0  0  0
   -5.2910    1.2836    3.5465  C  0  0  0  0  0
   -6.1646    2.2852    3.9747  N  0  0  0  0  0
  1  8  1  0  0  0
  1  2  1  0  0  0
  2  3  2  0  0  0
  3  4  1  0  0  0
  4  8  1  0  0  0
  4  5  1  0  0  0
  5  6  1  0  0  0
  6  7  1  0  0  0
  7  8  1  0  0  0
M  END
$$$$
N1N2N(CC=1)CNC2
  -ISIS-

  8  9  0  0  0  0  0  0  0  0  1
   -6.9889    3.0972    3.0952  C  0  0  0  0  0
   -8.3079    2.8283    3.7910  C  0  0  0  0  0
   -8.2708    2.0422    4.8179  N  0  0  0  0  0
   -6.9540    1.7496    4.9636  N  0  0  0  0  0
   -6.5072    0.4282    5.2441  C  0  0  0  0  0
   -5.3634    0.2290    4.4563  N  0  0  0  0  0
   -5.2910    1.2836    3.5465  C  0  0  0  0  0
   -6.1646    2.2852    3.9747  N  0  0  0  0  0
  1  8  1  0  0  0
  1  2  1  0  0  0
  2  3  2  0  0  0
  3  4  1  0  0  0
  4  8  1  0  0  0
  4  5  1  0  0  0
  5  6  1  0  0  0
  6  7  1  0  0  0
  7  8  1  0  0  0
M  END
$$$$
N1N2N(CC=1)CNC2
  -ISIS-

  8  9  0  0  0  0  0  0  0  0  1
    6.0719   -0.5266   -2.0826  C  0  0  0  0  0
    5.6160   -1.8064   -2.4528  N  0  0  0  0  0
    5.6301   -2.6126   -1.3067  C  0  0  0  0  0
    5.8510   -1.7842   -0.2111  N  0  0  0  0  0
    6.1201   -0.5364   -0.6712  N  0  0  0  0  0
    6.9525    0.1793    0.1056  N  0  0  0  0  0
    7.1851   -0.6009    1.1234  C  0  0  0  0  0
    6.6207   -2.0222    0.9990  C  0  0  0  0  0
  1  5  1  0  0  0
  1  2  1  0  0  0
  2  3  1  0  0  0
  3  4  1  0  0  0
  4  8  1  0  0  0
  4  5  1  0  0  0
  5  6  1  0  0  0
  6  7  2  0  0  0
  7  8  1  0  0  0
M  END
$$$$
N1N2N(CC=1)CNC2
  -ISIS-

  8  9  0  0  0  0  0  0  0  0  1
    6.0719   -0.5266   -2.0826  C  0  0  0  0  0
    5.6160   -1.8064   -2.4528  N  0  0  0  0  0
    5.6301   -2.6126   -1.3067  C  0  0  0  0  0
    5.8510   -1.7842   -0.2111  N  0  0  0  0  0
    6.1201   -0.5364   -0.6712  N  0  0  0  0  0
    6.9525    0.1793    0.1056  N  0  0  0  0  0
    7.1851   -0.6009    1.1234  C  0  0  0  0  0
    6.6207   -2.0222    0.9990  C  0  0  0  0  0
  1  5  1  0  0  0
  1  2  1  0  0  0
  2  3  1  0  0  0
  3  4  1  0  0  0
  4  8  1  0  0  0
  4  5  1  0  0  0
  5  6  1  0  0  0
  6  7  2  0  0  0
  7  8  1  0  0  0
M  END
$$$$
N1N2N(CC=1)CNC2
  -ISIS-

  8  9  0  0  0  0  0  0  0  0  1
    6.0719   -0.5266   -2.0826  C  0  0  0  0  0
    5.6160   -1.8064   -2.4528  N  0  0  0  0  0
    5.6301   -2.6126   -1.3067  C  0  0  0  0  0
    5.8510   -1.7842   -0.2111  N  0  0  0  0  0
    6.1201   -0.5364   -0.6712  N  0  0  0  0  0
    6.9525    0.1793    0.1056  N  0  0  0  0  0
    7.1851   -0.6009    1.1234  C  0  0  0  0  0
    6.6207   -2.0222    0.9990  C  0  0  0  0  0
  1  5  1  0  0  0
  1  2  1  0  0  0
  2  3  1  0  0  0
  3  4  1  0  0  0
  4  8  1  0  0  0
  4  5  1  0  0  0
  5  6  1  0  0  0
  6  7  2  0  0  0
  7  8  1  0  0  0
M  END
$$$$
N1N2N(CC=1)CNC2
  -ISIS-

  8  9  0  0  0  0  0  0  0  0  1
    6.0719   -0.5266   -2.0826  C  0  0  0  0  0
    5.6160   -1.8064   -2.4528  N  0  0  0  0  0
    5.6301   -2.6126   -1.3067  C  0  0  0  0  0
    5.8510   -1.7842   -0.2111  N  0  0  0  0  0
    6.1201   -0.5364   -0.6712  N  0  0  0  0  0
    6.9525    0.1793    0.1056  N  0  0  0  0  0
    7.1851   -0.6009    1.1234  C  0  0  0  0  0
    6.6207   -2.0222    0.9990  C  0  0  0  0  0
  1  5  1  0  0  0
  1  2  1  0  0  0
  2  3  1  0  0  0
  3  4  1  0  0  0
  4  8  1  0  0  0
  4  5  1  0  0  0
  5  6  1  0  0  0
  6  7  2  0  0  0
  7  8  1  0  0  0
M  END
$$$$
N1N2N(CC=1)CNC2
  -ISIS-

  8  9  0  0  0  0  0  0  0  0  1
    6.0719   -0.5266   -2.0826  C  0  0  0  0  0
    5.6160   -1.8064   -2.4528  N  0  0  0  0  0
    5.6301   -2.6126   -1.3067  C  0  0  0  0  0
    5.8510   -1.7842   -0.2111  N  0  0  0  0  0
    6.1201   -0.5364   -0.6712  N  0  0  0  0  0
    6.9525    0.1793    0.1056  N  0  0  0  0  0
    7.1851   -0.6009    1.1234  C  0  0  0  0  0
    6.6207   -2.0222    0.9990  C  0  0  0  0  0
  1  5  1  0  0  0
  1  2  1  0  0  0
  2  3  1  0  0  0
  3  4  1  0  0  0
  4  8  1  0  0  0
  4  5  1  0  0  0
  5  6  1  0  0  0
  6  7  2  0  0  0
  7  8  1  0  0  0
M  END
$$$$
