N1NNCN1
  -ISIS-

  5  5  0  0  0  0  0  0  0  0  1
   -0.7092   -1.0411   -0.3027  C  0  0  0  0  0
   -1.2790   -1.6329    0.8156  N  0  0  0  0  0
   -1.7601   -2.8973    0.4185  N  0  0  0  0  0
   -1.3388   -3.1233   -0.8859  N  0  0  0  0  0
   -0.5680   -2.0087   -1.2876  N  0  0  0  0  0
  1  5  1  0  0  0
  1  2  1  0  0  0
  2  3  1  0  0  0
  3  4  1  0  0  0
  4  5  1  0  0  0
M  END
$$$$
N1NNCN1
  -ISIS-

  5  5  0  0  0  0  0  0  0  0  1
   -0.7092   -1.0411   -0.3027  C  0  0  0  0  0
   -1.2790   -1.6329    0.8156  N  0  0  0  0  0
   -1.7601   -2.8973    0.4185  N  0  0  0  0  0
   -1.3388   -3.1233   -0.8859  N  0  0  0  0  0
   -0.5680   -2.0087   -1.2876  N  0  0  0  0  0
  1  5  1  0  0  0
  1  2  1  0  0  0
  2  3  1  0  0  0
  3  4  1  0  0  0
  4  5  1  0  0  0
M  END
$$$$
N1NNCN1
  -ISIS-

  5  5  0  0  0  0  0  0  0  0  1
   -0.7092   -1.0411   -0.3027  C  0  0  0  0  0
   -1.2790   -1.6329    0.8156  N  0  0  0  0  0
   -1.7601   -2.8973    0.4185  N  0  0  0  0  0
   -1.3388   -3.1233   -0.8859  N  0  0  0  0  0
   -0.5680   -2.0087   -1.2876  N  0  0  0  0  0
  1  5  1  0  0  0
  1  2  1  0  0  0
  2  3  1  0  0  0
  3  4  1  0  0  0
  4  5  1  0  0  0
M  END
$$$$
N1NNCN1
  -ISIS-

  5  5  0  0  0  0  0  0  0  0  1
    0.6810   -0.5741   -3.2547  C  0  0  0  0  0
    1.9662   -1.0479   -3.5421  N  0  0  0  0  0
    2.9547   -0.4008   -2.6383  N  0  0  0  0  0
    2.1099    0.4050   -1.7531  N  0  0  0  0  0
    0.7613    0.2380   -2.1174  N  0  0  0  0  0
  1  5  1  0  0  0
  1  2  1  0  0  0
  2  3  1  0  0  0
  3  4  1  0  0  0
  4  5  1  0  0  0
M  END
$$$$
N1NNCN1
  -ISIS-

  5  5  0  0  0  0  0  0  0  0  1
    0.6810   -0.5741   -3.2547  C  0  0  0  0  0
    1.9662   -1.0479   -3.5421  N  0  0  0  0  0
    2.9547   -0.4008   -2.6383  N  0  0  0  0  0
    2.1099    0.4050   -1.7531  N  0  0  0  0  0
    0.7613    0.2380   -2.1174  N  0  0  0  0  0
  1  5  1  0  0  0
  1  2  1  0  0  0
  2  3  1  0  0  0
  3  4  1  0  0  0
  4  5  1  0  0  0
M  END
$$$$
N1NNCN1
  -ISIS-

  5  5  0  0  0  0  0  0  0  0  1
    0.6810   -0.5741   -3.2547  C  0  0  0  0  0
    1.9662   -1.0479   -3.5421  N  0  0  0  0  0
    2.9547   -0.4008   -2.6383  N  0  0  0  0  0
    2.1099    0.4050   -1.7531  N  0  0  0  0  0
    0.7613    0.2380   -2.1174  N  0  0  0  0  0
  1  5  1  0  0  0
  1  2  1  0  0  0
  2  3  1  0  0  0
  3  4  1  0  0  0
  4  5  1  0  0  0
M  END
$$$$
