N1OCOC=1
  -ISIS-

  5  5  0  0  0  0  0  0  0  0  1
   -1.4790   -0.1404   -5.7205  C  0  0  0  0  0
   -0.5253    0.1330   -6.6627  O  0  0  0  0  0
   -1.0116   -0.3974   -7.8841  N  0  0  0  0  0
   -2.1546   -0.9012   -7.5745  C  0  0  0  0  0
   -2.5129   -0.7986   -6.2901  O  0  0  0  0  0
  1  5  1  0  0  0
  1  2  1  0  0  0
  2  3  1  0  0  0
  3  4  2  0  0  0
  4  5  1  0  0  0
M  END
$$$$
N1OCOC=1
  -ISIS-

  5  5  0  0  0  0  0  0  0  0  1
   -1.4790   -0.1404   -5.7205  C  0  0  0  0  0
   -0.5253    0.1330   -6.6627  O  0  0  0  0  0
   -1.0116   -0.3974   -7.8841  N  0  0  0  0  0
   -2.1546   -0.9012   -7.5745  C  0  0  0  0  0
   -2.5129   -0.7986   -6.2901  O  0  0  0  0  0
  1  5  1  0  0  0
  1  2  1  0  0  0
  2  3  1  0  0  0
  3  4  2  0  0  0
  4  5  1  0  0  0
M  END
$$$$
