N1OCNC=1
  -ISIS-

  5  5  0  0  0  0  0  0  0  0  1
    7.2506   -7.6009   -6.6852  N  0  0  0  0  0
    8.2179   -7.2923   -7.5759  C  0  0  0  0  0
    9.2205   -8.2261   -7.4823  O  0  0  0  0  0
    8.8391   -9.1211   -6.4413  N  0  0  0  0  0
    7.6894   -8.6929   -6.0386  C  0  0  0  0  0
  1  5  1  0  0  0
  1  2  1  0  0  0
  2  3  1  0  0  0
  3  4  1  0  0  0
  4  5  2  0  0  0
M  END
$$$$
N1OCNC=1
  -ISIS-

  5  5  0  0  0  0  0  0  0  0  1
    7.2506   -7.6009   -6.6852  N  0  0  0  0  0
    8.2179   -7.2923   -7.5759  C  0  0  0  0  0
    9.2205   -8.2261   -7.4823  O  0  0  0  0  0
    8.8391   -9.1211   -6.4413  N  0  0  0  0  0
    7.6894   -8.6929   -6.0386  C  0  0  0  0  0
  1  5  1  0  0  0
  1  2  1  0  0  0
  2  3  1  0  0  0
  3  4  1  0  0  0
  4  5  2  0  0  0
M  END
$$$$
N1OCNC=1
  -ISIS-

  5  5  0  0  0  0  0  0  0  0  1
    7.2506   -7.6009   -6.6852  N  0  0  0  0  0
    8.2179   -7.2923   -7.5759  C  0  0  0  0  0
    9.2205   -8.2261   -7.4823  O  0  0  0  0  0
    8.8391   -9.1211   -6.4413  N  0  0  0  0  0
    7.6894   -8.6929   -6.0386  C  0  0  0  0  0
  1  5  1  0  0  0
  1  2  1  0  0  0
  2  3  1  0  0  0
  3  4  1  0  0  0
  4  5  2  0  0  0
M  END
$$$$
N1OCNC=1
  -ISIS-

  5  5  0  0  0  0  0  0  0  0  1
    1.1744    5.5219    2.6116  N  0  0  0  0  0
   -0.1428    5.4493    2.3293  C  0  0  0  0  0
   -0.7409    4.6045    3.2295  O  0  0  0  0  0
    0.2898    4.1668    4.1129  N  0  0  0  0  0
    1.3667    4.7294    3.6768  C  0  0  0  0  0
  1  5  1  0  0  0
  1  2  1  0  0  0
  2  3  1  0  0  0
  3  4  1  0  0  0
  4  5  2  0  0  0
M  END
$$$$
N1OCNC=1
  -ISIS-

  5  5  0  0  0  0  0  0  0  0  1
    1.1744    5.5219    2.6116  N  0  0  0  0  0
   -0.1428    5.4493    2.3293  C  0  0  0  0  0
   -0.7409    4.6045    3.2295  O  0  0  0  0  0
    0.2898    4.1668    4.1129  N  0  0  0  0  0
    1.3667    4.7294    3.6768  C  0  0  0  0  0
  1  5  1  0  0  0
  1  2  1  0  0  0
  2  3  1  0  0  0
  3  4  1  0  0  0
  4  5  2  0  0  0
M  END
$$$$
N1OCNC=1
  -ISIS-

  5  5  0  0  0  0  0  0  0  0  1
    1.1744    5.5219    2.6116  N  0  0  0  0  0
   -0.1428    5.4493    2.3293  C  0  0  0  0  0
   -0.7409    4.6045    3.2295  O  0  0  0  0  0
    0.2898    4.1668    4.1129  N  0  0  0  0  0
    1.3667    4.7294    3.6768  C  0  0  0  0  0
  1  5  1  0  0  0
  1  2  1  0  0  0
  2  3  1  0  0  0
  3  4  1  0  0  0
  4  5  2  0  0  0
M  END
$$$$
N1OCNC=1
  -ISIS-

  5  5  0  0  0  0  0  0  0  0  1
    7.0092    4.1784   -2.3884  N  0  0  0  0  0
    6.1550    3.2690   -2.9012  C  0  0  0  0  0
    6.1578    3.3715   -4.2663  O  0  0  0  0  0
    7.1039    4.3885   -4.5841  N  0  0  0  0  0
    7.5430    4.8128   -3.4443  C  0  0  0  0  0
  1  5  1  0  0  0
  1  2  1  0  0  0
  2  3  1  0  0  0
  3  4  1  0  0  0
  4  5  2  0  0  0
M  END
$$$$
N1OCNC=1
  -ISIS-

  5  5  0  0  0  0  0  0  0  0  1
    7.0092    4.1784   -2.3884  N  0  0  0  0  0
    6.1550    3.2690   -2.9012  C  0  0  0  0  0
    6.1578    3.3715   -4.2663  O  0  0  0  0  0
    7.1039    4.3885   -4.5841  N  0  0  0  0  0
    7.5430    4.8128   -3.4443  C  0  0  0  0  0
  1  5  1  0  0  0
  1  2  1  0  0  0
  2  3  1  0  0  0
  3  4  1  0  0  0
  4  5  2  0  0  0
M  END
$$$$
N1OCNC=1
  -ISIS-

  5  5  0  0  0  0  0  0  0  0  1
    7.0092    4.1784   -2.3884  N  0  0  0  0  0
    6.1550    3.2690   -2.9012  C  0  0  0  0  0
    6.1578    3.3715   -4.2663  O  0  0  0  0  0
    7.1039    4.3885   -4.5841  N  0  0  0  0  0
    7.5430    4.8128   -3.4443  C  0  0  0  0  0
  1  5  1  0  0  0
  1  2  1  0  0  0
  2  3  1  0  0  0
  3  4  1  0  0  0
  4  5  2  0  0  0
M  END
$$$$
N1OCNC=1
  -ISIS-

  5  5  0  0  0  0  0  0  0  0  1
    7.5327    7.0585   -0.8388  N  0  0  0  0  0
    7.0875    6.6449    0.3657  C  0  0  0  0  0
    8.1442    6.5809    1.2346  O  0  0  0  0  0
    9.3032    6.9142    0.4731  N  0  0  0  0  0
    8.8635    7.1757   -0.7134  C  0  0  0  0  0
  1  5  1  0  0  0
  1  2  1  0  0  0
  2  3  1  0  0  0
  3  4  1  0  0  0
  4  5  2  0  0  0
M  END
$$$$
N1OCNC=1
  -ISIS-

  5  5  0  0  0  0  0  0  0  0  1
    7.5327    7.0585   -0.8388  N  0  0  0  0  0
    7.0875    6.6449    0.3657  C  0  0  0  0  0
    8.1442    6.5809    1.2346  O  0  0  0  0  0
    9.3032    6.9142    0.4731  N  0  0  0  0  0
    8.8635    7.1757   -0.7134  C  0  0  0  0  0
  1  5  1  0  0  0
  1  2  1  0  0  0
  2  3  1  0  0  0
  3  4  1  0  0  0
  4  5  2  0  0  0
M  END
$$$$
N1OCNC=1
  -ISIS-

  5  5  0  0  0  0  0  0  0  0  1
    7.5327    7.0585   -0.8388  N  0  0  0  0  0
    7.0875    6.6449    0.3657  C  0  0  0  0  0
    8.1442    6.5809    1.2346  O  0  0  0  0  0
    9.3032    6.9142    0.4731  N  0  0  0  0  0
    8.8635    7.1757   -0.7134  C  0  0  0  0  0
  1  5  1  0  0  0
  1  2  1  0  0  0
  2  3  1  0  0  0
  3  4  1  0  0  0
  4  5  2  0  0  0
M  END
$$$$
N1OCNC=1
  -ISIS-

  5  5  0  0  0  0  0  0  0  0  1
    0.3905   -2.8335    0.8530  N  0  0  0  0  0
    1.4102   -2.1959    0.2415  C  0  0  0  0  0
    2.2033   -1.6122    1.1997  O  0  0  0  0  0
    1.6375   -1.9674    2.4610  N  0  0  0  0  0
    0.5985   -2.6755    2.1692  C  0  0  0  0  0
  1  5  1  0  0  0
  1  2  1  0  0  0
  2  3  1  0  0  0
  3  4  1  0  0  0
  4  5  2  0  0  0
M  END
$$$$
N1OCNC=1
  -ISIS-

  5  5  0  0  0  0  0  0  0  0  1
    0.3905   -2.8335    0.8530  N  0  0  0  0  0
    1.4102   -2.1959    0.2415  C  0  0  0  0  0
    2.2033   -1.6122    1.1997  O  0  0  0  0  0
    1.6375   -1.9674    2.4610  N  0  0  0  0  0
    0.5985   -2.6755    2.1692  C  0  0  0  0  0
  1  5  1  0  0  0
  1  2  1  0  0  0
  2  3  1  0  0  0
  3  4  1  0  0  0
  4  5  2  0  0  0
M  END
$$$$
N1OCNC=1
  -ISIS-

  5  5  0  0  0  0  0  0  0  0  1
    0.3905   -2.8335    0.8530  N  0  0  0  0  0
    1.4102   -2.1959    0.2415  C  0  0  0  0  0
    2.2033   -1.6122    1.1997  O  0  0  0  0  0
    1.6375   -1.9674    2.4610  N  0  0  0  0  0
    0.5985   -2.6755    2.1692  C  0  0  0  0  0
  1  5  1  0  0  0
  1  2  1  0  0  0
  2  3  1  0  0  0
  3  4  1  0  0  0
  4  5  2  0  0  0
M  END
$$$$
N1OCNC=1
  -ISIS-

  5  5  0  0  0  0  0  0  0  0  1
    3.9751   -4.9539   -0.2836  N  0  0  0  0  0
    4.4503   -5.6916   -1.3080  C  0  0  0  0  0
    3.5463   -6.6848   -1.5942  O  0  0  0  0  0
    2.4357   -6.4789   -0.7212  N  0  0  0  0  0
    2.7624   -5.4543   -0.0066  C  0  0  0  0  0
  1  5  1  0  0  0
  1  2  1  0  0  0
  2  3  1  0  0  0
  3  4  1  0  0  0
  4  5  2  0  0  0
M  END
$$$$
N1OCNC=1
  -ISIS-

  5  5  0  0  0  0  0  0  0  0  1
    3.9751   -4.9539   -0.2836  N  0  0  0  0  0
    4.4503   -5.6916   -1.3080  C  0  0  0  0  0
    3.5463   -6.6848   -1.5942  O  0  0  0  0  0
    2.4357   -6.4789   -0.7212  N  0  0  0  0  0
    2.7624   -5.4543   -0.0066  C  0  0  0  0  0
  1  5  1  0  0  0
  1  2  1  0  0  0
  2  3  1  0  0  0
  3  4  1  0  0  0
  4  5  2  0  0  0
M  END
$$$$
N1OCNC=1
  -ISIS-

  5  5  0  0  0  0  0  0  0  0  1
    3.9751   -4.9539   -0.2836  N  0  0  0  0  0
    4.4503   -5.6916   -1.3080  C  0  0  0  0  0
    3.5463   -6.6848   -1.5942  O  0  0  0  0  0
    2.4357   -6.4789   -0.7212  N  0  0  0  0  0
    2.7624   -5.4543   -0.0066  C  0  0  0  0  0
  1  5  1  0  0  0
  1  2  1  0  0  0
  2  3  1  0  0  0
  3  4  1  0  0  0
  4  5  2  0  0  0
M  END
$$$$
N1OCNC=1
  -ISIS-

  5  5  0  0  0  0  0  0  0  0  1
   -1.1875   -7.5908    4.8192  N  0  0  0  0  0
   -2.2012   -7.6250    5.7106  C  0  0  0  0  0
   -3.3853   -7.7648    5.0297  O  0  0  0  0  0
   -3.0521   -7.7809    3.6447  N  0  0  0  0  0
   -1.7647   -7.6866    3.6100  C  0  0  0  0  0
  1  5  1  0  0  0
  1  2  1  0  0  0
  2  3  1  0  0  0
  3  4  1  0  0  0
  4  5  2  0  0  0
M  END
$$$$
N1OCNC=1
  -ISIS-

  5  5  0  0  0  0  0  0  0  0  1
   -1.1875   -7.5908    4.8192  N  0  0  0  0  0
   -2.2012   -7.6250    5.7106  C  0  0  0  0  0
   -3.3853   -7.7648    5.0297  O  0  0  0  0  0
   -3.0521   -7.7809    3.6447  N  0  0  0  0  0
   -1.7647   -7.6866    3.6100  C  0  0  0  0  0
  1  5  1  0  0  0
  1  2  1  0  0  0
  2  3  1  0  0  0
  3  4  1  0  0  0
  4  5  2  0  0  0
M  END
$$$$
N1OCNC=1
  -ISIS-

  5  5  0  0  0  0  0  0  0  0  1
   -1.1875   -7.5908    4.8192  N  0  0  0  0  0
   -2.2012   -7.6250    5.7106  C  0  0  0  0  0
   -3.3853   -7.7648    5.0297  O  0  0  0  0  0
   -3.0521   -7.7809    3.6447  N  0  0  0  0  0
   -1.7647   -7.6866    3.6100  C  0  0  0  0  0
  1  5  1  0  0  0
  1  2  1  0  0  0
  2  3  1  0  0  0
  3  4  1  0  0  0
  4  5  2  0  0  0
M  END
$$$$
N1OCNC=1
  -ISIS-

  5  5  0  0  0  0  0  0  0  0  1
    5.2813   -2.2370    0.0438  N  0  0  0  0  0
    6.4908   -2.7517   -0.2569  C  0  0  0  0  0
    6.3197   -3.8547   -1.0544  O  0  0  0  0  0
    4.9153   -4.0183   -1.2104  N  0  0  0  0  0
    4.3849   -3.0452   -0.5438  C  0  0  0  0  0
  1  5  1  0  0  0
  1  2  1  0  0  0
  2  3  1  0  0  0
  3  4  1  0  0  0
  4  5  2  0  0  0
M  END
$$$$
N1OCNC=1
  -ISIS-

  5  5  0  0  0  0  0  0  0  0  1
    5.2813   -2.2370    0.0438  N  0  0  0  0  0
    6.4908   -2.7517   -0.2569  C  0  0  0  0  0
    6.3197   -3.8547   -1.0544  O  0  0  0  0  0
    4.9153   -4.0183   -1.2104  N  0  0  0  0  0
    4.3849   -3.0452   -0.5438  C  0  0  0  0  0
  1  5  1  0  0  0
  1  2  1  0  0  0
  2  3  1  0  0  0
  3  4  1  0  0  0
  4  5  2  0  0  0
M  END
$$$$
N1OCNC=1
  -ISIS-

  5  5  0  0  0  0  0  0  0  0  1
    5.2813   -2.2370    0.0438  N  0  0  0  0  0
    6.4908   -2.7517   -0.2569  C  0  0  0  0  0
    6.3197   -3.8547   -1.0544  O  0  0  0  0  0
    4.9153   -4.0183   -1.2104  N  0  0  0  0  0
    4.3849   -3.0452   -0.5438  C  0  0  0  0  0
  1  5  1  0  0  0
  1  2  1  0  0  0
  2  3  1  0  0  0
  3  4  1  0  0  0
  4  5  2  0  0  0
M  END
$$$$
N1OCNC=1
  -ISIS-

  5  5  0  0  0  0  0  0  0  0  1
    4.7690   -4.4497    1.5279  N  0  0  0  0  0
    5.3661   -4.3845    0.3193  C  0  0  0  0  0
    6.7263   -4.3584    0.4953  O  0  0  0  0  0
    6.9470   -4.4110    1.8989  N  0  0  0  0  0
    5.7666   -4.4433    2.4279  C  0  0  0  0  0
  1  5  1  0  0  0
  1  2  1  0  0  0
  2  3  1  0  0  0
  3  4  1  0  0  0
  4  5  2  0  0  0
M  END
$$$$
N1OCNC=1
  -ISIS-

  5  5  0  0  0  0  0  0  0  0  1
    4.7690   -4.4497    1.5279  N  0  0  0  0  0
    5.3661   -4.3845    0.3193  C  0  0  0  0  0
    6.7263   -4.3584    0.4953  O  0  0  0  0  0
    6.9470   -4.4110    1.8989  N  0  0  0  0  0
    5.7666   -4.4433    2.4279  C  0  0  0  0  0
  1  5  1  0  0  0
  1  2  1  0  0  0
  2  3  1  0  0  0
  3  4  1  0  0  0
  4  5  2  0  0  0
M  END
$$$$
N1OCNC=1
  -ISIS-

  5  5  0  0  0  0  0  0  0  0  1
    4.7690   -4.4497    1.5279  N  0  0  0  0  0
    5.3661   -4.3845    0.3193  C  0  0  0  0  0
    6.7263   -4.3584    0.4953  O  0  0  0  0  0
    6.9470   -4.4110    1.8989  N  0  0  0  0  0
    5.7666   -4.4433    2.4279  C  0  0  0  0  0
  1  5  1  0  0  0
  1  2  1  0  0  0
  2  3  1  0  0  0
  3  4  1  0  0  0
  4  5  2  0  0  0
M  END
$$$$
N1OCNC=1
  -ISIS-

  5  5  0  0  0  0  0  0  0  0  1
    5.4220   -3.4641    1.4306  N  0  0  0  0  0
    5.8920   -2.8428    2.5314  C  0  0  0  0  0
    6.5258   -3.7633    3.3265  O  0  0  0  0  0
    6.4545   -5.0031    2.6329  N  0  0  0  0  0
    5.8039   -4.7461    1.5452  C  0  0  0  0  0
  1  5  1  0  0  0
  1  2  1  0  0  0
  2  3  1  0  0  0
  3  4  1  0  0  0
  4  5  2  0  0  0
M  END
$$$$
N1OCNC=1
  -ISIS-

  5  5  0  0  0  0  0  0  0  0  1
    5.4220   -3.4641    1.4306  N  0  0  0  0  0
    5.8920   -2.8428    2.5314  C  0  0  0  0  0
    6.5258   -3.7633    3.3265  O  0  0  0  0  0
    6.4545   -5.0031    2.6329  N  0  0  0  0  0
    5.8039   -4.7461    1.5452  C  0  0  0  0  0
  1  5  1  0  0  0
  1  2  1  0  0  0
  2  3  1  0  0  0
  3  4  1  0  0  0
  4  5  2  0  0  0
M  END
$$$$
N1OCNC=1
  -ISIS-

  5  5  0  0  0  0  0  0  0  0  1
    5.4220   -3.4641    1.4306  N  0  0  0  0  0
    5.8920   -2.8428    2.5314  C  0  0  0  0  0
    6.5258   -3.7633    3.3265  O  0  0  0  0  0
    6.4545   -5.0031    2.6329  N  0  0  0  0  0
    5.8039   -4.7461    1.5452  C  0  0  0  0  0
  1  5  1  0  0  0
  1  2  1  0  0  0
  2  3  1  0  0  0
  3  4  1  0  0  0
  4  5  2  0  0  0
M  END
$$$$
N1OCNC=1
  -ISIS-

  5  5  0  0  0  0  0  0  0  0  1
   -1.7015    0.7124   -0.4521  N  0  0  0  0  0
   -2.2334    1.2424   -1.5696  C  0  0  0  0  0
   -2.0694    0.3565   -2.6021  O  0  0  0  0  0
   -1.3806   -0.7649   -2.0563  N  0  0  0  0  0
   -1.2139   -0.4857   -0.8055  C  0  0  0  0  0
  1  5  1  0  0  0
  1  2  1  0  0  0
  2  3  1  0  0  0
  3  4  1  0  0  0
  4  5  2  0  0  0
M  END
$$$$
N1OCNC=1
  -ISIS-

  5  5  0  0  0  0  0  0  0  0  1
   -1.7015    0.7124   -0.4521  N  0  0  0  0  0
   -2.2334    1.2424   -1.5696  C  0  0  0  0  0
   -2.0694    0.3565   -2.6021  O  0  0  0  0  0
   -1.3806   -0.7649   -2.0563  N  0  0  0  0  0
   -1.2139   -0.4857   -0.8055  C  0  0  0  0  0
  1  5  1  0  0  0
  1  2  1  0  0  0
  2  3  1  0  0  0
  3  4  1  0  0  0
  4  5  2  0  0  0
M  END
$$$$
N1OCNC=1
  -ISIS-

  5  5  0  0  0  0  0  0  0  0  1
   -1.7015    0.7124   -0.4521  N  0  0  0  0  0
   -2.2334    1.2424   -1.5696  C  0  0  0  0  0
   -2.0694    0.3565   -2.6021  O  0  0  0  0  0
   -1.3806   -0.7649   -2.0563  N  0  0  0  0  0
   -1.2139   -0.4857   -0.8055  C  0  0  0  0  0
  1  5  1  0  0  0
  1  2  1  0  0  0
  2  3  1  0  0  0
  3  4  1  0  0  0
  4  5  2  0  0  0
M  END
$$$$
N1OCNC=1
  -ISIS-

  5  5  0  0  0  0  0  0  0  0  1
   -1.1340   -4.6399    1.2482  N  0  0  0  0  0
   -2.3178   -4.1388    0.8456  C  0  0  0  0  0
   -3.2950   -5.0748    1.0732  O  0  0  0  0  0
   -2.6337   -6.2209    1.6021  N  0  0  0  0  0
   -1.3847   -5.8925    1.6615  C  0  0  0  0  0
  1  5  1  0  0  0
  1  2  1  0  0  0
  2  3  1  0  0  0
  3  4  1  0  0  0
  4  5  2  0  0  0
M  END
$$$$
N1OCNC=1
  -ISIS-

  5  5  0  0  0  0  0  0  0  0  1
   -1.1340   -4.6399    1.2482  N  0  0  0  0  0
   -2.3178   -4.1388    0.8456  C  0  0  0  0  0
   -3.2950   -5.0748    1.0732  O  0  0  0  0  0
   -2.6337   -6.2209    1.6021  N  0  0  0  0  0
   -1.3847   -5.8925    1.6615  C  0  0  0  0  0
  1  5  1  0  0  0
  1  2  1  0  0  0
  2  3  1  0  0  0
  3  4  1  0  0  0
  4  5  2  0  0  0
M  END
$$$$
N1OCNC=1
  -ISIS-

  5  5  0  0  0  0  0  0  0  0  1
   -1.1340   -4.6399    1.2482  N  0  0  0  0  0
   -2.3178   -4.1388    0.8456  C  0  0  0  0  0
   -3.2950   -5.0748    1.0732  O  0  0  0  0  0
   -2.6337   -6.2209    1.6021  N  0  0  0  0  0
   -1.3847   -5.8925    1.6615  C  0  0  0  0  0
  1  5  1  0  0  0
  1  2  1  0  0  0
  2  3  1  0  0  0
  3  4  1  0  0  0
  4  5  2  0  0  0
M  END
$$$$
N1OCNC=1
  -ISIS-

  5  5  0  0  0  0  0  0  0  0  1
   -0.6487   -0.6701   -8.9297  N  0  0  0  0  0
    0.6464   -0.9942   -8.7475  C  0  0  0  0  0
    1.2987   -0.9366   -9.9468  O  0  0  0  0  0
    0.3216   -0.5465  -10.9044  N  0  0  0  0  0
   -0.7832   -0.4186  -10.2420  C  0  0  0  0  0
  1  5  1  0  0  0
  1  2  1  0  0  0
  2  3  1  0  0  0
  3  4  1  0  0  0
  4  5  2  0  0  0
M  END
$$$$
N1OCNC=1
  -ISIS-

  5  5  0  0  0  0  0  0  0  0  1
   -0.6487   -0.6701   -8.9297  N  0  0  0  0  0
    0.6464   -0.9942   -8.7475  C  0  0  0  0  0
    1.2987   -0.9366   -9.9468  O  0  0  0  0  0
    0.3216   -0.5465  -10.9044  N  0  0  0  0  0
   -0.7832   -0.4186  -10.2420  C  0  0  0  0  0
  1  5  1  0  0  0
  1  2  1  0  0  0
  2  3  1  0  0  0
  3  4  1  0  0  0
  4  5  2  0  0  0
M  END
$$$$
N1OCNC=1
  -ISIS-

  5  5  0  0  0  0  0  0  0  0  1
   -0.6487   -0.6701   -8.9297  N  0  0  0  0  0
    0.6464   -0.9942   -8.7475  C  0  0  0  0  0
    1.2987   -0.9366   -9.9468  O  0  0  0  0  0
    0.3216   -0.5465  -10.9044  N  0  0  0  0  0
   -0.7832   -0.4186  -10.2420  C  0  0  0  0  0
  1  5  1  0  0  0
  1  2  1  0  0  0
  2  3  1  0  0  0
  3  4  1  0  0  0
  4  5  2  0  0  0
M  END
$$$$
N1OCNC=1
  -ISIS-

  5  5  0  0  0  0  0  0  0  0  1
   -4.3658   -3.2188   -3.2083  N  0  0  0  0  0
   -4.3452   -4.3978   -3.8661  C  0  0  0  0  0
   -3.7902   -4.2034   -5.1071  O  0  0  0  0  0
   -3.4243   -2.8279   -5.1717  N  0  0  0  0  0
   -3.7953   -2.3307   -4.0388  C  0  0  0  0  0
  1  5  1  0  0  0
  1  2  1  0  0  0
  2  3  1  0  0  0
  3  4  1  0  0  0
  4  5  2  0  0  0
M  END
$$$$
N1OCNC=1
  -ISIS-

  5  5  0  0  0  0  0  0  0  0  1
   -4.3658   -3.2188   -3.2083  N  0  0  0  0  0
   -4.3452   -4.3978   -3.8661  C  0  0  0  0  0
   -3.7902   -4.2034   -5.1071  O  0  0  0  0  0
   -3.4243   -2.8279   -5.1717  N  0  0  0  0  0
   -3.7953   -2.3307   -4.0388  C  0  0  0  0  0
  1  5  1  0  0  0
  1  2  1  0  0  0
  2  3  1  0  0  0
  3  4  1  0  0  0
  4  5  2  0  0  0
M  END
$$$$
N1OCNC=1
  -ISIS-

  5  5  0  0  0  0  0  0  0  0  1
   -4.3658   -3.2188   -3.2083  N  0  0  0  0  0
   -4.3452   -4.3978   -3.8661  C  0  0  0  0  0
   -3.7902   -4.2034   -5.1071  O  0  0  0  0  0
   -3.4243   -2.8279   -5.1717  N  0  0  0  0  0
   -3.7953   -2.3307   -4.0388  C  0  0  0  0  0
  1  5  1  0  0  0
  1  2  1  0  0  0
  2  3  1  0  0  0
  3  4  1  0  0  0
  4  5  2  0  0  0
M  END
$$$$
N1OCNC=1
  -ISIS-

  5  5  0  0  0  0  0  0  0  0  1
    2.1082    3.0544   -2.8158  N  0  0  0  0  0
    1.6706    3.7955   -1.7757  C  0  0  0  0  0
    2.4767    3.5547   -0.6900  O  0  0  0  0  0
    3.4289    2.5794   -1.1055  N  0  0  0  0  0
    3.1492    2.3484   -2.3452  C  0  0  0  0  0
  1  5  1  0  0  0
  1  2  1  0  0  0
  2  3  1  0  0  0
  3  4  1  0  0  0
  4  5  2  0  0  0
M  END
$$$$
N1OCNC=1
  -ISIS-

  5  5  0  0  0  0  0  0  0  0  1
    2.1082    3.0544   -2.8158  N  0  0  0  0  0
    1.6706    3.7955   -1.7757  C  0  0  0  0  0
    2.4767    3.5547   -0.6900  O  0  0  0  0  0
    3.4289    2.5794   -1.1055  N  0  0  0  0  0
    3.1492    2.3484   -2.3452  C  0  0  0  0  0
  1  5  1  0  0  0
  1  2  1  0  0  0
  2  3  1  0  0  0
  3  4  1  0  0  0
  4  5  2  0  0  0
M  END
$$$$
N1OCNC=1
  -ISIS-

  5  5  0  0  0  0  0  0  0  0  1
    2.1082    3.0544   -2.8158  N  0  0  0  0  0
    1.6706    3.7955   -1.7757  C  0  0  0  0  0
    2.4767    3.5547   -0.6900  O  0  0  0  0  0
    3.4289    2.5794   -1.1055  N  0  0  0  0  0
    3.1492    2.3484   -2.3452  C  0  0  0  0  0
  1  5  1  0  0  0
  1  2  1  0  0  0
  2  3  1  0  0  0
  3  4  1  0  0  0
  4  5  2  0  0  0
M  END
$$$$
N1OCNC=1
  -ISIS-

  5  5  0  0  0  0  0  0  0  0  1
    2.7599    2.2679    1.2335  N  0  0  0  0  0
    1.7643    2.9595    1.8269  C  0  0  0  0  0
    2.1252    3.2298    3.1233  O  0  0  0  0  0
    3.4063    2.6331    3.3150  N  0  0  0  0  0
    3.7095    2.1163    2.1700  C  0  0  0  0  0
  1  5  1  0  0  0
  1  2  1  0  0  0
  2  3  1  0  0  0
  3  4  1  0  0  0
  4  5  2  0  0  0
M  END
$$$$
N1OCNC=1
  -ISIS-

  5  5  0  0  0  0  0  0  0  0  1
    2.7599    2.2679    1.2335  N  0  0  0  0  0
    1.7643    2.9595    1.8269  C  0  0  0  0  0
    2.1252    3.2298    3.1233  O  0  0  0  0  0
    3.4063    2.6331    3.3150  N  0  0  0  0  0
    3.7095    2.1163    2.1700  C  0  0  0  0  0
  1  5  1  0  0  0
  1  2  1  0  0  0
  2  3  1  0  0  0
  3  4  1  0  0  0
  4  5  2  0  0  0
M  END
$$$$
N1OCNC=1
  -ISIS-

  5  5  0  0  0  0  0  0  0  0  1
    2.7599    2.2679    1.2335  N  0  0  0  0  0
    1.7643    2.9595    1.8269  C  0  0  0  0  0
    2.1252    3.2298    3.1233  O  0  0  0  0  0
    3.4063    2.6331    3.3150  N  0  0  0  0  0
    3.7095    2.1163    2.1700  C  0  0  0  0  0
  1  5  1  0  0  0
  1  2  1  0  0  0
  2  3  1  0  0  0
  3  4  1  0  0  0
  4  5  2  0  0  0
M  END
$$$$
N1OCNC=1
  -ISIS-

  5  5  0  0  0  0  0  0  0  0  1
    2.3534   -1.1824   -0.2508  N  0  0  0  0  0
    1.2962   -0.3788   -0.4899  C  0  0  0  0  0
    0.4049   -0.5007    0.5460  O  0  0  0  0  0
    0.9895   -1.4160    1.4705  N  0  0  0  0  0
    2.1049   -1.7776    0.9259  C  0  0  0  0  0
  1  5  1  0  0  0
  1  2  1  0  0  0
  2  3  1  0  0  0
  3  4  1  0  0  0
  4  5  2  0  0  0
M  END
$$$$
N1OCNC=1
  -ISIS-

  5  5  0  0  0  0  0  0  0  0  1
    2.3534   -1.1824   -0.2508  N  0  0  0  0  0
    1.2962   -0.3788   -0.4899  C  0  0  0  0  0
    0.4049   -0.5007    0.5460  O  0  0  0  0  0
    0.9895   -1.4160    1.4705  N  0  0  0  0  0
    2.1049   -1.7776    0.9259  C  0  0  0  0  0
  1  5  1  0  0  0
  1  2  1  0  0  0
  2  3  1  0  0  0
  3  4  1  0  0  0
  4  5  2  0  0  0
M  END
$$$$
N1OCNC=1
  -ISIS-

  5  5  0  0  0  0  0  0  0  0  1
    2.3534   -1.1824   -0.2508  N  0  0  0  0  0
    1.2962   -0.3788   -0.4899  C  0  0  0  0  0
    0.4049   -0.5007    0.5460  O  0  0  0  0  0
    0.9895   -1.4160    1.4705  N  0  0  0  0  0
    2.1049   -1.7776    0.9259  C  0  0  0  0  0
  1  5  1  0  0  0
  1  2  1  0  0  0
  2  3  1  0  0  0
  3  4  1  0  0  0
  4  5  2  0  0  0
M  END
$$$$
N1OCNC=1
  -ISIS-

  5  5  0  0  0  0  0  0  0  0  1
    3.2679    0.4496   -3.4991  N  0  0  0  0  0
    3.1657    1.3136   -4.5298  C  0  0  0  0  0
    3.5601    0.6868   -5.6811  O  0  0  0  0  0
    3.8847   -0.6505   -5.3113  N  0  0  0  0  0
    3.7009   -0.7043   -4.0323  C  0  0  0  0  0
  1  5  1  0  0  0
  1  2  1  0  0  0
  2  3  1  0  0  0
  3  4  1  0  0  0
  4  5  2  0  0  0
M  END
$$$$
N1OCNC=1
  -ISIS-

  5  5  0  0  0  0  0  0  0  0  1
    3.2679    0.4496   -3.4991  N  0  0  0  0  0
    3.1657    1.3136   -4.5298  C  0  0  0  0  0
    3.5601    0.6868   -5.6811  O  0  0  0  0  0
    3.8847   -0.6505   -5.3113  N  0  0  0  0  0
    3.7009   -0.7043   -4.0323  C  0  0  0  0  0
  1  5  1  0  0  0
  1  2  1  0  0  0
  2  3  1  0  0  0
  3  4  1  0  0  0
  4  5  2  0  0  0
M  END
$$$$
N1OCNC=1
  -ISIS-

  5  5  0  0  0  0  0  0  0  0  1
    3.2679    0.4496   -3.4991  N  0  0  0  0  0
    3.1657    1.3136   -4.5298  C  0  0  0  0  0
    3.5601    0.6868   -5.6811  O  0  0  0  0  0
    3.8847   -0.6505   -5.3113  N  0  0  0  0  0
    3.7009   -0.7043   -4.0323  C  0  0  0  0  0
  1  5  1  0  0  0
  1  2  1  0  0  0
  2  3  1  0  0  0
  3  4  1  0  0  0
  4  5  2  0  0  0
M  END
$$$$
N1OCNC=1
  -ISIS-

  5  5  0  0  0  0  0  0  0  0  1
   -6.6586   -1.3295   -3.2815  N  0  0  0  0  0
   -7.7340   -1.1455   -4.0749  C  0  0  0  0  0
   -7.5888   -1.9163   -5.2014  O  0  0  0  0  0
   -6.3578   -2.6207   -5.0487  N  0  0  0  0  0
   -5.8742   -2.2090   -3.9233  C  0  0  0  0  0
  1  5  1  0  0  0
  1  2  1  0  0  0
  2  3  1  0  0  0
  3  4  1  0  0  0
  4  5  2  0  0  0
M  END
$$$$
N1OCNC=1
  -ISIS-

  5  5  0  0  0  0  0  0  0  0  1
   -6.6586   -1.3295   -3.2815  N  0  0  0  0  0
   -7.7340   -1.1455   -4.0749  C  0  0  0  0  0
   -7.5888   -1.9163   -5.2014  O  0  0  0  0  0
   -6.3578   -2.6207   -5.0487  N  0  0  0  0  0
   -5.8742   -2.2090   -3.9233  C  0  0  0  0  0
  1  5  1  0  0  0
  1  2  1  0  0  0
  2  3  1  0  0  0
  3  4  1  0  0  0
  4  5  2  0  0  0
M  END
$$$$
N1OCNC=1
  -ISIS-

  5  5  0  0  0  0  0  0  0  0  1
   -6.6586   -1.3295   -3.2815  N  0  0  0  0  0
   -7.7340   -1.1455   -4.0749  C  0  0  0  0  0
   -7.5888   -1.9163   -5.2014  O  0  0  0  0  0
   -6.3578   -2.6207   -5.0487  N  0  0  0  0  0
   -5.8742   -2.2090   -3.9233  C  0  0  0  0  0
  1  5  1  0  0  0
  1  2  1  0  0  0
  2  3  1  0  0  0
  3  4  1  0  0  0
  4  5  2  0  0  0
M  END
$$$$
N1OCNC=1
  -ISIS-

  5  5  0  0  0  0  0  0  0  0  1
   -1.0462    1.2355   -0.2649  N  0  0  0  0  0
   -1.0850    1.9346    0.8884  C  0  0  0  0  0
   -1.9714    1.3248    1.7432  O  0  0  0  0  0
   -2.5082    0.2075    1.0362  N  0  0  0  0  0
   -1.9059    0.2175   -0.1062  C  0  0  0  0  0
  1  5  1  0  0  0
  1  2  1  0  0  0
  2  3  1  0  0  0
  3  4  1  0  0  0
  4  5  2  0  0  0
M  END
$$$$
N1OCNC=1
  -ISIS-

  5  5  0  0  0  0  0  0  0  0  1
   -1.0462    1.2355   -0.2649  N  0  0  0  0  0
   -1.0850    1.9346    0.8884  C  0  0  0  0  0
   -1.9714    1.3248    1.7432  O  0  0  0  0  0
   -2.5082    0.2075    1.0362  N  0  0  0  0  0
   -1.9059    0.2175   -0.1062  C  0  0  0  0  0
  1  5  1  0  0  0
  1  2  1  0  0  0
  2  3  1  0  0  0
  3  4  1  0  0  0
  4  5  2  0  0  0
M  END
$$$$
N1OCNC=1
  -ISIS-

  5  5  0  0  0  0  0  0  0  0  1
   -1.0462    1.2355   -0.2649  N  0  0  0  0  0
   -1.0850    1.9346    0.8884  C  0  0  0  0  0
   -1.9714    1.3248    1.7432  O  0  0  0  0  0
   -2.5082    0.2075    1.0362  N  0  0  0  0  0
   -1.9059    0.2175   -0.1062  C  0  0  0  0  0
  1  5  1  0  0  0
  1  2  1  0  0  0
  2  3  1  0  0  0
  3  4  1  0  0  0
  4  5  2  0  0  0
M  END
$$$$
N1OCNC=1
  -ISIS-

  5  5  0  0  0  0  0  0  0  0  1
    3.3693    2.9611   -2.7831  N  0  0  0  0  0
    2.7262    1.8343   -2.4128  C  0  0  0  0  0
    1.6182    1.6763   -3.2071  O  0  0  0  0  0
    1.6228    2.7708   -4.1221  N  0  0  0  0  0
    2.6555    3.4760   -3.7960  C  0  0  0  0  0
  1  5  1  0  0  0
  1  2  1  0  0  0
  2  3  1  0  0  0
  3  4  1  0  0  0
  4  5  2  0  0  0
M  END
$$$$
N1OCNC=1
  -ISIS-

  5  5  0  0  0  0  0  0  0  0  1
    3.3693    2.9611   -2.7831  N  0  0  0  0  0
    2.7262    1.8343   -2.4128  C  0  0  0  0  0
    1.6182    1.6763   -3.2071  O  0  0  0  0  0
    1.6228    2.7708   -4.1221  N  0  0  0  0  0
    2.6555    3.4760   -3.7960  C  0  0  0  0  0
  1  5  1  0  0  0
  1  2  1  0  0  0
  2  3  1  0  0  0
  3  4  1  0  0  0
  4  5  2  0  0  0
M  END
$$$$
N1OCNC=1
  -ISIS-

  5  5  0  0  0  0  0  0  0  0  1
    3.3693    2.9611   -2.7831  N  0  0  0  0  0
    2.7262    1.8343   -2.4128  C  0  0  0  0  0
    1.6182    1.6763   -3.2071  O  0  0  0  0  0
    1.6228    2.7708   -4.1221  N  0  0  0  0  0
    2.6555    3.4760   -3.7960  C  0  0  0  0  0
  1  5  1  0  0  0
  1  2  1  0  0  0
  2  3  1  0  0  0
  3  4  1  0  0  0
  4  5  2  0  0  0
M  END
$$$$
N1OCNC=1
  -ISIS-

  5  5  0  0  0  0  0  0  0  0  1
    4.2118    5.4781   -1.4818  N  0  0  0  0  0
    3.3895    5.0121   -0.5160  C  0  0  0  0  0
    3.1025    3.6954   -0.7776  O  0  0  0  0  0
    3.8618    3.3413   -1.9294  N  0  0  0  0  0
    4.4995    4.4169   -2.2548  C  0  0  0  0  0
  1  5  1  0  0  0
  1  2  1  0  0  0
  2  3  1  0  0  0
  3  4  1  0  0  0
  4  5  2  0  0  0
M  END
$$$$
N1OCNC=1
  -ISIS-

  5  5  0  0  0  0  0  0  0  0  1
    4.2118    5.4781   -1.4818  N  0  0  0  0  0
    3.3895    5.0121   -0.5160  C  0  0  0  0  0
    3.1025    3.6954   -0.7776  O  0  0  0  0  0
    3.8618    3.3413   -1.9294  N  0  0  0  0  0
    4.4995    4.4169   -2.2548  C  0  0  0  0  0
  1  5  1  0  0  0
  1  2  1  0  0  0
  2  3  1  0  0  0
  3  4  1  0  0  0
  4  5  2  0  0  0
M  END
$$$$
N1OCNC=1
  -ISIS-

  5  5  0  0  0  0  0  0  0  0  1
    4.2118    5.4781   -1.4818  N  0  0  0  0  0
    3.3895    5.0121   -0.5160  C  0  0  0  0  0
    3.1025    3.6954   -0.7776  O  0  0  0  0  0
    3.8618    3.3413   -1.9294  N  0  0  0  0  0
    4.4995    4.4169   -2.2548  C  0  0  0  0  0
  1  5  1  0  0  0
  1  2  1  0  0  0
  2  3  1  0  0  0
  3  4  1  0  0  0
  4  5  2  0  0  0
M  END
$$$$
N1OCNC=1
  -ISIS-

  5  5  0  0  0  0  0  0  0  0  1
   -3.2454    2.3473   -2.1558  N  0  0  0  0  0
   -4.5485    2.4954   -1.8379  C  0  0  0  0  0
   -5.2812    1.5425   -2.4919  O  0  0  0  0  0
   -4.3459    0.7665   -3.2349  N  0  0  0  0  0
   -3.1928    1.3022   -2.9981  C  0  0  0  0  0
  1  5  1  0  0  0
  1  2  1  0  0  0
  2  3  1  0  0  0
  3  4  1  0  0  0
  4  5  2  0  0  0
M  END
$$$$
N1OCNC=1
  -ISIS-

  5  5  0  0  0  0  0  0  0  0  1
   -3.2454    2.3473   -2.1558  N  0  0  0  0  0
   -4.5485    2.4954   -1.8379  C  0  0  0  0  0
   -5.2812    1.5425   -2.4919  O  0  0  0  0  0
   -4.3459    0.7665   -3.2349  N  0  0  0  0  0
   -3.1928    1.3022   -2.9981  C  0  0  0  0  0
  1  5  1  0  0  0
  1  2  1  0  0  0
  2  3  1  0  0  0
  3  4  1  0  0  0
  4  5  2  0  0  0
M  END
$$$$
N1OCNC=1
  -ISIS-

  5  5  0  0  0  0  0  0  0  0  1
   -3.2454    2.3473   -2.1558  N  0  0  0  0  0
   -4.5485    2.4954   -1.8379  C  0  0  0  0  0
   -5.2812    1.5425   -2.4919  O  0  0  0  0  0
   -4.3459    0.7665   -3.2349  N  0  0  0  0  0
   -3.1928    1.3022   -2.9981  C  0  0  0  0  0
  1  5  1  0  0  0
  1  2  1  0  0  0
  2  3  1  0  0  0
  3  4  1  0  0  0
  4  5  2  0  0  0
M  END
$$$$
N1OCNC=1
  -ISIS-

  5  5  0  0  0  0  0  0  0  0  1
   -1.3622    1.3308   -3.8340  N  0  0  0  0  0
   -0.8662    0.2459   -3.2035  C  0  0  0  0  0
   -0.2829   -0.5777   -4.1331  O  0  0  0  0  0
   -0.4189    0.0804   -5.3914  N  0  0  0  0  0
   -1.0711    1.1658   -5.1335  C  0  0  0  0  0
  1  5  1  0  0  0
  1  2  1  0  0  0
  2  3  1  0  0  0
  3  4  1  0  0  0
  4  5  2  0  0  0
M  END
$$$$
N1OCNC=1
  -ISIS-

  5  5  0  0  0  0  0  0  0  0  1
   -1.3622    1.3308   -3.8340  N  0  0  0  0  0
   -0.8662    0.2459   -3.2035  C  0  0  0  0  0
   -0.2829   -0.5777   -4.1331  O  0  0  0  0  0
   -0.4189    0.0804   -5.3914  N  0  0  0  0  0
   -1.0711    1.1658   -5.1335  C  0  0  0  0  0
  1  5  1  0  0  0
  1  2  1  0  0  0
  2  3  1  0  0  0
  3  4  1  0  0  0
  4  5  2  0  0  0
M  END
$$$$
N1OCNC=1
  -ISIS-

  5  5  0  0  0  0  0  0  0  0  1
   -1.3622    1.3308   -3.8340  N  0  0  0  0  0
   -0.8662    0.2459   -3.2035  C  0  0  0  0  0
   -0.2829   -0.5777   -4.1331  O  0  0  0  0  0
   -0.4189    0.0804   -5.3914  N  0  0  0  0  0
   -1.0711    1.1658   -5.1335  C  0  0  0  0  0
  1  5  1  0  0  0
  1  2  1  0  0  0
  2  3  1  0  0  0
  3  4  1  0  0  0
  4  5  2  0  0  0
M  END
$$$$
N1OCNC=1
  -ISIS-

  5  5  0  0  0  0  0  0  0  0  1
   -2.9168    1.6704    0.1789  N  0  0  0  0  0
   -3.0661    0.3343    0.0773  C  0  0  0  0  0
   -3.7600   -0.1153    1.1750  O  0  0  0  0  0
   -4.0243    1.0324    1.9821  N  0  0  0  0  0
   -3.5237    2.0230    1.3220  C  0  0  0  0  0
  1  5  1  0  0  0
  1  2  1  0  0  0
  2  3  1  0  0  0
  3  4  1  0  0  0
  4  5  2  0  0  0
M  END
$$$$
N1OCNC=1
  -ISIS-

  5  5  0  0  0  0  0  0  0  0  1
   -2.9168    1.6704    0.1789  N  0  0  0  0  0
   -3.0661    0.3343    0.0773  C  0  0  0  0  0
   -3.7600   -0.1153    1.1750  O  0  0  0  0  0
   -4.0243    1.0324    1.9821  N  0  0  0  0  0
   -3.5237    2.0230    1.3220  C  0  0  0  0  0
  1  5  1  0  0  0
  1  2  1  0  0  0
  2  3  1  0  0  0
  3  4  1  0  0  0
  4  5  2  0  0  0
M  END
$$$$
N1OCNC=1
  -ISIS-

  5  5  0  0  0  0  0  0  0  0  1
   -2.9168    1.6704    0.1789  N  0  0  0  0  0
   -3.0661    0.3343    0.0773  C  0  0  0  0  0
   -3.7600   -0.1153    1.1750  O  0  0  0  0  0
   -4.0243    1.0324    1.9821  N  0  0  0  0  0
   -3.5237    2.0230    1.3220  C  0  0  0  0  0
  1  5  1  0  0  0
  1  2  1  0  0  0
  2  3  1  0  0  0
  3  4  1  0  0  0
  4  5  2  0  0  0
M  END
$$$$
N1OCNC=1
  -ISIS-

  5  5  0  0  0  0  0  0  0  0  1
   -3.6601    5.3387   -2.1461  N  0  0  0  0  0
   -4.2304    6.3917   -1.5244  C  0  0  0  0  0
   -3.5025    6.7013   -0.4074  O  0  0  0  0  0
   -2.4375    5.7566   -0.3554  N  0  0  0  0  0
   -2.5902    5.0125   -1.4021  C  0  0  0  0  0
  1  5  1  0  0  0
  1  2  1  0  0  0
  2  3  1  0  0  0
  3  4  1  0  0  0
  4  5  2  0  0  0
M  END
$$$$
N1OCNC=1
  -ISIS-

  5  5  0  0  0  0  0  0  0  0  1
   -3.6601    5.3387   -2.1461  N  0  0  0  0  0
   -4.2304    6.3917   -1.5244  C  0  0  0  0  0
   -3.5025    6.7013   -0.4074  O  0  0  0  0  0
   -2.4375    5.7566   -0.3554  N  0  0  0  0  0
   -2.5902    5.0125   -1.4021  C  0  0  0  0  0
  1  5  1  0  0  0
  1  2  1  0  0  0
  2  3  1  0  0  0
  3  4  1  0  0  0
  4  5  2  0  0  0
M  END
$$$$
N1OCNC=1
  -ISIS-

  5  5  0  0  0  0  0  0  0  0  1
   -3.6601    5.3387   -2.1461  N  0  0  0  0  0
   -4.2304    6.3917   -1.5244  C  0  0  0  0  0
   -3.5025    6.7013   -0.4074  O  0  0  0  0  0
   -2.4375    5.7566   -0.3554  N  0  0  0  0  0
   -2.5902    5.0125   -1.4021  C  0  0  0  0  0
  1  5  1  0  0  0
  1  2  1  0  0  0
  2  3  1  0  0  0
  3  4  1  0  0  0
  4  5  2  0  0  0
M  END
$$$$
N1OCNC=1
  -ISIS-

  5  5  0  0  0  0  0  0  0  0  1
   -5.9873    4.1459   -3.6487  N  0  0  0  0  0
   -4.8143    3.5139   -3.4358  C  0  0  0  0  0
   -4.1820    4.0894   -2.3671  O  0  0  0  0  0
   -5.0471    5.1229   -1.9060  N  0  0  0  0  0
   -6.0624    5.1009   -2.7069  C  0  0  0  0  0
  1  5  1  0  0  0
  1  2  1  0  0  0
  2  3  1  0  0  0
  3  4  1  0  0  0
  4  5  2  0  0  0
M  END
$$$$
N1OCNC=1
  -ISIS-

  5  5  0  0  0  0  0  0  0  0  1
   -5.9873    4.1459   -3.6487  N  0  0  0  0  0
   -4.8143    3.5139   -3.4358  C  0  0  0  0  0
   -4.1820    4.0894   -2.3671  O  0  0  0  0  0
   -5.0471    5.1229   -1.9060  N  0  0  0  0  0
   -6.0624    5.1009   -2.7069  C  0  0  0  0  0
  1  5  1  0  0  0
  1  2  1  0  0  0
  2  3  1  0  0  0
  3  4  1  0  0  0
  4  5  2  0  0  0
M  END
$$$$
N1OCNC=1
  -ISIS-

  5  5  0  0  0  0  0  0  0  0  1
   -5.9873    4.1459   -3.6487  N  0  0  0  0  0
   -4.8143    3.5139   -3.4358  C  0  0  0  0  0
   -4.1820    4.0894   -2.3671  O  0  0  0  0  0
   -5.0471    5.1229   -1.9060  N  0  0  0  0  0
   -6.0624    5.1009   -2.7069  C  0  0  0  0  0
  1  5  1  0  0  0
  1  2  1  0  0  0
  2  3  1  0  0  0
  3  4  1  0  0  0
  4  5  2  0  0  0
M  END
$$$$
N1OCNC=1
  -ISIS-

  5  5  0  0  0  0  0  0  0  0  1
   -7.5890    5.5170   -9.0529  N  0  0  0  0  0
   -7.4408    6.8571   -9.0055  C  0  0  0  0  0
   -6.7145    7.2658  -10.0924  O  0  0  0  0  0
   -6.3540    6.0791  -10.7958  N  0  0  0  0  0
   -6.8990    5.1139  -10.1312  C  0  0  0  0  0
  1  5  1  0  0  0
  1  2  1  0  0  0
  2  3  1  0  0  0
  3  4  1  0  0  0
  4  5  2  0  0  0
M  END
$$$$
N1OCNC=1
  -ISIS-

  5  5  0  0  0  0  0  0  0  0  1
   -7.5890    5.5170   -9.0529  N  0  0  0  0  0
   -7.4408    6.8571   -9.0055  C  0  0  0  0  0
   -6.7145    7.2658  -10.0924  O  0  0  0  0  0
   -6.3540    6.0791  -10.7958  N  0  0  0  0  0
   -6.8990    5.1139  -10.1312  C  0  0  0  0  0
  1  5  1  0  0  0
  1  2  1  0  0  0
  2  3  1  0  0  0
  3  4  1  0  0  0
  4  5  2  0  0  0
M  END
$$$$
N1OCNC=1
  -ISIS-

  5  5  0  0  0  0  0  0  0  0  1
   -7.5890    5.5170   -9.0529  N  0  0  0  0  0
   -7.4408    6.8571   -9.0055  C  0  0  0  0  0
   -6.7145    7.2658  -10.0924  O  0  0  0  0  0
   -6.3540    6.0791  -10.7958  N  0  0  0  0  0
   -6.8990    5.1139  -10.1312  C  0  0  0  0  0
  1  5  1  0  0  0
  1  2  1  0  0  0
  2  3  1  0  0  0
  3  4  1  0  0  0
  4  5  2  0  0  0
M  END
$$$$
N1OCNC=1
  -ISIS-

  5  5  0  0  0  0  0  0  0  0  1
   -1.1974    2.2160   -2.6056  N  0  0  0  0  0
   -0.5392    1.0556   -2.8093  C  0  0  0  0  0
   -0.2207    0.5065   -1.5935  O  0  0  0  0  0
   -0.6735    1.4308   -0.6081  N  0  0  0  0  0
   -1.2366    2.3855   -1.2742  C  0  0  0  0  0
  1  5  1  0  0  0
  1  2  1  0  0  0
  2  3  1  0  0  0
  3  4  1  0  0  0
  4  5  2  0  0  0
M  END
$$$$
N1OCNC=1
  -ISIS-

  5  5  0  0  0  0  0  0  0  0  1
   -1.1974    2.2160   -2.6056  N  0  0  0  0  0
   -0.5392    1.0556   -2.8093  C  0  0  0  0  0
   -0.2207    0.5065   -1.5935  O  0  0  0  0  0
   -0.6735    1.4308   -0.6081  N  0  0  0  0  0
   -1.2366    2.3855   -1.2742  C  0  0  0  0  0
  1  5  1  0  0  0
  1  2  1  0  0  0
  2  3  1  0  0  0
  3  4  1  0  0  0
  4  5  2  0  0  0
M  END
$$$$
N1OCNC=1
  -ISIS-

  5  5  0  0  0  0  0  0  0  0  1
   -1.1974    2.2160   -2.6056  N  0  0  0  0  0
   -0.5392    1.0556   -2.8093  C  0  0  0  0  0
   -0.2207    0.5065   -1.5935  O  0  0  0  0  0
   -0.6735    1.4308   -0.6081  N  0  0  0  0  0
   -1.2366    2.3855   -1.2742  C  0  0  0  0  0
  1  5  1  0  0  0
  1  2  1  0  0  0
  2  3  1  0  0  0
  3  4  1  0  0  0
  4  5  2  0  0  0
M  END
$$$$
N1OCNC=1
  -ISIS-

  5  5  0  0  0  0  0  0  0  0  1
   -1.2302    6.0642   -0.3830  N  0  0  0  0  0
   -1.4160    4.7366   -0.2358  C  0  0  0  0  0
   -0.2259    4.0942   -0.4775  O  0  0  0  0  0
    0.7362    5.1161   -0.7376  N  0  0  0  0  0
    0.0737    6.2211   -0.6552  C  0  0  0  0  0
  1  5  1  0  0  0
  1  2  1  0  0  0
  2  3  1  0  0  0
  3  4  1  0  0  0
  4  5  2  0  0  0
M  END
$$$$
N1OCNC=1
  -ISIS-

  5  5  0  0  0  0  0  0  0  0  1
   -1.2302    6.0642   -0.3830  N  0  0  0  0  0
   -1.4160    4.7366   -0.2358  C  0  0  0  0  0
   -0.2259    4.0942   -0.4775  O  0  0  0  0  0
    0.7362    5.1161   -0.7376  N  0  0  0  0  0
    0.0737    6.2211   -0.6552  C  0  0  0  0  0
  1  5  1  0  0  0
  1  2  1  0  0  0
  2  3  1  0  0  0
  3  4  1  0  0  0
  4  5  2  0  0  0
M  END
$$$$
N1OCNC=1
  -ISIS-

  5  5  0  0  0  0  0  0  0  0  1
   -1.2302    6.0642   -0.3830  N  0  0  0  0  0
   -1.4160    4.7366   -0.2358  C  0  0  0  0  0
   -0.2259    4.0942   -0.4775  O  0  0  0  0  0
    0.7362    5.1161   -0.7376  N  0  0  0  0  0
    0.0737    6.2211   -0.6552  C  0  0  0  0  0
  1  5  1  0  0  0
  1  2  1  0  0  0
  2  3  1  0  0  0
  3  4  1  0  0  0
  4  5  2  0  0  0
M  END
$$$$
N1OCNC=1
  -ISIS-

  5  5  0  0  0  0  0  0  0  0  1
   -3.8873    6.5142   -4.4137  N  0  0  0  0  0
   -5.1309    6.6173   -4.9266  C  0  0  0  0  0
   -5.1211    6.1285   -6.2096  O  0  0  0  0  0
   -3.7887    5.6837   -6.4590  N  0  0  0  0  0
   -3.1363    5.9620   -5.3790  C  0  0  0  0  0
  1  5  1  0  0  0
  1  2  1  0  0  0
  2  3  1  0  0  0
  3  4  1  0  0  0
  4  5  2  0  0  0
M  END
$$$$
N1OCNC=1
  -ISIS-

  5  5  0  0  0  0  0  0  0  0  1
   -3.8873    6.5142   -4.4137  N  0  0  0  0  0
   -5.1309    6.6173   -4.9266  C  0  0  0  0  0
   -5.1211    6.1285   -6.2096  O  0  0  0  0  0
   -3.7887    5.6837   -6.4590  N  0  0  0  0  0
   -3.1363    5.9620   -5.3790  C  0  0  0  0  0
  1  5  1  0  0  0
  1  2  1  0  0  0
  2  3  1  0  0  0
  3  4  1  0  0  0
  4  5  2  0  0  0
M  END
$$$$
N1OCNC=1
  -ISIS-

  5  5  0  0  0  0  0  0  0  0  1
   -3.8873    6.5142   -4.4137  N  0  0  0  0  0
   -5.1309    6.6173   -4.9266  C  0  0  0  0  0
   -5.1211    6.1285   -6.2096  O  0  0  0  0  0
   -3.7887    5.6837   -6.4590  N  0  0  0  0  0
   -3.1363    5.9620   -5.3790  C  0  0  0  0  0
  1  5  1  0  0  0
  1  2  1  0  0  0
  2  3  1  0  0  0
  3  4  1  0  0  0
  4  5  2  0  0  0
M  END
$$$$
N1OCNC=1
  -ISIS-

  5  5  0  0  0  0  0  0  0  0  1
   -0.6670    3.2094    2.4307  N  0  0  0  0  0
   -1.6696    2.3350    2.2056  C  0  0  0  0  0
   -1.1856    1.2897    1.4599  O  0  0  0  0  0
    0.2014    1.5530    1.2555  N  0  0  0  0  0
    0.4153    2.6903    1.8308  C  0  0  0  0  0
  1  5  1  0  0  0
  1  2  1  0  0  0
  2  3  1  0  0  0
  3  4  1  0  0  0
  4  5  2  0  0  0
M  END
$$$$
N1OCNC=1
  -ISIS-

  5  5  0  0  0  0  0  0  0  0  1
   -0.6670    3.2094    2.4307  N  0  0  0  0  0
   -1.6696    2.3350    2.2056  C  0  0  0  0  0
   -1.1856    1.2897    1.4599  O  0  0  0  0  0
    0.2014    1.5530    1.2555  N  0  0  0  0  0
    0.4153    2.6903    1.8308  C  0  0  0  0  0
  1  5  1  0  0  0
  1  2  1  0  0  0
  2  3  1  0  0  0
  3  4  1  0  0  0
  4  5  2  0  0  0
M  END
$$$$
N1OCNC=1
  -ISIS-

  5  5  0  0  0  0  0  0  0  0  1
   -0.6670    3.2094    2.4307  N  0  0  0  0  0
   -1.6696    2.3350    2.2056  C  0  0  0  0  0
   -1.1856    1.2897    1.4599  O  0  0  0  0  0
    0.2014    1.5530    1.2555  N  0  0  0  0  0
    0.4153    2.6903    1.8308  C  0  0  0  0  0
  1  5  1  0  0  0
  1  2  1  0  0  0
  2  3  1  0  0  0
  3  4  1  0  0  0
  4  5  2  0  0  0
M  END
$$$$
N1OCNC=1
  -ISIS-

  5  5  0  0  0  0  0  0  0  0  1
   -2.6859   -0.1030   -4.4589  N  0  0  0  0  0
   -3.2011    0.6222   -3.4452  C  0  0  0  0  0
   -3.7933    1.7463   -3.9548  O  0  0  0  0  0
   -3.5551    1.7151   -5.3611  N  0  0  0  0  0
   -2.9109    0.6144   -5.5702  C  0  0  0  0  0
  1  5  1  0  0  0
  1  2  1  0  0  0
  2  3  1  0  0  0
  3  4  1  0  0  0
  4  5  2  0  0  0
M  END
$$$$
N1OCNC=1
  -ISIS-

  5  5  0  0  0  0  0  0  0  0  1
   -2.6859   -0.1030   -4.4589  N  0  0  0  0  0
   -3.2011    0.6222   -3.4452  C  0  0  0  0  0
   -3.7933    1.7463   -3.9548  O  0  0  0  0  0
   -3.5551    1.7151   -5.3611  N  0  0  0  0  0
   -2.9109    0.6144   -5.5702  C  0  0  0  0  0
  1  5  1  0  0  0
  1  2  1  0  0  0
  2  3  1  0  0  0
  3  4  1  0  0  0
  4  5  2  0  0  0
M  END
$$$$
N1OCNC=1
  -ISIS-

  5  5  0  0  0  0  0  0  0  0  1
   -2.6859   -0.1030   -4.4589  N  0  0  0  0  0
   -3.2011    0.6222   -3.4452  C  0  0  0  0  0
   -3.7933    1.7463   -3.9548  O  0  0  0  0  0
   -3.5551    1.7151   -5.3611  N  0  0  0  0  0
   -2.9109    0.6144   -5.5702  C  0  0  0  0  0
  1  5  1  0  0  0
  1  2  1  0  0  0
  2  3  1  0  0  0
  3  4  1  0  0  0
  4  5  2  0  0  0
M  END
$$$$
N1OCNC=1
  -ISIS-

  5  5  0  0  0  0  0  0  0  0  1
    0.3327    3.0369    1.4074  N  0  0  0  0  0
    0.3655    2.8846    0.0668  C  0  0  0  0  0
    0.2997    4.1227   -0.5213  O  0  0  0  0  0
    0.1925    5.0659    0.5433  N  0  0  0  0  0
    0.2391    4.3583    1.6237  C  0  0  0  0  0
  1  5  1  0  0  0
  1  2  1  0  0  0
  2  3  1  0  0  0
  3  4  1  0  0  0
  4  5  2  0  0  0
M  END
$$$$
N1OCNC=1
  -ISIS-

  5  5  0  0  0  0  0  0  0  0  1
    0.3327    3.0369    1.4074  N  0  0  0  0  0
    0.3655    2.8846    0.0668  C  0  0  0  0  0
    0.2997    4.1227   -0.5213  O  0  0  0  0  0
    0.1925    5.0659    0.5433  N  0  0  0  0  0
    0.2391    4.3583    1.6237  C  0  0  0  0  0
  1  5  1  0  0  0
  1  2  1  0  0  0
  2  3  1  0  0  0
  3  4  1  0  0  0
  4  5  2  0  0  0
M  END
$$$$
N1OCNC=1
  -ISIS-

  5  5  0  0  0  0  0  0  0  0  1
    0.3327    3.0369    1.4074  N  0  0  0  0  0
    0.3655    2.8846    0.0668  C  0  0  0  0  0
    0.2997    4.1227   -0.5213  O  0  0  0  0  0
    0.1925    5.0659    0.5433  N  0  0  0  0  0
    0.2391    4.3583    1.6237  C  0  0  0  0  0
  1  5  1  0  0  0
  1  2  1  0  0  0
  2  3  1  0  0  0
  3  4  1  0  0  0
  4  5  2  0  0  0
M  END
$$$$
N1OCNC=1
  -ISIS-

  5  5  0  0  0  0  0  0  0  0  1
    5.2303   -1.5486   -0.2358  N  0  0  0  0  0
    4.8824   -0.3574    0.2937  C  0  0  0  0  0
    5.8775    0.0569    1.1426  O  0  0  0  0  0
    6.8642   -0.9731    1.1344  N  0  0  0  0  0
    6.4232   -1.8540    0.2977  C  0  0  0  0  0
  1  5  1  0  0  0
  1  2  1  0  0  0
  2  3  1  0  0  0
  3  4  1  0  0  0
  4  5  2  0  0  0
M  END
$$$$
N1OCNC=1
  -ISIS-

  5  5  0  0  0  0  0  0  0  0  1
    5.2303   -1.5486   -0.2358  N  0  0  0  0  0
    4.8824   -0.3574    0.2937  C  0  0  0  0  0
    5.8775    0.0569    1.1426  O  0  0  0  0  0
    6.8642   -0.9731    1.1344  N  0  0  0  0  0
    6.4232   -1.8540    0.2977  C  0  0  0  0  0
  1  5  1  0  0  0
  1  2  1  0  0  0
  2  3  1  0  0  0
  3  4  1  0  0  0
  4  5  2  0  0  0
M  END
$$$$
N1OCNC=1
  -ISIS-

  5  5  0  0  0  0  0  0  0  0  1
    5.2303   -1.5486   -0.2358  N  0  0  0  0  0
    4.8824   -0.3574    0.2937  C  0  0  0  0  0
    5.8775    0.0569    1.1426  O  0  0  0  0  0
    6.8642   -0.9731    1.1344  N  0  0  0  0  0
    6.4232   -1.8540    0.2977  C  0  0  0  0  0
  1  5  1  0  0  0
  1  2  1  0  0  0
  2  3  1  0  0  0
  3  4  1  0  0  0
  4  5  2  0  0  0
M  END
$$$$
N1OCNC=1
  -ISIS-

  5  5  0  0  0  0  0  0  0  0  1
    5.3904   -0.0606   -7.3718  N  0  0  0  0  0
    5.2304   -1.1791   -6.6358  C  0  0  0  0  0
    6.0697   -2.1517   -7.1185  O  0  0  0  0  0
    6.7390   -1.5805   -8.2416  N  0  0  0  0  0
    6.2867   -0.3729   -8.3201  C  0  0  0  0  0
  1  5  1  0  0  0
  1  2  1  0  0  0
  2  3  1  0  0  0
  3  4  1  0  0  0
  4  5  2  0  0  0
M  END
$$$$
N1OCNC=1
  -ISIS-

  5  5  0  0  0  0  0  0  0  0  1
    5.3904   -0.0606   -7.3718  N  0  0  0  0  0
    5.2304   -1.1791   -6.6358  C  0  0  0  0  0
    6.0697   -2.1517   -7.1185  O  0  0  0  0  0
    6.7390   -1.5805   -8.2416  N  0  0  0  0  0
    6.2867   -0.3729   -8.3201  C  0  0  0  0  0
  1  5  1  0  0  0
  1  2  1  0  0  0
  2  3  1  0  0  0
  3  4  1  0  0  0
  4  5  2  0  0  0
M  END
$$$$
N1OCNC=1
  -ISIS-

  5  5  0  0  0  0  0  0  0  0  1
    5.3904   -0.0606   -7.3718  N  0  0  0  0  0
    5.2304   -1.1791   -6.6358  C  0  0  0  0  0
    6.0697   -2.1517   -7.1185  O  0  0  0  0  0
    6.7390   -1.5805   -8.2416  N  0  0  0  0  0
    6.2867   -0.3729   -8.3201  C  0  0  0  0  0
  1  5  1  0  0  0
  1  2  1  0  0  0
  2  3  1  0  0  0
  3  4  1  0  0  0
  4  5  2  0  0  0
M  END
$$$$
N1OCNC=1
  -ISIS-

  5  5  0  0  0  0  0  0  0  0  1
    6.2159    5.9024   -5.5186  N  0  0  0  0  0
    7.0423    4.9104   -5.1228  C  0  0  0  0  0
    7.9330    5.4165   -4.2095  O  0  0  0  0  0
    7.5953    6.7915   -4.0384  N  0  0  0  0  0
    6.6040    6.9942   -4.8394  C  0  0  0  0  0
  1  5  1  0  0  0
  1  2  1  0  0  0
  2  3  1  0  0  0
  3  4  1  0  0  0
  4  5  2  0  0  0
M  END
$$$$
N1OCNC=1
  -ISIS-

  5  5  0  0  0  0  0  0  0  0  1
    6.2159    5.9024   -5.5186  N  0  0  0  0  0
    7.0423    4.9104   -5.1228  C  0  0  0  0  0
    7.9330    5.4165   -4.2095  O  0  0  0  0  0
    7.5953    6.7915   -4.0384  N  0  0  0  0  0
    6.6040    6.9942   -4.8394  C  0  0  0  0  0
  1  5  1  0  0  0
  1  2  1  0  0  0
  2  3  1  0  0  0
  3  4  1  0  0  0
  4  5  2  0  0  0
M  END
$$$$
N1OCNC=1
  -ISIS-

  5  5  0  0  0  0  0  0  0  0  1
    6.2159    5.9024   -5.5186  N  0  0  0  0  0
    7.0423    4.9104   -5.1228  C  0  0  0  0  0
    7.9330    5.4165   -4.2095  O  0  0  0  0  0
    7.5953    6.7915   -4.0384  N  0  0  0  0  0
    6.6040    6.9942   -4.8394  C  0  0  0  0  0
  1  5  1  0  0  0
  1  2  1  0  0  0
  2  3  1  0  0  0
  3  4  1  0  0  0
  4  5  2  0  0  0
M  END
$$$$
N1OCNC=1
  -ISIS-

  5  5  0  0  0  0  0  0  0  0  1
   -0.6522   -2.2418   -2.2058  N  0  0  0  0  0
   -1.5744   -2.5851   -1.2812  C  0  0  0  0  0
   -1.1958   -3.7712   -0.7034  O  0  0  0  0  0
    0.0141   -4.1638   -1.3472  N  0  0  0  0  0
    0.2721   -3.2167   -2.1861  C  0  0  0  0  0
  1  5  1  0  0  0
  1  2  1  0  0  0
  2  3  1  0  0  0
  3  4  1  0  0  0
  4  5  2  0  0  0
M  END
$$$$
N1OCNC=1
  -ISIS-

  5  5  0  0  0  0  0  0  0  0  1
   -0.6522   -2.2418   -2.2058  N  0  0  0  0  0
   -1.5744   -2.5851   -1.2812  C  0  0  0  0  0
   -1.1958   -3.7712   -0.7034  O  0  0  0  0  0
    0.0141   -4.1638   -1.3472  N  0  0  0  0  0
    0.2721   -3.2167   -2.1861  C  0  0  0  0  0
  1  5  1  0  0  0
  1  2  1  0  0  0
  2  3  1  0  0  0
  3  4  1  0  0  0
  4  5  2  0  0  0
M  END
$$$$
N1OCNC=1
  -ISIS-

  5  5  0  0  0  0  0  0  0  0  1
   -0.6522   -2.2418   -2.2058  N  0  0  0  0  0
   -1.5744   -2.5851   -1.2812  C  0  0  0  0  0
   -1.1958   -3.7712   -0.7034  O  0  0  0  0  0
    0.0141   -4.1638   -1.3472  N  0  0  0  0  0
    0.2721   -3.2167   -2.1861  C  0  0  0  0  0
  1  5  1  0  0  0
  1  2  1  0  0  0
  2  3  1  0  0  0
  3  4  1  0  0  0
  4  5  2  0  0  0
M  END
$$$$
N1OCNC=1
  -ISIS-

  5  5  0  0  0  0  0  0  0  0  1
    1.2526   -3.7085    1.0009  N  0  0  0  0  0
    0.4238   -3.0032    1.7995  C  0  0  0  0  0
    0.5125   -1.6734    1.4655  O  0  0  0  0  0
    1.4275   -1.5931    0.3759  N  0  0  0  0  0
    1.8094   -2.8101    0.1729  C  0  0  0  0  0
  1  5  1  0  0  0
  1  2  1  0  0  0
  2  3  1  0  0  0
  3  4  1  0  0  0
  4  5  2  0  0  0
M  END
$$$$
N1OCNC=1
  -ISIS-

  5  5  0  0  0  0  0  0  0  0  1
    1.2526   -3.7085    1.0009  N  0  0  0  0  0
    0.4238   -3.0032    1.7995  C  0  0  0  0  0
    0.5125   -1.6734    1.4655  O  0  0  0  0  0
    1.4275   -1.5931    0.3759  N  0  0  0  0  0
    1.8094   -2.8101    0.1729  C  0  0  0  0  0
  1  5  1  0  0  0
  1  2  1  0  0  0
  2  3  1  0  0  0
  3  4  1  0  0  0
  4  5  2  0  0  0
M  END
$$$$
N1OCNC=1
  -ISIS-

  5  5  0  0  0  0  0  0  0  0  1
    1.2526   -3.7085    1.0009  N  0  0  0  0  0
    0.4238   -3.0032    1.7995  C  0  0  0  0  0
    0.5125   -1.6734    1.4655  O  0  0  0  0  0
    1.4275   -1.5931    0.3759  N  0  0  0  0  0
    1.8094   -2.8101    0.1729  C  0  0  0  0  0
  1  5  1  0  0  0
  1  2  1  0  0  0
  2  3  1  0  0  0
  3  4  1  0  0  0
  4  5  2  0  0  0
M  END
$$$$
N1OCNC=1
  -ISIS-

  5  5  0  0  0  0  0  0  0  0  1
   -2.1796    3.4520   -1.1634  N  0  0  0  0  0
   -3.3419    2.7787   -1.2978  C  0  0  0  0  0
   -3.0767    1.5356   -1.8171  O  0  0  0  0  0
   -1.6712    1.4872   -2.0432  N  0  0  0  0  0
   -1.2270    2.6292   -1.6332  C  0  0  0  0  0
  1  5  1  0  0  0
  1  2  1  0  0  0
  2  3  1  0  0  0
  3  4  1  0  0  0
  4  5  2  0  0  0
M  END
$$$$
N1OCNC=1
  -ISIS-

  5  5  0  0  0  0  0  0  0  0  1
   -2.1796    3.4520   -1.1634  N  0  0  0  0  0
   -3.3419    2.7787   -1.2978  C  0  0  0  0  0
   -3.0767    1.5356   -1.8171  O  0  0  0  0  0
   -1.6712    1.4872   -2.0432  N  0  0  0  0  0
   -1.2270    2.6292   -1.6332  C  0  0  0  0  0
  1  5  1  0  0  0
  1  2  1  0  0  0
  2  3  1  0  0  0
  3  4  1  0  0  0
  4  5  2  0  0  0
M  END
$$$$
N1OCNC=1
  -ISIS-

  5  5  0  0  0  0  0  0  0  0  1
   -2.1796    3.4520   -1.1634  N  0  0  0  0  0
   -3.3419    2.7787   -1.2978  C  0  0  0  0  0
   -3.0767    1.5356   -1.8171  O  0  0  0  0  0
   -1.6712    1.4872   -2.0432  N  0  0  0  0  0
   -1.2270    2.6292   -1.6332  C  0  0  0  0  0
  1  5  1  0  0  0
  1  2  1  0  0  0
  2  3  1  0  0  0
  3  4  1  0  0  0
  4  5  2  0  0  0
M  END
$$$$
N1OCNC=1
  -ISIS-

  5  5  0  0  0  0  0  0  0  0  1
   -3.7325   -2.5341   -0.2408  N  0  0  0  0  0
   -4.2051   -1.4082    0.3355  C  0  0  0  0  0
   -3.7314   -1.3369    1.6228  O  0  0  0  0  0
   -2.8924   -2.4739    1.8052  N  0  0  0  0  0
   -2.9517   -3.1145    0.6851  C  0  0  0  0  0
  1  5  1  0  0  0
  1  2  1  0  0  0
  2  3  1  0  0  0
  3  4  1  0  0  0
  4  5  2  0  0  0
M  END
$$$$
N1OCNC=1
  -ISIS-

  5  5  0  0  0  0  0  0  0  0  1
   -3.7325   -2.5341   -0.2408  N  0  0  0  0  0
   -4.2051   -1.4082    0.3355  C  0  0  0  0  0
   -3.7314   -1.3369    1.6228  O  0  0  0  0  0
   -2.8924   -2.4739    1.8052  N  0  0  0  0  0
   -2.9517   -3.1145    0.6851  C  0  0  0  0  0
  1  5  1  0  0  0
  1  2  1  0  0  0
  2  3  1  0  0  0
  3  4  1  0  0  0
  4  5  2  0  0  0
M  END
$$$$
N1OCNC=1
  -ISIS-

  5  5  0  0  0  0  0  0  0  0  1
   -3.7325   -2.5341   -0.2408  N  0  0  0  0  0
   -4.2051   -1.4082    0.3355  C  0  0  0  0  0
   -3.7314   -1.3369    1.6228  O  0  0  0  0  0
   -2.8924   -2.4739    1.8052  N  0  0  0  0  0
   -2.9517   -3.1145    0.6851  C  0  0  0  0  0
  1  5  1  0  0  0
  1  2  1  0  0  0
  2  3  1  0  0  0
  3  4  1  0  0  0
  4  5  2  0  0  0
M  END
$$$$
N1OCNC=1
  -ISIS-

  5  5  0  0  0  0  0  0  0  0  1
   -5.4768   -6.9627   -2.8667  N  0  0  0  0  0
   -5.9635   -7.4795   -4.0144  C  0  0  0  0  0
   -7.2738   -7.0900   -4.1560  O  0  0  0  0  0
   -7.5697   -6.2608   -3.0363  N  0  0  0  0  0
   -6.4753   -6.2271   -2.3523  C  0  0  0  0  0
  1  5  1  0  0  0
  1  2  1  0  0  0
  2  3  1  0  0  0
  3  4  1  0  0  0
  4  5  2  0  0  0
M  END
$$$$
N1OCNC=1
  -ISIS-

  5  5  0  0  0  0  0  0  0  0  1
   -5.4768   -6.9627   -2.8667  N  0  0  0  0  0
   -5.9635   -7.4795   -4.0144  C  0  0  0  0  0
   -7.2738   -7.0900   -4.1560  O  0  0  0  0  0
   -7.5697   -6.2608   -3.0363  N  0  0  0  0  0
   -6.4753   -6.2271   -2.3523  C  0  0  0  0  0
  1  5  1  0  0  0
  1  2  1  0  0  0
  2  3  1  0  0  0
  3  4  1  0  0  0
  4  5  2  0  0  0
M  END
$$$$
N1OCNC=1
  -ISIS-

  5  5  0  0  0  0  0  0  0  0  1
   -5.4768   -6.9627   -2.8667  N  0  0  0  0  0
   -5.9635   -7.4795   -4.0144  C  0  0  0  0  0
   -7.2738   -7.0900   -4.1560  O  0  0  0  0  0
   -7.5697   -6.2608   -3.0363  N  0  0  0  0  0
   -6.4753   -6.2271   -2.3523  C  0  0  0  0  0
  1  5  1  0  0  0
  1  2  1  0  0  0
  2  3  1  0  0  0
  3  4  1  0  0  0
  4  5  2  0  0  0
M  END
$$$$
N1OCNC=1
  -ISIS-

  5  5  0  0  0  0  0  0  0  0  1
   -5.1104    0.6621   -1.5220  N  0  0  0  0  0
   -3.8723    1.1202   -1.2388  C  0  0  0  0  0
   -3.9384    1.9118   -0.1183  O  0  0  0  0  0
   -5.2978    1.8897    0.3089  N  0  0  0  0  0
   -5.9066    1.1505   -0.5573  C  0  0  0  0  0
  1  5  1  0  0  0
  1  2  1  0  0  0
  2  3  1  0  0  0
  3  4  1  0  0  0
  4  5  2  0  0  0
M  END
$$$$
N1OCNC=1
  -ISIS-

  5  5  0  0  0  0  0  0  0  0  1
   -5.1104    0.6621   -1.5220  N  0  0  0  0  0
   -3.8723    1.1202   -1.2388  C  0  0  0  0  0
   -3.9384    1.9118   -0.1183  O  0  0  0  0  0
   -5.2978    1.8897    0.3089  N  0  0  0  0  0
   -5.9066    1.1505   -0.5573  C  0  0  0  0  0
  1  5  1  0  0  0
  1  2  1  0  0  0
  2  3  1  0  0  0
  3  4  1  0  0  0
  4  5  2  0  0  0
M  END
$$$$
N1OCNC=1
  -ISIS-

  5  5  0  0  0  0  0  0  0  0  1
   -5.1104    0.6621   -1.5220  N  0  0  0  0  0
   -3.8723    1.1202   -1.2388  C  0  0  0  0  0
   -3.9384    1.9118   -0.1183  O  0  0  0  0  0
   -5.2978    1.8897    0.3089  N  0  0  0  0  0
   -5.9066    1.1505   -0.5573  C  0  0  0  0  0
  1  5  1  0  0  0
  1  2  1  0  0  0
  2  3  1  0  0  0
  3  4  1  0  0  0
  4  5  2  0  0  0
M  END
$$$$
N1OCNC=1
  -ISIS-

  5  5  0  0  0  0  0  0  0  0  1
   -2.6158   -4.9870   -1.5046  N  0  0  0  0  0
   -2.9879   -6.2547   -1.7762  C  0  0  0  0  0
   -4.3463   -6.2988   -1.9382  O  0  0  0  0  0
   -4.8081   -4.9618   -1.7675  N  0  0  0  0  0
   -3.7496   -4.2666   -1.5068  C  0  0  0  0  0
  1  5  1  0  0  0
  1  2  1  0  0  0
  2  3  1  0  0  0
  3  4  1  0  0  0
  4  5  2  0  0  0
M  END
$$$$
N1OCNC=1
  -ISIS-

  5  5  0  0  0  0  0  0  0  0  1
   -2.6158   -4.9870   -1.5046  N  0  0  0  0  0
   -2.9879   -6.2547   -1.7762  C  0  0  0  0  0
   -4.3463   -6.2988   -1.9382  O  0  0  0  0  0
   -4.8081   -4.9618   -1.7675  N  0  0  0  0  0
   -3.7496   -4.2666   -1.5068  C  0  0  0  0  0
  1  5  1  0  0  0
  1  2  1  0  0  0
  2  3  1  0  0  0
  3  4  1  0  0  0
  4  5  2  0  0  0
M  END
$$$$
N1OCNC=1
  -ISIS-

  5  5  0  0  0  0  0  0  0  0  1
   -2.6158   -4.9870   -1.5046  N  0  0  0  0  0
   -2.9879   -6.2547   -1.7762  C  0  0  0  0  0
   -4.3463   -6.2988   -1.9382  O  0  0  0  0  0
   -4.8081   -4.9618   -1.7675  N  0  0  0  0  0
   -3.7496   -4.2666   -1.5068  C  0  0  0  0  0
  1  5  1  0  0  0
  1  2  1  0  0  0
  2  3  1  0  0  0
  3  4  1  0  0  0
  4  5  2  0  0  0
M  END
$$$$
N1OCNC=1
  -ISIS-

  5  5  0  0  0  0  0  0  0  0  1
   -3.7892   -5.7256   -0.6796  N  0  0  0  0  0
   -4.2523   -6.5242   -1.6628  C  0  0  0  0  0
   -5.5950   -6.2882   -1.8274  O  0  0  0  0  0
   -5.9423   -5.2735   -0.8858  N  0  0  0  0  0
   -4.8467   -5.0212   -0.2497  C  0  0  0  0  0
  1  5  1  0  0  0
  1  2  1  0  0  0
  2  3  1  0  0  0
  3  4  1  0  0  0
  4  5  2  0  0  0
M  END
$$$$
N1OCNC=1
  -ISIS-

  5  5  0  0  0  0  0  0  0  0  1
   -3.7892   -5.7256   -0.6796  N  0  0  0  0  0
   -4.2523   -6.5242   -1.6628  C  0  0  0  0  0
   -5.5950   -6.2882   -1.8274  O  0  0  0  0  0
   -5.9423   -5.2735   -0.8858  N  0  0  0  0  0
   -4.8467   -5.0212   -0.2497  C  0  0  0  0  0
  1  5  1  0  0  0
  1  2  1  0  0  0
  2  3  1  0  0  0
  3  4  1  0  0  0
  4  5  2  0  0  0
M  END
$$$$
N1OCNC=1
  -ISIS-

  5  5  0  0  0  0  0  0  0  0  1
   -3.7892   -5.7256   -0.6796  N  0  0  0  0  0
   -4.2523   -6.5242   -1.6628  C  0  0  0  0  0
   -5.5950   -6.2882   -1.8274  O  0  0  0  0  0
   -5.9423   -5.2735   -0.8858  N  0  0  0  0  0
   -4.8467   -5.0212   -0.2497  C  0  0  0  0  0
  1  5  1  0  0  0
  1  2  1  0  0  0
  2  3  1  0  0  0
  3  4  1  0  0  0
  4  5  2  0  0  0
M  END
$$$$
N1OCNC=1
  -ISIS-

  5  5  0  0  0  0  0  0  0  0  1
   -6.7353   -7.0985    3.3129  N  0  0  0  0  0
   -7.2741   -8.0903    4.0513  C  0  0  0  0  0
   -8.5903   -8.2444    3.6885  O  0  0  0  0  0
   -8.8473   -7.2647    2.6832  N  0  0  0  0  0
   -7.7182   -6.6618    2.5114  C  0  0  0  0  0
  1  5  1  0  0  0
  1  2  1  0  0  0
  2  3  1  0  0  0
  3  4  1  0  0  0
  4  5  2  0  0  0
M  END
$$$$
N1OCNC=1
  -ISIS-

  5  5  0  0  0  0  0  0  0  0  1
   -6.7353   -7.0985    3.3129  N  0  0  0  0  0
   -7.2741   -8.0903    4.0513  C  0  0  0  0  0
   -8.5903   -8.2444    3.6885  O  0  0  0  0  0
   -8.8473   -7.2647    2.6832  N  0  0  0  0  0
   -7.7182   -6.6618    2.5114  C  0  0  0  0  0
  1  5  1  0  0  0
  1  2  1  0  0  0
  2  3  1  0  0  0
  3  4  1  0  0  0
  4  5  2  0  0  0
M  END
$$$$
N1OCNC=1
  -ISIS-

  5  5  0  0  0  0  0  0  0  0  1
   -6.7353   -7.0985    3.3129  N  0  0  0  0  0
   -7.2741   -8.0903    4.0513  C  0  0  0  0  0
   -8.5903   -8.2444    3.6885  O  0  0  0  0  0
   -8.8473   -7.2647    2.6832  N  0  0  0  0  0
   -7.7182   -6.6618    2.5114  C  0  0  0  0  0
  1  5  1  0  0  0
  1  2  1  0  0  0
  2  3  1  0  0  0
  3  4  1  0  0  0
  4  5  2  0  0  0
M  END
$$$$
N1OCNC=1
  -ISIS-

  5  5  0  0  0  0  0  0  0  0  1
   -1.9038   -0.0330    2.7476  N  0  0  0  0  0
   -1.3431    0.8229    3.6273  C  0  0  0  0  0
   -0.4649    0.1299    4.4213  O  0  0  0  0  0
   -0.4814   -1.2170    3.9531  N  0  0  0  0  0
   -1.3501   -1.2295    2.9963  C  0  0  0  0  0
  1  5  1  0  0  0
  1  2  1  0  0  0
  2  3  1  0  0  0
  3  4  1  0  0  0
  4  5  2  0  0  0
M  END
$$$$
N1OCNC=1
  -ISIS-

  5  5  0  0  0  0  0  0  0  0  1
   -1.9038   -0.0330    2.7476  N  0  0  0  0  0
   -1.3431    0.8229    3.6273  C  0  0  0  0  0
   -0.4649    0.1299    4.4213  O  0  0  0  0  0
   -0.4814   -1.2170    3.9531  N  0  0  0  0  0
   -1.3501   -1.2295    2.9963  C  0  0  0  0  0
  1  5  1  0  0  0
  1  2  1  0  0  0
  2  3  1  0  0  0
  3  4  1  0  0  0
  4  5  2  0  0  0
M  END
$$$$
N1OCNC=1
  -ISIS-

  5  5  0  0  0  0  0  0  0  0  1
   -1.9038   -0.0330    2.7476  N  0  0  0  0  0
   -1.3431    0.8229    3.6273  C  0  0  0  0  0
   -0.4649    0.1299    4.4213  O  0  0  0  0  0
   -0.4814   -1.2170    3.9531  N  0  0  0  0  0
   -1.3501   -1.2295    2.9963  C  0  0  0  0  0
  1  5  1  0  0  0
  1  2  1  0  0  0
  2  3  1  0  0  0
  3  4  1  0  0  0
  4  5  2  0  0  0
M  END
$$$$
N1OCNC=1
  -ISIS-

  5  5  0  0  0  0  0  0  0  0  1
   -4.6505   -4.1011    4.4921  N  0  0  0  0  0
   -5.2460   -5.2960    4.2687  C  0  0  0  0  0
   -4.2781   -6.2651    4.2073  O  0  0  0  0  0
   -3.0287   -5.5855    4.2817  N  0  0  0  0  0
   -3.3268   -4.3363    4.4304  C  0  0  0  0  0
  1  5  1  0  0  0
  1  2  1  0  0  0
  2  3  1  0  0  0
  3  4  1  0  0  0
  4  5  2  0  0  0
M  END
$$$$
N1OCNC=1
  -ISIS-

  5  5  0  0  0  0  0  0  0  0  1
   -4.6505   -4.1011    4.4921  N  0  0  0  0  0
   -5.2460   -5.2960    4.2687  C  0  0  0  0  0
   -4.2781   -6.2651    4.2073  O  0  0  0  0  0
   -3.0287   -5.5855    4.2817  N  0  0  0  0  0
   -3.3268   -4.3363    4.4304  C  0  0  0  0  0
  1  5  1  0  0  0
  1  2  1  0  0  0
  2  3  1  0  0  0
  3  4  1  0  0  0
  4  5  2  0  0  0
M  END
$$$$
N1OCNC=1
  -ISIS-

  5  5  0  0  0  0  0  0  0  0  1
   -4.6505   -4.1011    4.4921  N  0  0  0  0  0
   -5.2460   -5.2960    4.2687  C  0  0  0  0  0
   -4.2781   -6.2651    4.2073  O  0  0  0  0  0
   -3.0287   -5.5855    4.2817  N  0  0  0  0  0
   -3.3268   -4.3363    4.4304  C  0  0  0  0  0
  1  5  1  0  0  0
  1  2  1  0  0  0
  2  3  1  0  0  0
  3  4  1  0  0  0
  4  5  2  0  0  0
M  END
$$$$
N1OCNC=1
  -ISIS-

  5  5  0  0  0  0  0  0  0  0  1
   -3.8487    3.8535    0.6941  N  0  0  0  0  0
   -4.9910    3.7887   -0.0230  C  0  0  0  0  0
   -5.8157    2.8462    0.5409  O  0  0  0  0  0
   -5.0968    2.2882    1.6369  N  0  0  0  0  0
   -3.9760    2.9291    1.6599  C  0  0  0  0  0
  1  5  1  0  0  0
  1  2  1  0  0  0
  2  3  1  0  0  0
  3  4  1  0  0  0
  4  5  2  0  0  0
M  END
$$$$
N1OCNC=1
  -ISIS-

  5  5  0  0  0  0  0  0  0  0  1
   -3.8487    3.8535    0.6941  N  0  0  0  0  0
   -4.9910    3.7887   -0.0230  C  0  0  0  0  0
   -5.8157    2.8462    0.5409  O  0  0  0  0  0
   -5.0968    2.2882    1.6369  N  0  0  0  0  0
   -3.9760    2.9291    1.6599  C  0  0  0  0  0
  1  5  1  0  0  0
  1  2  1  0  0  0
  2  3  1  0  0  0
  3  4  1  0  0  0
  4  5  2  0  0  0
M  END
$$$$
N1OCNC=1
  -ISIS-

  5  5  0  0  0  0  0  0  0  0  1
   -3.8487    3.8535    0.6941  N  0  0  0  0  0
   -4.9910    3.7887   -0.0230  C  0  0  0  0  0
   -5.8157    2.8462    0.5409  O  0  0  0  0  0
   -5.0968    2.2882    1.6369  N  0  0  0  0  0
   -3.9760    2.9291    1.6599  C  0  0  0  0  0
  1  5  1  0  0  0
  1  2  1  0  0  0
  2  3  1  0  0  0
  3  4  1  0  0  0
  4  5  2  0  0  0
M  END
$$$$
N1OCNC=1
  -ISIS-

  5  5  0  0  0  0  0  0  0  0  1
   -9.2341   -4.1464    2.2760  N  0  0  0  0  0
  -10.3573   -4.8916    2.3571  C  0  0  0  0  0
  -10.4052   -5.7392    1.2774  O  0  0  0  0  0
   -9.2133   -5.5072    0.5317  N  0  0  0  0  0
   -8.5967   -4.5717    1.1736  C  0  0  0  0  0
  1  5  1  0  0  0
  1  2  1  0  0  0
  2  3  1  0  0  0
  3  4  1  0  0  0
  4  5  2  0  0  0
M  END
$$$$
N1OCNC=1
  -ISIS-

  5  5  0  0  0  0  0  0  0  0  1
   -9.2341   -4.1464    2.2760  N  0  0  0  0  0
  -10.3573   -4.8916    2.3571  C  0  0  0  0  0
  -10.4052   -5.7392    1.2774  O  0  0  0  0  0
   -9.2133   -5.5072    0.5317  N  0  0  0  0  0
   -8.5967   -4.5717    1.1736  C  0  0  0  0  0
  1  5  1  0  0  0
  1  2  1  0  0  0
  2  3  1  0  0  0
  3  4  1  0  0  0
  4  5  2  0  0  0
M  END
$$$$
N1OCNC=1
  -ISIS-

  5  5  0  0  0  0  0  0  0  0  1
   -9.2341   -4.1464    2.2760  N  0  0  0  0  0
  -10.3573   -4.8916    2.3571  C  0  0  0  0  0
  -10.4052   -5.7392    1.2774  O  0  0  0  0  0
   -9.2133   -5.5072    0.5317  N  0  0  0  0  0
   -8.5967   -4.5717    1.1736  C  0  0  0  0  0
  1  5  1  0  0  0
  1  2  1  0  0  0
  2  3  1  0  0  0
  3  4  1  0  0  0
  4  5  2  0  0  0
M  END
$$$$
N1OCNC=1
  -ISIS-

  5  5  0  0  0  0  0  0  0  0  1
   -1.0124   -0.2966    0.3039  N  0  0  0  0  0
   -1.0909   -0.3765   -1.0420  C  0  0  0  0  0
    0.1807   -0.4404   -1.5569  O  0  0  0  0  0
    1.0661   -0.4388   -0.4404  N  0  0  0  0  0
    0.2977   -0.3491    0.5933  C  0  0  0  0  0
  1  5  1  0  0  0
  1  2  1  0  0  0
  2  3  1  0  0  0
  3  4  1  0  0  0
  4  5  2  0  0  0
M  END
$$$$
N1OCNC=1
  -ISIS-

  5  5  0  0  0  0  0  0  0  0  1
   -1.0124   -0.2966    0.3039  N  0  0  0  0  0
   -1.0909   -0.3765   -1.0420  C  0  0  0  0  0
    0.1807   -0.4404   -1.5569  O  0  0  0  0  0
    1.0661   -0.4388   -0.4404  N  0  0  0  0  0
    0.2977   -0.3491    0.5933  C  0  0  0  0  0
  1  5  1  0  0  0
  1  2  1  0  0  0
  2  3  1  0  0  0
  3  4  1  0  0  0
  4  5  2  0  0  0
M  END
$$$$
N1OCNC=1
  -ISIS-

  5  5  0  0  0  0  0  0  0  0  1
   -1.0124   -0.2966    0.3039  N  0  0  0  0  0
   -1.0909   -0.3765   -1.0420  C  0  0  0  0  0
    0.1807   -0.4404   -1.5569  O  0  0  0  0  0
    1.0661   -0.4388   -0.4404  N  0  0  0  0  0
    0.2977   -0.3491    0.5933  C  0  0  0  0  0
  1  5  1  0  0  0
  1  2  1  0  0  0
  2  3  1  0  0  0
  3  4  1  0  0  0
  4  5  2  0  0  0
M  END
$$$$
N1OCNC=1
  -ISIS-

  5  5  0  0  0  0  0  0  0  0  1
   -7.6501   -3.0972    2.1392  N  0  0  0  0  0
   -8.5895   -4.0459    1.9386  C  0  0  0  0  0
   -8.1150   -4.9525    1.0217  O  0  0  0  0  0
   -6.8266   -4.4885    0.6280  N  0  0  0  0  0
   -6.6319   -3.4197    1.3257  C  0  0  0  0  0
  1  5  1  0  0  0
  1  2  1  0  0  0
  2  3  1  0  0  0
  3  4  1  0  0  0
  4  5  2  0  0  0
M  END
$$$$
N1OCNC=1
  -ISIS-

  5  5  0  0  0  0  0  0  0  0  1
   -7.6501   -3.0972    2.1392  N  0  0  0  0  0
   -8.5895   -4.0459    1.9386  C  0  0  0  0  0
   -8.1150   -4.9525    1.0217  O  0  0  0  0  0
   -6.8266   -4.4885    0.6280  N  0  0  0  0  0
   -6.6319   -3.4197    1.3257  C  0  0  0  0  0
  1  5  1  0  0  0
  1  2  1  0  0  0
  2  3  1  0  0  0
  3  4  1  0  0  0
  4  5  2  0  0  0
M  END
$$$$
N1OCNC=1
  -ISIS-

  5  5  0  0  0  0  0  0  0  0  1
   -7.6501   -3.0972    2.1392  N  0  0  0  0  0
   -8.5895   -4.0459    1.9386  C  0  0  0  0  0
   -8.1150   -4.9525    1.0217  O  0  0  0  0  0
   -6.8266   -4.4885    0.6280  N  0  0  0  0  0
   -6.6319   -3.4197    1.3257  C  0  0  0  0  0
  1  5  1  0  0  0
  1  2  1  0  0  0
  2  3  1  0  0  0
  3  4  1  0  0  0
  4  5  2  0  0  0
M  END
$$$$
N1OCNC=1
  -ISIS-

  5  5  0  0  0  0  0  0  0  0  1
   -1.4761   -5.2717    5.3554  N  0  0  0  0  0
   -2.4986   -6.1474    5.4453  C  0  0  0  0  0
   -3.3864   -5.8961    4.4297  O  0  0  0  0  0
   -2.8826   -4.7597    3.7305  N  0  0  0  0  0
   -1.7788   -4.4615    4.3290  C  0  0  0  0  0
  1  5  1  0  0  0
  1  2  1  0  0  0
  2  3  1  0  0  0
  3  4  1  0  0  0
  4  5  2  0  0  0
M  END
$$$$
N1OCNC=1
  -ISIS-

  5  5  0  0  0  0  0  0  0  0  1
   -1.4761   -5.2717    5.3554  N  0  0  0  0  0
   -2.4986   -6.1474    5.4453  C  0  0  0  0  0
   -3.3864   -5.8961    4.4297  O  0  0  0  0  0
   -2.8826   -4.7597    3.7305  N  0  0  0  0  0
   -1.7788   -4.4615    4.3290  C  0  0  0  0  0
  1  5  1  0  0  0
  1  2  1  0  0  0
  2  3  1  0  0  0
  3  4  1  0  0  0
  4  5  2  0  0  0
M  END
$$$$
N1OCNC=1
  -ISIS-

  5  5  0  0  0  0  0  0  0  0  1
   -1.4761   -5.2717    5.3554  N  0  0  0  0  0
   -2.4986   -6.1474    5.4453  C  0  0  0  0  0
   -3.3864   -5.8961    4.4297  O  0  0  0  0  0
   -2.8826   -4.7597    3.7305  N  0  0  0  0  0
   -1.7788   -4.4615    4.3290  C  0  0  0  0  0
  1  5  1  0  0  0
  1  2  1  0  0  0
  2  3  1  0  0  0
  3  4  1  0  0  0
  4  5  2  0  0  0
M  END
$$$$
N1OCNC=1
  -ISIS-

  5  5  0  0  0  0  0  0  0  0  1
    0.7592   -1.7375    4.5468  N  0  0  0  0  0
    0.7712   -3.0586    4.8218  C  0  0  0  0  0
    0.3564   -3.7451    3.7078  O  0  0  0  0  0
    0.1017   -2.7636    2.7044  N  0  0  0  0  0
    0.3368   -1.6302    3.2782  C  0  0  0  0  0
  1  5  1  0  0  0
  1  2  1  0  0  0
  2  3  1  0  0  0
  3  4  1  0  0  0
  4  5  2  0  0  0
M  END
$$$$
N1OCNC=1
  -ISIS-

  5  5  0  0  0  0  0  0  0  0  1
    0.7592   -1.7375    4.5468  N  0  0  0  0  0
    0.7712   -3.0586    4.8218  C  0  0  0  0  0
    0.3564   -3.7451    3.7078  O  0  0  0  0  0
    0.1017   -2.7636    2.7044  N  0  0  0  0  0
    0.3368   -1.6302    3.2782  C  0  0  0  0  0
  1  5  1  0  0  0
  1  2  1  0  0  0
  2  3  1  0  0  0
  3  4  1  0  0  0
  4  5  2  0  0  0
M  END
$$$$
N1OCNC=1
  -ISIS-

  5  5  0  0  0  0  0  0  0  0  1
    0.7592   -1.7375    4.5468  N  0  0  0  0  0
    0.7712   -3.0586    4.8218  C  0  0  0  0  0
    0.3564   -3.7451    3.7078  O  0  0  0  0  0
    0.1017   -2.7636    2.7044  N  0  0  0  0  0
    0.3368   -1.6302    3.2782  C  0  0  0  0  0
  1  5  1  0  0  0
  1  2  1  0  0  0
  2  3  1  0  0  0
  3  4  1  0  0  0
  4  5  2  0  0  0
M  END
$$$$
N1OCNC=1
  -ISIS-

  5  5  0  0  0  0  0  0  0  0  1
    0.4403    0.7585    5.6525  N  0  0  0  0  0
    1.3698    0.7444    6.6306  C  0  0  0  0  0
    2.6151    0.8175    6.0648  O  0  0  0  0  0
    2.4068    0.9085    4.6583  N  0  0  0  0  0
    1.1247    0.8552    4.5011  C  0  0  0  0  0
  1  5  1  0  0  0
  1  2  1  0  0  0
  2  3  1  0  0  0
  3  4  1  0  0  0
  4  5  2  0  0  0
M  END
$$$$
N1OCNC=1
  -ISIS-

  5  5  0  0  0  0  0  0  0  0  1
    0.4403    0.7585    5.6525  N  0  0  0  0  0
    1.3698    0.7444    6.6306  C  0  0  0  0  0
    2.6151    0.8175    6.0648  O  0  0  0  0  0
    2.4068    0.9085    4.6583  N  0  0  0  0  0
    1.1247    0.8552    4.5011  C  0  0  0  0  0
  1  5  1  0  0  0
  1  2  1  0  0  0
  2  3  1  0  0  0
  3  4  1  0  0  0
  4  5  2  0  0  0
M  END
$$$$
N1OCNC=1
  -ISIS-

  5  5  0  0  0  0  0  0  0  0  1
    0.4403    0.7585    5.6525  N  0  0  0  0  0
    1.3698    0.7444    6.6306  C  0  0  0  0  0
    2.6151    0.8175    6.0648  O  0  0  0  0  0
    2.4068    0.9085    4.6583  N  0  0  0  0  0
    1.1247    0.8552    4.5011  C  0  0  0  0  0
  1  5  1  0  0  0
  1  2  1  0  0  0
  2  3  1  0  0  0
  3  4  1  0  0  0
  4  5  2  0  0  0
M  END
$$$$
N1OCNC=1
  -ISIS-

  5  5  0  0  0  0  0  0  0  0  1
    2.1995   -1.8395    4.5452  N  0  0  0  0  0
    1.9028   -0.7859    3.7558  C  0  0  0  0  0
    3.0685   -0.1368    3.4302  O  0  0  0  0  0
    4.1176   -0.8389    4.0939  N  0  0  0  0  0
    3.5323   -1.8197    4.6974  C  0  0  0  0  0
  1  5  1  0  0  0
  1  2  1  0  0  0
  2  3  1  0  0  0
  3  4  1  0  0  0
  4  5  2  0  0  0
M  END
$$$$
N1OCNC=1
  -ISIS-

  5  5  0  0  0  0  0  0  0  0  1
    2.1995   -1.8395    4.5452  N  0  0  0  0  0
    1.9028   -0.7859    3.7558  C  0  0  0  0  0
    3.0685   -0.1368    3.4302  O  0  0  0  0  0
    4.1176   -0.8389    4.0939  N  0  0  0  0  0
    3.5323   -1.8197    4.6974  C  0  0  0  0  0
  1  5  1  0  0  0
  1  2  1  0  0  0
  2  3  1  0  0  0
  3  4  1  0  0  0
  4  5  2  0  0  0
M  END
$$$$
N1OCNC=1
  -ISIS-

  5  5  0  0  0  0  0  0  0  0  1
    2.1995   -1.8395    4.5452  N  0  0  0  0  0
    1.9028   -0.7859    3.7558  C  0  0  0  0  0
    3.0685   -0.1368    3.4302  O  0  0  0  0  0
    4.1176   -0.8389    4.0939  N  0  0  0  0  0
    3.5323   -1.8197    4.6974  C  0  0  0  0  0
  1  5  1  0  0  0
  1  2  1  0  0  0
  2  3  1  0  0  0
  3  4  1  0  0  0
  4  5  2  0  0  0
M  END
$$$$
N1OCNC=1
  -ISIS-

  5  5  0  0  0  0  0  0  0  0  1
    2.5777   -4.0854    6.2294  N  0  0  0  0  0
    2.8237   -5.1504    7.0214  C  0  0  0  0  0
    2.9330   -4.7189    8.3201  O  0  0  0  0  0
    2.7164   -3.3093    8.2937  N  0  0  0  0  0
    2.5410   -3.0219    7.0466  C  0  0  0  0  0
  1  5  1  0  0  0
  1  2  1  0  0  0
  2  3  1  0  0  0
  3  4  1  0  0  0
  4  5  2  0  0  0
M  END
$$$$
N1OCNC=1
  -ISIS-

  5  5  0  0  0  0  0  0  0  0  1
    2.5777   -4.0854    6.2294  N  0  0  0  0  0
    2.8237   -5.1504    7.0214  C  0  0  0  0  0
    2.9330   -4.7189    8.3201  O  0  0  0  0  0
    2.7164   -3.3093    8.2937  N  0  0  0  0  0
    2.5410   -3.0219    7.0466  C  0  0  0  0  0
  1  5  1  0  0  0
  1  2  1  0  0  0
  2  3  1  0  0  0
  3  4  1  0  0  0
  4  5  2  0  0  0
M  END
$$$$
N1OCNC=1
  -ISIS-

  5  5  0  0  0  0  0  0  0  0  1
    2.5777   -4.0854    6.2294  N  0  0  0  0  0
    2.8237   -5.1504    7.0214  C  0  0  0  0  0
    2.9330   -4.7189    8.3201  O  0  0  0  0  0
    2.7164   -3.3093    8.2937  N  0  0  0  0  0
    2.5410   -3.0219    7.0466  C  0  0  0  0  0
  1  5  1  0  0  0
  1  2  1  0  0  0
  2  3  1  0  0  0
  3  4  1  0  0  0
  4  5  2  0  0  0
M  END
$$$$
N1OCNC=1
  -ISIS-

  5  5  0  0  0  0  0  0  0  0  1
   -4.0472   -1.8867    6.9828  N  0  0  0  0  0
   -5.1262   -2.1539    6.2175  C  0  0  0  0  0
   -5.6968   -0.9664    5.8301  O  0  0  0  0  0
   -4.9143    0.0676    6.4249  N  0  0  0  0  0
   -3.9696   -0.5493    7.0541  C  0  0  0  0  0
  1  5  1  0  0  0
  1  2  1  0  0  0
  2  3  1  0  0  0
  3  4  1  0  0  0
  4  5  2  0  0  0
M  END
$$$$
N1OCNC=1
  -ISIS-

  5  5  0  0  0  0  0  0  0  0  1
   -4.0472   -1.8867    6.9828  N  0  0  0  0  0
   -5.1262   -2.1539    6.2175  C  0  0  0  0  0
   -5.6968   -0.9664    5.8301  O  0  0  0  0  0
   -4.9143    0.0676    6.4249  N  0  0  0  0  0
   -3.9696   -0.5493    7.0541  C  0  0  0  0  0
  1  5  1  0  0  0
  1  2  1  0  0  0
  2  3  1  0  0  0
  3  4  1  0  0  0
  4  5  2  0  0  0
M  END
$$$$
N1OCNC=1
  -ISIS-

  5  5  0  0  0  0  0  0  0  0  1
   -4.0472   -1.8867    6.9828  N  0  0  0  0  0
   -5.1262   -2.1539    6.2175  C  0  0  0  0  0
   -5.6968   -0.9664    5.8301  O  0  0  0  0  0
   -4.9143    0.0676    6.4249  N  0  0  0  0  0
   -3.9696   -0.5493    7.0541  C  0  0  0  0  0
  1  5  1  0  0  0
  1  2  1  0  0  0
  2  3  1  0  0  0
  3  4  1  0  0  0
  4  5  2  0  0  0
M  END
$$$$
N1OCNC=1
  -ISIS-

  5  5  0  0  0  0  0  0  0  0  1
    4.3426   -0.2426   11.1044  N  0  0  0  0  0
    3.9463   -0.5386   12.3600  C  0  0  0  0  0
    4.9975   -1.0872   13.0440  O  0  0  0  0  0
    6.0945   -1.1046   12.1350  N  0  0  0  0  0
    5.6310   -0.6143   11.0318  C  0  0  0  0  0
  1  5  1  0  0  0
  1  2  1  0  0  0
  2  3  1  0  0  0
  3  4  1  0  0  0
  4  5  2  0  0  0
M  END
$$$$
N1OCNC=1
  -ISIS-

  5  5  0  0  0  0  0  0  0  0  1
    4.3426   -0.2426   11.1044  N  0  0  0  0  0
    3.9463   -0.5386   12.3600  C  0  0  0  0  0
    4.9975   -1.0872   13.0440  O  0  0  0  0  0
    6.0945   -1.1046   12.1350  N  0  0  0  0  0
    5.6310   -0.6143   11.0318  C  0  0  0  0  0
  1  5  1  0  0  0
  1  2  1  0  0  0
  2  3  1  0  0  0
  3  4  1  0  0  0
  4  5  2  0  0  0
M  END
$$$$
N1OCNC=1
  -ISIS-

  5  5  0  0  0  0  0  0  0  0  1
    4.3426   -0.2426   11.1044  N  0  0  0  0  0
    3.9463   -0.5386   12.3600  C  0  0  0  0  0
    4.9975   -1.0872   13.0440  O  0  0  0  0  0
    6.0945   -1.1046   12.1350  N  0  0  0  0  0
    5.6310   -0.6143   11.0318  C  0  0  0  0  0
  1  5  1  0  0  0
  1  2  1  0  0  0
  2  3  1  0  0  0
  3  4  1  0  0  0
  4  5  2  0  0  0
M  END
$$$$
N1OCNC=1
  -ISIS-

  5  5  0  0  0  0  0  0  0  0  1
   -4.6415    0.4390   -1.6239  N  0  0  0  0  0
   -3.9857   -0.0637   -2.6810  C  0  0  0  0  0
   -2.6500    0.2051   -2.5343  O  0  0  0  0  0
   -2.5201    0.9179   -1.3011  N  0  0  0  0  0
   -3.7222    1.0124   -0.8352  C  0  0  0  0  0
  1  5  1  0  0  0
  1  2  1  0  0  0
  2  3  1  0  0  0
  3  4  1  0  0  0
  4  5  2  0  0  0
M  END
$$$$
N1OCNC=1
  -ISIS-

  5  5  0  0  0  0  0  0  0  0  1
   -4.6415    0.4390   -1.6239  N  0  0  0  0  0
   -3.9857   -0.0637   -2.6810  C  0  0  0  0  0
   -2.6500    0.2051   -2.5343  O  0  0  0  0  0
   -2.5201    0.9179   -1.3011  N  0  0  0  0  0
   -3.7222    1.0124   -0.8352  C  0  0  0  0  0
  1  5  1  0  0  0
  1  2  1  0  0  0
  2  3  1  0  0  0
  3  4  1  0  0  0
  4  5  2  0  0  0
M  END
$$$$
N1OCNC=1
  -ISIS-

  5  5  0  0  0  0  0  0  0  0  1
    5.0609    2.2580   -1.7432  C  0  0  0  0  0
    5.7716    3.3188   -2.1334  N  0  0  0  0  0
    5.9753    4.0565   -1.0356  C  0  0  0  0  0
    5.4370    3.4010    0.0441  O  0  0  0  0  0
    4.8214    2.2174   -0.4761  N  0  0  0  0  0
  1  5  2  0  0  0
  1  2  1  0  0  0
  2  3  1  0  0  0
  3  4  1  0  0  0
  4  5  1  0  0  0
M  END
$$$$
N1OCNC=1
  -ISIS-

  5  5  0  0  0  0  0  0  0  0  1
    5.0609    2.2580   -1.7432  C  0  0  0  0  0
    5.7716    3.3188   -2.1334  N  0  0  0  0  0
    5.9753    4.0565   -1.0356  C  0  0  0  0  0
    5.4370    3.4010    0.0441  O  0  0  0  0  0
    4.8214    2.2174   -0.4761  N  0  0  0  0  0
  1  5  2  0  0  0
  1  2  1  0  0  0
  2  3  1  0  0  0
  3  4  1  0  0  0
  4  5  1  0  0  0
M  END
$$$$
N1OCNC=1
  -ISIS-

  5  5  0  0  0  0  0  0  0  0  1
    4.5055   -1.4863   -0.7159  C  0  0  0  0  0
    5.2198   -0.5405   -1.2287  N  0  0  0  0  0
    6.5706   -0.9981   -1.1122  O  0  0  0  0  0
    6.5039   -2.2330   -0.5180  C  0  0  0  0  0
    5.2200   -2.5020   -0.2414  N  0  0  0  0  0
  1  5  1  0  0  0
  1  2  2  0  0  0
  2  3  1  0  0  0
  3  4  1  0  0  0
  4  5  1  0  0  0
M  END
$$$$
N1OCNC=1
  -ISIS-

  5  5  0  0  0  0  0  0  0  0  1
    4.5055   -1.4863   -0.7159  C  0  0  0  0  0
    5.2198   -0.5405   -1.2287  N  0  0  0  0  0
    6.5706   -0.9981   -1.1122  O  0  0  0  0  0
    6.5039   -2.2330   -0.5180  C  0  0  0  0  0
    5.2200   -2.5020   -0.2414  N  0  0  0  0  0
  1  5  1  0  0  0
  1  2  2  0  0  0
  2  3  1  0  0  0
  3  4  1  0  0  0
  4  5  1  0  0  0
M  END
$$$$
N1OCNC=1
  -ISIS-

  5  5  0  0  0  0  0  0  0  0  1
    4.7835   -2.0376   -0.9544  C  0  0  0  0  0
    3.6222   -1.6501   -0.4064  N  0  0  0  0  0
    2.6505   -2.0491   -1.2394  C  0  0  0  0  0
    3.0955   -2.6389   -2.3017  N  0  0  0  0  0
    4.5191   -2.6410   -2.1573  O  0  0  0  0  0
  1  5  1  0  0  0
  1  2  1  0  0  0
  2  3  1  0  0  0
  3  4  2  0  0  0
  4  5  1  0  0  0
M  END
$$$$
N1OCNC=1
  -ISIS-

  5  5  0  0  0  0  0  0  0  0  1
    4.7835   -2.0376   -0.9544  C  0  0  0  0  0
    3.6222   -1.6501   -0.4064  N  0  0  0  0  0
    2.6505   -2.0491   -1.2394  C  0  0  0  0  0
    3.0955   -2.6389   -2.3017  N  0  0  0  0  0
    4.5191   -2.6410   -2.1573  O  0  0  0  0  0
  1  5  1  0  0  0
  1  2  1  0  0  0
  2  3  1  0  0  0
  3  4  2  0  0  0
  4  5  1  0  0  0
M  END
$$$$
N1OCNC=1
  -ISIS-

  5  5  0  0  0  0  0  0  0  0  1
    2.4037    0.6299    0.3540  C  0  0  0  0  0
    3.1073    0.9978    1.4579  N  0  0  0  0  0
    2.2748    1.8234    2.1375  C  0  0  0  0  0
    1.0933    1.8998    1.6169  N  0  0  0  0  0
    1.1275    1.1138    0.4498  O  0  0  0  0  0
  1  5  1  0  0  0
  1  2  1  0  0  0
  2  3  1  0  0  0
  3  4  2  0  0  0
  4  5  1  0  0  0
M  END
$$$$
N1OCNC=1
  -ISIS-

  5  5  0  0  0  0  0  0  0  0  1
    2.4037    0.6299    0.3540  C  0  0  0  0  0
    3.1073    0.9978    1.4579  N  0  0  0  0  0
    2.2748    1.8234    2.1375  C  0  0  0  0  0
    1.0933    1.8998    1.6169  N  0  0  0  0  0
    1.1275    1.1138    0.4498  O  0  0  0  0  0
  1  5  1  0  0  0
  1  2  1  0  0  0
  2  3  1  0  0  0
  3  4  2  0  0  0
  4  5  1  0  0  0
M  END
$$$$
N1OCNC=1
  -ISIS-

  5  5  0  0  0  0  0  0  0  0  1
    2.4037    0.6299    0.3540  C  0  0  0  0  0
    3.1073    0.9978    1.4579  N  0  0  0  0  0
    2.2748    1.8234    2.1375  C  0  0  0  0  0
    1.0933    1.8998    1.6169  N  0  0  0  0  0
    1.1275    1.1138    0.4498  O  0  0  0  0  0
  1  5  1  0  0  0
  1  2  1  0  0  0
  2  3  1  0  0  0
  3  4  2  0  0  0
  4  5  1  0  0  0
M  END
$$$$
N1OCNC=1
  -ISIS-

  5  5  0  0  0  0  0  0  0  0  1
   -6.5288    4.3335  -10.8543  C  0  0  0  0  0
   -7.3597    3.7126  -10.0766  N  0  0  0  0  0
   -8.5062    3.4304  -10.8556  O  0  0  0  0  0
   -8.2583    3.9264  -12.1089  C  0  0  0  0  0
   -7.0078    4.4606  -12.1223  N  0  0  0  0  0
  1  5  1  0  0  0
  1  2  2  0  0  0
  2  3  1  0  0  0
  3  4  1  0  0  0
  4  5  1  0  0  0
M  END
$$$$
N1OCNC=1
  -ISIS-

  5  5  0  0  0  0  0  0  0  0  1
   -6.5288    4.3335  -10.8543  C  0  0  0  0  0
   -7.3597    3.7126  -10.0766  N  0  0  0  0  0
   -8.5062    3.4304  -10.8556  O  0  0  0  0  0
   -8.2583    3.9264  -12.1089  C  0  0  0  0  0
   -7.0078    4.4606  -12.1223  N  0  0  0  0  0
  1  5  1  0  0  0
  1  2  2  0  0  0
  2  3  1  0  0  0
  3  4  1  0  0  0
  4  5  1  0  0  0
M  END
$$$$
N1OCNC=1
  -ISIS-

  5  5  0  0  0  0  0  0  0  0  1
   -6.5288    4.3335  -10.8543  C  0  0  0  0  0
   -7.3597    3.7126  -10.0766  N  0  0  0  0  0
   -8.5062    3.4304  -10.8556  O  0  0  0  0  0
   -8.2583    3.9264  -12.1089  C  0  0  0  0  0
   -7.0078    4.4606  -12.1223  N  0  0  0  0  0
  1  5  1  0  0  0
  1  2  2  0  0  0
  2  3  1  0  0  0
  3  4  1  0  0  0
  4  5  1  0  0  0
M  END
$$$$
