N1SNCCC=1
  -ISIS-

  6  6  0  0  0  0  0  0  0  0  1
   -7.6854   -8.2571    5.0404  C  0  0  0  0  0
   -6.4314   -7.7229    4.3297  C  0  0  0  0  0
   -6.0688   -6.3449    4.8452  C  0  0  0  0  0
   -6.9291   -5.3875    4.9698  N  0  0  0  0  0
   -8.4472   -5.7079    4.5236  S  0  0  0  0  0
   -8.7594   -7.2455    5.1126  N  0  0  0  0  0
  1  6  1  0  0  0
  1  2  1  0  0  0
  2  3  1  0  0  0
  3  4  2  0  0  0
  4  5  1  0  0  0
  5  6  1  0  0  0
M  END
$$$$
N1SNCCC=1
  -ISIS-

  6  6  0  0  0  0  0  0  0  0  1
   -7.6854   -8.2571    5.0404  C  0  0  0  0  0
   -6.4314   -7.7229    4.3297  C  0  0  0  0  0
   -6.0688   -6.3449    4.8452  C  0  0  0  0  0
   -6.9291   -5.3875    4.9698  N  0  0  0  0  0
   -8.4472   -5.7079    4.5236  S  0  0  0  0  0
   -8.7594   -7.2455    5.1126  N  0  0  0  0  0
  1  6  1  0  0  0
  1  2  1  0  0  0
  2  3  1  0  0  0
  3  4  2  0  0  0
  4  5  1  0  0  0
  5  6  1  0  0  0
M  END
$$$$
N1SNCCC=1
  -ISIS-

  6  6  0  0  0  0  0  0  0  0  1
   -7.6854   -8.2571    5.0404  C  0  0  0  0  0
   -6.4314   -7.7229    4.3297  C  0  0  0  0  0
   -6.0688   -6.3449    4.8452  C  0  0  0  0  0
   -6.9291   -5.3875    4.9698  N  0  0  0  0  0
   -8.4472   -5.7079    4.5236  S  0  0  0  0  0
   -8.7594   -7.2455    5.1126  N  0  0  0  0  0
  1  6  1  0  0  0
  1  2  1  0  0  0
  2  3  1  0  0  0
  3  4  2  0  0  0
  4  5  1  0  0  0
  5  6  1  0  0  0
M  END
$$$$
N1SNCCC=1
  -ISIS-

  6  6  0  0  0  0  0  0  0  0  1
    6.5210   -0.3168    0.2421  S  0  0  0  0  0
    5.6440    0.8990    0.8383  N  0  0  0  0  0
    4.7088    1.3910    0.0869  C  0  0  0  0  0
    4.4066    0.8320   -1.2952  C  0  0  0  0  0
    4.3431   -0.7015   -1.2689  C  0  0  0  0  0
    5.4177   -1.3281   -0.4909  N  0  0  0  0  0
  1  6  1  0  0  0
  1  2  1  0  0  0
  2  3  2  0  0  0
  3  4  1  0  0  0
  4  5  1  0  0  0
  5  6  1  0  0  0
M  END
$$$$
N1SNCCC=1
  -ISIS-

  6  6  0  0  0  0  0  0  0  0  1
    6.5210   -0.3168    0.2421  S  0  0  0  0  0
    5.6440    0.8990    0.8383  N  0  0  0  0  0
    4.7088    1.3910    0.0869  C  0  0  0  0  0
    4.4066    0.8320   -1.2952  C  0  0  0  0  0
    4.3431   -0.7015   -1.2689  C  0  0  0  0  0
    5.4177   -1.3281   -0.4909  N  0  0  0  0  0
  1  6  1  0  0  0
  1  2  1  0  0  0
  2  3  2  0  0  0
  3  4  1  0  0  0
  4  5  1  0  0  0
  5  6  1  0  0  0
M  END
$$$$
N1SNCCC=1
  -ISIS-

  6  6  0  0  0  0  0  0  0  0  1
    6.5210   -0.3168    0.2421  S  0  0  0  0  0
    5.6440    0.8990    0.8383  N  0  0  0  0  0
    4.7088    1.3910    0.0869  C  0  0  0  0  0
    4.4066    0.8320   -1.2952  C  0  0  0  0  0
    4.3431   -0.7015   -1.2689  C  0  0  0  0  0
    5.4177   -1.3281   -0.4909  N  0  0  0  0  0
  1  6  1  0  0  0
  1  2  1  0  0  0
  2  3  2  0  0  0
  3  4  1  0  0  0
  4  5  1  0  0  0
  5  6  1  0  0  0
M  END
$$$$
N1SNCCC=1
  -ISIS-

  6  6  0  0  0  0  0  0  0  0  1
    2.5365   -2.0996   -1.0179  S  0  0  0  0  0
    1.5400   -0.8471   -1.5184  N  0  0  0  0  0
    0.1768   -1.1975   -1.9743  C  0  0  0  0  0
   -0.0255   -2.7166   -2.1195  C  0  0  0  0  0
    1.2136   -3.4148   -2.6489  C  0  0  0  0  0
    2.4018   -3.2074   -2.1817  N  0  0  0  0  0
  1  6  1  0  0  0
  1  2  1  0  0  0
  2  3  1  0  0  0
  3  4  1  0  0  0
  4  5  1  0  0  0
  5  6  2  0  0  0
M  END
$$$$
N1SNCCC=1
  -ISIS-

  6  6  0  0  0  0  0  0  0  0  1
    2.5365   -2.0996   -1.0179  S  0  0  0  0  0
    1.5400   -0.8471   -1.5184  N  0  0  0  0  0
    0.1768   -1.1975   -1.9743  C  0  0  0  0  0
   -0.0255   -2.7166   -2.1195  C  0  0  0  0  0
    1.2136   -3.4148   -2.6489  C  0  0  0  0  0
    2.4018   -3.2074   -2.1817  N  0  0  0  0  0
  1  6  1  0  0  0
  1  2  1  0  0  0
  2  3  1  0  0  0
  3  4  1  0  0  0
  4  5  1  0  0  0
  5  6  2  0  0  0
M  END
$$$$
N1SNCCC=1
  -ISIS-

  6  6  0  0  0  0  0  0  0  0  1
    2.5365   -2.0996   -1.0179  S  0  0  0  0  0
    1.5400   -0.8471   -1.5184  N  0  0  0  0  0
    0.1768   -1.1975   -1.9743  C  0  0  0  0  0
   -0.0255   -2.7166   -2.1195  C  0  0  0  0  0
    1.2136   -3.4148   -2.6489  C  0  0  0  0  0
    2.4018   -3.2074   -2.1817  N  0  0  0  0  0
  1  6  1  0  0  0
  1  2  1  0  0  0
  2  3  1  0  0  0
  3  4  1  0  0  0
  4  5  1  0  0  0
  5  6  2  0  0  0
M  END
$$$$
