O1C2CCC1CCCCCC=CCCC2
  -ISIS-

 15 16  0  0  0  0  0  0  0  0  1
   -2.2447   -3.4161    2.1928  C  0  0  0  0  0
   -3.3947   -2.4207    1.9053  C  0  0  0  0  0
   -2.8908   -1.0360    1.4886  C  0  0  0  0  0
   -4.0626   -0.1265    1.0904  C  0  0  0  0  0
   -3.7444    0.7364   -0.1125  C  0  0  0  0  0
   -3.8240    0.2991   -1.3870  C  0  0  0  0  0
   -4.1960   -1.0916   -1.8437  C  0  0  0  0  0
   -2.9766   -1.8119   -2.4244  C  0  0  0  0  0
   -3.1828   -3.3033   -2.7858  C  0  0  0  0  0
   -3.5153   -4.1880   -1.5551  C  0  0  0  0  0
   -2.5297   -3.9704   -0.5304  O  0  0  0  0  0
   -2.4291   -5.1752    0.2804  C  0  0  0  0  0
   -2.6255   -4.8701    1.8001  C  0  0  0  0  0
   -3.3668   -6.2240   -0.3625  C  0  0  0  0  0
   -3.4732   -5.6896   -1.7902  C  0  0  0  0  0
  1 13  1  0  0  0
  1  2  1  0  0  0
  2  3  1  0  0  0
  3  4  1  0  0  0
  4  5  1  0  0  0
  5  6  2  0  0  0
  6  7  1  0  0  0
  7  8  1  0  0  0
  8  9  1  0  0  0
  9 10  1  0  0  0
 10 15  1  0  0  0
 10 11  1  0  0  0
 11 12  1  0  0  0
 12 13  1  0  0  0
 12 14  1  0  0  0
 14 15  1  0  0  0
M  END
$$$$
O1C2CCC1CCCCCC=CCCC2
  -ISIS-

 15 16  0  0  0  0  0  0  0  0  1
   -2.2447   -3.4161    2.1928  C  0  0  0  0  0
   -3.3947   -2.4207    1.9053  C  0  0  0  0  0
   -2.8908   -1.0360    1.4886  C  0  0  0  0  0
   -4.0626   -0.1265    1.0904  C  0  0  0  0  0
   -3.7444    0.7364   -0.1125  C  0  0  0  0  0
   -3.8240    0.2991   -1.3870  C  0  0  0  0  0
   -4.1960   -1.0916   -1.8437  C  0  0  0  0  0
   -2.9766   -1.8119   -2.4244  C  0  0  0  0  0
   -3.1828   -3.3033   -2.7858  C  0  0  0  0  0
   -3.5153   -4.1880   -1.5551  C  0  0  0  0  0
   -2.5297   -3.9704   -0.5304  O  0  0  0  0  0
   -2.4291   -5.1752    0.2804  C  0  0  0  0  0
   -2.6255   -4.8701    1.8001  C  0  0  0  0  0
   -3.3668   -6.2240   -0.3625  C  0  0  0  0  0
   -3.4732   -5.6896   -1.7902  C  0  0  0  0  0
  1 13  1  0  0  0
  1  2  1  0  0  0
  2  3  1  0  0  0
  3  4  1  0  0  0
  4  5  1  0  0  0
  5  6  2  0  0  0
  6  7  1  0  0  0
  7  8  1  0  0  0
  8  9  1  0  0  0
  9 10  1  0  0  0
 10 15  1  0  0  0
 10 11  1  0  0  0
 11 12  1  0  0  0
 12 13  1  0  0  0
 12 14  1  0  0  0
 14 15  1  0  0  0
M  END
$$$$
O1C2CCC1CCCCCC=CCCC2
  -ISIS-

 15 16  0  0  0  0  0  0  0  0  1
   -2.2447   -3.4161    2.1928  C  0  0  0  0  0
   -3.3947   -2.4207    1.9053  C  0  0  0  0  0
   -2.8908   -1.0360    1.4886  C  0  0  0  0  0
   -4.0626   -0.1265    1.0904  C  0  0  0  0  0
   -3.7444    0.7364   -0.1125  C  0  0  0  0  0
   -3.8240    0.2991   -1.3870  C  0  0  0  0  0
   -4.1960   -1.0916   -1.8437  C  0  0  0  0  0
   -2.9766   -1.8119   -2.4244  C  0  0  0  0  0
   -3.1828   -3.3033   -2.7858  C  0  0  0  0  0
   -3.5153   -4.1880   -1.5551  C  0  0  0  0  0
   -2.5297   -3.9704   -0.5304  O  0  0  0  0  0
   -2.4291   -5.1752    0.2804  C  0  0  0  0  0
   -2.6255   -4.8701    1.8001  C  0  0  0  0  0
   -3.3668   -6.2240   -0.3625  C  0  0  0  0  0
   -3.4732   -5.6896   -1.7902  C  0  0  0  0  0
  1 13  1  0  0  0
  1  2  1  0  0  0
  2  3  1  0  0  0
  3  4  1  0  0  0
  4  5  1  0  0  0
  5  6  2  0  0  0
  6  7  1  0  0  0
  7  8  1  0  0  0
  8  9  1  0  0  0
  9 10  1  0  0  0
 10 15  1  0  0  0
 10 11  1  0  0  0
 11 12  1  0  0  0
 12 13  1  0  0  0
 12 14  1  0  0  0
 14 15  1  0  0  0
M  END
$$$$
O1C2CCC1CCCCCC=CCCC2
  -ISIS-

 15 16  0  0  0  0  0  0  0  0  1
   -2.2447   -3.4161    2.1928  C  0  0  0  0  0
   -3.3947   -2.4207    1.9053  C  0  0  0  0  0
   -2.8908   -1.0360    1.4886  C  0  0  0  0  0
   -4.0626   -0.1265    1.0904  C  0  0  0  0  0
   -3.7444    0.7364   -0.1125  C  0  0  0  0  0
   -3.8240    0.2991   -1.3870  C  0  0  0  0  0
   -4.1960   -1.0916   -1.8437  C  0  0  0  0  0
   -2.9766   -1.8119   -2.4244  C  0  0  0  0  0
   -3.1828   -3.3033   -2.7858  C  0  0  0  0  0
   -3.5153   -4.1880   -1.5551  C  0  0  0  0  0
   -2.5297   -3.9704   -0.5304  O  0  0  0  0  0
   -2.4291   -5.1752    0.2804  C  0  0  0  0  0
   -2.6255   -4.8701    1.8001  C  0  0  0  0  0
   -3.3668   -6.2240   -0.3625  C  0  0  0  0  0
   -3.4732   -5.6896   -1.7902  C  0  0  0  0  0
  1 13  1  0  0  0
  1  2  1  0  0  0
  2  3  1  0  0  0
  3  4  1  0  0  0
  4  5  1  0  0  0
  5  6  2  0  0  0
  6  7  1  0  0  0
  7  8  1  0  0  0
  8  9  1  0  0  0
  9 10  1  0  0  0
 10 15  1  0  0  0
 10 11  1  0  0  0
 11 12  1  0  0  0
 12 13  1  0  0  0
 12 14  1  0  0  0
 14 15  1  0  0  0
M  END
$$$$
O1C2CCC1CCCCCC=CCCC2
  -ISIS-

 15 16  0  0  0  0  0  0  0  0  1
   -2.2447   -3.4161    2.1928  C  0  0  0  0  0
   -3.3947   -2.4207    1.9053  C  0  0  0  0  0
   -2.8908   -1.0360    1.4886  C  0  0  0  0  0
   -4.0626   -0.1265    1.0904  C  0  0  0  0  0
   -3.7444    0.7364   -0.1125  C  0  0  0  0  0
   -3.8240    0.2991   -1.3870  C  0  0  0  0  0
   -4.1960   -1.0916   -1.8437  C  0  0  0  0  0
   -2.9766   -1.8119   -2.4244  C  0  0  0  0  0
   -3.1828   -3.3033   -2.7858  C  0  0  0  0  0
   -3.5153   -4.1880   -1.5551  C  0  0  0  0  0
   -2.5297   -3.9704   -0.5304  O  0  0  0  0  0
   -2.4291   -5.1752    0.2804  C  0  0  0  0  0
   -2.6255   -4.8701    1.8001  C  0  0  0  0  0
   -3.3668   -6.2240   -0.3625  C  0  0  0  0  0
   -3.4732   -5.6896   -1.7902  C  0  0  0  0  0
  1 13  1  0  0  0
  1  2  1  0  0  0
  2  3  1  0  0  0
  3  4  1  0  0  0
  4  5  1  0  0  0
  5  6  2  0  0  0
  6  7  1  0  0  0
  7  8  1  0  0  0
  8  9  1  0  0  0
  9 10  1  0  0  0
 10 15  1  0  0  0
 10 11  1  0  0  0
 11 12  1  0  0  0
 12 13  1  0  0  0
 12 14  1  0  0  0
 14 15  1  0  0  0
M  END
$$$$
