O1C2C(OC1)CCC=CCCC=CCC3OCCC3C2
  -ISIS-

 20 22  0  0  0  0  0  0  0  0  1
   -3.4132   -1.4194    5.2633  C  0  0  0  0  0
   -3.0852   -1.7494    3.9976  C  0  0  0  0  0
   -2.1145   -1.0278    3.0988  C  0  0  0  0  0
   -0.7141   -1.6492    3.1219  C  0  0  0  0  0
    0.2392   -1.1205    2.0307  C  0  0  0  0  0
    0.4542    0.4015    2.0174  C  0  0  0  0  0
    1.5106    1.0024    2.9547  C  0  0  0  0  0
    0.8857    1.7805    4.1309  C  0  0  0  0  0
    0.3621    3.1627    3.7154  C  0  0  0  0  0
   -0.7723    3.7285    4.6004  C  0  0  0  0  0
   -2.0224    2.8703    4.6008  C  0  0  0  0  0
   -2.3081    2.1128    5.6789  C  0  0  0  0  0
   -3.3869    1.0713    5.8255  C  0  0  0  0  0
   -2.7399   -0.3083    6.0365  C  0  0  0  0  0
    1.4961    4.0473    3.8284  O  0  0  0  0  0
    2.3674    3.5724    4.7613  C  0  0  0  0  0
    1.9410    2.1953    5.0985  C  0  0  0  0  0
    0.8500    0.6379    0.6541  O  0  0  0  0  0
    0.0727   -0.2913   -0.1135  C  0  0  0  0  0
   -0.3592   -1.3628    0.7384  O  0  0  0  0  0
  1 14  1  0  0  0
  1  2  2  0  0  0
  2  3  1  0  0  0
  3  4  1  0  0  0
  4  5  1  0  0  0
  5 20  1  0  0  0
  5  6  1  0  0  0
  6  7  1  0  0  0
  6 18  1  0  0  0
  7  8  1  0  0  0
  8 17  1  0  0  0
  8  9  1  0  0  0
  9 10  1  0  0  0
  9 15  1  0  0  0
 10 11  1  0  0  0
 11 12  2  0  0  0
 12 13  1  0  0  0
 13 14  1  0  0  0
 15 16  1  0  0  0
 16 17  1  0  0  0
 18 19  1  0  0  0
 19 20  1  0  0  0
M  END
$$$$
O1C2C(OC1)CCC=CCCC=CCC3OCCC3C2
  -ISIS-

 20 22  0  0  0  0  0  0  0  0  1
   -3.4132   -1.4194    5.2633  C  0  0  0  0  0
   -3.0852   -1.7494    3.9976  C  0  0  0  0  0
   -2.1145   -1.0278    3.0988  C  0  0  0  0  0
   -0.7141   -1.6492    3.1219  C  0  0  0  0  0
    0.2392   -1.1205    2.0307  C  0  0  0  0  0
    0.4542    0.4015    2.0174  C  0  0  0  0  0
    1.5106    1.0024    2.9547  C  0  0  0  0  0
    0.8857    1.7805    4.1309  C  0  0  0  0  0
    0.3621    3.1627    3.7154  C  0  0  0  0  0
   -0.7723    3.7285    4.6004  C  0  0  0  0  0
   -2.0224    2.8703    4.6008  C  0  0  0  0  0
   -2.3081    2.1128    5.6789  C  0  0  0  0  0
   -3.3869    1.0713    5.8255  C  0  0  0  0  0
   -2.7399   -0.3083    6.0365  C  0  0  0  0  0
    1.4961    4.0473    3.8284  O  0  0  0  0  0
    2.3674    3.5724    4.7613  C  0  0  0  0  0
    1.9410    2.1953    5.0985  C  0  0  0  0  0
    0.8500    0.6379    0.6541  O  0  0  0  0  0
    0.0727   -0.2913   -0.1135  C  0  0  0  0  0
   -0.3592   -1.3628    0.7384  O  0  0  0  0  0
  1 14  1  0  0  0
  1  2  2  0  0  0
  2  3  1  0  0  0
  3  4  1  0  0  0
  4  5  1  0  0  0
  5 20  1  0  0  0
  5  6  1  0  0  0
  6  7  1  0  0  0
  6 18  1  0  0  0
  7  8  1  0  0  0
  8 17  1  0  0  0
  8  9  1  0  0  0
  9 10  1  0  0  0
  9 15  1  0  0  0
 10 11  1  0  0  0
 11 12  2  0  0  0
 12 13  1  0  0  0
 13 14  1  0  0  0
 15 16  1  0  0  0
 16 17  1  0  0  0
 18 19  1  0  0  0
 19 20  1  0  0  0
M  END
$$$$
O1C2C(OC1)CCC=CCCC=CCC3OCCC3C2
  -ISIS-

 20 22  0  0  0  0  0  0  0  0  1
   -3.4132   -1.4194    5.2633  C  0  0  0  0  0
   -3.0852   -1.7494    3.9976  C  0  0  0  0  0
   -2.1145   -1.0278    3.0988  C  0  0  0  0  0
   -0.7141   -1.6492    3.1219  C  0  0  0  0  0
    0.2392   -1.1205    2.0307  C  0  0  0  0  0
    0.4542    0.4015    2.0174  C  0  0  0  0  0
    1.5106    1.0024    2.9547  C  0  0  0  0  0
    0.8857    1.7805    4.1309  C  0  0  0  0  0
    0.3621    3.1627    3.7154  C  0  0  0  0  0
   -0.7723    3.7285    4.6004  C  0  0  0  0  0
   -2.0224    2.8703    4.6008  C  0  0  0  0  0
   -2.3081    2.1128    5.6789  C  0  0  0  0  0
   -3.3869    1.0713    5.8255  C  0  0  0  0  0
   -2.7399   -0.3083    6.0365  C  0  0  0  0  0
    1.4961    4.0473    3.8284  O  0  0  0  0  0
    2.3674    3.5724    4.7613  C  0  0  0  0  0
    1.9410    2.1953    5.0985  C  0  0  0  0  0
    0.8500    0.6379    0.6541  O  0  0  0  0  0
    0.0727   -0.2913   -0.1135  C  0  0  0  0  0
   -0.3592   -1.3628    0.7384  O  0  0  0  0  0
  1 14  1  0  0  0
  1  2  2  0  0  0
  2  3  1  0  0  0
  3  4  1  0  0  0
  4  5  1  0  0  0
  5 20  1  0  0  0
  5  6  1  0  0  0
  6  7  1  0  0  0
  6 18  1  0  0  0
  7  8  1  0  0  0
  8 17  1  0  0  0
  8  9  1  0  0  0
  9 10  1  0  0  0
  9 15  1  0  0  0
 10 11  1  0  0  0
 11 12  2  0  0  0
 12 13  1  0  0  0
 13 14  1  0  0  0
 15 16  1  0  0  0
 16 17  1  0  0  0
 18 19  1  0  0  0
 19 20  1  0  0  0
M  END
$$$$
O1C2C(OC1)CCC=CCCC=CCC3OCCC3C2
  -ISIS-

 20 22  0  0  0  0  0  0  0  0  1
   -3.4132   -1.4194    5.2633  C  0  0  0  0  0
   -3.0852   -1.7494    3.9976  C  0  0  0  0  0
   -2.1145   -1.0278    3.0988  C  0  0  0  0  0
   -0.7141   -1.6492    3.1219  C  0  0  0  0  0
    0.2392   -1.1205    2.0307  C  0  0  0  0  0
    0.4542    0.4015    2.0174  C  0  0  0  0  0
    1.5106    1.0024    2.9547  C  0  0  0  0  0
    0.8857    1.7805    4.1309  C  0  0  0  0  0
    0.3621    3.1627    3.7154  C  0  0  0  0  0
   -0.7723    3.7285    4.6004  C  0  0  0  0  0
   -2.0224    2.8703    4.6008  C  0  0  0  0  0
   -2.3081    2.1128    5.6789  C  0  0  0  0  0
   -3.3869    1.0713    5.8255  C  0  0  0  0  0
   -2.7399   -0.3083    6.0365  C  0  0  0  0  0
    1.4961    4.0473    3.8284  O  0  0  0  0  0
    2.3674    3.5724    4.7613  C  0  0  0  0  0
    1.9410    2.1953    5.0985  C  0  0  0  0  0
    0.8500    0.6379    0.6541  O  0  0  0  0  0
    0.0727   -0.2913   -0.1135  C  0  0  0  0  0
   -0.3592   -1.3628    0.7384  O  0  0  0  0  0
  1 14  1  0  0  0
  1  2  2  0  0  0
  2  3  1  0  0  0
  3  4  1  0  0  0
  4  5  1  0  0  0
  5 20  1  0  0  0
  5  6  1  0  0  0
  6  7  1  0  0  0
  6 18  1  0  0  0
  7  8  1  0  0  0
  8 17  1  0  0  0
  8  9  1  0  0  0
  9 10  1  0  0  0
  9 15  1  0  0  0
 10 11  1  0  0  0
 11 12  2  0  0  0
 12 13  1  0  0  0
 13 14  1  0  0  0
 15 16  1  0  0  0
 16 17  1  0  0  0
 18 19  1  0  0  0
 19 20  1  0  0  0
M  END
$$$$
O1C2C(OC1)CCC=CCCC=CCC3OCCC3C2
  -ISIS-

 20 22  0  0  0  0  0  0  0  0  1
   -3.4132   -1.4194    5.2633  C  0  0  0  0  0
   -3.0852   -1.7494    3.9976  C  0  0  0  0  0
   -2.1145   -1.0278    3.0988  C  0  0  0  0  0
   -0.7141   -1.6492    3.1219  C  0  0  0  0  0
    0.2392   -1.1205    2.0307  C  0  0  0  0  0
    0.4542    0.4015    2.0174  C  0  0  0  0  0
    1.5106    1.0024    2.9547  C  0  0  0  0  0
    0.8857    1.7805    4.1309  C  0  0  0  0  0
    0.3621    3.1627    3.7154  C  0  0  0  0  0
   -0.7723    3.7285    4.6004  C  0  0  0  0  0
   -2.0224    2.8703    4.6008  C  0  0  0  0  0
   -2.3081    2.1128    5.6789  C  0  0  0  0  0
   -3.3869    1.0713    5.8255  C  0  0  0  0  0
   -2.7399   -0.3083    6.0365  C  0  0  0  0  0
    1.4961    4.0473    3.8284  O  0  0  0  0  0
    2.3674    3.5724    4.7613  C  0  0  0  0  0
    1.9410    2.1953    5.0985  C  0  0  0  0  0
    0.8500    0.6379    0.6541  O  0  0  0  0  0
    0.0727   -0.2913   -0.1135  C  0  0  0  0  0
   -0.3592   -1.3628    0.7384  O  0  0  0  0  0
  1 14  1  0  0  0
  1  2  2  0  0  0
  2  3  1  0  0  0
  3  4  1  0  0  0
  4  5  1  0  0  0
  5 20  1  0  0  0
  5  6  1  0  0  0
  6  7  1  0  0  0
  6 18  1  0  0  0
  7  8  1  0  0  0
  8 17  1  0  0  0
  8  9  1  0  0  0
  9 10  1  0  0  0
  9 15  1  0  0  0
 10 11  1  0  0  0
 11 12  2  0  0  0
 12 13  1  0  0  0
 13 14  1  0  0  0
 15 16  1  0  0  0
 16 17  1  0  0  0
 18 19  1  0  0  0
 19 20  1  0  0  0
M  END
$$$$
O1C2C(OC1)CCC=CCCC=CCC3OCCC3C2
  -ISIS-

 20 22  0  0  0  0  0  0  0  0  1
   -3.4132   -1.4194    5.2633  C  0  0  0  0  0
   -3.0852   -1.7494    3.9976  C  0  0  0  0  0
   -2.1145   -1.0278    3.0988  C  0  0  0  0  0
   -0.7141   -1.6492    3.1219  C  0  0  0  0  0
    0.2392   -1.1205    2.0307  C  0  0  0  0  0
    0.4542    0.4015    2.0174  C  0  0  0  0  0
    1.5106    1.0024    2.9547  C  0  0  0  0  0
    0.8857    1.7805    4.1309  C  0  0  0  0  0
    0.3621    3.1627    3.7154  C  0  0  0  0  0
   -0.7723    3.7285    4.6004  C  0  0  0  0  0
   -2.0224    2.8703    4.6008  C  0  0  0  0  0
   -2.3081    2.1128    5.6789  C  0  0  0  0  0
   -3.3869    1.0713    5.8255  C  0  0  0  0  0
   -2.7399   -0.3083    6.0365  C  0  0  0  0  0
    1.4961    4.0473    3.8284  O  0  0  0  0  0
    2.3674    3.5724    4.7613  C  0  0  0  0  0
    1.9410    2.1953    5.0985  C  0  0  0  0  0
    0.8500    0.6379    0.6541  O  0  0  0  0  0
    0.0727   -0.2913   -0.1135  C  0  0  0  0  0
   -0.3592   -1.3628    0.7384  O  0  0  0  0  0
  1 14  1  0  0  0
  1  2  2  0  0  0
  2  3  1  0  0  0
  3  4  1  0  0  0
  4  5  1  0  0  0
  5 20  1  0  0  0
  5  6  1  0  0  0
  6  7  1  0  0  0
  6 18  1  0  0  0
  7  8  1  0  0  0
  8 17  1  0  0  0
  8  9  1  0  0  0
  9 10  1  0  0  0
  9 15  1  0  0  0
 10 11  1  0  0  0
 11 12  2  0  0  0
 12 13  1  0  0  0
 13 14  1  0  0  0
 15 16  1  0  0  0
 16 17  1  0  0  0
 18 19  1  0  0  0
 19 20  1  0  0  0
M  END
$$$$
