O1C2C(NC1)COC2
  -ISIS-

  8  9  0  0  0  0  0  0  0  0  1
   -5.9363    3.8104   -0.0715  C  0  0  0  0  0
   -5.9614    4.2641    1.3113  O  0  0  0  0  0
   -5.9626    3.0794    2.1831  C  0  0  0  0  0
   -5.5772    1.9625    1.2452  C  0  0  0  0  0
   -6.3798    2.3622    0.0367  C  0  0  0  0  0
   -6.0931    1.2454   -0.8094  N  0  0  0  0  0
   -5.9145    0.0883    0.0514  C  0  0  0  0  0
   -5.9500    0.6047    1.4175  O  0  0  0  0  0
  1  5  1  0  0  0
  1  2  1  0  0  0
  2  3  1  0  0  0
  3  4  1  0  0  0
  4  8  1  0  0  0
  4  5  1  0  0  0
  5  6  1  0  0  0
  6  7  1  0  0  0
  7  8  1  0  0  0
M  END
$$$$
O1C2C(NC1)COC2
  -ISIS-

  8  9  0  0  0  0  0  0  0  0  1
   -5.9363    3.8104   -0.0715  C  0  0  0  0  0
   -5.9614    4.2641    1.3113  O  0  0  0  0  0
   -5.9626    3.0794    2.1831  C  0  0  0  0  0
   -5.5772    1.9625    1.2452  C  0  0  0  0  0
   -6.3798    2.3622    0.0367  C  0  0  0  0  0
   -6.0931    1.2454   -0.8094  N  0  0  0  0  0
   -5.9145    0.0883    0.0514  C  0  0  0  0  0
   -5.9500    0.6047    1.4175  O  0  0  0  0  0
  1  5  1  0  0  0
  1  2  1  0  0  0
  2  3  1  0  0  0
  3  4  1  0  0  0
  4  8  1  0  0  0
  4  5  1  0  0  0
  5  6  1  0  0  0
  6  7  1  0  0  0
  7  8  1  0  0  0
M  END
$$$$
O1C2C(NC1)COC2
  -ISIS-

  8  9  0  0  0  0  0  0  0  0  1
   -5.9363    3.8104   -0.0715  C  0  0  0  0  0
   -5.9614    4.2641    1.3113  O  0  0  0  0  0
   -5.9626    3.0794    2.1831  C  0  0  0  0  0
   -5.5772    1.9625    1.2452  C  0  0  0  0  0
   -6.3798    2.3622    0.0367  C  0  0  0  0  0
   -6.0931    1.2454   -0.8094  N  0  0  0  0  0
   -5.9145    0.0883    0.0514  C  0  0  0  0  0
   -5.9500    0.6047    1.4175  O  0  0  0  0  0
  1  5  1  0  0  0
  1  2  1  0  0  0
  2  3  1  0  0  0
  3  4  1  0  0  0
  4  8  1  0  0  0
  4  5  1  0  0  0
  5  6  1  0  0  0
  6  7  1  0  0  0
  7  8  1  0  0  0
M  END
$$$$
