O1C2C(OC1)CNC2
  -ISIS-

  8  9  0  0  0  0  0  0  0  0  1
   -3.2822    2.7973   -5.5377  N  0  0  0  0  0
   -2.4558    3.7603   -4.8044  C  0  0  0  0  0
   -3.2883    4.1821   -3.6126  C  0  0  0  0  0
   -3.2722    3.2528   -2.5330  O  0  0  0  0  0
   -4.6333    3.1685   -2.0856  C  0  0  0  0  0
   -5.4932    3.8476   -3.0112  O  0  0  0  0  0
   -4.6953    4.1389   -4.1404  C  0  0  0  0  0
   -4.6222    3.0561   -5.2218  C  0  0  0  0  0
  1  8  1  0  0  0
  1  2  1  0  0  0
  2  3  1  0  0  0
  3  7  1  0  0  0
  3  4  1  0  0  0
  4  5  1  0  0  0
  5  6  1  0  0  0
  6  7  1  0  0  0
  7  8  1  0  0  0
M  END
$$$$
