O1C2C3C(C1CC2)COC3
  -ISIS-

 10 12  0  0  0  0  0  0  0  0  1
   -2.1746    1.2302    5.3419  C  0  0  0  0  0
   -0.9487    1.8886    4.7251  C  0  0  0  0  0
   -0.7896    3.4101    4.7697  C  0  0  0  0  0
   -1.8155    3.8921    3.7138  C  0  0  0  0  0
   -2.6298    2.6063    3.4848  C  0  0  0  0  0
   -3.2974    2.1511    4.7977  C  0  0  0  0  0
   -4.3945    1.1892    5.1361  C  0  0  0  0  0
   -4.0864    0.7212    6.4316  O  0  0  0  0  0
   -2.6781    1.0418    6.7362  C  0  0  0  0  0
   -1.4364    1.7682    3.3384  O  0  0  0  0  0
  1  6  1  0  0  0
  1  9  1  0  0  0
  1  2  1  0  0  0
  2 10  1  0  0  0
  2  3  1  0  0  0
  3  4  1  0  0  0
  4  5  1  0  0  0
  5  6  1  0  0  0
  5 10  1  0  0  0
  6  7  1  0  0  0
  7  8  1  0  0  0
  8  9  1  0  0  0
M  END
$$$$
O1C2C3C(C1CC2)COC3
  -ISIS-

 10 12  0  0  0  0  0  0  0  0  1
   -2.1746    1.2302    5.3419  C  0  0  0  0  0
   -0.9487    1.8886    4.7251  C  0  0  0  0  0
   -0.7896    3.4101    4.7697  C  0  0  0  0  0
   -1.8155    3.8921    3.7138  C  0  0  0  0  0
   -2.6298    2.6063    3.4848  C  0  0  0  0  0
   -3.2974    2.1511    4.7977  C  0  0  0  0  0
   -4.3945    1.1892    5.1361  C  0  0  0  0  0
   -4.0864    0.7212    6.4316  O  0  0  0  0  0
   -2.6781    1.0418    6.7362  C  0  0  0  0  0
   -1.4364    1.7682    3.3384  O  0  0  0  0  0
  1  6  1  0  0  0
  1  9  1  0  0  0
  1  2  1  0  0  0
  2 10  1  0  0  0
  2  3  1  0  0  0
  3  4  1  0  0  0
  4  5  1  0  0  0
  5  6  1  0  0  0
  5 10  1  0  0  0
  6  7  1  0  0  0
  7  8  1  0  0  0
  8  9  1  0  0  0
M  END
$$$$
O1C2C3C(C1CC2)COC3
  -ISIS-

 10 12  0  0  0  0  0  0  0  0  1
   -2.1746    1.2302    5.3419  C  0  0  0  0  0
   -0.9487    1.8886    4.7251  C  0  0  0  0  0
   -0.7896    3.4101    4.7697  C  0  0  0  0  0
   -1.8155    3.8921    3.7138  C  0  0  0  0  0
   -2.6298    2.6063    3.4848  C  0  0  0  0  0
   -3.2974    2.1511    4.7977  C  0  0  0  0  0
   -4.3945    1.1892    5.1361  C  0  0  0  0  0
   -4.0864    0.7212    6.4316  O  0  0  0  0  0
   -2.6781    1.0418    6.7362  C  0  0  0  0  0
   -1.4364    1.7682    3.3384  O  0  0  0  0  0
  1  6  1  0  0  0
  1  9  1  0  0  0
  1  2  1  0  0  0
  2 10  1  0  0  0
  2  3  1  0  0  0
  3  4  1  0  0  0
  4  5  1  0  0  0
  5  6  1  0  0  0
  5 10  1  0  0  0
  6  7  1  0  0  0
  7  8  1  0  0  0
  8  9  1  0  0  0
M  END
$$$$
O1C2C3C(C1CC2)COC3
  -ISIS-

 10 12  0  0  0  0  0  0  0  0  1
   -0.1591   -5.9683    2.6998  C  0  0  0  0  0
   -1.2909   -5.5479    3.4242  O  0  0  0  0  0
   -1.6611   -4.1829    2.9836  C  0  0  0  0  0
   -0.9979   -4.1778    1.6280  C  0  0  0  0  0
    0.3841   -4.7249    2.0963  C  0  0  0  0  0
    1.2526   -4.2932    0.9355  C  0  0  0  0  0
    0.8950   -2.8590    1.0607  O  0  0  0  0  0
   -0.5286   -2.9918    0.7503  C  0  0  0  0  0
   -0.2766   -3.4271   -0.7028  C  0  0  0  0  0
    0.8105   -4.5078   -0.5113  C  0  0  0  0  0
  1  5  1  0  0  0
  1  2  1  0  0  0
  2  3  1  0  0  0
  3  4  1  0  0  0
  4  8  1  0  0  0
  4  5  1  0  0  0
  5  6  1  0  0  0
  6 10  1  0  0  0
  6  7  1  0  0  0
  7  8  1  0  0  0
  8  9  1  0  0  0
  9 10  1  0  0  0
M  END
$$$$
O1C2C3C(C1CC2)COC3
  -ISIS-

 10 12  0  0  0  0  0  0  0  0  1
   -0.1591   -5.9683    2.6998  C  0  0  0  0  0
   -1.2909   -5.5479    3.4242  O  0  0  0  0  0
   -1.6611   -4.1829    2.9836  C  0  0  0  0  0
   -0.9979   -4.1778    1.6280  C  0  0  0  0  0
    0.3841   -4.7249    2.0963  C  0  0  0  0  0
    1.2526   -4.2932    0.9355  C  0  0  0  0  0
    0.8950   -2.8590    1.0607  O  0  0  0  0  0
   -0.5286   -2.9918    0.7503  C  0  0  0  0  0
   -0.2766   -3.4271   -0.7028  C  0  0  0  0  0
    0.8105   -4.5078   -0.5113  C  0  0  0  0  0
  1  5  1  0  0  0
  1  2  1  0  0  0
  2  3  1  0  0  0
  3  4  1  0  0  0
  4  8  1  0  0  0
  4  5  1  0  0  0
  5  6  1  0  0  0
  6 10  1  0  0  0
  6  7  1  0  0  0
  7  8  1  0  0  0
  8  9  1  0  0  0
  9 10  1  0  0  0
M  END
$$$$
O1C2C3C(C1CC2)COC3
  -ISIS-

 10 12  0  0  0  0  0  0  0  0  1
   -0.1591   -5.9683    2.6998  C  0  0  0  0  0
   -1.2909   -5.5479    3.4242  O  0  0  0  0  0
   -1.6611   -4.1829    2.9836  C  0  0  0  0  0
   -0.9979   -4.1778    1.6280  C  0  0  0  0  0
    0.3841   -4.7249    2.0963  C  0  0  0  0  0
    1.2526   -4.2932    0.9355  C  0  0  0  0  0
    0.8950   -2.8590    1.0607  O  0  0  0  0  0
   -0.5286   -2.9918    0.7503  C  0  0  0  0  0
   -0.2766   -3.4271   -0.7028  C  0  0  0  0  0
    0.8105   -4.5078   -0.5113  C  0  0  0  0  0
  1  5  1  0  0  0
  1  2  1  0  0  0
  2  3  1  0  0  0
  3  4  1  0  0  0
  4  8  1  0  0  0
  4  5  1  0  0  0
  5  6  1  0  0  0
  6 10  1  0  0  0
  6  7  1  0  0  0
  7  8  1  0  0  0
  8  9  1  0  0  0
  9 10  1  0  0  0
M  END
$$$$
O1C2C3C(C1CC2)COC3
  -ISIS-

 10 12  0  0  0  0  0  0  0  0  1
   -0.4692    0.3793   -8.7063  O  0  0  0  0  0
   -1.6694   -0.2273   -8.0820  C  0  0  0  0  0
   -2.2190    1.1178   -7.6635  C  0  0  0  0  0
   -1.1019    1.7383   -6.8338  C  0  0  0  0  0
    0.0827    1.0101   -7.4942  C  0  0  0  0  0
    0.3580   -0.3108   -6.7678  C  0  0  0  0  0
   -0.9676   -1.0728   -7.0045  C  0  0  0  0  0
   -1.6025    3.1400   -7.0540  C  0  0  0  0  0
   -3.0045    3.0783   -6.9558  O  0  0  0  0  0
   -3.4371    1.6761   -7.0330  C  0  0  0  0  0
  1  5  1  0  0  0
  1  2  1  0  0  0
  2  7  1  0  0  0
  2  3  1  0  0  0
  3 10  1  0  0  0
  3  4  1  0  0  0
  4  5  1  0  0  0
  4  8  1  0  0  0
  5  6  1  0  0  0
  6  7  1  0  0  0
  8  9  1  0  0  0
  9 10  1  0  0  0
M  END
$$$$
O1C2C3C(C1CC2)COC3
  -ISIS-

 10 12  0  0  0  0  0  0  0  0  1
   -0.4692    0.3793   -8.7063  O  0  0  0  0  0
   -1.6694   -0.2273   -8.0820  C  0  0  0  0  0
   -2.2190    1.1178   -7.6635  C  0  0  0  0  0
   -1.1019    1.7383   -6.8338  C  0  0  0  0  0
    0.0827    1.0101   -7.4942  C  0  0  0  0  0
    0.3580   -0.3108   -6.7678  C  0  0  0  0  0
   -0.9676   -1.0728   -7.0045  C  0  0  0  0  0
   -1.6025    3.1400   -7.0540  C  0  0  0  0  0
   -3.0045    3.0783   -6.9558  O  0  0  0  0  0
   -3.4371    1.6761   -7.0330  C  0  0  0  0  0
  1  5  1  0  0  0
  1  2  1  0  0  0
  2  7  1  0  0  0
  2  3  1  0  0  0
  3 10  1  0  0  0
  3  4  1  0  0  0
  4  5  1  0  0  0
  4  8  1  0  0  0
  5  6  1  0  0  0
  6  7  1  0  0  0
  8  9  1  0  0  0
  9 10  1  0  0  0
M  END
$$$$
O1C2C3C(C1CC2)COC3
  -ISIS-

 10 12  0  0  0  0  0  0  0  0  1
   -0.4692    0.3793   -8.7063  O  0  0  0  0  0
   -1.6694   -0.2273   -8.0820  C  0  0  0  0  0
   -2.2190    1.1178   -7.6635  C  0  0  0  0  0
   -1.1019    1.7383   -6.8338  C  0  0  0  0  0
    0.0827    1.0101   -7.4942  C  0  0  0  0  0
    0.3580   -0.3108   -6.7678  C  0  0  0  0  0
   -0.9676   -1.0728   -7.0045  C  0  0  0  0  0
   -1.6025    3.1400   -7.0540  C  0  0  0  0  0
   -3.0045    3.0783   -6.9558  O  0  0  0  0  0
   -3.4371    1.6761   -7.0330  C  0  0  0  0  0
  1  5  1  0  0  0
  1  2  1  0  0  0
  2  7  1  0  0  0
  2  3  1  0  0  0
  3 10  1  0  0  0
  3  4  1  0  0  0
  4  5  1  0  0  0
  4  8  1  0  0  0
  5  6  1  0  0  0
  6  7  1  0  0  0
  8  9  1  0  0  0
  9 10  1  0  0  0
M  END
$$$$
O1C2C3C(C1CC2)COC3
  -ISIS-

 10 12  0  0  0  0  0  0  0  0  1
   -1.6353    5.1502    0.0553  O  0  0  0  0  0
   -0.4690    4.9607   -0.8140  C  0  0  0  0  0
   -0.1249    6.3824   -1.2586  C  0  0  0  0  0
   -1.0472    7.2444   -0.4013  C  0  0  0  0  0
   -1.1342    6.3236    0.8005  C  0  0  0  0  0
    0.1753    5.7313    1.3479  C  0  0  0  0  0
    0.5063    4.6134    0.3266  C  0  0  0  0  0
   -0.2891    8.5097   -0.6477  C  0  0  0  0  0
    0.0907    8.4867   -1.9973  O  0  0  0  0  0
   -0.1168    7.1381   -2.5392  C  0  0  0  0  0
  1  5  1  0  0  0
  1  2  1  0  0  0
  2  7  1  0  0  0
  2  3  1  0  0  0
  3 10  1  0  0  0
  3  4  1  0  0  0
  4  5  1  0  0  0
  4  8  1  0  0  0
  5  6  1  0  0  0
  6  7  1  0  0  0
  8  9  1  0  0  0
  9 10  1  0  0  0
M  END
$$$$
O1C2C3C(C1CC2)COC3
  -ISIS-

 10 12  0  0  0  0  0  0  0  0  1
   -1.6353    5.1502    0.0553  O  0  0  0  0  0
   -0.4690    4.9607   -0.8140  C  0  0  0  0  0
   -0.1249    6.3824   -1.2586  C  0  0  0  0  0
   -1.0472    7.2444   -0.4013  C  0  0  0  0  0
   -1.1342    6.3236    0.8005  C  0  0  0  0  0
    0.1753    5.7313    1.3479  C  0  0  0  0  0
    0.5063    4.6134    0.3266  C  0  0  0  0  0
   -0.2891    8.5097   -0.6477  C  0  0  0  0  0
    0.0907    8.4867   -1.9973  O  0  0  0  0  0
   -0.1168    7.1381   -2.5392  C  0  0  0  0  0
  1  5  1  0  0  0
  1  2  1  0  0  0
  2  7  1  0  0  0
  2  3  1  0  0  0
  3 10  1  0  0  0
  3  4  1  0  0  0
  4  5  1  0  0  0
  4  8  1  0  0  0
  5  6  1  0  0  0
  6  7  1  0  0  0
  8  9  1  0  0  0
  9 10  1  0  0  0
M  END
$$$$
O1C2C3C(C1CC2)COC3
  -ISIS-

 10 12  0  0  0  0  0  0  0  0  1
   -1.6353    5.1502    0.0553  O  0  0  0  0  0
   -0.4690    4.9607   -0.8140  C  0  0  0  0  0
   -0.1249    6.3824   -1.2586  C  0  0  0  0  0
   -1.0472    7.2444   -0.4013  C  0  0  0  0  0
   -1.1342    6.3236    0.8005  C  0  0  0  0  0
    0.1753    5.7313    1.3479  C  0  0  0  0  0
    0.5063    4.6134    0.3266  C  0  0  0  0  0
   -0.2891    8.5097   -0.6477  C  0  0  0  0  0
    0.0907    8.4867   -1.9973  O  0  0  0  0  0
   -0.1168    7.1381   -2.5392  C  0  0  0  0  0
  1  5  1  0  0  0
  1  2  1  0  0  0
  2  7  1  0  0  0
  2  3  1  0  0  0
  3 10  1  0  0  0
  3  4  1  0  0  0
  4  5  1  0  0  0
  4  8  1  0  0  0
  5  6  1  0  0  0
  6  7  1  0  0  0
  8  9  1  0  0  0
  9 10  1  0  0  0
M  END
$$$$
