O1C2C(CCC1)CCCC2
  -ISIS-

 10 11  0  0  0  0  0  0  0  0  1
    3.9150    1.9114   -3.4931  C  0  0  0  0  0
    3.2214    0.9824   -2.5173  C  0  0  0  0  0
    4.1718    0.5917   -1.3696  C  0  0  0  0  0
    5.5355    0.1288   -1.9360  C  0  0  0  0  0
    6.1478    1.1141   -2.9442  C  0  0  0  0  0
    5.1955    1.3677   -4.1089  C  0  0  0  0  0
    5.8848    2.3033   -5.1070  C  0  0  0  0  0
    7.2321    1.7056   -5.5158  C  0  0  0  0  0
    8.0712    1.1590   -4.3892  C  0  0  0  0  0
    7.3988    0.5589   -3.3796  O  0  0  0  0  0
  1  6  1  0  0  0
  1  2  1  0  0  0
  2  3  1  0  0  0
  3  4  1  0  0  0
  4  5  1  0  0  0
  5 10  1  0  0  0
  5  6  1  0  0  0
  6  7  1  0  0  0
  7  8  1  0  0  0
  8  9  1  0  0  0
  9 10  1  0  0  0
M  END
$$$$
O1C2C(CCC1)CCCC2
  -ISIS-

 10 11  0  0  0  0  0  0  0  0  1
    3.9150    1.9114   -3.4931  C  0  0  0  0  0
    3.2214    0.9824   -2.5173  C  0  0  0  0  0
    4.1718    0.5917   -1.3696  C  0  0  0  0  0
    5.5355    0.1288   -1.9360  C  0  0  0  0  0
    6.1478    1.1141   -2.9442  C  0  0  0  0  0
    5.1955    1.3677   -4.1089  C  0  0  0  0  0
    5.8848    2.3033   -5.1070  C  0  0  0  0  0
    7.2321    1.7056   -5.5158  C  0  0  0  0  0
    8.0712    1.1590   -4.3892  C  0  0  0  0  0
    7.3988    0.5589   -3.3796  O  0  0  0  0  0
  1  6  1  0  0  0
  1  2  1  0  0  0
  2  3  1  0  0  0
  3  4  1  0  0  0
  4  5  1  0  0  0
  5 10  1  0  0  0
  5  6  1  0  0  0
  6  7  1  0  0  0
  7  8  1  0  0  0
  8  9  1  0  0  0
  9 10  1  0  0  0
M  END
$$$$
O1C2C(CCC1)CCCC2
  -ISIS-

 10 11  0  0  0  0  0  0  0  0  1
    3.9150    1.9114   -3.4931  C  0  0  0  0  0
    3.2214    0.9824   -2.5173  C  0  0  0  0  0
    4.1718    0.5917   -1.3696  C  0  0  0  0  0
    5.5355    0.1288   -1.9360  C  0  0  0  0  0
    6.1478    1.1141   -2.9442  C  0  0  0  0  0
    5.1955    1.3677   -4.1089  C  0  0  0  0  0
    5.8848    2.3033   -5.1070  C  0  0  0  0  0
    7.2321    1.7056   -5.5158  C  0  0  0  0  0
    8.0712    1.1590   -4.3892  C  0  0  0  0  0
    7.3988    0.5589   -3.3796  O  0  0  0  0  0
  1  6  1  0  0  0
  1  2  1  0  0  0
  2  3  1  0  0  0
  3  4  1  0  0  0
  4  5  1  0  0  0
  5 10  1  0  0  0
  5  6  1  0  0  0
  6  7  1  0  0  0
  7  8  1  0  0  0
  8  9  1  0  0  0
  9 10  1  0  0  0
M  END
$$$$
O1C2C(CCC1)CCCC2
  -ISIS-

 10 11  0  0  0  0  0  0  0  0  1
    3.9150    1.9114   -3.4931  C  0  0  0  0  0
    3.2214    0.9824   -2.5173  C  0  0  0  0  0
    4.1718    0.5917   -1.3696  C  0  0  0  0  0
    5.5355    0.1288   -1.9360  C  0  0  0  0  0
    6.1478    1.1141   -2.9442  C  0  0  0  0  0
    5.1955    1.3677   -4.1089  C  0  0  0  0  0
    5.8848    2.3033   -5.1070  C  0  0  0  0  0
    7.2321    1.7056   -5.5158  C  0  0  0  0  0
    8.0712    1.1590   -4.3892  C  0  0  0  0  0
    7.3988    0.5589   -3.3796  O  0  0  0  0  0
  1  6  1  0  0  0
  1  2  1  0  0  0
  2  3  1  0  0  0
  3  4  1  0  0  0
  4  5  1  0  0  0
  5 10  1  0  0  0
  5  6  1  0  0  0
  6  7  1  0  0  0
  7  8  1  0  0  0
  8  9  1  0  0  0
  9 10  1  0  0  0
M  END
$$$$
O1C2C(CCC1)CCCC2
  -ISIS-

 10 11  0  0  0  0  0  0  0  0  1
   -1.1806    3.4614    1.0546  C  0  0  0  0  0
   -0.6018    2.5250   -0.0112  C  0  0  0  0  0
   -0.2751    3.2371   -1.2825  C  0  0  0  0  0
   -1.1546    4.3286   -1.7545  C  0  0  0  0  0
   -2.0494    4.8044   -0.8610  O  0  0  0  0  0
   -2.3581    4.2111    0.4238  C  0  0  0  0  0
   -2.8867    5.3504    1.3038  C  0  0  0  0  0
   -1.7768    6.3421    1.6428  C  0  0  0  0  0
   -0.6103    5.6616    2.3378  C  0  0  0  0  0
   -0.1248    4.4496    1.5679  C  0  0  0  0  0
  1  6  1  0  0  0
  1 10  1  0  0  0
  1  2  1  0  0  0
  2  3  1  0  0  0
  3  4  1  0  0  0
  4  5  1  0  0  0
  5  6  1  0  0  0
  6  7  1  0  0  0
  7  8  1  0  0  0
  8  9  1  0  0  0
  9 10  1  0  0  0
M  END
$$$$
O1C2C(CCC1)CCCC2
  -ISIS-

 10 11  0  0  0  0  0  0  0  0  1
   -1.1806    3.4614    1.0546  C  0  0  0  0  0
   -0.6018    2.5250   -0.0112  C  0  0  0  0  0
   -0.2751    3.2371   -1.2825  C  0  0  0  0  0
   -1.1546    4.3286   -1.7545  C  0  0  0  0  0
   -2.0494    4.8044   -0.8610  O  0  0  0  0  0
   -2.3581    4.2111    0.4238  C  0  0  0  0  0
   -2.8867    5.3504    1.3038  C  0  0  0  0  0
   -1.7768    6.3421    1.6428  C  0  0  0  0  0
   -0.6103    5.6616    2.3378  C  0  0  0  0  0
   -0.1248    4.4496    1.5679  C  0  0  0  0  0
  1  6  1  0  0  0
  1 10  1  0  0  0
  1  2  1  0  0  0
  2  3  1  0  0  0
  3  4  1  0  0  0
  4  5  1  0  0  0
  5  6  1  0  0  0
  6  7  1  0  0  0
  7  8  1  0  0  0
  8  9  1  0  0  0
  9 10  1  0  0  0
M  END
$$$$
O1C2C(CCC1)CCCC2
  -ISIS-

 10 11  0  0  0  0  0  0  0  0  1
   -1.1806    3.4614    1.0546  C  0  0  0  0  0
   -0.6018    2.5250   -0.0112  C  0  0  0  0  0
   -0.2751    3.2371   -1.2825  C  0  0  0  0  0
   -1.1546    4.3286   -1.7545  C  0  0  0  0  0
   -2.0494    4.8044   -0.8610  O  0  0  0  0  0
   -2.3581    4.2111    0.4238  C  0  0  0  0  0
   -2.8867    5.3504    1.3038  C  0  0  0  0  0
   -1.7768    6.3421    1.6428  C  0  0  0  0  0
   -0.6103    5.6616    2.3378  C  0  0  0  0  0
   -0.1248    4.4496    1.5679  C  0  0  0  0  0
  1  6  1  0  0  0
  1 10  1  0  0  0
  1  2  1  0  0  0
  2  3  1  0  0  0
  3  4  1  0  0  0
  4  5  1  0  0  0
  5  6  1  0  0  0
  6  7  1  0  0  0
  7  8  1  0  0  0
  8  9  1  0  0  0
  9 10  1  0  0  0
M  END
$$$$
O1C2C(CCC1)CCCC2
  -ISIS-

 10 11  0  0  0  0  0  0  0  0  1
   -1.1806    3.4614    1.0546  C  0  0  0  0  0
   -0.6018    2.5250   -0.0112  C  0  0  0  0  0
   -0.2751    3.2371   -1.2825  C  0  0  0  0  0
   -1.1546    4.3286   -1.7545  C  0  0  0  0  0
   -2.0494    4.8044   -0.8610  O  0  0  0  0  0
   -2.3581    4.2111    0.4238  C  0  0  0  0  0
   -2.8867    5.3504    1.3038  C  0  0  0  0  0
   -1.7768    6.3421    1.6428  C  0  0  0  0  0
   -0.6103    5.6616    2.3378  C  0  0  0  0  0
   -0.1248    4.4496    1.5679  C  0  0  0  0  0
  1  6  1  0  0  0
  1 10  1  0  0  0
  1  2  1  0  0  0
  2  3  1  0  0  0
  3  4  1  0  0  0
  4  5  1  0  0  0
  5  6  1  0  0  0
  6  7  1  0  0  0
  7  8  1  0  0  0
  8  9  1  0  0  0
  9 10  1  0  0  0
M  END
$$$$
O1C2C(CCC1)CCCC2
  -ISIS-

 10 11  0  0  0  0  0  0  0  0  1
    0.3600    5.3160    1.9159  C  0  0  0  0  0
    1.0505    5.0376    0.6262  C  0  0  0  0  0
    0.4053    5.4004   -0.5089  O  0  0  0  0  0
   -0.7752    6.2225   -0.5008  C  0  0  0  0  0
   -1.7081    5.8222    0.6347  C  0  0  0  0  0
   -0.9487    6.0413    1.9362  C  0  0  0  0  0
   -3.0127    6.6260    0.5924  C  0  0  0  0  0
   -3.7278    6.5250   -0.7649  C  0  0  0  0  0
   -2.7686    6.8659   -1.9157  C  0  0  0  0  0
   -1.4618    6.0783   -1.8590  C  0  0  0  0  0
  1  6  1  0  0  0
  1  2  1  0  0  0
  2  3  1  0  0  0
  3  4  1  0  0  0
  4 10  1  0  0  0
  4  5  1  0  0  0
  5  6  1  0  0  0
  5  7  1  0  0  0
  7  8  1  0  0  0
  8  9  1  0  0  0
  9 10  1  0  0  0
M  END
$$$$
O1C2C(CCC1)CCCC2
  -ISIS-

 10 11  0  0  0  0  0  0  0  0  1
    0.3600    5.3160    1.9159  C  0  0  0  0  0
    1.0505    5.0376    0.6262  C  0  0  0  0  0
    0.4053    5.4004   -0.5089  O  0  0  0  0  0
   -0.7752    6.2225   -0.5008  C  0  0  0  0  0
   -1.7081    5.8222    0.6347  C  0  0  0  0  0
   -0.9487    6.0413    1.9362  C  0  0  0  0  0
   -3.0127    6.6260    0.5924  C  0  0  0  0  0
   -3.7278    6.5250   -0.7649  C  0  0  0  0  0
   -2.7686    6.8659   -1.9157  C  0  0  0  0  0
   -1.4618    6.0783   -1.8590  C  0  0  0  0  0
  1  6  1  0  0  0
  1  2  1  0  0  0
  2  3  1  0  0  0
  3  4  1  0  0  0
  4 10  1  0  0  0
  4  5  1  0  0  0
  5  6  1  0  0  0
  5  7  1  0  0  0
  7  8  1  0  0  0
  8  9  1  0  0  0
  9 10  1  0  0  0
M  END
$$$$
O1C2C(CCC1)CCCC2
  -ISIS-

 10 11  0  0  0  0  0  0  0  0  1
    0.3600    5.3160    1.9159  C  0  0  0  0  0
    1.0505    5.0376    0.6262  C  0  0  0  0  0
    0.4053    5.4004   -0.5089  O  0  0  0  0  0
   -0.7752    6.2225   -0.5008  C  0  0  0  0  0
   -1.7081    5.8222    0.6347  C  0  0  0  0  0
   -0.9487    6.0413    1.9362  C  0  0  0  0  0
   -3.0127    6.6260    0.5924  C  0  0  0  0  0
   -3.7278    6.5250   -0.7649  C  0  0  0  0  0
   -2.7686    6.8659   -1.9157  C  0  0  0  0  0
   -1.4618    6.0783   -1.8590  C  0  0  0  0  0
  1  6  1  0  0  0
  1  2  1  0  0  0
  2  3  1  0  0  0
  3  4  1  0  0  0
  4 10  1  0  0  0
  4  5  1  0  0  0
  5  6  1  0  0  0
  5  7  1  0  0  0
  7  8  1  0  0  0
  8  9  1  0  0  0
  9 10  1  0  0  0
M  END
$$$$
O1C2C(CCC1)CCCC2
  -ISIS-

 10 11  0  0  0  0  0  0  0  0  1
    3.3972   -0.2829   -4.9252  C  0  0  0  0  0
    4.4769   -1.3487   -4.9867  C  0  0  0  0  0
    5.8084   -0.6892   -5.3450  C  0  0  0  0  0
    6.1506    0.4217   -4.3488  C  0  0  0  0  0
    5.0595    1.4893   -4.3303  C  0  0  0  0  0
    3.6894    0.8989   -4.0229  C  0  0  0  0  0
    6.8627   -1.6564   -5.3175  O  0  0  0  0  0
    6.6811   -2.6965   -6.2834  C  0  0  0  0  0
    5.3575   -3.4311   -6.0512  C  0  0  0  0  0
    4.1757   -2.4645   -5.9845  C  0  0  0  0  0
  1  6  1  0  0  0
  1  2  1  0  0  0
  2 10  1  0  0  0
  2  3  1  0  0  0
  3  4  1  0  0  0
  3  7  1  0  0  0
  4  5  1  0  0  0
  5  6  1  0  0  0
  7  8  1  0  0  0
  8  9  1  0  0  0
  9 10  1  0  0  0
M  END
$$$$
O1C2C(CCC1)CCCC2
  -ISIS-

 10 11  0  0  0  0  0  0  0  0  1
    3.3972   -0.2829   -4.9252  C  0  0  0  0  0
    4.4769   -1.3487   -4.9867  C  0  0  0  0  0
    5.8084   -0.6892   -5.3450  C  0  0  0  0  0
    6.1506    0.4217   -4.3488  C  0  0  0  0  0
    5.0595    1.4893   -4.3303  C  0  0  0  0  0
    3.6894    0.8989   -4.0229  C  0  0  0  0  0
    6.8627   -1.6564   -5.3175  O  0  0  0  0  0
    6.6811   -2.6965   -6.2834  C  0  0  0  0  0
    5.3575   -3.4311   -6.0512  C  0  0  0  0  0
    4.1757   -2.4645   -5.9845  C  0  0  0  0  0
  1  6  1  0  0  0
  1  2  1  0  0  0
  2 10  1  0  0  0
  2  3  1  0  0  0
  3  4  1  0  0  0
  3  7  1  0  0  0
  4  5  1  0  0  0
  5  6  1  0  0  0
  7  8  1  0  0  0
  8  9  1  0  0  0
  9 10  1  0  0  0
M  END
$$$$
O1C2C(CCC1)CCCC2
  -ISIS-

 10 11  0  0  0  0  0  0  0  0  1
    6.8269   -4.2498   -4.1923  C  0  0  0  0  0
    5.4360   -3.6363   -4.3039  C  0  0  0  0  0
    5.4856   -2.1091   -4.2674  C  0  0  0  0  0
    6.2020   -1.6183   -3.0020  C  0  0  0  0  0
    7.6146   -2.2124   -2.8599  C  0  0  0  0  0
    7.5766   -3.7441   -2.9586  C  0  0  0  0  0
    6.1698   -0.0856   -2.9476  C  0  0  0  0  0
    4.7389    0.4161   -3.1140  C  0  0  0  0  0
    4.0799   -0.1926   -4.3547  C  0  0  0  0  0
    4.1434   -1.6198   -4.2917  O  0  0  0  0  0
  1  6  1  0  0  0
  1  2  1  0  0  0
  2  3  1  0  0  0
  3 10  1  0  0  0
  3  4  1  0  0  0
  4  5  1  0  0  0
  4  7  1  0  0  0
  5  6  1  0  0  0
  7  8  1  0  0  0
  8  9  1  0  0  0
  9 10  1  0  0  0
M  END
$$$$
O1C2C(CCC1)CCCC2
  -ISIS-

 10 11  0  0  0  0  0  0  0  0  1
    6.8269   -4.2498   -4.1923  C  0  0  0  0  0
    5.4360   -3.6363   -4.3039  C  0  0  0  0  0
    5.4856   -2.1091   -4.2674  C  0  0  0  0  0
    6.2020   -1.6183   -3.0020  C  0  0  0  0  0
    7.6146   -2.2124   -2.8599  C  0  0  0  0  0
    7.5766   -3.7441   -2.9586  C  0  0  0  0  0
    6.1698   -0.0856   -2.9476  C  0  0  0  0  0
    4.7389    0.4161   -3.1140  C  0  0  0  0  0
    4.0799   -0.1926   -4.3547  C  0  0  0  0  0
    4.1434   -1.6198   -4.2917  O  0  0  0  0  0
  1  6  1  0  0  0
  1  2  1  0  0  0
  2  3  1  0  0  0
  3 10  1  0  0  0
  3  4  1  0  0  0
  4  5  1  0  0  0
  4  7  1  0  0  0
  5  6  1  0  0  0
  7  8  1  0  0  0
  8  9  1  0  0  0
  9 10  1  0  0  0
M  END
$$$$
O1C2C(CCC1)CCCC2
  -ISIS-

 10 11  0  0  0  0  0  0  0  0  1
   -1.2753   -0.6756   -1.0646  C  0  0  0  0  0
    0.0605   -0.6001   -1.5504  O  0  0  0  0  0
    0.7147   -1.8743   -1.6586  C  0  0  0  0  0
    1.7628   -1.7028   -2.7672  C  0  0  0  0  0
    2.4391   -3.0118   -3.1524  C  0  0  0  0  0
    1.4109   -4.0513   -3.5845  C  0  0  0  0  0
    0.4071   -4.2820   -2.4856  C  0  0  0  0  0
   -0.2664   -3.0493   -1.9154  C  0  0  0  0  0
   -1.4366   -2.5646   -2.7770  C  0  0  0  0  0
   -2.1480   -1.3867   -2.1068  C  0  0  0  0  0
  1 10  1  0  0  0
  1  2  1  0  0  0
  2  3  1  0  0  0
  3  8  1  0  0  0
  3  4  1  0  0  0
  4  5  1  0  0  0
  5  6  1  0  0  0
  6  7  1  0  0  0
  7  8  1  0  0  0
  8  9  1  0  0  0
  9 10  1  0  0  0
M  END
$$$$
O1C2C(CCC1)CCCC2
  -ISIS-

 10 11  0  0  0  0  0  0  0  0  1
   -1.2753   -0.6756   -1.0646  C  0  0  0  0  0
    0.0605   -0.6001   -1.5504  O  0  0  0  0  0
    0.7147   -1.8743   -1.6586  C  0  0  0  0  0
    1.7628   -1.7028   -2.7672  C  0  0  0  0  0
    2.4391   -3.0118   -3.1524  C  0  0  0  0  0
    1.4109   -4.0513   -3.5845  C  0  0  0  0  0
    0.4071   -4.2820   -2.4856  C  0  0  0  0  0
   -0.2664   -3.0493   -1.9154  C  0  0  0  0  0
   -1.4366   -2.5646   -2.7770  C  0  0  0  0  0
   -2.1480   -1.3867   -2.1068  C  0  0  0  0  0
  1 10  1  0  0  0
  1  2  1  0  0  0
  2  3  1  0  0  0
  3  8  1  0  0  0
  3  4  1  0  0  0
  4  5  1  0  0  0
  5  6  1  0  0  0
  6  7  1  0  0  0
  7  8  1  0  0  0
  8  9  1  0  0  0
  9 10  1  0  0  0
M  END
$$$$
O1C2C(CCC1)CCCC2
  -ISIS-

 10 11  0  0  0  0  0  0  0  0  1
    8.6314    2.6492   -2.8738  C  0  0  0  0  0
    9.7141    3.3287   -1.9878  C  0  0  0  0  0
    9.1818    3.8749   -0.5913  C  0  0  0  0  0
    9.7048    3.1803    0.6812  C  0  0  0  0  0
    8.9340    1.9194    1.0264  C  0  0  0  0  0
    7.4151    2.1492    1.0871  C  0  0  0  0  0
    6.9506    2.8680   -0.0631  O  0  0  0  0  0
    7.6372    4.0560   -0.4916  C  0  0  0  0  0
    7.0326    4.4021   -1.8628  C  0  0  0  0  0
    7.2687    3.3420   -2.9325  C  0  0  0  0  0
  1 10  1  0  0  0
  1  2  1  0  0  0
  2  3  1  0  0  0
  3  8  1  0  0  0
  3  4  1  0  0  0
  4  5  1  0  0  0
  5  6  1  0  0  0
  6  7  1  0  0  0
  7  8  1  0  0  0
  8  9  1  0  0  0
  9 10  1  0  0  0
M  END
$$$$
O1C2C(CCC1)CCCC2
  -ISIS-

 10 11  0  0  0  0  0  0  0  0  1
    8.6314    2.6492   -2.8738  C  0  0  0  0  0
    9.7141    3.3287   -1.9878  C  0  0  0  0  0
    9.1818    3.8749   -0.5913  C  0  0  0  0  0
    9.7048    3.1803    0.6812  C  0  0  0  0  0
    8.9340    1.9194    1.0264  C  0  0  0  0  0
    7.4151    2.1492    1.0871  C  0  0  0  0  0
    6.9506    2.8680   -0.0631  O  0  0  0  0  0
    7.6372    4.0560   -0.4916  C  0  0  0  0  0
    7.0326    4.4021   -1.8628  C  0  0  0  0  0
    7.2687    3.3420   -2.9325  C  0  0  0  0  0
  1 10  1  0  0  0
  1  2  1  0  0  0
  2  3  1  0  0  0
  3  8  1  0  0  0
  3  4  1  0  0  0
  4  5  1  0  0  0
  5  6  1  0  0  0
  6  7  1  0  0  0
  7  8  1  0  0  0
  8  9  1  0  0  0
  9 10  1  0  0  0
M  END
$$$$
O1C2C(CCC1)CCCC2
  -ISIS-

 10 11  0  0  0  0  0  0  0  0  1
    8.6314    2.6492   -2.8738  C  0  0  0  0  0
    9.7141    3.3287   -1.9878  C  0  0  0  0  0
    9.1818    3.8749   -0.5913  C  0  0  0  0  0
    9.7048    3.1803    0.6812  C  0  0  0  0  0
    8.9340    1.9194    1.0264  C  0  0  0  0  0
    7.4151    2.1492    1.0871  C  0  0  0  0  0
    6.9506    2.8680   -0.0631  O  0  0  0  0  0
    7.6372    4.0560   -0.4916  C  0  0  0  0  0
    7.0326    4.4021   -1.8628  C  0  0  0  0  0
    7.2687    3.3420   -2.9325  C  0  0  0  0  0
  1 10  1  0  0  0
  1  2  1  0  0  0
  2  3  1  0  0  0
  3  8  1  0  0  0
  3  4  1  0  0  0
  4  5  1  0  0  0
  5  6  1  0  0  0
  6  7  1  0  0  0
  7  8  1  0  0  0
  8  9  1  0  0  0
  9 10  1  0  0  0
M  END
$$$$
O1C2C(CCC1)CCCC2
  -ISIS-

 10 11  0  0  0  0  0  0  0  0  1
    8.6314    2.6492   -2.8738  C  0  0  0  0  0
    9.7141    3.3287   -1.9878  C  0  0  0  0  0
    9.1818    3.8749   -0.5913  C  0  0  0  0  0
    9.7048    3.1803    0.6812  C  0  0  0  0  0
    8.9340    1.9194    1.0264  C  0  0  0  0  0
    7.4151    2.1492    1.0871  C  0  0  0  0  0
    6.9506    2.8680   -0.0631  O  0  0  0  0  0
    7.6372    4.0560   -0.4916  C  0  0  0  0  0
    7.0326    4.4021   -1.8628  C  0  0  0  0  0
    7.2687    3.3420   -2.9325  C  0  0  0  0  0
  1 10  1  0  0  0
  1  2  1  0  0  0
  2  3  1  0  0  0
  3  8  1  0  0  0
  3  4  1  0  0  0
  4  5  1  0  0  0
  5  6  1  0  0  0
  6  7  1  0  0  0
  7  8  1  0  0  0
  8  9  1  0  0  0
  9 10  1  0  0  0
M  END
$$$$
O1C2C(CCC1)CCCC2
  -ISIS-

 10 11  0  0  0  0  0  0  0  0  1
   -0.6276    2.2496   -4.2916  C  0  0  0  0  0
   -1.6258    2.1285   -5.3126  O  0  0  0  0  0
   -1.3536    2.8432   -6.5165  C  0  0  0  0  0
   -2.5458    2.6711   -7.4624  C  0  0  0  0  0
   -2.6608    1.2508   -8.0087  C  0  0  0  0  0
   -1.3653    0.8125   -8.6797  C  0  0  0  0  0
   -0.1804    0.9292   -7.7271  C  0  0  0  0  0
   -0.0398    2.3486   -7.1469  C  0  0  0  0  0
    1.1185    2.3913   -6.1342  C  0  0  0  0  0
    0.6712    2.9140   -4.7723  C  0  0  0  0  0
  1 10  1  0  0  0
  1  2  1  0  0  0
  2  3  1  0  0  0
  3  8  1  0  0  0
  3  4  1  0  0  0
  4  5  1  0  0  0
  5  6  1  0  0  0
  6  7  1  0  0  0
  7  8  1  0  0  0
  8  9  1  0  0  0
  9 10  1  0  0  0
M  END
$$$$
