O1C2C3C4C(OCC4CCC2CC1)CC3
  -ISIS-

 15 18  0  0  0  0  0  0  0  0  1
    2.8248   -6.3371   -2.7686  C  0  0  0  0  0
    3.1646   -7.1155   -1.4924  C  0  0  0  0  0
    4.5816   -7.3217   -1.3609  O  0  0  0  0  0
    4.8464   -8.4864   -0.7093  C  0  0  0  0  0
    3.5810   -9.2431   -0.6171  C  0  0  0  0  0
    2.5099   -8.5102   -1.3489  C  0  0  0  0  0
    1.9770   -9.2743   -2.5935  C  0  0  0  0  0
    2.8869   -9.5536   -3.8041  C  0  0  0  0  0
    3.8658   -8.4431   -4.0941  C  0  0  0  0  0
    3.3134   -7.0347   -4.0385  C  0  0  0  0  0
    4.6455   -6.3630   -4.3857  C  0  0  0  0  0
    5.0264   -6.9899   -5.6088  O  0  0  0  0  0
    4.5774   -8.3839   -5.4620  C  0  0  0  0  0
    4.3559   -4.8981   -4.2426  C  0  0  0  0  0
    3.5922   -5.0023   -2.9249  C  0  0  0  0  0
  1 10  1  0  0  0
  1 15  1  0  0  0
  1  2  1  0  0  0
  2  6  1  0  0  0
  2  3  1  0  0  0
  3  4  1  0  0  0
  4  5  1  0  0  0
  5  6  1  0  0  0
  6  7  1  0  0  0
  7  8  1  0  0  0
  8  9  1  0  0  0
  9 13  1  0  0  0
  9 10  1  0  0  0
 10 11  1  0  0  0
 11 12  1  0  0  0
 11 14  1  0  0  0
 12 13  1  0  0  0
 14 15  1  0  0  0
M  END
$$$$
O1C2C3C4C(OCC4CCC2CC1)CC3
  -ISIS-

 15 18  0  0  0  0  0  0  0  0  1
    2.8248   -6.3371   -2.7686  C  0  0  0  0  0
    3.1646   -7.1155   -1.4924  C  0  0  0  0  0
    4.5816   -7.3217   -1.3609  O  0  0  0  0  0
    4.8464   -8.4864   -0.7093  C  0  0  0  0  0
    3.5810   -9.2431   -0.6171  C  0  0  0  0  0
    2.5099   -8.5102   -1.3489  C  0  0  0  0  0
    1.9770   -9.2743   -2.5935  C  0  0  0  0  0
    2.8869   -9.5536   -3.8041  C  0  0  0  0  0
    3.8658   -8.4431   -4.0941  C  0  0  0  0  0
    3.3134   -7.0347   -4.0385  C  0  0  0  0  0
    4.6455   -6.3630   -4.3857  C  0  0  0  0  0
    5.0264   -6.9899   -5.6088  O  0  0  0  0  0
    4.5774   -8.3839   -5.4620  C  0  0  0  0  0
    4.3559   -4.8981   -4.2426  C  0  0  0  0  0
    3.5922   -5.0023   -2.9249  C  0  0  0  0  0
  1 10  1  0  0  0
  1 15  1  0  0  0
  1  2  1  0  0  0
  2  6  1  0  0  0
  2  3  1  0  0  0
  3  4  1  0  0  0
  4  5  1  0  0  0
  5  6  1  0  0  0
  6  7  1  0  0  0
  7  8  1  0  0  0
  8  9  1  0  0  0
  9 13  1  0  0  0
  9 10  1  0  0  0
 10 11  1  0  0  0
 11 12  1  0  0  0
 11 14  1  0  0  0
 12 13  1  0  0  0
 14 15  1  0  0  0
M  END
$$$$
O1C2C3C4C(OCC4CCC2CC1)CC3
  -ISIS-

 15 18  0  0  0  0  0  0  0  0  1
    2.8248   -6.3371   -2.7686  C  0  0  0  0  0
    3.1646   -7.1155   -1.4924  C  0  0  0  0  0
    4.5816   -7.3217   -1.3609  O  0  0  0  0  0
    4.8464   -8.4864   -0.7093  C  0  0  0  0  0
    3.5810   -9.2431   -0.6171  C  0  0  0  0  0
    2.5099   -8.5102   -1.3489  C  0  0  0  0  0
    1.9770   -9.2743   -2.5935  C  0  0  0  0  0
    2.8869   -9.5536   -3.8041  C  0  0  0  0  0
    3.8658   -8.4431   -4.0941  C  0  0  0  0  0
    3.3134   -7.0347   -4.0385  C  0  0  0  0  0
    4.6455   -6.3630   -4.3857  C  0  0  0  0  0
    5.0264   -6.9899   -5.6088  O  0  0  0  0  0
    4.5774   -8.3839   -5.4620  C  0  0  0  0  0
    4.3559   -4.8981   -4.2426  C  0  0  0  0  0
    3.5922   -5.0023   -2.9249  C  0  0  0  0  0
  1 10  1  0  0  0
  1 15  1  0  0  0
  1  2  1  0  0  0
  2  6  1  0  0  0
  2  3  1  0  0  0
  3  4  1  0  0  0
  4  5  1  0  0  0
  5  6  1  0  0  0
  6  7  1  0  0  0
  7  8  1  0  0  0
  8  9  1  0  0  0
  9 13  1  0  0  0
  9 10  1  0  0  0
 10 11  1  0  0  0
 11 12  1  0  0  0
 11 14  1  0  0  0
 12 13  1  0  0  0
 14 15  1  0  0  0
M  END
$$$$
O1C2C3C4C(OCC4CCC2CC1)CC3
  -ISIS-

 15 18  0  0  0  0  0  0  0  0  1
    2.8248   -6.3371   -2.7686  C  0  0  0  0  0
    3.1646   -7.1155   -1.4924  C  0  0  0  0  0
    4.5816   -7.3217   -1.3609  O  0  0  0  0  0
    4.8464   -8.4864   -0.7093  C  0  0  0  0  0
    3.5810   -9.2431   -0.6171  C  0  0  0  0  0
    2.5099   -8.5102   -1.3489  C  0  0  0  0  0
    1.9770   -9.2743   -2.5935  C  0  0  0  0  0
    2.8869   -9.5536   -3.8041  C  0  0  0  0  0
    3.8658   -8.4431   -4.0941  C  0  0  0  0  0
    3.3134   -7.0347   -4.0385  C  0  0  0  0  0
    4.6455   -6.3630   -4.3857  C  0  0  0  0  0
    5.0264   -6.9899   -5.6088  O  0  0  0  0  0
    4.5774   -8.3839   -5.4620  C  0  0  0  0  0
    4.3559   -4.8981   -4.2426  C  0  0  0  0  0
    3.5922   -5.0023   -2.9249  C  0  0  0  0  0
  1 10  1  0  0  0
  1 15  1  0  0  0
  1  2  1  0  0  0
  2  6  1  0  0  0
  2  3  1  0  0  0
  3  4  1  0  0  0
  4  5  1  0  0  0
  5  6  1  0  0  0
  6  7  1  0  0  0
  7  8  1  0  0  0
  8  9  1  0  0  0
  9 13  1  0  0  0
  9 10  1  0  0  0
 10 11  1  0  0  0
 11 12  1  0  0  0
 11 14  1  0  0  0
 12 13  1  0  0  0
 14 15  1  0  0  0
M  END
$$$$
O1C2C3C4C(OCC4CCC2CC1)CC3
  -ISIS-

 15 18  0  0  0  0  0  0  0  0  1
    2.8248   -6.3371   -2.7686  C  0  0  0  0  0
    3.1646   -7.1155   -1.4924  C  0  0  0  0  0
    4.5816   -7.3217   -1.3609  O  0  0  0  0  0
    4.8464   -8.4864   -0.7093  C  0  0  0  0  0
    3.5810   -9.2431   -0.6171  C  0  0  0  0  0
    2.5099   -8.5102   -1.3489  C  0  0  0  0  0
    1.9770   -9.2743   -2.5935  C  0  0  0  0  0
    2.8869   -9.5536   -3.8041  C  0  0  0  0  0
    3.8658   -8.4431   -4.0941  C  0  0  0  0  0
    3.3134   -7.0347   -4.0385  C  0  0  0  0  0
    4.6455   -6.3630   -4.3857  C  0  0  0  0  0
    5.0264   -6.9899   -5.6088  O  0  0  0  0  0
    4.5774   -8.3839   -5.4620  C  0  0  0  0  0
    4.3559   -4.8981   -4.2426  C  0  0  0  0  0
    3.5922   -5.0023   -2.9249  C  0  0  0  0  0
  1 10  1  0  0  0
  1 15  1  0  0  0
  1  2  1  0  0  0
  2  6  1  0  0  0
  2  3  1  0  0  0
  3  4  1  0  0  0
  4  5  1  0  0  0
  5  6  1  0  0  0
  6  7  1  0  0  0
  7  8  1  0  0  0
  8  9  1  0  0  0
  9 13  1  0  0  0
  9 10  1  0  0  0
 10 11  1  0  0  0
 11 12  1  0  0  0
 11 14  1  0  0  0
 12 13  1  0  0  0
 14 15  1  0  0  0
M  END
$$$$
