O1C2C(OCCCC2)CCC1
  -ISIS-

 11 12  0  0  0  0  0  0  0  0  1
    1.0843    0.5114   -6.3127  C  0  0  0  0  0
    1.9327    1.4052   -7.2407  C  0  0  0  0  0
    2.1194    2.8637   -6.7980  C  0  0  0  0  0
    0.8487    3.6922   -6.9541  C  0  0  0  0  0
   -0.1898    3.5344   -5.8493  C  0  0  0  0  0
   -0.1559    2.2308   -5.0705  C  0  0  0  0  0
   -0.1650    1.0944   -5.9175  O  0  0  0  0  0
    3.2570    0.8632   -7.4974  O  0  0  0  0  0
    3.9848    0.1960   -6.5754  C  0  0  0  0  0
    3.2290   -0.5786   -5.5315  C  0  0  0  0  0
    1.9334    0.0805   -5.1079  C  0  0  0  0  0
  1  7  1  0  0  0
  1 11  1  0  0  0
  1  2  1  0  0  0
  2  3  1  0  0  0
  2  8  1  0  0  0
  3  4  1  0  0  0
  4  5  1  0  0  0
  5  6  1  0  0  0
  6  7  1  0  0  0
  8  9  1  0  0  0
  9 10  1  0  0  0
 10 11  1  0  0  0
M  END
$$$$
O1C2C(OCCCC2)CCC1
  -ISIS-

 11 12  0  0  0  0  0  0  0  0  1
    1.0843    0.5114   -6.3127  C  0  0  0  0  0
    1.9327    1.4052   -7.2407  C  0  0  0  0  0
    2.1194    2.8637   -6.7980  C  0  0  0  0  0
    0.8487    3.6922   -6.9541  C  0  0  0  0  0
   -0.1898    3.5344   -5.8493  C  0  0  0  0  0
   -0.1559    2.2308   -5.0705  C  0  0  0  0  0
   -0.1650    1.0944   -5.9175  O  0  0  0  0  0
    3.2570    0.8632   -7.4974  O  0  0  0  0  0
    3.9848    0.1960   -6.5754  C  0  0  0  0  0
    3.2290   -0.5786   -5.5315  C  0  0  0  0  0
    1.9334    0.0805   -5.1079  C  0  0  0  0  0
  1  7  1  0  0  0
  1 11  1  0  0  0
  1  2  1  0  0  0
  2  3  1  0  0  0
  2  8  1  0  0  0
  3  4  1  0  0  0
  4  5  1  0  0  0
  5  6  1  0  0  0
  6  7  1  0  0  0
  8  9  1  0  0  0
  9 10  1  0  0  0
 10 11  1  0  0  0
M  END
$$$$
