O1C2CC(C1)CCCC2
  -ISIS-

  9 10  0  0  0  0  0  0  0  0  1
   -1.3354    9.5200    5.9935  C  0  0  0  0  0
   -0.2259    9.0815    5.0610  C  0  0  0  0  0
    0.5334    8.2659    5.9088  O  0  0  0  0  0
   -0.5182    7.4513    6.4135  C  0  0  0  0  0
   -1.8931    8.1284    6.0696  C  0  0  0  0  0
   -2.5220    7.7106    4.6790  C  0  0  0  0  0
   -2.5173    8.7487    3.4623  C  0  0  0  0  0
   -1.1977    9.4072    2.8572  C  0  0  0  0  0
   -0.0192    9.8662    3.8075  C  0  0  0  0  0
  1  5  1  0  0  0
  1  2  1  0  0  0
  2  9  1  0  0  0
  2  3  1  0  0  0
  3  4  1  0  0  0
  4  5  1  0  0  0
  5  6  1  0  0  0
  6  7  1  0  0  0
  7  8  1  0  0  0
  8  9  1  0  0  0
M  END
$$$$
