O1C2CC3C(C3CC2)C1
  -ISIS-

  9 11  0  0  0  0  0  0  0  0  1
    7.8105    0.7446   -4.5454  C  0  0  0  0  0
    7.7788    2.6185   -4.6330  C  0  0  0  0  0
    8.0240    2.2109   -3.3422  C  0  0  0  0  0
    9.8213    1.7885   -4.1039  C  0  0  0  0  0
   10.1691    0.7529   -3.2112  C  0  0  0  0  0
    8.8666    0.1619   -3.1592  C  0  0  0  0  0
    9.6509    1.3884   -2.0105  C  0  0  0  0  0
    9.6761    3.1733   -2.3083  C  0  0  0  0  0
    8.9380    3.6782   -3.6958  O  0  0  0  0  0
  1  6  1  0  0  0
  1  2  1  0  0  0
  2  9  1  0  0  0
  2  3  1  0  0  0
  3  4  1  0  0  0
  4  5  1  0  0  0
  5  7  1  0  0  0
  5  6  1  0  0  0
  6  7  1  0  0  0
  7  8  1  0  0  0
  8  9  1  0  0  0
M  END
$$$$
O1C2CC3C(C3CC2)C1
  -ISIS-

  9 11  0  0  0  0  0  0  0  0  1
    7.8105    0.7446   -4.5454  C  0  0  0  0  0
    7.7788    2.6185   -4.6330  C  0  0  0  0  0
    8.0240    2.2109   -3.3422  C  0  0  0  0  0
    9.8213    1.7885   -4.1039  C  0  0  0  0  0
   10.1691    0.7529   -3.2112  C  0  0  0  0  0
    8.8666    0.1619   -3.1592  C  0  0  0  0  0
    9.6509    1.3884   -2.0105  C  0  0  0  0  0
    9.6761    3.1733   -2.3083  C  0  0  0  0  0
    8.9380    3.6782   -3.6958  O  0  0  0  0  0
  1  6  1  0  0  0
  1  2  1  0  0  0
  2  9  1  0  0  0
  2  3  1  0  0  0
  3  4  1  0  0  0
  4  5  1  0  0  0
  5  7  1  0  0  0
  5  6  1  0  0  0
  6  7  1  0  0  0
  7  8  1  0  0  0
  8  9  1  0  0  0
M  END
$$$$
