O1C2C(CC=CCCCCC2)CC1
  -ISIS-

 13 14  0  0  0  0  0  0  0  0  1
   -6.3513   -2.0355   -0.4358  C  0  0  0  0  0
   -6.1479   -0.6569    0.1567  C  0  0  0  0  0
   -4.8526   -0.3811    0.9272  C  0  0  0  0  0
   -3.6556    0.0627    0.0674  C  0  0  0  0  0
   -2.9773   -1.0620   -0.7049  C  0  0  0  0  0
   -2.7853   -0.9057   -2.2052  C  0  0  0  0  0
   -3.6776   -0.5673   -3.1639  C  0  0  0  0  0
   -5.1444   -0.1780   -3.1797  C  0  0  0  0  0
   -6.1978   -1.2975   -2.9448  C  0  0  0  0  0
   -5.8746   -2.3327   -1.8683  C  0  0  0  0  0
   -6.5541   -3.5468   -2.2704  O  0  0  0  0  0
   -6.7400   -3.5609   -3.6127  C  0  0  0  0  0
   -6.4348   -2.2056   -4.1180  C  0  0  0  0  0
  1 10  1  0  0  0
  1  2  1  0  0  0
  2  3  1  0  0  0
  3  4  1  0  0  0
  4  5  1  0  0  0
  5  6  1  0  0  0
  6  7  2  0  0  0
  7  8  1  0  0  0
  8  9  1  0  0  0
  9 13  1  0  0  0
  9 10  1  0  0  0
 10 11  1  0  0  0
 11 12  1  0  0  0
 12 13  1  0  0  0
M  END
$$$$
O1C2C(CC=CCCCCC2)CC1
  -ISIS-

 13 14  0  0  0  0  0  0  0  0  1
   -6.3513   -2.0355   -0.4358  C  0  0  0  0  0
   -6.1479   -0.6569    0.1567  C  0  0  0  0  0
   -4.8526   -0.3811    0.9272  C  0  0  0  0  0
   -3.6556    0.0627    0.0674  C  0  0  0  0  0
   -2.9773   -1.0620   -0.7049  C  0  0  0  0  0
   -2.7853   -0.9057   -2.2052  C  0  0  0  0  0
   -3.6776   -0.5673   -3.1639  C  0  0  0  0  0
   -5.1444   -0.1780   -3.1797  C  0  0  0  0  0
   -6.1978   -1.2975   -2.9448  C  0  0  0  0  0
   -5.8746   -2.3327   -1.8683  C  0  0  0  0  0
   -6.5541   -3.5468   -2.2704  O  0  0  0  0  0
   -6.7400   -3.5609   -3.6127  C  0  0  0  0  0
   -6.4348   -2.2056   -4.1180  C  0  0  0  0  0
  1 10  1  0  0  0
  1  2  1  0  0  0
  2  3  1  0  0  0
  3  4  1  0  0  0
  4  5  1  0  0  0
  5  6  1  0  0  0
  6  7  2  0  0  0
  7  8  1  0  0  0
  8  9  1  0  0  0
  9 13  1  0  0  0
  9 10  1  0  0  0
 10 11  1  0  0  0
 11 12  1  0  0  0
 12 13  1  0  0  0
M  END
$$$$
O1C2C(CC=CCCCCC2)CC1
  -ISIS-

 13 14  0  0  0  0  0  0  0  0  1
   -6.3513   -2.0355   -0.4358  C  0  0  0  0  0
   -6.1479   -0.6569    0.1567  C  0  0  0  0  0
   -4.8526   -0.3811    0.9272  C  0  0  0  0  0
   -3.6556    0.0627    0.0674  C  0  0  0  0  0
   -2.9773   -1.0620   -0.7049  C  0  0  0  0  0
   -2.7853   -0.9057   -2.2052  C  0  0  0  0  0
   -3.6776   -0.5673   -3.1639  C  0  0  0  0  0
   -5.1444   -0.1780   -3.1797  C  0  0  0  0  0
   -6.1978   -1.2975   -2.9448  C  0  0  0  0  0
   -5.8746   -2.3327   -1.8683  C  0  0  0  0  0
   -6.5541   -3.5468   -2.2704  O  0  0  0  0  0
   -6.7400   -3.5609   -3.6127  C  0  0  0  0  0
   -6.4348   -2.2056   -4.1180  C  0  0  0  0  0
  1 10  1  0  0  0
  1  2  1  0  0  0
  2  3  1  0  0  0
  3  4  1  0  0  0
  4  5  1  0  0  0
  5  6  1  0  0  0
  6  7  2  0  0  0
  7  8  1  0  0  0
  8  9  1  0  0  0
  9 13  1  0  0  0
  9 10  1  0  0  0
 10 11  1  0  0  0
 11 12  1  0  0  0
 12 13  1  0  0  0
M  END
$$$$
O1C2C(CC=CCCCCC2)CC1
  -ISIS-

 13 14  0  0  0  0  0  0  0  0  1
   -6.3513   -2.0355   -0.4358  C  0  0  0  0  0
   -6.1479   -0.6569    0.1567  C  0  0  0  0  0
   -4.8526   -0.3811    0.9272  C  0  0  0  0  0
   -3.6556    0.0627    0.0674  C  0  0  0  0  0
   -2.9773   -1.0620   -0.7049  C  0  0  0  0  0
   -2.7853   -0.9057   -2.2052  C  0  0  0  0  0
   -3.6776   -0.5673   -3.1639  C  0  0  0  0  0
   -5.1444   -0.1780   -3.1797  C  0  0  0  0  0
   -6.1978   -1.2975   -2.9448  C  0  0  0  0  0
   -5.8746   -2.3327   -1.8683  C  0  0  0  0  0
   -6.5541   -3.5468   -2.2704  O  0  0  0  0  0
   -6.7400   -3.5609   -3.6127  C  0  0  0  0  0
   -6.4348   -2.2056   -4.1180  C  0  0  0  0  0
  1 10  1  0  0  0
  1  2  1  0  0  0
  2  3  1  0  0  0
  3  4  1  0  0  0
  4  5  1  0  0  0
  5  6  1  0  0  0
  6  7  2  0  0  0
  7  8  1  0  0  0
  8  9  1  0  0  0
  9 13  1  0  0  0
  9 10  1  0  0  0
 10 11  1  0  0  0
 11 12  1  0  0  0
 12 13  1  0  0  0
M  END
$$$$
O1C2C(CC=CCCCCC2)CC1
  -ISIS-

 13 14  0  0  0  0  0  0  0  0  1
   -6.3513   -2.0355   -0.4358  C  0  0  0  0  0
   -6.1479   -0.6569    0.1567  C  0  0  0  0  0
   -4.8526   -0.3811    0.9272  C  0  0  0  0  0
   -3.6556    0.0627    0.0674  C  0  0  0  0  0
   -2.9773   -1.0620   -0.7049  C  0  0  0  0  0
   -2.7853   -0.9057   -2.2052  C  0  0  0  0  0
   -3.6776   -0.5673   -3.1639  C  0  0  0  0  0
   -5.1444   -0.1780   -3.1797  C  0  0  0  0  0
   -6.1978   -1.2975   -2.9448  C  0  0  0  0  0
   -5.8746   -2.3327   -1.8683  C  0  0  0  0  0
   -6.5541   -3.5468   -2.2704  O  0  0  0  0  0
   -6.7400   -3.5609   -3.6127  C  0  0  0  0  0
   -6.4348   -2.2056   -4.1180  C  0  0  0  0  0
  1 10  1  0  0  0
  1  2  1  0  0  0
  2  3  1  0  0  0
  3  4  1  0  0  0
  4  5  1  0  0  0
  5  6  1  0  0  0
  6  7  2  0  0  0
  7  8  1  0  0  0
  8  9  1  0  0  0
  9 13  1  0  0  0
  9 10  1  0  0  0
 10 11  1  0  0  0
 11 12  1  0  0  0
 12 13  1  0  0  0
M  END
$$$$
O1C2C(CC=CCCCCC2)CC1
  -ISIS-

 13 14  0  0  0  0  0  0  0  0  1
   -6.3513   -2.0355   -0.4358  C  0  0  0  0  0
   -6.1479   -0.6569    0.1567  C  0  0  0  0  0
   -4.8526   -0.3811    0.9272  C  0  0  0  0  0
   -3.6556    0.0627    0.0674  C  0  0  0  0  0
   -2.9773   -1.0620   -0.7049  C  0  0  0  0  0
   -2.7853   -0.9057   -2.2052  C  0  0  0  0  0
   -3.6776   -0.5673   -3.1639  C  0  0  0  0  0
   -5.1444   -0.1780   -3.1797  C  0  0  0  0  0
   -6.1978   -1.2975   -2.9448  C  0  0  0  0  0
   -5.8746   -2.3327   -1.8683  C  0  0  0  0  0
   -6.5541   -3.5468   -2.2704  O  0  0  0  0  0
   -6.7400   -3.5609   -3.6127  C  0  0  0  0  0
   -6.4348   -2.2056   -4.1180  C  0  0  0  0  0
  1 10  1  0  0  0
  1  2  1  0  0  0
  2  3  1  0  0  0
  3  4  1  0  0  0
  4  5  1  0  0  0
  5  6  1  0  0  0
  6  7  2  0  0  0
  7  8  1  0  0  0
  8  9  1  0  0  0
  9 13  1  0  0  0
  9 10  1  0  0  0
 10 11  1  0  0  0
 11 12  1  0  0  0
 12 13  1  0  0  0
M  END
$$$$
