O1C2CCC=CCC3OCCC3CCC1CCC2
  -ISIS-

 18 20  0  0  0  0  0  0  0  0  1
    5.7901   -4.1787   -2.5184  C  0  0  0  0  0
    6.3179   -2.9401   -2.6527  C  0  0  0  0  0
    5.9939   -1.8717   -3.6608  C  0  0  0  0  0
    5.7226   -0.4331   -3.1532  C  0  0  0  0  0
    4.9541   -0.2055   -1.8239  C  0  0  0  0  0
    4.0174   -1.2405   -1.5611  O  0  0  0  0  0
    2.6877   -1.2048   -2.0747  C  0  0  0  0  0
    1.9393   -2.3077   -1.2714  C  0  0  0  0  0
    2.6761   -3.6700   -1.1879  C  0  0  0  0  0
    2.3403   -4.6329   -2.3394  C  0  0  0  0  0
    1.5597   -5.7870   -1.7846  C  0  0  0  0  0
    2.5220   -6.8696   -1.4522  C  0  0  0  0  0
    3.7129   -6.5397   -2.0304  O  0  0  0  0  0
    3.4763   -5.4621   -2.9449  C  0  0  0  0  0
    4.7791   -4.8108   -3.4581  C  0  0  0  0  0
    2.0520    0.1681   -1.8015  C  0  0  0  0  0
    2.9216    1.2941   -2.3507  C  0  0  0  0  0
    4.3181    1.2061   -1.7538  C  0  0  0  0  0
  1 15  1  0  0  0
  1  2  2  0  0  0
  2  3  1  0  0  0
  3  4  1  0  0  0
  4  5  1  0  0  0
  5 18  1  0  0  0
  5  6  1  0  0  0
  6  7  1  0  0  0
  7  8  1  0  0  0
  7 16  1  0  0  0
  8  9  1  0  0  0
  9 10  1  0  0  0
 10 14  1  0  0  0
 10 11  1  0  0  0
 11 12  1  0  0  0
 12 13  1  0  0  0
 13 14  1  0  0  0
 14 15  1  0  0  0
 16 17  1  0  0  0
 17 18  1  0  0  0
M  END
$$$$
O1C2CCC=CCC3OCCC3CCC1CCC2
  -ISIS-

 18 20  0  0  0  0  0  0  0  0  1
    5.7901   -4.1787   -2.5184  C  0  0  0  0  0
    6.3179   -2.9401   -2.6527  C  0  0  0  0  0
    5.9939   -1.8717   -3.6608  C  0  0  0  0  0
    5.7226   -0.4331   -3.1532  C  0  0  0  0  0
    4.9541   -0.2055   -1.8239  C  0  0  0  0  0
    4.0174   -1.2405   -1.5611  O  0  0  0  0  0
    2.6877   -1.2048   -2.0747  C  0  0  0  0  0
    1.9393   -2.3077   -1.2714  C  0  0  0  0  0
    2.6761   -3.6700   -1.1879  C  0  0  0  0  0
    2.3403   -4.6329   -2.3394  C  0  0  0  0  0
    1.5597   -5.7870   -1.7846  C  0  0  0  0  0
    2.5220   -6.8696   -1.4522  C  0  0  0  0  0
    3.7129   -6.5397   -2.0304  O  0  0  0  0  0
    3.4763   -5.4621   -2.9449  C  0  0  0  0  0
    4.7791   -4.8108   -3.4581  C  0  0  0  0  0
    2.0520    0.1681   -1.8015  C  0  0  0  0  0
    2.9216    1.2941   -2.3507  C  0  0  0  0  0
    4.3181    1.2061   -1.7538  C  0  0  0  0  0
  1 15  1  0  0  0
  1  2  2  0  0  0
  2  3  1  0  0  0
  3  4  1  0  0  0
  4  5  1  0  0  0
  5 18  1  0  0  0
  5  6  1  0  0  0
  6  7  1  0  0  0
  7  8  1  0  0  0
  7 16  1  0  0  0
  8  9  1  0  0  0
  9 10  1  0  0  0
 10 14  1  0  0  0
 10 11  1  0  0  0
 11 12  1  0  0  0
 12 13  1  0  0  0
 13 14  1  0  0  0
 14 15  1  0  0  0
 16 17  1  0  0  0
 17 18  1  0  0  0
M  END
$$$$
O1C2CCC=CCC3OCCC3CCC1CCC2
  -ISIS-

 18 20  0  0  0  0  0  0  0  0  1
    5.7901   -4.1787   -2.5184  C  0  0  0  0  0
    6.3179   -2.9401   -2.6527  C  0  0  0  0  0
    5.9939   -1.8717   -3.6608  C  0  0  0  0  0
    5.7226   -0.4331   -3.1532  C  0  0  0  0  0
    4.9541   -0.2055   -1.8239  C  0  0  0  0  0
    4.0174   -1.2405   -1.5611  O  0  0  0  0  0
    2.6877   -1.2048   -2.0747  C  0  0  0  0  0
    1.9393   -2.3077   -1.2714  C  0  0  0  0  0
    2.6761   -3.6700   -1.1879  C  0  0  0  0  0
    2.3403   -4.6329   -2.3394  C  0  0  0  0  0
    1.5597   -5.7870   -1.7846  C  0  0  0  0  0
    2.5220   -6.8696   -1.4522  C  0  0  0  0  0
    3.7129   -6.5397   -2.0304  O  0  0  0  0  0
    3.4763   -5.4621   -2.9449  C  0  0  0  0  0
    4.7791   -4.8108   -3.4581  C  0  0  0  0  0
    2.0520    0.1681   -1.8015  C  0  0  0  0  0
    2.9216    1.2941   -2.3507  C  0  0  0  0  0
    4.3181    1.2061   -1.7538  C  0  0  0  0  0
  1 15  1  0  0  0
  1  2  2  0  0  0
  2  3  1  0  0  0
  3  4  1  0  0  0
  4  5  1  0  0  0
  5 18  1  0  0  0
  5  6  1  0  0  0
  6  7  1  0  0  0
  7  8  1  0  0  0
  7 16  1  0  0  0
  8  9  1  0  0  0
  9 10  1  0  0  0
 10 14  1  0  0  0
 10 11  1  0  0  0
 11 12  1  0  0  0
 12 13  1  0  0  0
 13 14  1  0  0  0
 14 15  1  0  0  0
 16 17  1  0  0  0
 17 18  1  0  0  0
M  END
$$$$
O1C2CCC=CCC3OCCC3CCC1CCC2
  -ISIS-

 18 20  0  0  0  0  0  0  0  0  1
    5.7901   -4.1787   -2.5184  C  0  0  0  0  0
    6.3179   -2.9401   -2.6527  C  0  0  0  0  0
    5.9939   -1.8717   -3.6608  C  0  0  0  0  0
    5.7226   -0.4331   -3.1532  C  0  0  0  0  0
    4.9541   -0.2055   -1.8239  C  0  0  0  0  0
    4.0174   -1.2405   -1.5611  O  0  0  0  0  0
    2.6877   -1.2048   -2.0747  C  0  0  0  0  0
    1.9393   -2.3077   -1.2714  C  0  0  0  0  0
    2.6761   -3.6700   -1.1879  C  0  0  0  0  0
    2.3403   -4.6329   -2.3394  C  0  0  0  0  0
    1.5597   -5.7870   -1.7846  C  0  0  0  0  0
    2.5220   -6.8696   -1.4522  C  0  0  0  0  0
    3.7129   -6.5397   -2.0304  O  0  0  0  0  0
    3.4763   -5.4621   -2.9449  C  0  0  0  0  0
    4.7791   -4.8108   -3.4581  C  0  0  0  0  0
    2.0520    0.1681   -1.8015  C  0  0  0  0  0
    2.9216    1.2941   -2.3507  C  0  0  0  0  0
    4.3181    1.2061   -1.7538  C  0  0  0  0  0
  1 15  1  0  0  0
  1  2  2  0  0  0
  2  3  1  0  0  0
  3  4  1  0  0  0
  4  5  1  0  0  0
  5 18  1  0  0  0
  5  6  1  0  0  0
  6  7  1  0  0  0
  7  8  1  0  0  0
  7 16  1  0  0  0
  8  9  1  0  0  0
  9 10  1  0  0  0
 10 14  1  0  0  0
 10 11  1  0  0  0
 11 12  1  0  0  0
 12 13  1  0  0  0
 13 14  1  0  0  0
 14 15  1  0  0  0
 16 17  1  0  0  0
 17 18  1  0  0  0
M  END
$$$$
O1C2CCC=CCC3OCCC3CCC1CCC2
  -ISIS-

 18 20  0  0  0  0  0  0  0  0  1
    5.7901   -4.1787   -2.5184  C  0  0  0  0  0
    6.3179   -2.9401   -2.6527  C  0  0  0  0  0
    5.9939   -1.8717   -3.6608  C  0  0  0  0  0
    5.7226   -0.4331   -3.1532  C  0  0  0  0  0
    4.9541   -0.2055   -1.8239  C  0  0  0  0  0
    4.0174   -1.2405   -1.5611  O  0  0  0  0  0
    2.6877   -1.2048   -2.0747  C  0  0  0  0  0
    1.9393   -2.3077   -1.2714  C  0  0  0  0  0
    2.6761   -3.6700   -1.1879  C  0  0  0  0  0
    2.3403   -4.6329   -2.3394  C  0  0  0  0  0
    1.5597   -5.7870   -1.7846  C  0  0  0  0  0
    2.5220   -6.8696   -1.4522  C  0  0  0  0  0
    3.7129   -6.5397   -2.0304  O  0  0  0  0  0
    3.4763   -5.4621   -2.9449  C  0  0  0  0  0
    4.7791   -4.8108   -3.4581  C  0  0  0  0  0
    2.0520    0.1681   -1.8015  C  0  0  0  0  0
    2.9216    1.2941   -2.3507  C  0  0  0  0  0
    4.3181    1.2061   -1.7538  C  0  0  0  0  0
  1 15  1  0  0  0
  1  2  2  0  0  0
  2  3  1  0  0  0
  3  4  1  0  0  0
  4  5  1  0  0  0
  5 18  1  0  0  0
  5  6  1  0  0  0
  6  7  1  0  0  0
  7  8  1  0  0  0
  7 16  1  0  0  0
  8  9  1  0  0  0
  9 10  1  0  0  0
 10 14  1  0  0  0
 10 11  1  0  0  0
 11 12  1  0  0  0
 12 13  1  0  0  0
 13 14  1  0  0  0
 14 15  1  0  0  0
 16 17  1  0  0  0
 17 18  1  0  0  0
M  END
$$$$
