O1C2C(C3C1CC=CC3)CC=CC2
  -ISIS-

 13 15  0  0  0  0  0  0  0  0  1
   -2.8371    0.2978    0.1245  C  0  0  0  0  0
   -2.6870   -0.4959    1.3364  O  0  0  0  0  0
   -2.5555    0.4079    2.4520  C  0  0  0  0  0
   -2.9899   -0.2407    3.7681  C  0  0  0  0  0
   -4.4009    0.0467    4.1849  C  0  0  0  0  0
   -5.2209    0.8675    3.5180  C  0  0  0  0  0
   -4.8280    1.5843    2.2651  C  0  0  0  0  0
   -3.3095    1.6701    2.0449  C  0  0  0  0  0
   -2.8681    1.7681    0.5812  C  0  0  0  0  0
   -3.6195    2.7385   -0.3297  C  0  0  0  0  0
   -4.6914    2.1369   -1.1811  C  0  0  0  0  0
   -4.8999    0.8218   -1.3102  C  0  0  0  0  0
   -4.0857   -0.2230   -0.6112  C  0  0  0  0  0
  1  9  1  0  0  0
  1 13  1  0  0  0
  1  2  1  0  0  0
  2  3  1  0  0  0
  3  8  1  0  0  0
  3  4  1  0  0  0
  4  5  1  0  0  0
  5  6  2  0  0  0
  6  7  1  0  0  0
  7  8  1  0  0  0
  8  9  1  0  0  0
  9 10  1  0  0  0
 10 11  1  0  0  0
 11 12  2  0  0  0
 12 13  1  0  0  0
M  END
$$$$
