O1C2OCC1C3CC2NCC3
  -ISIS-

 11 13  0  0  0  0  0  0  0  0  1
    3.5808   -1.7168   -3.0562  N  0  0  0  0  0
    2.6017   -2.0772   -3.9927  C  0  0  0  0  0
    3.0053   -3.0994   -5.1186  C  0  0  0  0  0
    4.3016   -3.7719   -4.6423  C  0  0  0  0  0
    5.2803   -2.5839   -4.4830  C  0  0  0  0  0
    4.9785   -2.2106   -3.0333  C  0  0  0  0  0
    5.3288   -3.5804   -2.1828  C  0  0  0  0  0
    4.1679   -4.3277   -1.7500  O  0  0  0  0  0
    4.1057   -5.4832   -2.6453  C  0  0  0  0  0
    4.8994   -5.0170   -3.8809  C  0  0  0  0  0
    6.0313   -4.4869   -3.1063  O  0  0  0  0  0
  1  6  1  0  0  0
  1  2  1  0  0  0
  2  3  1  0  0  0
  3  4  1  0  0  0
  4 10  1  0  0  0
  4  5  1  0  0  0
  5  6  1  0  0  0
  6  7  1  0  0  0
  7 11  1  0  0  0
  7  8  1  0  0  0
  8  9  1  0  0  0
  9 10  1  0  0  0
 10 11  1  0  0  0
M  END
$$$$
