O1C2C3C(CC(C1)CC2)CCC3
  -ISIS-

 12 14  0  0  0  0  0  0  0  0  1
    6.6299   -0.5118   -0.4210  C  0  0  0  0  0
    7.0302   -1.2496   -1.5915  O  0  0  0  0  0
    8.3791   -1.7182   -1.6689  C  0  0  0  0  0
    9.2490   -1.3337   -0.4382  C  0  0  0  0  0
    9.6783    0.1536   -0.3913  C  0  0  0  0  0
    8.6002    1.0888    0.1381  C  0  0  0  0  0
    7.2240    0.9239   -0.5205  C  0  0  0  0  0
    6.4624    2.0633    0.1749  C  0  0  0  0  0
    7.4717    3.2202    0.2656  C  0  0  0  0  0
    8.8695    2.6023    0.0660  C  0  0  0  0  0
    8.5173   -1.7203    0.8574  C  0  0  0  0  0
    7.0407   -1.3026    0.8398  C  0  0  0  0  0
  1  7  1  0  0  0
  1 12  1  0  0  0
  1  2  1  0  0  0
  2  3  1  0  0  0
  3  4  1  0  0  0
  4  5  1  0  0  0
  4 11  1  0  0  0
  5  6  1  0  0  0
  6 10  1  0  0  0
  6  7  1  0  0  0
  7  8  1  0  0  0
  8  9  1  0  0  0
  9 10  1  0  0  0
 11 12  1  0  0  0
M  END
$$$$
