O1C2C(OCC2)COP1
  -ISIS-

  9 10  0  0  0  0  0  0  0  0  1
    3.9309   -6.0902   -0.6222  C  0  0  0  0  0
    3.6059   -7.4030   -1.1180  O  0  0  0  0  0
    2.2098   -7.6553   -0.8252  C  0  0  0  0  0
    1.5887   -8.5032   -1.9324  C  0  0  0  0  0
    1.2905   -7.7310   -3.0822  O  0  0  0  0  0
    0.2722   -6.4919   -2.8207  P  0  0  0  0  0
    1.2505   -5.6434   -1.8390  O  0  0  0  0  0
    1.5692   -6.2856   -0.6192  C  0  0  0  0  0
    2.6860   -5.5087    0.0338  C  0  0  0  0  0
  1  9  1  0  0  0
  1  2  1  0  0  0
  2  3  1  0  0  0
  3  8  1  0  0  0
  3  4  1  0  0  0
  4  5  1  0  0  0
  5  6  1  0  0  0
  6  7  1  0  0  0
  7  8  1  0  0  0
  8  9  1  0  0  0
M  END
$$$$
O1C2C(OCC2)COP1
  -ISIS-

  9 10  0  0  0  0  0  0  0  0  1
    3.9309   -6.0902   -0.6222  C  0  0  0  0  0
    3.6059   -7.4030   -1.1180  O  0  0  0  0  0
    2.2098   -7.6553   -0.8252  C  0  0  0  0  0
    1.5887   -8.5032   -1.9324  C  0  0  0  0  0
    1.2905   -7.7310   -3.0822  O  0  0  0  0  0
    0.2722   -6.4919   -2.8207  P  0  0  0  0  0
    1.2505   -5.6434   -1.8390  O  0  0  0  0  0
    1.5692   -6.2856   -0.6192  C  0  0  0  0  0
    2.6860   -5.5087    0.0338  C  0  0  0  0  0
  1  9  1  0  0  0
  1  2  1  0  0  0
  2  3  1  0  0  0
  3  8  1  0  0  0
  3  4  1  0  0  0
  4  5  1  0  0  0
  5  6  1  0  0  0
  6  7  1  0  0  0
  7  8  1  0  0  0
  8  9  1  0  0  0
M  END
$$$$
O1C2C(OCC2)COP1
  -ISIS-

  9 10  0  0  0  0  0  0  0  0  1
    0.5477   -4.5220    1.6849  C  0  0  0  0  0
   -0.3516   -4.3489    2.8302  O  0  0  0  0  0
   -0.4801   -5.6523    3.4057  C  0  0  0  0  0
   -0.2468   -6.6220    2.2644  C  0  0  0  0  0
    0.9792   -6.0067    1.6341  C  0  0  0  0  0
   -0.0798   -7.9227    2.7747  O  0  0  0  0  0
   -1.4540   -8.4989    3.4569  P  0  0  0  0  0
   -1.7136   -7.3237    4.5610  O  0  0  0  0  0
   -1.7995   -5.9900    4.0714  C  0  0  0  0  0
  1  5  1  0  0  0
  1  2  1  0  0  0
  2  3  1  0  0  0
  3  9  1  0  0  0
  3  4  1  0  0  0
  4  5  1  0  0  0
  4  6  1  0  0  0
  6  7  1  0  0  0
  7  8  1  0  0  0
  8  9  1  0  0  0
M  END
$$$$
O1C2C(OCC2)COP1
  -ISIS-

  9 10  0  0  0  0  0  0  0  0  1
    0.5477   -4.5220    1.6849  C  0  0  0  0  0
   -0.3516   -4.3489    2.8302  O  0  0  0  0  0
   -0.4801   -5.6523    3.4057  C  0  0  0  0  0
   -0.2468   -6.6220    2.2644  C  0  0  0  0  0
    0.9792   -6.0067    1.6341  C  0  0  0  0  0
   -0.0798   -7.9227    2.7747  O  0  0  0  0  0
   -1.4540   -8.4989    3.4569  P  0  0  0  0  0
   -1.7136   -7.3237    4.5610  O  0  0  0  0  0
   -1.7995   -5.9900    4.0714  C  0  0  0  0  0
  1  5  1  0  0  0
  1  2  1  0  0  0
  2  3  1  0  0  0
  3  9  1  0  0  0
  3  4  1  0  0  0
  4  5  1  0  0  0
  4  6  1  0  0  0
  6  7  1  0  0  0
  7  8  1  0  0  0
  8  9  1  0  0  0
M  END
$$$$
O1C2C(OCC2)COP1
  -ISIS-

  9 10  0  0  0  0  0  0  0  0  1
    0.5477   -4.5220    1.6849  C  0  0  0  0  0
   -0.3516   -4.3489    2.8302  O  0  0  0  0  0
   -0.4801   -5.6523    3.4057  C  0  0  0  0  0
   -0.2468   -6.6220    2.2644  C  0  0  0  0  0
    0.9792   -6.0067    1.6341  C  0  0  0  0  0
   -0.0798   -7.9227    2.7747  O  0  0  0  0  0
   -1.4540   -8.4989    3.4569  P  0  0  0  0  0
   -1.7136   -7.3237    4.5610  O  0  0  0  0  0
   -1.7995   -5.9900    4.0714  C  0  0  0  0  0
  1  5  1  0  0  0
  1  2  1  0  0  0
  2  3  1  0  0  0
  3  9  1  0  0  0
  3  4  1  0  0  0
  4  5  1  0  0  0
  4  6  1  0  0  0
  6  7  1  0  0  0
  7  8  1  0  0  0
  8  9  1  0  0  0
M  END
$$$$
O1C2C(OCC2)COP1
  -ISIS-

  9 10  0  0  0  0  0  0  0  0  1
   -6.3495   -2.1803    3.7344  P  0  0  0  0  0
   -7.2164   -2.4913    2.4010  O  0  0  0  0  0
   -6.8470   -1.8780    1.1798  C  0  0  0  0  0
   -5.6900   -0.8834    1.2835  C  0  0  0  0  0
   -5.1721   -0.5454   -0.0276  O  0  0  0  0  0
   -3.7657   -0.8883   -0.0118  C  0  0  0  0  0
   -3.5878   -1.9822    1.0449  C  0  0  0  0  0
   -4.5200   -1.4227    2.1115  C  0  0  0  0  0
   -4.8698   -2.3656    3.0948  O  0  0  0  0  0
  1  9  1  0  0  0
  1  2  1  0  0  0
  2  3  1  0  0  0
  3  4  1  0  0  0
  4  8  1  0  0  0
  4  5  1  0  0  0
  5  6  1  0  0  0
  6  7  1  0  0  0
  7  8  1  0  0  0
  8  9  1  0  0  0
M  END
$$$$
O1C2C(OCC2)COP1
  -ISIS-

  9 10  0  0  0  0  0  0  0  0  1
   -6.3495   -2.1803    3.7344  P  0  0  0  0  0
   -7.2164   -2.4913    2.4010  O  0  0  0  0  0
   -6.8470   -1.8780    1.1798  C  0  0  0  0  0
   -5.6900   -0.8834    1.2835  C  0  0  0  0  0
   -5.1721   -0.5454   -0.0276  O  0  0  0  0  0
   -3.7657   -0.8883   -0.0118  C  0  0  0  0  0
   -3.5878   -1.9822    1.0449  C  0  0  0  0  0
   -4.5200   -1.4227    2.1115  C  0  0  0  0  0
   -4.8698   -2.3656    3.0948  O  0  0  0  0  0
  1  9  1  0  0  0
  1  2  1  0  0  0
  2  3  1  0  0  0
  3  4  1  0  0  0
  4  8  1  0  0  0
  4  5  1  0  0  0
  5  6  1  0  0  0
  6  7  1  0  0  0
  7  8  1  0  0  0
  8  9  1  0  0  0
M  END
$$$$
O1C2C(OCC2)COP1
  -ISIS-

  9 10  0  0  0  0  0  0  0  0  1
   -6.3495   -2.1803    3.7344  P  0  0  0  0  0
   -7.2164   -2.4913    2.4010  O  0  0  0  0  0
   -6.8470   -1.8780    1.1798  C  0  0  0  0  0
   -5.6900   -0.8834    1.2835  C  0  0  0  0  0
   -5.1721   -0.5454   -0.0276  O  0  0  0  0  0
   -3.7657   -0.8883   -0.0118  C  0  0  0  0  0
   -3.5878   -1.9822    1.0449  C  0  0  0  0  0
   -4.5200   -1.4227    2.1115  C  0  0  0  0  0
   -4.8698   -2.3656    3.0948  O  0  0  0  0  0
  1  9  1  0  0  0
  1  2  1  0  0  0
  2  3  1  0  0  0
  3  4  1  0  0  0
  4  8  1  0  0  0
  4  5  1  0  0  0
  5  6  1  0  0  0
  6  7  1  0  0  0
  7  8  1  0  0  0
  8  9  1  0  0  0
M  END
$$$$
O1C2C(OCC2)COP1
  -ISIS-

  9 10  0  0  0  0  0  0  0  0  1
   -1.2815    1.5904    6.6534  C  0  0  0  0  0
   -1.2798    2.2139    5.2709  C  0  0  0  0  0
   -0.1559    3.2156    5.3819  C  0  0  0  0  0
    0.4494    3.5492    4.1565  O  0  0  0  0  0
    1.2629    2.4126    3.3197  P  0  0  0  0  0
    1.5816    1.3508    4.5134  O  0  0  0  0  0
    2.0106    1.9381    5.7263  C  0  0  0  0  0
    0.8113    2.6042    6.3916  C  0  0  0  0  0
    0.0651    1.6328    7.1582  O  0  0  0  0  0
  1  9  1  0  0  0
  1  2  1  0  0  0
  2  3  1  0  0  0
  3  8  1  0  0  0
  3  4  1  0  0  0
  4  5  1  0  0  0
  5  6  1  0  0  0
  6  7  1  0  0  0
  7  8  1  0  0  0
  8  9  1  0  0  0
M  END
$$$$
O1C2C(OCC2)COP1
  -ISIS-

  9 10  0  0  0  0  0  0  0  0  1
   -1.2815    1.5904    6.6534  C  0  0  0  0  0
   -1.2798    2.2139    5.2709  C  0  0  0  0  0
   -0.1559    3.2156    5.3819  C  0  0  0  0  0
    0.4494    3.5492    4.1565  O  0  0  0  0  0
    1.2629    2.4126    3.3197  P  0  0  0  0  0
    1.5816    1.3508    4.5134  O  0  0  0  0  0
    2.0106    1.9381    5.7263  C  0  0  0  0  0
    0.8113    2.6042    6.3916  C  0  0  0  0  0
    0.0651    1.6328    7.1582  O  0  0  0  0  0
  1  9  1  0  0  0
  1  2  1  0  0  0
  2  3  1  0  0  0
  3  8  1  0  0  0
  3  4  1  0  0  0
  4  5  1  0  0  0
  5  6  1  0  0  0
  6  7  1  0  0  0
  7  8  1  0  0  0
  8  9  1  0  0  0
M  END
$$$$
O1C2C(OCC2)COP1
  -ISIS-

  9 10  0  0  0  0  0  0  0  0  1
   -5.9699    3.0271   -6.8881  C  0  0  0  0  0
   -5.7981    4.4550   -7.1469  O  0  0  0  0  0
   -4.9900    4.9566   -6.0823  C  0  0  0  0  0
   -5.2897    4.0489   -4.9024  C  0  0  0  0  0
   -5.2180    2.6869   -5.5718  C  0  0  0  0  0
   -4.4038    4.3162   -3.8408  O  0  0  0  0  0
   -4.5700    5.8156   -3.2549  P  0  0  0  0  0
   -4.3927    6.7264   -4.5810  O  0  0  0  0  0
   -5.2355    6.4044   -5.6855  C  0  0  0  0  0
  1  5  1  0  0  0
  1  2  1  0  0  0
  2  3  1  0  0  0
  3  9  1  0  0  0
  3  4  1  0  0  0
  4  5  1  0  0  0
  4  6  1  0  0  0
  6  7  1  0  0  0
  7  8  1  0  0  0
  8  9  1  0  0  0
M  END
$$$$
O1C2C(OCC2)COP1
  -ISIS-

  9 10  0  0  0  0  0  0  0  0  1
   -5.9699    3.0271   -6.8881  C  0  0  0  0  0
   -5.7981    4.4550   -7.1469  O  0  0  0  0  0
   -4.9900    4.9566   -6.0823  C  0  0  0  0  0
   -5.2897    4.0489   -4.9024  C  0  0  0  0  0
   -5.2180    2.6869   -5.5718  C  0  0  0  0  0
   -4.4038    4.3162   -3.8408  O  0  0  0  0  0
   -4.5700    5.8156   -3.2549  P  0  0  0  0  0
   -4.3927    6.7264   -4.5810  O  0  0  0  0  0
   -5.2355    6.4044   -5.6855  C  0  0  0  0  0
  1  5  1  0  0  0
  1  2  1  0  0  0
  2  3  1  0  0  0
  3  9  1  0  0  0
  3  4  1  0  0  0
  4  5  1  0  0  0
  4  6  1  0  0  0
  6  7  1  0  0  0
  7  8  1  0  0  0
  8  9  1  0  0  0
M  END
$$$$
O1C2C(OCC2)COP1
  -ISIS-

  9 10  0  0  0  0  0  0  0  0  1
   -5.9699    3.0271   -6.8881  C  0  0  0  0  0
   -5.7981    4.4550   -7.1469  O  0  0  0  0  0
   -4.9900    4.9566   -6.0823  C  0  0  0  0  0
   -5.2897    4.0489   -4.9024  C  0  0  0  0  0
   -5.2180    2.6869   -5.5718  C  0  0  0  0  0
   -4.4038    4.3162   -3.8408  O  0  0  0  0  0
   -4.5700    5.8156   -3.2549  P  0  0  0  0  0
   -4.3927    6.7264   -4.5810  O  0  0  0  0  0
   -5.2355    6.4044   -5.6855  C  0  0  0  0  0
  1  5  1  0  0  0
  1  2  1  0  0  0
  2  3  1  0  0  0
  3  9  1  0  0  0
  3  4  1  0  0  0
  4  5  1  0  0  0
  4  6  1  0  0  0
  6  7  1  0  0  0
  7  8  1  0  0  0
  8  9  1  0  0  0
M  END
$$$$
O1C2C(OCC2)COP1
  -ISIS-

  9 10  0  0  0  0  0  0  0  0  1
   -4.1871    5.8604   -4.2761  C  0  0  0  0  0
   -2.9295    6.2726   -3.5482  C  0  0  0  0  0
   -2.2420    4.9238   -3.4405  C  0  0  0  0  0
   -2.4006    4.2872   -4.7064  O  0  0  0  0  0
   -3.6147    4.8425   -5.2907  C  0  0  0  0  0
   -0.8220    5.1348   -2.9435  C  0  0  0  0  0
   -0.8889    5.7418   -1.6520  O  0  0  0  0  0
   -1.6793    7.1502   -1.5479  P  0  0  0  0  0
   -3.1025    6.8160   -2.2557  O  0  0  0  0  0
  1  5  1  0  0  0
  1  2  1  0  0  0
  2  9  1  0  0  0
  2  3  1  0  0  0
  3  4  1  0  0  0
  3  6  1  0  0  0
  4  5  1  0  0  0
  6  7  1  0  0  0
  7  8  1  0  0  0
  8  9  1  0  0  0
M  END
$$$$
O1C2C(OCC2)COP1
  -ISIS-

  9 10  0  0  0  0  0  0  0  0  1
   -4.1871    5.8604   -4.2761  C  0  0  0  0  0
   -2.9295    6.2726   -3.5482  C  0  0  0  0  0
   -2.2420    4.9238   -3.4405  C  0  0  0  0  0
   -2.4006    4.2872   -4.7064  O  0  0  0  0  0
   -3.6147    4.8425   -5.2907  C  0  0  0  0  0
   -0.8220    5.1348   -2.9435  C  0  0  0  0  0
   -0.8889    5.7418   -1.6520  O  0  0  0  0  0
   -1.6793    7.1502   -1.5479  P  0  0  0  0  0
   -3.1025    6.8160   -2.2557  O  0  0  0  0  0
  1  5  1  0  0  0
  1  2  1  0  0  0
  2  9  1  0  0  0
  2  3  1  0  0  0
  3  4  1  0  0  0
  3  6  1  0  0  0
  4  5  1  0  0  0
  6  7  1  0  0  0
  7  8  1  0  0  0
  8  9  1  0  0  0
M  END
$$$$
O1C2C(OCC2)COP1
  -ISIS-

  9 10  0  0  0  0  0  0  0  0  1
   -4.1871    5.8604   -4.2761  C  0  0  0  0  0
   -2.9295    6.2726   -3.5482  C  0  0  0  0  0
   -2.2420    4.9238   -3.4405  C  0  0  0  0  0
   -2.4006    4.2872   -4.7064  O  0  0  0  0  0
   -3.6147    4.8425   -5.2907  C  0  0  0  0  0
   -0.8220    5.1348   -2.9435  C  0  0  0  0  0
   -0.8889    5.7418   -1.6520  O  0  0  0  0  0
   -1.6793    7.1502   -1.5479  P  0  0  0  0  0
   -3.1025    6.8160   -2.2557  O  0  0  0  0  0
  1  5  1  0  0  0
  1  2  1  0  0  0
  2  9  1  0  0  0
  2  3  1  0  0  0
  3  4  1  0  0  0
  3  6  1  0  0  0
  4  5  1  0  0  0
  6  7  1  0  0  0
  7  8  1  0  0  0
  8  9  1  0  0  0
M  END
$$$$
O1C2C(OCC2)COP1
  -ISIS-

  9 10  0  0  0  0  0  0  0  0  1
    2.5051    0.7138   -2.9759  P  0  0  0  0  0
    1.5697    1.5450   -1.9441  O  0  0  0  0  0
    2.1604    1.8967   -0.6944  C  0  0  0  0  0
    3.4012    2.7313   -0.9645  C  0  0  0  0  0
    4.3781    1.9243   -1.7956  C  0  0  0  0  0
    3.8249    1.6603   -3.0629  O  0  0  0  0  0
    5.5712    2.8413   -1.7566  C  0  0  0  0  0
    5.5142    3.3449   -0.3020  C  0  0  0  0  0
    4.1541    3.1392    0.1728  O  0  0  0  0  0
  1  6  1  0  0  0
  1  2  1  0  0  0
  2  3  1  0  0  0
  3  4  1  0  0  0
  4  9  1  0  0  0
  4  5  1  0  0  0
  5  6  1  0  0  0
  5  7  1  0  0  0
  7  8  1  0  0  0
  8  9  1  0  0  0
M  END
$$$$
O1C2C(OCC2)COP1
  -ISIS-

  9 10  0  0  0  0  0  0  0  0  1
    2.5051    0.7138   -2.9759  P  0  0  0  0  0
    1.5697    1.5450   -1.9441  O  0  0  0  0  0
    2.1604    1.8967   -0.6944  C  0  0  0  0  0
    3.4012    2.7313   -0.9645  C  0  0  0  0  0
    4.3781    1.9243   -1.7956  C  0  0  0  0  0
    3.8249    1.6603   -3.0629  O  0  0  0  0  0
    5.5712    2.8413   -1.7566  C  0  0  0  0  0
    5.5142    3.3449   -0.3020  C  0  0  0  0  0
    4.1541    3.1392    0.1728  O  0  0  0  0  0
  1  6  1  0  0  0
  1  2  1  0  0  0
  2  3  1  0  0  0
  3  4  1  0  0  0
  4  9  1  0  0  0
  4  5  1  0  0  0
  5  6  1  0  0  0
  5  7  1  0  0  0
  7  8  1  0  0  0
  8  9  1  0  0  0
M  END
$$$$
O1C2C(OCC2)COP1
  -ISIS-

  9 10  0  0  0  0  0  0  0  0  1
    1.3625   -3.1682    0.2194  C  0  0  0  0  0
    1.3378   -2.2699   -0.9372  O  0  0  0  0  0
    2.4471   -1.3838   -0.7494  C  0  0  0  0  0
    2.6873   -1.3474    0.7471  C  0  0  0  0  0
    2.6037   -2.8189    1.0702  C  0  0  0  0  0
    3.9231   -0.7319    1.0138  O  0  0  0  0  0
    3.9103    0.8600    0.6225  P  0  0  0  0  0
    3.4982    0.7393   -0.9533  O  0  0  0  0  0
    2.2958    0.0386   -1.2527  C  0  0  0  0  0
  1  5  1  0  0  0
  1  2  1  0  0  0
  2  3  1  0  0  0
  3  9  1  0  0  0
  3  4  1  0  0  0
  4  5  1  0  0  0
  4  6  1  0  0  0
  6  7  1  0  0  0
  7  8  1  0  0  0
  8  9  1  0  0  0
M  END
$$$$
O1C2C(OCC2)COP1
  -ISIS-

  9 10  0  0  0  0  0  0  0  0  1
    1.3625   -3.1682    0.2194  C  0  0  0  0  0
    1.3378   -2.2699   -0.9372  O  0  0  0  0  0
    2.4471   -1.3838   -0.7494  C  0  0  0  0  0
    2.6873   -1.3474    0.7471  C  0  0  0  0  0
    2.6037   -2.8189    1.0702  C  0  0  0  0  0
    3.9231   -0.7319    1.0138  O  0  0  0  0  0
    3.9103    0.8600    0.6225  P  0  0  0  0  0
    3.4982    0.7393   -0.9533  O  0  0  0  0  0
    2.2958    0.0386   -1.2527  C  0  0  0  0  0
  1  5  1  0  0  0
  1  2  1  0  0  0
  2  3  1  0  0  0
  3  9  1  0  0  0
  3  4  1  0  0  0
  4  5  1  0  0  0
  4  6  1  0  0  0
  6  7  1  0  0  0
  7  8  1  0  0  0
  8  9  1  0  0  0
M  END
$$$$
O1C2C(OCC2)COP1
  -ISIS-

  9 10  0  0  0  0  0  0  0  0  1
    1.3625   -3.1682    0.2194  C  0  0  0  0  0
    1.3378   -2.2699   -0.9372  O  0  0  0  0  0
    2.4471   -1.3838   -0.7494  C  0  0  0  0  0
    2.6873   -1.3474    0.7471  C  0  0  0  0  0
    2.6037   -2.8189    1.0702  C  0  0  0  0  0
    3.9231   -0.7319    1.0138  O  0  0  0  0  0
    3.9103    0.8600    0.6225  P  0  0  0  0  0
    3.4982    0.7393   -0.9533  O  0  0  0  0  0
    2.2958    0.0386   -1.2527  C  0  0  0  0  0
  1  5  1  0  0  0
  1  2  1  0  0  0
  2  3  1  0  0  0
  3  9  1  0  0  0
  3  4  1  0  0  0
  4  5  1  0  0  0
  4  6  1  0  0  0
  6  7  1  0  0  0
  7  8  1  0  0  0
  8  9  1  0  0  0
M  END
$$$$
O1C2C(OCC2)COP1
  -ISIS-

  9 10  0  0  0  0  0  0  0  0  1
    0.1369   -2.9661   -3.1697  C  0  0  0  0  0
    1.6470   -3.2750   -2.9542  C  0  0  0  0  0
    1.9628   -2.9581   -1.5651  O  0  0  0  0  0
    0.7604   -2.4326   -0.9972  C  0  0  0  0  0
   -0.0120   -1.8427   -2.1653  C  0  0  0  0  0
   -1.3142   -1.4798   -1.7646  O  0  0  0  0  0
   -1.3142   -0.3195   -0.6353  P  0  0  0  0  0
   -0.3459   -0.9330    0.5046  O  0  0  0  0  0
    0.9406   -1.3707    0.0755  C  0  0  0  0  0
  1  5  1  0  0  0
  1  2  1  0  0  0
  2  3  1  0  0  0
  3  4  1  0  0  0
  4  9  1  0  0  0
  4  5  1  0  0  0
  5  6  1  0  0  0
  6  7  1  0  0  0
  7  8  1  0  0  0
  8  9  1  0  0  0
M  END
$$$$
O1C2C(OCC2)COP1
  -ISIS-

  9 10  0  0  0  0  0  0  0  0  1
    0.1369   -2.9661   -3.1697  C  0  0  0  0  0
    1.6470   -3.2750   -2.9542  C  0  0  0  0  0
    1.9628   -2.9581   -1.5651  O  0  0  0  0  0
    0.7604   -2.4326   -0.9972  C  0  0  0  0  0
   -0.0120   -1.8427   -2.1653  C  0  0  0  0  0
   -1.3142   -1.4798   -1.7646  O  0  0  0  0  0
   -1.3142   -0.3195   -0.6353  P  0  0  0  0  0
   -0.3459   -0.9330    0.5046  O  0  0  0  0  0
    0.9406   -1.3707    0.0755  C  0  0  0  0  0
  1  5  1  0  0  0
  1  2  1  0  0  0
  2  3  1  0  0  0
  3  4  1  0  0  0
  4  9  1  0  0  0
  4  5  1  0  0  0
  5  6  1  0  0  0
  6  7  1  0  0  0
  7  8  1  0  0  0
  8  9  1  0  0  0
M  END
$$$$
O1C2C(OCC2)COP1
  -ISIS-

  9 10  0  0  0  0  0  0  0  0  1
    0.1369   -2.9661   -3.1697  C  0  0  0  0  0
    1.6470   -3.2750   -2.9542  C  0  0  0  0  0
    1.9628   -2.9581   -1.5651  O  0  0  0  0  0
    0.7604   -2.4326   -0.9972  C  0  0  0  0  0
   -0.0120   -1.8427   -2.1653  C  0  0  0  0  0
   -1.3142   -1.4798   -1.7646  O  0  0  0  0  0
   -1.3142   -0.3195   -0.6353  P  0  0  0  0  0
   -0.3459   -0.9330    0.5046  O  0  0  0  0  0
    0.9406   -1.3707    0.0755  C  0  0  0  0  0
  1  5  1  0  0  0
  1  2  1  0  0  0
  2  3  1  0  0  0
  3  4  1  0  0  0
  4  9  1  0  0  0
  4  5  1  0  0  0
  5  6  1  0  0  0
  6  7  1  0  0  0
  7  8  1  0  0  0
  8  9  1  0  0  0
M  END
$$$$
O1C2C(OCC2)COP1
  -ISIS-

  9 10  0  0  0  0  0  0  0  0  1
    3.4209   -5.0785   -3.8052  C  0  0  0  0  0
    2.2949   -5.5911   -4.5436  O  0  0  0  0  0
    1.9483   -6.8772   -3.9895  C  0  0  0  0  0
    0.4406   -7.1101   -4.0486  C  0  0  0  0  0
   -0.2619   -6.3468   -3.0695  O  0  0  0  0  0
    0.1291   -6.6443   -1.5266  P  0  0  0  0  0
    1.6789   -6.1948   -1.6302  O  0  0  0  0  0
    2.4962   -6.8940   -2.5664  C  0  0  0  0  0
    3.7805   -6.1133   -2.7364  C  0  0  0  0  0
  1  9  1  0  0  0
  1  2  1  0  0  0
  2  3  1  0  0  0
  3  8  1  0  0  0
  3  4  1  0  0  0
  4  5  1  0  0  0
  5  6  1  0  0  0
  6  7  1  0  0  0
  7  8  1  0  0  0
  8  9  1  0  0  0
M  END
$$$$
O1C2C(OCC2)COP1
  -ISIS-

  9 10  0  0  0  0  0  0  0  0  1
    3.4209   -5.0785   -3.8052  C  0  0  0  0  0
    2.2949   -5.5911   -4.5436  O  0  0  0  0  0
    1.9483   -6.8772   -3.9895  C  0  0  0  0  0
    0.4406   -7.1101   -4.0486  C  0  0  0  0  0
   -0.2619   -6.3468   -3.0695  O  0  0  0  0  0
    0.1291   -6.6443   -1.5266  P  0  0  0  0  0
    1.6789   -6.1948   -1.6302  O  0  0  0  0  0
    2.4962   -6.8940   -2.5664  C  0  0  0  0  0
    3.7805   -6.1133   -2.7364  C  0  0  0  0  0
  1  9  1  0  0  0
  1  2  1  0  0  0
  2  3  1  0  0  0
  3  8  1  0  0  0
  3  4  1  0  0  0
  4  5  1  0  0  0
  5  6  1  0  0  0
  6  7  1  0  0  0
  7  8  1  0  0  0
  8  9  1  0  0  0
M  END
$$$$
O1C2C(OCC2)COP1
  -ISIS-

  9 10  0  0  0  0  0  0  0  0  1
   -4.1754    4.5178   -2.3341  C  0  0  0  0  0
   -3.1747    3.7009   -1.7058  O  0  0  0  0  0
   -2.5513    4.5350   -0.7221  C  0  0  0  0  0
   -2.0194    3.7222    0.4417  C  0  0  0  0  0
   -1.6958    4.6267    1.4799  O  0  0  0  0  0
   -2.9734    5.2396    2.2565  P  0  0  0  0  0
   -4.0141    5.4941    1.0463  O  0  0  0  0  0
   -3.5678    5.6010   -0.2946  C  0  0  0  0  0
   -4.7534    5.3617   -1.2113  C  0  0  0  0  0
  1  9  1  0  0  0
  1  2  1  0  0  0
  2  3  1  0  0  0
  3  8  1  0  0  0
  3  4  1  0  0  0
  4  5  1  0  0  0
  5  6  1  0  0  0
  6  7  1  0  0  0
  7  8  1  0  0  0
  8  9  1  0  0  0
M  END
$$$$
O1C2C(OCC2)COP1
  -ISIS-

  9 10  0  0  0  0  0  0  0  0  1
   -4.1754    4.5178   -2.3341  C  0  0  0  0  0
   -3.1747    3.7009   -1.7058  O  0  0  0  0  0
   -2.5513    4.5350   -0.7221  C  0  0  0  0  0
   -2.0194    3.7222    0.4417  C  0  0  0  0  0
   -1.6958    4.6267    1.4799  O  0  0  0  0  0
   -2.9734    5.2396    2.2565  P  0  0  0  0  0
   -4.0141    5.4941    1.0463  O  0  0  0  0  0
   -3.5678    5.6010   -0.2946  C  0  0  0  0  0
   -4.7534    5.3617   -1.2113  C  0  0  0  0  0
  1  9  1  0  0  0
  1  2  1  0  0  0
  2  3  1  0  0  0
  3  8  1  0  0  0
  3  4  1  0  0  0
  4  5  1  0  0  0
  5  6  1  0  0  0
  6  7  1  0  0  0
  7  8  1  0  0  0
  8  9  1  0  0  0
M  END
$$$$
O1C2C(OCC2)COP1
  -ISIS-

  9 10  0  0  0  0  0  0  0  0  1
   -2.5052    4.6664    1.4067  C  0  0  0  0  0
   -3.1257    5.3664    0.1930  C  0  0  0  0  0
   -4.5917    5.0140    0.3077  C  0  0  0  0  0
   -5.1944    5.9445    1.1917  O  0  0  0  0  0
   -6.6112    5.5795    1.8696  P  0  0  0  0  0
   -6.3035    4.1068    2.4548  O  0  0  0  0  0
   -5.7900    3.1352    1.5584  C  0  0  0  0  0
   -4.5116    3.6051    0.8772  C  0  0  0  0  0
   -3.4253    3.6357    1.8210  O  0  0  0  0  0
  1  9  1  0  0  0
  1  2  1  0  0  0
  2  3  1  0  0  0
  3  8  1  0  0  0
  3  4  1  0  0  0
  4  5  1  0  0  0
  5  6  1  0  0  0
  6  7  1  0  0  0
  7  8  1  0  0  0
  8  9  1  0  0  0
M  END
$$$$
O1C2C(OCC2)COP1
  -ISIS-

  9 10  0  0  0  0  0  0  0  0  1
   -2.5052    4.6664    1.4067  C  0  0  0  0  0
   -3.1257    5.3664    0.1930  C  0  0  0  0  0
   -4.5917    5.0140    0.3077  C  0  0  0  0  0
   -5.1944    5.9445    1.1917  O  0  0  0  0  0
   -6.6112    5.5795    1.8696  P  0  0  0  0  0
   -6.3035    4.1068    2.4548  O  0  0  0  0  0
   -5.7900    3.1352    1.5584  C  0  0  0  0  0
   -4.5116    3.6051    0.8772  C  0  0  0  0  0
   -3.4253    3.6357    1.8210  O  0  0  0  0  0
  1  9  1  0  0  0
  1  2  1  0  0  0
  2  3  1  0  0  0
  3  8  1  0  0  0
  3  4  1  0  0  0
  4  5  1  0  0  0
  5  6  1  0  0  0
  6  7  1  0  0  0
  7  8  1  0  0  0
  8  9  1  0  0  0
M  END
$$$$
O1C2C(OCC2)COP1
  -ISIS-

  9 10  0  0  0  0  0  0  0  0  1
   -0.4740    5.3407    4.7328  C  0  0  0  0  0
    0.8520    4.6695    4.3713  C  0  0  0  0  0
    0.4736    3.2223    4.1796  C  0  0  0  0  0
    0.0233    3.0191    2.8470  O  0  0  0  0  0
   -0.5286    1.5399    2.4803  P  0  0  0  0  0
   -0.9862    1.0024    3.9396  O  0  0  0  0  0
   -1.6440    1.9473    4.7679  C  0  0  0  0  0
   -0.6730    3.0548    5.1680  C  0  0  0  0  0
   -1.3651    4.3144    5.2125  O  0  0  0  0  0
  1  9  1  0  0  0
  1  2  1  0  0  0
  2  3  1  0  0  0
  3  8  1  0  0  0
  3  4  1  0  0  0
  4  5  1  0  0  0
  5  6  1  0  0  0
  6  7  1  0  0  0
  7  8  1  0  0  0
  8  9  1  0  0  0
M  END
$$$$
O1C2C(OCC2)COP1
  -ISIS-

  9 10  0  0  0  0  0  0  0  0  1
   -0.4740    5.3407    4.7328  C  0  0  0  0  0
    0.8520    4.6695    4.3713  C  0  0  0  0  0
    0.4736    3.2223    4.1796  C  0  0  0  0  0
    0.0233    3.0191    2.8470  O  0  0  0  0  0
   -0.5286    1.5399    2.4803  P  0  0  0  0  0
   -0.9862    1.0024    3.9396  O  0  0  0  0  0
   -1.6440    1.9473    4.7679  C  0  0  0  0  0
   -0.6730    3.0548    5.1680  C  0  0  0  0  0
   -1.3651    4.3144    5.2125  O  0  0  0  0  0
  1  9  1  0  0  0
  1  2  1  0  0  0
  2  3  1  0  0  0
  3  8  1  0  0  0
  3  4  1  0  0  0
  4  5  1  0  0  0
  5  6  1  0  0  0
  6  7  1  0  0  0
  7  8  1  0  0  0
  8  9  1  0  0  0
M  END
$$$$
O1C2C(OCC2)COP1
  -ISIS-

  9 10  0  0  0  0  0  0  0  0  1
   -0.4926    4.0285    3.4426  C  0  0  0  0  0
    0.5422    4.3863    4.5108  C  0  0  0  0  0
    1.8530    3.8556    3.9601  C  0  0  0  0  0
    2.5719    4.9563    3.4335  O  0  0  0  0  0
    3.7401    4.6531    2.3740  P  0  0  0  0  0
    2.9644    3.7521    1.2872  O  0  0  0  0  0
    2.4023    2.5550    1.8000  C  0  0  0  0  0
    1.4028    2.8323    2.9182  C  0  0  0  0  0
    0.1746    3.3491    2.3735  O  0  0  0  0  0
  1  9  1  0  0  0
  1  2  1  0  0  0
  2  3  1  0  0  0
  3  8  1  0  0  0
  3  4  1  0  0  0
  4  5  1  0  0  0
  5  6  1  0  0  0
  6  7  1  0  0  0
  7  8  1  0  0  0
  8  9  1  0  0  0
M  END
$$$$
O1C2C(OCC2)COP1
  -ISIS-

  9 10  0  0  0  0  0  0  0  0  1
   -0.4926    4.0285    3.4426  C  0  0  0  0  0
    0.5422    4.3863    4.5108  C  0  0  0  0  0
    1.8530    3.8556    3.9601  C  0  0  0  0  0
    2.5719    4.9563    3.4335  O  0  0  0  0  0
    3.7401    4.6531    2.3740  P  0  0  0  0  0
    2.9644    3.7521    1.2872  O  0  0  0  0  0
    2.4023    2.5550    1.8000  C  0  0  0  0  0
    1.4028    2.8323    2.9182  C  0  0  0  0  0
    0.1746    3.3491    2.3735  O  0  0  0  0  0
  1  9  1  0  0  0
  1  2  1  0  0  0
  2  3  1  0  0  0
  3  8  1  0  0  0
  3  4  1  0  0  0
  4  5  1  0  0  0
  5  6  1  0  0  0
  6  7  1  0  0  0
  7  8  1  0  0  0
  8  9  1  0  0  0
M  END
$$$$
O1C2C(OCC2)COP1
  -ISIS-

  9 10  0  0  0  0  0  0  0  0  1
    0.7462    2.8454   -3.8843  C  0  0  0  0  0
    2.0528    3.5091   -3.4832  C  0  0  0  0  0
    1.7064    4.0642   -2.1218  C  0  0  0  0  0
    2.8700    4.2099   -1.3302  O  0  0  0  0  0
    2.6300    4.1802    0.2669  P  0  0  0  0  0
    1.9857    2.7184    0.4947  O  0  0  0  0  0
    1.4100    2.0550   -0.6243  C  0  0  0  0  0
    0.7172    3.0355   -1.5712  C  0  0  0  0  0
    0.1237    2.3569   -2.6878  O  0  0  0  0  0
  1  9  1  0  0  0
  1  2  1  0  0  0
  2  3  1  0  0  0
  3  8  1  0  0  0
  3  4  1  0  0  0
  4  5  1  0  0  0
  5  6  1  0  0  0
  6  7  1  0  0  0
  7  8  1  0  0  0
  8  9  1  0  0  0
M  END
$$$$
O1C2C(OCC2)COP1
  -ISIS-

  9 10  0  0  0  0  0  0  0  0  1
    0.7462    2.8454   -3.8843  C  0  0  0  0  0
    2.0528    3.5091   -3.4832  C  0  0  0  0  0
    1.7064    4.0642   -2.1218  C  0  0  0  0  0
    2.8700    4.2099   -1.3302  O  0  0  0  0  0
    2.6300    4.1802    0.2669  P  0  0  0  0  0
    1.9857    2.7184    0.4947  O  0  0  0  0  0
    1.4100    2.0550   -0.6243  C  0  0  0  0  0
    0.7172    3.0355   -1.5712  C  0  0  0  0  0
    0.1237    2.3569   -2.6878  O  0  0  0  0  0
  1  9  1  0  0  0
  1  2  1  0  0  0
  2  3  1  0  0  0
  3  8  1  0  0  0
  3  4  1  0  0  0
  4  5  1  0  0  0
  5  6  1  0  0  0
  6  7  1  0  0  0
  7  8  1  0  0  0
  8  9  1  0  0  0
M  END
$$$$
O1C2C(OCC2)COP1
  -ISIS-

  9 10  0  0  0  0  0  0  0  0  1
   -4.4812    1.5378   -9.0167  C  0  0  0  0  0
   -5.2080    1.3407   -7.6915  C  0  0  0  0  0
   -4.1131    0.6784   -6.8872  C  0  0  0  0  0
   -4.3506    0.6137   -5.5018  O  0  0  0  0  0
   -4.0327    1.8958   -4.5865  P  0  0  0  0  0
   -2.5734    2.3268   -5.1150  O  0  0  0  0  0
   -2.5385    2.6611   -6.4910  C  0  0  0  0  0
   -2.8641    1.4353   -7.3447  C  0  0  0  0  0
   -3.1006    1.8206   -8.7131  O  0  0  0  0  0
  1  9  1  0  0  0
  1  2  1  0  0  0
  2  3  1  0  0  0
  3  8  1  0  0  0
  3  4  1  0  0  0
  4  5  1  0  0  0
  5  6  1  0  0  0
  6  7  1  0  0  0
  7  8  1  0  0  0
  8  9  1  0  0  0
M  END
$$$$
O1C2C(OCC2)COP1
  -ISIS-

  9 10  0  0  0  0  0  0  0  0  1
   -4.4812    1.5378   -9.0167  C  0  0  0  0  0
   -5.2080    1.3407   -7.6915  C  0  0  0  0  0
   -4.1131    0.6784   -6.8872  C  0  0  0  0  0
   -4.3506    0.6137   -5.5018  O  0  0  0  0  0
   -4.0327    1.8958   -4.5865  P  0  0  0  0  0
   -2.5734    2.3268   -5.1150  O  0  0  0  0  0
   -2.5385    2.6611   -6.4910  C  0  0  0  0  0
   -2.8641    1.4353   -7.3447  C  0  0  0  0  0
   -3.1006    1.8206   -8.7131  O  0  0  0  0  0
  1  9  1  0  0  0
  1  2  1  0  0  0
  2  3  1  0  0  0
  3  8  1  0  0  0
  3  4  1  0  0  0
  4  5  1  0  0  0
  5  6  1  0  0  0
  6  7  1  0  0  0
  7  8  1  0  0  0
  8  9  1  0  0  0
M  END
$$$$
O1C2C(OCC2)COP1
  -ISIS-

  9 10  0  0  0  0  0  0  0  0  1
    1.9573    4.2396   -3.5448  P  0  0  0  0  0
    3.3956    4.2188   -4.3054  O  0  0  0  0  0
    4.5639    4.3523   -3.4898  C  0  0  0  0  0
    4.5590    3.2293   -2.4681  C  0  0  0  0  0
    3.3290    3.3695   -1.5953  C  0  0  0  0  0
    2.1799    3.1227   -2.3811  O  0  0  0  0  0
    3.6275    2.3619   -0.5118  C  0  0  0  0  0
    5.1663    2.3951   -0.4391  C  0  0  0  0  0
    5.6538    3.1666   -1.5632  O  0  0  0  0  0
  1  6  1  0  0  0
  1  2  1  0  0  0
  2  3  1  0  0  0
  3  4  1  0  0  0
  4  9  1  0  0  0
  4  5  1  0  0  0
  5  6  1  0  0  0
  5  7  1  0  0  0
  7  8  1  0  0  0
  8  9  1  0  0  0
M  END
$$$$
O1C2C(OCC2)COP1
  -ISIS-

  9 10  0  0  0  0  0  0  0  0  1
    1.9573    4.2396   -3.5448  P  0  0  0  0  0
    3.3956    4.2188   -4.3054  O  0  0  0  0  0
    4.5639    4.3523   -3.4898  C  0  0  0  0  0
    4.5590    3.2293   -2.4681  C  0  0  0  0  0
    3.3290    3.3695   -1.5953  C  0  0  0  0  0
    2.1799    3.1227   -2.3811  O  0  0  0  0  0
    3.6275    2.3619   -0.5118  C  0  0  0  0  0
    5.1663    2.3951   -0.4391  C  0  0  0  0  0
    5.6538    3.1666   -1.5632  O  0  0  0  0  0
  1  6  1  0  0  0
  1  2  1  0  0  0
  2  3  1  0  0  0
  3  4  1  0  0  0
  4  9  1  0  0  0
  4  5  1  0  0  0
  5  6  1  0  0  0
  5  7  1  0  0  0
  7  8  1  0  0  0
  8  9  1  0  0  0
M  END
$$$$
O1C2C(OCC2)COP1
  -ISIS-

  9 10  0  0  0  0  0  0  0  0  1
    1.5859    2.4398   -0.3630  P  0  0  0  0  0
    2.6612    3.6508   -0.5397  O  0  0  0  0  0
    2.4216    4.6709   -1.5072  C  0  0  0  0  0
    1.0626    5.2812   -1.2379  C  0  0  0  0  0
    0.0233    4.1969   -1.3997  C  0  0  0  0  0
    0.1736    3.2560   -0.3612  O  0  0  0  0  0
   -1.2489    5.0087   -1.3817  C  0  0  0  0  0
   -0.7995    6.3468   -1.9970  C  0  0  0  0  0
    0.6439    6.3308   -2.1013  O  0  0  0  0  0
  1  6  1  0  0  0
  1  2  1  0  0  0
  2  3  1  0  0  0
  3  4  1  0  0  0
  4  9  1  0  0  0
  4  5  1  0  0  0
  5  6  1  0  0  0
  5  7  1  0  0  0
  7  8  1  0  0  0
  8  9  1  0  0  0
M  END
$$$$
O1C2C(OCC2)COP1
  -ISIS-

  9 10  0  0  0  0  0  0  0  0  1
    1.5859    2.4398   -0.3630  P  0  0  0  0  0
    2.6612    3.6508   -0.5397  O  0  0  0  0  0
    2.4216    4.6709   -1.5072  C  0  0  0  0  0
    1.0626    5.2812   -1.2379  C  0  0  0  0  0
    0.0233    4.1969   -1.3997  C  0  0  0  0  0
    0.1736    3.2560   -0.3612  O  0  0  0  0  0
   -1.2489    5.0087   -1.3817  C  0  0  0  0  0
   -0.7995    6.3468   -1.9970  C  0  0  0  0  0
    0.6439    6.3308   -2.1013  O  0  0  0  0  0
  1  6  1  0  0  0
  1  2  1  0  0  0
  2  3  1  0  0  0
  3  4  1  0  0  0
  4  9  1  0  0  0
  4  5  1  0  0  0
  5  6  1  0  0  0
  5  7  1  0  0  0
  7  8  1  0  0  0
  8  9  1  0  0  0
M  END
$$$$
O1C2C(OCC2)COP1
  -ISIS-

  9 10  0  0  0  0  0  0  0  0  1
   -2.8325    4.6839   -3.8024  P  0  0  0  0  0
   -3.0937    5.8825   -2.7305  O  0  0  0  0  0
   -3.9455    5.6525   -1.6098  C  0  0  0  0  0
   -3.4314    4.4462   -0.8533  C  0  0  0  0  0
   -3.5009    3.2520   -1.7759  C  0  0  0  0  0
   -2.5609    3.4157   -2.8132  O  0  0  0  0  0
   -3.2347    2.1229   -0.8104  C  0  0  0  0  0
   -3.8239    2.6633    0.5056  C  0  0  0  0  0
   -4.1504    4.0598    0.3113  O  0  0  0  0  0
  1  6  1  0  0  0
  1  2  1  0  0  0
  2  3  1  0  0  0
  3  4  1  0  0  0
  4  9  1  0  0  0
  4  5  1  0  0  0
  5  6  1  0  0  0
  5  7  1  0  0  0
  7  8  1  0  0  0
  8  9  1  0  0  0
M  END
$$$$
O1C2C(OCC2)COP1
  -ISIS-

  9 10  0  0  0  0  0  0  0  0  1
   -2.8325    4.6839   -3.8024  P  0  0  0  0  0
   -3.0937    5.8825   -2.7305  O  0  0  0  0  0
   -3.9455    5.6525   -1.6098  C  0  0  0  0  0
   -3.4314    4.4462   -0.8533  C  0  0  0  0  0
   -3.5009    3.2520   -1.7759  C  0  0  0  0  0
   -2.5609    3.4157   -2.8132  O  0  0  0  0  0
   -3.2347    2.1229   -0.8104  C  0  0  0  0  0
   -3.8239    2.6633    0.5056  C  0  0  0  0  0
   -4.1504    4.0598    0.3113  O  0  0  0  0  0
  1  6  1  0  0  0
  1  2  1  0  0  0
  2  3  1  0  0  0
  3  4  1  0  0  0
  4  9  1  0  0  0
  4  5  1  0  0  0
  5  6  1  0  0  0
  5  7  1  0  0  0
  7  8  1  0  0  0
  8  9  1  0  0  0
M  END
$$$$
