O1C2C(OCCCC2)CC1
  -ISIS-

 10 11  0  0  0  0  0  0  0  0  1
   -2.3535    2.6221    3.0851  C  0  0  0  0  0
   -2.1473    1.8149    4.2655  O  0  0  0  0  0
   -0.9680    1.0210    4.0660  C  0  0  0  0  0
   -0.7969    0.9179    2.5588  C  0  0  0  0  0
   -1.1999    2.3149    2.1376  C  0  0  0  0  0
    0.5482    0.6567    2.1533  O  0  0  0  0  0
    1.1574   -0.5214    2.4231  C  0  0  0  0  0
    0.3466   -1.5876    3.1183  C  0  0  0  0  0
    0.0585   -1.2509    4.5754  C  0  0  0  0  0
   -1.1416   -0.3259    4.7522  C  0  0  0  0  0
  1  5  1  0  0  0
  1  2  1  0  0  0
  2  3  1  0  0  0
  3 10  1  0  0  0
  3  4  1  0  0  0
  4  5  1  0  0  0
  4  6  1  0  0  0
  6  7  1  0  0  0
  7  8  1  0  0  0
  8  9  1  0  0  0
  9 10  1  0  0  0
M  END
$$$$
