O1C2C(OC2)C3OCC13
  -ISIS-

  9 11  0  0  0  0  0  0  0  0  1
   -1.4611    3.0572    0.7327  O  0  0  0  0  0
   -1.5268    3.2129    2.1754  C  0  0  0  0  0
   -0.0585    3.7154    2.6929  C  0  0  0  0  0
   -0.1349    4.9119    1.7546  C  0  0  0  0  0
   -0.3078    3.9031    0.4785  C  0  0  0  0  0
   -0.1140    5.2202   -0.2486  C  0  0  0  0  0
    0.8381    5.5852    0.8775  O  0  0  0  0  0
   -0.6144    3.4261    4.0258  O  0  0  0  0  0
   -1.3182    2.2663    3.3423  C  0  0  0  0  0
  1  5  1  0  0  0
  1  2  1  0  0  0
  2  9  1  0  0  0
  2  3  1  0  0  0
  3  4  1  0  0  0
  3  8  1  0  0  0
  4  7  1  0  0  0
  4  5  1  0  0  0
  5  6  1  0  0  0
  6  7  1  0  0  0
  8  9  1  0  0  0
M  END
$$$$
