O1C2OCC1CC3OCOC23
  -ISIS-

 11 13  0  0  0  0  0  0  0  0  1
   -6.8169    5.6468   -1.0538  C  0  0  0  0  0
   -8.3214    6.0985   -0.7730  C  0  0  0  0  0
   -8.2198    5.9994    0.7048  O  0  0  0  0  0
   -7.8601    7.3458    1.0797  C  0  0  0  0  0
   -6.4302    7.5742    0.5431  C  0  0  0  0  0
   -5.9014    6.2406    0.0442  C  0  0  0  0  0
   -4.5438    6.5472   -0.2636  O  0  0  0  0  0
   -4.1909    7.4862    0.7863  C  0  0  0  0  0
   -5.3964    7.9371    1.4610  O  0  0  0  0  0
   -8.8105    8.1476    0.3597  O  0  0  0  0  0
   -9.3821    7.2123   -0.5924  C  0  0  0  0  0
  1  6  1  0  0  0
  1  2  1  0  0  0
  2 11  1  0  0  0
  2  3  1  0  0  0
  3  4  1  0  0  0
  4  5  1  0  0  0
  4 10  1  0  0  0
  5  9  1  0  0  0
  5  6  1  0  0  0
  6  7  1  0  0  0
  7  8  1  0  0  0
  8  9  1  0  0  0
 10 11  1  0  0  0
M  END
$$$$
O1C2OCC1CC3OCOC23
  -ISIS-

 11 13  0  0  0  0  0  0  0  0  1
   -6.8169    5.6468   -1.0538  C  0  0  0  0  0
   -8.3214    6.0985   -0.7730  C  0  0  0  0  0
   -8.2198    5.9994    0.7048  O  0  0  0  0  0
   -7.8601    7.3458    1.0797  C  0  0  0  0  0
   -6.4302    7.5742    0.5431  C  0  0  0  0  0
   -5.9014    6.2406    0.0442  C  0  0  0  0  0
   -4.5438    6.5472   -0.2636  O  0  0  0  0  0
   -4.1909    7.4862    0.7863  C  0  0  0  0  0
   -5.3964    7.9371    1.4610  O  0  0  0  0  0
   -8.8105    8.1476    0.3597  O  0  0  0  0  0
   -9.3821    7.2123   -0.5924  C  0  0  0  0  0
  1  6  1  0  0  0
  1  2  1  0  0  0
  2 11  1  0  0  0
  2  3  1  0  0  0
  3  4  1  0  0  0
  4  5  1  0  0  0
  4 10  1  0  0  0
  5  9  1  0  0  0
  5  6  1  0  0  0
  6  7  1  0  0  0
  7  8  1  0  0  0
  8  9  1  0  0  0
 10 11  1  0  0  0
M  END
$$$$
O1C2OCC1CC3OCOC23
  -ISIS-

 11 13  0  0  0  0  0  0  0  0  1
    3.3762   -2.4417   -4.5422  C  0  0  0  0  0
    3.6153   -3.2831   -5.8329  C  0  0  0  0  0
    3.9493   -2.3696   -6.9074  O  0  0  0  0  0
    2.6585   -1.7796   -7.2005  C  0  0  0  0  0
    2.4525   -0.7292   -6.1036  C  0  0  0  0  0
    2.2349   -1.4542   -4.8021  C  0  0  0  0  0
    2.0091   -0.3684   -3.9119  O  0  0  0  0  0
    1.2068    0.5306   -4.7299  C  0  0  0  0  0
    1.3281    0.1400   -6.1279  O  0  0  0  0  0
    1.6898   -2.8397   -7.0970  O  0  0  0  0  0
    2.3650   -3.9153   -6.4133  C  0  0  0  0  0
  1  6  1  0  0  0
  1  2  1  0  0  0
  2 11  1  0  0  0
  2  3  1  0  0  0
  3  4  1  0  0  0
  4  5  1  0  0  0
  4 10  1  0  0  0
  5  9  1  0  0  0
  5  6  1  0  0  0
  6  7  1  0  0  0
  7  8  1  0  0  0
  8  9  1  0  0  0
 10 11  1  0  0  0
M  END
$$$$
O1C2OCC1CC3OCOC23
  -ISIS-

 11 13  0  0  0  0  0  0  0  0  1
    3.3762   -2.4417   -4.5422  C  0  0  0  0  0
    3.6153   -3.2831   -5.8329  C  0  0  0  0  0
    3.9493   -2.3696   -6.9074  O  0  0  0  0  0
    2.6585   -1.7796   -7.2005  C  0  0  0  0  0
    2.4525   -0.7292   -6.1036  C  0  0  0  0  0
    2.2349   -1.4542   -4.8021  C  0  0  0  0  0
    2.0091   -0.3684   -3.9119  O  0  0  0  0  0
    1.2068    0.5306   -4.7299  C  0  0  0  0  0
    1.3281    0.1400   -6.1279  O  0  0  0  0  0
    1.6898   -2.8397   -7.0970  O  0  0  0  0  0
    2.3650   -3.9153   -6.4133  C  0  0  0  0  0
  1  6  1  0  0  0
  1  2  1  0  0  0
  2 11  1  0  0  0
  2  3  1  0  0  0
  3  4  1  0  0  0
  4  5  1  0  0  0
  4 10  1  0  0  0
  5  9  1  0  0  0
  5  6  1  0  0  0
  6  7  1  0  0  0
  7  8  1  0  0  0
  8  9  1  0  0  0
 10 11  1  0  0  0
M  END
$$$$
O1C2OCC1CC3OCOC23
  -ISIS-

 11 13  0  0  0  0  0  0  0  0  1
   -0.7018    3.4057   -1.0466  C  0  0  0  0  0
   -0.0770    2.0523   -0.5748  C  0  0  0  0  0
   -0.5573    1.7331    0.7522  O  0  0  0  0  0
    0.1657    2.6868    1.5635  C  0  0  0  0  0
   -0.5768    4.0147    1.3671  C  0  0  0  0  0
   -0.3081    4.4864   -0.0393  C  0  0  0  0  0
   -0.9505    5.7525   -0.0616  O  0  0  0  0  0
   -0.7048    6.2539    1.2796  C  0  0  0  0  0
   -0.2101    5.1702    2.1152  O  0  0  0  0  0
    1.4997    2.7464    1.0179  O  0  0  0  0  0
    1.4107    2.1236   -0.2814  C  0  0  0  0  0
  1  6  1  0  0  0
  1  2  1  0  0  0
  2 11  1  0  0  0
  2  3  1  0  0  0
  3  4  1  0  0  0
  4  5  1  0  0  0
  4 10  1  0  0  0
  5  9  1  0  0  0
  5  6  1  0  0  0
  6  7  1  0  0  0
  7  8  1  0  0  0
  8  9  1  0  0  0
 10 11  1  0  0  0
M  END
$$$$
O1C2OCC1CC3OCOC23
  -ISIS-

 11 13  0  0  0  0  0  0  0  0  1
   -0.7018    3.4057   -1.0466  C  0  0  0  0  0
   -0.0770    2.0523   -0.5748  C  0  0  0  0  0
   -0.5573    1.7331    0.7522  O  0  0  0  0  0
    0.1657    2.6868    1.5635  C  0  0  0  0  0
   -0.5768    4.0147    1.3671  C  0  0  0  0  0
   -0.3081    4.4864   -0.0393  C  0  0  0  0  0
   -0.9505    5.7525   -0.0616  O  0  0  0  0  0
   -0.7048    6.2539    1.2796  C  0  0  0  0  0
   -0.2101    5.1702    2.1152  O  0  0  0  0  0
    1.4997    2.7464    1.0179  O  0  0  0  0  0
    1.4107    2.1236   -0.2814  C  0  0  0  0  0
  1  6  1  0  0  0
  1  2  1  0  0  0
  2 11  1  0  0  0
  2  3  1  0  0  0
  3  4  1  0  0  0
  4  5  1  0  0  0
  4 10  1  0  0  0
  5  9  1  0  0  0
  5  6  1  0  0  0
  6  7  1  0  0  0
  7  8  1  0  0  0
  8  9  1  0  0  0
 10 11  1  0  0  0
M  END
$$$$
O1C2OCC1CC3OCOC23
  -ISIS-

 11 13  0  0  0  0  0  0  0  0  1
   -9.1284   -3.6707    2.4950  C  0  0  0  0  0
   -9.6289   -5.1243    2.3589  C  0  0  0  0  0
   -8.6081   -6.0206    2.8148  O  0  0  0  0  0
   -7.6242   -5.8975    1.7648  C  0  0  0  0  0
   -6.8955   -4.5804    2.0677  C  0  0  0  0  0
   -7.8030   -3.4081    1.7675  C  0  0  0  0  0
   -6.9315   -2.3185    1.9855  O  0  0  0  0  0
   -5.6606   -2.8028    1.4849  C  0  0  0  0  0
   -5.7312   -4.2415    1.3189  O  0  0  0  0  0
   -8.3550   -5.8174    0.5267  O  0  0  0  0  0
   -9.7200   -5.5290    0.9044  C  0  0  0  0  0
  1  6  1  0  0  0
  1  2  1  0  0  0
  2 11  1  0  0  0
  2  3  1  0  0  0
  3  4  1  0  0  0
  4  5  1  0  0  0
  4 10  1  0  0  0
  5  9  1  0  0  0
  5  6  1  0  0  0
  6  7  1  0  0  0
  7  8  1  0  0  0
  8  9  1  0  0  0
 10 11  1  0  0  0
M  END
$$$$
O1C2OCC1CC3OCOC23
  -ISIS-

 11 13  0  0  0  0  0  0  0  0  1
   -9.1284   -3.6707    2.4950  C  0  0  0  0  0
   -9.6289   -5.1243    2.3589  C  0  0  0  0  0
   -8.6081   -6.0206    2.8148  O  0  0  0  0  0
   -7.6242   -5.8975    1.7648  C  0  0  0  0  0
   -6.8955   -4.5804    2.0677  C  0  0  0  0  0
   -7.8030   -3.4081    1.7675  C  0  0  0  0  0
   -6.9315   -2.3185    1.9855  O  0  0  0  0  0
   -5.6606   -2.8028    1.4849  C  0  0  0  0  0
   -5.7312   -4.2415    1.3189  O  0  0  0  0  0
   -8.3550   -5.8174    0.5267  O  0  0  0  0  0
   -9.7200   -5.5290    0.9044  C  0  0  0  0  0
  1  6  1  0  0  0
  1  2  1  0  0  0
  2 11  1  0  0  0
  2  3  1  0  0  0
  3  4  1  0  0  0
  4  5  1  0  0  0
  4 10  1  0  0  0
  5  9  1  0  0  0
  5  6  1  0  0  0
  6  7  1  0  0  0
  7  8  1  0  0  0
  8  9  1  0  0  0
 10 11  1  0  0  0
M  END
$$$$
O1C2OCC1CC3OCOC23
  -ISIS-

 11 13  0  0  0  0  0  0  0  0  1
   -2.7591   -0.2319    4.3400  C  0  0  0  0  0
   -1.7657    0.5475    3.4455  C  0  0  0  0  0
   -2.5104    1.3629    2.5287  O  0  0  0  0  0
   -3.0749    0.3713    1.6449  C  0  0  0  0  0
   -4.2710   -0.2016    2.4163  C  0  0  0  0  0
   -3.7817   -1.0658    3.5577  C  0  0  0  0  0
   -5.0002   -1.5775    4.0558  O  0  0  0  0  0
   -5.7857   -1.7918    2.8573  C  0  0  0  0  0
   -5.1716   -1.0841    1.7510  O  0  0  0  0  0
   -2.0560   -0.6241    1.4374  O  0  0  0  0  0
   -1.0767   -0.3894    2.4744  C  0  0  0  0  0
  1  6  1  0  0  0
  1  2  1  0  0  0
  2 11  1  0  0  0
  2  3  1  0  0  0
  3  4  1  0  0  0
  4  5  1  0  0  0
  4 10  1  0  0  0
  5  9  1  0  0  0
  5  6  1  0  0  0
  6  7  1  0  0  0
  7  8  1  0  0  0
  8  9  1  0  0  0
 10 11  1  0  0  0
M  END
$$$$
O1C2OCC1CC3OCOC23
  -ISIS-

 11 13  0  0  0  0  0  0  0  0  1
   -2.7591   -0.2319    4.3400  C  0  0  0  0  0
   -1.7657    0.5475    3.4455  C  0  0  0  0  0
   -2.5104    1.3629    2.5287  O  0  0  0  0  0
   -3.0749    0.3713    1.6449  C  0  0  0  0  0
   -4.2710   -0.2016    2.4163  C  0  0  0  0  0
   -3.7817   -1.0658    3.5577  C  0  0  0  0  0
   -5.0002   -1.5775    4.0558  O  0  0  0  0  0
   -5.7857   -1.7918    2.8573  C  0  0  0  0  0
   -5.1716   -1.0841    1.7510  O  0  0  0  0  0
   -2.0560   -0.6241    1.4374  O  0  0  0  0  0
   -1.0767   -0.3894    2.4744  C  0  0  0  0  0
  1  6  1  0  0  0
  1  2  1  0  0  0
  2 11  1  0  0  0
  2  3  1  0  0  0
  3  4  1  0  0  0
  4  5  1  0  0  0
  4 10  1  0  0  0
  5  9  1  0  0  0
  5  6  1  0  0  0
  6  7  1  0  0  0
  7  8  1  0  0  0
  8  9  1  0  0  0
 10 11  1  0  0  0
M  END
$$$$
O1C2OCC1CC3OCOC23
  -ISIS-

 11 13  0  0  0  0  0  0  0  0  1
   -0.4697   -1.5350    1.9575  C  0  0  0  0  0
    0.5939   -1.8304    0.8360  C  0  0  0  0  0
   -0.0309   -2.4915   -0.2946  O  0  0  0  0  0
   -0.2914   -3.8062    0.2416  C  0  0  0  0  0
   -1.5341   -3.6273    1.1182  C  0  0  0  0  0
   -1.1351   -2.8609    2.3553  C  0  0  0  0  0
   -2.3794   -2.8230    3.0665  O  0  0  0  0  0
   -2.9156   -4.1512    2.8061  C  0  0  0  0  0
   -2.1919   -4.7516    1.6975  O  0  0  0  0  0
    0.8609   -4.1555    1.0338  O  0  0  0  0  0
    1.5885   -2.9196    1.2072  C  0  0  0  0  0
  1  6  1  0  0  0
  1  2  1  0  0  0
  2 11  1  0  0  0
  2  3  1  0  0  0
  3  4  1  0  0  0
  4  5  1  0  0  0
  4 10  1  0  0  0
  5  9  1  0  0  0
  5  6  1  0  0  0
  6  7  1  0  0  0
  7  8  1  0  0  0
  8  9  1  0  0  0
 10 11  1  0  0  0
M  END
$$$$
O1C2OCC1CC3OCOC23
  -ISIS-

 11 13  0  0  0  0  0  0  0  0  1
   -0.4697   -1.5350    1.9575  C  0  0  0  0  0
    0.5939   -1.8304    0.8360  C  0  0  0  0  0
   -0.0309   -2.4915   -0.2946  O  0  0  0  0  0
   -0.2914   -3.8062    0.2416  C  0  0  0  0  0
   -1.5341   -3.6273    1.1182  C  0  0  0  0  0
   -1.1351   -2.8609    2.3553  C  0  0  0  0  0
   -2.3794   -2.8230    3.0665  O  0  0  0  0  0
   -2.9156   -4.1512    2.8061  C  0  0  0  0  0
   -2.1919   -4.7516    1.6975  O  0  0  0  0  0
    0.8609   -4.1555    1.0338  O  0  0  0  0  0
    1.5885   -2.9196    1.2072  C  0  0  0  0  0
  1  6  1  0  0  0
  1  2  1  0  0  0
  2 11  1  0  0  0
  2  3  1  0  0  0
  3  4  1  0  0  0
  4  5  1  0  0  0
  4 10  1  0  0  0
  5  9  1  0  0  0
  5  6  1  0  0  0
  6  7  1  0  0  0
  7  8  1  0  0  0
  8  9  1  0  0  0
 10 11  1  0  0  0
M  END
$$$$
O1C2OCC1CC3OCOC23
  -ISIS-

 11 13  0  0  0  0  0  0  0  0  1
   -3.6418    2.9882   -8.5530  O  0  0  0  0  0
   -5.0278    3.2274   -8.9468  C  0  0  0  0  0
   -5.6838    4.0274   -7.9223  O  0  0  0  0  0
   -4.7734    3.9355   -6.8347  C  0  0  0  0  0
   -3.4545    3.9902   -7.5568  C  0  0  0  0  0
   -2.3110    3.8177   -6.5606  C  0  0  0  0  0
   -2.5487    4.7806   -5.3603  C  0  0  0  0  0
   -3.8155    4.4648   -4.7445  O  0  0  0  0  0
   -4.7514    4.9863   -5.7196  C  0  0  0  0  0
   -4.2042    6.2309   -6.1885  O  0  0  0  0  0
   -2.8210    6.2200   -5.7700  C  0  0  0  0  0
  1  5  1  0  0  0
  1  2  1  0  0  0
  2  3  1  0  0  0
  3  4  1  0  0  0
  4  9  1  0  0  0
  4  5  1  0  0  0
  5  6  1  0  0  0
  6  7  1  0  0  0
  7 11  1  0  0  0
  7  8  1  0  0  0
  8  9  1  0  0  0
  9 10  1  0  0  0
 10 11  1  0  0  0
M  END
$$$$
O1C2OCC1CC3OCOC23
  -ISIS-

 11 13  0  0  0  0  0  0  0  0  1
   -3.6418    2.9882   -8.5530  O  0  0  0  0  0
   -5.0278    3.2274   -8.9468  C  0  0  0  0  0
   -5.6838    4.0274   -7.9223  O  0  0  0  0  0
   -4.7734    3.9355   -6.8347  C  0  0  0  0  0
   -3.4545    3.9902   -7.5568  C  0  0  0  0  0
   -2.3110    3.8177   -6.5606  C  0  0  0  0  0
   -2.5487    4.7806   -5.3603  C  0  0  0  0  0
   -3.8155    4.4648   -4.7445  O  0  0  0  0  0
   -4.7514    4.9863   -5.7196  C  0  0  0  0  0
   -4.2042    6.2309   -6.1885  O  0  0  0  0  0
   -2.8210    6.2200   -5.7700  C  0  0  0  0  0
  1  5  1  0  0  0
  1  2  1  0  0  0
  2  3  1  0  0  0
  3  4  1  0  0  0
  4  9  1  0  0  0
  4  5  1  0  0  0
  5  6  1  0  0  0
  6  7  1  0  0  0
  7 11  1  0  0  0
  7  8  1  0  0  0
  8  9  1  0  0  0
  9 10  1  0  0  0
 10 11  1  0  0  0
M  END
$$$$
