O1C2CC(OCC2)CCCC=CC=CCCC=CC1
  -ISIS-

 19 20  0  0  0  0  0  0  0  0  1
    5.8359   -1.2942   13.6367  C  0  0  0  0  0
    7.3078   -1.0555   13.2521  C  0  0  0  0  0
    7.5499   -1.1441   11.7662  C  0  0  0  0  0
    7.9268   -0.1042   11.0032  C  0  0  0  0  0
    8.1177   -0.2201    9.5777  C  0  0  0  0  0
    8.5072    0.7060    8.6854  C  0  0  0  0  0
    8.9539    2.1496    8.7780  C  0  0  0  0  0
    7.9750    3.1272    8.0776  C  0  0  0  0  0
    6.6190    3.3631    8.7641  C  0  0  0  0  0
    5.5460    2.3257    8.4117  C  0  0  0  0  0
    5.1695    2.5078    7.0413  O  0  0  0  0  0
    3.9876    1.8243    6.6143  C  0  0  0  0  0
    3.5061    0.7733    7.6228  C  0  0  0  0  0
    3.3466    1.3291    9.0405  C  0  0  0  0  0
    3.6651    0.2356    9.9278  O  0  0  0  0  0
    3.3128    0.3906   11.2289  C  0  0  0  0  0
    4.1312   -0.5757   11.9884  C  0  0  0  0  0
    4.8884   -0.2576   13.0574  C  0  0  0  0  0
    4.3201    2.4843    9.3078  C  0  0  0  0  0
  1 18  1  0  0  0
  1  2  1  0  0  0
  2  3  1  0  0  0
  3  4  2  0  0  0
  4  5  1  0  0  0
  5  6  2  0  0  0
  6  7  1  0  0  0
  7  8  1  0  0  0
  8  9  1  0  0  0
  9 10  1  0  0  0
 10 19  1  0  0  0
 10 11  1  0  0  0
 11 12  1  0  0  0
 12 13  1  0  0  0
 13 14  1  0  0  0
 14 15  1  0  0  0
 14 19  1  0  0  0
 15 16  1  0  0  0
 16 17  1  0  0  0
 17 18  2  0  0  0
M  END
$$$$
