O1C2C3C(C=CCC3C4C(C2)CCCC4)CC1
  -ISIS-

 17 20  0  0  0  0  0  0  0  0  1
   -0.1741    5.2672    2.6676  C  0  0  0  0  0
   -1.5548    5.3488    1.9732  C  0  0  0  0  0
   -2.6406    6.0746    2.8041  C  0  0  0  0  0
   -2.1595    7.4936    3.1769  C  0  0  0  0  0
   -0.8262    7.4768    3.9785  C  0  0  0  0  0
    0.2614    6.6829    3.1515  C  0  0  0  0  0
    0.7367    7.4761    1.9278  C  0  0  0  0  0
    1.8857    6.8918    1.1794  C  0  0  0  0  0
    1.9142    5.5515    1.0671  C  0  0  0  0  0
    0.8496    4.6234    1.6496  C  0  0  0  0  0
    0.1181    3.8913    0.5024  C  0  0  0  0  0
   -1.1621    3.2281    0.9443  C  0  0  0  0  0
   -1.9982    4.0099    1.6730  O  0  0  0  0  0
   -0.3298    8.9139    4.2368  C  0  0  0  0  0
   -1.3537   10.0219    4.5075  C  0  0  0  0  0
   -2.6826    9.8699    3.7783  C  0  0  0  0  0
   -3.2492    8.4403    3.7330  C  0  0  0  0  0
  1  6  1  0  0  0
  1 10  1  0  0  0
  1  2  1  0  0  0
  2 13  1  0  0  0
  2  3  1  0  0  0
  3  4  1  0  0  0
  4 17  1  0  0  0
  4  5  1  0  0  0
  5  6  1  0  0  0
  5 14  1  0  0  0
  6  7  1  0  0  0
  7  8  1  0  0  0
  8  9  2  0  0  0
  9 10  1  0  0  0
 10 11  1  0  0  0
 11 12  1  0  0  0
 12 13  1  0  0  0
 14 15  1  0  0  0
 15 16  1  0  0  0
 16 17  1  0  0  0
M  END
$$$$
O1C2C3C(C=CCC3C4C(C2)CCCC4)CC1
  -ISIS-

 17 20  0  0  0  0  0  0  0  0  1
   -0.1741    5.2672    2.6676  C  0  0  0  0  0
   -1.5548    5.3488    1.9732  C  0  0  0  0  0
   -2.6406    6.0746    2.8041  C  0  0  0  0  0
   -2.1595    7.4936    3.1769  C  0  0  0  0  0
   -0.8262    7.4768    3.9785  C  0  0  0  0  0
    0.2614    6.6829    3.1515  C  0  0  0  0  0
    0.7367    7.4761    1.9278  C  0  0  0  0  0
    1.8857    6.8918    1.1794  C  0  0  0  0  0
    1.9142    5.5515    1.0671  C  0  0  0  0  0
    0.8496    4.6234    1.6496  C  0  0  0  0  0
    0.1181    3.8913    0.5024  C  0  0  0  0  0
   -1.1621    3.2281    0.9443  C  0  0  0  0  0
   -1.9982    4.0099    1.6730  O  0  0  0  0  0
   -0.3298    8.9139    4.2368  C  0  0  0  0  0
   -1.3537   10.0219    4.5075  C  0  0  0  0  0
   -2.6826    9.8699    3.7783  C  0  0  0  0  0
   -3.2492    8.4403    3.7330  C  0  0  0  0  0
  1  6  1  0  0  0
  1 10  1  0  0  0
  1  2  1  0  0  0
  2 13  1  0  0  0
  2  3  1  0  0  0
  3  4  1  0  0  0
  4 17  1  0  0  0
  4  5  1  0  0  0
  5  6  1  0  0  0
  5 14  1  0  0  0
  6  7  1  0  0  0
  7  8  1  0  0  0
  8  9  2  0  0  0
  9 10  1  0  0  0
 10 11  1  0  0  0
 11 12  1  0  0  0
 12 13  1  0  0  0
 14 15  1  0  0  0
 15 16  1  0  0  0
 16 17  1  0  0  0
M  END
$$$$
O1C2C3C(C=CCC3C4C(C2)CCCC4)CC1
  -ISIS-

 17 20  0  0  0  0  0  0  0  0  1
   -0.1741    5.2672    2.6676  C  0  0  0  0  0
   -1.5548    5.3488    1.9732  C  0  0  0  0  0
   -2.6406    6.0746    2.8041  C  0  0  0  0  0
   -2.1595    7.4936    3.1769  C  0  0  0  0  0
   -0.8262    7.4768    3.9785  C  0  0  0  0  0
    0.2614    6.6829    3.1515  C  0  0  0  0  0
    0.7367    7.4761    1.9278  C  0  0  0  0  0
    1.8857    6.8918    1.1794  C  0  0  0  0  0
    1.9142    5.5515    1.0671  C  0  0  0  0  0
    0.8496    4.6234    1.6496  C  0  0  0  0  0
    0.1181    3.8913    0.5024  C  0  0  0  0  0
   -1.1621    3.2281    0.9443  C  0  0  0  0  0
   -1.9982    4.0099    1.6730  O  0  0  0  0  0
   -0.3298    8.9139    4.2368  C  0  0  0  0  0
   -1.3537   10.0219    4.5075  C  0  0  0  0  0
   -2.6826    9.8699    3.7783  C  0  0  0  0  0
   -3.2492    8.4403    3.7330  C  0  0  0  0  0
  1  6  1  0  0  0
  1 10  1  0  0  0
  1  2  1  0  0  0
  2 13  1  0  0  0
  2  3  1  0  0  0
  3  4  1  0  0  0
  4 17  1  0  0  0
  4  5  1  0  0  0
  5  6  1  0  0  0
  5 14  1  0  0  0
  6  7  1  0  0  0
  7  8  1  0  0  0
  8  9  2  0  0  0
  9 10  1  0  0  0
 10 11  1  0  0  0
 11 12  1  0  0  0
 12 13  1  0  0  0
 14 15  1  0  0  0
 15 16  1  0  0  0
 16 17  1  0  0  0
M  END
$$$$
O1C2C3C(C=CCC3C4C(C2)CCCC4)CC1
  -ISIS-

 17 20  0  0  0  0  0  0  0  0  1
   -0.1741    5.2672    2.6676  C  0  0  0  0  0
   -1.5548    5.3488    1.9732  C  0  0  0  0  0
   -2.6406    6.0746    2.8041  C  0  0  0  0  0
   -2.1595    7.4936    3.1769  C  0  0  0  0  0
   -0.8262    7.4768    3.9785  C  0  0  0  0  0
    0.2614    6.6829    3.1515  C  0  0  0  0  0
    0.7367    7.4761    1.9278  C  0  0  0  0  0
    1.8857    6.8918    1.1794  C  0  0  0  0  0
    1.9142    5.5515    1.0671  C  0  0  0  0  0
    0.8496    4.6234    1.6496  C  0  0  0  0  0
    0.1181    3.8913    0.5024  C  0  0  0  0  0
   -1.1621    3.2281    0.9443  C  0  0  0  0  0
   -1.9982    4.0099    1.6730  O  0  0  0  0  0
   -0.3298    8.9139    4.2368  C  0  0  0  0  0
   -1.3537   10.0219    4.5075  C  0  0  0  0  0
   -2.6826    9.8699    3.7783  C  0  0  0  0  0
   -3.2492    8.4403    3.7330  C  0  0  0  0  0
  1  6  1  0  0  0
  1 10  1  0  0  0
  1  2  1  0  0  0
  2 13  1  0  0  0
  2  3  1  0  0  0
  3  4  1  0  0  0
  4 17  1  0  0  0
  4  5  1  0  0  0
  5  6  1  0  0  0
  5 14  1  0  0  0
  6  7  1  0  0  0
  7  8  1  0  0  0
  8  9  2  0  0  0
  9 10  1  0  0  0
 10 11  1  0  0  0
 11 12  1  0  0  0
 12 13  1  0  0  0
 14 15  1  0  0  0
 15 16  1  0  0  0
 16 17  1  0  0  0
M  END
$$$$
O1C2C3C(C=CCC3C4C(C2)CCCC4)CC1
  -ISIS-

 17 20  0  0  0  0  0  0  0  0  1
   -0.1741    5.2672    2.6676  C  0  0  0  0  0
   -1.5548    5.3488    1.9732  C  0  0  0  0  0
   -2.6406    6.0746    2.8041  C  0  0  0  0  0
   -2.1595    7.4936    3.1769  C  0  0  0  0  0
   -0.8262    7.4768    3.9785  C  0  0  0  0  0
    0.2614    6.6829    3.1515  C  0  0  0  0  0
    0.7367    7.4761    1.9278  C  0  0  0  0  0
    1.8857    6.8918    1.1794  C  0  0  0  0  0
    1.9142    5.5515    1.0671  C  0  0  0  0  0
    0.8496    4.6234    1.6496  C  0  0  0  0  0
    0.1181    3.8913    0.5024  C  0  0  0  0  0
   -1.1621    3.2281    0.9443  C  0  0  0  0  0
   -1.9982    4.0099    1.6730  O  0  0  0  0  0
   -0.3298    8.9139    4.2368  C  0  0  0  0  0
   -1.3537   10.0219    4.5075  C  0  0  0  0  0
   -2.6826    9.8699    3.7783  C  0  0  0  0  0
   -3.2492    8.4403    3.7330  C  0  0  0  0  0
  1  6  1  0  0  0
  1 10  1  0  0  0
  1  2  1  0  0  0
  2 13  1  0  0  0
  2  3  1  0  0  0
  3  4  1  0  0  0
  4 17  1  0  0  0
  4  5  1  0  0  0
  5  6  1  0  0  0
  5 14  1  0  0  0
  6  7  1  0  0  0
  7  8  1  0  0  0
  8  9  2  0  0  0
  9 10  1  0  0  0
 10 11  1  0  0  0
 11 12  1  0  0  0
 12 13  1  0  0  0
 14 15  1  0  0  0
 15 16  1  0  0  0
 16 17  1  0  0  0
M  END
$$$$
O1C2C3C(C=CCC3C4C(C2)CCCC4)CC1
  -ISIS-

 17 20  0  0  0  0  0  0  0  0  1
   -0.1741    5.2672    2.6676  C  0  0  0  0  0
   -1.5548    5.3488    1.9732  C  0  0  0  0  0
   -2.6406    6.0746    2.8041  C  0  0  0  0  0
   -2.1595    7.4936    3.1769  C  0  0  0  0  0
   -0.8262    7.4768    3.9785  C  0  0  0  0  0
    0.2614    6.6829    3.1515  C  0  0  0  0  0
    0.7367    7.4761    1.9278  C  0  0  0  0  0
    1.8857    6.8918    1.1794  C  0  0  0  0  0
    1.9142    5.5515    1.0671  C  0  0  0  0  0
    0.8496    4.6234    1.6496  C  0  0  0  0  0
    0.1181    3.8913    0.5024  C  0  0  0  0  0
   -1.1621    3.2281    0.9443  C  0  0  0  0  0
   -1.9982    4.0099    1.6730  O  0  0  0  0  0
   -0.3298    8.9139    4.2368  C  0  0  0  0  0
   -1.3537   10.0219    4.5075  C  0  0  0  0  0
   -2.6826    9.8699    3.7783  C  0  0  0  0  0
   -3.2492    8.4403    3.7330  C  0  0  0  0  0
  1  6  1  0  0  0
  1 10  1  0  0  0
  1  2  1  0  0  0
  2 13  1  0  0  0
  2  3  1  0  0  0
  3  4  1  0  0  0
  4 17  1  0  0  0
  4  5  1  0  0  0
  5  6  1  0  0  0
  5 14  1  0  0  0
  6  7  1  0  0  0
  7  8  1  0  0  0
  8  9  2  0  0  0
  9 10  1  0  0  0
 10 11  1  0  0  0
 11 12  1  0  0  0
 12 13  1  0  0  0
 14 15  1  0  0  0
 15 16  1  0  0  0
 16 17  1  0  0  0
M  END
$$$$
O1C2C3C(C=CCC3C4C(C2)CCCC4)CC1
  -ISIS-

 17 20  0  0  0  0  0  0  0  0  1
   -0.1741    5.2672    2.6676  C  0  0  0  0  0
   -1.5548    5.3488    1.9732  C  0  0  0  0  0
   -2.6406    6.0746    2.8041  C  0  0  0  0  0
   -2.1595    7.4936    3.1769  C  0  0  0  0  0
   -0.8262    7.4768    3.9785  C  0  0  0  0  0
    0.2614    6.6829    3.1515  C  0  0  0  0  0
    0.7367    7.4761    1.9278  C  0  0  0  0  0
    1.8857    6.8918    1.1794  C  0  0  0  0  0
    1.9142    5.5515    1.0671  C  0  0  0  0  0
    0.8496    4.6234    1.6496  C  0  0  0  0  0
    0.1181    3.8913    0.5024  C  0  0  0  0  0
   -1.1621    3.2281    0.9443  C  0  0  0  0  0
   -1.9982    4.0099    1.6730  O  0  0  0  0  0
   -0.3298    8.9139    4.2368  C  0  0  0  0  0
   -1.3537   10.0219    4.5075  C  0  0  0  0  0
   -2.6826    9.8699    3.7783  C  0  0  0  0  0
   -3.2492    8.4403    3.7330  C  0  0  0  0  0
  1  6  1  0  0  0
  1 10  1  0  0  0
  1  2  1  0  0  0
  2 13  1  0  0  0
  2  3  1  0  0  0
  3  4  1  0  0  0
  4 17  1  0  0  0
  4  5  1  0  0  0
  5  6  1  0  0  0
  5 14  1  0  0  0
  6  7  1  0  0  0
  7  8  1  0  0  0
  8  9  2  0  0  0
  9 10  1  0  0  0
 10 11  1  0  0  0
 11 12  1  0  0  0
 12 13  1  0  0  0
 14 15  1  0  0  0
 15 16  1  0  0  0
 16 17  1  0  0  0
M  END
$$$$
O1C2C3C(C=CCC3C4C(C2)CCCC4)CC1
  -ISIS-

 17 20  0  0  0  0  0  0  0  0  1
   -0.1741    5.2672    2.6676  C  0  0  0  0  0
   -1.5548    5.3488    1.9732  C  0  0  0  0  0
   -2.6406    6.0746    2.8041  C  0  0  0  0  0
   -2.1595    7.4936    3.1769  C  0  0  0  0  0
   -0.8262    7.4768    3.9785  C  0  0  0  0  0
    0.2614    6.6829    3.1515  C  0  0  0  0  0
    0.7367    7.4761    1.9278  C  0  0  0  0  0
    1.8857    6.8918    1.1794  C  0  0  0  0  0
    1.9142    5.5515    1.0671  C  0  0  0  0  0
    0.8496    4.6234    1.6496  C  0  0  0  0  0
    0.1181    3.8913    0.5024  C  0  0  0  0  0
   -1.1621    3.2281    0.9443  C  0  0  0  0  0
   -1.9982    4.0099    1.6730  O  0  0  0  0  0
   -0.3298    8.9139    4.2368  C  0  0  0  0  0
   -1.3537   10.0219    4.5075  C  0  0  0  0  0
   -2.6826    9.8699    3.7783  C  0  0  0  0  0
   -3.2492    8.4403    3.7330  C  0  0  0  0  0
  1  6  1  0  0  0
  1 10  1  0  0  0
  1  2  1  0  0  0
  2 13  1  0  0  0
  2  3  1  0  0  0
  3  4  1  0  0  0
  4 17  1  0  0  0
  4  5  1  0  0  0
  5  6  1  0  0  0
  5 14  1  0  0  0
  6  7  1  0  0  0
  7  8  1  0  0  0
  8  9  2  0  0  0
  9 10  1  0  0  0
 10 11  1  0  0  0
 11 12  1  0  0  0
 12 13  1  0  0  0
 14 15  1  0  0  0
 15 16  1  0  0  0
 16 17  1  0  0  0
M  END
$$$$
O1C2C3C(C=CCC3C4C(C2)CCCC4)CC1
  -ISIS-

 17 20  0  0  0  0  0  0  0  0  1
   -0.1741    5.2672    2.6676  C  0  0  0  0  0
   -1.5548    5.3488    1.9732  C  0  0  0  0  0
   -2.6406    6.0746    2.8041  C  0  0  0  0  0
   -2.1595    7.4936    3.1769  C  0  0  0  0  0
   -0.8262    7.4768    3.9785  C  0  0  0  0  0
    0.2614    6.6829    3.1515  C  0  0  0  0  0
    0.7367    7.4761    1.9278  C  0  0  0  0  0
    1.8857    6.8918    1.1794  C  0  0  0  0  0
    1.9142    5.5515    1.0671  C  0  0  0  0  0
    0.8496    4.6234    1.6496  C  0  0  0  0  0
    0.1181    3.8913    0.5024  C  0  0  0  0  0
   -1.1621    3.2281    0.9443  C  0  0  0  0  0
   -1.9982    4.0099    1.6730  O  0  0  0  0  0
   -0.3298    8.9139    4.2368  C  0  0  0  0  0
   -1.3537   10.0219    4.5075  C  0  0  0  0  0
   -2.6826    9.8699    3.7783  C  0  0  0  0  0
   -3.2492    8.4403    3.7330  C  0  0  0  0  0
  1  6  1  0  0  0
  1 10  1  0  0  0
  1  2  1  0  0  0
  2 13  1  0  0  0
  2  3  1  0  0  0
  3  4  1  0  0  0
  4 17  1  0  0  0
  4  5  1  0  0  0
  5  6  1  0  0  0
  5 14  1  0  0  0
  6  7  1  0  0  0
  7  8  1  0  0  0
  8  9  2  0  0  0
  9 10  1  0  0  0
 10 11  1  0  0  0
 11 12  1  0  0  0
 12 13  1  0  0  0
 14 15  1  0  0  0
 15 16  1  0  0  0
 16 17  1  0  0  0
M  END
$$$$
O1C2C3C(C=CCC3C4C(C2)CCCC4)CC1
  -ISIS-

 17 20  0  0  0  0  0  0  0  0  1
   -0.1741    5.2672    2.6676  C  0  0  0  0  0
   -1.5548    5.3488    1.9732  C  0  0  0  0  0
   -2.6406    6.0746    2.8041  C  0  0  0  0  0
   -2.1595    7.4936    3.1769  C  0  0  0  0  0
   -0.8262    7.4768    3.9785  C  0  0  0  0  0
    0.2614    6.6829    3.1515  C  0  0  0  0  0
    0.7367    7.4761    1.9278  C  0  0  0  0  0
    1.8857    6.8918    1.1794  C  0  0  0  0  0
    1.9142    5.5515    1.0671  C  0  0  0  0  0
    0.8496    4.6234    1.6496  C  0  0  0  0  0
    0.1181    3.8913    0.5024  C  0  0  0  0  0
   -1.1621    3.2281    0.9443  C  0  0  0  0  0
   -1.9982    4.0099    1.6730  O  0  0  0  0  0
   -0.3298    8.9139    4.2368  C  0  0  0  0  0
   -1.3537   10.0219    4.5075  C  0  0  0  0  0
   -2.6826    9.8699    3.7783  C  0  0  0  0  0
   -3.2492    8.4403    3.7330  C  0  0  0  0  0
  1  6  1  0  0  0
  1 10  1  0  0  0
  1  2  1  0  0  0
  2 13  1  0  0  0
  2  3  1  0  0  0
  3  4  1  0  0  0
  4 17  1  0  0  0
  4  5  1  0  0  0
  5  6  1  0  0  0
  5 14  1  0  0  0
  6  7  1  0  0  0
  7  8  1  0  0  0
  8  9  2  0  0  0
  9 10  1  0  0  0
 10 11  1  0  0  0
 11 12  1  0  0  0
 12 13  1  0  0  0
 14 15  1  0  0  0
 15 16  1  0  0  0
 16 17  1  0  0  0
M  END
$$$$
O1C2C3C(C=CCC3C4C(C2)CCCC4)CC1
  -ISIS-

 17 20  0  0  0  0  0  0  0  0  1
   -1.0218    0.7393   -3.0151  C  0  0  0  0  0
   -1.7786    1.5412   -1.9292  C  0  0  0  0  0
   -2.6577    2.6645   -2.4969  C  0  0  0  0  0
   -3.6898    2.1093   -3.4904  C  0  0  0  0  0
   -3.0303    1.3049   -4.6517  C  0  0  0  0  0
   -2.0386    0.2246   -4.0769  C  0  0  0  0  0
   -2.7853   -0.9571   -3.4506  C  0  0  0  0  0
   -1.9442   -2.1298   -3.0831  C  0  0  0  0  0
   -0.7420   -1.8514   -2.5474  C  0  0  0  0  0
   -0.2295   -0.4312   -2.3053  C  0  0  0  0  0
   -0.1016   -0.1839   -0.7872  C  0  0  0  0  0
    0.0610    1.2728   -0.4342  C  0  0  0  0  0
   -0.8386    2.1129   -1.0081  O  0  0  0  0  0
   -4.1371    0.6022   -5.4628  C  0  0  0  0  0
   -5.5751    1.1034   -5.2847  C  0  0  0  0  0
   -5.5868    2.6217   -5.1461  C  0  0  0  0  0
   -4.7743    3.1286   -3.9382  C  0  0  0  0  0
  1  6  1  0  0  0
  1 10  1  0  0  0
  1  2  1  0  0  0
  2 13  1  0  0  0
  2  3  1  0  0  0
  3  4  1  0  0  0
  4 17  1  0  0  0
  4  5  1  0  0  0
  5  6  1  0  0  0
  5 14  1  0  0  0
  6  7  1  0  0  0
  7  8  1  0  0  0
  8  9  2  0  0  0
  9 10  1  0  0  0
 10 11  1  0  0  0
 11 12  1  0  0  0
 12 13  1  0  0  0
 14 15  1  0  0  0
 15 16  1  0  0  0
 16 17  1  0  0  0
M  END
$$$$
O1C2C3C(C=CCC3C4C(C2)CCCC4)CC1
  -ISIS-

 17 20  0  0  0  0  0  0  0  0  1
   -1.0218    0.7393   -3.0151  C  0  0  0  0  0
   -1.7786    1.5412   -1.9292  C  0  0  0  0  0
   -2.6577    2.6645   -2.4969  C  0  0  0  0  0
   -3.6898    2.1093   -3.4904  C  0  0  0  0  0
   -3.0303    1.3049   -4.6517  C  0  0  0  0  0
   -2.0386    0.2246   -4.0769  C  0  0  0  0  0
   -2.7853   -0.9571   -3.4506  C  0  0  0  0  0
   -1.9442   -2.1298   -3.0831  C  0  0  0  0  0
   -0.7420   -1.8514   -2.5474  C  0  0  0  0  0
   -0.2295   -0.4312   -2.3053  C  0  0  0  0  0
   -0.1016   -0.1839   -0.7872  C  0  0  0  0  0
    0.0610    1.2728   -0.4342  C  0  0  0  0  0
   -0.8386    2.1129   -1.0081  O  0  0  0  0  0
   -4.1371    0.6022   -5.4628  C  0  0  0  0  0
   -5.5751    1.1034   -5.2847  C  0  0  0  0  0
   -5.5868    2.6217   -5.1461  C  0  0  0  0  0
   -4.7743    3.1286   -3.9382  C  0  0  0  0  0
  1  6  1  0  0  0
  1 10  1  0  0  0
  1  2  1  0  0  0
  2 13  1  0  0  0
  2  3  1  0  0  0
  3  4  1  0  0  0
  4 17  1  0  0  0
  4  5  1  0  0  0
  5  6  1  0  0  0
  5 14  1  0  0  0
  6  7  1  0  0  0
  7  8  1  0  0  0
  8  9  2  0  0  0
  9 10  1  0  0  0
 10 11  1  0  0  0
 11 12  1  0  0  0
 12 13  1  0  0  0
 14 15  1  0  0  0
 15 16  1  0  0  0
 16 17  1  0  0  0
M  END
$$$$
O1C2C3C(C=CCC3C4C(C2)CCCC4)CC1
  -ISIS-

 17 20  0  0  0  0  0  0  0  0  1
   -1.0218    0.7393   -3.0151  C  0  0  0  0  0
   -1.7786    1.5412   -1.9292  C  0  0  0  0  0
   -2.6577    2.6645   -2.4969  C  0  0  0  0  0
   -3.6898    2.1093   -3.4904  C  0  0  0  0  0
   -3.0303    1.3049   -4.6517  C  0  0  0  0  0
   -2.0386    0.2246   -4.0769  C  0  0  0  0  0
   -2.7853   -0.9571   -3.4506  C  0  0  0  0  0
   -1.9442   -2.1298   -3.0831  C  0  0  0  0  0
   -0.7420   -1.8514   -2.5474  C  0  0  0  0  0
   -0.2295   -0.4312   -2.3053  C  0  0  0  0  0
   -0.1016   -0.1839   -0.7872  C  0  0  0  0  0
    0.0610    1.2728   -0.4342  C  0  0  0  0  0
   -0.8386    2.1129   -1.0081  O  0  0  0  0  0
   -4.1371    0.6022   -5.4628  C  0  0  0  0  0
   -5.5751    1.1034   -5.2847  C  0  0  0  0  0
   -5.5868    2.6217   -5.1461  C  0  0  0  0  0
   -4.7743    3.1286   -3.9382  C  0  0  0  0  0
  1  6  1  0  0  0
  1 10  1  0  0  0
  1  2  1  0  0  0
  2 13  1  0  0  0
  2  3  1  0  0  0
  3  4  1  0  0  0
  4 17  1  0  0  0
  4  5  1  0  0  0
  5  6  1  0  0  0
  5 14  1  0  0  0
  6  7  1  0  0  0
  7  8  1  0  0  0
  8  9  2  0  0  0
  9 10  1  0  0  0
 10 11  1  0  0  0
 11 12  1  0  0  0
 12 13  1  0  0  0
 14 15  1  0  0  0
 15 16  1  0  0  0
 16 17  1  0  0  0
M  END
$$$$
O1C2C3C(C=CCC3C4C(C2)CCCC4)CC1
  -ISIS-

 17 20  0  0  0  0  0  0  0  0  1
   -1.0218    0.7393   -3.0151  C  0  0  0  0  0
   -1.7786    1.5412   -1.9292  C  0  0  0  0  0
   -2.6577    2.6645   -2.4969  C  0  0  0  0  0
   -3.6898    2.1093   -3.4904  C  0  0  0  0  0
   -3.0303    1.3049   -4.6517  C  0  0  0  0  0
   -2.0386    0.2246   -4.0769  C  0  0  0  0  0
   -2.7853   -0.9571   -3.4506  C  0  0  0  0  0
   -1.9442   -2.1298   -3.0831  C  0  0  0  0  0
   -0.7420   -1.8514   -2.5474  C  0  0  0  0  0
   -0.2295   -0.4312   -2.3053  C  0  0  0  0  0
   -0.1016   -0.1839   -0.7872  C  0  0  0  0  0
    0.0610    1.2728   -0.4342  C  0  0  0  0  0
   -0.8386    2.1129   -1.0081  O  0  0  0  0  0
   -4.1371    0.6022   -5.4628  C  0  0  0  0  0
   -5.5751    1.1034   -5.2847  C  0  0  0  0  0
   -5.5868    2.6217   -5.1461  C  0  0  0  0  0
   -4.7743    3.1286   -3.9382  C  0  0  0  0  0
  1  6  1  0  0  0
  1 10  1  0  0  0
  1  2  1  0  0  0
  2 13  1  0  0  0
  2  3  1  0  0  0
  3  4  1  0  0  0
  4 17  1  0  0  0
  4  5  1  0  0  0
  5  6  1  0  0  0
  5 14  1  0  0  0
  6  7  1  0  0  0
  7  8  1  0  0  0
  8  9  2  0  0  0
  9 10  1  0  0  0
 10 11  1  0  0  0
 11 12  1  0  0  0
 12 13  1  0  0  0
 14 15  1  0  0  0
 15 16  1  0  0  0
 16 17  1  0  0  0
M  END
$$$$
O1C2C3C(C=CCC3C4C(C2)CCCC4)CC1
  -ISIS-

 17 20  0  0  0  0  0  0  0  0  1
   -1.0218    0.7393   -3.0151  C  0  0  0  0  0
   -1.7786    1.5412   -1.9292  C  0  0  0  0  0
   -2.6577    2.6645   -2.4969  C  0  0  0  0  0
   -3.6898    2.1093   -3.4904  C  0  0  0  0  0
   -3.0303    1.3049   -4.6517  C  0  0  0  0  0
   -2.0386    0.2246   -4.0769  C  0  0  0  0  0
   -2.7853   -0.9571   -3.4506  C  0  0  0  0  0
   -1.9442   -2.1298   -3.0831  C  0  0  0  0  0
   -0.7420   -1.8514   -2.5474  C  0  0  0  0  0
   -0.2295   -0.4312   -2.3053  C  0  0  0  0  0
   -0.1016   -0.1839   -0.7872  C  0  0  0  0  0
    0.0610    1.2728   -0.4342  C  0  0  0  0  0
   -0.8386    2.1129   -1.0081  O  0  0  0  0  0
   -4.1371    0.6022   -5.4628  C  0  0  0  0  0
   -5.5751    1.1034   -5.2847  C  0  0  0  0  0
   -5.5868    2.6217   -5.1461  C  0  0  0  0  0
   -4.7743    3.1286   -3.9382  C  0  0  0  0  0
  1  6  1  0  0  0
  1 10  1  0  0  0
  1  2  1  0  0  0
  2 13  1  0  0  0
  2  3  1  0  0  0
  3  4  1  0  0  0
  4 17  1  0  0  0
  4  5  1  0  0  0
  5  6  1  0  0  0
  5 14  1  0  0  0
  6  7  1  0  0  0
  7  8  1  0  0  0
  8  9  2  0  0  0
  9 10  1  0  0  0
 10 11  1  0  0  0
 11 12  1  0  0  0
 12 13  1  0  0  0
 14 15  1  0  0  0
 15 16  1  0  0  0
 16 17  1  0  0  0
M  END
$$$$
O1C2C3C(C=CCC3C4C(C2)CCCC4)CC1
  -ISIS-

 17 20  0  0  0  0  0  0  0  0  1
   -1.0218    0.7393   -3.0151  C  0  0  0  0  0
   -1.7786    1.5412   -1.9292  C  0  0  0  0  0
   -2.6577    2.6645   -2.4969  C  0  0  0  0  0
   -3.6898    2.1093   -3.4904  C  0  0  0  0  0
   -3.0303    1.3049   -4.6517  C  0  0  0  0  0
   -2.0386    0.2246   -4.0769  C  0  0  0  0  0
   -2.7853   -0.9571   -3.4506  C  0  0  0  0  0
   -1.9442   -2.1298   -3.0831  C  0  0  0  0  0
   -0.7420   -1.8514   -2.5474  C  0  0  0  0  0
   -0.2295   -0.4312   -2.3053  C  0  0  0  0  0
   -0.1016   -0.1839   -0.7872  C  0  0  0  0  0
    0.0610    1.2728   -0.4342  C  0  0  0  0  0
   -0.8386    2.1129   -1.0081  O  0  0  0  0  0
   -4.1371    0.6022   -5.4628  C  0  0  0  0  0
   -5.5751    1.1034   -5.2847  C  0  0  0  0  0
   -5.5868    2.6217   -5.1461  C  0  0  0  0  0
   -4.7743    3.1286   -3.9382  C  0  0  0  0  0
  1  6  1  0  0  0
  1 10  1  0  0  0
  1  2  1  0  0  0
  2 13  1  0  0  0
  2  3  1  0  0  0
  3  4  1  0  0  0
  4 17  1  0  0  0
  4  5  1  0  0  0
  5  6  1  0  0  0
  5 14  1  0  0  0
  6  7  1  0  0  0
  7  8  1  0  0  0
  8  9  2  0  0  0
  9 10  1  0  0  0
 10 11  1  0  0  0
 11 12  1  0  0  0
 12 13  1  0  0  0
 14 15  1  0  0  0
 15 16  1  0  0  0
 16 17  1  0  0  0
M  END
$$$$
O1C2C3C(C=CCC3C4C(C2)CCCC4)CC1
  -ISIS-

 17 20  0  0  0  0  0  0  0  0  1
   -1.0218    0.7393   -3.0151  C  0  0  0  0  0
   -1.7786    1.5412   -1.9292  C  0  0  0  0  0
   -2.6577    2.6645   -2.4969  C  0  0  0  0  0
   -3.6898    2.1093   -3.4904  C  0  0  0  0  0
   -3.0303    1.3049   -4.6517  C  0  0  0  0  0
   -2.0386    0.2246   -4.0769  C  0  0  0  0  0
   -2.7853   -0.9571   -3.4506  C  0  0  0  0  0
   -1.9442   -2.1298   -3.0831  C  0  0  0  0  0
   -0.7420   -1.8514   -2.5474  C  0  0  0  0  0
   -0.2295   -0.4312   -2.3053  C  0  0  0  0  0
   -0.1016   -0.1839   -0.7872  C  0  0  0  0  0
    0.0610    1.2728   -0.4342  C  0  0  0  0  0
   -0.8386    2.1129   -1.0081  O  0  0  0  0  0
   -4.1371    0.6022   -5.4628  C  0  0  0  0  0
   -5.5751    1.1034   -5.2847  C  0  0  0  0  0
   -5.5868    2.6217   -5.1461  C  0  0  0  0  0
   -4.7743    3.1286   -3.9382  C  0  0  0  0  0
  1  6  1  0  0  0
  1 10  1  0  0  0
  1  2  1  0  0  0
  2 13  1  0  0  0
  2  3  1  0  0  0
  3  4  1  0  0  0
  4 17  1  0  0  0
  4  5  1  0  0  0
  5  6  1  0  0  0
  5 14  1  0  0  0
  6  7  1  0  0  0
  7  8  1  0  0  0
  8  9  2  0  0  0
  9 10  1  0  0  0
 10 11  1  0  0  0
 11 12  1  0  0  0
 12 13  1  0  0  0
 14 15  1  0  0  0
 15 16  1  0  0  0
 16 17  1  0  0  0
M  END
$$$$
O1C2C3C(C=CCC3C4C(C2)CCCC4)CC1
  -ISIS-

 17 20  0  0  0  0  0  0  0  0  1
   -1.0218    0.7393   -3.0151  C  0  0  0  0  0
   -1.7786    1.5412   -1.9292  C  0  0  0  0  0
   -2.6577    2.6645   -2.4969  C  0  0  0  0  0
   -3.6898    2.1093   -3.4904  C  0  0  0  0  0
   -3.0303    1.3049   -4.6517  C  0  0  0  0  0
   -2.0386    0.2246   -4.0769  C  0  0  0  0  0
   -2.7853   -0.9571   -3.4506  C  0  0  0  0  0
   -1.9442   -2.1298   -3.0831  C  0  0  0  0  0
   -0.7420   -1.8514   -2.5474  C  0  0  0  0  0
   -0.2295   -0.4312   -2.3053  C  0  0  0  0  0
   -0.1016   -0.1839   -0.7872  C  0  0  0  0  0
    0.0610    1.2728   -0.4342  C  0  0  0  0  0
   -0.8386    2.1129   -1.0081  O  0  0  0  0  0
   -4.1371    0.6022   -5.4628  C  0  0  0  0  0
   -5.5751    1.1034   -5.2847  C  0  0  0  0  0
   -5.5868    2.6217   -5.1461  C  0  0  0  0  0
   -4.7743    3.1286   -3.9382  C  0  0  0  0  0
  1  6  1  0  0  0
  1 10  1  0  0  0
  1  2  1  0  0  0
  2 13  1  0  0  0
  2  3  1  0  0  0
  3  4  1  0  0  0
  4 17  1  0  0  0
  4  5  1  0  0  0
  5  6  1  0  0  0
  5 14  1  0  0  0
  6  7  1  0  0  0
  7  8  1  0  0  0
  8  9  2  0  0  0
  9 10  1  0  0  0
 10 11  1  0  0  0
 11 12  1  0  0  0
 12 13  1  0  0  0
 14 15  1  0  0  0
 15 16  1  0  0  0
 16 17  1  0  0  0
M  END
$$$$
O1C2C3C(C=CCC3C4C(C2)CCCC4)CC1
  -ISIS-

 17 20  0  0  0  0  0  0  0  0  1
   -1.0218    0.7393   -3.0151  C  0  0  0  0  0
   -1.7786    1.5412   -1.9292  C  0  0  0  0  0
   -2.6577    2.6645   -2.4969  C  0  0  0  0  0
   -3.6898    2.1093   -3.4904  C  0  0  0  0  0
   -3.0303    1.3049   -4.6517  C  0  0  0  0  0
   -2.0386    0.2246   -4.0769  C  0  0  0  0  0
   -2.7853   -0.9571   -3.4506  C  0  0  0  0  0
   -1.9442   -2.1298   -3.0831  C  0  0  0  0  0
   -0.7420   -1.8514   -2.5474  C  0  0  0  0  0
   -0.2295   -0.4312   -2.3053  C  0  0  0  0  0
   -0.1016   -0.1839   -0.7872  C  0  0  0  0  0
    0.0610    1.2728   -0.4342  C  0  0  0  0  0
   -0.8386    2.1129   -1.0081  O  0  0  0  0  0
   -4.1371    0.6022   -5.4628  C  0  0  0  0  0
   -5.5751    1.1034   -5.2847  C  0  0  0  0  0
   -5.5868    2.6217   -5.1461  C  0  0  0  0  0
   -4.7743    3.1286   -3.9382  C  0  0  0  0  0
  1  6  1  0  0  0
  1 10  1  0  0  0
  1  2  1  0  0  0
  2 13  1  0  0  0
  2  3  1  0  0  0
  3  4  1  0  0  0
  4 17  1  0  0  0
  4  5  1  0  0  0
  5  6  1  0  0  0
  5 14  1  0  0  0
  6  7  1  0  0  0
  7  8  1  0  0  0
  8  9  2  0  0  0
  9 10  1  0  0  0
 10 11  1  0  0  0
 11 12  1  0  0  0
 12 13  1  0  0  0
 14 15  1  0  0  0
 15 16  1  0  0  0
 16 17  1  0  0  0
M  END
$$$$
O1C2C3C(C=CCC3C4C(C2)CCCC4)CC1
  -ISIS-

 17 20  0  0  0  0  0  0  0  0  1
   -1.7936    6.0331    1.4634  C  0  0  0  0  0
   -1.0335    5.4001    2.6569  C  0  0  0  0  0
   -0.0641    4.2806    2.2506  C  0  0  0  0  0
    0.9740    4.7954    1.2425  C  0  0  0  0  0
    0.3262    5.4196   -0.0289  C  0  0  0  0  0
   -0.7482    6.5039    0.3957  C  0  0  0  0  0
   -0.1440    7.7954    0.9669  C  0  0  0  0  0
   -1.0907    8.9424    1.0735  C  0  0  0  0  0
   -2.2986    8.6329    1.5780  C  0  0  0  0  0
   -2.6881    7.2211    2.0148  C  0  0  0  0  0
   -2.8125    7.1628    3.5507  C  0  0  0  0  0
   -2.9174    5.7511    4.0730  C  0  0  0  0  0
   -1.9776    4.8869    3.6086  O  0  0  0  0  0
    1.4589    6.0287   -0.9184  C  0  0  0  0  0
    2.6141    5.0586   -1.2129  C  0  0  0  0  0
    3.1372    4.3541    0.0368  C  0  0  0  0  0
    2.0267    3.7373    0.8884  C  0  0  0  0  0
  1  6  1  0  0  0
  1 10  1  0  0  0
  1  2  1  0  0  0
  2 13  1  0  0  0
  2  3  1  0  0  0
  3  4  1  0  0  0
  4 17  1  0  0  0
  4  5  1  0  0  0
  5  6  1  0  0  0
  5 14  1  0  0  0
  6  7  1  0  0  0
  7  8  1  0  0  0
  8  9  2  0  0  0
  9 10  1  0  0  0
 10 11  1  0  0  0
 11 12  1  0  0  0
 12 13  1  0  0  0
 14 15  1  0  0  0
 15 16  1  0  0  0
 16 17  1  0  0  0
M  END
$$$$
O1C2C3C(C=CCC3C4C(C2)CCCC4)CC1
  -ISIS-

 17 20  0  0  0  0  0  0  0  0  1
   -1.7936    6.0331    1.4634  C  0  0  0  0  0
   -1.0335    5.4001    2.6569  C  0  0  0  0  0
   -0.0641    4.2806    2.2506  C  0  0  0  0  0
    0.9740    4.7954    1.2425  C  0  0  0  0  0
    0.3262    5.4196   -0.0289  C  0  0  0  0  0
   -0.7482    6.5039    0.3957  C  0  0  0  0  0
   -0.1440    7.7954    0.9669  C  0  0  0  0  0
   -1.0907    8.9424    1.0735  C  0  0  0  0  0
   -2.2986    8.6329    1.5780  C  0  0  0  0  0
   -2.6881    7.2211    2.0148  C  0  0  0  0  0
   -2.8125    7.1628    3.5507  C  0  0  0  0  0
   -2.9174    5.7511    4.0730  C  0  0  0  0  0
   -1.9776    4.8869    3.6086  O  0  0  0  0  0
    1.4589    6.0287   -0.9184  C  0  0  0  0  0
    2.6141    5.0586   -1.2129  C  0  0  0  0  0
    3.1372    4.3541    0.0368  C  0  0  0  0  0
    2.0267    3.7373    0.8884  C  0  0  0  0  0
  1  6  1  0  0  0
  1 10  1  0  0  0
  1  2  1  0  0  0
  2 13  1  0  0  0
  2  3  1  0  0  0
  3  4  1  0  0  0
  4 17  1  0  0  0
  4  5  1  0  0  0
  5  6  1  0  0  0
  5 14  1  0  0  0
  6  7  1  0  0  0
  7  8  1  0  0  0
  8  9  2  0  0  0
  9 10  1  0  0  0
 10 11  1  0  0  0
 11 12  1  0  0  0
 12 13  1  0  0  0
 14 15  1  0  0  0
 15 16  1  0  0  0
 16 17  1  0  0  0
M  END
$$$$
O1C2C3C(C=CCC3C4C(C2)CCCC4)CC1
  -ISIS-

 17 20  0  0  0  0  0  0  0  0  1
   -1.7936    6.0331    1.4634  C  0  0  0  0  0
   -1.0335    5.4001    2.6569  C  0  0  0  0  0
   -0.0641    4.2806    2.2506  C  0  0  0  0  0
    0.9740    4.7954    1.2425  C  0  0  0  0  0
    0.3262    5.4196   -0.0289  C  0  0  0  0  0
   -0.7482    6.5039    0.3957  C  0  0  0  0  0
   -0.1440    7.7954    0.9669  C  0  0  0  0  0
   -1.0907    8.9424    1.0735  C  0  0  0  0  0
   -2.2986    8.6329    1.5780  C  0  0  0  0  0
   -2.6881    7.2211    2.0148  C  0  0  0  0  0
   -2.8125    7.1628    3.5507  C  0  0  0  0  0
   -2.9174    5.7511    4.0730  C  0  0  0  0  0
   -1.9776    4.8869    3.6086  O  0  0  0  0  0
    1.4589    6.0287   -0.9184  C  0  0  0  0  0
    2.6141    5.0586   -1.2129  C  0  0  0  0  0
    3.1372    4.3541    0.0368  C  0  0  0  0  0
    2.0267    3.7373    0.8884  C  0  0  0  0  0
  1  6  1  0  0  0
  1 10  1  0  0  0
  1  2  1  0  0  0
  2 13  1  0  0  0
  2  3  1  0  0  0
  3  4  1  0  0  0
  4 17  1  0  0  0
  4  5  1  0  0  0
  5  6  1  0  0  0
  5 14  1  0  0  0
  6  7  1  0  0  0
  7  8  1  0  0  0
  8  9  2  0  0  0
  9 10  1  0  0  0
 10 11  1  0  0  0
 11 12  1  0  0  0
 12 13  1  0  0  0
 14 15  1  0  0  0
 15 16  1  0  0  0
 16 17  1  0  0  0
M  END
$$$$
O1C2C3C(C=CCC3C4C(C2)CCCC4)CC1
  -ISIS-

 17 20  0  0  0  0  0  0  0  0  1
   -1.7936    6.0331    1.4634  C  0  0  0  0  0
   -1.0335    5.4001    2.6569  C  0  0  0  0  0
   -0.0641    4.2806    2.2506  C  0  0  0  0  0
    0.9740    4.7954    1.2425  C  0  0  0  0  0
    0.3262    5.4196   -0.0289  C  0  0  0  0  0
   -0.7482    6.5039    0.3957  C  0  0  0  0  0
   -0.1440    7.7954    0.9669  C  0  0  0  0  0
   -1.0907    8.9424    1.0735  C  0  0  0  0  0
   -2.2986    8.6329    1.5780  C  0  0  0  0  0
   -2.6881    7.2211    2.0148  C  0  0  0  0  0
   -2.8125    7.1628    3.5507  C  0  0  0  0  0
   -2.9174    5.7511    4.0730  C  0  0  0  0  0
   -1.9776    4.8869    3.6086  O  0  0  0  0  0
    1.4589    6.0287   -0.9184  C  0  0  0  0  0
    2.6141    5.0586   -1.2129  C  0  0  0  0  0
    3.1372    4.3541    0.0368  C  0  0  0  0  0
    2.0267    3.7373    0.8884  C  0  0  0  0  0
  1  6  1  0  0  0
  1 10  1  0  0  0
  1  2  1  0  0  0
  2 13  1  0  0  0
  2  3  1  0  0  0
  3  4  1  0  0  0
  4 17  1  0  0  0
  4  5  1  0  0  0
  5  6  1  0  0  0
  5 14  1  0  0  0
  6  7  1  0  0  0
  7  8  1  0  0  0
  8  9  2  0  0  0
  9 10  1  0  0  0
 10 11  1  0  0  0
 11 12  1  0  0  0
 12 13  1  0  0  0
 14 15  1  0  0  0
 15 16  1  0  0  0
 16 17  1  0  0  0
M  END
$$$$
O1C2C3C(C=CCC3C4C(C2)CCCC4)CC1
  -ISIS-

 17 20  0  0  0  0  0  0  0  0  1
   -1.7936    6.0331    1.4634  C  0  0  0  0  0
   -1.0335    5.4001    2.6569  C  0  0  0  0  0
   -0.0641    4.2806    2.2506  C  0  0  0  0  0
    0.9740    4.7954    1.2425  C  0  0  0  0  0
    0.3262    5.4196   -0.0289  C  0  0  0  0  0
   -0.7482    6.5039    0.3957  C  0  0  0  0  0
   -0.1440    7.7954    0.9669  C  0  0  0  0  0
   -1.0907    8.9424    1.0735  C  0  0  0  0  0
   -2.2986    8.6329    1.5780  C  0  0  0  0  0
   -2.6881    7.2211    2.0148  C  0  0  0  0  0
   -2.8125    7.1628    3.5507  C  0  0  0  0  0
   -2.9174    5.7511    4.0730  C  0  0  0  0  0
   -1.9776    4.8869    3.6086  O  0  0  0  0  0
    1.4589    6.0287   -0.9184  C  0  0  0  0  0
    2.6141    5.0586   -1.2129  C  0  0  0  0  0
    3.1372    4.3541    0.0368  C  0  0  0  0  0
    2.0267    3.7373    0.8884  C  0  0  0  0  0
  1  6  1  0  0  0
  1 10  1  0  0  0
  1  2  1  0  0  0
  2 13  1  0  0  0
  2  3  1  0  0  0
  3  4  1  0  0  0
  4 17  1  0  0  0
  4  5  1  0  0  0
  5  6  1  0  0  0
  5 14  1  0  0  0
  6  7  1  0  0  0
  7  8  1  0  0  0
  8  9  2  0  0  0
  9 10  1  0  0  0
 10 11  1  0  0  0
 11 12  1  0  0  0
 12 13  1  0  0  0
 14 15  1  0  0  0
 15 16  1  0  0  0
 16 17  1  0  0  0
M  END
$$$$
O1C2C3C(C=CCC3C4C(C2)CCCC4)CC1
  -ISIS-

 17 20  0  0  0  0  0  0  0  0  1
   -1.7936    6.0331    1.4634  C  0  0  0  0  0
   -1.0335    5.4001    2.6569  C  0  0  0  0  0
   -0.0641    4.2806    2.2506  C  0  0  0  0  0
    0.9740    4.7954    1.2425  C  0  0  0  0  0
    0.3262    5.4196   -0.0289  C  0  0  0  0  0
   -0.7482    6.5039    0.3957  C  0  0  0  0  0
   -0.1440    7.7954    0.9669  C  0  0  0  0  0
   -1.0907    8.9424    1.0735  C  0  0  0  0  0
   -2.2986    8.6329    1.5780  C  0  0  0  0  0
   -2.6881    7.2211    2.0148  C  0  0  0  0  0
   -2.8125    7.1628    3.5507  C  0  0  0  0  0
   -2.9174    5.7511    4.0730  C  0  0  0  0  0
   -1.9776    4.8869    3.6086  O  0  0  0  0  0
    1.4589    6.0287   -0.9184  C  0  0  0  0  0
    2.6141    5.0586   -1.2129  C  0  0  0  0  0
    3.1372    4.3541    0.0368  C  0  0  0  0  0
    2.0267    3.7373    0.8884  C  0  0  0  0  0
  1  6  1  0  0  0
  1 10  1  0  0  0
  1  2  1  0  0  0
  2 13  1  0  0  0
  2  3  1  0  0  0
  3  4  1  0  0  0
  4 17  1  0  0  0
  4  5  1  0  0  0
  5  6  1  0  0  0
  5 14  1  0  0  0
  6  7  1  0  0  0
  7  8  1  0  0  0
  8  9  2  0  0  0
  9 10  1  0  0  0
 10 11  1  0  0  0
 11 12  1  0  0  0
 12 13  1  0  0  0
 14 15  1  0  0  0
 15 16  1  0  0  0
 16 17  1  0  0  0
M  END
$$$$
O1C2C3C(C=CCC3C4C(C2)CCCC4)CC1
  -ISIS-

 17 20  0  0  0  0  0  0  0  0  1
   -5.0085   -3.5458    2.1011  C  0  0  0  0  0
   -4.8522   -5.0719    1.8972  C  0  0  0  0  0
   -4.4718   -5.8300    3.1620  C  0  0  0  0  0
   -5.5621   -5.6327    4.2135  C  0  0  0  0  0
   -5.7238   -4.1443    4.6341  C  0  0  0  0  0
   -5.9187   -3.2106    3.3435  C  0  0  0  0  0
   -7.3882   -2.9963    2.9709  C  0  0  0  0  0
   -7.9020   -3.4064    1.6317  C  0  0  0  0  0
   -7.0758   -3.3015    0.5748  C  0  0  0  0  0
   -5.5901   -2.9864    0.7461  C  0  0  0  0  0
   -4.6997   -3.4555   -0.4443  C  0  0  0  0  0
   -4.2941   -4.9362   -0.4014  C  0  0  0  0  0
   -3.8657   -5.3348    0.8986  O  0  0  0  0  0
   -6.9345   -4.0962    5.6248  C  0  0  0  0  0
   -6.8294   -5.0556    6.8181  C  0  0  0  0  0
   -6.5268   -6.4856    6.3860  C  0  0  0  0  0
   -5.3544   -6.5713    5.4123  C  0  0  0  0  0
  1  6  1  0  0  0
  1 10  1  0  0  0
  1  2  1  0  0  0
  2 13  1  0  0  0
  2  3  1  0  0  0
  3  4  1  0  0  0
  4 17  1  0  0  0
  4  5  1  0  0  0
  5  6  1  0  0  0
  5 14  1  0  0  0
  6  7  1  0  0  0
  7  8  1  0  0  0
  8  9  2  0  0  0
  9 10  1  0  0  0
 10 11  1  0  0  0
 11 12  1  0  0  0
 12 13  1  0  0  0
 14 15  1  0  0  0
 15 16  1  0  0  0
 16 17  1  0  0  0
M  END
$$$$
O1C2C3C(C=CCC3C4C(C2)CCCC4)CC1
  -ISIS-

 17 20  0  0  0  0  0  0  0  0  1
   -5.0085   -3.5458    2.1011  C  0  0  0  0  0
   -4.8522   -5.0719    1.8972  C  0  0  0  0  0
   -4.4718   -5.8300    3.1620  C  0  0  0  0  0
   -5.5621   -5.6327    4.2135  C  0  0  0  0  0
   -5.7238   -4.1443    4.6341  C  0  0  0  0  0
   -5.9187   -3.2106    3.3435  C  0  0  0  0  0
   -7.3882   -2.9963    2.9709  C  0  0  0  0  0
   -7.9020   -3.4064    1.6317  C  0  0  0  0  0
   -7.0758   -3.3015    0.5748  C  0  0  0  0  0
   -5.5901   -2.9864    0.7461  C  0  0  0  0  0
   -4.6997   -3.4555   -0.4443  C  0  0  0  0  0
   -4.2941   -4.9362   -0.4014  C  0  0  0  0  0
   -3.8657   -5.3348    0.8986  O  0  0  0  0  0
   -6.9345   -4.0962    5.6248  C  0  0  0  0  0
   -6.8294   -5.0556    6.8181  C  0  0  0  0  0
   -6.5268   -6.4856    6.3860  C  0  0  0  0  0
   -5.3544   -6.5713    5.4123  C  0  0  0  0  0
  1  6  1  0  0  0
  1 10  1  0  0  0
  1  2  1  0  0  0
  2 13  1  0  0  0
  2  3  1  0  0  0
  3  4  1  0  0  0
  4 17  1  0  0  0
  4  5  1  0  0  0
  5  6  1  0  0  0
  5 14  1  0  0  0
  6  7  1  0  0  0
  7  8  1  0  0  0
  8  9  2  0  0  0
  9 10  1  0  0  0
 10 11  1  0  0  0
 11 12  1  0  0  0
 12 13  1  0  0  0
 14 15  1  0  0  0
 15 16  1  0  0  0
 16 17  1  0  0  0
M  END
$$$$
O1C2C3C(C=CCC3C4C(C2)CCCC4)CC1
  -ISIS-

 17 20  0  0  0  0  0  0  0  0  1
   -5.0085   -3.5458    2.1011  C  0  0  0  0  0
   -4.8522   -5.0719    1.8972  C  0  0  0  0  0
   -4.4718   -5.8300    3.1620  C  0  0  0  0  0
   -5.5621   -5.6327    4.2135  C  0  0  0  0  0
   -5.7238   -4.1443    4.6341  C  0  0  0  0  0
   -5.9187   -3.2106    3.3435  C  0  0  0  0  0
   -7.3882   -2.9963    2.9709  C  0  0  0  0  0
   -7.9020   -3.4064    1.6317  C  0  0  0  0  0
   -7.0758   -3.3015    0.5748  C  0  0  0  0  0
   -5.5901   -2.9864    0.7461  C  0  0  0  0  0
   -4.6997   -3.4555   -0.4443  C  0  0  0  0  0
   -4.2941   -4.9362   -0.4014  C  0  0  0  0  0
   -3.8657   -5.3348    0.8986  O  0  0  0  0  0
   -6.9345   -4.0962    5.6248  C  0  0  0  0  0
   -6.8294   -5.0556    6.8181  C  0  0  0  0  0
   -6.5268   -6.4856    6.3860  C  0  0  0  0  0
   -5.3544   -6.5713    5.4123  C  0  0  0  0  0
  1  6  1  0  0  0
  1 10  1  0  0  0
  1  2  1  0  0  0
  2 13  1  0  0  0
  2  3  1  0  0  0
  3  4  1  0  0  0
  4 17  1  0  0  0
  4  5  1  0  0  0
  5  6  1  0  0  0
  5 14  1  0  0  0
  6  7  1  0  0  0
  7  8  1  0  0  0
  8  9  2  0  0  0
  9 10  1  0  0  0
 10 11  1  0  0  0
 11 12  1  0  0  0
 12 13  1  0  0  0
 14 15  1  0  0  0
 15 16  1  0  0  0
 16 17  1  0  0  0
M  END
$$$$
O1C2C3C(C=CCC3C4C(C2)CCCC4)CC1
  -ISIS-

 17 20  0  0  0  0  0  0  0  0  1
   -5.0085   -3.5458    2.1011  C  0  0  0  0  0
   -4.8522   -5.0719    1.8972  C  0  0  0  0  0
   -4.4718   -5.8300    3.1620  C  0  0  0  0  0
   -5.5621   -5.6327    4.2135  C  0  0  0  0  0
   -5.7238   -4.1443    4.6341  C  0  0  0  0  0
   -5.9187   -3.2106    3.3435  C  0  0  0  0  0
   -7.3882   -2.9963    2.9709  C  0  0  0  0  0
   -7.9020   -3.4064    1.6317  C  0  0  0  0  0
   -7.0758   -3.3015    0.5748  C  0  0  0  0  0
   -5.5901   -2.9864    0.7461  C  0  0  0  0  0
   -4.6997   -3.4555   -0.4443  C  0  0  0  0  0
   -4.2941   -4.9362   -0.4014  C  0  0  0  0  0
   -3.8657   -5.3348    0.8986  O  0  0  0  0  0
   -6.9345   -4.0962    5.6248  C  0  0  0  0  0
   -6.8294   -5.0556    6.8181  C  0  0  0  0  0
   -6.5268   -6.4856    6.3860  C  0  0  0  0  0
   -5.3544   -6.5713    5.4123  C  0  0  0  0  0
  1  6  1  0  0  0
  1 10  1  0  0  0
  1  2  1  0  0  0
  2 13  1  0  0  0
  2  3  1  0  0  0
  3  4  1  0  0  0
  4 17  1  0  0  0
  4  5  1  0  0  0
  5  6  1  0  0  0
  5 14  1  0  0  0
  6  7  1  0  0  0
  7  8  1  0  0  0
  8  9  2  0  0  0
  9 10  1  0  0  0
 10 11  1  0  0  0
 11 12  1  0  0  0
 12 13  1  0  0  0
 14 15  1  0  0  0
 15 16  1  0  0  0
 16 17  1  0  0  0
M  END
$$$$
O1C2C3C(C=CCC3C4C(C2)CCCC4)CC1
  -ISIS-

 17 20  0  0  0  0  0  0  0  0  1
   -5.0085   -3.5458    2.1011  C  0  0  0  0  0
   -4.8522   -5.0719    1.8972  C  0  0  0  0  0
   -4.4718   -5.8300    3.1620  C  0  0  0  0  0
   -5.5621   -5.6327    4.2135  C  0  0  0  0  0
   -5.7238   -4.1443    4.6341  C  0  0  0  0  0
   -5.9187   -3.2106    3.3435  C  0  0  0  0  0
   -7.3882   -2.9963    2.9709  C  0  0  0  0  0
   -7.9020   -3.4064    1.6317  C  0  0  0  0  0
   -7.0758   -3.3015    0.5748  C  0  0  0  0  0
   -5.5901   -2.9864    0.7461  C  0  0  0  0  0
   -4.6997   -3.4555   -0.4443  C  0  0  0  0  0
   -4.2941   -4.9362   -0.4014  C  0  0  0  0  0
   -3.8657   -5.3348    0.8986  O  0  0  0  0  0
   -6.9345   -4.0962    5.6248  C  0  0  0  0  0
   -6.8294   -5.0556    6.8181  C  0  0  0  0  0
   -6.5268   -6.4856    6.3860  C  0  0  0  0  0
   -5.3544   -6.5713    5.4123  C  0  0  0  0  0
  1  6  1  0  0  0
  1 10  1  0  0  0
  1  2  1  0  0  0
  2 13  1  0  0  0
  2  3  1  0  0  0
  3  4  1  0  0  0
  4 17  1  0  0  0
  4  5  1  0  0  0
  5  6  1  0  0  0
  5 14  1  0  0  0
  6  7  1  0  0  0
  7  8  1  0  0  0
  8  9  2  0  0  0
  9 10  1  0  0  0
 10 11  1  0  0  0
 11 12  1  0  0  0
 12 13  1  0  0  0
 14 15  1  0  0  0
 15 16  1  0  0  0
 16 17  1  0  0  0
M  END
$$$$
O1C2C3C(C=CCC3C4C(C2)CCCC4)CC1
  -ISIS-

 17 20  0  0  0  0  0  0  0  0  1
   -5.0085   -3.5458    2.1011  C  0  0  0  0  0
   -4.8522   -5.0719    1.8972  C  0  0  0  0  0
   -4.4718   -5.8300    3.1620  C  0  0  0  0  0
   -5.5621   -5.6327    4.2135  C  0  0  0  0  0
   -5.7238   -4.1443    4.6341  C  0  0  0  0  0
   -5.9187   -3.2106    3.3435  C  0  0  0  0  0
   -7.3882   -2.9963    2.9709  C  0  0  0  0  0
   -7.9020   -3.4064    1.6317  C  0  0  0  0  0
   -7.0758   -3.3015    0.5748  C  0  0  0  0  0
   -5.5901   -2.9864    0.7461  C  0  0  0  0  0
   -4.6997   -3.4555   -0.4443  C  0  0  0  0  0
   -4.2941   -4.9362   -0.4014  C  0  0  0  0  0
   -3.8657   -5.3348    0.8986  O  0  0  0  0  0
   -6.9345   -4.0962    5.6248  C  0  0  0  0  0
   -6.8294   -5.0556    6.8181  C  0  0  0  0  0
   -6.5268   -6.4856    6.3860  C  0  0  0  0  0
   -5.3544   -6.5713    5.4123  C  0  0  0  0  0
  1  6  1  0  0  0
  1 10  1  0  0  0
  1  2  1  0  0  0
  2 13  1  0  0  0
  2  3  1  0  0  0
  3  4  1  0  0  0
  4 17  1  0  0  0
  4  5  1  0  0  0
  5  6  1  0  0  0
  5 14  1  0  0  0
  6  7  1  0  0  0
  7  8  1  0  0  0
  8  9  2  0  0  0
  9 10  1  0  0  0
 10 11  1  0  0  0
 11 12  1  0  0  0
 12 13  1  0  0  0
 14 15  1  0  0  0
 15 16  1  0  0  0
 16 17  1  0  0  0
M  END
$$$$
O1C2C3C(C=CCC3C4C(C2)CCCC4)CC1
  -ISIS-

 17 20  0  0  0  0  0  0  0  0  1
   -5.7372   -3.5382   -3.0081  C  0  0  0  0  0
   -4.3439   -4.0464   -2.5633  C  0  0  0  0  0
   -3.3001   -2.9320   -2.4016  C  0  0  0  0  0
   -3.7593   -1.8396   -1.4162  C  0  0  0  0  0
   -5.1560   -1.2313   -1.7819  C  0  0  0  0  0
   -6.1959   -2.4112   -2.0207  C  0  0  0  0  0
   -6.5838   -3.1288   -0.7153  C  0  0  0  0  0
   -7.6888   -4.1107   -0.8144  C  0  0  0  0  0
   -7.7758   -4.8473   -1.9333  C  0  0  0  0  0
   -6.7291   -4.7748   -3.0422  C  0  0  0  0  0
   -5.9582   -6.1111   -3.0916  C  0  0  0  0  0
   -4.6606   -6.0343   -3.8541  C  0  0  0  0  0
   -3.8497   -4.9996   -3.5181  O  0  0  0  0  0
   -5.6599   -0.2820   -0.6207  C  0  0  0  0  0
   -4.5378    0.1954    0.3294  C  0  0  0  0  0
   -3.2389    0.4809   -0.4136  C  0  0  0  0  0
   -2.6639   -0.7793   -1.0876  C  0  0  0  0  0
  1  6  1  0  0  0
  1 10  1  0  0  0
  1  2  1  0  0  0
  2 13  1  0  0  0
  2  3  1  0  0  0
  3  4  1  0  0  0
  4 17  1  0  0  0
  4  5  1  0  0  0
  5  6  1  0  0  0
  5 14  1  0  0  0
  6  7  1  0  0  0
  7  8  1  0  0  0
  8  9  2  0  0  0
  9 10  1  0  0  0
 10 11  1  0  0  0
 11 12  1  0  0  0
 12 13  1  0  0  0
 14 15  1  0  0  0
 15 16  1  0  0  0
 16 17  1  0  0  0
M  END
$$$$
O1C2C3C(C=CCC3C4C(C2)CCCC4)CC1
  -ISIS-

 17 20  0  0  0  0  0  0  0  0  1
   -5.7372   -3.5382   -3.0081  C  0  0  0  0  0
   -4.3439   -4.0464   -2.5633  C  0  0  0  0  0
   -3.3001   -2.9320   -2.4016  C  0  0  0  0  0
   -3.7593   -1.8396   -1.4162  C  0  0  0  0  0
   -5.1560   -1.2313   -1.7819  C  0  0  0  0  0
   -6.1959   -2.4112   -2.0207  C  0  0  0  0  0
   -6.5838   -3.1288   -0.7153  C  0  0  0  0  0
   -7.6888   -4.1107   -0.8144  C  0  0  0  0  0
   -7.7758   -4.8473   -1.9333  C  0  0  0  0  0
   -6.7291   -4.7748   -3.0422  C  0  0  0  0  0
   -5.9582   -6.1111   -3.0916  C  0  0  0  0  0
   -4.6606   -6.0343   -3.8541  C  0  0  0  0  0
   -3.8497   -4.9996   -3.5181  O  0  0  0  0  0
   -5.6599   -0.2820   -0.6207  C  0  0  0  0  0
   -4.5378    0.1954    0.3294  C  0  0  0  0  0
   -3.2389    0.4809   -0.4136  C  0  0  0  0  0
   -2.6639   -0.7793   -1.0876  C  0  0  0  0  0
  1  6  1  0  0  0
  1 10  1  0  0  0
  1  2  1  0  0  0
  2 13  1  0  0  0
  2  3  1  0  0  0
  3  4  1  0  0  0
  4 17  1  0  0  0
  4  5  1  0  0  0
  5  6  1  0  0  0
  5 14  1  0  0  0
  6  7  1  0  0  0
  7  8  1  0  0  0
  8  9  2  0  0  0
  9 10  1  0  0  0
 10 11  1  0  0  0
 11 12  1  0  0  0
 12 13  1  0  0  0
 14 15  1  0  0  0
 15 16  1  0  0  0
 16 17  1  0  0  0
M  END
$$$$
O1C2C3C(C=CCC3C4C(C2)CCCC4)CC1
  -ISIS-

 17 20  0  0  0  0  0  0  0  0  1
   -5.7372   -3.5382   -3.0081  C  0  0  0  0  0
   -4.3439   -4.0464   -2.5633  C  0  0  0  0  0
   -3.3001   -2.9320   -2.4016  C  0  0  0  0  0
   -3.7593   -1.8396   -1.4162  C  0  0  0  0  0
   -5.1560   -1.2313   -1.7819  C  0  0  0  0  0
   -6.1959   -2.4112   -2.0207  C  0  0  0  0  0
   -6.5838   -3.1288   -0.7153  C  0  0  0  0  0
   -7.6888   -4.1107   -0.8144  C  0  0  0  0  0
   -7.7758   -4.8473   -1.9333  C  0  0  0  0  0
   -6.7291   -4.7748   -3.0422  C  0  0  0  0  0
   -5.9582   -6.1111   -3.0916  C  0  0  0  0  0
   -4.6606   -6.0343   -3.8541  C  0  0  0  0  0
   -3.8497   -4.9996   -3.5181  O  0  0  0  0  0
   -5.6599   -0.2820   -0.6207  C  0  0  0  0  0
   -4.5378    0.1954    0.3294  C  0  0  0  0  0
   -3.2389    0.4809   -0.4136  C  0  0  0  0  0
   -2.6639   -0.7793   -1.0876  C  0  0  0  0  0
  1  6  1  0  0  0
  1 10  1  0  0  0
  1  2  1  0  0  0
  2 13  1  0  0  0
  2  3  1  0  0  0
  3  4  1  0  0  0
  4 17  1  0  0  0
  4  5  1  0  0  0
  5  6  1  0  0  0
  5 14  1  0  0  0
  6  7  1  0  0  0
  7  8  1  0  0  0
  8  9  2  0  0  0
  9 10  1  0  0  0
 10 11  1  0  0  0
 11 12  1  0  0  0
 12 13  1  0  0  0
 14 15  1  0  0  0
 15 16  1  0  0  0
 16 17  1  0  0  0
M  END
$$$$
O1C2C3C(C=CCC3C4C(C2)CCCC4)CC1
  -ISIS-

 17 20  0  0  0  0  0  0  0  0  1
   -5.7372   -3.5382   -3.0081  C  0  0  0  0  0
   -4.3439   -4.0464   -2.5633  C  0  0  0  0  0
   -3.3001   -2.9320   -2.4016  C  0  0  0  0  0
   -3.7593   -1.8396   -1.4162  C  0  0  0  0  0
   -5.1560   -1.2313   -1.7819  C  0  0  0  0  0
   -6.1959   -2.4112   -2.0207  C  0  0  0  0  0
   -6.5838   -3.1288   -0.7153  C  0  0  0  0  0
   -7.6888   -4.1107   -0.8144  C  0  0  0  0  0
   -7.7758   -4.8473   -1.9333  C  0  0  0  0  0
   -6.7291   -4.7748   -3.0422  C  0  0  0  0  0
   -5.9582   -6.1111   -3.0916  C  0  0  0  0  0
   -4.6606   -6.0343   -3.8541  C  0  0  0  0  0
   -3.8497   -4.9996   -3.5181  O  0  0  0  0  0
   -5.6599   -0.2820   -0.6207  C  0  0  0  0  0
   -4.5378    0.1954    0.3294  C  0  0  0  0  0
   -3.2389    0.4809   -0.4136  C  0  0  0  0  0
   -2.6639   -0.7793   -1.0876  C  0  0  0  0  0
  1  6  1  0  0  0
  1 10  1  0  0  0
  1  2  1  0  0  0
  2 13  1  0  0  0
  2  3  1  0  0  0
  3  4  1  0  0  0
  4 17  1  0  0  0
  4  5  1  0  0  0
  5  6  1  0  0  0
  5 14  1  0  0  0
  6  7  1  0  0  0
  7  8  1  0  0  0
  8  9  2  0  0  0
  9 10  1  0  0  0
 10 11  1  0  0  0
 11 12  1  0  0  0
 12 13  1  0  0  0
 14 15  1  0  0  0
 15 16  1  0  0  0
 16 17  1  0  0  0
M  END
$$$$
O1C2C3C(C=CCC3C4C(C2)CCCC4)CC1
  -ISIS-

 17 20  0  0  0  0  0  0  0  0  1
   -5.7372   -3.5382   -3.0081  C  0  0  0  0  0
   -4.3439   -4.0464   -2.5633  C  0  0  0  0  0
   -3.3001   -2.9320   -2.4016  C  0  0  0  0  0
   -3.7593   -1.8396   -1.4162  C  0  0  0  0  0
   -5.1560   -1.2313   -1.7819  C  0  0  0  0  0
   -6.1959   -2.4112   -2.0207  C  0  0  0  0  0
   -6.5838   -3.1288   -0.7153  C  0  0  0  0  0
   -7.6888   -4.1107   -0.8144  C  0  0  0  0  0
   -7.7758   -4.8473   -1.9333  C  0  0  0  0  0
   -6.7291   -4.7748   -3.0422  C  0  0  0  0  0
   -5.9582   -6.1111   -3.0916  C  0  0  0  0  0
   -4.6606   -6.0343   -3.8541  C  0  0  0  0  0
   -3.8497   -4.9996   -3.5181  O  0  0  0  0  0
   -5.6599   -0.2820   -0.6207  C  0  0  0  0  0
   -4.5378    0.1954    0.3294  C  0  0  0  0  0
   -3.2389    0.4809   -0.4136  C  0  0  0  0  0
   -2.6639   -0.7793   -1.0876  C  0  0  0  0  0
  1  6  1  0  0  0
  1 10  1  0  0  0
  1  2  1  0  0  0
  2 13  1  0  0  0
  2  3  1  0  0  0
  3  4  1  0  0  0
  4 17  1  0  0  0
  4  5  1  0  0  0
  5  6  1  0  0  0
  5 14  1  0  0  0
  6  7  1  0  0  0
  7  8  1  0  0  0
  8  9  2  0  0  0
  9 10  1  0  0  0
 10 11  1  0  0  0
 11 12  1  0  0  0
 12 13  1  0  0  0
 14 15  1  0  0  0
 15 16  1  0  0  0
 16 17  1  0  0  0
M  END
$$$$
O1C2C3C(C=CCC3C4C(C2)CCCC4)CC1
  -ISIS-

 17 20  0  0  0  0  0  0  0  0  1
   -5.7372   -3.5382   -3.0081  C  0  0  0  0  0
   -4.3439   -4.0464   -2.5633  C  0  0  0  0  0
   -3.3001   -2.9320   -2.4016  C  0  0  0  0  0
   -3.7593   -1.8396   -1.4162  C  0  0  0  0  0
   -5.1560   -1.2313   -1.7819  C  0  0  0  0  0
   -6.1959   -2.4112   -2.0207  C  0  0  0  0  0
   -6.5838   -3.1288   -0.7153  C  0  0  0  0  0
   -7.6888   -4.1107   -0.8144  C  0  0  0  0  0
   -7.7758   -4.8473   -1.9333  C  0  0  0  0  0
   -6.7291   -4.7748   -3.0422  C  0  0  0  0  0
   -5.9582   -6.1111   -3.0916  C  0  0  0  0  0
   -4.6606   -6.0343   -3.8541  C  0  0  0  0  0
   -3.8497   -4.9996   -3.5181  O  0  0  0  0  0
   -5.6599   -0.2820   -0.6207  C  0  0  0  0  0
   -4.5378    0.1954    0.3294  C  0  0  0  0  0
   -3.2389    0.4809   -0.4136  C  0  0  0  0  0
   -2.6639   -0.7793   -1.0876  C  0  0  0  0  0
  1  6  1  0  0  0
  1 10  1  0  0  0
  1  2  1  0  0  0
  2 13  1  0  0  0
  2  3  1  0  0  0
  3  4  1  0  0  0
  4 17  1  0  0  0
  4  5  1  0  0  0
  5  6  1  0  0  0
  5 14  1  0  0  0
  6  7  1  0  0  0
  7  8  1  0  0  0
  8  9  2  0  0  0
  9 10  1  0  0  0
 10 11  1  0  0  0
 11 12  1  0  0  0
 12 13  1  0  0  0
 14 15  1  0  0  0
 15 16  1  0  0  0
 16 17  1  0  0  0
M  END
$$$$
O1C2C3C(C=CCC3C4C(C2)CCCC4)CC1
  -ISIS-

 17 20  0  0  0  0  0  0  0  0  1
   -5.7372   -3.5382   -3.0081  C  0  0  0  0  0
   -4.3439   -4.0464   -2.5633  C  0  0  0  0  0
   -3.3001   -2.9320   -2.4016  C  0  0  0  0  0
   -3.7593   -1.8396   -1.4162  C  0  0  0  0  0
   -5.1560   -1.2313   -1.7819  C  0  0  0  0  0
   -6.1959   -2.4112   -2.0207  C  0  0  0  0  0
   -6.5838   -3.1288   -0.7153  C  0  0  0  0  0
   -7.6888   -4.1107   -0.8144  C  0  0  0  0  0
   -7.7758   -4.8473   -1.9333  C  0  0  0  0  0
   -6.7291   -4.7748   -3.0422  C  0  0  0  0  0
   -5.9582   -6.1111   -3.0916  C  0  0  0  0  0
   -4.6606   -6.0343   -3.8541  C  0  0  0  0  0
   -3.8497   -4.9996   -3.5181  O  0  0  0  0  0
   -5.6599   -0.2820   -0.6207  C  0  0  0  0  0
   -4.5378    0.1954    0.3294  C  0  0  0  0  0
   -3.2389    0.4809   -0.4136  C  0  0  0  0  0
   -2.6639   -0.7793   -1.0876  C  0  0  0  0  0
  1  6  1  0  0  0
  1 10  1  0  0  0
  1  2  1  0  0  0
  2 13  1  0  0  0
  2  3  1  0  0  0
  3  4  1  0  0  0
  4 17  1  0  0  0
  4  5  1  0  0  0
  5  6  1  0  0  0
  5 14  1  0  0  0
  6  7  1  0  0  0
  7  8  1  0  0  0
  8  9  2  0  0  0
  9 10  1  0  0  0
 10 11  1  0  0  0
 11 12  1  0  0  0
 12 13  1  0  0  0
 14 15  1  0  0  0
 15 16  1  0  0  0
 16 17  1  0  0  0
M  END
$$$$
O1C2C3C(C=CCC3C4C(C2)CCCC4)CC1
  -ISIS-

 17 20  0  0  0  0  0  0  0  0  1
   -5.7372   -3.5382   -3.0081  C  0  0  0  0  0
   -4.3439   -4.0464   -2.5633  C  0  0  0  0  0
   -3.3001   -2.9320   -2.4016  C  0  0  0  0  0
   -3.7593   -1.8396   -1.4162  C  0  0  0  0  0
   -5.1560   -1.2313   -1.7819  C  0  0  0  0  0
   -6.1959   -2.4112   -2.0207  C  0  0  0  0  0
   -6.5838   -3.1288   -0.7153  C  0  0  0  0  0
   -7.6888   -4.1107   -0.8144  C  0  0  0  0  0
   -7.7758   -4.8473   -1.9333  C  0  0  0  0  0
   -6.7291   -4.7748   -3.0422  C  0  0  0  0  0
   -5.9582   -6.1111   -3.0916  C  0  0  0  0  0
   -4.6606   -6.0343   -3.8541  C  0  0  0  0  0
   -3.8497   -4.9996   -3.5181  O  0  0  0  0  0
   -5.6599   -0.2820   -0.6207  C  0  0  0  0  0
   -4.5378    0.1954    0.3294  C  0  0  0  0  0
   -3.2389    0.4809   -0.4136  C  0  0  0  0  0
   -2.6639   -0.7793   -1.0876  C  0  0  0  0  0
  1  6  1  0  0  0
  1 10  1  0  0  0
  1  2  1  0  0  0
  2 13  1  0  0  0
  2  3  1  0  0  0
  3  4  1  0  0  0
  4 17  1  0  0  0
  4  5  1  0  0  0
  5  6  1  0  0  0
  5 14  1  0  0  0
  6  7  1  0  0  0
  7  8  1  0  0  0
  8  9  2  0  0  0
  9 10  1  0  0  0
 10 11  1  0  0  0
 11 12  1  0  0  0
 12 13  1  0  0  0
 14 15  1  0  0  0
 15 16  1  0  0  0
 16 17  1  0  0  0
M  END
$$$$
O1C2C3C(C=CCC3C4C(C2)CCCC4)CC1
  -ISIS-

 17 20  0  0  0  0  0  0  0  0  1
   -5.7372   -3.5382   -3.0081  C  0  0  0  0  0
   -4.3439   -4.0464   -2.5633  C  0  0  0  0  0
   -3.3001   -2.9320   -2.4016  C  0  0  0  0  0
   -3.7593   -1.8396   -1.4162  C  0  0  0  0  0
   -5.1560   -1.2313   -1.7819  C  0  0  0  0  0
   -6.1959   -2.4112   -2.0207  C  0  0  0  0  0
   -6.5838   -3.1288   -0.7153  C  0  0  0  0  0
   -7.6888   -4.1107   -0.8144  C  0  0  0  0  0
   -7.7758   -4.8473   -1.9333  C  0  0  0  0  0
   -6.7291   -4.7748   -3.0422  C  0  0  0  0  0
   -5.9582   -6.1111   -3.0916  C  0  0  0  0  0
   -4.6606   -6.0343   -3.8541  C  0  0  0  0  0
   -3.8497   -4.9996   -3.5181  O  0  0  0  0  0
   -5.6599   -0.2820   -0.6207  C  0  0  0  0  0
   -4.5378    0.1954    0.3294  C  0  0  0  0  0
   -3.2389    0.4809   -0.4136  C  0  0  0  0  0
   -2.6639   -0.7793   -1.0876  C  0  0  0  0  0
  1  6  1  0  0  0
  1 10  1  0  0  0
  1  2  1  0  0  0
  2 13  1  0  0  0
  2  3  1  0  0  0
  3  4  1  0  0  0
  4 17  1  0  0  0
  4  5  1  0  0  0
  5  6  1  0  0  0
  5 14  1  0  0  0
  6  7  1  0  0  0
  7  8  1  0  0  0
  8  9  2  0  0  0
  9 10  1  0  0  0
 10 11  1  0  0  0
 11 12  1  0  0  0
 12 13  1  0  0  0
 14 15  1  0  0  0
 15 16  1  0  0  0
 16 17  1  0  0  0
M  END
$$$$
O1C2C3C(C=CCC3C4C(C2)CCCC4)CC1
  -ISIS-

 17 20  0  0  0  0  0  0  0  0  1
    2.8455    3.0477   -3.8319  C  0  0  0  0  0
    2.4437    4.0179   -5.0040  C  0  0  0  0  0
    3.2422    5.3470   -4.9883  C  0  0  0  0  0
    3.2205    6.0655   -3.6414  C  0  0  0  0  0
    3.7687    5.1814   -2.5168  C  0  0  0  0  0
    2.9834    3.8386   -2.4653  C  0  0  0  0  0
    3.4202    3.0042   -1.2410  C  0  0  0  0  0
    3.8682    3.7420    0.0088  C  0  0  0  0  0
    3.9209    5.0906    0.0182  C  0  0  0  0  0
    3.5548    5.9459   -1.1838  C  0  0  0  0  0
    2.1332    6.4849   -1.0154  C  0  0  0  0  0
    1.5446    7.0936   -2.2558  C  0  0  0  0  0
    1.8628    6.4811   -3.4167  O  0  0  0  0  0
    2.5571    3.4303   -6.4508  C  0  0  0  0  0
    3.8632    2.6515   -6.6778  C  0  0  0  0  0
    4.1948    1.6354   -5.5919  C  0  0  0  0  0
    4.1341    2.2977   -4.2152  C  0  0  0  0  0
  1  6  1  0  0  0
  1 17  1  0  0  0
  1  2  1  0  0  0
  2  3  1  0  0  0
  2 14  1  0  0  0
  3  4  1  0  0  0
  4 13  1  0  0  0
  4  5  1  0  0  0
  5 10  1  0  0  0
  5  6  1  0  0  0
  6  7  1  0  0  0
  7  8  1  0  0  0
  8  9  2  0  0  0
  9 10  1  0  0  0
 10 11  1  0  0  0
 11 12  1  0  0  0
 12 13  1  0  0  0
 14 15  1  0  0  0
 15 16  1  0  0  0
 16 17  1  0  0  0
M  END
$$$$
O1C2C3C(C=CCC3C4C(C2)CCCC4)CC1
  -ISIS-

 17 20  0  0  0  0  0  0  0  0  1
    2.8455    3.0477   -3.8319  C  0  0  0  0  0
    2.4437    4.0179   -5.0040  C  0  0  0  0  0
    3.2422    5.3470   -4.9883  C  0  0  0  0  0
    3.2205    6.0655   -3.6414  C  0  0  0  0  0
    3.7687    5.1814   -2.5168  C  0  0  0  0  0
    2.9834    3.8386   -2.4653  C  0  0  0  0  0
    3.4202    3.0042   -1.2410  C  0  0  0  0  0
    3.8682    3.7420    0.0088  C  0  0  0  0  0
    3.9209    5.0906    0.0182  C  0  0  0  0  0
    3.5548    5.9459   -1.1838  C  0  0  0  0  0
    2.1332    6.4849   -1.0154  C  0  0  0  0  0
    1.5446    7.0936   -2.2558  C  0  0  0  0  0
    1.8628    6.4811   -3.4167  O  0  0  0  0  0
    2.5571    3.4303   -6.4508  C  0  0  0  0  0
    3.8632    2.6515   -6.6778  C  0  0  0  0  0
    4.1948    1.6354   -5.5919  C  0  0  0  0  0
    4.1341    2.2977   -4.2152  C  0  0  0  0  0
  1  6  1  0  0  0
  1 17  1  0  0  0
  1  2  1  0  0  0
  2  3  1  0  0  0
  2 14  1  0  0  0
  3  4  1  0  0  0
  4 13  1  0  0  0
  4  5  1  0  0  0
  5 10  1  0  0  0
  5  6  1  0  0  0
  6  7  1  0  0  0
  7  8  1  0  0  0
  8  9  2  0  0  0
  9 10  1  0  0  0
 10 11  1  0  0  0
 11 12  1  0  0  0
 12 13  1  0  0  0
 14 15  1  0  0  0
 15 16  1  0  0  0
 16 17  1  0  0  0
M  END
$$$$
O1C2C3C(C=CCC3C4C(C2)CCCC4)CC1
  -ISIS-

 17 20  0  0  0  0  0  0  0  0  1
    2.8455    3.0477   -3.8319  C  0  0  0  0  0
    2.4437    4.0179   -5.0040  C  0  0  0  0  0
    3.2422    5.3470   -4.9883  C  0  0  0  0  0
    3.2205    6.0655   -3.6414  C  0  0  0  0  0
    3.7687    5.1814   -2.5168  C  0  0  0  0  0
    2.9834    3.8386   -2.4653  C  0  0  0  0  0
    3.4202    3.0042   -1.2410  C  0  0  0  0  0
    3.8682    3.7420    0.0088  C  0  0  0  0  0
    3.9209    5.0906    0.0182  C  0  0  0  0  0
    3.5548    5.9459   -1.1838  C  0  0  0  0  0
    2.1332    6.4849   -1.0154  C  0  0  0  0  0
    1.5446    7.0936   -2.2558  C  0  0  0  0  0
    1.8628    6.4811   -3.4167  O  0  0  0  0  0
    2.5571    3.4303   -6.4508  C  0  0  0  0  0
    3.8632    2.6515   -6.6778  C  0  0  0  0  0
    4.1948    1.6354   -5.5919  C  0  0  0  0  0
    4.1341    2.2977   -4.2152  C  0  0  0  0  0
  1  6  1  0  0  0
  1 17  1  0  0  0
  1  2  1  0  0  0
  2  3  1  0  0  0
  2 14  1  0  0  0
  3  4  1  0  0  0
  4 13  1  0  0  0
  4  5  1  0  0  0
  5 10  1  0  0  0
  5  6  1  0  0  0
  6  7  1  0  0  0
  7  8  1  0  0  0
  8  9  2  0  0  0
  9 10  1  0  0  0
 10 11  1  0  0  0
 11 12  1  0  0  0
 12 13  1  0  0  0
 14 15  1  0  0  0
 15 16  1  0  0  0
 16 17  1  0  0  0
M  END
$$$$
O1C2C3C(C=CCC3C4C(C2)CCCC4)CC1
  -ISIS-

 17 20  0  0  0  0  0  0  0  0  1
    2.8455    3.0477   -3.8319  C  0  0  0  0  0
    2.4437    4.0179   -5.0040  C  0  0  0  0  0
    3.2422    5.3470   -4.9883  C  0  0  0  0  0
    3.2205    6.0655   -3.6414  C  0  0  0  0  0
    3.7687    5.1814   -2.5168  C  0  0  0  0  0
    2.9834    3.8386   -2.4653  C  0  0  0  0  0
    3.4202    3.0042   -1.2410  C  0  0  0  0  0
    3.8682    3.7420    0.0088  C  0  0  0  0  0
    3.9209    5.0906    0.0182  C  0  0  0  0  0
    3.5548    5.9459   -1.1838  C  0  0  0  0  0
    2.1332    6.4849   -1.0154  C  0  0  0  0  0
    1.5446    7.0936   -2.2558  C  0  0  0  0  0
    1.8628    6.4811   -3.4167  O  0  0  0  0  0
    2.5571    3.4303   -6.4508  C  0  0  0  0  0
    3.8632    2.6515   -6.6778  C  0  0  0  0  0
    4.1948    1.6354   -5.5919  C  0  0  0  0  0
    4.1341    2.2977   -4.2152  C  0  0  0  0  0
  1  6  1  0  0  0
  1 17  1  0  0  0
  1  2  1  0  0  0
  2  3  1  0  0  0
  2 14  1  0  0  0
  3  4  1  0  0  0
  4 13  1  0  0  0
  4  5  1  0  0  0
  5 10  1  0  0  0
  5  6  1  0  0  0
  6  7  1  0  0  0
  7  8  1  0  0  0
  8  9  2  0  0  0
  9 10  1  0  0  0
 10 11  1  0  0  0
 11 12  1  0  0  0
 12 13  1  0  0  0
 14 15  1  0  0  0
 15 16  1  0  0  0
 16 17  1  0  0  0
M  END
$$$$
O1C2C3C(C=CCC3C4C(C2)CCCC4)CC1
  -ISIS-

 17 20  0  0  0  0  0  0  0  0  1
    2.8455    3.0477   -3.8319  C  0  0  0  0  0
    2.4437    4.0179   -5.0040  C  0  0  0  0  0
    3.2422    5.3470   -4.9883  C  0  0  0  0  0
    3.2205    6.0655   -3.6414  C  0  0  0  0  0
    3.7687    5.1814   -2.5168  C  0  0  0  0  0
    2.9834    3.8386   -2.4653  C  0  0  0  0  0
    3.4202    3.0042   -1.2410  C  0  0  0  0  0
    3.8682    3.7420    0.0088  C  0  0  0  0  0
    3.9209    5.0906    0.0182  C  0  0  0  0  0
    3.5548    5.9459   -1.1838  C  0  0  0  0  0
    2.1332    6.4849   -1.0154  C  0  0  0  0  0
    1.5446    7.0936   -2.2558  C  0  0  0  0  0
    1.8628    6.4811   -3.4167  O  0  0  0  0  0
    2.5571    3.4303   -6.4508  C  0  0  0  0  0
    3.8632    2.6515   -6.6778  C  0  0  0  0  0
    4.1948    1.6354   -5.5919  C  0  0  0  0  0
    4.1341    2.2977   -4.2152  C  0  0  0  0  0
  1  6  1  0  0  0
  1 17  1  0  0  0
  1  2  1  0  0  0
  2  3  1  0  0  0
  2 14  1  0  0  0
  3  4  1  0  0  0
  4 13  1  0  0  0
  4  5  1  0  0  0
  5 10  1  0  0  0
  5  6  1  0  0  0
  6  7  1  0  0  0
  7  8  1  0  0  0
  8  9  2  0  0  0
  9 10  1  0  0  0
 10 11  1  0  0  0
 11 12  1  0  0  0
 12 13  1  0  0  0
 14 15  1  0  0  0
 15 16  1  0  0  0
 16 17  1  0  0  0
M  END
$$$$
O1C2C3C(C=CCC3C4C(C2)CCCC4)CC1
  -ISIS-

 17 20  0  0  0  0  0  0  0  0  1
    2.8455    3.0477   -3.8319  C  0  0  0  0  0
    2.4437    4.0179   -5.0040  C  0  0  0  0  0
    3.2422    5.3470   -4.9883  C  0  0  0  0  0
    3.2205    6.0655   -3.6414  C  0  0  0  0  0
    3.7687    5.1814   -2.5168  C  0  0  0  0  0
    2.9834    3.8386   -2.4653  C  0  0  0  0  0
    3.4202    3.0042   -1.2410  C  0  0  0  0  0
    3.8682    3.7420    0.0088  C  0  0  0  0  0
    3.9209    5.0906    0.0182  C  0  0  0  0  0
    3.5548    5.9459   -1.1838  C  0  0  0  0  0
    2.1332    6.4849   -1.0154  C  0  0  0  0  0
    1.5446    7.0936   -2.2558  C  0  0  0  0  0
    1.8628    6.4811   -3.4167  O  0  0  0  0  0
    2.5571    3.4303   -6.4508  C  0  0  0  0  0
    3.8632    2.6515   -6.6778  C  0  0  0  0  0
    4.1948    1.6354   -5.5919  C  0  0  0  0  0
    4.1341    2.2977   -4.2152  C  0  0  0  0  0
  1  6  1  0  0  0
  1 17  1  0  0  0
  1  2  1  0  0  0
  2  3  1  0  0  0
  2 14  1  0  0  0
  3  4  1  0  0  0
  4 13  1  0  0  0
  4  5  1  0  0  0
  5 10  1  0  0  0
  5  6  1  0  0  0
  6  7  1  0  0  0
  7  8  1  0  0  0
  8  9  2  0  0  0
  9 10  1  0  0  0
 10 11  1  0  0  0
 11 12  1  0  0  0
 12 13  1  0  0  0
 14 15  1  0  0  0
 15 16  1  0  0  0
 16 17  1  0  0  0
M  END
$$$$
O1C2C3C(C=CCC3C4C(C2)CCCC4)CC1
  -ISIS-

 17 20  0  0  0  0  0  0  0  0  1
    2.8455    3.0477   -3.8319  C  0  0  0  0  0
    2.4437    4.0179   -5.0040  C  0  0  0  0  0
    3.2422    5.3470   -4.9883  C  0  0  0  0  0
    3.2205    6.0655   -3.6414  C  0  0  0  0  0
    3.7687    5.1814   -2.5168  C  0  0  0  0  0
    2.9834    3.8386   -2.4653  C  0  0  0  0  0
    3.4202    3.0042   -1.2410  C  0  0  0  0  0
    3.8682    3.7420    0.0088  C  0  0  0  0  0
    3.9209    5.0906    0.0182  C  0  0  0  0  0
    3.5548    5.9459   -1.1838  C  0  0  0  0  0
    2.1332    6.4849   -1.0154  C  0  0  0  0  0
    1.5446    7.0936   -2.2558  C  0  0  0  0  0
    1.8628    6.4811   -3.4167  O  0  0  0  0  0
    2.5571    3.4303   -6.4508  C  0  0  0  0  0
    3.8632    2.6515   -6.6778  C  0  0  0  0  0
    4.1948    1.6354   -5.5919  C  0  0  0  0  0
    4.1341    2.2977   -4.2152  C  0  0  0  0  0
  1  6  1  0  0  0
  1 17  1  0  0  0
  1  2  1  0  0  0
  2  3  1  0  0  0
  2 14  1  0  0  0
  3  4  1  0  0  0
  4 13  1  0  0  0
  4  5  1  0  0  0
  5 10  1  0  0  0
  5  6  1  0  0  0
  6  7  1  0  0  0
  7  8  1  0  0  0
  8  9  2  0  0  0
  9 10  1  0  0  0
 10 11  1  0  0  0
 11 12  1  0  0  0
 12 13  1  0  0  0
 14 15  1  0  0  0
 15 16  1  0  0  0
 16 17  1  0  0  0
M  END
$$$$
O1C2C3C(C=CCC3C4C(C2)CCCC4)CC1
  -ISIS-

 17 20  0  0  0  0  0  0  0  0  1
    2.8455    3.0477   -3.8319  C  0  0  0  0  0
    2.4437    4.0179   -5.0040  C  0  0  0  0  0
    3.2422    5.3470   -4.9883  C  0  0  0  0  0
    3.2205    6.0655   -3.6414  C  0  0  0  0  0
    3.7687    5.1814   -2.5168  C  0  0  0  0  0
    2.9834    3.8386   -2.4653  C  0  0  0  0  0
    3.4202    3.0042   -1.2410  C  0  0  0  0  0
    3.8682    3.7420    0.0088  C  0  0  0  0  0
    3.9209    5.0906    0.0182  C  0  0  0  0  0
    3.5548    5.9459   -1.1838  C  0  0  0  0  0
    2.1332    6.4849   -1.0154  C  0  0  0  0  0
    1.5446    7.0936   -2.2558  C  0  0  0  0  0
    1.8628    6.4811   -3.4167  O  0  0  0  0  0
    2.5571    3.4303   -6.4508  C  0  0  0  0  0
    3.8632    2.6515   -6.6778  C  0  0  0  0  0
    4.1948    1.6354   -5.5919  C  0  0  0  0  0
    4.1341    2.2977   -4.2152  C  0  0  0  0  0
  1  6  1  0  0  0
  1 17  1  0  0  0
  1  2  1  0  0  0
  2  3  1  0  0  0
  2 14  1  0  0  0
  3  4  1  0  0  0
  4 13  1  0  0  0
  4  5  1  0  0  0
  5 10  1  0  0  0
  5  6  1  0  0  0
  6  7  1  0  0  0
  7  8  1  0  0  0
  8  9  2  0  0  0
  9 10  1  0  0  0
 10 11  1  0  0  0
 11 12  1  0  0  0
 12 13  1  0  0  0
 14 15  1  0  0  0
 15 16  1  0  0  0
 16 17  1  0  0  0
M  END
$$$$
O1C2C3C(C=CCC3C4C(C2)CCCC4)CC1
  -ISIS-

 17 20  0  0  0  0  0  0  0  0  1
    2.8455    3.0477   -3.8319  C  0  0  0  0  0
    2.4437    4.0179   -5.0040  C  0  0  0  0  0
    3.2422    5.3470   -4.9883  C  0  0  0  0  0
    3.2205    6.0655   -3.6414  C  0  0  0  0  0
    3.7687    5.1814   -2.5168  C  0  0  0  0  0
    2.9834    3.8386   -2.4653  C  0  0  0  0  0
    3.4202    3.0042   -1.2410  C  0  0  0  0  0
    3.8682    3.7420    0.0088  C  0  0  0  0  0
    3.9209    5.0906    0.0182  C  0  0  0  0  0
    3.5548    5.9459   -1.1838  C  0  0  0  0  0
    2.1332    6.4849   -1.0154  C  0  0  0  0  0
    1.5446    7.0936   -2.2558  C  0  0  0  0  0
    1.8628    6.4811   -3.4167  O  0  0  0  0  0
    2.5571    3.4303   -6.4508  C  0  0  0  0  0
    3.8632    2.6515   -6.6778  C  0  0  0  0  0
    4.1948    1.6354   -5.5919  C  0  0  0  0  0
    4.1341    2.2977   -4.2152  C  0  0  0  0  0
  1  6  1  0  0  0
  1 17  1  0  0  0
  1  2  1  0  0  0
  2  3  1  0  0  0
  2 14  1  0  0  0
  3  4  1  0  0  0
  4 13  1  0  0  0
  4  5  1  0  0  0
  5 10  1  0  0  0
  5  6  1  0  0  0
  6  7  1  0  0  0
  7  8  1  0  0  0
  8  9  2  0  0  0
  9 10  1  0  0  0
 10 11  1  0  0  0
 11 12  1  0  0  0
 12 13  1  0  0  0
 14 15  1  0  0  0
 15 16  1  0  0  0
 16 17  1  0  0  0
M  END
$$$$
O1C2C3C(C=CCC3C4C(C2)CCCC4)CC1
  -ISIS-

 17 20  0  0  0  0  0  0  0  0  1
    4.3132    6.0633   -5.4842  C  0  0  0  0  0
    4.1435    7.6183   -5.6209  C  0  0  0  0  0
    3.0400    8.1931   -4.6980  C  0  0  0  0  0
    1.6946    7.4791   -4.8300  C  0  0  0  0  0
    1.8179    5.9684   -4.5884  C  0  0  0  0  0
    2.8933    5.3667   -5.5403  C  0  0  0  0  0
    2.8839    3.8220   -5.4989  C  0  0  0  0  0
    1.6054    3.1121   -5.0885  C  0  0  0  0  0
    0.4890    3.8254   -4.8317  C  0  0  0  0  0
    0.4384    5.3405   -4.9099  C  0  0  0  0  0
   -0.1208    5.7701   -6.2660  C  0  0  0  0  0
    0.0415    7.2322   -6.5685  C  0  0  0  0  0
    1.1910    7.7974   -6.1395  O  0  0  0  0  0
    5.4463    8.4540   -5.3932  C  0  0  0  0  0
    6.5807    7.6754   -4.7206  C  0  0  0  0  0
    6.0554    6.7551   -3.6318  C  0  0  0  0  0
    5.0765    5.7202   -4.1904  C  0  0  0  0  0
  1  6  1  0  0  0
  1 17  1  0  0  0
  1  2  1  0  0  0
  2  3  1  0  0  0
  2 14  1  0  0  0
  3  4  1  0  0  0
  4 13  1  0  0  0
  4  5  1  0  0  0
  5 10  1  0  0  0
  5  6  1  0  0  0
  6  7  1  0  0  0
  7  8  1  0  0  0
  8  9  2  0  0  0
  9 10  1  0  0  0
 10 11  1  0  0  0
 11 12  1  0  0  0
 12 13  1  0  0  0
 14 15  1  0  0  0
 15 16  1  0  0  0
 16 17  1  0  0  0
M  END
$$$$
O1C2C3C(C=CCC3C4C(C2)CCCC4)CC1
  -ISIS-

 17 20  0  0  0  0  0  0  0  0  1
    4.3132    6.0633   -5.4842  C  0  0  0  0  0
    4.1435    7.6183   -5.6209  C  0  0  0  0  0
    3.0400    8.1931   -4.6980  C  0  0  0  0  0
    1.6946    7.4791   -4.8300  C  0  0  0  0  0
    1.8179    5.9684   -4.5884  C  0  0  0  0  0
    2.8933    5.3667   -5.5403  C  0  0  0  0  0
    2.8839    3.8220   -5.4989  C  0  0  0  0  0
    1.6054    3.1121   -5.0885  C  0  0  0  0  0
    0.4890    3.8254   -4.8317  C  0  0  0  0  0
    0.4384    5.3405   -4.9099  C  0  0  0  0  0
   -0.1208    5.7701   -6.2660  C  0  0  0  0  0
    0.0415    7.2322   -6.5685  C  0  0  0  0  0
    1.1910    7.7974   -6.1395  O  0  0  0  0  0
    5.4463    8.4540   -5.3932  C  0  0  0  0  0
    6.5807    7.6754   -4.7206  C  0  0  0  0  0
    6.0554    6.7551   -3.6318  C  0  0  0  0  0
    5.0765    5.7202   -4.1904  C  0  0  0  0  0
  1  6  1  0  0  0
  1 17  1  0  0  0
  1  2  1  0  0  0
  2  3  1  0  0  0
  2 14  1  0  0  0
  3  4  1  0  0  0
  4 13  1  0  0  0
  4  5  1  0  0  0
  5 10  1  0  0  0
  5  6  1  0  0  0
  6  7  1  0  0  0
  7  8  1  0  0  0
  8  9  2  0  0  0
  9 10  1  0  0  0
 10 11  1  0  0  0
 11 12  1  0  0  0
 12 13  1  0  0  0
 14 15  1  0  0  0
 15 16  1  0  0  0
 16 17  1  0  0  0
M  END
$$$$
O1C2C3C(C=CCC3C4C(C2)CCCC4)CC1
  -ISIS-

 17 20  0  0  0  0  0  0  0  0  1
    4.3132    6.0633   -5.4842  C  0  0  0  0  0
    4.1435    7.6183   -5.6209  C  0  0  0  0  0
    3.0400    8.1931   -4.6980  C  0  0  0  0  0
    1.6946    7.4791   -4.8300  C  0  0  0  0  0
    1.8179    5.9684   -4.5884  C  0  0  0  0  0
    2.8933    5.3667   -5.5403  C  0  0  0  0  0
    2.8839    3.8220   -5.4989  C  0  0  0  0  0
    1.6054    3.1121   -5.0885  C  0  0  0  0  0
    0.4890    3.8254   -4.8317  C  0  0  0  0  0
    0.4384    5.3405   -4.9099  C  0  0  0  0  0
   -0.1208    5.7701   -6.2660  C  0  0  0  0  0
    0.0415    7.2322   -6.5685  C  0  0  0  0  0
    1.1910    7.7974   -6.1395  O  0  0  0  0  0
    5.4463    8.4540   -5.3932  C  0  0  0  0  0
    6.5807    7.6754   -4.7206  C  0  0  0  0  0
    6.0554    6.7551   -3.6318  C  0  0  0  0  0
    5.0765    5.7202   -4.1904  C  0  0  0  0  0
  1  6  1  0  0  0
  1 17  1  0  0  0
  1  2  1  0  0  0
  2  3  1  0  0  0
  2 14  1  0  0  0
  3  4  1  0  0  0
  4 13  1  0  0  0
  4  5  1  0  0  0
  5 10  1  0  0  0
  5  6  1  0  0  0
  6  7  1  0  0  0
  7  8  1  0  0  0
  8  9  2  0  0  0
  9 10  1  0  0  0
 10 11  1  0  0  0
 11 12  1  0  0  0
 12 13  1  0  0  0
 14 15  1  0  0  0
 15 16  1  0  0  0
 16 17  1  0  0  0
M  END
$$$$
O1C2C3C(C=CCC3C4C(C2)CCCC4)CC1
  -ISIS-

 17 20  0  0  0  0  0  0  0  0  1
    4.3132    6.0633   -5.4842  C  0  0  0  0  0
    4.1435    7.6183   -5.6209  C  0  0  0  0  0
    3.0400    8.1931   -4.6980  C  0  0  0  0  0
    1.6946    7.4791   -4.8300  C  0  0  0  0  0
    1.8179    5.9684   -4.5884  C  0  0  0  0  0
    2.8933    5.3667   -5.5403  C  0  0  0  0  0
    2.8839    3.8220   -5.4989  C  0  0  0  0  0
    1.6054    3.1121   -5.0885  C  0  0  0  0  0
    0.4890    3.8254   -4.8317  C  0  0  0  0  0
    0.4384    5.3405   -4.9099  C  0  0  0  0  0
   -0.1208    5.7701   -6.2660  C  0  0  0  0  0
    0.0415    7.2322   -6.5685  C  0  0  0  0  0
    1.1910    7.7974   -6.1395  O  0  0  0  0  0
    5.4463    8.4540   -5.3932  C  0  0  0  0  0
    6.5807    7.6754   -4.7206  C  0  0  0  0  0
    6.0554    6.7551   -3.6318  C  0  0  0  0  0
    5.0765    5.7202   -4.1904  C  0  0  0  0  0
  1  6  1  0  0  0
  1 17  1  0  0  0
  1  2  1  0  0  0
  2  3  1  0  0  0
  2 14  1  0  0  0
  3  4  1  0  0  0
  4 13  1  0  0  0
  4  5  1  0  0  0
  5 10  1  0  0  0
  5  6  1  0  0  0
  6  7  1  0  0  0
  7  8  1  0  0  0
  8  9  2  0  0  0
  9 10  1  0  0  0
 10 11  1  0  0  0
 11 12  1  0  0  0
 12 13  1  0  0  0
 14 15  1  0  0  0
 15 16  1  0  0  0
 16 17  1  0  0  0
M  END
$$$$
O1C2C3C(C=CCC3C4C(C2)CCCC4)CC1
  -ISIS-

 17 20  0  0  0  0  0  0  0  0  1
    4.3132    6.0633   -5.4842  C  0  0  0  0  0
    4.1435    7.6183   -5.6209  C  0  0  0  0  0
    3.0400    8.1931   -4.6980  C  0  0  0  0  0
    1.6946    7.4791   -4.8300  C  0  0  0  0  0
    1.8179    5.9684   -4.5884  C  0  0  0  0  0
    2.8933    5.3667   -5.5403  C  0  0  0  0  0
    2.8839    3.8220   -5.4989  C  0  0  0  0  0
    1.6054    3.1121   -5.0885  C  0  0  0  0  0
    0.4890    3.8254   -4.8317  C  0  0  0  0  0
    0.4384    5.3405   -4.9099  C  0  0  0  0  0
   -0.1208    5.7701   -6.2660  C  0  0  0  0  0
    0.0415    7.2322   -6.5685  C  0  0  0  0  0
    1.1910    7.7974   -6.1395  O  0  0  0  0  0
    5.4463    8.4540   -5.3932  C  0  0  0  0  0
    6.5807    7.6754   -4.7206  C  0  0  0  0  0
    6.0554    6.7551   -3.6318  C  0  0  0  0  0
    5.0765    5.7202   -4.1904  C  0  0  0  0  0
  1  6  1  0  0  0
  1 17  1  0  0  0
  1  2  1  0  0  0
  2  3  1  0  0  0
  2 14  1  0  0  0
  3  4  1  0  0  0
  4 13  1  0  0  0
  4  5  1  0  0  0
  5 10  1  0  0  0
  5  6  1  0  0  0
  6  7  1  0  0  0
  7  8  1  0  0  0
  8  9  2  0  0  0
  9 10  1  0  0  0
 10 11  1  0  0  0
 11 12  1  0  0  0
 12 13  1  0  0  0
 14 15  1  0  0  0
 15 16  1  0  0  0
 16 17  1  0  0  0
M  END
$$$$
O1C2C3C(C=CCC3C4C(C2)CCCC4)CC1
  -ISIS-

 17 20  0  0  0  0  0  0  0  0  1
    4.3132    6.0633   -5.4842  C  0  0  0  0  0
    4.1435    7.6183   -5.6209  C  0  0  0  0  0
    3.0400    8.1931   -4.6980  C  0  0  0  0  0
    1.6946    7.4791   -4.8300  C  0  0  0  0  0
    1.8179    5.9684   -4.5884  C  0  0  0  0  0
    2.8933    5.3667   -5.5403  C  0  0  0  0  0
    2.8839    3.8220   -5.4989  C  0  0  0  0  0
    1.6054    3.1121   -5.0885  C  0  0  0  0  0
    0.4890    3.8254   -4.8317  C  0  0  0  0  0
    0.4384    5.3405   -4.9099  C  0  0  0  0  0
   -0.1208    5.7701   -6.2660  C  0  0  0  0  0
    0.0415    7.2322   -6.5685  C  0  0  0  0  0
    1.1910    7.7974   -6.1395  O  0  0  0  0  0
    5.4463    8.4540   -5.3932  C  0  0  0  0  0
    6.5807    7.6754   -4.7206  C  0  0  0  0  0
    6.0554    6.7551   -3.6318  C  0  0  0  0  0
    5.0765    5.7202   -4.1904  C  0  0  0  0  0
  1  6  1  0  0  0
  1 17  1  0  0  0
  1  2  1  0  0  0
  2  3  1  0  0  0
  2 14  1  0  0  0
  3  4  1  0  0  0
  4 13  1  0  0  0
  4  5  1  0  0  0
  5 10  1  0  0  0
  5  6  1  0  0  0
  6  7  1  0  0  0
  7  8  1  0  0  0
  8  9  2  0  0  0
  9 10  1  0  0  0
 10 11  1  0  0  0
 11 12  1  0  0  0
 12 13  1  0  0  0
 14 15  1  0  0  0
 15 16  1  0  0  0
 16 17  1  0  0  0
M  END
$$$$
O1C2C3C(C=CCC3C4C(C2)CCCC4)CC1
  -ISIS-

 17 20  0  0  0  0  0  0  0  0  1
    4.3132    6.0633   -5.4842  C  0  0  0  0  0
    4.1435    7.6183   -5.6209  C  0  0  0  0  0
    3.0400    8.1931   -4.6980  C  0  0  0  0  0
    1.6946    7.4791   -4.8300  C  0  0  0  0  0
    1.8179    5.9684   -4.5884  C  0  0  0  0  0
    2.8933    5.3667   -5.5403  C  0  0  0  0  0
    2.8839    3.8220   -5.4989  C  0  0  0  0  0
    1.6054    3.1121   -5.0885  C  0  0  0  0  0
    0.4890    3.8254   -4.8317  C  0  0  0  0  0
    0.4384    5.3405   -4.9099  C  0  0  0  0  0
   -0.1208    5.7701   -6.2660  C  0  0  0  0  0
    0.0415    7.2322   -6.5685  C  0  0  0  0  0
    1.1910    7.7974   -6.1395  O  0  0  0  0  0
    5.4463    8.4540   -5.3932  C  0  0  0  0  0
    6.5807    7.6754   -4.7206  C  0  0  0  0  0
    6.0554    6.7551   -3.6318  C  0  0  0  0  0
    5.0765    5.7202   -4.1904  C  0  0  0  0  0
  1  6  1  0  0  0
  1 17  1  0  0  0
  1  2  1  0  0  0
  2  3  1  0  0  0
  2 14  1  0  0  0
  3  4  1  0  0  0
  4 13  1  0  0  0
  4  5  1  0  0  0
  5 10  1  0  0  0
  5  6  1  0  0  0
  6  7  1  0  0  0
  7  8  1  0  0  0
  8  9  2  0  0  0
  9 10  1  0  0  0
 10 11  1  0  0  0
 11 12  1  0  0  0
 12 13  1  0  0  0
 14 15  1  0  0  0
 15 16  1  0  0  0
 16 17  1  0  0  0
M  END
$$$$
O1C2C3C(C=CCC3C4C(C2)CCCC4)CC1
  -ISIS-

 17 20  0  0  0  0  0  0  0  0  1
    4.3132    6.0633   -5.4842  C  0  0  0  0  0
    4.1435    7.6183   -5.6209  C  0  0  0  0  0
    3.0400    8.1931   -4.6980  C  0  0  0  0  0
    1.6946    7.4791   -4.8300  C  0  0  0  0  0
    1.8179    5.9684   -4.5884  C  0  0  0  0  0
    2.8933    5.3667   -5.5403  C  0  0  0  0  0
    2.8839    3.8220   -5.4989  C  0  0  0  0  0
    1.6054    3.1121   -5.0885  C  0  0  0  0  0
    0.4890    3.8254   -4.8317  C  0  0  0  0  0
    0.4384    5.3405   -4.9099  C  0  0  0  0  0
   -0.1208    5.7701   -6.2660  C  0  0  0  0  0
    0.0415    7.2322   -6.5685  C  0  0  0  0  0
    1.1910    7.7974   -6.1395  O  0  0  0  0  0
    5.4463    8.4540   -5.3932  C  0  0  0  0  0
    6.5807    7.6754   -4.7206  C  0  0  0  0  0
    6.0554    6.7551   -3.6318  C  0  0  0  0  0
    5.0765    5.7202   -4.1904  C  0  0  0  0  0
  1  6  1  0  0  0
  1 17  1  0  0  0
  1  2  1  0  0  0
  2  3  1  0  0  0
  2 14  1  0  0  0
  3  4  1  0  0  0
  4 13  1  0  0  0
  4  5  1  0  0  0
  5 10  1  0  0  0
  5  6  1  0  0  0
  6  7  1  0  0  0
  7  8  1  0  0  0
  8  9  2  0  0  0
  9 10  1  0  0  0
 10 11  1  0  0  0
 11 12  1  0  0  0
 12 13  1  0  0  0
 14 15  1  0  0  0
 15 16  1  0  0  0
 16 17  1  0  0  0
M  END
$$$$
O1C2C3C(C=CCC3C4C(C2)CCCC4)CC1
  -ISIS-

 17 20  0  0  0  0  0  0  0  0  1
    4.3132    6.0633   -5.4842  C  0  0  0  0  0
    4.1435    7.6183   -5.6209  C  0  0  0  0  0
    3.0400    8.1931   -4.6980  C  0  0  0  0  0
    1.6946    7.4791   -4.8300  C  0  0  0  0  0
    1.8179    5.9684   -4.5884  C  0  0  0  0  0
    2.8933    5.3667   -5.5403  C  0  0  0  0  0
    2.8839    3.8220   -5.4989  C  0  0  0  0  0
    1.6054    3.1121   -5.0885  C  0  0  0  0  0
    0.4890    3.8254   -4.8317  C  0  0  0  0  0
    0.4384    5.3405   -4.9099  C  0  0  0  0  0
   -0.1208    5.7701   -6.2660  C  0  0  0  0  0
    0.0415    7.2322   -6.5685  C  0  0  0  0  0
    1.1910    7.7974   -6.1395  O  0  0  0  0  0
    5.4463    8.4540   -5.3932  C  0  0  0  0  0
    6.5807    7.6754   -4.7206  C  0  0  0  0  0
    6.0554    6.7551   -3.6318  C  0  0  0  0  0
    5.0765    5.7202   -4.1904  C  0  0  0  0  0
  1  6  1  0  0  0
  1 17  1  0  0  0
  1  2  1  0  0  0
  2  3  1  0  0  0
  2 14  1  0  0  0
  3  4  1  0  0  0
  4 13  1  0  0  0
  4  5  1  0  0  0
  5 10  1  0  0  0
  5  6  1  0  0  0
  6  7  1  0  0  0
  7  8  1  0  0  0
  8  9  2  0  0  0
  9 10  1  0  0  0
 10 11  1  0  0  0
 11 12  1  0  0  0
 12 13  1  0  0  0
 14 15  1  0  0  0
 15 16  1  0  0  0
 16 17  1  0  0  0
M  END
$$$$
