O1C2C3C(C1)CC(C2)CN3
  -ISIS-

 10 12  0  0  0  0  0  0  0  0  1
    5.2175   -0.4342    0.6109  C  0  0  0  0  0
    3.9246   -1.1558    0.1757  C  0  0  0  0  0
    4.2527   -2.3551   -0.7248  C  0  0  0  0  0
    5.1878   -1.9129   -1.8720  C  0  0  0  0  0
    5.2652   -0.3868   -1.9047  C  0  0  0  0  0
    6.1169   -0.1591   -0.6221  C  0  0  0  0  0
    7.1177   -1.1869   -0.6896  O  0  0  0  0  0
    6.6458   -2.2556   -1.5325  C  0  0  0  0  0
    3.8759    0.2340   -1.8678  N  0  0  0  0  0
    3.0891   -0.1651   -0.6357  C  0  0  0  0  0
  1  6  1  0  0  0
  1  2  1  0  0  0
  2 10  1  0  0  0
  2  3  1  0  0  0
  3  4  1  0  0  0
  4  8  1  0  0  0
  4  5  1  0  0  0
  5  6  1  0  0  0
  5  9  1  0  0  0
  6  7  1  0  0  0
  7  8  1  0  0  0
  9 10  1  0  0  0
M  END
$$$$
