O1C2CCC(C1)CC2
  -ISIS-

  8  9  0  0  0  0  0  0  0  0  1
    1.6474    6.6108   -7.1970  C  0  0  0  0  0
    1.4942    6.0621   -5.9489  O  0  0  0  0  0
    0.3276    6.5057   -5.2285  C  0  0  0  0  0
    0.3917    8.0270   -5.1161  C  0  0  0  0  0
    0.4820    8.6224   -6.5241  C  0  0  0  0  0
    0.4725    7.4973   -7.5877  C  0  0  0  0  0
   -0.7780    6.5729   -7.4818  C  0  0  0  0  0
   -0.9135    6.0901   -6.0152  C  0  0  0  0  0
  1  6  1  0  0  0
  1  2  1  0  0  0
  2  3  1  0  0  0
  3  8  1  0  0  0
  3  4  1  0  0  0
  4  5  1  0  0  0
  5  6  1  0  0  0
  6  7  1  0  0  0
  7  8  1  0  0  0
M  END
$$$$
O1C2CCC(C1)CC2
  -ISIS-

  8  9  0  0  0  0  0  0  0  0  1
    1.6474    6.6108   -7.1970  C  0  0  0  0  0
    1.4942    6.0621   -5.9489  O  0  0  0  0  0
    0.3276    6.5057   -5.2285  C  0  0  0  0  0
    0.3917    8.0270   -5.1161  C  0  0  0  0  0
    0.4820    8.6224   -6.5241  C  0  0  0  0  0
    0.4725    7.4973   -7.5877  C  0  0  0  0  0
   -0.7780    6.5729   -7.4818  C  0  0  0  0  0
   -0.9135    6.0901   -6.0152  C  0  0  0  0  0
  1  6  1  0  0  0
  1  2  1  0  0  0
  2  3  1  0  0  0
  3  8  1  0  0  0
  3  4  1  0  0  0
  4  5  1  0  0  0
  5  6  1  0  0  0
  6  7  1  0  0  0
  7  8  1  0  0  0
M  END
$$$$
O1C2CCC(C1)CC2
  -ISIS-

  8  9  0  0  0  0  0  0  0  0  1
    1.6474    6.6108   -7.1970  C  0  0  0  0  0
    1.4942    6.0621   -5.9489  O  0  0  0  0  0
    0.3276    6.5057   -5.2285  C  0  0  0  0  0
    0.3917    8.0270   -5.1161  C  0  0  0  0  0
    0.4820    8.6224   -6.5241  C  0  0  0  0  0
    0.4725    7.4973   -7.5877  C  0  0  0  0  0
   -0.7780    6.5729   -7.4818  C  0  0  0  0  0
   -0.9135    6.0901   -6.0152  C  0  0  0  0  0
  1  6  1  0  0  0
  1  2  1  0  0  0
  2  3  1  0  0  0
  3  8  1  0  0  0
  3  4  1  0  0  0
  4  5  1  0  0  0
  5  6  1  0  0  0
  6  7  1  0  0  0
  7  8  1  0  0  0
M  END
$$$$
O1C2CCC(C1)CC2
  -ISIS-

  8  9  0  0  0  0  0  0  0  0  1
   -1.1421   -0.9082   -5.3705  C  0  0  0  0  0
    0.0219   -0.2749   -5.7248  O  0  0  0  0  0
    0.7093    0.3824   -4.6437  C  0  0  0  0  0
   -0.2508    1.3867   -4.0088  C  0  0  0  0  0
   -1.5203    0.6507   -3.5673  C  0  0  0  0  0
   -1.3964   -0.8626   -3.8680  C  0  0  0  0  0
   -0.1296   -1.5081   -3.2240  C  0  0  0  0  0
    1.1145   -0.6738   -3.6205  C  0  0  0  0  0
  1  6  1  0  0  0
  1  2  1  0  0  0
  2  3  1  0  0  0
  3  8  1  0  0  0
  3  4  1  0  0  0
  4  5  1  0  0  0
  5  6  1  0  0  0
  6  7  1  0  0  0
  7  8  1  0  0  0
M  END
$$$$
O1C2CCC(C1)CC2
  -ISIS-

  8  9  0  0  0  0  0  0  0  0  1
   -1.1421   -0.9082   -5.3705  C  0  0  0  0  0
    0.0219   -0.2749   -5.7248  O  0  0  0  0  0
    0.7093    0.3824   -4.6437  C  0  0  0  0  0
   -0.2508    1.3867   -4.0088  C  0  0  0  0  0
   -1.5203    0.6507   -3.5673  C  0  0  0  0  0
   -1.3964   -0.8626   -3.8680  C  0  0  0  0  0
   -0.1296   -1.5081   -3.2240  C  0  0  0  0  0
    1.1145   -0.6738   -3.6205  C  0  0  0  0  0
  1  6  1  0  0  0
  1  2  1  0  0  0
  2  3  1  0  0  0
  3  8  1  0  0  0
  3  4  1  0  0  0
  4  5  1  0  0  0
  5  6  1  0  0  0
  6  7  1  0  0  0
  7  8  1  0  0  0
M  END
$$$$
O1C2CCC(C1)CC2
  -ISIS-

  8  9  0  0  0  0  0  0  0  0  1
   -1.1421   -0.9082   -5.3705  C  0  0  0  0  0
    0.0219   -0.2749   -5.7248  O  0  0  0  0  0
    0.7093    0.3824   -4.6437  C  0  0  0  0  0
   -0.2508    1.3867   -4.0088  C  0  0  0  0  0
   -1.5203    0.6507   -3.5673  C  0  0  0  0  0
   -1.3964   -0.8626   -3.8680  C  0  0  0  0  0
   -0.1296   -1.5081   -3.2240  C  0  0  0  0  0
    1.1145   -0.6738   -3.6205  C  0  0  0  0  0
  1  6  1  0  0  0
  1  2  1  0  0  0
  2  3  1  0  0  0
  3  8  1  0  0  0
  3  4  1  0  0  0
  4  5  1  0  0  0
  5  6  1  0  0  0
  6  7  1  0  0  0
  7  8  1  0  0  0
M  END
$$$$
O1C2CCC(C1)CC2
  -ISIS-

  8  9  0  0  0  0  0  0  0  0  1
   -3.0931   -5.2400    1.0551  C  0  0  0  0  0
   -2.9190   -4.4561    2.4082  C  0  0  0  0  0
   -3.1519   -5.4330    3.5816  C  0  0  0  0  0
   -3.7268   -6.7573    3.0597  C  0  0  0  0  0
   -4.9744   -6.5062    2.2024  C  0  0  0  0  0
   -4.6173   -5.6219    0.9870  C  0  0  0  0  0
   -2.7437   -7.3893    2.2235  O  0  0  0  0  0
   -2.2702   -6.5433    1.1660  C  0  0  0  0  0
  1  6  1  0  0  0
  1  8  1  0  0  0
  1  2  1  0  0  0
  2  3  1  0  0  0
  3  4  1  0  0  0
  4  5  1  0  0  0
  4  7  1  0  0  0
  5  6  1  0  0  0
  7  8  1  0  0  0
M  END
$$$$
O1C2CCC(C1)CC2
  -ISIS-

  8  9  0  0  0  0  0  0  0  0  1
   -3.0931   -5.2400    1.0551  C  0  0  0  0  0
   -2.9190   -4.4561    2.4082  C  0  0  0  0  0
   -3.1519   -5.4330    3.5816  C  0  0  0  0  0
   -3.7268   -6.7573    3.0597  C  0  0  0  0  0
   -4.9744   -6.5062    2.2024  C  0  0  0  0  0
   -4.6173   -5.6219    0.9870  C  0  0  0  0  0
   -2.7437   -7.3893    2.2235  O  0  0  0  0  0
   -2.2702   -6.5433    1.1660  C  0  0  0  0  0
  1  6  1  0  0  0
  1  8  1  0  0  0
  1  2  1  0  0  0
  2  3  1  0  0  0
  3  4  1  0  0  0
  4  5  1  0  0  0
  4  7  1  0  0  0
  5  6  1  0  0  0
  7  8  1  0  0  0
M  END
$$$$
O1C2CCC(C1)CC2
  -ISIS-

  8  9  0  0  0  0  0  0  0  0  1
   -3.0931   -5.2400    1.0551  C  0  0  0  0  0
   -2.9190   -4.4561    2.4082  C  0  0  0  0  0
   -3.1519   -5.4330    3.5816  C  0  0  0  0  0
   -3.7268   -6.7573    3.0597  C  0  0  0  0  0
   -4.9744   -6.5062    2.2024  C  0  0  0  0  0
   -4.6173   -5.6219    0.9870  C  0  0  0  0  0
   -2.7437   -7.3893    2.2235  O  0  0  0  0  0
   -2.2702   -6.5433    1.1660  C  0  0  0  0  0
  1  6  1  0  0  0
  1  8  1  0  0  0
  1  2  1  0  0  0
  2  3  1  0  0  0
  3  4  1  0  0  0
  4  5  1  0  0  0
  4  7  1  0  0  0
  5  6  1  0  0  0
  7  8  1  0  0  0
M  END
$$$$
O1C2CCC(C1)CC2
  -ISIS-

  8  9  0  0  0  0  0  0  0  0  1
   -3.0931   -5.2400    1.0551  C  0  0  0  0  0
   -2.9190   -4.4561    2.4082  C  0  0  0  0  0
   -3.1519   -5.4330    3.5816  C  0  0  0  0  0
   -3.7268   -6.7573    3.0597  C  0  0  0  0  0
   -4.9744   -6.5062    2.2024  C  0  0  0  0  0
   -4.6173   -5.6219    0.9870  C  0  0  0  0  0
   -2.7437   -7.3893    2.2235  O  0  0  0  0  0
   -2.2702   -6.5433    1.1660  C  0  0  0  0  0
  1  6  1  0  0  0
  1  8  1  0  0  0
  1  2  1  0  0  0
  2  3  1  0  0  0
  3  4  1  0  0  0
  4  5  1  0  0  0
  4  7  1  0  0  0
  5  6  1  0  0  0
  7  8  1  0  0  0
M  END
$$$$
O1C2CCC(C1)CC2
  -ISIS-

  8  9  0  0  0  0  0  0  0  0  1
   -5.8503    1.1670    1.9869  O  0  0  0  0  0
   -5.9572    0.2235    3.0653  C  0  0  0  0  0
   -5.5051   -1.1914    2.6482  C  0  0  0  0  0
   -4.0337   -1.0483    2.1860  C  0  0  0  0  0
   -3.9363    0.0045    1.0790  C  0  0  0  0  0
   -5.3279    0.5937    0.7753  C  0  0  0  0  0
   -6.2892   -0.5269    0.3387  C  0  0  0  0  0
   -6.3260   -1.6460    1.4025  C  0  0  0  0  0
  1  6  1  0  0  0
  1  2  1  0  0  0
  2  3  1  0  0  0
  3  8  1  0  0  0
  3  4  1  0  0  0
  4  5  1  0  0  0
  5  6  1  0  0  0
  6  7  1  0  0  0
  7  8  1  0  0  0
M  END
$$$$
O1C2CCC(C1)CC2
  -ISIS-

  8  9  0  0  0  0  0  0  0  0  1
   -5.8503    1.1670    1.9869  O  0  0  0  0  0
   -5.9572    0.2235    3.0653  C  0  0  0  0  0
   -5.5051   -1.1914    2.6482  C  0  0  0  0  0
   -4.0337   -1.0483    2.1860  C  0  0  0  0  0
   -3.9363    0.0045    1.0790  C  0  0  0  0  0
   -5.3279    0.5937    0.7753  C  0  0  0  0  0
   -6.2892   -0.5269    0.3387  C  0  0  0  0  0
   -6.3260   -1.6460    1.4025  C  0  0  0  0  0
  1  6  1  0  0  0
  1  2  1  0  0  0
  2  3  1  0  0  0
  3  8  1  0  0  0
  3  4  1  0  0  0
  4  5  1  0  0  0
  5  6  1  0  0  0
  6  7  1  0  0  0
  7  8  1  0  0  0
M  END
$$$$
O1C2CCC(C1)CC2
  -ISIS-

  8  9  0  0  0  0  0  0  0  0  1
   -5.8503    1.1670    1.9869  O  0  0  0  0  0
   -5.9572    0.2235    3.0653  C  0  0  0  0  0
   -5.5051   -1.1914    2.6482  C  0  0  0  0  0
   -4.0337   -1.0483    2.1860  C  0  0  0  0  0
   -3.9363    0.0045    1.0790  C  0  0  0  0  0
   -5.3279    0.5937    0.7753  C  0  0  0  0  0
   -6.2892   -0.5269    0.3387  C  0  0  0  0  0
   -6.3260   -1.6460    1.4025  C  0  0  0  0  0
  1  6  1  0  0  0
  1  2  1  0  0  0
  2  3  1  0  0  0
  3  8  1  0  0  0
  3  4  1  0  0  0
  4  5  1  0  0  0
  5  6  1  0  0  0
  6  7  1  0  0  0
  7  8  1  0  0  0
M  END
$$$$
O1C2CCC(C1)CC2
  -ISIS-

  8  9  0  0  0  0  0  0  0  0  1
   -1.6907    6.1567    1.6633  C  0  0  0  0  0
   -2.0658    6.8627    0.3094  C  0  0  0  0  0
   -1.3070    8.2042    0.2096  C  0  0  0  0  0
   -0.4438    8.4207    1.4595  C  0  0  0  0  0
   -1.3110    8.4277    2.7257  C  0  0  0  0  0
   -2.1650    7.1426    2.7939  C  0  0  0  0  0
    0.4852    7.3277    1.5490  O  0  0  0  0  0
   -0.1515    6.0575    1.7459  C  0  0  0  0  0
  1  6  1  0  0  0
  1  8  1  0  0  0
  1  2  1  0  0  0
  2  3  1  0  0  0
  3  4  1  0  0  0
  4  5  1  0  0  0
  4  7  1  0  0  0
  5  6  1  0  0  0
  7  8  1  0  0  0
M  END
$$$$
O1C2CCC(C1)CC2
  -ISIS-

  8  9  0  0  0  0  0  0  0  0  1
   -1.6907    6.1567    1.6633  C  0  0  0  0  0
   -2.0658    6.8627    0.3094  C  0  0  0  0  0
   -1.3070    8.2042    0.2096  C  0  0  0  0  0
   -0.4438    8.4207    1.4595  C  0  0  0  0  0
   -1.3110    8.4277    2.7257  C  0  0  0  0  0
   -2.1650    7.1426    2.7939  C  0  0  0  0  0
    0.4852    7.3277    1.5490  O  0  0  0  0  0
   -0.1515    6.0575    1.7459  C  0  0  0  0  0
  1  6  1  0  0  0
  1  8  1  0  0  0
  1  2  1  0  0  0
  2  3  1  0  0  0
  3  4  1  0  0  0
  4  5  1  0  0  0
  4  7  1  0  0  0
  5  6  1  0  0  0
  7  8  1  0  0  0
M  END
$$$$
O1C2CCC(C1)CC2
  -ISIS-

  8  9  0  0  0  0  0  0  0  0  1
   -1.6907    6.1567    1.6633  C  0  0  0  0  0
   -2.0658    6.8627    0.3094  C  0  0  0  0  0
   -1.3070    8.2042    0.2096  C  0  0  0  0  0
   -0.4438    8.4207    1.4595  C  0  0  0  0  0
   -1.3110    8.4277    2.7257  C  0  0  0  0  0
   -2.1650    7.1426    2.7939  C  0  0  0  0  0
    0.4852    7.3277    1.5490  O  0  0  0  0  0
   -0.1515    6.0575    1.7459  C  0  0  0  0  0
  1  6  1  0  0  0
  1  8  1  0  0  0
  1  2  1  0  0  0
  2  3  1  0  0  0
  3  4  1  0  0  0
  4  5  1  0  0  0
  4  7  1  0  0  0
  5  6  1  0  0  0
  7  8  1  0  0  0
M  END
$$$$
O1C2CCC(C1)CC2
  -ISIS-

  8  9  0  0  0  0  0  0  0  0  1
   -1.6907    6.1567    1.6633  C  0  0  0  0  0
   -2.0658    6.8627    0.3094  C  0  0  0  0  0
   -1.3070    8.2042    0.2096  C  0  0  0  0  0
   -0.4438    8.4207    1.4595  C  0  0  0  0  0
   -1.3110    8.4277    2.7257  C  0  0  0  0  0
   -2.1650    7.1426    2.7939  C  0  0  0  0  0
    0.4852    7.3277    1.5490  O  0  0  0  0  0
   -0.1515    6.0575    1.7459  C  0  0  0  0  0
  1  6  1  0  0  0
  1  8  1  0  0  0
  1  2  1  0  0  0
  2  3  1  0  0  0
  3  4  1  0  0  0
  4  5  1  0  0  0
  4  7  1  0  0  0
  5  6  1  0  0  0
  7  8  1  0  0  0
M  END
$$$$
O1C2CCC(C1)CC2
  -ISIS-

  8  9  0  0  0  0  0  0  0  0  1
    1.3675    0.4039   -1.9872  C  0  0  0  0  0
    1.7089   -0.9811   -2.6075  C  0  0  0  0  0
    2.8674   -0.8316   -3.6034  C  0  0  0  0  0
    3.3338    0.6382   -3.6159  C  0  0  0  0  0
    3.6914    1.0787   -2.1676  C  0  0  0  0  0
    2.5252    0.9826   -1.3238  O  0  0  0  0  0
    2.1438    1.4779   -4.1326  C  0  0  0  0  0
    0.9763    1.3690   -3.1382  C  0  0  0  0  0
  1  6  1  0  0  0
  1  8  1  0  0  0
  1  2  1  0  0  0
  2  3  1  0  0  0
  3  4  1  0  0  0
  4  5  1  0  0  0
  4  7  1  0  0  0
  5  6  1  0  0  0
  7  8  1  0  0  0
M  END
$$$$
O1C2CCC(C1)CC2
  -ISIS-

  8  9  0  0  0  0  0  0  0  0  1
    1.3675    0.4039   -1.9872  C  0  0  0  0  0
    1.7089   -0.9811   -2.6075  C  0  0  0  0  0
    2.8674   -0.8316   -3.6034  C  0  0  0  0  0
    3.3338    0.6382   -3.6159  C  0  0  0  0  0
    3.6914    1.0787   -2.1676  C  0  0  0  0  0
    2.5252    0.9826   -1.3238  O  0  0  0  0  0
    2.1438    1.4779   -4.1326  C  0  0  0  0  0
    0.9763    1.3690   -3.1382  C  0  0  0  0  0
  1  6  1  0  0  0
  1  8  1  0  0  0
  1  2  1  0  0  0
  2  3  1  0  0  0
  3  4  1  0  0  0
  4  5  1  0  0  0
  4  7  1  0  0  0
  5  6  1  0  0  0
  7  8  1  0  0  0
M  END
$$$$
O1C2CCC(C1)CC2
  -ISIS-

  8  9  0  0  0  0  0  0  0  0  1
    1.3675    0.4039   -1.9872  C  0  0  0  0  0
    1.7089   -0.9811   -2.6075  C  0  0  0  0  0
    2.8674   -0.8316   -3.6034  C  0  0  0  0  0
    3.3338    0.6382   -3.6159  C  0  0  0  0  0
    3.6914    1.0787   -2.1676  C  0  0  0  0  0
    2.5252    0.9826   -1.3238  O  0  0  0  0  0
    2.1438    1.4779   -4.1326  C  0  0  0  0  0
    0.9763    1.3690   -3.1382  C  0  0  0  0  0
  1  6  1  0  0  0
  1  8  1  0  0  0
  1  2  1  0  0  0
  2  3  1  0  0  0
  3  4  1  0  0  0
  4  5  1  0  0  0
  4  7  1  0  0  0
  5  6  1  0  0  0
  7  8  1  0  0  0
M  END
$$$$
O1C2CCC(C1)CC2
  -ISIS-

  8  9  0  0  0  0  0  0  0  0  1
    1.3675    0.4039   -1.9872  C  0  0  0  0  0
    1.7089   -0.9811   -2.6075  C  0  0  0  0  0
    2.8674   -0.8316   -3.6034  C  0  0  0  0  0
    3.3338    0.6382   -3.6159  C  0  0  0  0  0
    3.6914    1.0787   -2.1676  C  0  0  0  0  0
    2.5252    0.9826   -1.3238  O  0  0  0  0  0
    2.1438    1.4779   -4.1326  C  0  0  0  0  0
    0.9763    1.3690   -3.1382  C  0  0  0  0  0
  1  6  1  0  0  0
  1  8  1  0  0  0
  1  2  1  0  0  0
  2  3  1  0  0  0
  3  4  1  0  0  0
  4  5  1  0  0  0
  4  7  1  0  0  0
  5  6  1  0  0  0
  7  8  1  0  0  0
M  END
$$$$
O1C2CCC(C1)CC2
  -ISIS-

  8  9  0  0  0  0  0  0  0  0  1
  -11.1589   -4.4399    1.6474  C  0  0  0  0  0
  -10.3295   -5.6949    1.1981  C  0  0  0  0  0
  -11.3035   -6.8011    0.7388  C  0  0  0  0  0
  -12.7555   -6.3649    0.9834  C  0  0  0  0  0
  -12.9786   -6.0054    2.4596  C  0  0  0  0  0
  -11.9847   -4.9084    2.8978  C  0  0  0  0  0
  -13.0102   -5.1914    0.1929  O  0  0  0  0  0
  -12.1519   -4.0911    0.5191  C  0  0  0  0  0
  1  6  1  0  0  0
  1  8  1  0  0  0
  1  2  1  0  0  0
  2  3  1  0  0  0
  3  4  1  0  0  0
  4  5  1  0  0  0
  4  7  1  0  0  0
  5  6  1  0  0  0
  7  8  1  0  0  0
M  END
$$$$
O1C2CCC(C1)CC2
  -ISIS-

  8  9  0  0  0  0  0  0  0  0  1
  -11.1589   -4.4399    1.6474  C  0  0  0  0  0
  -10.3295   -5.6949    1.1981  C  0  0  0  0  0
  -11.3035   -6.8011    0.7388  C  0  0  0  0  0
  -12.7555   -6.3649    0.9834  C  0  0  0  0  0
  -12.9786   -6.0054    2.4596  C  0  0  0  0  0
  -11.9847   -4.9084    2.8978  C  0  0  0  0  0
  -13.0102   -5.1914    0.1929  O  0  0  0  0  0
  -12.1519   -4.0911    0.5191  C  0  0  0  0  0
  1  6  1  0  0  0
  1  8  1  0  0  0
  1  2  1  0  0  0
  2  3  1  0  0  0
  3  4  1  0  0  0
  4  5  1  0  0  0
  4  7  1  0  0  0
  5  6  1  0  0  0
  7  8  1  0  0  0
M  END
$$$$
O1C2CCC(C1)CC2
  -ISIS-

  8  9  0  0  0  0  0  0  0  0  1
  -11.1589   -4.4399    1.6474  C  0  0  0  0  0
  -10.3295   -5.6949    1.1981  C  0  0  0  0  0
  -11.3035   -6.8011    0.7388  C  0  0  0  0  0
  -12.7555   -6.3649    0.9834  C  0  0  0  0  0
  -12.9786   -6.0054    2.4596  C  0  0  0  0  0
  -11.9847   -4.9084    2.8978  C  0  0  0  0  0
  -13.0102   -5.1914    0.1929  O  0  0  0  0  0
  -12.1519   -4.0911    0.5191  C  0  0  0  0  0
  1  6  1  0  0  0
  1  8  1  0  0  0
  1  2  1  0  0  0
  2  3  1  0  0  0
  3  4  1  0  0  0
  4  5  1  0  0  0
  4  7  1  0  0  0
  5  6  1  0  0  0
  7  8  1  0  0  0
M  END
$$$$
O1C2CCC(C1)CC2
  -ISIS-

  8  9  0  0  0  0  0  0  0  0  1
  -11.1589   -4.4399    1.6474  C  0  0  0  0  0
  -10.3295   -5.6949    1.1981  C  0  0  0  0  0
  -11.3035   -6.8011    0.7388  C  0  0  0  0  0
  -12.7555   -6.3649    0.9834  C  0  0  0  0  0
  -12.9786   -6.0054    2.4596  C  0  0  0  0  0
  -11.9847   -4.9084    2.8978  C  0  0  0  0  0
  -13.0102   -5.1914    0.1929  O  0  0  0  0  0
  -12.1519   -4.0911    0.5191  C  0  0  0  0  0
  1  6  1  0  0  0
  1  8  1  0  0  0
  1  2  1  0  0  0
  2  3  1  0  0  0
  3  4  1  0  0  0
  4  5  1  0  0  0
  4  7  1  0  0  0
  5  6  1  0  0  0
  7  8  1  0  0  0
M  END
$$$$
O1C2CCC(C1)CC2
  -ISIS-

  8  9  0  0  0  0  0  0  0  0  1
   -3.5257    3.2515   -4.9153  C  0  0  0  0  0
   -4.5054    2.3833   -5.3042  O  0  0  0  0  0
   -4.1929    0.9853   -5.0971  C  0  0  0  0  0
   -3.9047    0.8157   -3.5901  C  0  0  0  0  0
   -2.6610    1.6487   -3.2070  C  0  0  0  0  0
   -2.2865    2.5422   -4.4056  C  0  0  0  0  0
   -1.8191    1.6639   -5.5771  C  0  0  0  0  0
   -2.9232    0.6383   -5.9244  C  0  0  0  0  0
  1  6  1  0  0  0
  1  2  1  0  0  0
  2  3  1  0  0  0
  3  8  1  0  0  0
  3  4  1  0  0  0
  4  5  1  0  0  0
  5  6  1  0  0  0
  6  7  1  0  0  0
  7  8  1  0  0  0
M  END
$$$$
O1C2CCC(C1)CC2
  -ISIS-

  8  9  0  0  0  0  0  0  0  0  1
   -3.5257    3.2515   -4.9153  C  0  0  0  0  0
   -4.5054    2.3833   -5.3042  O  0  0  0  0  0
   -4.1929    0.9853   -5.0971  C  0  0  0  0  0
   -3.9047    0.8157   -3.5901  C  0  0  0  0  0
   -2.6610    1.6487   -3.2070  C  0  0  0  0  0
   -2.2865    2.5422   -4.4056  C  0  0  0  0  0
   -1.8191    1.6639   -5.5771  C  0  0  0  0  0
   -2.9232    0.6383   -5.9244  C  0  0  0  0  0
  1  6  1  0  0  0
  1  2  1  0  0  0
  2  3  1  0  0  0
  3  8  1  0  0  0
  3  4  1  0  0  0
  4  5  1  0  0  0
  5  6  1  0  0  0
  6  7  1  0  0  0
  7  8  1  0  0  0
M  END
$$$$
O1C2CCC(C1)CC2
  -ISIS-

  8  9  0  0  0  0  0  0  0  0  1
   -3.5257    3.2515   -4.9153  C  0  0  0  0  0
   -4.5054    2.3833   -5.3042  O  0  0  0  0  0
   -4.1929    0.9853   -5.0971  C  0  0  0  0  0
   -3.9047    0.8157   -3.5901  C  0  0  0  0  0
   -2.6610    1.6487   -3.2070  C  0  0  0  0  0
   -2.2865    2.5422   -4.4056  C  0  0  0  0  0
   -1.8191    1.6639   -5.5771  C  0  0  0  0  0
   -2.9232    0.6383   -5.9244  C  0  0  0  0  0
  1  6  1  0  0  0
  1  2  1  0  0  0
  2  3  1  0  0  0
  3  8  1  0  0  0
  3  4  1  0  0  0
  4  5  1  0  0  0
  5  6  1  0  0  0
  6  7  1  0  0  0
  7  8  1  0  0  0
M  END
$$$$
O1C2CCC(C1)CC2
  -ISIS-

  8  9  0  0  0  0  0  0  0  0  1
   -3.5257    3.2515   -4.9153  C  0  0  0  0  0
   -4.5054    2.3833   -5.3042  O  0  0  0  0  0
   -4.1929    0.9853   -5.0971  C  0  0  0  0  0
   -3.9047    0.8157   -3.5901  C  0  0  0  0  0
   -2.6610    1.6487   -3.2070  C  0  0  0  0  0
   -2.2865    2.5422   -4.4056  C  0  0  0  0  0
   -1.8191    1.6639   -5.5771  C  0  0  0  0  0
   -2.9232    0.6383   -5.9244  C  0  0  0  0  0
  1  6  1  0  0  0
  1  2  1  0  0  0
  2  3  1  0  0  0
  3  8  1  0  0  0
  3  4  1  0  0  0
  4  5  1  0  0  0
  5  6  1  0  0  0
  6  7  1  0  0  0
  7  8  1  0  0  0
M  END
$$$$
O1C2CCC(C1)CC2
  -ISIS-

  8  9  0  0  0  0  0  0  0  0  1
   -6.0194    6.1001    0.2644  C  0  0  0  0  0
   -5.6094    5.0395   -0.7153  C  0  0  0  0  0
   -4.4507    4.1773   -0.2677  C  0  0  0  0  0
   -4.8468    3.3539    0.9782  C  0  0  0  0  0
   -5.3016    4.3422    2.0932  C  0  0  0  0  0
   -5.2208    5.7891    1.5367  C  0  0  0  0  0
   -3.8150    5.9813    1.1631  O  0  0  0  0  0
   -3.3600    5.1165    0.1976  C  0  0  0  0  0
  1  6  1  0  0  0
  1  2  1  0  0  0
  2  3  1  0  0  0
  3  8  1  0  0  0
  3  4  1  0  0  0
  4  5  1  0  0  0
  5  6  1  0  0  0
  6  7  1  0  0  0
  7  8  1  0  0  0
M  END
$$$$
O1C2CCC(C1)CC2
  -ISIS-

  8  9  0  0  0  0  0  0  0  0  1
   -6.0194    6.1001    0.2644  C  0  0  0  0  0
   -5.6094    5.0395   -0.7153  C  0  0  0  0  0
   -4.4507    4.1773   -0.2677  C  0  0  0  0  0
   -4.8468    3.3539    0.9782  C  0  0  0  0  0
   -5.3016    4.3422    2.0932  C  0  0  0  0  0
   -5.2208    5.7891    1.5367  C  0  0  0  0  0
   -3.8150    5.9813    1.1631  O  0  0  0  0  0
   -3.3600    5.1165    0.1976  C  0  0  0  0  0
  1  6  1  0  0  0
  1  2  1  0  0  0
  2  3  1  0  0  0
  3  8  1  0  0  0
  3  4  1  0  0  0
  4  5  1  0  0  0
  5  6  1  0  0  0
  6  7  1  0  0  0
  7  8  1  0  0  0
M  END
$$$$
O1C2CCC(C1)CC2
  -ISIS-

  8  9  0  0  0  0  0  0  0  0  1
   -6.0194    6.1001    0.2644  C  0  0  0  0  0
   -5.6094    5.0395   -0.7153  C  0  0  0  0  0
   -4.4507    4.1773   -0.2677  C  0  0  0  0  0
   -4.8468    3.3539    0.9782  C  0  0  0  0  0
   -5.3016    4.3422    2.0932  C  0  0  0  0  0
   -5.2208    5.7891    1.5367  C  0  0  0  0  0
   -3.8150    5.9813    1.1631  O  0  0  0  0  0
   -3.3600    5.1165    0.1976  C  0  0  0  0  0
  1  6  1  0  0  0
  1  2  1  0  0  0
  2  3  1  0  0  0
  3  8  1  0  0  0
  3  4  1  0  0  0
  4  5  1  0  0  0
  5  6  1  0  0  0
  6  7  1  0  0  0
  7  8  1  0  0  0
M  END
$$$$
O1C2CCC(C1)CC2
  -ISIS-

  8  9  0  0  0  0  0  0  0  0  1
   -6.0194    6.1001    0.2644  C  0  0  0  0  0
   -5.6094    5.0395   -0.7153  C  0  0  0  0  0
   -4.4507    4.1773   -0.2677  C  0  0  0  0  0
   -4.8468    3.3539    0.9782  C  0  0  0  0  0
   -5.3016    4.3422    2.0932  C  0  0  0  0  0
   -5.2208    5.7891    1.5367  C  0  0  0  0  0
   -3.8150    5.9813    1.1631  O  0  0  0  0  0
   -3.3600    5.1165    0.1976  C  0  0  0  0  0
  1  6  1  0  0  0
  1  2  1  0  0  0
  2  3  1  0  0  0
  3  8  1  0  0  0
  3  4  1  0  0  0
  4  5  1  0  0  0
  5  6  1  0  0  0
  6  7  1  0  0  0
  7  8  1  0  0  0
M  END
$$$$
O1C2CCC(C1)CC2
  -ISIS-

  8  9  0  0  0  0  0  0  0  0  1
   -6.0194    6.1001    0.2644  C  0  0  0  0  0
   -5.6094    5.0395   -0.7153  C  0  0  0  0  0
   -4.4507    4.1773   -0.2677  C  0  0  0  0  0
   -4.8468    3.3539    0.9782  C  0  0  0  0  0
   -5.3016    4.3422    2.0932  C  0  0  0  0  0
   -5.2208    5.7891    1.5367  C  0  0  0  0  0
   -3.8150    5.9813    1.1631  O  0  0  0  0  0
   -3.3600    5.1165    0.1976  C  0  0  0  0  0
  1  6  1  0  0  0
  1  2  1  0  0  0
  2  3  1  0  0  0
  3  8  1  0  0  0
  3  4  1  0  0  0
  4  5  1  0  0  0
  5  6  1  0  0  0
  6  7  1  0  0  0
  7  8  1  0  0  0
M  END
$$$$
O1C2CCC(C1)CC2
  -ISIS-

  8  9  0  0  0  0  0  0  0  0  1
   -0.6113    2.2724   -1.2007  C  0  0  0  0  0
   -1.5254    2.3295   -2.3167  O  0  0  0  0  0
   -1.7305    3.6567   -2.8454  C  0  0  0  0  0
   -0.9445    4.6932   -1.9917  C  0  0  0  0  0
   -1.3818    4.5729   -0.5161  C  0  0  0  0  0
   -1.2157    3.1259   -0.0856  C  0  0  0  0  0
    0.5581    4.3531   -2.0286  C  0  0  0  0  0
    0.7420    2.8820   -1.6339  C  0  0  0  0  0
  1  6  1  0  0  0
  1  8  1  0  0  0
  1  2  1  0  0  0
  2  3  1  0  0  0
  3  4  1  0  0  0
  4  5  1  0  0  0
  4  7  1  0  0  0
  5  6  1  0  0  0
  7  8  1  0  0  0
M  END
$$$$
O1C2CCC(C1)CC2
  -ISIS-

  8  9  0  0  0  0  0  0  0  0  1
   -0.6113    2.2724   -1.2007  C  0  0  0  0  0
   -1.5254    2.3295   -2.3167  O  0  0  0  0  0
   -1.7305    3.6567   -2.8454  C  0  0  0  0  0
   -0.9445    4.6932   -1.9917  C  0  0  0  0  0
   -1.3818    4.5729   -0.5161  C  0  0  0  0  0
   -1.2157    3.1259   -0.0856  C  0  0  0  0  0
    0.5581    4.3531   -2.0286  C  0  0  0  0  0
    0.7420    2.8820   -1.6339  C  0  0  0  0  0
  1  6  1  0  0  0
  1  8  1  0  0  0
  1  2  1  0  0  0
  2  3  1  0  0  0
  3  4  1  0  0  0
  4  5  1  0  0  0
  4  7  1  0  0  0
  5  6  1  0  0  0
  7  8  1  0  0  0
M  END
$$$$
O1C2CCC(C1)CC2
  -ISIS-

  8  9  0  0  0  0  0  0  0  0  1
   -0.6113    2.2724   -1.2007  C  0  0  0  0  0
   -1.5254    2.3295   -2.3167  O  0  0  0  0  0
   -1.7305    3.6567   -2.8454  C  0  0  0  0  0
   -0.9445    4.6932   -1.9917  C  0  0  0  0  0
   -1.3818    4.5729   -0.5161  C  0  0  0  0  0
   -1.2157    3.1259   -0.0856  C  0  0  0  0  0
    0.5581    4.3531   -2.0286  C  0  0  0  0  0
    0.7420    2.8820   -1.6339  C  0  0  0  0  0
  1  6  1  0  0  0
  1  8  1  0  0  0
  1  2  1  0  0  0
  2  3  1  0  0  0
  3  4  1  0  0  0
  4  5  1  0  0  0
  4  7  1  0  0  0
  5  6  1  0  0  0
  7  8  1  0  0  0
M  END
$$$$
O1C2CCC(C1)CC2
  -ISIS-

  8  9  0  0  0  0  0  0  0  0  1
   -1.9453    7.0684    1.7487  C  0  0  0  0  0
   -0.7267    6.9798    1.1102  O  0  0  0  0  0
    0.1256    8.1304    1.2708  C  0  0  0  0  0
   -0.6479    9.3703    0.8150  C  0  0  0  0  0
   -1.9274    9.4981    1.6519  C  0  0  0  0  0
   -2.0254    8.3112    2.6465  C  0  0  0  0  0
   -0.7825    8.3522    3.5690  C  0  0  0  0  0
    0.5001    8.2463    2.7421  C  0  0  0  0  0
  1  6  1  0  0  0
  1  2  1  0  0  0
  2  3  1  0  0  0
  3  8  1  0  0  0
  3  4  1  0  0  0
  4  5  1  0  0  0
  5  6  1  0  0  0
  6  7  1  0  0  0
  7  8  1  0  0  0
M  END
$$$$
O1C2CCC(C1)CC2
  -ISIS-

  8  9  0  0  0  0  0  0  0  0  1
   -1.9453    7.0684    1.7487  C  0  0  0  0  0
   -0.7267    6.9798    1.1102  O  0  0  0  0  0
    0.1256    8.1304    1.2708  C  0  0  0  0  0
   -0.6479    9.3703    0.8150  C  0  0  0  0  0
   -1.9274    9.4981    1.6519  C  0  0  0  0  0
   -2.0254    8.3112    2.6465  C  0  0  0  0  0
   -0.7825    8.3522    3.5690  C  0  0  0  0  0
    0.5001    8.2463    2.7421  C  0  0  0  0  0
  1  6  1  0  0  0
  1  2  1  0  0  0
  2  3  1  0  0  0
  3  8  1  0  0  0
  3  4  1  0  0  0
  4  5  1  0  0  0
  5  6  1  0  0  0
  6  7  1  0  0  0
  7  8  1  0  0  0
M  END
$$$$
O1C2CCC(C1)CC2
  -ISIS-

  8  9  0  0  0  0  0  0  0  0  1
   -0.6887    5.3568    1.4349  C  0  0  0  0  0
   -0.9012    4.3404    2.4546  O  0  0  0  0  0
   -0.0703    3.1696    2.3339  C  0  0  0  0  0
    0.7910    3.2908    1.0518  C  0  0  0  0  0
   -0.1424    3.4797   -0.1632  C  0  0  0  0  0
   -1.1009    4.7047    0.0728  C  0  0  0  0  0
    1.6793    4.5480    1.1514  C  0  0  0  0  0
    0.7978    5.7597    1.4626  C  0  0  0  0  0
  1  6  1  0  0  0
  1  8  1  0  0  0
  1  2  1  0  0  0
  2  3  1  0  0  0
  3  4  1  0  0  0
  4  5  1  0  0  0
  4  7  1  0  0  0
  5  6  1  0  0  0
  7  8  1  0  0  0
M  END
$$$$
O1C2CCC(C1)CC2
  -ISIS-

  8  9  0  0  0  0  0  0  0  0  1
   -0.6887    5.3568    1.4349  C  0  0  0  0  0
   -0.9012    4.3404    2.4546  O  0  0  0  0  0
   -0.0703    3.1696    2.3339  C  0  0  0  0  0
    0.7910    3.2908    1.0518  C  0  0  0  0  0
   -0.1424    3.4797   -0.1632  C  0  0  0  0  0
   -1.1009    4.7047    0.0728  C  0  0  0  0  0
    1.6793    4.5480    1.1514  C  0  0  0  0  0
    0.7978    5.7597    1.4626  C  0  0  0  0  0
  1  6  1  0  0  0
  1  8  1  0  0  0
  1  2  1  0  0  0
  2  3  1  0  0  0
  3  4  1  0  0  0
  4  5  1  0  0  0
  4  7  1  0  0  0
  5  6  1  0  0  0
  7  8  1  0  0  0
M  END
$$$$
O1C2CCC(C1)CC2
  -ISIS-

  8  9  0  0  0  0  0  0  0  0  1
   -0.6887    5.3568    1.4349  C  0  0  0  0  0
   -0.9012    4.3404    2.4546  O  0  0  0  0  0
   -0.0703    3.1696    2.3339  C  0  0  0  0  0
    0.7910    3.2908    1.0518  C  0  0  0  0  0
   -0.1424    3.4797   -0.1632  C  0  0  0  0  0
   -1.1009    4.7047    0.0728  C  0  0  0  0  0
    1.6793    4.5480    1.1514  C  0  0  0  0  0
    0.7978    5.7597    1.4626  C  0  0  0  0  0
  1  6  1  0  0  0
  1  8  1  0  0  0
  1  2  1  0  0  0
  2  3  1  0  0  0
  3  4  1  0  0  0
  4  5  1  0  0  0
  4  7  1  0  0  0
  5  6  1  0  0  0
  7  8  1  0  0  0
M  END
$$$$
O1C2CCC(C1)CC2
  -ISIS-

  8  9  0  0  0  0  0  0  0  0  1
   -0.6887    5.3568    1.4349  C  0  0  0  0  0
   -0.9012    4.3404    2.4546  O  0  0  0  0  0
   -0.0703    3.1696    2.3339  C  0  0  0  0  0
    0.7910    3.2908    1.0518  C  0  0  0  0  0
   -0.1424    3.4797   -0.1632  C  0  0  0  0  0
   -1.1009    4.7047    0.0728  C  0  0  0  0  0
    1.6793    4.5480    1.1514  C  0  0  0  0  0
    0.7978    5.7597    1.4626  C  0  0  0  0  0
  1  6  1  0  0  0
  1  8  1  0  0  0
  1  2  1  0  0  0
  2  3  1  0  0  0
  3  4  1  0  0  0
  4  5  1  0  0  0
  4  7  1  0  0  0
  5  6  1  0  0  0
  7  8  1  0  0  0
M  END
$$$$
O1C2CCC(C1)CC2
  -ISIS-

  8  9  0  0  0  0  0  0  0  0  1
   -0.9005    5.0552   -0.1621  C  0  0  0  0  0
   -1.3164    3.7666    0.3819  O  0  0  0  0  0
   -0.6885    2.6162   -0.2193  C  0  0  0  0  0
    0.2140    3.0859   -1.3888  C  0  0  0  0  0
   -0.6448    3.8879   -2.3885  C  0  0  0  0  0
   -1.3832    5.0632   -1.6505  C  0  0  0  0  0
    1.2995    4.0357   -0.8447  C  0  0  0  0  0
    0.6316    5.1403   -0.0227  C  0  0  0  0  0
  1  6  1  0  0  0
  1  8  1  0  0  0
  1  2  1  0  0  0
  2  3  1  0  0  0
  3  4  1  0  0  0
  4  5  1  0  0  0
  4  7  1  0  0  0
  5  6  1  0  0  0
  7  8  1  0  0  0
M  END
$$$$
O1C2CCC(C1)CC2
  -ISIS-

  8  9  0  0  0  0  0  0  0  0  1
   -0.9005    5.0552   -0.1621  C  0  0  0  0  0
   -1.3164    3.7666    0.3819  O  0  0  0  0  0
   -0.6885    2.6162   -0.2193  C  0  0  0  0  0
    0.2140    3.0859   -1.3888  C  0  0  0  0  0
   -0.6448    3.8879   -2.3885  C  0  0  0  0  0
   -1.3832    5.0632   -1.6505  C  0  0  0  0  0
    1.2995    4.0357   -0.8447  C  0  0  0  0  0
    0.6316    5.1403   -0.0227  C  0  0  0  0  0
  1  6  1  0  0  0
  1  8  1  0  0  0
  1  2  1  0  0  0
  2  3  1  0  0  0
  3  4  1  0  0  0
  4  5  1  0  0  0
  4  7  1  0  0  0
  5  6  1  0  0  0
  7  8  1  0  0  0
M  END
$$$$
O1C2CCC(C1)CC2
  -ISIS-

  8  9  0  0  0  0  0  0  0  0  1
   -0.9005    5.0552   -0.1621  C  0  0  0  0  0
   -1.3164    3.7666    0.3819  O  0  0  0  0  0
   -0.6885    2.6162   -0.2193  C  0  0  0  0  0
    0.2140    3.0859   -1.3888  C  0  0  0  0  0
   -0.6448    3.8879   -2.3885  C  0  0  0  0  0
   -1.3832    5.0632   -1.6505  C  0  0  0  0  0
    1.2995    4.0357   -0.8447  C  0  0  0  0  0
    0.6316    5.1403   -0.0227  C  0  0  0  0  0
  1  6  1  0  0  0
  1  8  1  0  0  0
  1  2  1  0  0  0
  2  3  1  0  0  0
  3  4  1  0  0  0
  4  5  1  0  0  0
  4  7  1  0  0  0
  5  6  1  0  0  0
  7  8  1  0  0  0
M  END
$$$$
O1C2CCC(C1)CC2
  -ISIS-

  8  9  0  0  0  0  0  0  0  0  1
   -0.9005    5.0552   -0.1621  C  0  0  0  0  0
   -1.3164    3.7666    0.3819  O  0  0  0  0  0
   -0.6885    2.6162   -0.2193  C  0  0  0  0  0
    0.2140    3.0859   -1.3888  C  0  0  0  0  0
   -0.6448    3.8879   -2.3885  C  0  0  0  0  0
   -1.3832    5.0632   -1.6505  C  0  0  0  0  0
    1.2995    4.0357   -0.8447  C  0  0  0  0  0
    0.6316    5.1403   -0.0227  C  0  0  0  0  0
  1  6  1  0  0  0
  1  8  1  0  0  0
  1  2  1  0  0  0
  2  3  1  0  0  0
  3  4  1  0  0  0
  4  5  1  0  0  0
  4  7  1  0  0  0
  5  6  1  0  0  0
  7  8  1  0  0  0
M  END
$$$$
O1C2CCC(C1)CC2
  -ISIS-

  8  9  0  0  0  0  0  0  0  0  1
   -6.6937    3.7805    1.0473  C  0  0  0  0  0
   -7.4591    4.8815    0.5077  O  0  0  0  0  0
   -6.8428    5.5534   -0.6076  C  0  0  0  0  0
   -5.4439    4.9351   -0.8700  C  0  0  0  0  0
   -4.5766    5.0329    0.4113  C  0  0  0  0  0
   -5.3496    4.3750    1.6149  C  0  0  0  0  0
   -5.5990    3.4340   -1.1915  C  0  0  0  0  0
   -6.4145    2.7684   -0.0812  C  0  0  0  0  0
  1  6  1  0  0  0
  1  8  1  0  0  0
  1  2  1  0  0  0
  2  3  1  0  0  0
  3  4  1  0  0  0
  4  5  1  0  0  0
  4  7  1  0  0  0
  5  6  1  0  0  0
  7  8  1  0  0  0
M  END
$$$$
O1C2CCC(C1)CC2
  -ISIS-

  8  9  0  0  0  0  0  0  0  0  1
   -6.6937    3.7805    1.0473  C  0  0  0  0  0
   -7.4591    4.8815    0.5077  O  0  0  0  0  0
   -6.8428    5.5534   -0.6076  C  0  0  0  0  0
   -5.4439    4.9351   -0.8700  C  0  0  0  0  0
   -4.5766    5.0329    0.4113  C  0  0  0  0  0
   -5.3496    4.3750    1.6149  C  0  0  0  0  0
   -5.5990    3.4340   -1.1915  C  0  0  0  0  0
   -6.4145    2.7684   -0.0812  C  0  0  0  0  0
  1  6  1  0  0  0
  1  8  1  0  0  0
  1  2  1  0  0  0
  2  3  1  0  0  0
  3  4  1  0  0  0
  4  5  1  0  0  0
  4  7  1  0  0  0
  5  6  1  0  0  0
  7  8  1  0  0  0
M  END
$$$$
O1C2CCC(C1)CC2
  -ISIS-

  8  9  0  0  0  0  0  0  0  0  1
   -6.6937    3.7805    1.0473  C  0  0  0  0  0
   -7.4591    4.8815    0.5077  O  0  0  0  0  0
   -6.8428    5.5534   -0.6076  C  0  0  0  0  0
   -5.4439    4.9351   -0.8700  C  0  0  0  0  0
   -4.5766    5.0329    0.4113  C  0  0  0  0  0
   -5.3496    4.3750    1.6149  C  0  0  0  0  0
   -5.5990    3.4340   -1.1915  C  0  0  0  0  0
   -6.4145    2.7684   -0.0812  C  0  0  0  0  0
  1  6  1  0  0  0
  1  8  1  0  0  0
  1  2  1  0  0  0
  2  3  1  0  0  0
  3  4  1  0  0  0
  4  5  1  0  0  0
  4  7  1  0  0  0
  5  6  1  0  0  0
  7  8  1  0  0  0
M  END
$$$$
O1C2CCC(C1)CC2
  -ISIS-

  8  9  0  0  0  0  0  0  0  0  1
   -6.6937    3.7805    1.0473  C  0  0  0  0  0
   -7.4591    4.8815    0.5077  O  0  0  0  0  0
   -6.8428    5.5534   -0.6076  C  0  0  0  0  0
   -5.4439    4.9351   -0.8700  C  0  0  0  0  0
   -4.5766    5.0329    0.4113  C  0  0  0  0  0
   -5.3496    4.3750    1.6149  C  0  0  0  0  0
   -5.5990    3.4340   -1.1915  C  0  0  0  0  0
   -6.4145    2.7684   -0.0812  C  0  0  0  0  0
  1  6  1  0  0  0
  1  8  1  0  0  0
  1  2  1  0  0  0
  2  3  1  0  0  0
  3  4  1  0  0  0
  4  5  1  0  0  0
  4  7  1  0  0  0
  5  6  1  0  0  0
  7  8  1  0  0  0
M  END
$$$$
O1C2CCC(C1)CC2
  -ISIS-

  8  9  0  0  0  0  0  0  0  0  1
   -2.9435   -1.9399    1.5962  C  0  0  0  0  0
   -3.2415   -1.0546    2.6994  O  0  0  0  0  0
   -3.1447    0.3512    2.3563  C  0  0  0  0  0
   -4.2200    0.6481    1.2778  C  0  0  0  0  0
   -3.9601   -0.2228    0.0389  C  0  0  0  0  0
   -2.7240   -1.1119    0.2968  C  0  0  0  0  0
   -1.5342   -0.1536    0.4946  C  0  0  0  0  0
   -1.7410    0.6380    1.7900  C  0  0  0  0  0
  1  6  1  0  0  0
  1  2  1  0  0  0
  2  3  1  0  0  0
  3  8  1  0  0  0
  3  4  1  0  0  0
  4  5  1  0  0  0
  5  6  1  0  0  0
  6  7  1  0  0  0
  7  8  1  0  0  0
M  END
$$$$
O1C2CCC(C1)CC2
  -ISIS-

  8  9  0  0  0  0  0  0  0  0  1
   -2.9435   -1.9399    1.5962  C  0  0  0  0  0
   -3.2415   -1.0546    2.6994  O  0  0  0  0  0
   -3.1447    0.3512    2.3563  C  0  0  0  0  0
   -4.2200    0.6481    1.2778  C  0  0  0  0  0
   -3.9601   -0.2228    0.0389  C  0  0  0  0  0
   -2.7240   -1.1119    0.2968  C  0  0  0  0  0
   -1.5342   -0.1536    0.4946  C  0  0  0  0  0
   -1.7410    0.6380    1.7900  C  0  0  0  0  0
  1  6  1  0  0  0
  1  2  1  0  0  0
  2  3  1  0  0  0
  3  8  1  0  0  0
  3  4  1  0  0  0
  4  5  1  0  0  0
  5  6  1  0  0  0
  6  7  1  0  0  0
  7  8  1  0  0  0
M  END
$$$$
O1C2CCC(C1)CC2
  -ISIS-

  8  9  0  0  0  0  0  0  0  0  1
   -2.9435   -1.9399    1.5962  C  0  0  0  0  0
   -3.2415   -1.0546    2.6994  O  0  0  0  0  0
   -3.1447    0.3512    2.3563  C  0  0  0  0  0
   -4.2200    0.6481    1.2778  C  0  0  0  0  0
   -3.9601   -0.2228    0.0389  C  0  0  0  0  0
   -2.7240   -1.1119    0.2968  C  0  0  0  0  0
   -1.5342   -0.1536    0.4946  C  0  0  0  0  0
   -1.7410    0.6380    1.7900  C  0  0  0  0  0
  1  6  1  0  0  0
  1  2  1  0  0  0
  2  3  1  0  0  0
  3  8  1  0  0  0
  3  4  1  0  0  0
  4  5  1  0  0  0
  5  6  1  0  0  0
  6  7  1  0  0  0
  7  8  1  0  0  0
M  END
$$$$
O1C2CCC(C1)CC2
  -ISIS-

  8  9  0  0  0  0  0  0  0  0  1
    1.5233   -7.3619   -2.1181  C  0  0  0  0  0
    1.0824   -6.1325   -2.7511  O  0  0  0  0  0
    1.9549   -5.6632   -3.8053  C  0  0  0  0  0
    3.1890   -6.6075   -3.9197  C  0  0  0  0  0
    3.9269   -6.6607   -2.5580  C  0  0  0  0  0
    2.8964   -7.0349   -1.4444  C  0  0  0  0  0
    2.7004   -8.0368   -4.2358  C  0  0  0  0  0
    1.6235   -8.4318   -3.2212  C  0  0  0  0  0
  1  6  1  0  0  0
  1  8  1  0  0  0
  1  2  1  0  0  0
  2  3  1  0  0  0
  3  4  1  0  0  0
  4  5  1  0  0  0
  4  7  1  0  0  0
  5  6  1  0  0  0
  7  8  1  0  0  0
M  END
$$$$
O1C2CCC(C1)CC2
  -ISIS-

  8  9  0  0  0  0  0  0  0  0  1
    1.5233   -7.3619   -2.1181  C  0  0  0  0  0
    1.0824   -6.1325   -2.7511  O  0  0  0  0  0
    1.9549   -5.6632   -3.8053  C  0  0  0  0  0
    3.1890   -6.6075   -3.9197  C  0  0  0  0  0
    3.9269   -6.6607   -2.5580  C  0  0  0  0  0
    2.8964   -7.0349   -1.4444  C  0  0  0  0  0
    2.7004   -8.0368   -4.2358  C  0  0  0  0  0
    1.6235   -8.4318   -3.2212  C  0  0  0  0  0
  1  6  1  0  0  0
  1  8  1  0  0  0
  1  2  1  0  0  0
  2  3  1  0  0  0
  3  4  1  0  0  0
  4  5  1  0  0  0
  4  7  1  0  0  0
  5  6  1  0  0  0
  7  8  1  0  0  0
M  END
$$$$
O1C2CCC(C1)CC2
  -ISIS-

  8  9  0  0  0  0  0  0  0  0  1
    1.5233   -7.3619   -2.1181  C  0  0  0  0  0
    1.0824   -6.1325   -2.7511  O  0  0  0  0  0
    1.9549   -5.6632   -3.8053  C  0  0  0  0  0
    3.1890   -6.6075   -3.9197  C  0  0  0  0  0
    3.9269   -6.6607   -2.5580  C  0  0  0  0  0
    2.8964   -7.0349   -1.4444  C  0  0  0  0  0
    2.7004   -8.0368   -4.2358  C  0  0  0  0  0
    1.6235   -8.4318   -3.2212  C  0  0  0  0  0
  1  6  1  0  0  0
  1  8  1  0  0  0
  1  2  1  0  0  0
  2  3  1  0  0  0
  3  4  1  0  0  0
  4  5  1  0  0  0
  4  7  1  0  0  0
  5  6  1  0  0  0
  7  8  1  0  0  0
M  END
$$$$
O1C2CCC(C1)CC2
  -ISIS-

  8  9  0  0  0  0  0  0  0  0  1
    1.5233   -7.3619   -2.1181  C  0  0  0  0  0
    1.0824   -6.1325   -2.7511  O  0  0  0  0  0
    1.9549   -5.6632   -3.8053  C  0  0  0  0  0
    3.1890   -6.6075   -3.9197  C  0  0  0  0  0
    3.9269   -6.6607   -2.5580  C  0  0  0  0  0
    2.8964   -7.0349   -1.4444  C  0  0  0  0  0
    2.7004   -8.0368   -4.2358  C  0  0  0  0  0
    1.6235   -8.4318   -3.2212  C  0  0  0  0  0
  1  6  1  0  0  0
  1  8  1  0  0  0
  1  2  1  0  0  0
  2  3  1  0  0  0
  3  4  1  0  0  0
  4  5  1  0  0  0
  4  7  1  0  0  0
  5  6  1  0  0  0
  7  8  1  0  0  0
M  END
$$$$
O1C2CCC(C1)CC2
  -ISIS-

  8  9  0  0  0  0  0  0  0  0  1
    5.6231    3.2836   -1.7485  C  0  0  0  0  0
    4.6378    3.8898   -0.8606  O  0  0  0  0  0
    4.9671    3.8054    0.5469  C  0  0  0  0  0
    6.2637    2.9588    0.7243  C  0  0  0  0  0
    6.0395    1.5733    0.0806  C  0  0  0  0  0
    5.6158    1.7614   -1.4083  C  0  0  0  0  0
    7.4210    3.6457   -0.0288  C  0  0  0  0  0
    6.9611    3.9872   -1.4502  C  0  0  0  0  0
  1  6  1  0  0  0
  1  8  1  0  0  0
  1  2  1  0  0  0
  2  3  1  0  0  0
  3  4  1  0  0  0
  4  5  1  0  0  0
  4  7  1  0  0  0
  5  6  1  0  0  0
  7  8  1  0  0  0
M  END
$$$$
O1C2CCC(C1)CC2
  -ISIS-

  8  9  0  0  0  0  0  0  0  0  1
    5.6231    3.2836   -1.7485  C  0  0  0  0  0
    4.6378    3.8898   -0.8606  O  0  0  0  0  0
    4.9671    3.8054    0.5469  C  0  0  0  0  0
    6.2637    2.9588    0.7243  C  0  0  0  0  0
    6.0395    1.5733    0.0806  C  0  0  0  0  0
    5.6158    1.7614   -1.4083  C  0  0  0  0  0
    7.4210    3.6457   -0.0288  C  0  0  0  0  0
    6.9611    3.9872   -1.4502  C  0  0  0  0  0
  1  6  1  0  0  0
  1  8  1  0  0  0
  1  2  1  0  0  0
  2  3  1  0  0  0
  3  4  1  0  0  0
  4  5  1  0  0  0
  4  7  1  0  0  0
  5  6  1  0  0  0
  7  8  1  0  0  0
M  END
$$$$
O1C2CCC(C1)CC2
  -ISIS-

  8  9  0  0  0  0  0  0  0  0  1
    5.6231    3.2836   -1.7485  C  0  0  0  0  0
    4.6378    3.8898   -0.8606  O  0  0  0  0  0
    4.9671    3.8054    0.5469  C  0  0  0  0  0
    6.2637    2.9588    0.7243  C  0  0  0  0  0
    6.0395    1.5733    0.0806  C  0  0  0  0  0
    5.6158    1.7614   -1.4083  C  0  0  0  0  0
    7.4210    3.6457   -0.0288  C  0  0  0  0  0
    6.9611    3.9872   -1.4502  C  0  0  0  0  0
  1  6  1  0  0  0
  1  8  1  0  0  0
  1  2  1  0  0  0
  2  3  1  0  0  0
  3  4  1  0  0  0
  4  5  1  0  0  0
  4  7  1  0  0  0
  5  6  1  0  0  0
  7  8  1  0  0  0
M  END
$$$$
O1C2CCC(C1)CC2
  -ISIS-

  8  9  0  0  0  0  0  0  0  0  1
    5.6231    3.2836   -1.7485  C  0  0  0  0  0
    4.6378    3.8898   -0.8606  O  0  0  0  0  0
    4.9671    3.8054    0.5469  C  0  0  0  0  0
    6.2637    2.9588    0.7243  C  0  0  0  0  0
    6.0395    1.5733    0.0806  C  0  0  0  0  0
    5.6158    1.7614   -1.4083  C  0  0  0  0  0
    7.4210    3.6457   -0.0288  C  0  0  0  0  0
    6.9611    3.9872   -1.4502  C  0  0  0  0  0
  1  6  1  0  0  0
  1  8  1  0  0  0
  1  2  1  0  0  0
  2  3  1  0  0  0
  3  4  1  0  0  0
  4  5  1  0  0  0
  4  7  1  0  0  0
  5  6  1  0  0  0
  7  8  1  0  0  0
M  END
$$$$
O1C2CCC(C1)CC2
  -ISIS-

  8  9  0  0  0  0  0  0  0  0  1
    1.5818   -0.3756    0.4833  C  0  0  0  0  0
    0.2536   -0.9523    0.6518  O  0  0  0  0  0
    0.2298   -2.3663    0.9313  C  0  0  0  0  0
    1.6768   -2.9181    0.8675  C  0  0  0  0  0
    2.2735   -2.5901   -0.5170  C  0  0  0  0  0
    2.1806   -1.0455   -0.7974  C  0  0  0  0  0
    2.5414   -2.2036    1.9255  C  0  0  0  0  0
    2.3906   -0.6900    1.7563  C  0  0  0  0  0
  1  6  1  0  0  0
  1  8  1  0  0  0
  1  2  1  0  0  0
  2  3  1  0  0  0
  3  4  1  0  0  0
  4  5  1  0  0  0
  4  7  1  0  0  0
  5  6  1  0  0  0
  7  8  1  0  0  0
M  END
$$$$
O1C2CCC(C1)CC2
  -ISIS-

  8  9  0  0  0  0  0  0  0  0  1
    1.5818   -0.3756    0.4833  C  0  0  0  0  0
    0.2536   -0.9523    0.6518  O  0  0  0  0  0
    0.2298   -2.3663    0.9313  C  0  0  0  0  0
    1.6768   -2.9181    0.8675  C  0  0  0  0  0
    2.2735   -2.5901   -0.5170  C  0  0  0  0  0
    2.1806   -1.0455   -0.7974  C  0  0  0  0  0
    2.5414   -2.2036    1.9255  C  0  0  0  0  0
    2.3906   -0.6900    1.7563  C  0  0  0  0  0
  1  6  1  0  0  0
  1  8  1  0  0  0
  1  2  1  0  0  0
  2  3  1  0  0  0
  3  4  1  0  0  0
  4  5  1  0  0  0
  4  7  1  0  0  0
  5  6  1  0  0  0
  7  8  1  0  0  0
M  END
$$$$
O1C2CCC(C1)CC2
  -ISIS-

  8  9  0  0  0  0  0  0  0  0  1
    1.5818   -0.3756    0.4833  C  0  0  0  0  0
    0.2536   -0.9523    0.6518  O  0  0  0  0  0
    0.2298   -2.3663    0.9313  C  0  0  0  0  0
    1.6768   -2.9181    0.8675  C  0  0  0  0  0
    2.2735   -2.5901   -0.5170  C  0  0  0  0  0
    2.1806   -1.0455   -0.7974  C  0  0  0  0  0
    2.5414   -2.2036    1.9255  C  0  0  0  0  0
    2.3906   -0.6900    1.7563  C  0  0  0  0  0
  1  6  1  0  0  0
  1  8  1  0  0  0
  1  2  1  0  0  0
  2  3  1  0  0  0
  3  4  1  0  0  0
  4  5  1  0  0  0
  4  7  1  0  0  0
  5  6  1  0  0  0
  7  8  1  0  0  0
M  END
$$$$
O1C2CCC(C1)CC2
  -ISIS-

  8  9  0  0  0  0  0  0  0  0  1
    1.5818   -0.3756    0.4833  C  0  0  0  0  0
    0.2536   -0.9523    0.6518  O  0  0  0  0  0
    0.2298   -2.3663    0.9313  C  0  0  0  0  0
    1.6768   -2.9181    0.8675  C  0  0  0  0  0
    2.2735   -2.5901   -0.5170  C  0  0  0  0  0
    2.1806   -1.0455   -0.7974  C  0  0  0  0  0
    2.5414   -2.2036    1.9255  C  0  0  0  0  0
    2.3906   -0.6900    1.7563  C  0  0  0  0  0
  1  6  1  0  0  0
  1  8  1  0  0  0
  1  2  1  0  0  0
  2  3  1  0  0  0
  3  4  1  0  0  0
  4  5  1  0  0  0
  4  7  1  0  0  0
  5  6  1  0  0  0
  7  8  1  0  0  0
M  END
$$$$
