O1C2C3C(C4C(CC3)CCC4)CC1CCCC2
  -ISIS-

 17 20  0  0  0  0  0  0  0  0  1
    8.0051   -7.2193   -6.3843  C  0  0  0  0  0
    6.7955   -6.5025   -6.3804  O  0  0  0  0  0
    6.0902   -6.5442   -5.0998  C  0  0  0  0  0
    5.2269   -7.7904   -5.3899  C  0  0  0  0  0
    6.2737   -8.9840   -5.3325  C  0  0  0  0  0
    7.5731   -8.7073   -6.1779  C  0  0  0  0  0
    8.6979   -9.6978   -5.8165  C  0  0  0  0  0
    8.2073  -11.1606   -5.6131  C  0  0  0  0  0
    6.8142  -11.4045   -6.2204  C  0  0  0  0  0
    5.8138  -10.4515   -5.4884  C  0  0  0  0  0
    4.4572  -10.8939   -6.0124  C  0  0  0  0  0
    4.6198  -12.4246   -6.1993  C  0  0  0  0  0
    6.1117  -12.7561   -5.9279  C  0  0  0  0  0
    5.8277   -5.0607   -5.0708  C  0  0  0  0  0
    7.2124   -4.3517   -4.7554  C  0  0  0  0  0
    8.5473   -4.8663   -5.4373  C  0  0  0  0  0
    8.9374   -6.4014   -5.4545  C  0  0  0  0  0
  1  6  1  0  0  0
  1 17  1  0  0  0
  1  2  1  0  0  0
  2  3  1  0  0  0
  3  4  1  0  0  0
  3 14  1  0  0  0
  4  5  1  0  0  0
  5 10  1  0  0  0
  5  6  1  0  0  0
  6  7  1  0  0  0
  7  8  1  0  0  0
  8  9  1  0  0  0
  9 13  1  0  0  0
  9 10  1  0  0  0
 10 11  1  0  0  0
 11 12  1  0  0  0
 12 13  1  0  0  0
 14 15  1  0  0  0
 15 16  1  0  0  0
 16 17  1  0  0  0
M  END
$$$$
O1C2C3C(C4C(CC3)CCC4)CC1CCCC2
  -ISIS-

 17 20  0  0  0  0  0  0  0  0  1
    8.0051   -7.2193   -6.3843  C  0  0  0  0  0
    6.7955   -6.5025   -6.3804  O  0  0  0  0  0
    6.0902   -6.5442   -5.0998  C  0  0  0  0  0
    5.2269   -7.7904   -5.3899  C  0  0  0  0  0
    6.2737   -8.9840   -5.3325  C  0  0  0  0  0
    7.5731   -8.7073   -6.1779  C  0  0  0  0  0
    8.6979   -9.6978   -5.8165  C  0  0  0  0  0
    8.2073  -11.1606   -5.6131  C  0  0  0  0  0
    6.8142  -11.4045   -6.2204  C  0  0  0  0  0
    5.8138  -10.4515   -5.4884  C  0  0  0  0  0
    4.4572  -10.8939   -6.0124  C  0  0  0  0  0
    4.6198  -12.4246   -6.1993  C  0  0  0  0  0
    6.1117  -12.7561   -5.9279  C  0  0  0  0  0
    5.8277   -5.0607   -5.0708  C  0  0  0  0  0
    7.2124   -4.3517   -4.7554  C  0  0  0  0  0
    8.5473   -4.8663   -5.4373  C  0  0  0  0  0
    8.9374   -6.4014   -5.4545  C  0  0  0  0  0
  1  6  1  0  0  0
  1 17  1  0  0  0
  1  2  1  0  0  0
  2  3  1  0  0  0
  3  4  1  0  0  0
  3 14  1  0  0  0
  4  5  1  0  0  0
  5 10  1  0  0  0
  5  6  1  0  0  0
  6  7  1  0  0  0
  7  8  1  0  0  0
  8  9  1  0  0  0
  9 13  1  0  0  0
  9 10  1  0  0  0
 10 11  1  0  0  0
 11 12  1  0  0  0
 12 13  1  0  0  0
 14 15  1  0  0  0
 15 16  1  0  0  0
 16 17  1  0  0  0
M  END
$$$$
O1C2C3C(C4C(CC3)CCC4)CC1CCCC2
  -ISIS-

 17 20  0  0  0  0  0  0  0  0  1
    8.0051   -7.2193   -6.3843  C  0  0  0  0  0
    6.7955   -6.5025   -6.3804  O  0  0  0  0  0
    6.0902   -6.5442   -5.0998  C  0  0  0  0  0
    5.2269   -7.7904   -5.3899  C  0  0  0  0  0
    6.2737   -8.9840   -5.3325  C  0  0  0  0  0
    7.5731   -8.7073   -6.1779  C  0  0  0  0  0
    8.6979   -9.6978   -5.8165  C  0  0  0  0  0
    8.2073  -11.1606   -5.6131  C  0  0  0  0  0
    6.8142  -11.4045   -6.2204  C  0  0  0  0  0
    5.8138  -10.4515   -5.4884  C  0  0  0  0  0
    4.4572  -10.8939   -6.0124  C  0  0  0  0  0
    4.6198  -12.4246   -6.1993  C  0  0  0  0  0
    6.1117  -12.7561   -5.9279  C  0  0  0  0  0
    5.8277   -5.0607   -5.0708  C  0  0  0  0  0
    7.2124   -4.3517   -4.7554  C  0  0  0  0  0
    8.5473   -4.8663   -5.4373  C  0  0  0  0  0
    8.9374   -6.4014   -5.4545  C  0  0  0  0  0
  1  6  1  0  0  0
  1 17  1  0  0  0
  1  2  1  0  0  0
  2  3  1  0  0  0
  3  4  1  0  0  0
  3 14  1  0  0  0
  4  5  1  0  0  0
  5 10  1  0  0  0
  5  6  1  0  0  0
  6  7  1  0  0  0
  7  8  1  0  0  0
  8  9  1  0  0  0
  9 13  1  0  0  0
  9 10  1  0  0  0
 10 11  1  0  0  0
 11 12  1  0  0  0
 12 13  1  0  0  0
 14 15  1  0  0  0
 15 16  1  0  0  0
 16 17  1  0  0  0
M  END
$$$$
O1C2C3C(C4C(CC3)CCC4)CC1CCCC2
  -ISIS-

 17 20  0  0  0  0  0  0  0  0  1
    8.0051   -7.2193   -6.3843  C  0  0  0  0  0
    6.7955   -6.5025   -6.3804  O  0  0  0  0  0
    6.0902   -6.5442   -5.0998  C  0  0  0  0  0
    5.2269   -7.7904   -5.3899  C  0  0  0  0  0
    6.2737   -8.9840   -5.3325  C  0  0  0  0  0
    7.5731   -8.7073   -6.1779  C  0  0  0  0  0
    8.6979   -9.6978   -5.8165  C  0  0  0  0  0
    8.2073  -11.1606   -5.6131  C  0  0  0  0  0
    6.8142  -11.4045   -6.2204  C  0  0  0  0  0
    5.8138  -10.4515   -5.4884  C  0  0  0  0  0
    4.4572  -10.8939   -6.0124  C  0  0  0  0  0
    4.6198  -12.4246   -6.1993  C  0  0  0  0  0
    6.1117  -12.7561   -5.9279  C  0  0  0  0  0
    5.8277   -5.0607   -5.0708  C  0  0  0  0  0
    7.2124   -4.3517   -4.7554  C  0  0  0  0  0
    8.5473   -4.8663   -5.4373  C  0  0  0  0  0
    8.9374   -6.4014   -5.4545  C  0  0  0  0  0
  1  6  1  0  0  0
  1 17  1  0  0  0
  1  2  1  0  0  0
  2  3  1  0  0  0
  3  4  1  0  0  0
  3 14  1  0  0  0
  4  5  1  0  0  0
  5 10  1  0  0  0
  5  6  1  0  0  0
  6  7  1  0  0  0
  7  8  1  0  0  0
  8  9  1  0  0  0
  9 13  1  0  0  0
  9 10  1  0  0  0
 10 11  1  0  0  0
 11 12  1  0  0  0
 12 13  1  0  0  0
 14 15  1  0  0  0
 15 16  1  0  0  0
 16 17  1  0  0  0
M  END
$$$$
O1C2C3C(C4C(CC3)CCC4)CC1CCCC2
  -ISIS-

 17 20  0  0  0  0  0  0  0  0  1
    8.0051   -7.2193   -6.3843  C  0  0  0  0  0
    6.7955   -6.5025   -6.3804  O  0  0  0  0  0
    6.0902   -6.5442   -5.0998  C  0  0  0  0  0
    5.2269   -7.7904   -5.3899  C  0  0  0  0  0
    6.2737   -8.9840   -5.3325  C  0  0  0  0  0
    7.5731   -8.7073   -6.1779  C  0  0  0  0  0
    8.6979   -9.6978   -5.8165  C  0  0  0  0  0
    8.2073  -11.1606   -5.6131  C  0  0  0  0  0
    6.8142  -11.4045   -6.2204  C  0  0  0  0  0
    5.8138  -10.4515   -5.4884  C  0  0  0  0  0
    4.4572  -10.8939   -6.0124  C  0  0  0  0  0
    4.6198  -12.4246   -6.1993  C  0  0  0  0  0
    6.1117  -12.7561   -5.9279  C  0  0  0  0  0
    5.8277   -5.0607   -5.0708  C  0  0  0  0  0
    7.2124   -4.3517   -4.7554  C  0  0  0  0  0
    8.5473   -4.8663   -5.4373  C  0  0  0  0  0
    8.9374   -6.4014   -5.4545  C  0  0  0  0  0
  1  6  1  0  0  0
  1 17  1  0  0  0
  1  2  1  0  0  0
  2  3  1  0  0  0
  3  4  1  0  0  0
  3 14  1  0  0  0
  4  5  1  0  0  0
  5 10  1  0  0  0
  5  6  1  0  0  0
  6  7  1  0  0  0
  7  8  1  0  0  0
  8  9  1  0  0  0
  9 13  1  0  0  0
  9 10  1  0  0  0
 10 11  1  0  0  0
 11 12  1  0  0  0
 12 13  1  0  0  0
 14 15  1  0  0  0
 15 16  1  0  0  0
 16 17  1  0  0  0
M  END
$$$$
O1C2C3C(C4C(CC3)CCC4)CC1CCCC2
  -ISIS-

 17 20  0  0  0  0  0  0  0  0  1
    8.0051   -7.2193   -6.3843  C  0  0  0  0  0
    6.7955   -6.5025   -6.3804  O  0  0  0  0  0
    6.0902   -6.5442   -5.0998  C  0  0  0  0  0
    5.2269   -7.7904   -5.3899  C  0  0  0  0  0
    6.2737   -8.9840   -5.3325  C  0  0  0  0  0
    7.5731   -8.7073   -6.1779  C  0  0  0  0  0
    8.6979   -9.6978   -5.8165  C  0  0  0  0  0
    8.2073  -11.1606   -5.6131  C  0  0  0  0  0
    6.8142  -11.4045   -6.2204  C  0  0  0  0  0
    5.8138  -10.4515   -5.4884  C  0  0  0  0  0
    4.4572  -10.8939   -6.0124  C  0  0  0  0  0
    4.6198  -12.4246   -6.1993  C  0  0  0  0  0
    6.1117  -12.7561   -5.9279  C  0  0  0  0  0
    5.8277   -5.0607   -5.0708  C  0  0  0  0  0
    7.2124   -4.3517   -4.7554  C  0  0  0  0  0
    8.5473   -4.8663   -5.4373  C  0  0  0  0  0
    8.9374   -6.4014   -5.4545  C  0  0  0  0  0
  1  6  1  0  0  0
  1 17  1  0  0  0
  1  2  1  0  0  0
  2  3  1  0  0  0
  3  4  1  0  0  0
  3 14  1  0  0  0
  4  5  1  0  0  0
  5 10  1  0  0  0
  5  6  1  0  0  0
  6  7  1  0  0  0
  7  8  1  0  0  0
  8  9  1  0  0  0
  9 13  1  0  0  0
  9 10  1  0  0  0
 10 11  1  0  0  0
 11 12  1  0  0  0
 12 13  1  0  0  0
 14 15  1  0  0  0
 15 16  1  0  0  0
 16 17  1  0  0  0
M  END
$$$$
