O1C2C(OC1)CC3COC2C3
  -ISIS-

 11 13  0  0  0  0  0  0  0  0  1
    3.2042    4.0930   -1.3375  C  0  0  0  0  0
    2.4306    3.7510   -2.4959  O  0  0  0  0  0
    3.3883    3.3045   -3.4579  C  0  0  0  0  0
    2.7268    2.3857   -4.4933  C  0  0  0  0  0
    2.7120    0.9137   -4.0679  C  0  0  0  0  0
    4.1050    0.4428   -3.6913  C  0  0  0  0  0
    4.2385    1.1488   -2.3612  C  0  0  0  0  0
    4.4669    2.6556   -2.6020  C  0  0  0  0  0
    4.4518    3.3825   -1.3694  O  0  0  0  0  0
    2.9660    0.8842   -1.7450  O  0  0  0  0  0
    2.0226    0.7688   -2.7345  C  0  0  0  0  0
  1  9  1  0  0  0
  1  2  1  0  0  0
  2  3  1  0  0  0
  3  8  1  0  0  0
  3  4  1  0  0  0
  4  5  1  0  0  0
  5 11  1  0  0  0
  5  6  1  0  0  0
  6  7  1  0  0  0
  7  8  1  0  0  0
  7 10  1  0  0  0
  8  9  1  0  0  0
 10 11  1  0  0  0
M  END
$$$$
O1C2C(OC1)CC3COC2C3
  -ISIS-

 11 13  0  0  0  0  0  0  0  0  1
    3.2042    4.0930   -1.3375  C  0  0  0  0  0
    2.4306    3.7510   -2.4959  O  0  0  0  0  0
    3.3883    3.3045   -3.4579  C  0  0  0  0  0
    2.7268    2.3857   -4.4933  C  0  0  0  0  0
    2.7120    0.9137   -4.0679  C  0  0  0  0  0
    4.1050    0.4428   -3.6913  C  0  0  0  0  0
    4.2385    1.1488   -2.3612  C  0  0  0  0  0
    4.4669    2.6556   -2.6020  C  0  0  0  0  0
    4.4518    3.3825   -1.3694  O  0  0  0  0  0
    2.9660    0.8842   -1.7450  O  0  0  0  0  0
    2.0226    0.7688   -2.7345  C  0  0  0  0  0
  1  9  1  0  0  0
  1  2  1  0  0  0
  2  3  1  0  0  0
  3  8  1  0  0  0
  3  4  1  0  0  0
  4  5  1  0  0  0
  5 11  1  0  0  0
  5  6  1  0  0  0
  6  7  1  0  0  0
  7  8  1  0  0  0
  7 10  1  0  0  0
  8  9  1  0  0  0
 10 11  1  0  0  0
M  END
$$$$
