O1C2C3OCCC3CC1CCCCC=CCCC2
  -ISIS-

 18 20  0  0  0  0  0  0  0  0  1
    0.7755   -6.7403    2.5536  C  0  0  0  0  0
    1.8249   -5.9499    2.8632  C  0  0  0  0  0
    2.1364   -4.5522    2.4023  C  0  0  0  0  0
    2.8337   -4.4094    1.0458  C  0  0  0  0  0
    4.0265   -5.3660    0.7747  C  0  0  0  0  0
    4.1257   -5.6148   -0.7574  C  0  0  0  0  0
    2.9219   -6.2735   -1.2341  O  0  0  0  0  0
    2.7950   -7.6810   -0.9198  C  0  0  0  0  0
    1.4074   -8.2278   -1.4096  C  0  0  0  0  0
    0.3211   -8.0557   -0.3120  C  0  0  0  0  0
   -0.0253   -6.6182    0.0849  C  0  0  0  0  0
   -0.3335   -6.3924    1.5761  C  0  0  0  0  0
    4.0053   -8.4647   -1.4775  C  0  0  0  0  0
    5.2673   -7.8319   -0.9111  C  0  0  0  0  0
    5.3182   -6.3831   -1.3296  C  0  0  0  0  0
    6.6262   -5.9401   -0.9991  O  0  0  0  0  0
    7.4709   -7.0010   -1.2107  C  0  0  0  0  0
    6.6245   -8.2220   -1.3617  C  0  0  0  0  0
  1 12  1  0  0  0
  1  2  2  0  0  0
  2  3  1  0  0  0
  3  4  1  0  0  0
  4  5  1  0  0  0
  5  6  1  0  0  0
  6 15  1  0  0  0
  6  7  1  0  0  0
  7  8  1  0  0  0
  8  9  1  0  0  0
  8 13  1  0  0  0
  9 10  1  0  0  0
 10 11  1  0  0  0
 11 12  1  0  0  0
 13 14  1  0  0  0
 14 18  1  0  0  0
 14 15  1  0  0  0
 15 16  1  0  0  0
 16 17  1  0  0  0
 17 18  1  0  0  0
M  END
$$$$
