O1C2C(COC1)CCCC2
  -ISIS-

 10 11  0  0  0  0  0  0  0  0  1
   -4.6642    0.8009    0.1743  C  0  0  0  0  0
   -5.9047    0.0121   -0.2495  C  0  0  0  0  0
   -5.7186   -1.5096   -0.1493  C  0  0  0  0  0
   -5.2371   -1.8995    1.2541  C  0  0  0  0  0
   -3.8967   -1.1798    1.4867  C  0  0  0  0  0
   -4.1044    0.3300    1.5160  C  0  0  0  0  0
   -3.3376   -1.6506    2.7051  O  0  0  0  0  0
   -2.9258   -3.0193    2.5503  C  0  0  0  0  0
   -3.6603   -3.7042    1.5223  O  0  0  0  0  0
   -5.0593   -3.3990    1.6041  C  0  0  0  0  0
  1  6  1  0  0  0
  1  2  1  0  0  0
  2  3  1  0  0  0
  3  4  1  0  0  0
  4 10  1  0  0  0
  4  5  1  0  0  0
  5  6  1  0  0  0
  5  7  1  0  0  0
  7  8  1  0  0  0
  8  9  1  0  0  0
  9 10  1  0  0  0
M  END
$$$$
O1C2C(COC1)CCCC2
  -ISIS-

 10 11  0  0  0  0  0  0  0  0  1
   -4.6642    0.8009    0.1743  C  0  0  0  0  0
   -5.9047    0.0121   -0.2495  C  0  0  0  0  0
   -5.7186   -1.5096   -0.1493  C  0  0  0  0  0
   -5.2371   -1.8995    1.2541  C  0  0  0  0  0
   -3.8967   -1.1798    1.4867  C  0  0  0  0  0
   -4.1044    0.3300    1.5160  C  0  0  0  0  0
   -3.3376   -1.6506    2.7051  O  0  0  0  0  0
   -2.9258   -3.0193    2.5503  C  0  0  0  0  0
   -3.6603   -3.7042    1.5223  O  0  0  0  0  0
   -5.0593   -3.3990    1.6041  C  0  0  0  0  0
  1  6  1  0  0  0
  1  2  1  0  0  0
  2  3  1  0  0  0
  3  4  1  0  0  0
  4 10  1  0  0  0
  4  5  1  0  0  0
  5  6  1  0  0  0
  5  7  1  0  0  0
  7  8  1  0  0  0
  8  9  1  0  0  0
  9 10  1  0  0  0
M  END
$$$$
O1C2C(COC1)CCCC2
  -ISIS-

 10 11  0  0  0  0  0  0  0  0  1
    5.6183   -7.1113   -4.8922  C  0  0  0  0  0
    6.0191   -8.1003   -5.8344  O  0  0  0  0  0
    5.5608   -9.3955   -5.4524  C  0  0  0  0  0
    4.0442   -9.3767   -5.3060  C  0  0  0  0  0
    3.6737   -8.2788   -4.3066  C  0  0  0  0  0
    4.2025   -7.0338   -4.7565  O  0  0  0  0  0
    2.1567   -8.1684   -4.1661  C  0  0  0  0  0
    1.5432   -9.5060   -3.7583  C  0  0  0  0  0
    1.9486  -10.6349   -4.7059  C  0  0  0  0  0
    3.4655  -10.7245   -4.8799  C  0  0  0  0  0
  1  6  1  0  0  0
  1  2  1  0  0  0
  2  3  1  0  0  0
  3  4  1  0  0  0
  4 10  1  0  0  0
  4  5  1  0  0  0
  5  6  1  0  0  0
  5  7  1  0  0  0
  7  8  1  0  0  0
  8  9  1  0  0  0
  9 10  1  0  0  0
M  END
$$$$
O1C2C(COC1)CCCC2
  -ISIS-

 10 11  0  0  0  0  0  0  0  0  1
    1.1850   -4.8995   -3.3885  C  0  0  0  0  0
    1.7273   -4.8214   -4.7023  O  0  0  0  0  0
    2.8576   -3.9528   -4.7457  C  0  0  0  0  0
    3.9112   -4.4380   -3.7577  C  0  0  0  0  0
    3.2637   -4.5288   -2.3741  C  0  0  0  0  0
    2.1288   -5.3887   -2.4403  O  0  0  0  0  0
    4.2573   -5.0724   -1.3491  C  0  0  0  0  0
    5.5229   -4.2191   -1.3036  C  0  0  0  0  0
    6.1570   -4.0609   -2.6856  C  0  0  0  0  0
    5.1557   -3.5531   -3.7243  C  0  0  0  0  0
  1  6  1  0  0  0
  1  2  1  0  0  0
  2  3  1  0  0  0
  3  4  1  0  0  0
  4 10  1  0  0  0
  4  5  1  0  0  0
  5  6  1  0  0  0
  5  7  1  0  0  0
  7  8  1  0  0  0
  8  9  1  0  0  0
  9 10  1  0  0  0
M  END
$$$$
O1C2C(COC1)CCCC2
  -ISIS-

 10 11  0  0  0  0  0  0  0  0  1
   -2.3936    2.4674   -5.3983  C  0  0  0  0  0
   -1.8330    2.3643   -4.0874  O  0  0  0  0  0
   -2.4747    3.1913   -3.1215  C  0  0  0  0  0
   -2.4404    4.6517   -3.5835  C  0  0  0  0  0
   -3.1097    4.7080   -4.9583  C  0  0  0  0  0
   -2.4561    3.8175   -5.8567  O  0  0  0  0  0
   -3.1017    5.5718   -2.5269  C  0  0  0  0  0
   -2.4375    5.4278   -1.1157  C  0  0  0  0  0
   -2.3711    3.9309   -0.7680  C  0  0  0  0  0
   -1.7550    3.0148   -1.7963  C  0  0  0  0  0
  1  6  1  0  0  0
  1  2  1  0  0  0
  2  3  1  0  0  0
  3 10  1  0  0  0
  3  4  1  0  0  0
  4  5  1  0  0  0
  4  7  1  0  0  0
  5  6  1  0  0  0
  7  8  1  0  0  0
  8  9  1  0  0  0
  9 10  1  0  0  0
M  END
$$$$
O1C2C(COC1)CCCC2
  -ISIS-

 10 11  0  0  0  0  0  0  0  0  1
   -2.3936    2.4674   -5.3983  C  0  0  0  0  0
   -1.8330    2.3643   -4.0874  O  0  0  0  0  0
   -2.4747    3.1913   -3.1215  C  0  0  0  0  0
   -2.4404    4.6517   -3.5835  C  0  0  0  0  0
   -3.1097    4.7080   -4.9583  C  0  0  0  0  0
   -2.4561    3.8175   -5.8567  O  0  0  0  0  0
   -3.1017    5.5718   -2.5269  C  0  0  0  0  0
   -2.4375    5.4278   -1.1157  C  0  0  0  0  0
   -2.3711    3.9309   -0.7680  C  0  0  0  0  0
   -1.7550    3.0148   -1.7963  C  0  0  0  0  0
  1  6  1  0  0  0
  1  2  1  0  0  0
  2  3  1  0  0  0
  3 10  1  0  0  0
  3  4  1  0  0  0
  4  5  1  0  0  0
  4  7  1  0  0  0
  5  6  1  0  0  0
  7  8  1  0  0  0
  8  9  1  0  0  0
  9 10  1  0  0  0
M  END
$$$$
O1C2C(COC1)CCCC2
  -ISIS-

 10 11  0  0  0  0  0  0  0  0  1
   -2.3936    2.4674   -5.3983  C  0  0  0  0  0
   -1.8330    2.3643   -4.0874  O  0  0  0  0  0
   -2.4747    3.1913   -3.1215  C  0  0  0  0  0
   -2.4404    4.6517   -3.5835  C  0  0  0  0  0
   -3.1097    4.7080   -4.9583  C  0  0  0  0  0
   -2.4561    3.8175   -5.8567  O  0  0  0  0  0
   -3.1017    5.5718   -2.5269  C  0  0  0  0  0
   -2.4375    5.4278   -1.1157  C  0  0  0  0  0
   -2.3711    3.9309   -0.7680  C  0  0  0  0  0
   -1.7550    3.0148   -1.7963  C  0  0  0  0  0
  1  6  1  0  0  0
  1  2  1  0  0  0
  2  3  1  0  0  0
  3 10  1  0  0  0
  3  4  1  0  0  0
  4  5  1  0  0  0
  4  7  1  0  0  0
  5  6  1  0  0  0
  7  8  1  0  0  0
  8  9  1  0  0  0
  9 10  1  0  0  0
M  END
$$$$
O1C2C(COC1)CCCC2
  -ISIS-

 10 11  0  0  0  0  0  0  0  0  1
   -2.3936    2.4674   -5.3983  C  0  0  0  0  0
   -1.8330    2.3643   -4.0874  O  0  0  0  0  0
   -2.4747    3.1913   -3.1215  C  0  0  0  0  0
   -2.4404    4.6517   -3.5835  C  0  0  0  0  0
   -3.1097    4.7080   -4.9583  C  0  0  0  0  0
   -2.4561    3.8175   -5.8567  O  0  0  0  0  0
   -3.1017    5.5718   -2.5269  C  0  0  0  0  0
   -2.4375    5.4278   -1.1157  C  0  0  0  0  0
   -2.3711    3.9309   -0.7680  C  0  0  0  0  0
   -1.7550    3.0148   -1.7963  C  0  0  0  0  0
  1  6  1  0  0  0
  1  2  1  0  0  0
  2  3  1  0  0  0
  3 10  1  0  0  0
  3  4  1  0  0  0
  4  5  1  0  0  0
  4  7  1  0  0  0
  5  6  1  0  0  0
  7  8  1  0  0  0
  8  9  1  0  0  0
  9 10  1  0  0  0
M  END
$$$$
