O1C=CC2C(C1)CCC2
  -ISIS-

  9 10  0  0  0  0  0  0  0  0  1
   -2.9624    2.6384    3.8599  C  0  0  0  0  0
   -4.0115    2.2073    4.7611  O  0  0  0  0  0
   -4.6988    3.1916    5.4398  C  0  0  0  0  0
   -4.3818    4.4967    5.4437  C  0  0  0  0  0
   -3.2366    4.9811    4.6411  C  0  0  0  0  0
   -2.2363    3.8265    4.4792  C  0  0  0  0  0
   -1.0733    4.5044    3.7513  C  0  0  0  0  0
   -0.8785    5.7902    4.5856  C  0  0  0  0  0
   -2.2620    6.0054    5.1811  C  0  0  0  0  0
  1  6  1  0  0  0
  1  2  1  0  0  0
  2  3  1  0  0  0
  3  4  2  0  0  0
  4  5  1  0  0  0
  5  9  1  0  0  0
  5  6  1  0  0  0
  6  7  1  0  0  0
  7  8  1  0  0  0
  8  9  1  0  0  0
M  END
$$$$
O1C=CC2C(C1)CCC2
  -ISIS-

  9 10  0  0  0  0  0  0  0  0  1
   -2.9624    2.6384    3.8599  C  0  0  0  0  0
   -4.0115    2.2073    4.7611  O  0  0  0  0  0
   -4.6988    3.1916    5.4398  C  0  0  0  0  0
   -4.3818    4.4967    5.4437  C  0  0  0  0  0
   -3.2366    4.9811    4.6411  C  0  0  0  0  0
   -2.2363    3.8265    4.4792  C  0  0  0  0  0
   -1.0733    4.5044    3.7513  C  0  0  0  0  0
   -0.8785    5.7902    4.5856  C  0  0  0  0  0
   -2.2620    6.0054    5.1811  C  0  0  0  0  0
  1  6  1  0  0  0
  1  2  1  0  0  0
  2  3  1  0  0  0
  3  4  2  0  0  0
  4  5  1  0  0  0
  5  9  1  0  0  0
  5  6  1  0  0  0
  6  7  1  0  0  0
  7  8  1  0  0  0
  8  9  1  0  0  0
M  END
$$$$
O1C=CC2C(C1)CCC2
  -ISIS-

  9 10  0  0  0  0  0  0  0  0  1
   -2.9624    2.6384    3.8599  C  0  0  0  0  0
   -4.0115    2.2073    4.7611  O  0  0  0  0  0
   -4.6988    3.1916    5.4398  C  0  0  0  0  0
   -4.3818    4.4967    5.4437  C  0  0  0  0  0
   -3.2366    4.9811    4.6411  C  0  0  0  0  0
   -2.2363    3.8265    4.4792  C  0  0  0  0  0
   -1.0733    4.5044    3.7513  C  0  0  0  0  0
   -0.8785    5.7902    4.5856  C  0  0  0  0  0
   -2.2620    6.0054    5.1811  C  0  0  0  0  0
  1  6  1  0  0  0
  1  2  1  0  0  0
  2  3  1  0  0  0
  3  4  2  0  0  0
  4  5  1  0  0  0
  5  9  1  0  0  0
  5  6  1  0  0  0
  6  7  1  0  0  0
  7  8  1  0  0  0
  8  9  1  0  0  0
M  END
$$$$
O1C=CC2C(C1)CCC2
  -ISIS-

  9 10  0  0  0  0  0  0  0  0  1
   -2.9624    2.6384    3.8599  C  0  0  0  0  0
   -4.0115    2.2073    4.7611  O  0  0  0  0  0
   -4.6988    3.1916    5.4398  C  0  0  0  0  0
   -4.3818    4.4967    5.4437  C  0  0  0  0  0
   -3.2366    4.9811    4.6411  C  0  0  0  0  0
   -2.2363    3.8265    4.4792  C  0  0  0  0  0
   -1.0733    4.5044    3.7513  C  0  0  0  0  0
   -0.8785    5.7902    4.5856  C  0  0  0  0  0
   -2.2620    6.0054    5.1811  C  0  0  0  0  0
  1  6  1  0  0  0
  1  2  1  0  0  0
  2  3  1  0  0  0
  3  4  2  0  0  0
  4  5  1  0  0  0
  5  9  1  0  0  0
  5  6  1  0  0  0
  6  7  1  0  0  0
  7  8  1  0  0  0
  8  9  1  0  0  0
M  END
$$$$
O1C=CC2C(C1)CCC2
  -ISIS-

  9 10  0  0  0  0  0  0  0  0  1
   -0.0484   -2.2640   -7.6201  C  0  0  0  0  0
   -0.9155   -3.1327   -8.5112  C  0  0  0  0  0
   -1.8538   -4.0240   -7.7068  C  0  0  0  0  0
   -1.7598   -3.3239   -6.3520  C  0  0  0  0  0
   -0.2751   -2.9458   -6.2719  C  0  0  0  0  0
   -0.0235   -2.2023   -4.9929  C  0  0  0  0  0
   -0.8509   -2.4229   -3.9539  C  0  0  0  0  0
   -1.9319   -3.2720   -3.9331  O  0  0  0  0  0
   -2.1488   -4.0962   -5.0979  C  0  0  0  0  0
  1  5  1  0  0  0
  1  2  1  0  0  0
  2  3  1  0  0  0
  3  4  1  0  0  0
  4  9  1  0  0  0
  4  5  1  0  0  0
  5  6  1  0  0  0
  6  7  2  0  0  0
  7  8  1  0  0  0
  8  9  1  0  0  0
M  END
$$$$
O1C=CC2C(C1)CCC2
  -ISIS-

  9 10  0  0  0  0  0  0  0  0  1
   -0.0484   -2.2640   -7.6201  C  0  0  0  0  0
   -0.9155   -3.1327   -8.5112  C  0  0  0  0  0
   -1.8538   -4.0240   -7.7068  C  0  0  0  0  0
   -1.7598   -3.3239   -6.3520  C  0  0  0  0  0
   -0.2751   -2.9458   -6.2719  C  0  0  0  0  0
   -0.0235   -2.2023   -4.9929  C  0  0  0  0  0
   -0.8509   -2.4229   -3.9539  C  0  0  0  0  0
   -1.9319   -3.2720   -3.9331  O  0  0  0  0  0
   -2.1488   -4.0962   -5.0979  C  0  0  0  0  0
  1  5  1  0  0  0
  1  2  1  0  0  0
  2  3  1  0  0  0
  3  4  1  0  0  0
  4  9  1  0  0  0
  4  5  1  0  0  0
  5  6  1  0  0  0
  6  7  2  0  0  0
  7  8  1  0  0  0
  8  9  1  0  0  0
M  END
$$$$
O1C=CC2C(C1)CCC2
  -ISIS-

  9 10  0  0  0  0  0  0  0  0  1
   -0.0484   -2.2640   -7.6201  C  0  0  0  0  0
   -0.9155   -3.1327   -8.5112  C  0  0  0  0  0
   -1.8538   -4.0240   -7.7068  C  0  0  0  0  0
   -1.7598   -3.3239   -6.3520  C  0  0  0  0  0
   -0.2751   -2.9458   -6.2719  C  0  0  0  0  0
   -0.0235   -2.2023   -4.9929  C  0  0  0  0  0
   -0.8509   -2.4229   -3.9539  C  0  0  0  0  0
   -1.9319   -3.2720   -3.9331  O  0  0  0  0  0
   -2.1488   -4.0962   -5.0979  C  0  0  0  0  0
  1  5  1  0  0  0
  1  2  1  0  0  0
  2  3  1  0  0  0
  3  4  1  0  0  0
  4  9  1  0  0  0
  4  5  1  0  0  0
  5  6  1  0  0  0
  6  7  2  0  0  0
  7  8  1  0  0  0
  8  9  1  0  0  0
M  END
$$$$
O1C=CC2C(C1)CCC2
  -ISIS-

  9 10  0  0  0  0  0  0  0  0  1
   -0.0484   -2.2640   -7.6201  C  0  0  0  0  0
   -0.9155   -3.1327   -8.5112  C  0  0  0  0  0
   -1.8538   -4.0240   -7.7068  C  0  0  0  0  0
   -1.7598   -3.3239   -6.3520  C  0  0  0  0  0
   -0.2751   -2.9458   -6.2719  C  0  0  0  0  0
   -0.0235   -2.2023   -4.9929  C  0  0  0  0  0
   -0.8509   -2.4229   -3.9539  C  0  0  0  0  0
   -1.9319   -3.2720   -3.9331  O  0  0  0  0  0
   -2.1488   -4.0962   -5.0979  C  0  0  0  0  0
  1  5  1  0  0  0
  1  2  1  0  0  0
  2  3  1  0  0  0
  3  4  1  0  0  0
  4  9  1  0  0  0
  4  5  1  0  0  0
  5  6  1  0  0  0
  6  7  2  0  0  0
  7  8  1  0  0  0
  8  9  1  0  0  0
M  END
$$$$
O1C=CC2C(C1)CCC2
  -ISIS-

  9 10  0  0  0  0  0  0  0  0  1
    1.2430    1.3043   -0.1505  C  0  0  0  0  0
    0.2615    2.3398    0.1136  O  0  0  0  0  0
   -0.4458    2.8212   -0.9663  C  0  0  0  0  0
   -0.2240    2.5012   -2.2513  C  0  0  0  0  0
    0.8699    1.5642   -2.6304  C  0  0  0  0  0
    1.9089    1.5705   -1.4956  C  0  0  0  0  0
    2.9833    0.6224   -2.0216  C  0  0  0  0  0
    3.0542    0.9978   -3.5205  C  0  0  0  0  0
    1.7921    1.8389   -3.8228  C  0  0  0  0  0
  1  6  1  0  0  0
  1  2  1  0  0  0
  2  3  1  0  0  0
  3  4  2  0  0  0
  4  5  1  0  0  0
  5  9  1  0  0  0
  5  6  1  0  0  0
  6  7  1  0  0  0
  7  8  1  0  0  0
  8  9  1  0  0  0
M  END
$$$$
O1C=CC2C(C1)CCC2
  -ISIS-

  9 10  0  0  0  0  0  0  0  0  1
    1.2430    1.3043   -0.1505  C  0  0  0  0  0
    0.2615    2.3398    0.1136  O  0  0  0  0  0
   -0.4458    2.8212   -0.9663  C  0  0  0  0  0
   -0.2240    2.5012   -2.2513  C  0  0  0  0  0
    0.8699    1.5642   -2.6304  C  0  0  0  0  0
    1.9089    1.5705   -1.4956  C  0  0  0  0  0
    2.9833    0.6224   -2.0216  C  0  0  0  0  0
    3.0542    0.9978   -3.5205  C  0  0  0  0  0
    1.7921    1.8389   -3.8228  C  0  0  0  0  0
  1  6  1  0  0  0
  1  2  1  0  0  0
  2  3  1  0  0  0
  3  4  2  0  0  0
  4  5  1  0  0  0
  5  9  1  0  0  0
  5  6  1  0  0  0
  6  7  1  0  0  0
  7  8  1  0  0  0
  8  9  1  0  0  0
M  END
$$$$
O1C=CC2C(C1)CCC2
  -ISIS-

  9 10  0  0  0  0  0  0  0  0  1
    1.2430    1.3043   -0.1505  C  0  0  0  0  0
    0.2615    2.3398    0.1136  O  0  0  0  0  0
   -0.4458    2.8212   -0.9663  C  0  0  0  0  0
   -0.2240    2.5012   -2.2513  C  0  0  0  0  0
    0.8699    1.5642   -2.6304  C  0  0  0  0  0
    1.9089    1.5705   -1.4956  C  0  0  0  0  0
    2.9833    0.6224   -2.0216  C  0  0  0  0  0
    3.0542    0.9978   -3.5205  C  0  0  0  0  0
    1.7921    1.8389   -3.8228  C  0  0  0  0  0
  1  6  1  0  0  0
  1  2  1  0  0  0
  2  3  1  0  0  0
  3  4  2  0  0  0
  4  5  1  0  0  0
  5  9  1  0  0  0
  5  6  1  0  0  0
  6  7  1  0  0  0
  7  8  1  0  0  0
  8  9  1  0  0  0
M  END
$$$$
O1C=CC2C(C1)CCC2
  -ISIS-

  9 10  0  0  0  0  0  0  0  0  1
    1.2430    1.3043   -0.1505  C  0  0  0  0  0
    0.2615    2.3398    0.1136  O  0  0  0  0  0
   -0.4458    2.8212   -0.9663  C  0  0  0  0  0
   -0.2240    2.5012   -2.2513  C  0  0  0  0  0
    0.8699    1.5642   -2.6304  C  0  0  0  0  0
    1.9089    1.5705   -1.4956  C  0  0  0  0  0
    2.9833    0.6224   -2.0216  C  0  0  0  0  0
    3.0542    0.9978   -3.5205  C  0  0  0  0  0
    1.7921    1.8389   -3.8228  C  0  0  0  0  0
  1  6  1  0  0  0
  1  2  1  0  0  0
  2  3  1  0  0  0
  3  4  2  0  0  0
  4  5  1  0  0  0
  5  9  1  0  0  0
  5  6  1  0  0  0
  6  7  1  0  0  0
  7  8  1  0  0  0
  8  9  1  0  0  0
M  END
$$$$
O1C=CC2C(C1)CCC2
  -ISIS-

  9 10  0  0  0  0  0  0  0  0  1
   -1.4323    2.5200   -1.0363  C  0  0  0  0  0
   -0.8587    1.4387   -0.4890  C  0  0  0  0  0
   -1.5705    0.3189   -0.0183  O  0  0  0  0  0
   -2.9353    0.3778    0.1488  C  0  0  0  0  0
   -3.5072    1.7724    0.0625  C  0  0  0  0  0
   -5.0166    1.9855   -0.1017  C  0  0  0  0  0
   -5.1025    3.4437   -0.6153  C  0  0  0  0  0
   -3.6791    3.8509   -1.0290  C  0  0  0  0  0
   -2.9249    2.5284   -1.1274  C  0  0  0  0  0
  1  9  1  0  0  0
  1  2  2  0  0  0
  2  3  1  0  0  0
  3  4  1  0  0  0
  4  5  1  0  0  0
  5  9  1  0  0  0
  5  6  1  0  0  0
  6  7  1  0  0  0
  7  8  1  0  0  0
  8  9  1  0  0  0
M  END
$$$$
O1C=CC2C(C1)CCC2
  -ISIS-

  9 10  0  0  0  0  0  0  0  0  1
   -1.4323    2.5200   -1.0363  C  0  0  0  0  0
   -0.8587    1.4387   -0.4890  C  0  0  0  0  0
   -1.5705    0.3189   -0.0183  O  0  0  0  0  0
   -2.9353    0.3778    0.1488  C  0  0  0  0  0
   -3.5072    1.7724    0.0625  C  0  0  0  0  0
   -5.0166    1.9855   -0.1017  C  0  0  0  0  0
   -5.1025    3.4437   -0.6153  C  0  0  0  0  0
   -3.6791    3.8509   -1.0290  C  0  0  0  0  0
   -2.9249    2.5284   -1.1274  C  0  0  0  0  0
  1  9  1  0  0  0
  1  2  2  0  0  0
  2  3  1  0  0  0
  3  4  1  0  0  0
  4  5  1  0  0  0
  5  9  1  0  0  0
  5  6  1  0  0  0
  6  7  1  0  0  0
  7  8  1  0  0  0
  8  9  1  0  0  0
M  END
$$$$
O1C=CC2C(C1)CCC2
  -ISIS-

  9 10  0  0  0  0  0  0  0  0  1
   -1.4323    2.5200   -1.0363  C  0  0  0  0  0
   -0.8587    1.4387   -0.4890  C  0  0  0  0  0
   -1.5705    0.3189   -0.0183  O  0  0  0  0  0
   -2.9353    0.3778    0.1488  C  0  0  0  0  0
   -3.5072    1.7724    0.0625  C  0  0  0  0  0
   -5.0166    1.9855   -0.1017  C  0  0  0  0  0
   -5.1025    3.4437   -0.6153  C  0  0  0  0  0
   -3.6791    3.8509   -1.0290  C  0  0  0  0  0
   -2.9249    2.5284   -1.1274  C  0  0  0  0  0
  1  9  1  0  0  0
  1  2  2  0  0  0
  2  3  1  0  0  0
  3  4  1  0  0  0
  4  5  1  0  0  0
  5  9  1  0  0  0
  5  6  1  0  0  0
  6  7  1  0  0  0
  7  8  1  0  0  0
  8  9  1  0  0  0
M  END
$$$$
O1C=CC2C(C1)CCC2
  -ISIS-

  9 10  0  0  0  0  0  0  0  0  1
    0.7055   -4.2838   -2.2190  C  0  0  0  0  0
    2.1424   -4.4749   -2.2004  O  0  0  0  0  0
    2.6310   -5.6262   -2.7778  C  0  0  0  0  0
    1.8960   -6.6508   -3.2467  C  0  0  0  0  0
    0.4038   -6.5790   -3.1514  C  0  0  0  0  0
    0.0262   -5.6335   -2.0026  C  0  0  0  0  0
   -1.4992   -5.7273   -2.0217  C  0  0  0  0  0
   -1.7283   -7.2480   -2.2043  C  0  0  0  0  0
   -0.4242   -7.8155   -2.8012  C  0  0  0  0  0
  1  6  1  0  0  0
  1  2  1  0  0  0
  2  3  1  0  0  0
  3  4  2  0  0  0
  4  5  1  0  0  0
  5  9  1  0  0  0
  5  6  1  0  0  0
  6  7  1  0  0  0
  7  8  1  0  0  0
  8  9  1  0  0  0
M  END
$$$$
O1C=CC2C(C1)CCC2
  -ISIS-

  9 10  0  0  0  0  0  0  0  0  1
    0.7055   -4.2838   -2.2190  C  0  0  0  0  0
    2.1424   -4.4749   -2.2004  O  0  0  0  0  0
    2.6310   -5.6262   -2.7778  C  0  0  0  0  0
    1.8960   -6.6508   -3.2467  C  0  0  0  0  0
    0.4038   -6.5790   -3.1514  C  0  0  0  0  0
    0.0262   -5.6335   -2.0026  C  0  0  0  0  0
   -1.4992   -5.7273   -2.0217  C  0  0  0  0  0
   -1.7283   -7.2480   -2.2043  C  0  0  0  0  0
   -0.4242   -7.8155   -2.8012  C  0  0  0  0  0
  1  6  1  0  0  0
  1  2  1  0  0  0
  2  3  1  0  0  0
  3  4  2  0  0  0
  4  5  1  0  0  0
  5  9  1  0  0  0
  5  6  1  0  0  0
  6  7  1  0  0  0
  7  8  1  0  0  0
  8  9  1  0  0  0
M  END
$$$$
O1C=CC2C(C1)CCC2
  -ISIS-

  9 10  0  0  0  0  0  0  0  0  1
    0.7055   -4.2838   -2.2190  C  0  0  0  0  0
    2.1424   -4.4749   -2.2004  O  0  0  0  0  0
    2.6310   -5.6262   -2.7778  C  0  0  0  0  0
    1.8960   -6.6508   -3.2467  C  0  0  0  0  0
    0.4038   -6.5790   -3.1514  C  0  0  0  0  0
    0.0262   -5.6335   -2.0026  C  0  0  0  0  0
   -1.4992   -5.7273   -2.0217  C  0  0  0  0  0
   -1.7283   -7.2480   -2.2043  C  0  0  0  0  0
   -0.4242   -7.8155   -2.8012  C  0  0  0  0  0
  1  6  1  0  0  0
  1  2  1  0  0  0
  2  3  1  0  0  0
  3  4  2  0  0  0
  4  5  1  0  0  0
  5  9  1  0  0  0
  5  6  1  0  0  0
  6  7  1  0  0  0
  7  8  1  0  0  0
  8  9  1  0  0  0
M  END
$$$$
O1C=CC2C(C1)CCC2
  -ISIS-

  9 10  0  0  0  0  0  0  0  0  1
    0.7055   -4.2838   -2.2190  C  0  0  0  0  0
    2.1424   -4.4749   -2.2004  O  0  0  0  0  0
    2.6310   -5.6262   -2.7778  C  0  0  0  0  0
    1.8960   -6.6508   -3.2467  C  0  0  0  0  0
    0.4038   -6.5790   -3.1514  C  0  0  0  0  0
    0.0262   -5.6335   -2.0026  C  0  0  0  0  0
   -1.4992   -5.7273   -2.0217  C  0  0  0  0  0
   -1.7283   -7.2480   -2.2043  C  0  0  0  0  0
   -0.4242   -7.8155   -2.8012  C  0  0  0  0  0
  1  6  1  0  0  0
  1  2  1  0  0  0
  2  3  1  0  0  0
  3  4  2  0  0  0
  4  5  1  0  0  0
  5  9  1  0  0  0
  5  6  1  0  0  0
  6  7  1  0  0  0
  7  8  1  0  0  0
  8  9  1  0  0  0
M  END
$$$$
O1C=CC2C(C1)CCC2
  -ISIS-

  9 10  0  0  0  0  0  0  0  0  1
   -0.4602    3.6207    2.7278  C  0  0  0  0  0
   -0.8144    3.8446    1.4480  C  0  0  0  0  0
    0.0446    4.0267    0.3845  O  0  0  0  0  0
    1.4506    3.8739    0.6515  C  0  0  0  0  0
    1.7818    4.3644    2.0504  C  0  0  0  0  0
    3.2038    4.2415    2.5695  C  0  0  0  0  0
    3.0322    4.3614    4.0918  C  0  0  0  0  0
    1.5358    4.1406    4.3790  C  0  0  0  0  0
    0.9933    3.5473    3.0791  C  0  0  0  0  0
  1  9  1  0  0  0
  1  2  2  0  0  0
  2  3  1  0  0  0
  3  4  1  0  0  0
  4  5  1  0  0  0
  5  9  1  0  0  0
  5  6  1  0  0  0
  6  7  1  0  0  0
  7  8  1  0  0  0
  8  9  1  0  0  0
M  END
$$$$
O1C=CC2C(C1)CCC2
  -ISIS-

  9 10  0  0  0  0  0  0  0  0  1
   -0.4602    3.6207    2.7278  C  0  0  0  0  0
   -0.8144    3.8446    1.4480  C  0  0  0  0  0
    0.0446    4.0267    0.3845  O  0  0  0  0  0
    1.4506    3.8739    0.6515  C  0  0  0  0  0
    1.7818    4.3644    2.0504  C  0  0  0  0  0
    3.2038    4.2415    2.5695  C  0  0  0  0  0
    3.0322    4.3614    4.0918  C  0  0  0  0  0
    1.5358    4.1406    4.3790  C  0  0  0  0  0
    0.9933    3.5473    3.0791  C  0  0  0  0  0
  1  9  1  0  0  0
  1  2  2  0  0  0
  2  3  1  0  0  0
  3  4  1  0  0  0
  4  5  1  0  0  0
  5  9  1  0  0  0
  5  6  1  0  0  0
  6  7  1  0  0  0
  7  8  1  0  0  0
  8  9  1  0  0  0
M  END
$$$$
