O1C=CCN1
  -ISIS-

  5  5  0  0  0  0  0  0  0  0  1
   -0.4673    2.9287   -1.1195  C  0  0  0  0  0
   -0.5481    4.2671   -1.4863  O  0  0  0  0  0
   -1.2344    4.2286   -2.7216  N  0  0  0  0  0
   -1.7094    2.9612   -2.9325  C  0  0  0  0  0
   -1.0978    2.0793   -1.9341  C  0  0  0  0  0
  1  5  2  0  0  0
  1  2  1  0  0  0
  2  3  1  0  0  0
  3  4  1  0  0  0
  4  5  1  0  0  0
M  END
$$$$
O1C=CCN1
  -ISIS-

  5  5  0  0  0  0  0  0  0  0  1
   -0.4673    2.9287   -1.1195  C  0  0  0  0  0
   -0.5481    4.2671   -1.4863  O  0  0  0  0  0
   -1.2344    4.2286   -2.7216  N  0  0  0  0  0
   -1.7094    2.9612   -2.9325  C  0  0  0  0  0
   -1.0978    2.0793   -1.9341  C  0  0  0  0  0
  1  5  2  0  0  0
  1  2  1  0  0  0
  2  3  1  0  0  0
  3  4  1  0  0  0
  4  5  1  0  0  0
M  END
$$$$
O1C=CCN1
  -ISIS-

  5  5  0  0  0  0  0  0  0  0  1
   -0.4673    2.9287   -1.1195  C  0  0  0  0  0
   -0.5481    4.2671   -1.4863  O  0  0  0  0  0
   -1.2344    4.2286   -2.7216  N  0  0  0  0  0
   -1.7094    2.9612   -2.9325  C  0  0  0  0  0
   -1.0978    2.0793   -1.9341  C  0  0  0  0  0
  1  5  2  0  0  0
  1  2  1  0  0  0
  2  3  1  0  0  0
  3  4  1  0  0  0
  4  5  1  0  0  0
M  END
$$$$
O1C=CCN1
  -ISIS-

  5  5  0  0  0  0  0  0  0  0  1
    2.4432   -1.3922   -1.2981  C  0  0  0  0  0
    2.7168   -0.7032   -0.1221  O  0  0  0  0  0
    2.0138    0.5098   -0.2836  N  0  0  0  0  0
    1.5435    0.5836   -1.5684  C  0  0  0  0  0
    1.6905   -0.7410   -2.1895  C  0  0  0  0  0
  1  5  2  0  0  0
  1  2  1  0  0  0
  2  3  1  0  0  0
  3  4  1  0  0  0
  4  5  1  0  0  0
M  END
$$$$
O1C=CCN1
  -ISIS-

  5  5  0  0  0  0  0  0  0  0  1
    2.4432   -1.3922   -1.2981  C  0  0  0  0  0
    2.7168   -0.7032   -0.1221  O  0  0  0  0  0
    2.0138    0.5098   -0.2836  N  0  0  0  0  0
    1.5435    0.5836   -1.5684  C  0  0  0  0  0
    1.6905   -0.7410   -2.1895  C  0  0  0  0  0
  1  5  2  0  0  0
  1  2  1  0  0  0
  2  3  1  0  0  0
  3  4  1  0  0  0
  4  5  1  0  0  0
M  END
$$$$
O1C=CCN1
  -ISIS-

  5  5  0  0  0  0  0  0  0  0  1
    2.4432   -1.3922   -1.2981  C  0  0  0  0  0
    2.7168   -0.7032   -0.1221  O  0  0  0  0  0
    2.0138    0.5098   -0.2836  N  0  0  0  0  0
    1.5435    0.5836   -1.5684  C  0  0  0  0  0
    1.6905   -0.7410   -2.1895  C  0  0  0  0  0
  1  5  2  0  0  0
  1  2  1  0  0  0
  2  3  1  0  0  0
  3  4  1  0  0  0
  4  5  1  0  0  0
M  END
$$$$
O1C=CCN1
  -ISIS-

  5  5  0  0  0  0  0  0  0  0  1
    4.2330   -2.5527   -2.7477  C  0  0  0  0  0
    4.6253   -3.1108   -1.5560  O  0  0  0  0  0
    4.7805   -4.4702   -1.9155  N  0  0  0  0  0
    4.2679   -4.6733   -3.1756  C  0  0  0  0  0
    3.9769   -3.3626   -3.7700  C  0  0  0  0  0
  1  5  2  0  0  0
  1  2  1  0  0  0
  2  3  1  0  0  0
  3  4  1  0  0  0
  4  5  1  0  0  0
M  END
$$$$
O1C=CCN1
  -ISIS-

  5  5  0  0  0  0  0  0  0  0  1
    4.2330   -2.5527   -2.7477  C  0  0  0  0  0
    4.6253   -3.1108   -1.5560  O  0  0  0  0  0
    4.7805   -4.4702   -1.9155  N  0  0  0  0  0
    4.2679   -4.6733   -3.1756  C  0  0  0  0  0
    3.9769   -3.3626   -3.7700  C  0  0  0  0  0
  1  5  2  0  0  0
  1  2  1  0  0  0
  2  3  1  0  0  0
  3  4  1  0  0  0
  4  5  1  0  0  0
M  END
$$$$
O1C=CCN1
  -ISIS-

  5  5  0  0  0  0  0  0  0  0  1
    4.2330   -2.5527   -2.7477  C  0  0  0  0  0
    4.6253   -3.1108   -1.5560  O  0  0  0  0  0
    4.7805   -4.4702   -1.9155  N  0  0  0  0  0
    4.2679   -4.6733   -3.1756  C  0  0  0  0  0
    3.9769   -3.3626   -3.7700  C  0  0  0  0  0
  1  5  2  0  0  0
  1  2  1  0  0  0
  2  3  1  0  0  0
  3  4  1  0  0  0
  4  5  1  0  0  0
M  END
$$$$
O1C=CCN1
  -ISIS-

  5  5  0  0  0  0  0  0  0  0  1
    0.3969   -2.2552    0.7614  C  0  0  0  0  0
    1.7280   -2.3416    0.8218  C  0  0  0  0  0
    2.4150   -1.3303    0.1603  O  0  0  0  0  0
    1.3854   -0.5819   -0.4549  N  0  0  0  0  0
    0.1730   -1.0148    0.0132  C  0  0  0  0  0
  1  5  1  0  0  0
  1  2  2  0  0  0
  2  3  1  0  0  0
  3  4  1  0  0  0
  4  5  1  0  0  0
M  END
$$$$
O1C=CCN1
  -ISIS-

  5  5  0  0  0  0  0  0  0  0  1
    0.3969   -2.2552    0.7614  C  0  0  0  0  0
    1.7280   -2.3416    0.8218  C  0  0  0  0  0
    2.4150   -1.3303    0.1603  O  0  0  0  0  0
    1.3854   -0.5819   -0.4549  N  0  0  0  0  0
    0.1730   -1.0148    0.0132  C  0  0  0  0  0
  1  5  1  0  0  0
  1  2  2  0  0  0
  2  3  1  0  0  0
  3  4  1  0  0  0
  4  5  1  0  0  0
M  END
$$$$
O1C=CCN1
  -ISIS-

  5  5  0  0  0  0  0  0  0  0  1
    0.3969   -2.2552    0.7614  C  0  0  0  0  0
    1.7280   -2.3416    0.8218  C  0  0  0  0  0
    2.4150   -1.3303    0.1603  O  0  0  0  0  0
    1.3854   -0.5819   -0.4549  N  0  0  0  0  0
    0.1730   -1.0148    0.0132  C  0  0  0  0  0
  1  5  1  0  0  0
  1  2  2  0  0  0
  2  3  1  0  0  0
  3  4  1  0  0  0
  4  5  1  0  0  0
M  END
$$$$
O1C=CCN1
  -ISIS-

  5  5  0  0  0  0  0  0  0  0  1
    1.9438    0.7050    1.5239  C  0  0  0  0  0
    1.7589    1.1158    2.8342  O  0  0  0  0  0
    2.3873    0.0936    3.5810  N  0  0  0  0  0
    3.0744   -0.7317    2.7317  C  0  0  0  0  0
    2.6838   -0.3933    1.3576  C  0  0  0  0  0
  1  5  2  0  0  0
  1  2  1  0  0  0
  2  3  1  0  0  0
  3  4  1  0  0  0
  4  5  1  0  0  0
M  END
$$$$
O1C=CCN1
  -ISIS-

  5  5  0  0  0  0  0  0  0  0  1
    1.9438    0.7050    1.5239  C  0  0  0  0  0
    1.7589    1.1158    2.8342  O  0  0  0  0  0
    2.3873    0.0936    3.5810  N  0  0  0  0  0
    3.0744   -0.7317    2.7317  C  0  0  0  0  0
    2.6838   -0.3933    1.3576  C  0  0  0  0  0
  1  5  2  0  0  0
  1  2  1  0  0  0
  2  3  1  0  0  0
  3  4  1  0  0  0
  4  5  1  0  0  0
M  END
$$$$
O1C=CCN1
  -ISIS-

  5  5  0  0  0  0  0  0  0  0  1
    1.9438    0.7050    1.5239  C  0  0  0  0  0
    1.7589    1.1158    2.8342  O  0  0  0  0  0
    2.3873    0.0936    3.5810  N  0  0  0  0  0
    3.0744   -0.7317    2.7317  C  0  0  0  0  0
    2.6838   -0.3933    1.3576  C  0  0  0  0  0
  1  5  2  0  0  0
  1  2  1  0  0  0
  2  3  1  0  0  0
  3  4  1  0  0  0
  4  5  1  0  0  0
M  END
$$$$
O1C=CCN1
  -ISIS-

  5  5  0  0  0  0  0  0  0  0  1
    1.8681    2.5838    0.6419  C  0  0  0  0  0
    1.7484    1.4135   -0.0985  O  0  0  0  0  0
    0.7409    0.6939    0.5877  N  0  0  0  0  0
    0.1745    1.5059    1.5363  C  0  0  0  0  0
    1.0092    2.6982    1.6545  C  0  0  0  0  0
  1  5  2  0  0  0
  1  2  1  0  0  0
  2  3  1  0  0  0
  3  4  1  0  0  0
  4  5  1  0  0  0
M  END
$$$$
O1C=CCN1
  -ISIS-

  5  5  0  0  0  0  0  0  0  0  1
    1.8681    2.5838    0.6419  C  0  0  0  0  0
    1.7484    1.4135   -0.0985  O  0  0  0  0  0
    0.7409    0.6939    0.5877  N  0  0  0  0  0
    0.1745    1.5059    1.5363  C  0  0  0  0  0
    1.0092    2.6982    1.6545  C  0  0  0  0  0
  1  5  2  0  0  0
  1  2  1  0  0  0
  2  3  1  0  0  0
  3  4  1  0  0  0
  4  5  1  0  0  0
M  END
$$$$
O1C=CCN1
  -ISIS-

  5  5  0  0  0  0  0  0  0  0  1
    1.8681    2.5838    0.6419  C  0  0  0  0  0
    1.7484    1.4135   -0.0985  O  0  0  0  0  0
    0.7409    0.6939    0.5877  N  0  0  0  0  0
    0.1745    1.5059    1.5363  C  0  0  0  0  0
    1.0092    2.6982    1.6545  C  0  0  0  0  0
  1  5  2  0  0  0
  1  2  1  0  0  0
  2  3  1  0  0  0
  3  4  1  0  0  0
  4  5  1  0  0  0
M  END
$$$$
O1C=CCN1
  -ISIS-

  5  5  0  0  0  0  0  0  0  0  1
   -1.1335   -4.1558    0.7511  C  0  0  0  0  0
   -2.0842   -3.2902    1.2673  O  0  0  0  0  0
   -1.3341   -2.1279    1.5578  N  0  0  0  0  0
   -0.0755   -2.2584    1.0344  C  0  0  0  0  0
    0.0933   -3.6514    0.6032  C  0  0  0  0  0
  1  5  2  0  0  0
  1  2  1  0  0  0
  2  3  1  0  0  0
  3  4  1  0  0  0
  4  5  1  0  0  0
M  END
$$$$
O1C=CCN1
  -ISIS-

  5  5  0  0  0  0  0  0  0  0  1
   -1.1335   -4.1558    0.7511  C  0  0  0  0  0
   -2.0842   -3.2902    1.2673  O  0  0  0  0  0
   -1.3341   -2.1279    1.5578  N  0  0  0  0  0
   -0.0755   -2.2584    1.0344  C  0  0  0  0  0
    0.0933   -3.6514    0.6032  C  0  0  0  0  0
  1  5  2  0  0  0
  1  2  1  0  0  0
  2  3  1  0  0  0
  3  4  1  0  0  0
  4  5  1  0  0  0
M  END
$$$$
O1C=CCN1
  -ISIS-

  5  5  0  0  0  0  0  0  0  0  1
   -1.1335   -4.1558    0.7511  C  0  0  0  0  0
   -2.0842   -3.2902    1.2673  O  0  0  0  0  0
   -1.3341   -2.1279    1.5578  N  0  0  0  0  0
   -0.0755   -2.2584    1.0344  C  0  0  0  0  0
    0.0933   -3.6514    0.6032  C  0  0  0  0  0
  1  5  2  0  0  0
  1  2  1  0  0  0
  2  3  1  0  0  0
  3  4  1  0  0  0
  4  5  1  0  0  0
M  END
$$$$
O1C=CCN1
  -ISIS-

  5  5  0  0  0  0  0  0  0  0  1
   -2.3715   -3.5622    5.0795  C  0  0  0  0  0
   -3.4933   -3.5809    5.8782  O  0  0  0  0  0
   -3.1874   -2.5997    6.8489  N  0  0  0  0  0
   -2.0494   -1.9313    6.4740  C  0  0  0  0  0
   -1.4380   -2.6527    5.3473  C  0  0  0  0  0
  1  5  2  0  0  0
  1  2  1  0  0  0
  2  3  1  0  0  0
  3  4  1  0  0  0
  4  5  1  0  0  0
M  END
$$$$
O1C=CCN1
  -ISIS-

  5  5  0  0  0  0  0  0  0  0  1
   -2.3715   -3.5622    5.0795  C  0  0  0  0  0
   -3.4933   -3.5809    5.8782  O  0  0  0  0  0
   -3.1874   -2.5997    6.8489  N  0  0  0  0  0
   -2.0494   -1.9313    6.4740  C  0  0  0  0  0
   -1.4380   -2.6527    5.3473  C  0  0  0  0  0
  1  5  2  0  0  0
  1  2  1  0  0  0
  2  3  1  0  0  0
  3  4  1  0  0  0
  4  5  1  0  0  0
M  END
$$$$
O1C=CCN1
  -ISIS-

  5  5  0  0  0  0  0  0  0  0  1
   -2.3715   -3.5622    5.0795  C  0  0  0  0  0
   -3.4933   -3.5809    5.8782  O  0  0  0  0  0
   -3.1874   -2.5997    6.8489  N  0  0  0  0  0
   -2.0494   -1.9313    6.4740  C  0  0  0  0  0
   -1.4380   -2.6527    5.3473  C  0  0  0  0  0
  1  5  2  0  0  0
  1  2  1  0  0  0
  2  3  1  0  0  0
  3  4  1  0  0  0
  4  5  1  0  0  0
M  END
$$$$
O1C=CCN1
  -ISIS-

  5  5  0  0  0  0  0  0  0  0  1
    2.4147   -1.4981   -2.9973  C  0  0  0  0  0
    2.8328   -2.8191   -3.4676  C  0  0  0  0  0
    4.1108   -2.8966   -3.1121  C  0  0  0  0  0
    4.6196   -1.7567   -2.5145  O  0  0  0  0  0
    3.5375   -0.8212   -2.5314  N  0  0  0  0  0
  1  5  1  0  0  0
  1  2  1  0  0  0
  2  3  2  0  0  0
  3  4  1  0  0  0
  4  5  1  0  0  0
M  END
$$$$
O1C=CCN1
  -ISIS-

  5  5  0  0  0  0  0  0  0  0  1
    2.4147   -1.4981   -2.9973  C  0  0  0  0  0
    2.8328   -2.8191   -3.4676  C  0  0  0  0  0
    4.1108   -2.8966   -3.1121  C  0  0  0  0  0
    4.6196   -1.7567   -2.5145  O  0  0  0  0  0
    3.5375   -0.8212   -2.5314  N  0  0  0  0  0
  1  5  1  0  0  0
  1  2  1  0  0  0
  2  3  2  0  0  0
  3  4  1  0  0  0
  4  5  1  0  0  0
M  END
$$$$
O1C=CCN1
  -ISIS-

  5  5  0  0  0  0  0  0  0  0  1
    2.4147   -1.4981   -2.9973  C  0  0  0  0  0
    2.8328   -2.8191   -3.4676  C  0  0  0  0  0
    4.1108   -2.8966   -3.1121  C  0  0  0  0  0
    4.6196   -1.7567   -2.5145  O  0  0  0  0  0
    3.5375   -0.8212   -2.5314  N  0  0  0  0  0
  1  5  1  0  0  0
  1  2  1  0  0  0
  2  3  2  0  0  0
  3  4  1  0  0  0
  4  5  1  0  0  0
M  END
$$$$
O1C=CCN1
  -ISIS-

  5  5  0  0  0  0  0  0  0  0  1
    2.4147   -1.4981   -2.9973  C  0  0  0  0  0
    2.8328   -2.8191   -3.4676  C  0  0  0  0  0
    4.1108   -2.8966   -3.1121  C  0  0  0  0  0
    4.6196   -1.7567   -2.5145  O  0  0  0  0  0
    3.5375   -0.8212   -2.5314  N  0  0  0  0  0
  1  5  1  0  0  0
  1  2  1  0  0  0
  2  3  2  0  0  0
  3  4  1  0  0  0
  4  5  1  0  0  0
M  END
$$$$
O1C=CCN1
  -ISIS-

  5  5  0  0  0  0  0  0  0  0  1
    2.8278    1.7724   -1.5020  N  0  0  0  0  0
    3.5103    2.9411   -1.9733  O  0  0  0  0  0
    3.0110    3.0829   -3.2694  C  0  0  0  0  0
    2.0546    2.2143   -3.6134  C  0  0  0  0  0
    1.8298    1.4078   -2.4139  C  0  0  0  0  0
  1  5  1  0  0  0
  1  2  1  0  0  0
  2  3  1  0  0  0
  3  4  2  0  0  0
  4  5  1  0  0  0
M  END
$$$$
O1C=CCN1
  -ISIS-

  5  5  0  0  0  0  0  0  0  0  1
    2.8278    1.7724   -1.5020  N  0  0  0  0  0
    3.5103    2.9411   -1.9733  O  0  0  0  0  0
    3.0110    3.0829   -3.2694  C  0  0  0  0  0
    2.0546    2.2143   -3.6134  C  0  0  0  0  0
    1.8298    1.4078   -2.4139  C  0  0  0  0  0
  1  5  1  0  0  0
  1  2  1  0  0  0
  2  3  1  0  0  0
  3  4  2  0  0  0
  4  5  1  0  0  0
M  END
$$$$
O1C=CCN1
  -ISIS-

  5  5  0  0  0  0  0  0  0  0  1
    2.8278    1.7724   -1.5020  N  0  0  0  0  0
    3.5103    2.9411   -1.9733  O  0  0  0  0  0
    3.0110    3.0829   -3.2694  C  0  0  0  0  0
    2.0546    2.2143   -3.6134  C  0  0  0  0  0
    1.8298    1.4078   -2.4139  C  0  0  0  0  0
  1  5  1  0  0  0
  1  2  1  0  0  0
  2  3  1  0  0  0
  3  4  2  0  0  0
  4  5  1  0  0  0
M  END
$$$$
O1C=CCN1
  -ISIS-

  5  5  0  0  0  0  0  0  0  0  1
    2.8278    1.7724   -1.5020  N  0  0  0  0  0
    3.5103    2.9411   -1.9733  O  0  0  0  0  0
    3.0110    3.0829   -3.2694  C  0  0  0  0  0
    2.0546    2.2143   -3.6134  C  0  0  0  0  0
    1.8298    1.4078   -2.4139  C  0  0  0  0  0
  1  5  1  0  0  0
  1  2  1  0  0  0
  2  3  1  0  0  0
  3  4  2  0  0  0
  4  5  1  0  0  0
M  END
$$$$
O1C=CCN1
  -ISIS-

  5  5  0  0  0  0  0  0  0  0  1
    4.8370   -1.5045   -1.7627  C  0  0  0  0  0
    6.0174   -2.2381   -1.8207  O  0  0  0  0  0
    7.0017   -1.2571   -2.0723  N  0  0  0  0  0
    6.4450   -0.0105   -1.9463  C  0  0  0  0  0
    4.9849   -0.1768   -1.8668  C  0  0  0  0  0
  1  5  2  0  0  0
  1  2  1  0  0  0
  2  3  1  0  0  0
  3  4  1  0  0  0
  4  5  1  0  0  0
M  END
$$$$
O1C=CCN1
  -ISIS-

  5  5  0  0  0  0  0  0  0  0  1
    4.8370   -1.5045   -1.7627  C  0  0  0  0  0
    6.0174   -2.2381   -1.8207  O  0  0  0  0  0
    7.0017   -1.2571   -2.0723  N  0  0  0  0  0
    6.4450   -0.0105   -1.9463  C  0  0  0  0  0
    4.9849   -0.1768   -1.8668  C  0  0  0  0  0
  1  5  2  0  0  0
  1  2  1  0  0  0
  2  3  1  0  0  0
  3  4  1  0  0  0
  4  5  1  0  0  0
M  END
$$$$
O1C=CCN1
  -ISIS-

  5  5  0  0  0  0  0  0  0  0  1
    4.8370   -1.5045   -1.7627  C  0  0  0  0  0
    6.0174   -2.2381   -1.8207  O  0  0  0  0  0
    7.0017   -1.2571   -2.0723  N  0  0  0  0  0
    6.4450   -0.0105   -1.9463  C  0  0  0  0  0
    4.9849   -0.1768   -1.8668  C  0  0  0  0  0
  1  5  2  0  0  0
  1  2  1  0  0  0
  2  3  1  0  0  0
  3  4  1  0  0  0
  4  5  1  0  0  0
M  END
$$$$
O1C=CCN1
  -ISIS-

  5  5  0  0  0  0  0  0  0  0  1
   -1.6778   -2.1238   -4.5106  C  0  0  0  0  0
   -1.0676   -2.1969   -5.6962  C  0  0  0  0  0
    0.0440   -3.0295   -5.7432  O  0  0  0  0  0
    0.0779   -3.5859   -4.4427  N  0  0  0  0  0
   -0.8394   -2.9450   -3.6458  C  0  0  0  0  0
  1  5  1  0  0  0
  1  2  2  0  0  0
  2  3  1  0  0  0
  3  4  1  0  0  0
  4  5  1  0  0  0
M  END
$$$$
O1C=CCN1
  -ISIS-

  5  5  0  0  0  0  0  0  0  0  1
   -1.6778   -2.1238   -4.5106  C  0  0  0  0  0
   -1.0676   -2.1969   -5.6962  C  0  0  0  0  0
    0.0440   -3.0295   -5.7432  O  0  0  0  0  0
    0.0779   -3.5859   -4.4427  N  0  0  0  0  0
   -0.8394   -2.9450   -3.6458  C  0  0  0  0  0
  1  5  1  0  0  0
  1  2  2  0  0  0
  2  3  1  0  0  0
  3  4  1  0  0  0
  4  5  1  0  0  0
M  END
$$$$
O1C=CCN1
  -ISIS-

  5  5  0  0  0  0  0  0  0  0  1
   -1.6778   -2.1238   -4.5106  C  0  0  0  0  0
   -1.0676   -2.1969   -5.6962  C  0  0  0  0  0
    0.0440   -3.0295   -5.7432  O  0  0  0  0  0
    0.0779   -3.5859   -4.4427  N  0  0  0  0  0
   -0.8394   -2.9450   -3.6458  C  0  0  0  0  0
  1  5  1  0  0  0
  1  2  2  0  0  0
  2  3  1  0  0  0
  3  4  1  0  0  0
  4  5  1  0  0  0
M  END
$$$$
O1C=CCN1
  -ISIS-

  5  5  0  0  0  0  0  0  0  0  1
   -0.2339   -2.4387   -1.4954  C  0  0  0  0  0
    0.4814   -1.7786   -2.4607  N  0  0  0  0  0
    0.6299   -2.6082   -3.5971  O  0  0  0  0  0
   -0.2073   -3.6791   -3.3105  C  0  0  0  0  0
   -0.7792   -3.6520   -2.1057  C  0  0  0  0  0
  1  5  1  0  0  0
  1  2  1  0  0  0
  2  3  1  0  0  0
  3  4  1  0  0  0
  4  5  2  0  0  0
M  END
$$$$
O1C=CCN1
  -ISIS-

  5  5  0  0  0  0  0  0  0  0  1
   -0.2339   -2.4387   -1.4954  C  0  0  0  0  0
    0.4814   -1.7786   -2.4607  N  0  0  0  0  0
    0.6299   -2.6082   -3.5971  O  0  0  0  0  0
   -0.2073   -3.6791   -3.3105  C  0  0  0  0  0
   -0.7792   -3.6520   -2.1057  C  0  0  0  0  0
  1  5  1  0  0  0
  1  2  1  0  0  0
  2  3  1  0  0  0
  3  4  1  0  0  0
  4  5  2  0  0  0
M  END
$$$$
O1C=CCN1
  -ISIS-

  5  5  0  0  0  0  0  0  0  0  1
   -0.2339   -2.4387   -1.4954  C  0  0  0  0  0
    0.4814   -1.7786   -2.4607  N  0  0  0  0  0
    0.6299   -2.6082   -3.5971  O  0  0  0  0  0
   -0.2073   -3.6791   -3.3105  C  0  0  0  0  0
   -0.7792   -3.6520   -2.1057  C  0  0  0  0  0
  1  5  1  0  0  0
  1  2  1  0  0  0
  2  3  1  0  0  0
  3  4  1  0  0  0
  4  5  2  0  0  0
M  END
$$$$
O1C=CCN1
  -ISIS-

  5  5  0  0  0  0  0  0  0  0  1
    3.6871   -8.7449   -3.6002  C  0  0  0  0  0
    4.4304   -7.4709   -3.7949  C  0  0  0  0  0
    4.5466   -6.8555   -2.6199  C  0  0  0  0  0
    3.9621   -7.5463   -1.5648  O  0  0  0  0  0
    3.4156   -8.7087   -2.1571  N  0  0  0  0  0
  1  5  1  0  0  0
  1  2  1  0  0  0
  2  3  2  0  0  0
  3  4  1  0  0  0
  4  5  1  0  0  0
M  END
$$$$
O1C=CCN1
  -ISIS-

  5  5  0  0  0  0  0  0  0  0  1
    3.6871   -8.7449   -3.6002  C  0  0  0  0  0
    4.4304   -7.4709   -3.7949  C  0  0  0  0  0
    4.5466   -6.8555   -2.6199  C  0  0  0  0  0
    3.9621   -7.5463   -1.5648  O  0  0  0  0  0
    3.4156   -8.7087   -2.1571  N  0  0  0  0  0
  1  5  1  0  0  0
  1  2  1  0  0  0
  2  3  2  0  0  0
  3  4  1  0  0  0
  4  5  1  0  0  0
M  END
$$$$
O1C=CCN1
  -ISIS-

  5  5  0  0  0  0  0  0  0  0  1
    3.6871   -8.7449   -3.6002  C  0  0  0  0  0
    4.4304   -7.4709   -3.7949  C  0  0  0  0  0
    4.5466   -6.8555   -2.6199  C  0  0  0  0  0
    3.9621   -7.5463   -1.5648  O  0  0  0  0  0
    3.4156   -8.7087   -2.1571  N  0  0  0  0  0
  1  5  1  0  0  0
  1  2  1  0  0  0
  2  3  2  0  0  0
  3  4  1  0  0  0
  4  5  1  0  0  0
M  END
$$$$
O1C=CCN1
  -ISIS-

  5  5  0  0  0  0  0  0  0  0  1
    3.9063   -1.0524    2.5708  C  0  0  0  0  0
    4.6071   -0.3984    1.5672  O  0  0  0  0  0
    4.0555    0.9046    1.6031  N  0  0  0  0  0
    2.9625    0.9255    2.4312  C  0  0  0  0  0
    2.9357   -0.3456    3.1459  C  0  0  0  0  0
  1  5  2  0  0  0
  1  2  1  0  0  0
  2  3  1  0  0  0
  3  4  1  0  0  0
  4  5  1  0  0  0
M  END
$$$$
O1C=CCN1
  -ISIS-

  5  5  0  0  0  0  0  0  0  0  1
    3.9063   -1.0524    2.5708  C  0  0  0  0  0
    4.6071   -0.3984    1.5672  O  0  0  0  0  0
    4.0555    0.9046    1.6031  N  0  0  0  0  0
    2.9625    0.9255    2.4312  C  0  0  0  0  0
    2.9357   -0.3456    3.1459  C  0  0  0  0  0
  1  5  2  0  0  0
  1  2  1  0  0  0
  2  3  1  0  0  0
  3  4  1  0  0  0
  4  5  1  0  0  0
M  END
$$$$
O1C=CCN1
  -ISIS-

  5  5  0  0  0  0  0  0  0  0  1
   -0.8630    0.8431    0.4419  C  0  0  0  0  0
   -1.6047    0.4087   -0.5718  C  0  0  0  0  0
   -2.3476   -0.8013   -0.1706  C  0  0  0  0  0
   -1.6408   -1.1899    1.0873  N  0  0  0  0  0
   -0.9692    0.0286    1.5669  O  0  0  0  0  0
  1  5  1  0  0  0
  1  2  2  0  0  0
  2  3  1  0  0  0
  3  4  1  0  0  0
  4  5  1  0  0  0
M  END
$$$$
O1C=CCN1
  -ISIS-

  5  5  0  0  0  0  0  0  0  0  1
   -0.8630    0.8431    0.4419  C  0  0  0  0  0
   -1.6047    0.4087   -0.5718  C  0  0  0  0  0
   -2.3476   -0.8013   -0.1706  C  0  0  0  0  0
   -1.6408   -1.1899    1.0873  N  0  0  0  0  0
   -0.9692    0.0286    1.5669  O  0  0  0  0  0
  1  5  1  0  0  0
  1  2  2  0  0  0
  2  3  1  0  0  0
  3  4  1  0  0  0
  4  5  1  0  0  0
M  END
$$$$
O1C=CCN1
  -ISIS-

  5  5  0  0  0  0  0  0  0  0  1
   -0.8630    0.8431    0.4419  C  0  0  0  0  0
   -1.6047    0.4087   -0.5718  C  0  0  0  0  0
   -2.3476   -0.8013   -0.1706  C  0  0  0  0  0
   -1.6408   -1.1899    1.0873  N  0  0  0  0  0
   -0.9692    0.0286    1.5669  O  0  0  0  0  0
  1  5  1  0  0  0
  1  2  2  0  0  0
  2  3  1  0  0  0
  3  4  1  0  0  0
  4  5  1  0  0  0
M  END
$$$$
O1C=CCN1
  -ISIS-

  5  5  0  0  0  0  0  0  0  0  1
   -0.8630    0.8431    0.4419  C  0  0  0  0  0
   -1.6047    0.4087   -0.5718  C  0  0  0  0  0
   -2.3476   -0.8013   -0.1706  C  0  0  0  0  0
   -1.6408   -1.1899    1.0873  N  0  0  0  0  0
   -0.9692    0.0286    1.5669  O  0  0  0  0  0
  1  5  1  0  0  0
  1  2  2  0  0  0
  2  3  1  0  0  0
  3  4  1  0  0  0
  4  5  1  0  0  0
M  END
$$$$
O1C=CCN1
  -ISIS-

  5  5  0  0  0  0  0  0  0  0  1
    1.0217   -5.1813    5.1628  C  0  0  0  0  0
    0.7181   -4.0139    5.7212  C  0  0  0  0  0
   -0.2815   -4.0979    6.6824  O  0  0  0  0  0
   -0.6011   -5.5336    6.8272  N  0  0  0  0  0
    0.1787   -6.2384    5.7601  C  0  0  0  0  0
  1  5  1  0  0  0
  1  2  2  0  0  0
  2  3  1  0  0  0
  3  4  1  0  0  0
  4  5  1  0  0  0
M  END
$$$$
O1C=CCN1
  -ISIS-

  5  5  0  0  0  0  0  0  0  0  1
    1.0217   -5.1813    5.1628  C  0  0  0  0  0
    0.7181   -4.0139    5.7212  C  0  0  0  0  0
   -0.2815   -4.0979    6.6824  O  0  0  0  0  0
   -0.6011   -5.5336    6.8272  N  0  0  0  0  0
    0.1787   -6.2384    5.7601  C  0  0  0  0  0
  1  5  1  0  0  0
  1  2  2  0  0  0
  2  3  1  0  0  0
  3  4  1  0  0  0
  4  5  1  0  0  0
M  END
$$$$
O1C=CCN1
  -ISIS-

  5  5  0  0  0  0  0  0  0  0  1
    1.0217   -5.1813    5.1628  C  0  0  0  0  0
    0.7181   -4.0139    5.7212  C  0  0  0  0  0
   -0.2815   -4.0979    6.6824  O  0  0  0  0  0
   -0.6011   -5.5336    6.8272  N  0  0  0  0  0
    0.1787   -6.2384    5.7601  C  0  0  0  0  0
  1  5  1  0  0  0
  1  2  2  0  0  0
  2  3  1  0  0  0
  3  4  1  0  0  0
  4  5  1  0  0  0
M  END
$$$$
O1C=CCN1
  -ISIS-

  5  5  0  0  0  0  0  0  0  0  1
    1.0217   -5.1813    5.1628  C  0  0  0  0  0
    0.7181   -4.0139    5.7212  C  0  0  0  0  0
   -0.2815   -4.0979    6.6824  O  0  0  0  0  0
   -0.6011   -5.5336    6.8272  N  0  0  0  0  0
    0.1787   -6.2384    5.7601  C  0  0  0  0  0
  1  5  1  0  0  0
  1  2  2  0  0  0
  2  3  1  0  0  0
  3  4  1  0  0  0
  4  5  1  0  0  0
M  END
$$$$
O1C=CCN1
  -ISIS-

  5  5  0  0  0  0  0  0  0  0  1
   -3.6626    1.4912   -1.5712  C  0  0  0  0  0
   -4.2588    2.8595   -1.4623  C  0  0  0  0  0
   -3.7107    3.5614   -2.6557  N  0  0  0  0  0
   -3.2837    2.5049   -3.5830  O  0  0  0  0  0
   -3.1439    1.3695   -2.7935  C  0  0  0  0  0
  1  5  2  0  0  0
  1  2  1  0  0  0
  2  3  1  0  0  0
  3  4  1  0  0  0
  4  5  1  0  0  0
M  END
$$$$
O1C=CCN1
  -ISIS-

  5  5  0  0  0  0  0  0  0  0  1
   -3.6626    1.4912   -1.5712  C  0  0  0  0  0
   -4.2588    2.8595   -1.4623  C  0  0  0  0  0
   -3.7107    3.5614   -2.6557  N  0  0  0  0  0
   -3.2837    2.5049   -3.5830  O  0  0  0  0  0
   -3.1439    1.3695   -2.7935  C  0  0  0  0  0
  1  5  2  0  0  0
  1  2  1  0  0  0
  2  3  1  0  0  0
  3  4  1  0  0  0
  4  5  1  0  0  0
M  END
$$$$
O1C=CCN1
  -ISIS-

  5  5  0  0  0  0  0  0  0  0  1
   -3.6626    1.4912   -1.5712  C  0  0  0  0  0
   -4.2588    2.8595   -1.4623  C  0  0  0  0  0
   -3.7107    3.5614   -2.6557  N  0  0  0  0  0
   -3.2837    2.5049   -3.5830  O  0  0  0  0  0
   -3.1439    1.3695   -2.7935  C  0  0  0  0  0
  1  5  2  0  0  0
  1  2  1  0  0  0
  2  3  1  0  0  0
  3  4  1  0  0  0
  4  5  1  0  0  0
M  END
$$$$
O1C=CCN1
  -ISIS-

  5  5  0  0  0  0  0  0  0  0  1
   -3.6626    1.4912   -1.5712  C  0  0  0  0  0
   -4.2588    2.8595   -1.4623  C  0  0  0  0  0
   -3.7107    3.5614   -2.6557  N  0  0  0  0  0
   -3.2837    2.5049   -3.5830  O  0  0  0  0  0
   -3.1439    1.3695   -2.7935  C  0  0  0  0  0
  1  5  2  0  0  0
  1  2  1  0  0  0
  2  3  1  0  0  0
  3  4  1  0  0  0
  4  5  1  0  0  0
M  END
$$$$
O1C=CCN1
  -ISIS-

  5  5  0  0  0  0  0  0  0  0  1
   -0.0681   -4.2543   -0.7964  C  0  0  0  0  0
   -1.3099   -5.0738   -0.7176  C  0  0  0  0  0
   -2.0596   -4.4240    0.3917  N  0  0  0  0  0
   -1.5200   -3.0630    0.4910  O  0  0  0  0  0
   -0.2447   -3.1500   -0.0710  C  0  0  0  0  0
  1  5  2  0  0  0
  1  2  1  0  0  0
  2  3  1  0  0  0
  3  4  1  0  0  0
  4  5  1  0  0  0
M  END
$$$$
O1C=CCN1
  -ISIS-

  5  5  0  0  0  0  0  0  0  0  1
   -0.0681   -4.2543   -0.7964  C  0  0  0  0  0
   -1.3099   -5.0738   -0.7176  C  0  0  0  0  0
   -2.0596   -4.4240    0.3917  N  0  0  0  0  0
   -1.5200   -3.0630    0.4910  O  0  0  0  0  0
   -0.2447   -3.1500   -0.0710  C  0  0  0  0  0
  1  5  2  0  0  0
  1  2  1  0  0  0
  2  3  1  0  0  0
  3  4  1  0  0  0
  4  5  1  0  0  0
M  END
$$$$
O1C=CCN1
  -ISIS-

  5  5  0  0  0  0  0  0  0  0  1
   -0.0681   -4.2543   -0.7964  C  0  0  0  0  0
   -1.3099   -5.0738   -0.7176  C  0  0  0  0  0
   -2.0596   -4.4240    0.3917  N  0  0  0  0  0
   -1.5200   -3.0630    0.4910  O  0  0  0  0  0
   -0.2447   -3.1500   -0.0710  C  0  0  0  0  0
  1  5  2  0  0  0
  1  2  1  0  0  0
  2  3  1  0  0  0
  3  4  1  0  0  0
  4  5  1  0  0  0
M  END
$$$$
O1C=CCN1
  -ISIS-

  5  5  0  0  0  0  0  0  0  0  1
   -0.0681   -4.2543   -0.7964  C  0  0  0  0  0
   -1.3099   -5.0738   -0.7176  C  0  0  0  0  0
   -2.0596   -4.4240    0.3917  N  0  0  0  0  0
   -1.5200   -3.0630    0.4910  O  0  0  0  0  0
   -0.2447   -3.1500   -0.0710  C  0  0  0  0  0
  1  5  2  0  0  0
  1  2  1  0  0  0
  2  3  1  0  0  0
  3  4  1  0  0  0
  4  5  1  0  0  0
M  END
$$$$
O1C=CCN1
  -ISIS-

  5  5  0  0  0  0  0  0  0  0  1
    1.5903   -3.9797    7.3954  C  0  0  0  0  0
    2.3009   -3.3921    6.2242  C  0  0  0  0  0
    1.1819   -2.9865    5.3251  N  0  0  0  0  0
    0.0044   -2.8611    6.1946  O  0  0  0  0  0
    0.3095   -3.6182    7.3235  C  0  0  0  0  0
  1  5  2  0  0  0
  1  2  1  0  0  0
  2  3  1  0  0  0
  3  4  1  0  0  0
  4  5  1  0  0  0
M  END
$$$$
O1C=CCN1
  -ISIS-

  5  5  0  0  0  0  0  0  0  0  1
    1.5903   -3.9797    7.3954  C  0  0  0  0  0
    2.3009   -3.3921    6.2242  C  0  0  0  0  0
    1.1819   -2.9865    5.3251  N  0  0  0  0  0
    0.0044   -2.8611    6.1946  O  0  0  0  0  0
    0.3095   -3.6182    7.3235  C  0  0  0  0  0
  1  5  2  0  0  0
  1  2  1  0  0  0
  2  3  1  0  0  0
  3  4  1  0  0  0
  4  5  1  0  0  0
M  END
$$$$
O1C=CCN1
  -ISIS-

  5  5  0  0  0  0  0  0  0  0  1
    1.5903   -3.9797    7.3954  C  0  0  0  0  0
    2.3009   -3.3921    6.2242  C  0  0  0  0  0
    1.1819   -2.9865    5.3251  N  0  0  0  0  0
    0.0044   -2.8611    6.1946  O  0  0  0  0  0
    0.3095   -3.6182    7.3235  C  0  0  0  0  0
  1  5  2  0  0  0
  1  2  1  0  0  0
  2  3  1  0  0  0
  3  4  1  0  0  0
  4  5  1  0  0  0
M  END
$$$$
O1C=CCN1
  -ISIS-

  5  5  0  0  0  0  0  0  0  0  1
    1.5903   -3.9797    7.3954  C  0  0  0  0  0
    2.3009   -3.3921    6.2242  C  0  0  0  0  0
    1.1819   -2.9865    5.3251  N  0  0  0  0  0
    0.0044   -2.8611    6.1946  O  0  0  0  0  0
    0.3095   -3.6182    7.3235  C  0  0  0  0  0
  1  5  2  0  0  0
  1  2  1  0  0  0
  2  3  1  0  0  0
  3  4  1  0  0  0
  4  5  1  0  0  0
M  END
$$$$
