O1C=CSCC1
  -ISIS-

  6  6  0  0  0  0  0  0  0  0  1
   -1.7095    3.4825    1.6362  C  0  0  0  0  0
   -1.4108    4.5654    0.2916  S  0  0  0  0  0
   -2.6254    5.8566    0.6510  C  0  0  0  0  0
   -3.9132    5.1953    1.0926  C  0  0  0  0  0
   -3.7622    4.5737    2.3685  O  0  0  0  0  0
   -2.7632    3.6176    2.4783  C  0  0  0  0  0
  1  6  2  0  0  0
  1  2  1  0  0  0
  2  3  1  0  0  0
  3  4  1  0  0  0
  4  5  1  0  0  0
  5  6  1  0  0  0
M  END
$$$$
O1C=CSCC1
  -ISIS-

  6  6  0  0  0  0  0  0  0  0  1
   -1.7095    3.4825    1.6362  C  0  0  0  0  0
   -1.4108    4.5654    0.2916  S  0  0  0  0  0
   -2.6254    5.8566    0.6510  C  0  0  0  0  0
   -3.9132    5.1953    1.0926  C  0  0  0  0  0
   -3.7622    4.5737    2.3685  O  0  0  0  0  0
   -2.7632    3.6176    2.4783  C  0  0  0  0  0
  1  6  2  0  0  0
  1  2  1  0  0  0
  2  3  1  0  0  0
  3  4  1  0  0  0
  4  5  1  0  0  0
  5  6  1  0  0  0
M  END
$$$$
O1C=CSCC1
  -ISIS-

  6  6  0  0  0  0  0  0  0  0  1
    1.0813    2.5222   -0.3064  C  0  0  0  0  0
    1.2104    3.7348    0.9515  S  0  0  0  0  0
    3.0021    3.9826    0.9670  C  0  0  0  0  0
    3.6747    2.6314    0.8555  C  0  0  0  0  0
    3.4707    2.0588   -0.4358  O  0  0  0  0  0
    2.1544    1.8868   -0.8380  C  0  0  0  0  0
  1  6  2  0  0  0
  1  2  1  0  0  0
  2  3  1  0  0  0
  3  4  1  0  0  0
  4  5  1  0  0  0
  5  6  1  0  0  0
M  END
$$$$
O1C=CSCC1
  -ISIS-

  6  6  0  0  0  0  0  0  0  0  1
    1.0813    2.5222   -0.3064  C  0  0  0  0  0
    1.2104    3.7348    0.9515  S  0  0  0  0  0
    3.0021    3.9826    0.9670  C  0  0  0  0  0
    3.6747    2.6314    0.8555  C  0  0  0  0  0
    3.4707    2.0588   -0.4358  O  0  0  0  0  0
    2.1544    1.8868   -0.8380  C  0  0  0  0  0
  1  6  2  0  0  0
  1  2  1  0  0  0
  2  3  1  0  0  0
  3  4  1  0  0  0
  4  5  1  0  0  0
  5  6  1  0  0  0
M  END
$$$$
O1C=CSCC1
  -ISIS-

  6  6  0  0  0  0  0  0  0  0  1
    3.3973    3.5914   -0.0790  C  0  0  0  0  0
    2.1062    2.8196   -0.9774  S  0  0  0  0  0
    3.0715    1.9772   -2.2544  C  0  0  0  0  0
    4.2958    1.3673   -1.6062  C  0  0  0  0  0
    5.2061    2.3773   -1.1721  O  0  0  0  0  0
    4.7097    3.3205   -0.2845  C  0  0  0  0  0
  1  6  2  0  0  0
  1  2  1  0  0  0
  2  3  1  0  0  0
  3  4  1  0  0  0
  4  5  1  0  0  0
  5  6  1  0  0  0
M  END
$$$$
O1C=CSCC1
  -ISIS-

  6  6  0  0  0  0  0  0  0  0  1
    3.3973    3.5914   -0.0790  C  0  0  0  0  0
    2.1062    2.8196   -0.9774  S  0  0  0  0  0
    3.0715    1.9772   -2.2544  C  0  0  0  0  0
    4.2958    1.3673   -1.6062  C  0  0  0  0  0
    5.2061    2.3773   -1.1721  O  0  0  0  0  0
    4.7097    3.3205   -0.2845  C  0  0  0  0  0
  1  6  2  0  0  0
  1  2  1  0  0  0
  2  3  1  0  0  0
  3  4  1  0  0  0
  4  5  1  0  0  0
  5  6  1  0  0  0
M  END
$$$$
O1C=CSCC1
  -ISIS-

  6  6  0  0  0  0  0  0  0  0  1
   -0.2221   -4.5936   -1.1057  C  0  0  0  0  0
   -0.6031   -2.8854   -1.0289  S  0  0  0  0  0
   -2.3652   -2.9744   -0.6297  C  0  0  0  0  0
   -2.5688   -4.0572    0.4081  C  0  0  0  0  0
   -2.3289   -5.3517   -0.1432  O  0  0  0  0  0
   -1.0795   -5.5647   -0.7064  C  0  0  0  0  0
  1  6  2  0  0  0
  1  2  1  0  0  0
  2  3  1  0  0  0
  3  4  1  0  0  0
  4  5  1  0  0  0
  5  6  1  0  0  0
M  END
$$$$
O1C=CSCC1
  -ISIS-

  6  6  0  0  0  0  0  0  0  0  1
   -0.2221   -4.5936   -1.1057  C  0  0  0  0  0
   -0.6031   -2.8854   -1.0289  S  0  0  0  0  0
   -2.3652   -2.9744   -0.6297  C  0  0  0  0  0
   -2.5688   -4.0572    0.4081  C  0  0  0  0  0
   -2.3289   -5.3517   -0.1432  O  0  0  0  0  0
   -1.0795   -5.5647   -0.7064  C  0  0  0  0  0
  1  6  2  0  0  0
  1  2  1  0  0  0
  2  3  1  0  0  0
  3  4  1  0  0  0
  4  5  1  0  0  0
  5  6  1  0  0  0
M  END
$$$$
O1C=CSCC1
  -ISIS-

  6  6  0  0  0  0  0  0  0  0  1
    3.8610   -1.2534   -0.8600  C  0  0  0  0  0
    4.9216   -0.4020   -0.6215  O  0  0  0  0  0
    6.2101   -0.8802   -1.0204  C  0  0  0  0  0
    6.5296   -2.2377   -0.4213  C  0  0  0  0  0
    5.4239   -3.4718   -1.1587  S  0  0  0  0  0
    3.9481   -2.5718   -1.1181  C  0  0  0  0  0
  1  6  2  0  0  0
  1  2  1  0  0  0
  2  3  1  0  0  0
  3  4  1  0  0  0
  4  5  1  0  0  0
  5  6  1  0  0  0
M  END
$$$$
O1C=CSCC1
  -ISIS-

  6  6  0  0  0  0  0  0  0  0  1
   -5.4747   -3.4946    5.9497  C  0  0  0  0  0
   -5.9325   -4.3804    7.0762  C  0  0  0  0  0
   -6.3144   -6.0538    6.5193  S  0  0  0  0  0
   -7.3354   -5.6428    5.1943  C  0  0  0  0  0
   -7.2116   -4.4837    4.5288  C  0  0  0  0  0
   -6.2165   -3.5147    4.8051  O  0  0  0  0  0
  1  6  1  0  0  0
  1  2  1  0  0  0
  2  3  1  0  0  0
  3  4  1  0  0  0
  4  5  2  0  0  0
  5  6  1  0  0  0
M  END
$$$$
O1C=CSCC1
  -ISIS-

  6  6  0  0  0  0  0  0  0  0  1
   -5.4747   -3.4946    5.9497  C  0  0  0  0  0
   -5.9325   -4.3804    7.0762  C  0  0  0  0  0
   -6.3144   -6.0538    6.5193  S  0  0  0  0  0
   -7.3354   -5.6428    5.1943  C  0  0  0  0  0
   -7.2116   -4.4837    4.5288  C  0  0  0  0  0
   -6.2165   -3.5147    4.8051  O  0  0  0  0  0
  1  6  1  0  0  0
  1  2  1  0  0  0
  2  3  1  0  0  0
  3  4  1  0  0  0
  4  5  2  0  0  0
  5  6  1  0  0  0
M  END
$$$$
O1C=CSCC1
  -ISIS-

  6  6  0  0  0  0  0  0  0  0  1
   -3.1240    3.9452    2.6459  C  0  0  0  0  0
   -1.8018    4.0403    3.0182  O  0  0  0  0  0
   -1.0945    2.8963    3.4976  C  0  0  0  0  0
   -1.8610    2.1400    4.5819  C  0  0  0  0  0
   -3.3247    1.5249    3.7728  S  0  0  0  0  0
   -3.9144    2.8956    2.9176  C  0  0  0  0  0
  1  6  2  0  0  0
  1  2  1  0  0  0
  2  3  1  0  0  0
  3  4  1  0  0  0
  4  5  1  0  0  0
  5  6  1  0  0  0
M  END
$$$$
O1C=CSCC1
  -ISIS-

  6  6  0  0  0  0  0  0  0  0  1
   -3.1240    3.9452    2.6459  C  0  0  0  0  0
   -1.8018    4.0403    3.0182  O  0  0  0  0  0
   -1.0945    2.8963    3.4976  C  0  0  0  0  0
   -1.8610    2.1400    4.5819  C  0  0  0  0  0
   -3.3247    1.5249    3.7728  S  0  0  0  0  0
   -3.9144    2.8956    2.9176  C  0  0  0  0  0
  1  6  2  0  0  0
  1  2  1  0  0  0
  2  3  1  0  0  0
  3  4  1  0  0  0
  4  5  1  0  0  0
  5  6  1  0  0  0
M  END
$$$$
O1C=CSCC1
  -ISIS-

  6  6  0  0  0  0  0  0  0  0  1
   -3.1240    3.9452    2.6459  C  0  0  0  0  0
   -1.8018    4.0403    3.0182  O  0  0  0  0  0
   -1.0945    2.8963    3.4976  C  0  0  0  0  0
   -1.8610    2.1400    4.5819  C  0  0  0  0  0
   -3.3247    1.5249    3.7728  S  0  0  0  0  0
   -3.9144    2.8956    2.9176  C  0  0  0  0  0
  1  6  2  0  0  0
  1  2  1  0  0  0
  2  3  1  0  0  0
  3  4  1  0  0  0
  4  5  1  0  0  0
  5  6  1  0  0  0
M  END
$$$$
O1C=CSCC1
  -ISIS-

  6  6  0  0  0  0  0  0  0  0  1
   -3.1240    3.9452    2.6459  C  0  0  0  0  0
   -1.8018    4.0403    3.0182  O  0  0  0  0  0
   -1.0945    2.8963    3.4976  C  0  0  0  0  0
   -1.8610    2.1400    4.5819  C  0  0  0  0  0
   -3.3247    1.5249    3.7728  S  0  0  0  0  0
   -3.9144    2.8956    2.9176  C  0  0  0  0  0
  1  6  2  0  0  0
  1  2  1  0  0  0
  2  3  1  0  0  0
  3  4  1  0  0  0
  4  5  1  0  0  0
  5  6  1  0  0  0
M  END
$$$$
O1C=CSCC1
  -ISIS-

  6  6  0  0  0  0  0  0  0  0  1
    3.5773   -5.1705    3.9529  C  0  0  0  0  0
    1.9369   -4.9399    3.4922  S  0  0  0  0  0
    1.8399   -5.8526    1.9832  C  0  0  0  0  0
    3.0453   -5.4861    1.1634  C  0  0  0  0  0
    4.2374   -5.9926    1.7628  O  0  0  0  0  0
    4.4793   -5.6832    3.0883  C  0  0  0  0  0
  1  6  2  0  0  0
  1  2  1  0  0  0
  2  3  1  0  0  0
  3  4  1  0  0  0
  4  5  1  0  0  0
  5  6  1  0  0  0
M  END
$$$$
O1C=CSCC1
  -ISIS-

  6  6  0  0  0  0  0  0  0  0  1
    3.5773   -5.1705    3.9529  C  0  0  0  0  0
    1.9369   -4.9399    3.4922  S  0  0  0  0  0
    1.8399   -5.8526    1.9832  C  0  0  0  0  0
    3.0453   -5.4861    1.1634  C  0  0  0  0  0
    4.2374   -5.9926    1.7628  O  0  0  0  0  0
    4.4793   -5.6832    3.0883  C  0  0  0  0  0
  1  6  2  0  0  0
  1  2  1  0  0  0
  2  3  1  0  0  0
  3  4  1  0  0  0
  4  5  1  0  0  0
  5  6  1  0  0  0
M  END
$$$$
O1C=CSCC1
  -ISIS-

  6  6  0  0  0  0  0  0  0  0  1
    3.5773   -5.1705    3.9529  C  0  0  0  0  0
    1.9369   -4.9399    3.4922  S  0  0  0  0  0
    1.8399   -5.8526    1.9832  C  0  0  0  0  0
    3.0453   -5.4861    1.1634  C  0  0  0  0  0
    4.2374   -5.9926    1.7628  O  0  0  0  0  0
    4.4793   -5.6832    3.0883  C  0  0  0  0  0
  1  6  2  0  0  0
  1  2  1  0  0  0
  2  3  1  0  0  0
  3  4  1  0  0  0
  4  5  1  0  0  0
  5  6  1  0  0  0
M  END
$$$$
O1C=CSCC1
  -ISIS-

  6  6  0  0  0  0  0  0  0  0  1
    1.1811    4.0299    3.9649  C  0  0  0  0  0
    2.0001    4.2849    2.4368  S  0  0  0  0  0
    2.9078    5.7974    2.8356  C  0  0  0  0  0
    1.9512    6.7470    3.5243  C  0  0  0  0  0
    1.5840    6.2785    4.8211  O  0  0  0  0  0
    1.0795    4.9903    4.9169  C  0  0  0  0  0
  1  6  2  0  0  0
  1  2  1  0  0  0
  2  3  1  0  0  0
  3  4  1  0  0  0
  4  5  1  0  0  0
  5  6  1  0  0  0
M  END
$$$$
O1C=CSCC1
  -ISIS-

  6  6  0  0  0  0  0  0  0  0  1
    1.1811    4.0299    3.9649  C  0  0  0  0  0
    2.0001    4.2849    2.4368  S  0  0  0  0  0
    2.9078    5.7974    2.8356  C  0  0  0  0  0
    1.9512    6.7470    3.5243  C  0  0  0  0  0
    1.5840    6.2785    4.8211  O  0  0  0  0  0
    1.0795    4.9903    4.9169  C  0  0  0  0  0
  1  6  2  0  0  0
  1  2  1  0  0  0
  2  3  1  0  0  0
  3  4  1  0  0  0
  4  5  1  0  0  0
  5  6  1  0  0  0
M  END
$$$$
O1C=CSCC1
  -ISIS-

  6  6  0  0  0  0  0  0  0  0  1
    3.0354    1.2921    1.8170  C  0  0  0  0  0
    2.0284    2.0197    1.2743  C  0  0  0  0  0
    2.2827    3.2359    0.0382  S  0  0  0  0  0
    4.0160    2.9150   -0.3690  C  0  0  0  0  0
    4.7745    2.6717    0.9178  C  0  0  0  0  0
    4.3824    1.4392    1.5213  O  0  0  0  0  0
  1  6  1  0  0  0
  1  2  2  0  0  0
  2  3  1  0  0  0
  3  4  1  0  0  0
  4  5  1  0  0  0
  5  6  1  0  0  0
M  END
$$$$
O1C=CSCC1
  -ISIS-

  6  6  0  0  0  0  0  0  0  0  1
    3.0354    1.2921    1.8170  C  0  0  0  0  0
    2.0284    2.0197    1.2743  C  0  0  0  0  0
    2.2827    3.2359    0.0382  S  0  0  0  0  0
    4.0160    2.9150   -0.3690  C  0  0  0  0  0
    4.7745    2.6717    0.9178  C  0  0  0  0  0
    4.3824    1.4392    1.5213  O  0  0  0  0  0
  1  6  1  0  0  0
  1  2  2  0  0  0
  2  3  1  0  0  0
  3  4  1  0  0  0
  4  5  1  0  0  0
  5  6  1  0  0  0
M  END
$$$$
O1C=CSCC1
  -ISIS-

  6  6  0  0  0  0  0  0  0  0  1
   -1.5025   -5.3843    1.3223  C  0  0  0  0  0
   -0.2369   -5.6103    1.7389  C  0  0  0  0  0
    0.2116   -6.7471    2.9737  S  0  0  0  0  0
   -1.3437   -7.6700    3.0689  C  0  0  0  0  0
   -2.4866   -6.6722    3.0973  C  0  0  0  0  0
   -2.6357   -5.9795    1.8548  O  0  0  0  0  0
  1  6  1  0  0  0
  1  2  2  0  0  0
  2  3  1  0  0  0
  3  4  1  0  0  0
  4  5  1  0  0  0
  5  6  1  0  0  0
M  END
$$$$
O1C=CSCC1
  -ISIS-

  6  6  0  0  0  0  0  0  0  0  1
   -1.5025   -5.3843    1.3223  C  0  0  0  0  0
   -0.2369   -5.6103    1.7389  C  0  0  0  0  0
    0.2116   -6.7471    2.9737  S  0  0  0  0  0
   -1.3437   -7.6700    3.0689  C  0  0  0  0  0
   -2.4866   -6.6722    3.0973  C  0  0  0  0  0
   -2.6357   -5.9795    1.8548  O  0  0  0  0  0
  1  6  1  0  0  0
  1  2  2  0  0  0
  2  3  1  0  0  0
  3  4  1  0  0  0
  4  5  1  0  0  0
  5  6  1  0  0  0
M  END
$$$$
O1C=CSCC1
  -ISIS-

  6  6  0  0  0  0  0  0  0  0  1
   -2.4761    4.6038   -4.5683  C  0  0  0  0  0
   -2.6164    3.8508   -3.4542  C  0  0  0  0  0
   -2.1727    2.1733   -3.3324  S  0  0  0  0  0
   -1.3536    1.9577   -4.9330  C  0  0  0  0  0
   -2.1319    2.7150   -5.9907  C  0  0  0  0  0
   -2.0393    4.1287   -5.7957  O  0  0  0  0  0
  1  6  1  0  0  0
  1  2  2  0  0  0
  2  3  1  0  0  0
  3  4  1  0  0  0
  4  5  1  0  0  0
  5  6  1  0  0  0
M  END
$$$$
O1C=CSCC1
  -ISIS-

  6  6  0  0  0  0  0  0  0  0  1
   -2.4761    4.6038   -4.5683  C  0  0  0  0  0
   -2.6164    3.8508   -3.4542  C  0  0  0  0  0
   -2.1727    2.1733   -3.3324  S  0  0  0  0  0
   -1.3536    1.9577   -4.9330  C  0  0  0  0  0
   -2.1319    2.7150   -5.9907  C  0  0  0  0  0
   -2.0393    4.1287   -5.7957  O  0  0  0  0  0
  1  6  1  0  0  0
  1  2  2  0  0  0
  2  3  1  0  0  0
  3  4  1  0  0  0
  4  5  1  0  0  0
  5  6  1  0  0  0
M  END
$$$$
