O1C=COC2C1CCCC2
  -ISIS-

 10 11  0  0  0  0  0  0  0  0  1
    0.9372   -5.2054    0.2732  C  0  0  0  0  0
    0.9419   -5.8450   -0.9083  C  0  0  0  0  0
    1.8002   -5.5858   -1.9506  O  0  0  0  0  0
    2.8800   -4.7310   -1.5372  C  0  0  0  0  0
    2.3543   -3.5971   -0.6476  C  0  0  0  0  0
    1.7786   -4.1394    0.5531  O  0  0  0  0  0
    3.4782   -2.6370   -0.2630  C  0  0  0  0  0
    4.1867   -2.0854   -1.4969  C  0  0  0  0  0
    4.6868   -3.2021   -2.4114  C  0  0  0  0  0
    3.5714   -4.1759   -2.7810  C  0  0  0  0  0
  1  6  1  0  0  0
  1  2  2  0  0  0
  2  3  1  0  0  0
  3  4  1  0  0  0
  4 10  1  0  0  0
  4  5  1  0  0  0
  5  6  1  0  0  0
  5  7  1  0  0  0
  7  8  1  0  0  0
  8  9  1  0  0  0
  9 10  1  0  0  0
M  END
$$$$
