O1C=CC2C1OCC2
  -ISIS-

  8  9  0  0  0  0  0  0  0  0  1
    0.0829   -0.7495    3.6764  C  0  0  0  0  0
    0.3320   -1.2366    2.3893  O  0  0  0  0  0
   -0.9571   -1.2497    1.7520  C  0  0  0  0  0
   -0.9145   -0.6354    0.4578  O  0  0  0  0  0
   -1.9323    0.3676    0.4119  C  0  0  0  0  0
   -2.1322    0.8319    1.8356  C  0  0  0  0  0
   -1.9245   -0.4450    2.6206  C  0  0  0  0  0
   -1.1547   -0.2881    3.8738  C  0  0  0  0  0
  1  8  2  0  0  0
  1  2  1  0  0  0
  2  3  1  0  0  0
  3  7  1  0  0  0
  3  4  1  0  0  0
  4  5  1  0  0  0
  5  6  1  0  0  0
  6  7  1  0  0  0
  7  8  1  0  0  0
M  END
$$$$
