O1CCCCCOCCCCCCCCCC1
  -ISIS-

 17 17  0  0  0  0  0  0  0  0  1
    1.7138    0.6428   -3.9230  C  0  0  0  0  0
    1.1405   -0.6504   -4.4432  C  0  0  0  0  0
   -0.3849   -0.6208   -4.3828  C  0  0  0  0  0
   -0.9924   -1.8188   -5.1126  C  0  0  0  0  0
   -2.5211   -1.9063   -5.0205  C  0  0  0  0  0
   -3.2551   -0.6882   -5.5957  C  0  0  0  0  0
   -3.7936    0.2356   -4.4968  C  0  0  0  0  0
   -4.3197    1.5688   -5.0396  C  0  0  0  0  0
   -3.1844    2.5388   -5.3630  C  0  0  0  0  0
   -3.6924    3.8908   -5.8628  C  0  0  0  0  0
   -2.6110    4.8184   -5.9600  O  0  0  0  0  0
   -1.8304    4.6753   -7.1452  C  0  0  0  0  0
   -0.3538    4.8767   -6.8050  C  0  0  0  0  0
    0.1342    3.8276   -5.8020  C  0  0  0  0  0
    1.6449    3.8990   -5.5662  C  0  0  0  0  0
    2.0907    2.9015   -4.4961  C  0  0  0  0  0
    1.7027    1.5832   -4.9065  O  0  0  0  0  0
  1 17  1  0  0  0
  1  2  1  0  0  0
  2  3  1  0  0  0
  3  4  1  0  0  0
  4  5  1  0  0  0
  5  6  1  0  0  0
  6  7  1  0  0  0
  7  8  1  0  0  0
  8  9  1  0  0  0
  9 10  1  0  0  0
 10 11  1  0  0  0
 11 12  1  0  0  0
 12 13  1  0  0  0
 13 14  1  0  0  0
 14 15  1  0  0  0
 15 16  1  0  0  0
 16 17  1  0  0  0
M  END
$$$$
O1CCCCCOCCCCCCCCCC1
  -ISIS-

 17 17  0  0  0  0  0  0  0  0  1
    2.0655    5.8065   -3.5942  C  0  0  0  0  0
    1.7058    6.0506   -2.1491  C  0  0  0  0  0
    0.3072    6.6568   -2.0698  C  0  0  0  0  0
   -0.1066    6.9975   -0.6372  C  0  0  0  0  0
   -1.4943    7.6501   -0.5814  C  0  0  0  0  0
   -2.6322    6.6489   -0.8053  C  0  0  0  0  0
   -4.0102    7.3057   -0.9466  C  0  0  0  0  0
   -4.1844    8.2431   -2.1496  C  0  0  0  0  0
   -3.8151    7.5999   -3.4866  C  0  0  0  0  0
   -4.1040    8.5266   -4.6682  C  0  0  0  0  0
   -3.7485    7.9249   -5.9160  O  0  0  0  0  0
   -2.3390    7.8323   -6.1297  C  0  0  0  0  0
   -1.9339    6.3604   -6.1792  C  0  0  0  0  0
   -0.4246    6.1920   -6.0166  C  0  0  0  0  0
   -0.0113    4.7162   -6.0310  C  0  0  0  0  0
    1.4024    4.5060   -5.4873  C  0  0  0  0  0
    1.3787    4.7318   -4.0667  O  0  0  0  0  0
  1 17  1  0  0  0
  1  2  1  0  0  0
  2  3  1  0  0  0
  3  4  1  0  0  0
  4  5  1  0  0  0
  5  6  1  0  0  0
  6  7  1  0  0  0
  7  8  1  0  0  0
  8  9  1  0  0  0
  9 10  1  0  0  0
 10 11  1  0  0  0
 11 12  1  0  0  0
 12 13  1  0  0  0
 13 14  1  0  0  0
 14 15  1  0  0  0
 15 16  1  0  0  0
 16 17  1  0  0  0
M  END
$$$$
