O1CCCCCCC1
  -ISIS-

  8  8  0  0  0  0  0  0  0  0  1
    9.1468   -9.5309   -3.9270  C  0  0  0  0  0
    8.5481   -9.6565   -5.3241  C  0  0  0  0  0
    8.6164   -8.3807   -5.9613  O  0  0  0  0  0
    9.1761   -8.4302   -7.2650  C  0  0  0  0  0
   10.6046   -7.8835   -7.2309  C  0  0  0  0  0
   11.5601   -8.6929   -6.3242  C  0  0  0  0  0
   11.3917   -8.4584   -4.7916  C  0  0  0  0  0
   10.6926   -9.5429   -3.9300  C  0  0  0  0  0
  1  8  1  0  0  0
  1  2  1  0  0  0
  2  3  1  0  0  0
  3  4  1  0  0  0
  4  5  1  0  0  0
  5  6  1  0  0  0
  6  7  1  0  0  0
  7  8  1  0  0  0
M  END
$$$$
O1CCCCCCC1
  -ISIS-

  8  8  0  0  0  0  0  0  0  0  1
    9.1468   -9.5309   -3.9270  C  0  0  0  0  0
    8.5481   -9.6565   -5.3241  C  0  0  0  0  0
    8.6164   -8.3807   -5.9613  O  0  0  0  0  0
    9.1761   -8.4302   -7.2650  C  0  0  0  0  0
   10.6046   -7.8835   -7.2309  C  0  0  0  0  0
   11.5601   -8.6929   -6.3242  C  0  0  0  0  0
   11.3917   -8.4584   -4.7916  C  0  0  0  0  0
   10.6926   -9.5429   -3.9300  C  0  0  0  0  0
  1  8  1  0  0  0
  1  2  1  0  0  0
  2  3  1  0  0  0
  3  4  1  0  0  0
  4  5  1  0  0  0
  5  6  1  0  0  0
  6  7  1  0  0  0
  7  8  1  0  0  0
M  END
$$$$
O1CCCCCCC1
  -ISIS-

  8  8  0  0  0  0  0  0  0  0  1
    9.1468   -9.5309   -3.9270  C  0  0  0  0  0
    8.5481   -9.6565   -5.3241  C  0  0  0  0  0
    8.6164   -8.3807   -5.9613  O  0  0  0  0  0
    9.1761   -8.4302   -7.2650  C  0  0  0  0  0
   10.6046   -7.8835   -7.2309  C  0  0  0  0  0
   11.5601   -8.6929   -6.3242  C  0  0  0  0  0
   11.3917   -8.4584   -4.7916  C  0  0  0  0  0
   10.6926   -9.5429   -3.9300  C  0  0  0  0  0
  1  8  1  0  0  0
  1  2  1  0  0  0
  2  3  1  0  0  0
  3  4  1  0  0  0
  4  5  1  0  0  0
  5  6  1  0  0  0
  6  7  1  0  0  0
  7  8  1  0  0  0
M  END
$$$$
O1CCCCCCC1
  -ISIS-

  8  8  0  0  0  0  0  0  0  0  1
    9.1468   -9.5309   -3.9270  C  0  0  0  0  0
    8.5481   -9.6565   -5.3241  C  0  0  0  0  0
    8.6164   -8.3807   -5.9613  O  0  0  0  0  0
    9.1761   -8.4302   -7.2650  C  0  0  0  0  0
   10.6046   -7.8835   -7.2309  C  0  0  0  0  0
   11.5601   -8.6929   -6.3242  C  0  0  0  0  0
   11.3917   -8.4584   -4.7916  C  0  0  0  0  0
   10.6926   -9.5429   -3.9300  C  0  0  0  0  0
  1  8  1  0  0  0
  1  2  1  0  0  0
  2  3  1  0  0  0
  3  4  1  0  0  0
  4  5  1  0  0  0
  5  6  1  0  0  0
  6  7  1  0  0  0
  7  8  1  0  0  0
M  END
$$$$
O1CCCCCCC1
  -ISIS-

  8  8  0  0  0  0  0  0  0  0  1
    9.1468   -9.5309   -3.9270  C  0  0  0  0  0
    8.5481   -9.6565   -5.3241  C  0  0  0  0  0
    8.6164   -8.3807   -5.9613  O  0  0  0  0  0
    9.1761   -8.4302   -7.2650  C  0  0  0  0  0
   10.6046   -7.8835   -7.2309  C  0  0  0  0  0
   11.5601   -8.6929   -6.3242  C  0  0  0  0  0
   11.3917   -8.4584   -4.7916  C  0  0  0  0  0
   10.6926   -9.5429   -3.9300  C  0  0  0  0  0
  1  8  1  0  0  0
  1  2  1  0  0  0
  2  3  1  0  0  0
  3  4  1  0  0  0
  4  5  1  0  0  0
  5  6  1  0  0  0
  6  7  1  0  0  0
  7  8  1  0  0  0
M  END
$$$$
O1CCCCCCC1
  -ISIS-

  8  8  0  0  0  0  0  0  0  0  1
   -1.0354    5.2630   -3.5598  C  0  0  0  0  0
   -0.7577    3.7652   -3.3239  C  0  0  0  0  0
   -1.9660    2.8090   -3.3846  C  0  0  0  0  0
   -3.0371    3.0029   -2.3132  C  0  0  0  0  0
   -3.8021    4.2095   -2.4938  O  0  0  0  0  0
   -3.5891    5.3318   -1.7790  C  0  0  0  0  0
   -2.1924    5.5888   -1.2244  C  0  0  0  0  0
   -1.2025    6.0925   -2.2788  C  0  0  0  0  0
  1  8  1  0  0  0
  1  2  1  0  0  0
  2  3  1  0  0  0
  3  4  1  0  0  0
  4  5  1  0  0  0
  5  6  1  0  0  0
  6  7  1  0  0  0
  7  8  1  0  0  0
M  END
$$$$
O1CCCCCCC1
  -ISIS-

  8  8  0  0  0  0  0  0  0  0  1
   -1.0354    5.2630   -3.5598  C  0  0  0  0  0
   -0.7577    3.7652   -3.3239  C  0  0  0  0  0
   -1.9660    2.8090   -3.3846  C  0  0  0  0  0
   -3.0371    3.0029   -2.3132  C  0  0  0  0  0
   -3.8021    4.2095   -2.4938  O  0  0  0  0  0
   -3.5891    5.3318   -1.7790  C  0  0  0  0  0
   -2.1924    5.5888   -1.2244  C  0  0  0  0  0
   -1.2025    6.0925   -2.2788  C  0  0  0  0  0
  1  8  1  0  0  0
  1  2  1  0  0  0
  2  3  1  0  0  0
  3  4  1  0  0  0
  4  5  1  0  0  0
  5  6  1  0  0  0
  6  7  1  0  0  0
  7  8  1  0  0  0
M  END
$$$$
O1CCCCCCC1
  -ISIS-

  8  8  0  0  0  0  0  0  0  0  1
   -1.0354    5.2630   -3.5598  C  0  0  0  0  0
   -0.7577    3.7652   -3.3239  C  0  0  0  0  0
   -1.9660    2.8090   -3.3846  C  0  0  0  0  0
   -3.0371    3.0029   -2.3132  C  0  0  0  0  0
   -3.8021    4.2095   -2.4938  O  0  0  0  0  0
   -3.5891    5.3318   -1.7790  C  0  0  0  0  0
   -2.1924    5.5888   -1.2244  C  0  0  0  0  0
   -1.2025    6.0925   -2.2788  C  0  0  0  0  0
  1  8  1  0  0  0
  1  2  1  0  0  0
  2  3  1  0  0  0
  3  4  1  0  0  0
  4  5  1  0  0  0
  5  6  1  0  0  0
  6  7  1  0  0  0
  7  8  1  0  0  0
M  END
$$$$
O1CCCCCCC1
  -ISIS-

  8  8  0  0  0  0  0  0  0  0  1
   -1.0354    5.2630   -3.5598  C  0  0  0  0  0
   -0.7577    3.7652   -3.3239  C  0  0  0  0  0
   -1.9660    2.8090   -3.3846  C  0  0  0  0  0
   -3.0371    3.0029   -2.3132  C  0  0  0  0  0
   -3.8021    4.2095   -2.4938  O  0  0  0  0  0
   -3.5891    5.3318   -1.7790  C  0  0  0  0  0
   -2.1924    5.5888   -1.2244  C  0  0  0  0  0
   -1.2025    6.0925   -2.2788  C  0  0  0  0  0
  1  8  1  0  0  0
  1  2  1  0  0  0
  2  3  1  0  0  0
  3  4  1  0  0  0
  4  5  1  0  0  0
  5  6  1  0  0  0
  6  7  1  0  0  0
  7  8  1  0  0  0
M  END
$$$$
O1CCCCCCC1
  -ISIS-

  8  8  0  0  0  0  0  0  0  0  1
   -1.0354    5.2630   -3.5598  C  0  0  0  0  0
   -0.7577    3.7652   -3.3239  C  0  0  0  0  0
   -1.9660    2.8090   -3.3846  C  0  0  0  0  0
   -3.0371    3.0029   -2.3132  C  0  0  0  0  0
   -3.8021    4.2095   -2.4938  O  0  0  0  0  0
   -3.5891    5.3318   -1.7790  C  0  0  0  0  0
   -2.1924    5.5888   -1.2244  C  0  0  0  0  0
   -1.2025    6.0925   -2.2788  C  0  0  0  0  0
  1  8  1  0  0  0
  1  2  1  0  0  0
  2  3  1  0  0  0
  3  4  1  0  0  0
  4  5  1  0  0  0
  5  6  1  0  0  0
  6  7  1  0  0  0
  7  8  1  0  0  0
M  END
$$$$
O1CCCCCCC1
  -ISIS-

  8  8  0  0  0  0  0  0  0  0  1
   -1.0354    5.2630   -3.5598  C  0  0  0  0  0
   -0.7577    3.7652   -3.3239  C  0  0  0  0  0
   -1.9660    2.8090   -3.3846  C  0  0  0  0  0
   -3.0371    3.0029   -2.3132  C  0  0  0  0  0
   -3.8021    4.2095   -2.4938  O  0  0  0  0  0
   -3.5891    5.3318   -1.7790  C  0  0  0  0  0
   -2.1924    5.5888   -1.2244  C  0  0  0  0  0
   -1.2025    6.0925   -2.2788  C  0  0  0  0  0
  1  8  1  0  0  0
  1  2  1  0  0  0
  2  3  1  0  0  0
  3  4  1  0  0  0
  4  5  1  0  0  0
  5  6  1  0  0  0
  6  7  1  0  0  0
  7  8  1  0  0  0
M  END
$$$$
