O1CCCOCCCC1
  -ISIS-

  9  9  0  0  0  0  0  0  0  0  1
    1.4095   -0.2198   -5.6726  C  0  0  0  0  0
    2.1950   -1.4504   -5.2529  C  0  0  0  0  0
    3.3492   -1.5048   -5.9678  O  0  0  0  0  0
    4.5149   -2.1403   -5.3754  C  0  0  0  0  0
    4.8279   -1.7072   -3.9020  C  0  0  0  0  0
    4.3386   -0.2804   -3.5740  C  0  0  0  0  0
    4.2324    0.4795   -4.6923  O  0  0  0  0  0
    3.2168    1.5054   -4.7831  C  0  0  0  0  0
    1.7416    0.9800   -4.7332  C  0  0  0  0  0
  1  9  1  0  0  0
  1  2  1  0  0  0
  2  3  1  0  0  0
  3  4  1  0  0  0
  4  5  1  0  0  0
  5  6  1  0  0  0
  6  7  1  0  0  0
  7  8  1  0  0  0
  8  9  1  0  0  0
M  END
$$$$
