O1CC2C(C1)CC2
  -ISIS-

  7  8  0  0  0  0  0  0  0  0  1
    1.6667    0.1319   -1.9037  C  0  0  0  0  0
    2.8901    1.0046   -2.4510  C  0  0  0  0  0
    3.7417    0.1436   -1.5116  C  0  0  0  0  0
    2.4855    0.1222   -0.5772  C  0  0  0  0  0
    3.1549   -0.8029    0.4255  C  0  0  0  0  0
    4.4619   -0.2007    0.6687  O  0  0  0  0  0
    4.8410    0.4420   -0.4988  C  0  0  0  0  0
  1  4  1  0  0  0
  1  2  1  0  0  0
  2  3  1  0  0  0
  3  7  1  0  0  0
  3  4  1  0  0  0
  4  5  1  0  0  0
  5  6  1  0  0  0
  6  7  1  0  0  0
M  END
$$$$
