O1CCNCCOCCNCCOCCNCC1
  -ISIS-

 18 18  0  0  0  0  0  0  0  0  1
    1.4335    3.1262   -3.6371  N  0  0  0  0  0
    0.6765    1.8717   -3.8442  C  0  0  0  0  0
    1.6165    0.7353   -4.2581  C  0  0  0  0  0
    2.1525    1.0028   -5.5622  O  0  0  0  0  0
    2.9326   -0.0888   -6.0371  C  0  0  0  0  0
    2.0660   -1.0860   -6.8052  C  0  0  0  0  0
    1.8624   -0.7408   -8.1241  N  0  0  0  0  0
    0.9408   -1.4778   -8.9698  C  0  0  0  0  0
   -0.4823   -0.9256   -8.8675  C  0  0  0  0  0
   -0.4734    0.4243   -9.3469  O  0  0  0  0  0
   -1.7806    0.9598   -9.5824  C  0  0  0  0  0
   -2.5363    1.3025   -8.2930  C  0  0  0  0  0
   -1.8686    2.3115   -7.4965  N  0  0  0  0  0
   -1.8603    3.6430   -7.8440  C  0  0  0  0  0
   -1.0334    4.5249   -6.9059  C  0  0  0  0  0
   -0.9953    4.0011   -5.5782  O  0  0  0  0  0
   -0.1548    4.7695   -4.7083  C  0  0  0  0  0
    1.2701    4.1989   -4.6468  C  0  0  0  0  0
  1 18  1  0  0  0
  1  2  1  0  0  0
  2  3  1  0  0  0
  3  4  1  0  0  0
  4  5  1  0  0  0
  5  6  1  0  0  0
  6  7  1  0  0  0
  7  8  1  0  0  0
  8  9  1  0  0  0
  9 10  1  0  0  0
 10 11  1  0  0  0
 11 12  1  0  0  0
 12 13  1  0  0  0
 13 14  1  0  0  0
 14 15  1  0  0  0
 15 16  1  0  0  0
 16 17  1  0  0  0
 17 18  1  0  0  0
M  END
$$$$
O1CCNCCOCCNCCOCCNCC1
  -ISIS-

 18 18  0  0  0  0  0  0  0  0  1
    1.4335    3.1262   -3.6371  N  0  0  0  0  0
    0.6765    1.8717   -3.8442  C  0  0  0  0  0
    1.6165    0.7353   -4.2581  C  0  0  0  0  0
    2.1525    1.0028   -5.5622  O  0  0  0  0  0
    2.9326   -0.0888   -6.0371  C  0  0  0  0  0
    2.0660   -1.0860   -6.8052  C  0  0  0  0  0
    1.8624   -0.7408   -8.1241  N  0  0  0  0  0
    0.9408   -1.4778   -8.9698  C  0  0  0  0  0
   -0.4823   -0.9256   -8.8675  C  0  0  0  0  0
   -0.4734    0.4243   -9.3469  O  0  0  0  0  0
   -1.7806    0.9598   -9.5824  C  0  0  0  0  0
   -2.5363    1.3025   -8.2930  C  0  0  0  0  0
   -1.8686    2.3115   -7.4965  N  0  0  0  0  0
   -1.8603    3.6430   -7.8440  C  0  0  0  0  0
   -1.0334    4.5249   -6.9059  C  0  0  0  0  0
   -0.9953    4.0011   -5.5782  O  0  0  0  0  0
   -0.1548    4.7695   -4.7083  C  0  0  0  0  0
    1.2701    4.1989   -4.6468  C  0  0  0  0  0
  1 18  1  0  0  0
  1  2  1  0  0  0
  2  3  1  0  0  0
  3  4  1  0  0  0
  4  5  1  0  0  0
  5  6  1  0  0  0
  6  7  1  0  0  0
  7  8  1  0  0  0
  8  9  1  0  0  0
  9 10  1  0  0  0
 10 11  1  0  0  0
 11 12  1  0  0  0
 12 13  1  0  0  0
 13 14  1  0  0  0
 14 15  1  0  0  0
 15 16  1  0  0  0
 16 17  1  0  0  0
 17 18  1  0  0  0
M  END
$$$$
O1CCNCCOCCNCCOCCNCC1
  -ISIS-

 18 18  0  0  0  0  0  0  0  0  1
    1.4335    3.1262   -3.6371  N  0  0  0  0  0
    0.6765    1.8717   -3.8442  C  0  0  0  0  0
    1.6165    0.7353   -4.2581  C  0  0  0  0  0
    2.1525    1.0028   -5.5622  O  0  0  0  0  0
    2.9326   -0.0888   -6.0371  C  0  0  0  0  0
    2.0660   -1.0860   -6.8052  C  0  0  0  0  0
    1.8624   -0.7408   -8.1241  N  0  0  0  0  0
    0.9408   -1.4778   -8.9698  C  0  0  0  0  0
   -0.4823   -0.9256   -8.8675  C  0  0  0  0  0
   -0.4734    0.4243   -9.3469  O  0  0  0  0  0
   -1.7806    0.9598   -9.5824  C  0  0  0  0  0
   -2.5363    1.3025   -8.2930  C  0  0  0  0  0
   -1.8686    2.3115   -7.4965  N  0  0  0  0  0
   -1.8603    3.6430   -7.8440  C  0  0  0  0  0
   -1.0334    4.5249   -6.9059  C  0  0  0  0  0
   -0.9953    4.0011   -5.5782  O  0  0  0  0  0
   -0.1548    4.7695   -4.7083  C  0  0  0  0  0
    1.2701    4.1989   -4.6468  C  0  0  0  0  0
  1 18  1  0  0  0
  1  2  1  0  0  0
  2  3  1  0  0  0
  3  4  1  0  0  0
  4  5  1  0  0  0
  5  6  1  0  0  0
  6  7  1  0  0  0
  7  8  1  0  0  0
  8  9  1  0  0  0
  9 10  1  0  0  0
 10 11  1  0  0  0
 11 12  1  0  0  0
 12 13  1  0  0  0
 13 14  1  0  0  0
 14 15  1  0  0  0
 15 16  1  0  0  0
 16 17  1  0  0  0
 17 18  1  0  0  0
M  END
$$$$
O1CCNCCOCCNCCOCCNCC1
  -ISIS-

 18 18  0  0  0  0  0  0  0  0  1
   -5.2888    3.0521    0.8374  C  0  0  0  0  0
   -4.8460    2.9494    2.3179  C  0  0  0  0  0
   -5.8382    2.6942    3.2879  N  0  0  0  0  0
   -6.7049    1.4867    3.1415  C  0  0  0  0  0
   -6.2199    0.2541    3.9514  C  0  0  0  0  0
   -6.4193   -0.8827    3.2278  O  0  0  0  0  0
   -5.6633   -2.0573    3.5726  C  0  0  0  0  0
   -4.1282   -1.9038    3.8688  C  0  0  0  0  0
   -3.3655   -1.1294    2.9861  N  0  0  0  0  0
   -1.8995   -0.9351    3.2514  C  0  0  0  0  0
   -1.0887   -0.8463    1.9228  C  0  0  0  0  0
   -1.1044    0.4202    1.4207  O  0  0  0  0  0
   -0.5538    0.6816    0.1127  C  0  0  0  0  0
   -1.6853    1.2705   -0.7824  C  0  0  0  0  0
   -2.6943    0.4103   -1.2402  N  0  0  0  0  0
   -3.8472    0.9990   -1.9867  C  0  0  0  0  0
   -4.8506    1.8630   -1.1814  C  0  0  0  0  0
   -4.4247    2.1866    0.0664  O  0  0  0  0  0
  1 18  1  0  0  0
  1  2  1  0  0  0
  2  3  1  0  0  0
  3  4  1  0  0  0
  4  5  1  0  0  0
  5  6  1  0  0  0
  6  7  1  0  0  0
  7  8  1  0  0  0
  8  9  1  0  0  0
  9 10  1  0  0  0
 10 11  1  0  0  0
 11 12  1  0  0  0
 12 13  1  0  0  0
 13 14  1  0  0  0
 14 15  1  0  0  0
 15 16  1  0  0  0
 16 17  1  0  0  0
 17 18  1  0  0  0
M  END
$$$$
O1CCNCCOCCNCCOCCNCC1
  -ISIS-

 18 18  0  0  0  0  0  0  0  0  1
   -5.2888    3.0521    0.8374  C  0  0  0  0  0
   -4.8460    2.9494    2.3179  C  0  0  0  0  0
   -5.8382    2.6942    3.2879  N  0  0  0  0  0
   -6.7049    1.4867    3.1415  C  0  0  0  0  0
   -6.2199    0.2541    3.9514  C  0  0  0  0  0
   -6.4193   -0.8827    3.2278  O  0  0  0  0  0
   -5.6633   -2.0573    3.5726  C  0  0  0  0  0
   -4.1282   -1.9038    3.8688  C  0  0  0  0  0
   -3.3655   -1.1294    2.9861  N  0  0  0  0  0
   -1.8995   -0.9351    3.2514  C  0  0  0  0  0
   -1.0887   -0.8463    1.9228  C  0  0  0  0  0
   -1.1044    0.4202    1.4207  O  0  0  0  0  0
   -0.5538    0.6816    0.1127  C  0  0  0  0  0
   -1.6853    1.2705   -0.7824  C  0  0  0  0  0
   -2.6943    0.4103   -1.2402  N  0  0  0  0  0
   -3.8472    0.9990   -1.9867  C  0  0  0  0  0
   -4.8506    1.8630   -1.1814  C  0  0  0  0  0
   -4.4247    2.1866    0.0664  O  0  0  0  0  0
  1 18  1  0  0  0
  1  2  1  0  0  0
  2  3  1  0  0  0
  3  4  1  0  0  0
  4  5  1  0  0  0
  5  6  1  0  0  0
  6  7  1  0  0  0
  7  8  1  0  0  0
  8  9  1  0  0  0
  9 10  1  0  0  0
 10 11  1  0  0  0
 11 12  1  0  0  0
 12 13  1  0  0  0
 13 14  1  0  0  0
 14 15  1  0  0  0
 15 16  1  0  0  0
 16 17  1  0  0  0
 17 18  1  0  0  0
M  END
$$$$
O1CCNCCOCCNCCOCCNCC1
  -ISIS-

 18 18  0  0  0  0  0  0  0  0  1
   -5.2888    3.0521    0.8374  C  0  0  0  0  0
   -4.8460    2.9494    2.3179  C  0  0  0  0  0
   -5.8382    2.6942    3.2879  N  0  0  0  0  0
   -6.7049    1.4867    3.1415  C  0  0  0  0  0
   -6.2199    0.2541    3.9514  C  0  0  0  0  0
   -6.4193   -0.8827    3.2278  O  0  0  0  0  0
   -5.6633   -2.0573    3.5726  C  0  0  0  0  0
   -4.1282   -1.9038    3.8688  C  0  0  0  0  0
   -3.3655   -1.1294    2.9861  N  0  0  0  0  0
   -1.8995   -0.9351    3.2514  C  0  0  0  0  0
   -1.0887   -0.8463    1.9228  C  0  0  0  0  0
   -1.1044    0.4202    1.4207  O  0  0  0  0  0
   -0.5538    0.6816    0.1127  C  0  0  0  0  0
   -1.6853    1.2705   -0.7824  C  0  0  0  0  0
   -2.6943    0.4103   -1.2402  N  0  0  0  0  0
   -3.8472    0.9990   -1.9867  C  0  0  0  0  0
   -4.8506    1.8630   -1.1814  C  0  0  0  0  0
   -4.4247    2.1866    0.0664  O  0  0  0  0  0
  1 18  1  0  0  0
  1  2  1  0  0  0
  2  3  1  0  0  0
  3  4  1  0  0  0
  4  5  1  0  0  0
  5  6  1  0  0  0
  6  7  1  0  0  0
  7  8  1  0  0  0
  8  9  1  0  0  0
  9 10  1  0  0  0
 10 11  1  0  0  0
 11 12  1  0  0  0
 12 13  1  0  0  0
 13 14  1  0  0  0
 14 15  1  0  0  0
 15 16  1  0  0  0
 16 17  1  0  0  0
 17 18  1  0  0  0
M  END
$$$$
O1CCNCCOCCNCCOCCNCC1
  -ISIS-

 18 18  0  0  0  0  0  0  0  0  1
   -5.2888    3.0521    0.8374  C  0  0  0  0  0
   -4.8460    2.9494    2.3179  C  0  0  0  0  0
   -5.8382    2.6942    3.2879  N  0  0  0  0  0
   -6.7049    1.4867    3.1415  C  0  0  0  0  0
   -6.2199    0.2541    3.9514  C  0  0  0  0  0
   -6.4193   -0.8827    3.2278  O  0  0  0  0  0
   -5.6633   -2.0573    3.5726  C  0  0  0  0  0
   -4.1282   -1.9038    3.8688  C  0  0  0  0  0
   -3.3655   -1.1294    2.9861  N  0  0  0  0  0
   -1.8995   -0.9351    3.2514  C  0  0  0  0  0
   -1.0887   -0.8463    1.9228  C  0  0  0  0  0
   -1.1044    0.4202    1.4207  O  0  0  0  0  0
   -0.5538    0.6816    0.1127  C  0  0  0  0  0
   -1.6853    1.2705   -0.7824  C  0  0  0  0  0
   -2.6943    0.4103   -1.2402  N  0  0  0  0  0
   -3.8472    0.9990   -1.9867  C  0  0  0  0  0
   -4.8506    1.8630   -1.1814  C  0  0  0  0  0
   -4.4247    2.1866    0.0664  O  0  0  0  0  0
  1 18  1  0  0  0
  1  2  1  0  0  0
  2  3  1  0  0  0
  3  4  1  0  0  0
  4  5  1  0  0  0
  5  6  1  0  0  0
  6  7  1  0  0  0
  7  8  1  0  0  0
  8  9  1  0  0  0
  9 10  1  0  0  0
 10 11  1  0  0  0
 11 12  1  0  0  0
 12 13  1  0  0  0
 13 14  1  0  0  0
 14 15  1  0  0  0
 15 16  1  0  0  0
 16 17  1  0  0  0
 17 18  1  0  0  0
M  END
$$$$
O1CCNCCOCCNCCOCCNCC1
  -ISIS-

 18 18  0  0  0  0  0  0  0  0  1
   -5.2888    3.0521    0.8374  C  0  0  0  0  0
   -4.8460    2.9494    2.3179  C  0  0  0  0  0
   -5.8382    2.6942    3.2879  N  0  0  0  0  0
   -6.7049    1.4867    3.1415  C  0  0  0  0  0
   -6.2199    0.2541    3.9514  C  0  0  0  0  0
   -6.4193   -0.8827    3.2278  O  0  0  0  0  0
   -5.6633   -2.0573    3.5726  C  0  0  0  0  0
   -4.1282   -1.9038    3.8688  C  0  0  0  0  0
   -3.3655   -1.1294    2.9861  N  0  0  0  0  0
   -1.8995   -0.9351    3.2514  C  0  0  0  0  0
   -1.0887   -0.8463    1.9228  C  0  0  0  0  0
   -1.1044    0.4202    1.4207  O  0  0  0  0  0
   -0.5538    0.6816    0.1127  C  0  0  0  0  0
   -1.6853    1.2705   -0.7824  C  0  0  0  0  0
   -2.6943    0.4103   -1.2402  N  0  0  0  0  0
   -3.8472    0.9990   -1.9867  C  0  0  0  0  0
   -4.8506    1.8630   -1.1814  C  0  0  0  0  0
   -4.4247    2.1866    0.0664  O  0  0  0  0  0
  1 18  1  0  0  0
  1  2  1  0  0  0
  2  3  1  0  0  0
  3  4  1  0  0  0
  4  5  1  0  0  0
  5  6  1  0  0  0
  6  7  1  0  0  0
  7  8  1  0  0  0
  8  9  1  0  0  0
  9 10  1  0  0  0
 10 11  1  0  0  0
 11 12  1  0  0  0
 12 13  1  0  0  0
 13 14  1  0  0  0
 14 15  1  0  0  0
 15 16  1  0  0  0
 16 17  1  0  0  0
 17 18  1  0  0  0
M  END
$$$$
O1CCNCCOCCNCCOCCNCC1
  -ISIS-

 18 18  0  0  0  0  0  0  0  0  1
   -5.2888    3.0521    0.8374  C  0  0  0  0  0
   -4.8460    2.9494    2.3179  C  0  0  0  0  0
   -5.8382    2.6942    3.2879  N  0  0  0  0  0
   -6.7049    1.4867    3.1415  C  0  0  0  0  0
   -6.2199    0.2541    3.9514  C  0  0  0  0  0
   -6.4193   -0.8827    3.2278  O  0  0  0  0  0
   -5.6633   -2.0573    3.5726  C  0  0  0  0  0
   -4.1282   -1.9038    3.8688  C  0  0  0  0  0
   -3.3655   -1.1294    2.9861  N  0  0  0  0  0
   -1.8995   -0.9351    3.2514  C  0  0  0  0  0
   -1.0887   -0.8463    1.9228  C  0  0  0  0  0
   -1.1044    0.4202    1.4207  O  0  0  0  0  0
   -0.5538    0.6816    0.1127  C  0  0  0  0  0
   -1.6853    1.2705   -0.7824  C  0  0  0  0  0
   -2.6943    0.4103   -1.2402  N  0  0  0  0  0
   -3.8472    0.9990   -1.9867  C  0  0  0  0  0
   -4.8506    1.8630   -1.1814  C  0  0  0  0  0
   -4.4247    2.1866    0.0664  O  0  0  0  0  0
  1 18  1  0  0  0
  1  2  1  0  0  0
  2  3  1  0  0  0
  3  4  1  0  0  0
  4  5  1  0  0  0
  5  6  1  0  0  0
  6  7  1  0  0  0
  7  8  1  0  0  0
  8  9  1  0  0  0
  9 10  1  0  0  0
 10 11  1  0  0  0
 11 12  1  0  0  0
 12 13  1  0  0  0
 13 14  1  0  0  0
 14 15  1  0  0  0
 15 16  1  0  0  0
 16 17  1  0  0  0
 17 18  1  0  0  0
M  END
$$$$
O1CCNCCOCCNCCOCCNCC1
  -ISIS-

 18 18  0  0  0  0  0  0  0  0  1
   -5.2888    3.0521    0.8374  C  0  0  0  0  0
   -4.8460    2.9494    2.3179  C  0  0  0  0  0
   -5.8382    2.6942    3.2879  N  0  0  0  0  0
   -6.7049    1.4867    3.1415  C  0  0  0  0  0
   -6.2199    0.2541    3.9514  C  0  0  0  0  0
   -6.4193   -0.8827    3.2278  O  0  0  0  0  0
   -5.6633   -2.0573    3.5726  C  0  0  0  0  0
   -4.1282   -1.9038    3.8688  C  0  0  0  0  0
   -3.3655   -1.1294    2.9861  N  0  0  0  0  0
   -1.8995   -0.9351    3.2514  C  0  0  0  0  0
   -1.0887   -0.8463    1.9228  C  0  0  0  0  0
   -1.1044    0.4202    1.4207  O  0  0  0  0  0
   -0.5538    0.6816    0.1127  C  0  0  0  0  0
   -1.6853    1.2705   -0.7824  C  0  0  0  0  0
   -2.6943    0.4103   -1.2402  N  0  0  0  0  0
   -3.8472    0.9990   -1.9867  C  0  0  0  0  0
   -4.8506    1.8630   -1.1814  C  0  0  0  0  0
   -4.4247    2.1866    0.0664  O  0  0  0  0  0
  1 18  1  0  0  0
  1  2  1  0  0  0
  2  3  1  0  0  0
  3  4  1  0  0  0
  4  5  1  0  0  0
  5  6  1  0  0  0
  6  7  1  0  0  0
  7  8  1  0  0  0
  8  9  1  0  0  0
  9 10  1  0  0  0
 10 11  1  0  0  0
 11 12  1  0  0  0
 12 13  1  0  0  0
 13 14  1  0  0  0
 14 15  1  0  0  0
 15 16  1  0  0  0
 16 17  1  0  0  0
 17 18  1  0  0  0
M  END
$$$$
O1CCNCCOCCNCCOCCNCC1
  -ISIS-

 18 18  0  0  0  0  0  0  0  0  1
   -5.2888    3.0521    0.8374  C  0  0  0  0  0
   -4.8460    2.9494    2.3179  C  0  0  0  0  0
   -5.8382    2.6942    3.2879  N  0  0  0  0  0
   -6.7049    1.4867    3.1415  C  0  0  0  0  0
   -6.2199    0.2541    3.9514  C  0  0  0  0  0
   -6.4193   -0.8827    3.2278  O  0  0  0  0  0
   -5.6633   -2.0573    3.5726  C  0  0  0  0  0
   -4.1282   -1.9038    3.8688  C  0  0  0  0  0
   -3.3655   -1.1294    2.9861  N  0  0  0  0  0
   -1.8995   -0.9351    3.2514  C  0  0  0  0  0
   -1.0887   -0.8463    1.9228  C  0  0  0  0  0
   -1.1044    0.4202    1.4207  O  0  0  0  0  0
   -0.5538    0.6816    0.1127  C  0  0  0  0  0
   -1.6853    1.2705   -0.7824  C  0  0  0  0  0
   -2.6943    0.4103   -1.2402  N  0  0  0  0  0
   -3.8472    0.9990   -1.9867  C  0  0  0  0  0
   -4.8506    1.8630   -1.1814  C  0  0  0  0  0
   -4.4247    2.1866    0.0664  O  0  0  0  0  0
  1 18  1  0  0  0
  1  2  1  0  0  0
  2  3  1  0  0  0
  3  4  1  0  0  0
  4  5  1  0  0  0
  5  6  1  0  0  0
  6  7  1  0  0  0
  7  8  1  0  0  0
  8  9  1  0  0  0
  9 10  1  0  0  0
 10 11  1  0  0  0
 11 12  1  0  0  0
 12 13  1  0  0  0
 13 14  1  0  0  0
 14 15  1  0  0  0
 15 16  1  0  0  0
 16 17  1  0  0  0
 17 18  1  0  0  0
M  END
$$$$
O1CCNCCOCCNCCOCCNCC1
  -ISIS-

 18 18  0  0  0  0  0  0  0  0  1
   -5.2888    3.0521    0.8374  C  0  0  0  0  0
   -4.8460    2.9494    2.3179  C  0  0  0  0  0
   -5.8382    2.6942    3.2879  N  0  0  0  0  0
   -6.7049    1.4867    3.1415  C  0  0  0  0  0
   -6.2199    0.2541    3.9514  C  0  0  0  0  0
   -6.4193   -0.8827    3.2278  O  0  0  0  0  0
   -5.6633   -2.0573    3.5726  C  0  0  0  0  0
   -4.1282   -1.9038    3.8688  C  0  0  0  0  0
   -3.3655   -1.1294    2.9861  N  0  0  0  0  0
   -1.8995   -0.9351    3.2514  C  0  0  0  0  0
   -1.0887   -0.8463    1.9228  C  0  0  0  0  0
   -1.1044    0.4202    1.4207  O  0  0  0  0  0
   -0.5538    0.6816    0.1127  C  0  0  0  0  0
   -1.6853    1.2705   -0.7824  C  0  0  0  0  0
   -2.6943    0.4103   -1.2402  N  0  0  0  0  0
   -3.8472    0.9990   -1.9867  C  0  0  0  0  0
   -4.8506    1.8630   -1.1814  C  0  0  0  0  0
   -4.4247    2.1866    0.0664  O  0  0  0  0  0
  1 18  1  0  0  0
  1  2  1  0  0  0
  2  3  1  0  0  0
  3  4  1  0  0  0
  4  5  1  0  0  0
  5  6  1  0  0  0
  6  7  1  0  0  0
  7  8  1  0  0  0
  8  9  1  0  0  0
  9 10  1  0  0  0
 10 11  1  0  0  0
 11 12  1  0  0  0
 12 13  1  0  0  0
 13 14  1  0  0  0
 14 15  1  0  0  0
 15 16  1  0  0  0
 16 17  1  0  0  0
 17 18  1  0  0  0
M  END
$$$$
O1CCNCCOCCNCCOCCNCC1
  -ISIS-

 18 18  0  0  0  0  0  0  0  0  1
   -5.2888    3.0521    0.8374  C  0  0  0  0  0
   -4.8460    2.9494    2.3179  C  0  0  0  0  0
   -5.8382    2.6942    3.2879  N  0  0  0  0  0
   -6.7049    1.4867    3.1415  C  0  0  0  0  0
   -6.2199    0.2541    3.9514  C  0  0  0  0  0
   -6.4193   -0.8827    3.2278  O  0  0  0  0  0
   -5.6633   -2.0573    3.5726  C  0  0  0  0  0
   -4.1282   -1.9038    3.8688  C  0  0  0  0  0
   -3.3655   -1.1294    2.9861  N  0  0  0  0  0
   -1.8995   -0.9351    3.2514  C  0  0  0  0  0
   -1.0887   -0.8463    1.9228  C  0  0  0  0  0
   -1.1044    0.4202    1.4207  O  0  0  0  0  0
   -0.5538    0.6816    0.1127  C  0  0  0  0  0
   -1.6853    1.2705   -0.7824  C  0  0  0  0  0
   -2.6943    0.4103   -1.2402  N  0  0  0  0  0
   -3.8472    0.9990   -1.9867  C  0  0  0  0  0
   -4.8506    1.8630   -1.1814  C  0  0  0  0  0
   -4.4247    2.1866    0.0664  O  0  0  0  0  0
  1 18  1  0  0  0
  1  2  1  0  0  0
  2  3  1  0  0  0
  3  4  1  0  0  0
  4  5  1  0  0  0
  5  6  1  0  0  0
  6  7  1  0  0  0
  7  8  1  0  0  0
  8  9  1  0  0  0
  9 10  1  0  0  0
 10 11  1  0  0  0
 11 12  1  0  0  0
 12 13  1  0  0  0
 13 14  1  0  0  0
 14 15  1  0  0  0
 15 16  1  0  0  0
 16 17  1  0  0  0
 17 18  1  0  0  0
M  END
$$$$
O1CCNCCOCCNCCOCCNCC1
  -ISIS-

 18 18  0  0  0  0  0  0  0  0  1
   -5.2888    3.0521    0.8374  C  0  0  0  0  0
   -4.8460    2.9494    2.3179  C  0  0  0  0  0
   -5.8382    2.6942    3.2879  N  0  0  0  0  0
   -6.7049    1.4867    3.1415  C  0  0  0  0  0
   -6.2199    0.2541    3.9514  C  0  0  0  0  0
   -6.4193   -0.8827    3.2278  O  0  0  0  0  0
   -5.6633   -2.0573    3.5726  C  0  0  0  0  0
   -4.1282   -1.9038    3.8688  C  0  0  0  0  0
   -3.3655   -1.1294    2.9861  N  0  0  0  0  0
   -1.8995   -0.9351    3.2514  C  0  0  0  0  0
   -1.0887   -0.8463    1.9228  C  0  0  0  0  0
   -1.1044    0.4202    1.4207  O  0  0  0  0  0
   -0.5538    0.6816    0.1127  C  0  0  0  0  0
   -1.6853    1.2705   -0.7824  C  0  0  0  0  0
   -2.6943    0.4103   -1.2402  N  0  0  0  0  0
   -3.8472    0.9990   -1.9867  C  0  0  0  0  0
   -4.8506    1.8630   -1.1814  C  0  0  0  0  0
   -4.4247    2.1866    0.0664  O  0  0  0  0  0
  1 18  1  0  0  0
  1  2  1  0  0  0
  2  3  1  0  0  0
  3  4  1  0  0  0
  4  5  1  0  0  0
  5  6  1  0  0  0
  6  7  1  0  0  0
  7  8  1  0  0  0
  8  9  1  0  0  0
  9 10  1  0  0  0
 10 11  1  0  0  0
 11 12  1  0  0  0
 12 13  1  0  0  0
 13 14  1  0  0  0
 14 15  1  0  0  0
 15 16  1  0  0  0
 16 17  1  0  0  0
 17 18  1  0  0  0
M  END
$$$$
O1CCNCCOCCNCCOCCNCC1
  -ISIS-

 18 18  0  0  0  0  0  0  0  0  1
   -5.2888    3.0521    0.8374  C  0  0  0  0  0
   -4.8460    2.9494    2.3179  C  0  0  0  0  0
   -5.8382    2.6942    3.2879  N  0  0  0  0  0
   -6.7049    1.4867    3.1415  C  0  0  0  0  0
   -6.2199    0.2541    3.9514  C  0  0  0  0  0
   -6.4193   -0.8827    3.2278  O  0  0  0  0  0
   -5.6633   -2.0573    3.5726  C  0  0  0  0  0
   -4.1282   -1.9038    3.8688  C  0  0  0  0  0
   -3.3655   -1.1294    2.9861  N  0  0  0  0  0
   -1.8995   -0.9351    3.2514  C  0  0  0  0  0
   -1.0887   -0.8463    1.9228  C  0  0  0  0  0
   -1.1044    0.4202    1.4207  O  0  0  0  0  0
   -0.5538    0.6816    0.1127  C  0  0  0  0  0
   -1.6853    1.2705   -0.7824  C  0  0  0  0  0
   -2.6943    0.4103   -1.2402  N  0  0  0  0  0
   -3.8472    0.9990   -1.9867  C  0  0  0  0  0
   -4.8506    1.8630   -1.1814  C  0  0  0  0  0
   -4.4247    2.1866    0.0664  O  0  0  0  0  0
  1 18  1  0  0  0
  1  2  1  0  0  0
  2  3  1  0  0  0
  3  4  1  0  0  0
  4  5  1  0  0  0
  5  6  1  0  0  0
  6  7  1  0  0  0
  7  8  1  0  0  0
  8  9  1  0  0  0
  9 10  1  0  0  0
 10 11  1  0  0  0
 11 12  1  0  0  0
 12 13  1  0  0  0
 13 14  1  0  0  0
 14 15  1  0  0  0
 15 16  1  0  0  0
 16 17  1  0  0  0
 17 18  1  0  0  0
M  END
$$$$
O1CCNCCOCCNCCOCCNCC1
  -ISIS-

 18 18  0  0  0  0  0  0  0  0  1
   -5.2888    3.0521    0.8374  C  0  0  0  0  0
   -4.8460    2.9494    2.3179  C  0  0  0  0  0
   -5.8382    2.6942    3.2879  N  0  0  0  0  0
   -6.7049    1.4867    3.1415  C  0  0  0  0  0
   -6.2199    0.2541    3.9514  C  0  0  0  0  0
   -6.4193   -0.8827    3.2278  O  0  0  0  0  0
   -5.6633   -2.0573    3.5726  C  0  0  0  0  0
   -4.1282   -1.9038    3.8688  C  0  0  0  0  0
   -3.3655   -1.1294    2.9861  N  0  0  0  0  0
   -1.8995   -0.9351    3.2514  C  0  0  0  0  0
   -1.0887   -0.8463    1.9228  C  0  0  0  0  0
   -1.1044    0.4202    1.4207  O  0  0  0  0  0
   -0.5538    0.6816    0.1127  C  0  0  0  0  0
   -1.6853    1.2705   -0.7824  C  0  0  0  0  0
   -2.6943    0.4103   -1.2402  N  0  0  0  0  0
   -3.8472    0.9990   -1.9867  C  0  0  0  0  0
   -4.8506    1.8630   -1.1814  C  0  0  0  0  0
   -4.4247    2.1866    0.0664  O  0  0  0  0  0
  1 18  1  0  0  0
  1  2  1  0  0  0
  2  3  1  0  0  0
  3  4  1  0  0  0
  4  5  1  0  0  0
  5  6  1  0  0  0
  6  7  1  0  0  0
  7  8  1  0  0  0
  8  9  1  0  0  0
  9 10  1  0  0  0
 10 11  1  0  0  0
 11 12  1  0  0  0
 12 13  1  0  0  0
 13 14  1  0  0  0
 14 15  1  0  0  0
 15 16  1  0  0  0
 16 17  1  0  0  0
 17 18  1  0  0  0
M  END
$$$$
O1CCNCCOCCNCCOCCNCC1
  -ISIS-

 18 18  0  0  0  0  0  0  0  0  1
   -5.2888    3.0521    0.8374  C  0  0  0  0  0
   -4.8460    2.9494    2.3179  C  0  0  0  0  0
   -5.8382    2.6942    3.2879  N  0  0  0  0  0
   -6.7049    1.4867    3.1415  C  0  0  0  0  0
   -6.2199    0.2541    3.9514  C  0  0  0  0  0
   -6.4193   -0.8827    3.2278  O  0  0  0  0  0
   -5.6633   -2.0573    3.5726  C  0  0  0  0  0
   -4.1282   -1.9038    3.8688  C  0  0  0  0  0
   -3.3655   -1.1294    2.9861  N  0  0  0  0  0
   -1.8995   -0.9351    3.2514  C  0  0  0  0  0
   -1.0887   -0.8463    1.9228  C  0  0  0  0  0
   -1.1044    0.4202    1.4207  O  0  0  0  0  0
   -0.5538    0.6816    0.1127  C  0  0  0  0  0
   -1.6853    1.2705   -0.7824  C  0  0  0  0  0
   -2.6943    0.4103   -1.2402  N  0  0  0  0  0
   -3.8472    0.9990   -1.9867  C  0  0  0  0  0
   -4.8506    1.8630   -1.1814  C  0  0  0  0  0
   -4.4247    2.1866    0.0664  O  0  0  0  0  0
  1 18  1  0  0  0
  1  2  1  0  0  0
  2  3  1  0  0  0
  3  4  1  0  0  0
  4  5  1  0  0  0
  5  6  1  0  0  0
  6  7  1  0  0  0
  7  8  1  0  0  0
  8  9  1  0  0  0
  9 10  1  0  0  0
 10 11  1  0  0  0
 11 12  1  0  0  0
 12 13  1  0  0  0
 13 14  1  0  0  0
 14 15  1  0  0  0
 15 16  1  0  0  0
 16 17  1  0  0  0
 17 18  1  0  0  0
M  END
$$$$
O1CCNCCOCCNCCOCCNCC1
  -ISIS-

 18 18  0  0  0  0  0  0  0  0  1
   -5.2888    3.0521    0.8374  C  0  0  0  0  0
   -4.8460    2.9494    2.3179  C  0  0  0  0  0
   -5.8382    2.6942    3.2879  N  0  0  0  0  0
   -6.7049    1.4867    3.1415  C  0  0  0  0  0
   -6.2199    0.2541    3.9514  C  0  0  0  0  0
   -6.4193   -0.8827    3.2278  O  0  0  0  0  0
   -5.6633   -2.0573    3.5726  C  0  0  0  0  0
   -4.1282   -1.9038    3.8688  C  0  0  0  0  0
   -3.3655   -1.1294    2.9861  N  0  0  0  0  0
   -1.8995   -0.9351    3.2514  C  0  0  0  0  0
   -1.0887   -0.8463    1.9228  C  0  0  0  0  0
   -1.1044    0.4202    1.4207  O  0  0  0  0  0
   -0.5538    0.6816    0.1127  C  0  0  0  0  0
   -1.6853    1.2705   -0.7824  C  0  0  0  0  0
   -2.6943    0.4103   -1.2402  N  0  0  0  0  0
   -3.8472    0.9990   -1.9867  C  0  0  0  0  0
   -4.8506    1.8630   -1.1814  C  0  0  0  0  0
   -4.4247    2.1866    0.0664  O  0  0  0  0  0
  1 18  1  0  0  0
  1  2  1  0  0  0
  2  3  1  0  0  0
  3  4  1  0  0  0
  4  5  1  0  0  0
  5  6  1  0  0  0
  6  7  1  0  0  0
  7  8  1  0  0  0
  8  9  1  0  0  0
  9 10  1  0  0  0
 10 11  1  0  0  0
 11 12  1  0  0  0
 12 13  1  0  0  0
 13 14  1  0  0  0
 14 15  1  0  0  0
 15 16  1  0  0  0
 16 17  1  0  0  0
 17 18  1  0  0  0
M  END
$$$$
