O1CCNCCCCCNCCNCCC1
  -ISIS-

 16 16  0  0  0  0  0  0  0  0  1
   -6.0907   -2.3339    1.4397  C  0  0  0  0  0
   -6.8476   -2.2261    2.7781  C  0  0  0  0  0
   -6.6569   -1.0516    3.4695  N  0  0  0  0  0
   -7.3586   -0.7327    4.7138  C  0  0  0  0  0
   -6.6587   -1.3682    5.9429  C  0  0  0  0  0
   -6.4954   -2.7350    5.8535  N  0  0  0  0  0
   -6.0037   -3.5563    6.9393  C  0  0  0  0  0
   -4.5260   -3.9043    6.7690  C  0  0  0  0  0
   -3.5915   -2.7754    7.2244  C  0  0  0  0  0
   -2.1277   -3.0791    6.8945  C  0  0  0  0  0
   -1.5732   -2.3887    5.6581  C  0  0  0  0  0
   -2.4433   -2.2160    4.6142  N  0  0  0  0  0
   -2.0619   -1.5342    3.3706  C  0  0  0  0  0
   -3.0050   -1.9413    2.2193  C  0  0  0  0  0
   -3.9761   -2.8037    2.6463  O  0  0  0  0  0
   -4.8999   -3.2829    1.6453  C  0  0  0  0  0
  1 16  1  0  0  0
  1  2  1  0  0  0
  2  3  1  0  0  0
  3  4  1  0  0  0
  4  5  1  0  0  0
  5  6  1  0  0  0
  6  7  1  0  0  0
  7  8  1  0  0  0
  8  9  1  0  0  0
  9 10  1  0  0  0
 10 11  1  0  0  0
 11 12  1  0  0  0
 12 13  1  0  0  0
 13 14  1  0  0  0
 14 15  1  0  0  0
 15 16  1  0  0  0
M  END
$$$$
O1CCNCCCCCNCCNCCC1
  -ISIS-

 16 16  0  0  0  0  0  0  0  0  1
   -6.0907   -2.3339    1.4397  C  0  0  0  0  0
   -6.8476   -2.2261    2.7781  C  0  0  0  0  0
   -6.6569   -1.0516    3.4695  N  0  0  0  0  0
   -7.3586   -0.7327    4.7138  C  0  0  0  0  0
   -6.6587   -1.3682    5.9429  C  0  0  0  0  0
   -6.4954   -2.7350    5.8535  N  0  0  0  0  0
   -6.0037   -3.5563    6.9393  C  0  0  0  0  0
   -4.5260   -3.9043    6.7690  C  0  0  0  0  0
   -3.5915   -2.7754    7.2244  C  0  0  0  0  0
   -2.1277   -3.0791    6.8945  C  0  0  0  0  0
   -1.5732   -2.3887    5.6581  C  0  0  0  0  0
   -2.4433   -2.2160    4.6142  N  0  0  0  0  0
   -2.0619   -1.5342    3.3706  C  0  0  0  0  0
   -3.0050   -1.9413    2.2193  C  0  0  0  0  0
   -3.9761   -2.8037    2.6463  O  0  0  0  0  0
   -4.8999   -3.2829    1.6453  C  0  0  0  0  0
  1 16  1  0  0  0
  1  2  1  0  0  0
  2  3  1  0  0  0
  3  4  1  0  0  0
  4  5  1  0  0  0
  5  6  1  0  0  0
  6  7  1  0  0  0
  7  8  1  0  0  0
  8  9  1  0  0  0
  9 10  1  0  0  0
 10 11  1  0  0  0
 11 12  1  0  0  0
 12 13  1  0  0  0
 13 14  1  0  0  0
 14 15  1  0  0  0
 15 16  1  0  0  0
M  END
$$$$
O1CCNCCCCCNCCNCCC1
  -ISIS-

 16 16  0  0  0  0  0  0  0  0  1
   -6.0907   -2.3339    1.4397  C  0  0  0  0  0
   -6.8476   -2.2261    2.7781  C  0  0  0  0  0
   -6.6569   -1.0516    3.4695  N  0  0  0  0  0
   -7.3586   -0.7327    4.7138  C  0  0  0  0  0
   -6.6587   -1.3682    5.9429  C  0  0  0  0  0
   -6.4954   -2.7350    5.8535  N  0  0  0  0  0
   -6.0037   -3.5563    6.9393  C  0  0  0  0  0
   -4.5260   -3.9043    6.7690  C  0  0  0  0  0
   -3.5915   -2.7754    7.2244  C  0  0  0  0  0
   -2.1277   -3.0791    6.8945  C  0  0  0  0  0
   -1.5732   -2.3887    5.6581  C  0  0  0  0  0
   -2.4433   -2.2160    4.6142  N  0  0  0  0  0
   -2.0619   -1.5342    3.3706  C  0  0  0  0  0
   -3.0050   -1.9413    2.2193  C  0  0  0  0  0
   -3.9761   -2.8037    2.6463  O  0  0  0  0  0
   -4.8999   -3.2829    1.6453  C  0  0  0  0  0
  1 16  1  0  0  0
  1  2  1  0  0  0
  2  3  1  0  0  0
  3  4  1  0  0  0
  4  5  1  0  0  0
  5  6  1  0  0  0
  6  7  1  0  0  0
  7  8  1  0  0  0
  8  9  1  0  0  0
  9 10  1  0  0  0
 10 11  1  0  0  0
 11 12  1  0  0  0
 12 13  1  0  0  0
 13 14  1  0  0  0
 14 15  1  0  0  0
 15 16  1  0  0  0
M  END
$$$$
O1CCNCCCCCNCCNCCC1
  -ISIS-

 16 16  0  0  0  0  0  0  0  0  1
   -6.0907   -2.3339    1.4397  C  0  0  0  0  0
   -6.8476   -2.2261    2.7781  C  0  0  0  0  0
   -6.6569   -1.0516    3.4695  N  0  0  0  0  0
   -7.3586   -0.7327    4.7138  C  0  0  0  0  0
   -6.6587   -1.3682    5.9429  C  0  0  0  0  0
   -6.4954   -2.7350    5.8535  N  0  0  0  0  0
   -6.0037   -3.5563    6.9393  C  0  0  0  0  0
   -4.5260   -3.9043    6.7690  C  0  0  0  0  0
   -3.5915   -2.7754    7.2244  C  0  0  0  0  0
   -2.1277   -3.0791    6.8945  C  0  0  0  0  0
   -1.5732   -2.3887    5.6581  C  0  0  0  0  0
   -2.4433   -2.2160    4.6142  N  0  0  0  0  0
   -2.0619   -1.5342    3.3706  C  0  0  0  0  0
   -3.0050   -1.9413    2.2193  C  0  0  0  0  0
   -3.9761   -2.8037    2.6463  O  0  0  0  0  0
   -4.8999   -3.2829    1.6453  C  0  0  0  0  0
  1 16  1  0  0  0
  1  2  1  0  0  0
  2  3  1  0  0  0
  3  4  1  0  0  0
  4  5  1  0  0  0
  5  6  1  0  0  0
  6  7  1  0  0  0
  7  8  1  0  0  0
  8  9  1  0  0  0
  9 10  1  0  0  0
 10 11  1  0  0  0
 11 12  1  0  0  0
 12 13  1  0  0  0
 13 14  1  0  0  0
 14 15  1  0  0  0
 15 16  1  0  0  0
M  END
$$$$
O1CCNCCCCCNCCNCCC1
  -ISIS-

 16 16  0  0  0  0  0  0  0  0  1
   -6.0907   -2.3339    1.4397  C  0  0  0  0  0
   -6.8476   -2.2261    2.7781  C  0  0  0  0  0
   -6.6569   -1.0516    3.4695  N  0  0  0  0  0
   -7.3586   -0.7327    4.7138  C  0  0  0  0  0
   -6.6587   -1.3682    5.9429  C  0  0  0  0  0
   -6.4954   -2.7350    5.8535  N  0  0  0  0  0
   -6.0037   -3.5563    6.9393  C  0  0  0  0  0
   -4.5260   -3.9043    6.7690  C  0  0  0  0  0
   -3.5915   -2.7754    7.2244  C  0  0  0  0  0
   -2.1277   -3.0791    6.8945  C  0  0  0  0  0
   -1.5732   -2.3887    5.6581  C  0  0  0  0  0
   -2.4433   -2.2160    4.6142  N  0  0  0  0  0
   -2.0619   -1.5342    3.3706  C  0  0  0  0  0
   -3.0050   -1.9413    2.2193  C  0  0  0  0  0
   -3.9761   -2.8037    2.6463  O  0  0  0  0  0
   -4.8999   -3.2829    1.6453  C  0  0  0  0  0
  1 16  1  0  0  0
  1  2  1  0  0  0
  2  3  1  0  0  0
  3  4  1  0  0  0
  4  5  1  0  0  0
  5  6  1  0  0  0
  6  7  1  0  0  0
  7  8  1  0  0  0
  8  9  1  0  0  0
  9 10  1  0  0  0
 10 11  1  0  0  0
 11 12  1  0  0  0
 12 13  1  0  0  0
 13 14  1  0  0  0
 14 15  1  0  0  0
 15 16  1  0  0  0
M  END
$$$$
O1CCNCCCCCNCCNCCC1
  -ISIS-

 16 16  0  0  0  0  0  0  0  0  1
   -6.0907   -2.3339    1.4397  C  0  0  0  0  0
   -6.8476   -2.2261    2.7781  C  0  0  0  0  0
   -6.6569   -1.0516    3.4695  N  0  0  0  0  0
   -7.3586   -0.7327    4.7138  C  0  0  0  0  0
   -6.6587   -1.3682    5.9429  C  0  0  0  0  0
   -6.4954   -2.7350    5.8535  N  0  0  0  0  0
   -6.0037   -3.5563    6.9393  C  0  0  0  0  0
   -4.5260   -3.9043    6.7690  C  0  0  0  0  0
   -3.5915   -2.7754    7.2244  C  0  0  0  0  0
   -2.1277   -3.0791    6.8945  C  0  0  0  0  0
   -1.5732   -2.3887    5.6581  C  0  0  0  0  0
   -2.4433   -2.2160    4.6142  N  0  0  0  0  0
   -2.0619   -1.5342    3.3706  C  0  0  0  0  0
   -3.0050   -1.9413    2.2193  C  0  0  0  0  0
   -3.9761   -2.8037    2.6463  O  0  0  0  0  0
   -4.8999   -3.2829    1.6453  C  0  0  0  0  0
  1 16  1  0  0  0
  1  2  1  0  0  0
  2  3  1  0  0  0
  3  4  1  0  0  0
  4  5  1  0  0  0
  5  6  1  0  0  0
  6  7  1  0  0  0
  7  8  1  0  0  0
  8  9  1  0  0  0
  9 10  1  0  0  0
 10 11  1  0  0  0
 11 12  1  0  0  0
 12 13  1  0  0  0
 13 14  1  0  0  0
 14 15  1  0  0  0
 15 16  1  0  0  0
M  END
$$$$
O1CCNCCCCCNCCNCCC1
  -ISIS-

 16 16  0  0  0  0  0  0  0  0  1
   -6.0907   -2.3339    1.4397  C  0  0  0  0  0
   -6.8476   -2.2261    2.7781  C  0  0  0  0  0
   -6.6569   -1.0516    3.4695  N  0  0  0  0  0
   -7.3586   -0.7327    4.7138  C  0  0  0  0  0
   -6.6587   -1.3682    5.9429  C  0  0  0  0  0
   -6.4954   -2.7350    5.8535  N  0  0  0  0  0
   -6.0037   -3.5563    6.9393  C  0  0  0  0  0
   -4.5260   -3.9043    6.7690  C  0  0  0  0  0
   -3.5915   -2.7754    7.2244  C  0  0  0  0  0
   -2.1277   -3.0791    6.8945  C  0  0  0  0  0
   -1.5732   -2.3887    5.6581  C  0  0  0  0  0
   -2.4433   -2.2160    4.6142  N  0  0  0  0  0
   -2.0619   -1.5342    3.3706  C  0  0  0  0  0
   -3.0050   -1.9413    2.2193  C  0  0  0  0  0
   -3.9761   -2.8037    2.6463  O  0  0  0  0  0
   -4.8999   -3.2829    1.6453  C  0  0  0  0  0
  1 16  1  0  0  0
  1  2  1  0  0  0
  2  3  1  0  0  0
  3  4  1  0  0  0
  4  5  1  0  0  0
  5  6  1  0  0  0
  6  7  1  0  0  0
  7  8  1  0  0  0
  8  9  1  0  0  0
  9 10  1  0  0  0
 10 11  1  0  0  0
 11 12  1  0  0  0
 12 13  1  0  0  0
 13 14  1  0  0  0
 14 15  1  0  0  0
 15 16  1  0  0  0
M  END
$$$$
