O1CC=[S]CC1
  -ISIS-

  6  6  0  0  0  0  0  0  0  0  1
   -1.5640    1.9754   -3.9822  S  0  0  0  0  0
   -3.3193    1.8618   -4.4148  C  0  0  0  0  0
   -3.6135    1.7973   -5.9067  C  0  0  0  0  0
   -3.0016    0.6707   -6.5615  O  0  0  0  0  0
   -1.6758    0.5123   -6.5056  C  0  0  0  0  0
   -1.0438    0.7005   -5.1589  C  0  0  0  0  0
  1  6  2  0  0  0
  1  2  1  0  0  0
  2  3  1  0  0  0
  3  4  1  0  0  0
  4  5  1  0  0  0
  5  6  1  0  0  0
M  END
$$$$
O1CC=[S]CC1
  -ISIS-

  6  6  0  0  0  0  0  0  0  0  1
   -1.5640    1.9754   -3.9822  S  0  0  0  0  0
   -3.3193    1.8618   -4.4148  C  0  0  0  0  0
   -3.6135    1.7973   -5.9067  C  0  0  0  0  0
   -3.0016    0.6707   -6.5615  O  0  0  0  0  0
   -1.6758    0.5123   -6.5056  C  0  0  0  0  0
   -1.0438    0.7005   -5.1589  C  0  0  0  0  0
  1  6  2  0  0  0
  1  2  1  0  0  0
  2  3  1  0  0  0
  3  4  1  0  0  0
  4  5  1  0  0  0
  5  6  1  0  0  0
M  END
$$$$
O1CC=[S]CC1
  -ISIS-

  6  6  0  0  0  0  0  0  0  0  1
   -1.5640    1.9754   -3.9822  S  0  0  0  0  0
   -3.3193    1.8618   -4.4148  C  0  0  0  0  0
   -3.6135    1.7973   -5.9067  C  0  0  0  0  0
   -3.0016    0.6707   -6.5615  O  0  0  0  0  0
   -1.6758    0.5123   -6.5056  C  0  0  0  0  0
   -1.0438    0.7005   -5.1589  C  0  0  0  0  0
  1  6  2  0  0  0
  1  2  1  0  0  0
  2  3  1  0  0  0
  3  4  1  0  0  0
  4  5  1  0  0  0
  5  6  1  0  0  0
M  END
$$$$
O1CC=[S]CC1
  -ISIS-

  6  6  0  0  0  0  0  0  0  0  1
   -1.5640    1.9754   -3.9822  S  0  0  0  0  0
   -3.3193    1.8618   -4.4148  C  0  0  0  0  0
   -3.6135    1.7973   -5.9067  C  0  0  0  0  0
   -3.0016    0.6707   -6.5615  O  0  0  0  0  0
   -1.6758    0.5123   -6.5056  C  0  0  0  0  0
   -1.0438    0.7005   -5.1589  C  0  0  0  0  0
  1  6  2  0  0  0
  1  2  1  0  0  0
  2  3  1  0  0  0
  3  4  1  0  0  0
  4  5  1  0  0  0
  5  6  1  0  0  0
M  END
$$$$
O1CC=[S]CC1
  -ISIS-

  6  6  0  0  0  0  0  0  0  0  1
   -1.2167    2.3218   -3.6347  S  0  0  0  0  0
   -2.9720    2.2088   -4.0671  C  0  0  0  0  0
   -3.2663    2.1451   -5.5591  C  0  0  0  0  0
   -2.6549    1.0185   -6.2143  O  0  0  0  0  0
   -1.3291    0.8602   -6.1590  C  0  0  0  0  0
   -0.6968    1.0475   -4.8123  C  0  0  0  0  0
  1  6  2  0  0  0
  1  2  1  0  0  0
  2  3  1  0  0  0
  3  4  1  0  0  0
  4  5  1  0  0  0
  5  6  1  0  0  0
M  END
$$$$
O1CC=[S]CC1
  -ISIS-

  6  6  0  0  0  0  0  0  0  0  1
   -1.2167    2.3218   -3.6347  S  0  0  0  0  0
   -2.9720    2.2088   -4.0671  C  0  0  0  0  0
   -3.2663    2.1451   -5.5591  C  0  0  0  0  0
   -2.6549    1.0185   -6.2143  O  0  0  0  0  0
   -1.3291    0.8602   -6.1590  C  0  0  0  0  0
   -0.6968    1.0475   -4.8123  C  0  0  0  0  0
  1  6  2  0  0  0
  1  2  1  0  0  0
  2  3  1  0  0  0
  3  4  1  0  0  0
  4  5  1  0  0  0
  5  6  1  0  0  0
M  END
$$$$
O1CC=[S]CC1
  -ISIS-

  6  6  0  0  0  0  0  0  0  0  1
   -1.2167    2.3218   -3.6347  S  0  0  0  0  0
   -2.9720    2.2088   -4.0671  C  0  0  0  0  0
   -3.2663    2.1451   -5.5591  C  0  0  0  0  0
   -2.6549    1.0185   -6.2143  O  0  0  0  0  0
   -1.3291    0.8602   -6.1590  C  0  0  0  0  0
   -0.6968    1.0475   -4.8123  C  0  0  0  0  0
  1  6  2  0  0  0
  1  2  1  0  0  0
  2  3  1  0  0  0
  3  4  1  0  0  0
  4  5  1  0  0  0
  5  6  1  0  0  0
M  END
$$$$
O1CC=[S]CC1
  -ISIS-

  6  6  0  0  0  0  0  0  0  0  1
   -1.2167    2.3218   -3.6347  S  0  0  0  0  0
   -2.9720    2.2088   -4.0671  C  0  0  0  0  0
   -3.2663    2.1451   -5.5591  C  0  0  0  0  0
   -2.6549    1.0185   -6.2143  O  0  0  0  0  0
   -1.3291    0.8602   -6.1590  C  0  0  0  0  0
   -0.6968    1.0475   -4.8123  C  0  0  0  0  0
  1  6  2  0  0  0
  1  2  1  0  0  0
  2  3  1  0  0  0
  3  4  1  0  0  0
  4  5  1  0  0  0
  5  6  1  0  0  0
M  END
$$$$
