O1CCCCOCCCCCCCCCC1
  -ISIS-

 16 16  0  0  0  0  0  0  0  0  1
   -2.5717    5.4251    4.0545  C  0  0  0  0  0
   -3.8030    5.2152    3.2030  C  0  0  0  0  0
   -3.9243    3.7567    2.7534  C  0  0  0  0  0
   -3.3389    3.5171    1.3537  C  0  0  0  0  0
   -3.0168    2.0399    1.0922  C  0  0  0  0  0
   -1.6799    1.6358    1.7233  C  0  0  0  0  0
   -1.3714    0.1510    1.5463  C  0  0  0  0  0
   -0.0749   -0.2834    2.2474  C  0  0  0  0  0
    1.2041    0.0296    1.4724  C  0  0  0  0  0
    1.7364    1.4298    1.6604  C  0  0  0  0  0
    2.1955    1.6107    2.9307  O  0  0  0  0  0
    2.8571    2.8602    3.2060  C  0  0  0  0  0
    1.9653    3.7849    4.0360  C  0  0  0  0  0
    0.6940    4.1696    3.2894  C  0  0  0  0  0
   -0.2258    5.0871    4.0842  C  0  0  0  0  0
   -1.4485    5.1741    3.3350  O  0  0  0  0  0
  1 16  1  0  0  0
  1  2  1  0  0  0
  2  3  1  0  0  0
  3  4  1  0  0  0
  4  5  1  0  0  0
  5  6  1  0  0  0
  6  7  1  0  0  0
  7  8  1  0  0  0
  8  9  1  0  0  0
  9 10  1  0  0  0
 10 11  1  0  0  0
 11 12  1  0  0  0
 12 13  1  0  0  0
 13 14  1  0  0  0
 14 15  1  0  0  0
 15 16  1  0  0  0
M  END
$$$$
