O1CC2C(CC=CC2)CC1
  -ISIS-

 10 11  0  0  0  0  0  0  0  0  1
    4.1259   -3.2703   -2.3909  C  0  0  0  0  0
    4.5374   -3.9482   -1.0665  C  0  0  0  0  0
    5.0133   -5.3674   -1.2189  C  0  0  0  0  0
    4.6755   -6.1691   -2.2442  C  0  0  0  0  0
    3.8391   -5.6171   -3.3542  C  0  0  0  0  0
    3.2238   -4.2199   -3.2102  C  0  0  0  0  0
    2.9531   -3.6394   -4.6062  C  0  0  0  0  0
    4.2618   -3.2786   -5.3169  C  0  0  0  0  0
    5.0287   -2.3905   -4.4997  O  0  0  0  0  0
    5.3860   -2.9567   -3.2410  C  0  0  0  0  0
  1  6  1  0  0  0
  1 10  1  0  0  0
  1  2  1  0  0  0
  2  3  1  0  0  0
  3  4  2  0  0  0
  4  5  1  0  0  0
  5  6  1  0  0  0
  6  7  1  0  0  0
  7  8  1  0  0  0
  8  9  1  0  0  0
  9 10  1  0  0  0
M  END
$$$$
