O1S2(OCCC2)CCC1
  -ISIS-

  9 10  0  0  0  0  0  0  0  0  1
   -4.5474    3.1913   -2.6829  C  0  0  0  0  0
   -3.2627    3.7556   -2.0797  C  0  0  0  0  0
   -2.1844    2.6715   -2.0591  C  0  0  0  0  0
   -2.7738    1.5005   -3.2225  S  0  0  0  0  0
   -4.2851    2.0278   -3.3498  O  0  0  0  0  0
   -2.0965    1.1915   -4.8092  C  0  0  0  0  0
   -1.4428   -0.1815   -4.6472  C  0  0  0  0  0
   -2.0211   -0.8847   -3.4210  C  0  0  0  0  0
   -2.6725    0.0140   -2.6240  O  0  0  0  0  0
  1  5  1  0  0  0
  1  2  1  0  0  0
  2  3  1  0  0  0
  3  4  1  0  0  0
  4  9  1  0  0  0
  4  5  1  0  0  0
  4  6  1  0  0  0
  6  7  1  0  0  0
  7  8  1  0  0  0
  8  9  1  0  0  0
M  END
$$$$
