O1SOCC1
  -ISIS-

  5  5  0  0  0  0  0  0  0  0  1
   -5.9636    4.1092    1.4065  C  0  0  0  0  0
   -5.7933    5.4973    1.0574  O  0  0  0  0  0
   -6.3522    5.7741   -0.4337  S  0  0  0  0  0
   -7.2427    4.4300   -0.5568  O  0  0  0  0  0
   -7.3082    3.7681    0.7140  C  0  0  0  0  0
  1  5  1  0  0  0
  1  2  1  0  0  0
  2  3  1  0  0  0
  3  4  1  0  0  0
  4  5  1  0  0  0
M  END
$$$$
O1SOCC1
  -ISIS-

  5  5  0  0  0  0  0  0  0  0  1
   -5.9636    4.1092    1.4065  C  0  0  0  0  0
   -5.7933    5.4973    1.0574  O  0  0  0  0  0
   -6.3522    5.7741   -0.4337  S  0  0  0  0  0
   -7.2427    4.4300   -0.5568  O  0  0  0  0  0
   -7.3082    3.7681    0.7140  C  0  0  0  0  0
  1  5  1  0  0  0
  1  2  1  0  0  0
  2  3  1  0  0  0
  3  4  1  0  0  0
  4  5  1  0  0  0
M  END
$$$$
O1SOCC1
  -ISIS-

  5  5  0  0  0  0  0  0  0  0  1
   -5.9636    4.1092    1.4065  C  0  0  0  0  0
   -5.7933    5.4973    1.0574  O  0  0  0  0  0
   -6.3522    5.7741   -0.4337  S  0  0  0  0  0
   -7.2427    4.4300   -0.5568  O  0  0  0  0  0
   -7.3082    3.7681    0.7140  C  0  0  0  0  0
  1  5  1  0  0  0
  1  2  1  0  0  0
  2  3  1  0  0  0
  3  4  1  0  0  0
  4  5  1  0  0  0
M  END
$$$$
O1SOCC1
  -ISIS-

  5  5  0  0  0  0  0  0  0  0  1
   -6.9948    1.8917   -1.8755  C  0  0  0  0  0
   -7.8172    1.8016   -3.1867  C  0  0  0  0  0
   -8.4201    3.0952   -3.3292  O  0  0  0  0  0
   -7.4625    4.2249   -2.6801  S  0  0  0  0  0
   -6.4208    3.2101   -1.9747  O  0  0  0  0  0
  1  5  1  0  0  0
  1  2  1  0  0  0
  2  3  1  0  0  0
  3  4  1  0  0  0
  4  5  1  0  0  0
M  END
$$$$
O1SOCC1
  -ISIS-

  5  5  0  0  0  0  0  0  0  0  1
   -6.9948    1.8917   -1.8755  C  0  0  0  0  0
   -7.8172    1.8016   -3.1867  C  0  0  0  0  0
   -8.4201    3.0952   -3.3292  O  0  0  0  0  0
   -7.4625    4.2249   -2.6801  S  0  0  0  0  0
   -6.4208    3.2101   -1.9747  O  0  0  0  0  0
  1  5  1  0  0  0
  1  2  1  0  0  0
  2  3  1  0  0  0
  3  4  1  0  0  0
  4  5  1  0  0  0
M  END
$$$$
O1SOCC1
  -ISIS-

  5  5  0  0  0  0  0  0  0  0  1
   -6.9948    1.8917   -1.8755  C  0  0  0  0  0
   -7.8172    1.8016   -3.1867  C  0  0  0  0  0
   -8.4201    3.0952   -3.3292  O  0  0  0  0  0
   -7.4625    4.2249   -2.6801  S  0  0  0  0  0
   -6.4208    3.2101   -1.9747  O  0  0  0  0  0
  1  5  1  0  0  0
  1  2  1  0  0  0
  2  3  1  0  0  0
  3  4  1  0  0  0
  4  5  1  0  0  0
M  END
$$$$
O1SOCC1
  -ISIS-

  5  5  0  0  0  0  0  0  0  0  1
    6.5613    0.4225    6.0908  O  0  0  0  0  0
    5.7770    1.1269    5.1246  C  0  0  0  0  0
    5.8233    0.2342    3.9035  C  0  0  0  0  0
    7.1906   -0.1647    3.8340  O  0  0  0  0  0
    7.7543   -0.3710    5.3373  S  0  0  0  0  0
  1  5  1  0  0  0
  1  2  1  0  0  0
  2  3  1  0  0  0
  3  4  1  0  0  0
  4  5  1  0  0  0
M  END
$$$$
O1SOCC1
  -ISIS-

  5  5  0  0  0  0  0  0  0  0  1
    6.5613    0.4225    6.0908  O  0  0  0  0  0
    5.7770    1.1269    5.1246  C  0  0  0  0  0
    5.8233    0.2342    3.9035  C  0  0  0  0  0
    7.1906   -0.1647    3.8340  O  0  0  0  0  0
    7.7543   -0.3710    5.3373  S  0  0  0  0  0
  1  5  1  0  0  0
  1  2  1  0  0  0
  2  3  1  0  0  0
  3  4  1  0  0  0
  4  5  1  0  0  0
M  END
$$$$
O1SOCC1
  -ISIS-

  5  5  0  0  0  0  0  0  0  0  1
    6.7491   -2.9673   10.2441  O  0  0  0  0  0
    5.4369   -2.6925   10.7441  C  0  0  0  0  0
    5.6431   -1.5212   11.6774  C  0  0  0  0  0
    6.8352   -1.8499   12.3817  O  0  0  0  0  0
    7.8501   -2.6047   11.3727  S  0  0  0  0  0
  1  5  1  0  0  0
  1  2  1  0  0  0
  2  3  1  0  0  0
  3  4  1  0  0  0
  4  5  1  0  0  0
M  END
$$$$
O1SOCC1
  -ISIS-

  5  5  0  0  0  0  0  0  0  0  1
    6.7491   -2.9673   10.2441  O  0  0  0  0  0
    5.4369   -2.6925   10.7441  C  0  0  0  0  0
    5.6431   -1.5212   11.6774  C  0  0  0  0  0
    6.8352   -1.8499   12.3817  O  0  0  0  0  0
    7.8501   -2.6047   11.3727  S  0  0  0  0  0
  1  5  1  0  0  0
  1  2  1  0  0  0
  2  3  1  0  0  0
  3  4  1  0  0  0
  4  5  1  0  0  0
M  END
$$$$
O1SOCC1
  -ISIS-

  5  5  0  0  0  0  0  0  0  0  1
    5.5574    4.0322   -6.6364  O  0  0  0  0  0
    6.9362    3.6637   -6.6382  C  0  0  0  0  0
    7.6064    4.7132   -5.7763  C  0  0  0  0  0
    6.6949    4.9424   -4.7076  O  0  0  0  0  0
    5.1794    4.7639   -5.2432  S  0  0  0  0  0
  1  5  1  0  0  0
  1  2  1  0  0  0
  2  3  1  0  0  0
  3  4  1  0  0  0
  4  5  1  0  0  0
M  END
$$$$
O1SOCC1
  -ISIS-

  5  5  0  0  0  0  0  0  0  0  1
    5.5574    4.0322   -6.6364  O  0  0  0  0  0
    6.9362    3.6637   -6.6382  C  0  0  0  0  0
    7.6064    4.7132   -5.7763  C  0  0  0  0  0
    6.6949    4.9424   -4.7076  O  0  0  0  0  0
    5.1794    4.7639   -5.2432  S  0  0  0  0  0
  1  5  1  0  0  0
  1  2  1  0  0  0
  2  3  1  0  0  0
  3  4  1  0  0  0
  4  5  1  0  0  0
M  END
$$$$
O1SOCC1
  -ISIS-

  5  5  0  0  0  0  0  0  0  0  1
    4.8243   -8.2713   -2.5147  O  0  0  0  0  0
    4.4648   -8.7018   -3.8312  C  0  0  0  0  0
    5.7342   -9.3207   -4.3704  C  0  0  0  0  0
    6.7576   -8.4255   -3.9510  O  0  0  0  0  0
    6.3864   -7.8527   -2.4841  S  0  0  0  0  0
  1  5  1  0  0  0
  1  2  1  0  0  0
  2  3  1  0  0  0
  3  4  1  0  0  0
  4  5  1  0  0  0
M  END
$$$$
O1SOCC1
  -ISIS-

  5  5  0  0  0  0  0  0  0  0  1
    4.8243   -8.2713   -2.5147  O  0  0  0  0  0
    4.4648   -8.7018   -3.8312  C  0  0  0  0  0
    5.7342   -9.3207   -4.3704  C  0  0  0  0  0
    6.7576   -8.4255   -3.9510  O  0  0  0  0  0
    6.3864   -7.8527   -2.4841  S  0  0  0  0  0
  1  5  1  0  0  0
  1  2  1  0  0  0
  2  3  1  0  0  0
  3  4  1  0  0  0
  4  5  1  0  0  0
M  END
$$$$
O1SOCC1
  -ISIS-

  5  5  0  0  0  0  0  0  0  0  1
    3.4098   -3.8282   -6.0994  O  0  0  0  0  0
    3.1006   -4.8808   -7.0168  C  0  0  0  0  0
    4.4118   -5.1379   -7.7278  C  0  0  0  0  0
    4.9102   -3.8282   -7.9926  O  0  0  0  0  0
    4.5292   -2.8589   -6.7537  S  0  0  0  0  0
  1  5  1  0  0  0
  1  2  1  0  0  0
  2  3  1  0  0  0
  3  4  1  0  0  0
  4  5  1  0  0  0
M  END
$$$$
O1SOCC1
  -ISIS-

  5  5  0  0  0  0  0  0  0  0  1
    3.4098   -3.8282   -6.0994  O  0  0  0  0  0
    3.1006   -4.8808   -7.0168  C  0  0  0  0  0
    4.4118   -5.1379   -7.7278  C  0  0  0  0  0
    4.9102   -3.8282   -7.9926  O  0  0  0  0  0
    4.5292   -2.8589   -6.7537  S  0  0  0  0  0
  1  5  1  0  0  0
  1  2  1  0  0  0
  2  3  1  0  0  0
  3  4  1  0  0  0
  4  5  1  0  0  0
M  END
$$$$
O1SOCC1
  -ISIS-

  5  5  0  0  0  0  0  0  0  0  1
    5.6557    0.9467    3.9291  O  0  0  0  0  0
    6.5110    1.2943    2.8407  C  0  0  0  0  0
    7.7284    0.4129    3.0267  C  0  0  0  0  0
    7.2080   -0.8424    3.4522  O  0  0  0  0  0
    5.8694   -0.6066    4.3286  S  0  0  0  0  0
  1  5  1  0  0  0
  1  2  1  0  0  0
  2  3  1  0  0  0
  3  4  1  0  0  0
  4  5  1  0  0  0
M  END
$$$$
O1SOCC1
  -ISIS-

  5  5  0  0  0  0  0  0  0  0  1
    5.6557    0.9467    3.9291  O  0  0  0  0  0
    6.5110    1.2943    2.8407  C  0  0  0  0  0
    7.7284    0.4129    3.0267  C  0  0  0  0  0
    7.2080   -0.8424    3.4522  O  0  0  0  0  0
    5.8694   -0.6066    4.3286  S  0  0  0  0  0
  1  5  1  0  0  0
  1  2  1  0  0  0
  2  3  1  0  0  0
  3  4  1  0  0  0
  4  5  1  0  0  0
M  END
$$$$
O1SOCC1
  -ISIS-

  5  5  0  0  0  0  0  0  0  0  1
    7.9906    2.5692    0.7836  O  0  0  0  0  0
    7.5828    1.2512    0.4220  C  0  0  0  0  0
    6.0800    1.3460    0.2673  C  0  0  0  0  0
    5.6765    2.1718    1.3553  O  0  0  0  0  0
    6.8104    3.2947    1.6194  S  0  0  0  0  0
  1  5  1  0  0  0
  1  2  1  0  0  0
  2  3  1  0  0  0
  3  4  1  0  0  0
  4  5  1  0  0  0
M  END
$$$$
O1SOCC1
  -ISIS-

  5  5  0  0  0  0  0  0  0  0  1
    7.9906    2.5692    0.7836  O  0  0  0  0  0
    7.5828    1.2512    0.4220  C  0  0  0  0  0
    6.0800    1.3460    0.2673  C  0  0  0  0  0
    5.6765    2.1718    1.3553  O  0  0  0  0  0
    6.8104    3.2947    1.6194  S  0  0  0  0  0
  1  5  1  0  0  0
  1  2  1  0  0  0
  2  3  1  0  0  0
  3  4  1  0  0  0
  4  5  1  0  0  0
M  END
$$$$
O1SOCC1
  -ISIS-

  5  5  0  0  0  0  0  0  0  0  1
    6.5963   -8.0937   -3.3816  O  0  0  0  0  0
    5.2117   -7.8104   -3.1826  C  0  0  0  0  0
    4.9967   -6.4851   -3.8833  C  0  0  0  0  0
    5.7816   -6.5674   -5.0683  O  0  0  0  0  0
    7.0944   -7.4693   -4.7886  S  0  0  0  0  0
  1  5  1  0  0  0
  1  2  1  0  0  0
  2  3  1  0  0  0
  3  4  1  0  0  0
  4  5  1  0  0  0
M  END
$$$$
O1SOCC1
  -ISIS-

  5  5  0  0  0  0  0  0  0  0  1
    6.5963   -8.0937   -3.3816  O  0  0  0  0  0
    5.2117   -7.8104   -3.1826  C  0  0  0  0  0
    4.9967   -6.4851   -3.8833  C  0  0  0  0  0
    5.7816   -6.5674   -5.0683  O  0  0  0  0  0
    7.0944   -7.4693   -4.7886  S  0  0  0  0  0
  1  5  1  0  0  0
  1  2  1  0  0  0
  2  3  1  0  0  0
  3  4  1  0  0  0
  4  5  1  0  0  0
M  END
$$$$
O1SOCC1
  -ISIS-

  5  5  0  0  0  0  0  0  0  0  1
    3.8937   -1.1851    1.4258  C  0  0  0  0  0
    2.5475   -1.7111    0.9765  C  0  0  0  0  0
    2.2405   -2.7207    1.9328  O  0  0  0  0  0
    2.7927   -2.2638    3.3829  S  0  0  0  0  0
    3.7945   -1.1118    2.8466  O  0  0  0  0  0
  1  5  1  0  0  0
  1  2  1  0  0  0
  2  3  1  0  0  0
  3  4  1  0  0  0
  4  5  1  0  0  0
M  END
$$$$
O1SOCC1
  -ISIS-

  5  5  0  0  0  0  0  0  0  0  1
    3.8937   -1.1851    1.4258  C  0  0  0  0  0
    2.5475   -1.7111    0.9765  C  0  0  0  0  0
    2.2405   -2.7207    1.9328  O  0  0  0  0  0
    2.7927   -2.2638    3.3829  S  0  0  0  0  0
    3.7945   -1.1118    2.8466  O  0  0  0  0  0
  1  5  1  0  0  0
  1  2  1  0  0  0
  2  3  1  0  0  0
  3  4  1  0  0  0
  4  5  1  0  0  0
M  END
$$$$
O1SOCC1
  -ISIS-

  5  5  0  0  0  0  0  0  0  0  1
    6.5996   -1.8717    7.2705  C  0  0  0  0  0
    7.5449   -1.9823    6.2055  O  0  0  0  0  0
    8.8119   -2.8632    6.6907  S  0  0  0  0  0
    8.1277   -3.4295    8.0430  O  0  0  0  0  0
    6.7217   -3.2101    7.9741  C  0  0  0  0  0
  1  5  1  0  0  0
  1  2  1  0  0  0
  2  3  1  0  0  0
  3  4  1  0  0  0
  4  5  1  0  0  0
M  END
$$$$
O1SOCC1
  -ISIS-

  5  5  0  0  0  0  0  0  0  0  1
    6.5996   -1.8717    7.2705  C  0  0  0  0  0
    7.5449   -1.9823    6.2055  O  0  0  0  0  0
    8.8119   -2.8632    6.6907  S  0  0  0  0  0
    8.1277   -3.4295    8.0430  O  0  0  0  0  0
    6.7217   -3.2101    7.9741  C  0  0  0  0  0
  1  5  1  0  0  0
  1  2  1  0  0  0
  2  3  1  0  0  0
  3  4  1  0  0  0
  4  5  1  0  0  0
M  END
$$$$
O1SOCC1
  -ISIS-

  5  5  0  0  0  0  0  0  0  0  1
    1.9949    1.7260    1.7026  S  0  0  0  0  0
    1.9430    1.8240    3.3170  O  0  0  0  0  0
    1.0045    2.8224    3.7426  C  0  0  0  0  0
    0.8365    3.7475    2.5283  C  0  0  0  0  0
    0.8932    2.8676    1.4047  O  0  0  0  0  0
  1  5  1  0  0  0
  1  2  1  0  0  0
  2  3  1  0  0  0
  3  4  1  0  0  0
  4  5  1  0  0  0
M  END
$$$$
O1SOCC1
  -ISIS-

  5  5  0  0  0  0  0  0  0  0  1
    1.9949    1.7260    1.7026  S  0  0  0  0  0
    1.9430    1.8240    3.3170  O  0  0  0  0  0
    1.0045    2.8224    3.7426  C  0  0  0  0  0
    0.8365    3.7475    2.5283  C  0  0  0  0  0
    0.8932    2.8676    1.4047  O  0  0  0  0  0
  1  5  1  0  0  0
  1  2  1  0  0  0
  2  3  1  0  0  0
  3  4  1  0  0  0
  4  5  1  0  0  0
M  END
$$$$
O1SOCC1
  -ISIS-

  5  5  0  0  0  0  0  0  0  0  1
    1.9949    1.7260    1.7026  S  0  0  0  0  0
    1.9430    1.8240    3.3170  O  0  0  0  0  0
    1.0045    2.8224    3.7426  C  0  0  0  0  0
    0.8365    3.7475    2.5283  C  0  0  0  0  0
    0.8932    2.8676    1.4047  O  0  0  0  0  0
  1  5  1  0  0  0
  1  2  1  0  0  0
  2  3  1  0  0  0
  3  4  1  0  0  0
  4  5  1  0  0  0
M  END
$$$$
O1SOCC1
  -ISIS-

  5  5  0  0  0  0  0  0  0  0  1
   -2.3498    3.7020   -0.3880  S  0  0  0  0  0
   -2.6007    2.1115   -0.4285  O  0  0  0  0  0
   -2.0589    1.4193    0.7377  C  0  0  0  0  0
   -1.9633    2.6070    1.8363  C  0  0  0  0  0
   -1.5650    3.7367    1.0124  O  0  0  0  0  0
  1  5  1  0  0  0
  1  2  1  0  0  0
  2  3  1  0  0  0
  3  4  1  0  0  0
  4  5  1  0  0  0
M  END
$$$$
O1SOCC1
  -ISIS-

  5  5  0  0  0  0  0  0  0  0  1
   -2.3498    3.7020   -0.3880  S  0  0  0  0  0
   -2.6007    2.1115   -0.4285  O  0  0  0  0  0
   -2.0589    1.4193    0.7377  C  0  0  0  0  0
   -1.9633    2.6070    1.8363  C  0  0  0  0  0
   -1.5650    3.7367    1.0124  O  0  0  0  0  0
  1  5  1  0  0  0
  1  2  1  0  0  0
  2  3  1  0  0  0
  3  4  1  0  0  0
  4  5  1  0  0  0
M  END
$$$$
O1SOCC1
  -ISIS-

  5  5  0  0  0  0  0  0  0  0  1
   -2.3498    3.7020   -0.3880  S  0  0  0  0  0
   -2.6007    2.1115   -0.4285  O  0  0  0  0  0
   -2.0589    1.4193    0.7377  C  0  0  0  0  0
   -1.9633    2.6070    1.8363  C  0  0  0  0  0
   -1.5650    3.7367    1.0124  O  0  0  0  0  0
  1  5  1  0  0  0
  1  2  1  0  0  0
  2  3  1  0  0  0
  3  4  1  0  0  0
  4  5  1  0  0  0
M  END
$$$$
