S1C=CCCC1
  -ISIS-

  6  6  0  0  0  0  0  0  0  0  1
   -2.5645    7.9550  -10.4336  S  0  0  0  0  0
   -2.9036    6.9273   -9.0516  C  0  0  0  0  0
   -2.8433    5.5725   -9.1178  C  0  0  0  0  0
   -2.4842    4.7378  -10.3551  C  0  0  0  0  0
   -1.8799    5.4816  -11.5599  C  0  0  0  0  0
   -2.5882    6.8000  -11.8281  C  0  0  0  0  0
  1  6  1  0  0  0
  1  2  1  0  0  0
  2  3  2  0  0  0
  3  4  1  0  0  0
  4  5  1  0  0  0
  5  6  1  0  0  0
M  END
$$$$
S1C=CCCC1
  -ISIS-

  6  6  0  0  0  0  0  0  0  0  1
   -2.5645    7.9550  -10.4336  S  0  0  0  0  0
   -2.9036    6.9273   -9.0516  C  0  0  0  0  0
   -2.8433    5.5725   -9.1178  C  0  0  0  0  0
   -2.4842    4.7378  -10.3551  C  0  0  0  0  0
   -1.8799    5.4816  -11.5599  C  0  0  0  0  0
   -2.5882    6.8000  -11.8281  C  0  0  0  0  0
  1  6  1  0  0  0
  1  2  1  0  0  0
  2  3  2  0  0  0
  3  4  1  0  0  0
  4  5  1  0  0  0
  5  6  1  0  0  0
M  END
$$$$
S1C=CCCC1
  -ISIS-

  6  6  0  0  0  0  0  0  0  0  1
   -2.5645    7.9550  -10.4336  S  0  0  0  0  0
   -2.9036    6.9273   -9.0516  C  0  0  0  0  0
   -2.8433    5.5725   -9.1178  C  0  0  0  0  0
   -2.4842    4.7378  -10.3551  C  0  0  0  0  0
   -1.8799    5.4816  -11.5599  C  0  0  0  0  0
   -2.5882    6.8000  -11.8281  C  0  0  0  0  0
  1  6  1  0  0  0
  1  2  1  0  0  0
  2  3  2  0  0  0
  3  4  1  0  0  0
  4  5  1  0  0  0
  5  6  1  0  0  0
M  END
$$$$
S1C=CCCC1
  -ISIS-

  6  6  0  0  0  0  0  0  0  0  1
   -2.5645    7.9550  -10.4336  S  0  0  0  0  0
   -2.9036    6.9273   -9.0516  C  0  0  0  0  0
   -2.8433    5.5725   -9.1178  C  0  0  0  0  0
   -2.4842    4.7378  -10.3551  C  0  0  0  0  0
   -1.8799    5.4816  -11.5599  C  0  0  0  0  0
   -2.5882    6.8000  -11.8281  C  0  0  0  0  0
  1  6  1  0  0  0
  1  2  1  0  0  0
  2  3  2  0  0  0
  3  4  1  0  0  0
  4  5  1  0  0  0
  5  6  1  0  0  0
M  END
$$$$
S1C=CCCC1
  -ISIS-

  6  6  0  0  0  0  0  0  0  0  1
   -2.5645    7.9550  -10.4336  S  0  0  0  0  0
   -2.9036    6.9273   -9.0516  C  0  0  0  0  0
   -2.8433    5.5725   -9.1178  C  0  0  0  0  0
   -2.4842    4.7378  -10.3551  C  0  0  0  0  0
   -1.8799    5.4816  -11.5599  C  0  0  0  0  0
   -2.5882    6.8000  -11.8281  C  0  0  0  0  0
  1  6  1  0  0  0
  1  2  1  0  0  0
  2  3  2  0  0  0
  3  4  1  0  0  0
  4  5  1  0  0  0
  5  6  1  0  0  0
M  END
$$$$
S1C=CCCC1
  -ISIS-

  6  6  0  0  0  0  0  0  0  0  1
    6.1513   -1.6679    0.1413  C  0  0  0  0  0
    7.4506   -1.8766   -0.1800  C  0  0  0  0  0
    7.9556   -1.8772   -1.8598  S  0  0  0  0  0
    6.5693   -2.6852   -2.7370  C  0  0  0  0  0
    5.2322   -2.6213   -1.9957  C  0  0  0  0  0
    5.0037   -1.5966   -0.8693  C  0  0  0  0  0
  1  6  1  0  0  0
  1  2  2  0  0  0
  2  3  1  0  0  0
  3  4  1  0  0  0
  4  5  1  0  0  0
  5  6  1  0  0  0
M  END
$$$$
S1C=CCCC1
  -ISIS-

  6  6  0  0  0  0  0  0  0  0  1
    6.1513   -1.6679    0.1413  C  0  0  0  0  0
    7.4506   -1.8766   -0.1800  C  0  0  0  0  0
    7.9556   -1.8772   -1.8598  S  0  0  0  0  0
    6.5693   -2.6852   -2.7370  C  0  0  0  0  0
    5.2322   -2.6213   -1.9957  C  0  0  0  0  0
    5.0037   -1.5966   -0.8693  C  0  0  0  0  0
  1  6  1  0  0  0
  1  2  2  0  0  0
  2  3  1  0  0  0
  3  4  1  0  0  0
  4  5  1  0  0  0
  5  6  1  0  0  0
M  END
$$$$
S1C=CCCC1
  -ISIS-

  6  6  0  0  0  0  0  0  0  0  1
    6.1513   -1.6679    0.1413  C  0  0  0  0  0
    7.4506   -1.8766   -0.1800  C  0  0  0  0  0
    7.9556   -1.8772   -1.8598  S  0  0  0  0  0
    6.5693   -2.6852   -2.7370  C  0  0  0  0  0
    5.2322   -2.6213   -1.9957  C  0  0  0  0  0
    5.0037   -1.5966   -0.8693  C  0  0  0  0  0
  1  6  1  0  0  0
  1  2  2  0  0  0
  2  3  1  0  0  0
  3  4  1  0  0  0
  4  5  1  0  0  0
  5  6  1  0  0  0
M  END
$$$$
S1C=CCCC1
  -ISIS-

  6  6  0  0  0  0  0  0  0  0  1
    6.1513   -1.6679    0.1413  C  0  0  0  0  0
    7.4506   -1.8766   -0.1800  C  0  0  0  0  0
    7.9556   -1.8772   -1.8598  S  0  0  0  0  0
    6.5693   -2.6852   -2.7370  C  0  0  0  0  0
    5.2322   -2.6213   -1.9957  C  0  0  0  0  0
    5.0037   -1.5966   -0.8693  C  0  0  0  0  0
  1  6  1  0  0  0
  1  2  2  0  0  0
  2  3  1  0  0  0
  3  4  1  0  0  0
  4  5  1  0  0  0
  5  6  1  0  0  0
M  END
$$$$
S1C=CCCC1
  -ISIS-

  6  6  0  0  0  0  0  0  0  0  1
    6.1513   -1.6679    0.1413  C  0  0  0  0  0
    7.4506   -1.8766   -0.1800  C  0  0  0  0  0
    7.9556   -1.8772   -1.8598  S  0  0  0  0  0
    6.5693   -2.6852   -2.7370  C  0  0  0  0  0
    5.2322   -2.6213   -1.9957  C  0  0  0  0  0
    5.0037   -1.5966   -0.8693  C  0  0  0  0  0
  1  6  1  0  0  0
  1  2  2  0  0  0
  2  3  1  0  0  0
  3  4  1  0  0  0
  4  5  1  0  0  0
  5  6  1  0  0  0
M  END
$$$$
S1C=CCCC1
  -ISIS-

  6  6  0  0  0  0  0  0  0  0  1
   -3.1347    6.5848   -3.6869  S  0  0  0  0  0
   -3.9193    5.5402   -2.5167  C  0  0  0  0  0
   -3.3816    5.2992   -1.2943  C  0  0  0  0  0
   -2.0726    5.8792   -0.7379  C  0  0  0  0  0
   -1.3566    6.9590   -1.5705  C  0  0  0  0  0
   -1.4305    6.6799   -3.0639  C  0  0  0  0  0
  1  6  1  0  0  0
  1  2  1  0  0  0
  2  3  2  0  0  0
  3  4  1  0  0  0
  4  5  1  0  0  0
  5  6  1  0  0  0
M  END
$$$$
S1C=CCCC1
  -ISIS-

  6  6  0  0  0  0  0  0  0  0  1
   -3.1347    6.5848   -3.6869  S  0  0  0  0  0
   -3.9193    5.5402   -2.5167  C  0  0  0  0  0
   -3.3816    5.2992   -1.2943  C  0  0  0  0  0
   -2.0726    5.8792   -0.7379  C  0  0  0  0  0
   -1.3566    6.9590   -1.5705  C  0  0  0  0  0
   -1.4305    6.6799   -3.0639  C  0  0  0  0  0
  1  6  1  0  0  0
  1  2  1  0  0  0
  2  3  2  0  0  0
  3  4  1  0  0  0
  4  5  1  0  0  0
  5  6  1  0  0  0
M  END
$$$$
S1C=CCCC1
  -ISIS-

  6  6  0  0  0  0  0  0  0  0  1
   -3.1347    6.5848   -3.6869  S  0  0  0  0  0
   -3.9193    5.5402   -2.5167  C  0  0  0  0  0
   -3.3816    5.2992   -1.2943  C  0  0  0  0  0
   -2.0726    5.8792   -0.7379  C  0  0  0  0  0
   -1.3566    6.9590   -1.5705  C  0  0  0  0  0
   -1.4305    6.6799   -3.0639  C  0  0  0  0  0
  1  6  1  0  0  0
  1  2  1  0  0  0
  2  3  2  0  0  0
  3  4  1  0  0  0
  4  5  1  0  0  0
  5  6  1  0  0  0
M  END
$$$$
S1C=CCCC1
  -ISIS-

  6  6  0  0  0  0  0  0  0  0  1
   -3.1347    6.5848   -3.6869  S  0  0  0  0  0
   -3.9193    5.5402   -2.5167  C  0  0  0  0  0
   -3.3816    5.2992   -1.2943  C  0  0  0  0  0
   -2.0726    5.8792   -0.7379  C  0  0  0  0  0
   -1.3566    6.9590   -1.5705  C  0  0  0  0  0
   -1.4305    6.6799   -3.0639  C  0  0  0  0  0
  1  6  1  0  0  0
  1  2  1  0  0  0
  2  3  2  0  0  0
  3  4  1  0  0  0
  4  5  1  0  0  0
  5  6  1  0  0  0
M  END
$$$$
S1C=CCCC1
  -ISIS-

  6  6  0  0  0  0  0  0  0  0  1
   -3.1347    6.5848   -3.6869  S  0  0  0  0  0
   -3.9193    5.5402   -2.5167  C  0  0  0  0  0
   -3.3816    5.2992   -1.2943  C  0  0  0  0  0
   -2.0726    5.8792   -0.7379  C  0  0  0  0  0
   -1.3566    6.9590   -1.5705  C  0  0  0  0  0
   -1.4305    6.6799   -3.0639  C  0  0  0  0  0
  1  6  1  0  0  0
  1  2  1  0  0  0
  2  3  2  0  0  0
  3  4  1  0  0  0
  4  5  1  0  0  0
  5  6  1  0  0  0
M  END
$$$$
S1C=CCCC1
  -ISIS-

  6  6  0  0  0  0  0  0  0  0  1
    3.6408   -5.0432    1.9735  C  0  0  0  0  0
    3.0257   -6.2515    1.9666  C  0  0  0  0  0
    1.3034   -6.4133    1.6909  S  0  0  0  0  0
    0.6790   -4.7569    2.0941  C  0  0  0  0  0
    1.4700   -3.6283    1.4426  C  0  0  0  0  0
    2.9797   -3.6831    1.7472  C  0  0  0  0  0
  1  6  1  0  0  0
  1  2  2  0  0  0
  2  3  1  0  0  0
  3  4  1  0  0  0
  4  5  1  0  0  0
  5  6  1  0  0  0
M  END
$$$$
S1C=CCCC1
  -ISIS-

  6  6  0  0  0  0  0  0  0  0  1
    3.6408   -5.0432    1.9735  C  0  0  0  0  0
    3.0257   -6.2515    1.9666  C  0  0  0  0  0
    1.3034   -6.4133    1.6909  S  0  0  0  0  0
    0.6790   -4.7569    2.0941  C  0  0  0  0  0
    1.4700   -3.6283    1.4426  C  0  0  0  0  0
    2.9797   -3.6831    1.7472  C  0  0  0  0  0
  1  6  1  0  0  0
  1  2  2  0  0  0
  2  3  1  0  0  0
  3  4  1  0  0  0
  4  5  1  0  0  0
  5  6  1  0  0  0
M  END
$$$$
S1C=CCCC1
  -ISIS-

  6  6  0  0  0  0  0  0  0  0  1
    3.6408   -5.0432    1.9735  C  0  0  0  0  0
    3.0257   -6.2515    1.9666  C  0  0  0  0  0
    1.3034   -6.4133    1.6909  S  0  0  0  0  0
    0.6790   -4.7569    2.0941  C  0  0  0  0  0
    1.4700   -3.6283    1.4426  C  0  0  0  0  0
    2.9797   -3.6831    1.7472  C  0  0  0  0  0
  1  6  1  0  0  0
  1  2  2  0  0  0
  2  3  1  0  0  0
  3  4  1  0  0  0
  4  5  1  0  0  0
  5  6  1  0  0  0
M  END
$$$$
S1C=CCCC1
  -ISIS-

  6  6  0  0  0  0  0  0  0  0  1
    3.6408   -5.0432    1.9735  C  0  0  0  0  0
    3.0257   -6.2515    1.9666  C  0  0  0  0  0
    1.3034   -6.4133    1.6909  S  0  0  0  0  0
    0.6790   -4.7569    2.0941  C  0  0  0  0  0
    1.4700   -3.6283    1.4426  C  0  0  0  0  0
    2.9797   -3.6831    1.7472  C  0  0  0  0  0
  1  6  1  0  0  0
  1  2  2  0  0  0
  2  3  1  0  0  0
  3  4  1  0  0  0
  4  5  1  0  0  0
  5  6  1  0  0  0
M  END
$$$$
S1C=CCCC1
  -ISIS-

  6  6  0  0  0  0  0  0  0  0  1
    3.6408   -5.0432    1.9735  C  0  0  0  0  0
    3.0257   -6.2515    1.9666  C  0  0  0  0  0
    1.3034   -6.4133    1.6909  S  0  0  0  0  0
    0.6790   -4.7569    2.0941  C  0  0  0  0  0
    1.4700   -3.6283    1.4426  C  0  0  0  0  0
    2.9797   -3.6831    1.7472  C  0  0  0  0  0
  1  6  1  0  0  0
  1  2  2  0  0  0
  2  3  1  0  0  0
  3  4  1  0  0  0
  4  5  1  0  0  0
  5  6  1  0  0  0
M  END
$$$$
S1C=CCCC1
  -ISIS-

  6  6  0  0  0  0  0  0  0  0  1
    1.6835    3.9195    1.8870  C  0  0  0  0  0
    1.8578    3.5098    0.6082  C  0  0  0  0  0
    2.5993    1.9676    0.2180  S  0  0  0  0  0
    3.5097    1.3967    1.7136  C  0  0  0  0  0
    3.5123    2.4773    2.7900  C  0  0  0  0  0
    2.1798    3.1707    3.1194  C  0  0  0  0  0
  1  6  1  0  0  0
  1  2  2  0  0  0
  2  3  1  0  0  0
  3  4  1  0  0  0
  4  5  1  0  0  0
  5  6  1  0  0  0
M  END
$$$$
S1C=CCCC1
  -ISIS-

  6  6  0  0  0  0  0  0  0  0  1
    1.6835    3.9195    1.8870  C  0  0  0  0  0
    1.8578    3.5098    0.6082  C  0  0  0  0  0
    2.5993    1.9676    0.2180  S  0  0  0  0  0
    3.5097    1.3967    1.7136  C  0  0  0  0  0
    3.5123    2.4773    2.7900  C  0  0  0  0  0
    2.1798    3.1707    3.1194  C  0  0  0  0  0
  1  6  1  0  0  0
  1  2  2  0  0  0
  2  3  1  0  0  0
  3  4  1  0  0  0
  4  5  1  0  0  0
  5  6  1  0  0  0
M  END
$$$$
S1C=CCCC1
  -ISIS-

  6  6  0  0  0  0  0  0  0  0  1
    1.6835    3.9195    1.8870  C  0  0  0  0  0
    1.8578    3.5098    0.6082  C  0  0  0  0  0
    2.5993    1.9676    0.2180  S  0  0  0  0  0
    3.5097    1.3967    1.7136  C  0  0  0  0  0
    3.5123    2.4773    2.7900  C  0  0  0  0  0
    2.1798    3.1707    3.1194  C  0  0  0  0  0
  1  6  1  0  0  0
  1  2  2  0  0  0
  2  3  1  0  0  0
  3  4  1  0  0  0
  4  5  1  0  0  0
  5  6  1  0  0  0
M  END
$$$$
S1C=CCCC1
  -ISIS-

  6  6  0  0  0  0  0  0  0  0  1
    1.6835    3.9195    1.8870  C  0  0  0  0  0
    1.8578    3.5098    0.6082  C  0  0  0  0  0
    2.5993    1.9676    0.2180  S  0  0  0  0  0
    3.5097    1.3967    1.7136  C  0  0  0  0  0
    3.5123    2.4773    2.7900  C  0  0  0  0  0
    2.1798    3.1707    3.1194  C  0  0  0  0  0
  1  6  1  0  0  0
  1  2  2  0  0  0
  2  3  1  0  0  0
  3  4  1  0  0  0
  4  5  1  0  0  0
  5  6  1  0  0  0
M  END
$$$$
S1C=CCCC1
  -ISIS-

  6  6  0  0  0  0  0  0  0  0  1
    1.6835    3.9195    1.8870  C  0  0  0  0  0
    1.8578    3.5098    0.6082  C  0  0  0  0  0
    2.5993    1.9676    0.2180  S  0  0  0  0  0
    3.5097    1.3967    1.7136  C  0  0  0  0  0
    3.5123    2.4773    2.7900  C  0  0  0  0  0
    2.1798    3.1707    3.1194  C  0  0  0  0  0
  1  6  1  0  0  0
  1  2  2  0  0  0
  2  3  1  0  0  0
  3  4  1  0  0  0
  4  5  1  0  0  0
  5  6  1  0  0  0
M  END
$$$$
S1C=CCCC1
  -ISIS-

  6  6  0  0  0  0  0  0  0  0  1
   -2.0189    3.8115   -5.4147  C  0  0  0  0  0
   -0.5400    3.5697   -5.2260  C  0  0  0  0  0
    0.0494    3.9684   -3.8761  C  0  0  0  0  0
   -0.4955    5.2956   -3.3940  C  0  0  0  0  0
   -2.2590    5.1198   -3.0519  S  0  0  0  0  0
   -2.8573    4.4486   -4.5638  C  0  0  0  0  0
  1  6  2  0  0  0
  1  2  1  0  0  0
  2  3  1  0  0  0
  3  4  1  0  0  0
  4  5  1  0  0  0
  5  6  1  0  0  0
M  END
$$$$
S1C=CCCC1
  -ISIS-

  6  6  0  0  0  0  0  0  0  0  1
   -2.0189    3.8115   -5.4147  C  0  0  0  0  0
   -0.5400    3.5697   -5.2260  C  0  0  0  0  0
    0.0494    3.9684   -3.8761  C  0  0  0  0  0
   -0.4955    5.2956   -3.3940  C  0  0  0  0  0
   -2.2590    5.1198   -3.0519  S  0  0  0  0  0
   -2.8573    4.4486   -4.5638  C  0  0  0  0  0
  1  6  2  0  0  0
  1  2  1  0  0  0
  2  3  1  0  0  0
  3  4  1  0  0  0
  4  5  1  0  0  0
  5  6  1  0  0  0
M  END
$$$$
S1C=CCCC1
  -ISIS-

  6  6  0  0  0  0  0  0  0  0  1
    2.5019   -3.6480   -1.5471  S  0  0  0  0  0
    2.0073   -2.2394   -2.4353  C  0  0  0  0  0
    2.6772   -1.0700   -2.3637  C  0  0  0  0  0
    3.9131   -0.8030   -1.5322  C  0  0  0  0  0
    4.6256   -2.0473   -1.0109  C  0  0  0  0  0
    3.6455   -2.9960   -0.3553  C  0  0  0  0  0
  1  6  1  0  0  0
  1  2  1  0  0  0
  2  3  2  0  0  0
  3  4  1  0  0  0
  4  5  1  0  0  0
  5  6  1  0  0  0
M  END
$$$$
S1C=CCCC1
  -ISIS-

  6  6  0  0  0  0  0  0  0  0  1
    2.5019   -3.6480   -1.5471  S  0  0  0  0  0
    2.0073   -2.2394   -2.4353  C  0  0  0  0  0
    2.6772   -1.0700   -2.3637  C  0  0  0  0  0
    3.9131   -0.8030   -1.5322  C  0  0  0  0  0
    4.6256   -2.0473   -1.0109  C  0  0  0  0  0
    3.6455   -2.9960   -0.3553  C  0  0  0  0  0
  1  6  1  0  0  0
  1  2  1  0  0  0
  2  3  2  0  0  0
  3  4  1  0  0  0
  4  5  1  0  0  0
  5  6  1  0  0  0
M  END
$$$$
S1C=CCCC1
  -ISIS-

  6  6  0  0  0  0  0  0  0  0  1
    2.5019   -3.6480   -1.5471  S  0  0  0  0  0
    2.0073   -2.2394   -2.4353  C  0  0  0  0  0
    2.6772   -1.0700   -2.3637  C  0  0  0  0  0
    3.9131   -0.8030   -1.5322  C  0  0  0  0  0
    4.6256   -2.0473   -1.0109  C  0  0  0  0  0
    3.6455   -2.9960   -0.3553  C  0  0  0  0  0
  1  6  1  0  0  0
  1  2  1  0  0  0
  2  3  2  0  0  0
  3  4  1  0  0  0
  4  5  1  0  0  0
  5  6  1  0  0  0
M  END
$$$$
S1C=CCCC1
  -ISIS-

  6  6  0  0  0  0  0  0  0  0  1
   -1.6005    0.3552   -0.0947  C  0  0  0  0  0
   -1.0093    1.4309    0.4509  C  0  0  0  0  0
   -1.6961    2.4039    1.7039  S  0  0  0  0  0
   -2.7758    1.1685    2.4677  C  0  0  0  0  0
   -3.6998    0.5859    1.4215  C  0  0  0  0  0
   -2.9641   -0.1008    0.2901  C  0  0  0  0  0
  1  6  1  0  0  0
  1  2  2  0  0  0
  2  3  1  0  0  0
  3  4  1  0  0  0
  4  5  1  0  0  0
  5  6  1  0  0  0
M  END
$$$$
S1C=CCCC1
  -ISIS-

  6  6  0  0  0  0  0  0  0  0  1
   -1.6005    0.3552   -0.0947  C  0  0  0  0  0
   -1.0093    1.4309    0.4509  C  0  0  0  0  0
   -1.6961    2.4039    1.7039  S  0  0  0  0  0
   -2.7758    1.1685    2.4677  C  0  0  0  0  0
   -3.6998    0.5859    1.4215  C  0  0  0  0  0
   -2.9641   -0.1008    0.2901  C  0  0  0  0  0
  1  6  1  0  0  0
  1  2  2  0  0  0
  2  3  1  0  0  0
  3  4  1  0  0  0
  4  5  1  0  0  0
  5  6  1  0  0  0
M  END
$$$$
S1C=CCCC1
  -ISIS-

  6  6  0  0  0  0  0  0  0  0  1
   -3.9292    3.5399    2.1346  C  0  0  0  0  0
   -4.2557    4.6728    2.7764  C  0  0  0  0  0
   -5.2340    5.9463    2.1416  S  0  0  0  0  0
   -5.2521    5.5233    0.3776  C  0  0  0  0  0
   -5.4693    4.0435    0.1131  C  0  0  0  0  0
   -4.4154    3.1849    0.7780  C  0  0  0  0  0
  1  6  1  0  0  0
  1  2  2  0  0  0
  2  3  1  0  0  0
  3  4  1  0  0  0
  4  5  1  0  0  0
  5  6  1  0  0  0
M  END
$$$$
S1C=CCCC1
  -ISIS-

  6  6  0  0  0  0  0  0  0  0  1
   -3.9292    3.5399    2.1346  C  0  0  0  0  0
   -4.2557    4.6728    2.7764  C  0  0  0  0  0
   -5.2340    5.9463    2.1416  S  0  0  0  0  0
   -5.2521    5.5233    0.3776  C  0  0  0  0  0
   -5.4693    4.0435    0.1131  C  0  0  0  0  0
   -4.4154    3.1849    0.7780  C  0  0  0  0  0
  1  6  1  0  0  0
  1  2  2  0  0  0
  2  3  1  0  0  0
  3  4  1  0  0  0
  4  5  1  0  0  0
  5  6  1  0  0  0
M  END
$$$$
S1C=CCCC1
  -ISIS-

  6  6  0  0  0  0  0  0  0  0  1
   -3.9292    3.5399    2.1346  C  0  0  0  0  0
   -4.2557    4.6728    2.7764  C  0  0  0  0  0
   -5.2340    5.9463    2.1416  S  0  0  0  0  0
   -5.2521    5.5233    0.3776  C  0  0  0  0  0
   -5.4693    4.0435    0.1131  C  0  0  0  0  0
   -4.4154    3.1849    0.7780  C  0  0  0  0  0
  1  6  1  0  0  0
  1  2  2  0  0  0
  2  3  1  0  0  0
  3  4  1  0  0  0
  4  5  1  0  0  0
  5  6  1  0  0  0
M  END
$$$$
S1C=CCCC1
  -ISIS-

  6  6  0  0  0  0  0  0  0  0  1
   -5.3259    0.1894   -5.5772  C  0  0  0  0  0
   -4.6903   -1.0837   -6.0058  C  0  0  0  0  0
   -3.8422   -1.8093   -5.2656  C  0  0  0  0  0
   -3.3583   -1.3874   -3.6546  S  0  0  0  0  0
   -3.7362    0.3990   -3.5999  C  0  0  0  0  0
   -5.1482    0.6414   -4.1396  C  0  0  0  0  0
  1  6  1  0  0  0
  1  2  1  0  0  0
  2  3  2  0  0  0
  3  4  1  0  0  0
  4  5  1  0  0  0
  5  6  1  0  0  0
M  END
$$$$
S1C=CCCC1
  -ISIS-

  6  6  0  0  0  0  0  0  0  0  1
   -5.3259    0.1894   -5.5772  C  0  0  0  0  0
   -4.6903   -1.0837   -6.0058  C  0  0  0  0  0
   -3.8422   -1.8093   -5.2656  C  0  0  0  0  0
   -3.3583   -1.3874   -3.6546  S  0  0  0  0  0
   -3.7362    0.3990   -3.5999  C  0  0  0  0  0
   -5.1482    0.6414   -4.1396  C  0  0  0  0  0
  1  6  1  0  0  0
  1  2  1  0  0  0
  2  3  2  0  0  0
  3  4  1  0  0  0
  4  5  1  0  0  0
  5  6  1  0  0  0
M  END
$$$$
S1C=CCCC1
  -ISIS-

  6  6  0  0  0  0  0  0  0  0  1
   -5.3259    0.1894   -5.5772  C  0  0  0  0  0
   -4.6903   -1.0837   -6.0058  C  0  0  0  0  0
   -3.8422   -1.8093   -5.2656  C  0  0  0  0  0
   -3.3583   -1.3874   -3.6546  S  0  0  0  0  0
   -3.7362    0.3990   -3.5999  C  0  0  0  0  0
   -5.1482    0.6414   -4.1396  C  0  0  0  0  0
  1  6  1  0  0  0
  1  2  1  0  0  0
  2  3  2  0  0  0
  3  4  1  0  0  0
  4  5  1  0  0  0
  5  6  1  0  0  0
M  END
$$$$
S1C=CCCC1
  -ISIS-

  6  6  0  0  0  0  0  0  0  0  1
    6.5859   -0.6930   -1.8137  C  0  0  0  0  0
    5.8389   -1.7649   -3.0160  S  0  0  0  0  0
    7.2101   -1.9639   -4.1818  C  0  0  0  0  0
    8.3596   -2.5918   -3.4164  C  0  0  0  0  0
    8.8590   -1.6774   -2.3282  C  0  0  0  0  0
    7.9295   -0.7514   -1.6135  C  0  0  0  0  0
  1  6  2  0  0  0
  1  2  1  0  0  0
  2  3  1  0  0  0
  3  4  1  0  0  0
  4  5  1  0  0  0
  5  6  1  0  0  0
M  END
$$$$
S1C=CCCC1
  -ISIS-

  6  6  0  0  0  0  0  0  0  0  1
    6.5859   -0.6930   -1.8137  C  0  0  0  0  0
    5.8389   -1.7649   -3.0160  S  0  0  0  0  0
    7.2101   -1.9639   -4.1818  C  0  0  0  0  0
    8.3596   -2.5918   -3.4164  C  0  0  0  0  0
    8.8590   -1.6774   -2.3282  C  0  0  0  0  0
    7.9295   -0.7514   -1.6135  C  0  0  0  0  0
  1  6  2  0  0  0
  1  2  1  0  0  0
  2  3  1  0  0  0
  3  4  1  0  0  0
  4  5  1  0  0  0
  5  6  1  0  0  0
M  END
$$$$
S1C=CCCC1
  -ISIS-

  6  6  0  0  0  0  0  0  0  0  1
    6.5859   -0.6930   -1.8137  C  0  0  0  0  0
    5.8389   -1.7649   -3.0160  S  0  0  0  0  0
    7.2101   -1.9639   -4.1818  C  0  0  0  0  0
    8.3596   -2.5918   -3.4164  C  0  0  0  0  0
    8.8590   -1.6774   -2.3282  C  0  0  0  0  0
    7.9295   -0.7514   -1.6135  C  0  0  0  0  0
  1  6  2  0  0  0
  1  2  1  0  0  0
  2  3  1  0  0  0
  3  4  1  0  0  0
  4  5  1  0  0  0
  5  6  1  0  0  0
M  END
$$$$
S1C=CCCC1
  -ISIS-

  6  6  0  0  0  0  0  0  0  0  1
    6.5859   -0.6930   -1.8137  C  0  0  0  0  0
    5.8389   -1.7649   -3.0160  S  0  0  0  0  0
    7.2101   -1.9639   -4.1818  C  0  0  0  0  0
    8.3596   -2.5918   -3.4164  C  0  0  0  0  0
    8.8590   -1.6774   -2.3282  C  0  0  0  0  0
    7.9295   -0.7514   -1.6135  C  0  0  0  0  0
  1  6  2  0  0  0
  1  2  1  0  0  0
  2  3  1  0  0  0
  3  4  1  0  0  0
  4  5  1  0  0  0
  5  6  1  0  0  0
M  END
$$$$
S1C=CCCC1
  -ISIS-

  6  6  0  0  0  0  0  0  0  0  1
    3.3509   -9.4892   -1.0865  C  0  0  0  0  0
    4.9361   -8.9986   -1.7400  S  0  0  0  0  0
    6.0207  -10.3158   -1.1344  C  0  0  0  0  0
    5.4438  -11.6359   -1.6048  C  0  0  0  0  0
    4.1380  -11.8855   -0.9046  C  0  0  0  0  0
    3.1134  -10.8031   -0.8262  C  0  0  0  0  0
  1  6  2  0  0  0
  1  2  1  0  0  0
  2  3  1  0  0  0
  3  4  1  0  0  0
  4  5  1  0  0  0
  5  6  1  0  0  0
M  END
$$$$
S1C=CCCC1
  -ISIS-

  6  6  0  0  0  0  0  0  0  0  1
    3.3509   -9.4892   -1.0865  C  0  0  0  0  0
    4.9361   -8.9986   -1.7400  S  0  0  0  0  0
    6.0207  -10.3158   -1.1344  C  0  0  0  0  0
    5.4438  -11.6359   -1.6048  C  0  0  0  0  0
    4.1380  -11.8855   -0.9046  C  0  0  0  0  0
    3.1134  -10.8031   -0.8262  C  0  0  0  0  0
  1  6  2  0  0  0
  1  2  1  0  0  0
  2  3  1  0  0  0
  3  4  1  0  0  0
  4  5  1  0  0  0
  5  6  1  0  0  0
M  END
$$$$
S1C=CCCC1
  -ISIS-

  6  6  0  0  0  0  0  0  0  0  1
    3.3509   -9.4892   -1.0865  C  0  0  0  0  0
    4.9361   -8.9986   -1.7400  S  0  0  0  0  0
    6.0207  -10.3158   -1.1344  C  0  0  0  0  0
    5.4438  -11.6359   -1.6048  C  0  0  0  0  0
    4.1380  -11.8855   -0.9046  C  0  0  0  0  0
    3.1134  -10.8031   -0.8262  C  0  0  0  0  0
  1  6  2  0  0  0
  1  2  1  0  0  0
  2  3  1  0  0  0
  3  4  1  0  0  0
  4  5  1  0  0  0
  5  6  1  0  0  0
M  END
$$$$
S1C=CCCC1
  -ISIS-

  6  6  0  0  0  0  0  0  0  0  1
    3.3509   -9.4892   -1.0865  C  0  0  0  0  0
    4.9361   -8.9986   -1.7400  S  0  0  0  0  0
    6.0207  -10.3158   -1.1344  C  0  0  0  0  0
    5.4438  -11.6359   -1.6048  C  0  0  0  0  0
    4.1380  -11.8855   -0.9046  C  0  0  0  0  0
    3.1134  -10.8031   -0.8262  C  0  0  0  0  0
  1  6  2  0  0  0
  1  2  1  0  0  0
  2  3  1  0  0  0
  3  4  1  0  0  0
  4  5  1  0  0  0
  5  6  1  0  0  0
M  END
$$$$
S1C=CCCC1
  -ISIS-

  6  6  0  0  0  0  0  0  0  0  1
   -1.2598   -1.1220    5.1536  C  0  0  0  0  0
   -1.1906   -2.4092    4.7383  C  0  0  0  0  0
   -0.1550   -2.9201    3.4187  S  0  0  0  0  0
    0.6097   -1.3986    2.7507  C  0  0  0  0  0
    0.8059   -0.3763    3.8573  C  0  0  0  0  0
   -0.4888    0.0517    4.5655  C  0  0  0  0  0
  1  6  1  0  0  0
  1  2  2  0  0  0
  2  3  1  0  0  0
  3  4  1  0  0  0
  4  5  1  0  0  0
  5  6  1  0  0  0
M  END
$$$$
S1C=CCCC1
  -ISIS-

  6  6  0  0  0  0  0  0  0  0  1
   -1.2598   -1.1220    5.1536  C  0  0  0  0  0
   -1.1906   -2.4092    4.7383  C  0  0  0  0  0
   -0.1550   -2.9201    3.4187  S  0  0  0  0  0
    0.6097   -1.3986    2.7507  C  0  0  0  0  0
    0.8059   -0.3763    3.8573  C  0  0  0  0  0
   -0.4888    0.0517    4.5655  C  0  0  0  0  0
  1  6  1  0  0  0
  1  2  2  0  0  0
  2  3  1  0  0  0
  3  4  1  0  0  0
  4  5  1  0  0  0
  5  6  1  0  0  0
M  END
$$$$
S1C=CCCC1
  -ISIS-

  6  6  0  0  0  0  0  0  0  0  1
   -1.2598   -1.1220    5.1536  C  0  0  0  0  0
   -1.1906   -2.4092    4.7383  C  0  0  0  0  0
   -0.1550   -2.9201    3.4187  S  0  0  0  0  0
    0.6097   -1.3986    2.7507  C  0  0  0  0  0
    0.8059   -0.3763    3.8573  C  0  0  0  0  0
   -0.4888    0.0517    4.5655  C  0  0  0  0  0
  1  6  1  0  0  0
  1  2  2  0  0  0
  2  3  1  0  0  0
  3  4  1  0  0  0
  4  5  1  0  0  0
  5  6  1  0  0  0
M  END
$$$$
S1C=CCCC1
  -ISIS-

  6  6  0  0  0  0  0  0  0  0  1
   -1.2598   -1.1220    5.1536  C  0  0  0  0  0
   -1.1906   -2.4092    4.7383  C  0  0  0  0  0
   -0.1550   -2.9201    3.4187  S  0  0  0  0  0
    0.6097   -1.3986    2.7507  C  0  0  0  0  0
    0.8059   -0.3763    3.8573  C  0  0  0  0  0
   -0.4888    0.0517    4.5655  C  0  0  0  0  0
  1  6  1  0  0  0
  1  2  2  0  0  0
  2  3  1  0  0  0
  3  4  1  0  0  0
  4  5  1  0  0  0
  5  6  1  0  0  0
M  END
$$$$
S1C=CCCC1
  -ISIS-

  6  6  0  0  0  0  0  0  0  0  1
   -1.2598   -1.1220    5.1536  C  0  0  0  0  0
   -1.1906   -2.4092    4.7383  C  0  0  0  0  0
   -0.1550   -2.9201    3.4187  S  0  0  0  0  0
    0.6097   -1.3986    2.7507  C  0  0  0  0  0
    0.8059   -0.3763    3.8573  C  0  0  0  0  0
   -0.4888    0.0517    4.5655  C  0  0  0  0  0
  1  6  1  0  0  0
  1  2  2  0  0  0
  2  3  1  0  0  0
  3  4  1  0  0  0
  4  5  1  0  0  0
  5  6  1  0  0  0
M  END
$$$$
