S1C=CSC2C1C3C4C=CCC4C2C3
  -ISIS-

 14 17  0  0  0  0  0  0  0  0  1
    3.4733    1.4773   -2.4256  C  0  0  0  0  0
    5.2416    1.3513   -2.4149  S  0  0  0  0  0
    5.4908    0.9882   -4.1478  C  0  0  0  0  0
    4.6912   -0.2913   -4.4741  C  0  0  0  0  0
    3.0364    0.2544   -4.9264  S  0  0  0  0  0
    2.6235    1.1049   -3.4257  C  0  0  0  0  0
    5.6429   -1.0405   -5.4573  C  0  0  0  0  0
    6.7157   -1.6186   -4.4851  C  0  0  0  0  0
    7.6999   -0.4423   -4.4045  C  0  0  0  0  0
    6.8646    0.7627   -4.7945  C  0  0  0  0  0
    6.3397    0.1489   -6.1404  C  0  0  0  0  0
    8.5649   -0.8212   -3.2316  C  0  0  0  0  0
    8.7400   -2.2862   -3.6516  C  0  0  0  0  0
    7.7449   -2.6935   -4.4754  C  0  0  0  0  0
  1  6  2  0  0  0
  1  2  1  0  0  0
  2  3  1  0  0  0
  3 10  1  0  0  0
  3  4  1  0  0  0
  4  5  1  0  0  0
  4  7  1  0  0  0
  5  6  1  0  0  0
  7 11  1  0  0  0
  7  8  1  0  0  0
  8 14  1  0  0  0
  8  9  1  0  0  0
  9 10  1  0  0  0
  9 12  1  0  0  0
 10 11  1  0  0  0
 12 13  1  0  0  0
 13 14  2  0  0  0
M  END
$$$$
S1C=CSC2C1C3C4C=CCC4C2C3
  -ISIS-

 14 17  0  0  0  0  0  0  0  0  1
    3.4733    1.4773   -2.4256  C  0  0  0  0  0
    5.2416    1.3513   -2.4149  S  0  0  0  0  0
    5.4908    0.9882   -4.1478  C  0  0  0  0  0
    4.6912   -0.2913   -4.4741  C  0  0  0  0  0
    3.0364    0.2544   -4.9264  S  0  0  0  0  0
    2.6235    1.1049   -3.4257  C  0  0  0  0  0
    5.6429   -1.0405   -5.4573  C  0  0  0  0  0
    6.7157   -1.6186   -4.4851  C  0  0  0  0  0
    7.6999   -0.4423   -4.4045  C  0  0  0  0  0
    6.8646    0.7627   -4.7945  C  0  0  0  0  0
    6.3397    0.1489   -6.1404  C  0  0  0  0  0
    8.5649   -0.8212   -3.2316  C  0  0  0  0  0
    8.7400   -2.2862   -3.6516  C  0  0  0  0  0
    7.7449   -2.6935   -4.4754  C  0  0  0  0  0
  1  6  2  0  0  0
  1  2  1  0  0  0
  2  3  1  0  0  0
  3 10  1  0  0  0
  3  4  1  0  0  0
  4  5  1  0  0  0
  4  7  1  0  0  0
  5  6  1  0  0  0
  7 11  1  0  0  0
  7  8  1  0  0  0
  8 14  1  0  0  0
  8  9  1  0  0  0
  9 10  1  0  0  0
  9 12  1  0  0  0
 10 11  1  0  0  0
 12 13  1  0  0  0
 13 14  2  0  0  0
M  END
$$$$
