S1CCSCCCNCCSCCC1
  -ISIS-

 14 14  0  0  0  0  0  0  0  0  1
   -4.3339   -3.4118   -0.1283  N  0  0  0  0  0
   -3.3701   -2.5686    0.6325  C  0  0  0  0  0
   -2.0671   -3.3246    0.8965  C  0  0  0  0  0
   -1.1846   -2.5531    1.8733  C  0  0  0  0  0
    0.3898   -3.4115    2.2201  S  0  0  0  0  0
    1.2873   -3.0903    0.6579  C  0  0  0  0  0
    1.3080   -4.3342   -0.2278  C  0  0  0  0  0
    2.0888   -4.0163   -1.8538  S  0  0  0  0  0
    0.8052   -2.9961   -2.6624  C  0  0  0  0  0
   -0.4040   -3.8281   -3.0905  C  0  0  0  0  0
   -1.4773   -3.0012   -3.8017  C  0  0  0  0  0
   -2.2832   -1.7793   -2.7046  S  0  0  0  0  0
   -3.9372   -2.5513   -2.5050  C  0  0  0  0  0
   -3.9589   -3.7416   -1.5399  C  0  0  0  0  0
  1 14  1  0  0  0
  1  2  1  0  0  0
  2  3  1  0  0  0
  3  4  1  0  0  0
  4  5  1  0  0  0
  5  6  1  0  0  0
  6  7  1  0  0  0
  7  8  1  0  0  0
  8  9  1  0  0  0
  9 10  1  0  0  0
 10 11  1  0  0  0
 11 12  1  0  0  0
 12 13  1  0  0  0
 13 14  1  0  0  0
M  END
$$$$
