S1CC2C(CC1)CCCC2
  -ISIS-

 10 11  0  0  0  0  0  0  0  0  1
   -7.1208    2.9904   -6.1944  S  0  0  0  0  0
   -6.2706    1.8882   -5.0714  C  0  0  0  0  0
   -5.2335    0.9937   -5.7469  C  0  0  0  0  0
   -4.5540    1.7001   -6.9184  C  0  0  0  0  0
   -5.5134    1.7849   -8.1247  C  0  0  0  0  0
   -6.9463    2.2002   -7.7757  C  0  0  0  0  0
   -4.8788    2.6662   -9.2095  C  0  0  0  0  0
   -3.5293    2.0907   -9.6505  C  0  0  0  0  0
   -2.5854    1.8276   -8.4769  C  0  0  0  0  0
   -3.2502    1.0227   -7.3568  C  0  0  0  0  0
  1  6  1  0  0  0
  1  2  1  0  0  0
  2  3  1  0  0  0
  3  4  1  0  0  0
  4 10  1  0  0  0
  4  5  1  0  0  0
  5  6  1  0  0  0
  5  7  1  0  0  0
  7  8  1  0  0  0
  8  9  1  0  0  0
  9 10  1  0  0  0
M  END
$$$$
