S1CNCCC1
  -ISIS-

  6  6  0  0  0  0  0  0  0  0  1
    6.2637   -4.6830   -2.5293  N  0  0  0  0  0
    5.9781   -4.5889   -3.9167  C  0  0  0  0  0
    4.3005   -4.2936   -4.3700  S  0  0  0  0  0
    3.8177   -3.1514   -3.0684  C  0  0  0  0  0
    3.9985   -3.8636   -1.7591  C  0  0  0  0  0
    5.3942   -4.3645   -1.4658  C  0  0  0  0  0
  1  6  1  0  0  0
  1  2  1  0  0  0
  2  3  1  0  0  0
  3  4  1  0  0  0
  4  5  1  0  0  0
  5  6  1  0  0  0
M  END
$$$$
S1CNCCC1
  -ISIS-

  6  6  0  0  0  0  0  0  0  0  1
    6.2637   -4.6830   -2.5293  N  0  0  0  0  0
    5.9781   -4.5889   -3.9167  C  0  0  0  0  0
    4.3005   -4.2936   -4.3700  S  0  0  0  0  0
    3.8177   -3.1514   -3.0684  C  0  0  0  0  0
    3.9985   -3.8636   -1.7591  C  0  0  0  0  0
    5.3942   -4.3645   -1.4658  C  0  0  0  0  0
  1  6  1  0  0  0
  1  2  1  0  0  0
  2  3  1  0  0  0
  3  4  1  0  0  0
  4  5  1  0  0  0
  5  6  1  0  0  0
M  END
$$$$
S1CNCCC1
  -ISIS-

  6  6  0  0  0  0  0  0  0  0  1
    6.2637   -4.6830   -2.5293  N  0  0  0  0  0
    5.9781   -4.5889   -3.9167  C  0  0  0  0  0
    4.3005   -4.2936   -4.3700  S  0  0  0  0  0
    3.8177   -3.1514   -3.0684  C  0  0  0  0  0
    3.9985   -3.8636   -1.7591  C  0  0  0  0  0
    5.3942   -4.3645   -1.4658  C  0  0  0  0  0
  1  6  1  0  0  0
  1  2  1  0  0  0
  2  3  1  0  0  0
  3  4  1  0  0  0
  4  5  1  0  0  0
  5  6  1  0  0  0
M  END
$$$$
S1CNCCC1
  -ISIS-

  6  6  0  0  0  0  0  0  0  0  1
    6.2637   -4.6830   -2.5293  N  0  0  0  0  0
    5.9781   -4.5889   -3.9167  C  0  0  0  0  0
    4.3005   -4.2936   -4.3700  S  0  0  0  0  0
    3.8177   -3.1514   -3.0684  C  0  0  0  0  0
    3.9985   -3.8636   -1.7591  C  0  0  0  0  0
    5.3942   -4.3645   -1.4658  C  0  0  0  0  0
  1  6  1  0  0  0
  1  2  1  0  0  0
  2  3  1  0  0  0
  3  4  1  0  0  0
  4  5  1  0  0  0
  5  6  1  0  0  0
M  END
$$$$
S1CNCCC1
  -ISIS-

  6  6  0  0  0  0  0  0  0  0  1
   -3.8394    0.8697   -1.8296  C  0  0  0  0  0
   -5.3608    0.8777   -1.9278  C  0  0  0  0  0
   -5.8598   -0.5133   -2.2850  C  0  0  0  0  0
   -5.4955   -1.6797   -0.9534  S  0  0  0  0  0
   -3.8594   -1.3032   -0.5116  C  0  0  0  0  0
   -3.3550   -0.0746   -0.8145  N  0  0  0  0  0
  1  6  1  0  0  0
  1  2  1  0  0  0
  2  3  1  0  0  0
  3  4  1  0  0  0
  4  5  1  0  0  0
  5  6  1  0  0  0
M  END
$$$$
S1CNCCC1
  -ISIS-

  6  6  0  0  0  0  0  0  0  0  1
   -3.8394    0.8697   -1.8296  C  0  0  0  0  0
   -5.3608    0.8777   -1.9278  C  0  0  0  0  0
   -5.8598   -0.5133   -2.2850  C  0  0  0  0  0
   -5.4955   -1.6797   -0.9534  S  0  0  0  0  0
   -3.8594   -1.3032   -0.5116  C  0  0  0  0  0
   -3.3550   -0.0746   -0.8145  N  0  0  0  0  0
  1  6  1  0  0  0
  1  2  1  0  0  0
  2  3  1  0  0  0
  3  4  1  0  0  0
  4  5  1  0  0  0
  5  6  1  0  0  0
M  END
$$$$
S1CNCCC1
  -ISIS-

  6  6  0  0  0  0  0  0  0  0  1
   -3.8394    0.8697   -1.8296  C  0  0  0  0  0
   -5.3608    0.8777   -1.9278  C  0  0  0  0  0
   -5.8598   -0.5133   -2.2850  C  0  0  0  0  0
   -5.4955   -1.6797   -0.9534  S  0  0  0  0  0
   -3.8594   -1.3032   -0.5116  C  0  0  0  0  0
   -3.3550   -0.0746   -0.8145  N  0  0  0  0  0
  1  6  1  0  0  0
  1  2  1  0  0  0
  2  3  1  0  0  0
  3  4  1  0  0  0
  4  5  1  0  0  0
  5  6  1  0  0  0
M  END
$$$$
S1CNCCC1
  -ISIS-

  6  6  0  0  0  0  0  0  0  0  1
    0.4623   -3.3097    4.4341  C  0  0  0  0  0
    1.5355   -2.0890    5.0594  S  0  0  0  0  0
    0.5537   -1.1731    6.2768  C  0  0  0  0  0
   -0.4988   -2.0401    6.9476  C  0  0  0  0  0
   -1.4355   -2.5864    5.8901  C  0  0  0  0  0
   -0.7564   -3.4892    5.0123  N  0  0  0  0  0
  1  6  1  0  0  0
  1  2  1  0  0  0
  2  3  1  0  0  0
  3  4  1  0  0  0
  4  5  1  0  0  0
  5  6  1  0  0  0
M  END
$$$$
S1CNCCC1
  -ISIS-

  6  6  0  0  0  0  0  0  0  0  1
    0.4623   -3.3097    4.4341  C  0  0  0  0  0
    1.5355   -2.0890    5.0594  S  0  0  0  0  0
    0.5537   -1.1731    6.2768  C  0  0  0  0  0
   -0.4988   -2.0401    6.9476  C  0  0  0  0  0
   -1.4355   -2.5864    5.8901  C  0  0  0  0  0
   -0.7564   -3.4892    5.0123  N  0  0  0  0  0
  1  6  1  0  0  0
  1  2  1  0  0  0
  2  3  1  0  0  0
  3  4  1  0  0  0
  4  5  1  0  0  0
  5  6  1  0  0  0
M  END
$$$$
S1CNCCC1
  -ISIS-

  6  6  0  0  0  0  0  0  0  0  1
    0.4623   -3.3097    4.4341  C  0  0  0  0  0
    1.5355   -2.0890    5.0594  S  0  0  0  0  0
    0.5537   -1.1731    6.2768  C  0  0  0  0  0
   -0.4988   -2.0401    6.9476  C  0  0  0  0  0
   -1.4355   -2.5864    5.8901  C  0  0  0  0  0
   -0.7564   -3.4892    5.0123  N  0  0  0  0  0
  1  6  1  0  0  0
  1  2  1  0  0  0
  2  3  1  0  0  0
  3  4  1  0  0  0
  4  5  1  0  0  0
  5  6  1  0  0  0
M  END
$$$$
S1CNCCC1
  -ISIS-

  6  6  0  0  0  0  0  0  0  0  1
    2.3228   -4.8612   -2.3931  C  0  0  0  0  0
    2.1155   -3.1099   -1.9522  S  0  0  0  0  0
    0.4459   -2.7870   -2.3124  C  0  0  0  0  0
   -0.4553   -3.8132   -2.2791  N  0  0  0  0  0
   -0.1946   -5.2307   -2.4612  C  0  0  0  0  0
    1.1353   -5.6707   -1.8606  C  0  0  0  0  0
  1  6  1  0  0  0
  1  2  1  0  0  0
  2  3  1  0  0  0
  3  4  1  0  0  0
  4  5  1  0  0  0
  5  6  1  0  0  0
M  END
$$$$
S1CNCCC1
  -ISIS-

  6  6  0  0  0  0  0  0  0  0  1
    2.3228   -4.8612   -2.3931  C  0  0  0  0  0
    2.1155   -3.1099   -1.9522  S  0  0  0  0  0
    0.4459   -2.7870   -2.3124  C  0  0  0  0  0
   -0.4553   -3.8132   -2.2791  N  0  0  0  0  0
   -0.1946   -5.2307   -2.4612  C  0  0  0  0  0
    1.1353   -5.6707   -1.8606  C  0  0  0  0  0
  1  6  1  0  0  0
  1  2  1  0  0  0
  2  3  1  0  0  0
  3  4  1  0  0  0
  4  5  1  0  0  0
  5  6  1  0  0  0
M  END
$$$$
S1CNCCC1
  -ISIS-

  6  6  0  0  0  0  0  0  0  0  1
    2.3228   -4.8612   -2.3931  C  0  0  0  0  0
    2.1155   -3.1099   -1.9522  S  0  0  0  0  0
    0.4459   -2.7870   -2.3124  C  0  0  0  0  0
   -0.4553   -3.8132   -2.2791  N  0  0  0  0  0
   -0.1946   -5.2307   -2.4612  C  0  0  0  0  0
    1.1353   -5.6707   -1.8606  C  0  0  0  0  0
  1  6  1  0  0  0
  1  2  1  0  0  0
  2  3  1  0  0  0
  3  4  1  0  0  0
  4  5  1  0  0  0
  5  6  1  0  0  0
M  END
$$$$
S1CNCCC1
  -ISIS-

  6  6  0  0  0  0  0  0  0  0  1
   -7.9544   -1.4278    3.2015  C  0  0  0  0  0
   -8.5752   -3.0489    2.7290  S  0  0  0  0  0
  -10.3503   -2.7276    2.9280  C  0  0  0  0  0
  -10.7874   -1.5459    2.0738  C  0  0  0  0  0
  -10.0264   -0.2690    2.3928  C  0  0  0  0  0
   -8.5655   -0.4804    2.2391  N  0  0  0  0  0
  1  6  1  0  0  0
  1  2  1  0  0  0
  2  3  1  0  0  0
  3  4  1  0  0  0
  4  5  1  0  0  0
  5  6  1  0  0  0
M  END
$$$$
S1CNCCC1
  -ISIS-

  6  6  0  0  0  0  0  0  0  0  1
   -2.9533   -1.6019    6.8738  C  0  0  0  0  0
   -2.1238   -2.4252    8.2433  S  0  0  0  0  0
   -1.5594   -3.9349    7.4077  C  0  0  0  0  0
   -2.7286   -4.6698    6.7713  C  0  0  0  0  0
   -3.4864   -3.8259    5.7609  C  0  0  0  0  0
   -3.9697   -2.5617    6.3833  N  0  0  0  0  0
  1  6  1  0  0  0
  1  2  1  0  0  0
  2  3  1  0  0  0
  3  4  1  0  0  0
  4  5  1  0  0  0
  5  6  1  0  0  0
M  END
$$$$
S1CNCCC1
  -ISIS-

  6  6  0  0  0  0  0  0  0  0  1
    2.9072   -2.9018    3.7810  C  0  0  0  0  0
    1.4655   -1.8167    3.8300  S  0  0  0  0  0
    2.1729   -0.2575    3.2447  C  0  0  0  0  0
    3.3735    0.1810    4.0708  C  0  0  0  0  0
    4.2893   -0.9457    4.5218  C  0  0  0  0  0
    4.1590   -2.1152    3.6198  N  0  0  0  0  0
  1  6  1  0  0  0
  1  2  1  0  0  0
  2  3  1  0  0  0
  3  4  1  0  0  0
  4  5  1  0  0  0
  5  6  1  0  0  0
M  END
$$$$
S1CNCCC1
  -ISIS-

  6  6  0  0  0  0  0  0  0  0  1
   -2.4245   -1.8711   -8.2380  C  0  0  0  0  0
   -2.5151   -3.1559   -8.6992  N  0  0  0  0  0
   -1.7415   -4.1965   -8.2556  C  0  0  0  0  0
   -1.3221   -4.2218   -6.5613  S  0  0  0  0  0
   -2.4672   -2.9655   -5.9678  C  0  0  0  0  0
   -2.2797   -1.7182   -6.7643  C  0  0  0  0  0
  1  6  1  0  0  0
  1  2  1  0  0  0
  2  3  1  0  0  0
  3  4  1  0  0  0
  4  5  1  0  0  0
  5  6  1  0  0  0
M  END
$$$$
S1CNCCC1
  -ISIS-

  6  6  0  0  0  0  0  0  0  0  1
   -2.4245   -1.8711   -8.2380  C  0  0  0  0  0
   -2.5151   -3.1559   -8.6992  N  0  0  0  0  0
   -1.7415   -4.1965   -8.2556  C  0  0  0  0  0
   -1.3221   -4.2218   -6.5613  S  0  0  0  0  0
   -2.4672   -2.9655   -5.9678  C  0  0  0  0  0
   -2.2797   -1.7182   -6.7643  C  0  0  0  0  0
  1  6  1  0  0  0
  1  2  1  0  0  0
  2  3  1  0  0  0
  3  4  1  0  0  0
  4  5  1  0  0  0
  5  6  1  0  0  0
M  END
$$$$
S1CNCCC1
  -ISIS-

  6  6  0  0  0  0  0  0  0  0  1
   -2.4245   -1.8711   -8.2380  C  0  0  0  0  0
   -2.5151   -3.1559   -8.6992  N  0  0  0  0  0
   -1.7415   -4.1965   -8.2556  C  0  0  0  0  0
   -1.3221   -4.2218   -6.5613  S  0  0  0  0  0
   -2.4672   -2.9655   -5.9678  C  0  0  0  0  0
   -2.2797   -1.7182   -6.7643  C  0  0  0  0  0
  1  6  1  0  0  0
  1  2  1  0  0  0
  2  3  1  0  0  0
  3  4  1  0  0  0
  4  5  1  0  0  0
  5  6  1  0  0  0
M  END
$$$$
S1CNCCC1
  -ISIS-

  6  6  0  0  0  0  0  0  0  0  1
   -3.5747    7.0769    1.6488  N  0  0  0  0  0
   -3.7590    6.0252    2.6490  C  0  0  0  0  0
   -2.6557    5.8844    3.6714  C  0  0  0  0  0
   -2.5160    7.1823    4.4216  C  0  0  0  0  0
   -1.8783    8.4337    3.3167  S  0  0  0  0  0
   -2.8434    8.2575    1.8525  C  0  0  0  0  0
  1  6  1  0  0  0
  1  2  1  0  0  0
  2  3  1  0  0  0
  3  4  1  0  0  0
  4  5  1  0  0  0
  5  6  1  0  0  0
M  END
$$$$
S1CNCCC1
  -ISIS-

  6  6  0  0  0  0  0  0  0  0  1
   -3.5747    7.0769    1.6488  N  0  0  0  0  0
   -3.7590    6.0252    2.6490  C  0  0  0  0  0
   -2.6557    5.8844    3.6714  C  0  0  0  0  0
   -2.5160    7.1823    4.4216  C  0  0  0  0  0
   -1.8783    8.4337    3.3167  S  0  0  0  0  0
   -2.8434    8.2575    1.8525  C  0  0  0  0  0
  1  6  1  0  0  0
  1  2  1  0  0  0
  2  3  1  0  0  0
  3  4  1  0  0  0
  4  5  1  0  0  0
  5  6  1  0  0  0
M  END
$$$$
S1CNCCC1
  -ISIS-

  6  6  0  0  0  0  0  0  0  0  1
    0.7851   -0.5379   -7.5154  N  0  0  0  0  0
    0.2653    0.0451   -6.2757  C  0  0  0  0  0
    0.9755    1.2898   -5.7970  C  0  0  0  0  0
    2.4134    0.9507   -5.5055  C  0  0  0  0  0
    3.2539    0.5413   -7.0295  S  0  0  0  0  0
    2.1441   -0.5321   -7.8744  C  0  0  0  0  0
  1  6  1  0  0  0
  1  2  1  0  0  0
  2  3  1  0  0  0
  3  4  1  0  0  0
  4  5  1  0  0  0
  5  6  1  0  0  0
M  END
$$$$
S1CNCCC1
  -ISIS-

  6  6  0  0  0  0  0  0  0  0  1
    0.7851   -0.5379   -7.5154  N  0  0  0  0  0
    0.2653    0.0451   -6.2757  C  0  0  0  0  0
    0.9755    1.2898   -5.7970  C  0  0  0  0  0
    2.4134    0.9507   -5.5055  C  0  0  0  0  0
    3.2539    0.5413   -7.0295  S  0  0  0  0  0
    2.1441   -0.5321   -7.8744  C  0  0  0  0  0
  1  6  1  0  0  0
  1  2  1  0  0  0
  2  3  1  0  0  0
  3  4  1  0  0  0
  4  5  1  0  0  0
  5  6  1  0  0  0
M  END
$$$$
S1CNCCC1
  -ISIS-

  6  6  0  0  0  0  0  0  0  0  1
   -3.5647    7.4472    2.7627  N  0  0  0  0  0
   -4.3069    6.3141    3.3104  C  0  0  0  0  0
   -5.2212    6.6319    4.4691  C  0  0  0  0  0
   -6.2515    7.6281    4.0103  C  0  0  0  0  0
   -5.4638    9.1968    3.6761  S  0  0  0  0  0
   -4.0084    8.7745    2.7644  C  0  0  0  0  0
  1  6  1  0  0  0
  1  2  1  0  0  0
  2  3  1  0  0  0
  3  4  1  0  0  0
  4  5  1  0  0  0
  5  6  1  0  0  0
M  END
$$$$
S1CNCCC1
  -ISIS-

  6  6  0  0  0  0  0  0  0  0  1
   -3.5647    7.4472    2.7627  N  0  0  0  0  0
   -4.3069    6.3141    3.3104  C  0  0  0  0  0
   -5.2212    6.6319    4.4691  C  0  0  0  0  0
   -6.2515    7.6281    4.0103  C  0  0  0  0  0
   -5.4638    9.1968    3.6761  S  0  0  0  0  0
   -4.0084    8.7745    2.7644  C  0  0  0  0  0
  1  6  1  0  0  0
  1  2  1  0  0  0
  2  3  1  0  0  0
  3  4  1  0  0  0
  4  5  1  0  0  0
  5  6  1  0  0  0
M  END
$$$$
S1CNCCC1
  -ISIS-

  6  6  0  0  0  0  0  0  0  0  1
    5.9976    2.1575    4.0718  N  0  0  0  0  0
    4.6335    1.6317    4.1058  C  0  0  0  0  0
    3.7519    2.2601    5.1660  C  0  0  0  0  0
    3.5661    3.7203    4.8362  C  0  0  0  0  0
    5.0997    4.5827    4.9561  S  0  0  0  0  0
    6.3204    3.5200    4.1704  C  0  0  0  0  0
  1  6  1  0  0  0
  1  2  1  0  0  0
  2  3  1  0  0  0
  3  4  1  0  0  0
  4  5  1  0  0  0
  5  6  1  0  0  0
M  END
$$$$
S1CNCCC1
  -ISIS-

  6  6  0  0  0  0  0  0  0  0  1
    5.9976    2.1575    4.0718  N  0  0  0  0  0
    4.6335    1.6317    4.1058  C  0  0  0  0  0
    3.7519    2.2601    5.1660  C  0  0  0  0  0
    3.5661    3.7203    4.8362  C  0  0  0  0  0
    5.0997    4.5827    4.9561  S  0  0  0  0  0
    6.3204    3.5200    4.1704  C  0  0  0  0  0
  1  6  1  0  0  0
  1  2  1  0  0  0
  2  3  1  0  0  0
  3  4  1  0  0  0
  4  5  1  0  0  0
  5  6  1  0  0  0
M  END
$$$$
S1CNCCC1
  -ISIS-

  6  6  0  0  0  0  0  0  0  0  1
    5.9976    2.1575    4.0718  N  0  0  0  0  0
    4.6335    1.6317    4.1058  C  0  0  0  0  0
    3.7519    2.2601    5.1660  C  0  0  0  0  0
    3.5661    3.7203    4.8362  C  0  0  0  0  0
    5.0997    4.5827    4.9561  S  0  0  0  0  0
    6.3204    3.5200    4.1704  C  0  0  0  0  0
  1  6  1  0  0  0
  1  2  1  0  0  0
  2  3  1  0  0  0
  3  4  1  0  0  0
  4  5  1  0  0  0
  5  6  1  0  0  0
M  END
$$$$
S1CNCCC1
  -ISIS-

  6  6  0  0  0  0  0  0  0  0  1
    1.2342   -1.9613   -6.7206  N  0  0  0  0  0
    2.2982   -2.2631   -7.6814  C  0  0  0  0  0
    2.0433   -3.4493   -8.5820  C  0  0  0  0  0
    1.9190   -4.6841   -7.7299  C  0  0  0  0  0
    0.4320   -4.5805   -6.7445  S  0  0  0  0  0
    0.4267   -2.9335   -6.1123  C  0  0  0  0  0
  1  6  1  0  0  0
  1  2  1  0  0  0
  2  3  1  0  0  0
  3  4  1  0  0  0
  4  5  1  0  0  0
  5  6  1  0  0  0
M  END
$$$$
S1CNCCC1
  -ISIS-

  6  6  0  0  0  0  0  0  0  0  1
    1.2342   -1.9613   -6.7206  N  0  0  0  0  0
    2.2982   -2.2631   -7.6814  C  0  0  0  0  0
    2.0433   -3.4493   -8.5820  C  0  0  0  0  0
    1.9190   -4.6841   -7.7299  C  0  0  0  0  0
    0.4320   -4.5805   -6.7445  S  0  0  0  0  0
    0.4267   -2.9335   -6.1123  C  0  0  0  0  0
  1  6  1  0  0  0
  1  2  1  0  0  0
  2  3  1  0  0  0
  3  4  1  0  0  0
  4  5  1  0  0  0
  5  6  1  0  0  0
M  END
$$$$
S1CNCCC1
  -ISIS-

  6  6  0  0  0  0  0  0  0  0  1
   -7.0166    2.4668   -4.2269  N  0  0  0  0  0
   -7.6671    2.8560   -5.4224  C  0  0  0  0  0
   -7.4505    1.8344   -6.8409  S  0  0  0  0  0
   -5.8558    1.1192   -6.4585  C  0  0  0  0  0
   -6.0220    0.3672   -5.1701  C  0  0  0  0  0
   -6.2594    1.2986   -4.0121  C  0  0  0  0  0
  1  6  1  0  0  0
  1  2  1  0  0  0
  2  3  1  0  0  0
  3  4  1  0  0  0
  4  5  1  0  0  0
  5  6  1  0  0  0
M  END
$$$$
S1CNCCC1
  -ISIS-

  6  6  0  0  0  0  0  0  0  0  1
   -7.0166    2.4668   -4.2269  N  0  0  0  0  0
   -7.6671    2.8560   -5.4224  C  0  0  0  0  0
   -7.4505    1.8344   -6.8409  S  0  0  0  0  0
   -5.8558    1.1192   -6.4585  C  0  0  0  0  0
   -6.0220    0.3672   -5.1701  C  0  0  0  0  0
   -6.2594    1.2986   -4.0121  C  0  0  0  0  0
  1  6  1  0  0  0
  1  2  1  0  0  0
  2  3  1  0  0  0
  3  4  1  0  0  0
  4  5  1  0  0  0
  5  6  1  0  0  0
M  END
$$$$
S1CNCCC1
  -ISIS-

  6  6  0  0  0  0  0  0  0  0  1
   -7.0166    2.4668   -4.2269  N  0  0  0  0  0
   -7.6671    2.8560   -5.4224  C  0  0  0  0  0
   -7.4505    1.8344   -6.8409  S  0  0  0  0  0
   -5.8558    1.1192   -6.4585  C  0  0  0  0  0
   -6.0220    0.3672   -5.1701  C  0  0  0  0  0
   -6.2594    1.2986   -4.0121  C  0  0  0  0  0
  1  6  1  0  0  0
  1  2  1  0  0  0
  2  3  1  0  0  0
  3  4  1  0  0  0
  4  5  1  0  0  0
  5  6  1  0  0  0
M  END
$$$$
S1CNCCC1
  -ISIS-

  6  6  0  0  0  0  0  0  0  0  1
    1.6913    3.1809   -6.5854  S  0  0  0  0  0
    1.0601    3.7745   -5.0455  C  0  0  0  0  0
   -0.4470    3.7017   -5.0426  C  0  0  0  0  0
   -1.0394    2.3143   -5.2191  C  0  0  0  0  0
   -0.5112    1.4873   -6.1980  N  0  0  0  0  0
    0.9064    1.5434   -6.6220  C  0  0  0  0  0
  1  6  1  0  0  0
  1  2  1  0  0  0
  2  3  1  0  0  0
  3  4  1  0  0  0
  4  5  1  0  0  0
  5  6  1  0  0  0
M  END
$$$$
S1CNCCC1
  -ISIS-

  6  6  0  0  0  0  0  0  0  0  1
    1.6913    3.1809   -6.5854  S  0  0  0  0  0
    1.0601    3.7745   -5.0455  C  0  0  0  0  0
   -0.4470    3.7017   -5.0426  C  0  0  0  0  0
   -1.0394    2.3143   -5.2191  C  0  0  0  0  0
   -0.5112    1.4873   -6.1980  N  0  0  0  0  0
    0.9064    1.5434   -6.6220  C  0  0  0  0  0
  1  6  1  0  0  0
  1  2  1  0  0  0
  2  3  1  0  0  0
  3  4  1  0  0  0
  4  5  1  0  0  0
  5  6  1  0  0  0
M  END
$$$$
S1CNCCC1
  -ISIS-

  6  6  0  0  0  0  0  0  0  0  1
    1.6913    3.1809   -6.5854  S  0  0  0  0  0
    1.0601    3.7745   -5.0455  C  0  0  0  0  0
   -0.4470    3.7017   -5.0426  C  0  0  0  0  0
   -1.0394    2.3143   -5.2191  C  0  0  0  0  0
   -0.5112    1.4873   -6.1980  N  0  0  0  0  0
    0.9064    1.5434   -6.6220  C  0  0  0  0  0
  1  6  1  0  0  0
  1  2  1  0  0  0
  2  3  1  0  0  0
  3  4  1  0  0  0
  4  5  1  0  0  0
  5  6  1  0  0  0
M  END
$$$$
S1CNCCC1
  -ISIS-

  6  6  0  0  0  0  0  0  0  0  1
    1.6913    3.1809   -6.5854  S  0  0  0  0  0
    1.0601    3.7745   -5.0455  C  0  0  0  0  0
   -0.4470    3.7017   -5.0426  C  0  0  0  0  0
   -1.0394    2.3143   -5.2191  C  0  0  0  0  0
   -0.5112    1.4873   -6.1980  N  0  0  0  0  0
    0.9064    1.5434   -6.6220  C  0  0  0  0  0
  1  6  1  0  0  0
  1  2  1  0  0  0
  2  3  1  0  0  0
  3  4  1  0  0  0
  4  5  1  0  0  0
  5  6  1  0  0  0
M  END
$$$$
S1CNCCC1
  -ISIS-

  6  6  0  0  0  0  0  0  0  0  1
    3.8662    2.5549   -1.6650  S  0  0  0  0  0
    2.2017    1.9629   -1.7029  C  0  0  0  0  0
    2.1804    0.5024   -2.0789  C  0  0  0  0  0
    2.9115   -0.4258   -1.1257  C  0  0  0  0  0
    4.1753   -0.0616   -0.6886  N  0  0  0  0  0
    4.5978    1.3470   -0.5226  C  0  0  0  0  0
  1  6  1  0  0  0
  1  2  1  0  0  0
  2  3  1  0  0  0
  3  4  1  0  0  0
  4  5  1  0  0  0
  5  6  1  0  0  0
M  END
$$$$
S1CNCCC1
  -ISIS-

  6  6  0  0  0  0  0  0  0  0  1
    3.8662    2.5549   -1.6650  S  0  0  0  0  0
    2.2017    1.9629   -1.7029  C  0  0  0  0  0
    2.1804    0.5024   -2.0789  C  0  0  0  0  0
    2.9115   -0.4258   -1.1257  C  0  0  0  0  0
    4.1753   -0.0616   -0.6886  N  0  0  0  0  0
    4.5978    1.3470   -0.5226  C  0  0  0  0  0
  1  6  1  0  0  0
  1  2  1  0  0  0
  2  3  1  0  0  0
  3  4  1  0  0  0
  4  5  1  0  0  0
  5  6  1  0  0  0
M  END
$$$$
S1CNCCC1
  -ISIS-

  6  6  0  0  0  0  0  0  0  0  1
    3.8662    2.5549   -1.6650  S  0  0  0  0  0
    2.2017    1.9629   -1.7029  C  0  0  0  0  0
    2.1804    0.5024   -2.0789  C  0  0  0  0  0
    2.9115   -0.4258   -1.1257  C  0  0  0  0  0
    4.1753   -0.0616   -0.6886  N  0  0  0  0  0
    4.5978    1.3470   -0.5226  C  0  0  0  0  0
  1  6  1  0  0  0
  1  2  1  0  0  0
  2  3  1  0  0  0
  3  4  1  0  0  0
  4  5  1  0  0  0
  5  6  1  0  0  0
M  END
$$$$
S1CNCCC1
  -ISIS-

  6  6  0  0  0  0  0  0  0  0  1
    3.8662    2.5549   -1.6650  S  0  0  0  0  0
    2.2017    1.9629   -1.7029  C  0  0  0  0  0
    2.1804    0.5024   -2.0789  C  0  0  0  0  0
    2.9115   -0.4258   -1.1257  C  0  0  0  0  0
    4.1753   -0.0616   -0.6886  N  0  0  0  0  0
    4.5978    1.3470   -0.5226  C  0  0  0  0  0
  1  6  1  0  0  0
  1  2  1  0  0  0
  2  3  1  0  0  0
  3  4  1  0  0  0
  4  5  1  0  0  0
  5  6  1  0  0  0
M  END
$$$$
S1CNCCC1
  -ISIS-

  6  6  0  0  0  0  0  0  0  0  1
   -3.0558   -4.7831    1.4051  C  0  0  0  0  0
   -4.2294   -4.4322    0.5169  C  0  0  0  0  0
   -4.0003   -3.2547   -0.3846  C  0  0  0  0  0
   -2.6375   -3.7107   -1.4525  S  0  0  0  0  0
   -1.3953   -3.7549   -0.2012  C  0  0  0  0  0
   -1.7525   -4.3926    1.0174  N  0  0  0  0  0
  1  6  1  0  0  0
  1  2  1  0  0  0
  2  3  1  0  0  0
  3  4  1  0  0  0
  4  5  1  0  0  0
  5  6  1  0  0  0
M  END
$$$$
S1CNCCC1
  -ISIS-

  6  6  0  0  0  0  0  0  0  0  1
   -3.0558   -4.7831    1.4051  C  0  0  0  0  0
   -4.2294   -4.4322    0.5169  C  0  0  0  0  0
   -4.0003   -3.2547   -0.3846  C  0  0  0  0  0
   -2.6375   -3.7107   -1.4525  S  0  0  0  0  0
   -1.3953   -3.7549   -0.2012  C  0  0  0  0  0
   -1.7525   -4.3926    1.0174  N  0  0  0  0  0
  1  6  1  0  0  0
  1  2  1  0  0  0
  2  3  1  0  0  0
  3  4  1  0  0  0
  4  5  1  0  0  0
  5  6  1  0  0  0
M  END
$$$$
S1CNCCC1
  -ISIS-

  6  6  0  0  0  0  0  0  0  0  1
   -3.0558   -4.7831    1.4051  C  0  0  0  0  0
   -4.2294   -4.4322    0.5169  C  0  0  0  0  0
   -4.0003   -3.2547   -0.3846  C  0  0  0  0  0
   -2.6375   -3.7107   -1.4525  S  0  0  0  0  0
   -1.3953   -3.7549   -0.2012  C  0  0  0  0  0
   -1.7525   -4.3926    1.0174  N  0  0  0  0  0
  1  6  1  0  0  0
  1  2  1  0  0  0
  2  3  1  0  0  0
  3  4  1  0  0  0
  4  5  1  0  0  0
  5  6  1  0  0  0
M  END
$$$$
S1CNCCC1
  -ISIS-

  6  6  0  0  0  0  0  0  0  0  1
   -0.8793   -7.7893   -4.0859  N  0  0  0  0  0
   -1.4758   -6.5063   -4.1112  C  0  0  0  0  0
   -1.0095   -5.3606   -2.8593  S  0  0  0  0  0
    0.6186   -5.9895   -2.4621  C  0  0  0  0  0
    0.4339   -7.4037   -1.9919  C  0  0  0  0  0
   -0.0058   -8.3062   -3.1136  C  0  0  0  0  0
  1  6  1  0  0  0
  1  2  1  0  0  0
  2  3  1  0  0  0
  3  4  1  0  0  0
  4  5  1  0  0  0
  5  6  1  0  0  0
M  END
$$$$
S1CNCCC1
  -ISIS-

  6  6  0  0  0  0  0  0  0  0  1
   -0.8793   -7.7893   -4.0859  N  0  0  0  0  0
   -1.4758   -6.5063   -4.1112  C  0  0  0  0  0
   -1.0095   -5.3606   -2.8593  S  0  0  0  0  0
    0.6186   -5.9895   -2.4621  C  0  0  0  0  0
    0.4339   -7.4037   -1.9919  C  0  0  0  0  0
   -0.0058   -8.3062   -3.1136  C  0  0  0  0  0
  1  6  1  0  0  0
  1  2  1  0  0  0
  2  3  1  0  0  0
  3  4  1  0  0  0
  4  5  1  0  0  0
  5  6  1  0  0  0
M  END
$$$$
S1CNCCC1
  -ISIS-

  6  6  0  0  0  0  0  0  0  0  1
   -0.8793   -7.7893   -4.0859  N  0  0  0  0  0
   -1.4758   -6.5063   -4.1112  C  0  0  0  0  0
   -1.0095   -5.3606   -2.8593  S  0  0  0  0  0
    0.6186   -5.9895   -2.4621  C  0  0  0  0  0
    0.4339   -7.4037   -1.9919  C  0  0  0  0  0
   -0.0058   -8.3062   -3.1136  C  0  0  0  0  0
  1  6  1  0  0  0
  1  2  1  0  0  0
  2  3  1  0  0  0
  3  4  1  0  0  0
  4  5  1  0  0  0
  5  6  1  0  0  0
M  END
$$$$
S1CNCCC1
  -ISIS-

  6  6  0  0  0  0  0  0  0  0  1
    1.7200   -5.7693   -0.7709  C  0  0  0  0  0
    0.4704   -5.5261   -1.5869  C  0  0  0  0  0
    0.5795   -4.3916   -2.5636  C  0  0  0  0  0
    1.8800   -4.8469   -3.7075  S  0  0  0  0  0
    3.2144   -4.7838   -2.5584  C  0  0  0  0  0
    2.9724   -5.3523   -1.2786  N  0  0  0  0  0
  1  6  1  0  0  0
  1  2  1  0  0  0
  2  3  1  0  0  0
  3  4  1  0  0  0
  4  5  1  0  0  0
  5  6  1  0  0  0
M  END
$$$$
S1CNCCC1
  -ISIS-

  6  6  0  0  0  0  0  0  0  0  1
    1.7200   -5.7693   -0.7709  C  0  0  0  0  0
    0.4704   -5.5261   -1.5869  C  0  0  0  0  0
    0.5795   -4.3916   -2.5636  C  0  0  0  0  0
    1.8800   -4.8469   -3.7075  S  0  0  0  0  0
    3.2144   -4.7838   -2.5584  C  0  0  0  0  0
    2.9724   -5.3523   -1.2786  N  0  0  0  0  0
  1  6  1  0  0  0
  1  2  1  0  0  0
  2  3  1  0  0  0
  3  4  1  0  0  0
  4  5  1  0  0  0
  5  6  1  0  0  0
M  END
$$$$
S1CNCCC1
  -ISIS-

  6  6  0  0  0  0  0  0  0  0  1
    1.7200   -5.7693   -0.7709  C  0  0  0  0  0
    0.4704   -5.5261   -1.5869  C  0  0  0  0  0
    0.5795   -4.3916   -2.5636  C  0  0  0  0  0
    1.8800   -4.8469   -3.7075  S  0  0  0  0  0
    3.2144   -4.7838   -2.5584  C  0  0  0  0  0
    2.9724   -5.3523   -1.2786  N  0  0  0  0  0
  1  6  1  0  0  0
  1  2  1  0  0  0
  2  3  1  0  0  0
  3  4  1  0  0  0
  4  5  1  0  0  0
  5  6  1  0  0  0
M  END
$$$$
S1CNCCC1
  -ISIS-

  6  6  0  0  0  0  0  0  0  0  1
   -4.2465   -0.2092   -2.7149  C  0  0  0  0  0
   -4.0424   -0.4456   -4.1946  C  0  0  0  0  0
   -2.7525   -1.1301   -4.5416  C  0  0  0  0  0
   -1.4470   -0.0348   -3.9906  S  0  0  0  0  0
   -1.7582   -0.1786   -2.2620  C  0  0  0  0  0
   -3.1211   -0.1392   -1.8612  N  0  0  0  0  0
  1  6  1  0  0  0
  1  2  1  0  0  0
  2  3  1  0  0  0
  3  4  1  0  0  0
  4  5  1  0  0  0
  5  6  1  0  0  0
M  END
$$$$
S1CNCCC1
  -ISIS-

  6  6  0  0  0  0  0  0  0  0  1
   -4.2465   -0.2092   -2.7149  C  0  0  0  0  0
   -4.0424   -0.4456   -4.1946  C  0  0  0  0  0
   -2.7525   -1.1301   -4.5416  C  0  0  0  0  0
   -1.4470   -0.0348   -3.9906  S  0  0  0  0  0
   -1.7582   -0.1786   -2.2620  C  0  0  0  0  0
   -3.1211   -0.1392   -1.8612  N  0  0  0  0  0
  1  6  1  0  0  0
  1  2  1  0  0  0
  2  3  1  0  0  0
  3  4  1  0  0  0
  4  5  1  0  0  0
  5  6  1  0  0  0
M  END
$$$$
S1CNCCC1
  -ISIS-

  6  6  0  0  0  0  0  0  0  0  1
   -4.2465   -0.2092   -2.7149  C  0  0  0  0  0
   -4.0424   -0.4456   -4.1946  C  0  0  0  0  0
   -2.7525   -1.1301   -4.5416  C  0  0  0  0  0
   -1.4470   -0.0348   -3.9906  S  0  0  0  0  0
   -1.7582   -0.1786   -2.2620  C  0  0  0  0  0
   -3.1211   -0.1392   -1.8612  N  0  0  0  0  0
  1  6  1  0  0  0
  1  2  1  0  0  0
  2  3  1  0  0  0
  3  4  1  0  0  0
  4  5  1  0  0  0
  5  6  1  0  0  0
M  END
$$$$
S1CNCCC1
  -ISIS-

  6  6  0  0  0  0  0  0  0  0  1
    5.2423    3.8362    0.8961  C  0  0  0  0  0
    5.2863    4.8065    2.0428  C  0  0  0  0  0
    5.4101    6.1864    1.4619  C  0  0  0  0  0
    3.8805    6.6316    0.6388  S  0  0  0  0  0
    3.2565    5.0731    0.0791  C  0  0  0  0  0
    4.1464    3.9787    0.0266  N  0  0  0  0  0
  1  6  1  0  0  0
  1  2  1  0  0  0
  2  3  1  0  0  0
  3  4  1  0  0  0
  4  5  1  0  0  0
  5  6  1  0  0  0
M  END
$$$$
S1CNCCC1
  -ISIS-

  6  6  0  0  0  0  0  0  0  0  1
    5.2423    3.8362    0.8961  C  0  0  0  0  0
    5.2863    4.8065    2.0428  C  0  0  0  0  0
    5.4101    6.1864    1.4619  C  0  0  0  0  0
    3.8805    6.6316    0.6388  S  0  0  0  0  0
    3.2565    5.0731    0.0791  C  0  0  0  0  0
    4.1464    3.9787    0.0266  N  0  0  0  0  0
  1  6  1  0  0  0
  1  2  1  0  0  0
  2  3  1  0  0  0
  3  4  1  0  0  0
  4  5  1  0  0  0
  5  6  1  0  0  0
M  END
$$$$
S1CNCCC1
  -ISIS-

  6  6  0  0  0  0  0  0  0  0  1
    5.2423    3.8362    0.8961  C  0  0  0  0  0
    5.2863    4.8065    2.0428  C  0  0  0  0  0
    5.4101    6.1864    1.4619  C  0  0  0  0  0
    3.8805    6.6316    0.6388  S  0  0  0  0  0
    3.2565    5.0731    0.0791  C  0  0  0  0  0
    4.1464    3.9787    0.0266  N  0  0  0  0  0
  1  6  1  0  0  0
  1  2  1  0  0  0
  2  3  1  0  0  0
  3  4  1  0  0  0
  4  5  1  0  0  0
  5  6  1  0  0  0
M  END
$$$$
S1CNCCC1
  -ISIS-

  6  6  0  0  0  0  0  0  0  0  1
   -1.3888    4.1746   -6.3291  C  0  0  0  0  0
   -0.3943    4.9394   -5.4845  C  0  0  0  0  0
   -0.7398    5.0088   -4.0256  C  0  0  0  0  0
   -0.7537    3.3167   -3.4393  S  0  0  0  0  0
   -2.1566    2.7810   -4.3628  C  0  0  0  0  0
   -2.2181    3.2058   -5.7175  N  0  0  0  0  0
  1  6  1  0  0  0
  1  2  1  0  0  0
  2  3  1  0  0  0
  3  4  1  0  0  0
  4  5  1  0  0  0
  5  6  1  0  0  0
M  END
$$$$
S1CNCCC1
  -ISIS-

  6  6  0  0  0  0  0  0  0  0  1
   -1.3888    4.1746   -6.3291  C  0  0  0  0  0
   -0.3943    4.9394   -5.4845  C  0  0  0  0  0
   -0.7398    5.0088   -4.0256  C  0  0  0  0  0
   -0.7537    3.3167   -3.4393  S  0  0  0  0  0
   -2.1566    2.7810   -4.3628  C  0  0  0  0  0
   -2.2181    3.2058   -5.7175  N  0  0  0  0  0
  1  6  1  0  0  0
  1  2  1  0  0  0
  2  3  1  0  0  0
  3  4  1  0  0  0
  4  5  1  0  0  0
  5  6  1  0  0  0
M  END
$$$$
S1CNCCC1
  -ISIS-

  6  6  0  0  0  0  0  0  0  0  1
   -1.3888    4.1746   -6.3291  C  0  0  0  0  0
   -0.3943    4.9394   -5.4845  C  0  0  0  0  0
   -0.7398    5.0088   -4.0256  C  0  0  0  0  0
   -0.7537    3.3167   -3.4393  S  0  0  0  0  0
   -2.1566    2.7810   -4.3628  C  0  0  0  0  0
   -2.2181    3.2058   -5.7175  N  0  0  0  0  0
  1  6  1  0  0  0
  1  2  1  0  0  0
  2  3  1  0  0  0
  3  4  1  0  0  0
  4  5  1  0  0  0
  5  6  1  0  0  0
M  END
$$$$
S1CNCCC1
  -ISIS-

  6  6  0  0  0  0  0  0  0  0  1
   -2.6072   -1.5667   -2.2746  C  0  0  0  0  0
   -2.6901   -3.0693   -2.4270  C  0  0  0  0  0
   -1.3605   -3.7608   -2.5019  C  0  0  0  0  0
   -0.5548   -3.1230   -3.9681  S  0  0  0  0  0
   -0.3406   -1.4698   -3.3935  C  0  0  0  0  0
   -1.4487   -0.8881   -2.7202  N  0  0  0  0  0
  1  6  1  0  0  0
  1  2  1  0  0  0
  2  3  1  0  0  0
  3  4  1  0  0  0
  4  5  1  0  0  0
  5  6  1  0  0  0
M  END
$$$$
S1CNCCC1
  -ISIS-

  6  6  0  0  0  0  0  0  0  0  1
   -2.6072   -1.5667   -2.2746  C  0  0  0  0  0
   -2.6901   -3.0693   -2.4270  C  0  0  0  0  0
   -1.3605   -3.7608   -2.5019  C  0  0  0  0  0
   -0.5548   -3.1230   -3.9681  S  0  0  0  0  0
   -0.3406   -1.4698   -3.3935  C  0  0  0  0  0
   -1.4487   -0.8881   -2.7202  N  0  0  0  0  0
  1  6  1  0  0  0
  1  2  1  0  0  0
  2  3  1  0  0  0
  3  4  1  0  0  0
  4  5  1  0  0  0
  5  6  1  0  0  0
M  END
$$$$
S1CNCCC1
  -ISIS-

  6  6  0  0  0  0  0  0  0  0  1
   -2.6072   -1.5667   -2.2746  C  0  0  0  0  0
   -2.6901   -3.0693   -2.4270  C  0  0  0  0  0
   -1.3605   -3.7608   -2.5019  C  0  0  0  0  0
   -0.5548   -3.1230   -3.9681  S  0  0  0  0  0
   -0.3406   -1.4698   -3.3935  C  0  0  0  0  0
   -1.4487   -0.8881   -2.7202  N  0  0  0  0  0
  1  6  1  0  0  0
  1  2  1  0  0  0
  2  3  1  0  0  0
  3  4  1  0  0  0
  4  5  1  0  0  0
  5  6  1  0  0  0
M  END
$$$$
S1CNCCC1
  -ISIS-

  6  6  0  0  0  0  0  0  0  0  1
   -1.1641    4.0998    1.3911  C  0  0  0  0  0
   -1.2043    5.1453    2.4834  C  0  0  0  0  0
   -1.6553    6.5020    2.0277  C  0  0  0  0  0
   -3.3326    6.2922    1.4376  S  0  0  0  0  0
   -2.9466    5.2855    0.0428  C  0  0  0  0  0
   -1.9914    4.2543    0.2540  N  0  0  0  0  0
  1  6  1  0  0  0
  1  2  1  0  0  0
  2  3  1  0  0  0
  3  4  1  0  0  0
  4  5  1  0  0  0
  5  6  1  0  0  0
M  END
$$$$
S1CNCCC1
  -ISIS-

  6  6  0  0  0  0  0  0  0  0  1
   -1.1641    4.0998    1.3911  C  0  0  0  0  0
   -1.2043    5.1453    2.4834  C  0  0  0  0  0
   -1.6553    6.5020    2.0277  C  0  0  0  0  0
   -3.3326    6.2922    1.4376  S  0  0  0  0  0
   -2.9466    5.2855    0.0428  C  0  0  0  0  0
   -1.9914    4.2543    0.2540  N  0  0  0  0  0
  1  6  1  0  0  0
  1  2  1  0  0  0
  2  3  1  0  0  0
  3  4  1  0  0  0
  4  5  1  0  0  0
  5  6  1  0  0  0
M  END
$$$$
S1CNCCC1
  -ISIS-

  6  6  0  0  0  0  0  0  0  0  1
   -1.1641    4.0998    1.3911  C  0  0  0  0  0
   -1.2043    5.1453    2.4834  C  0  0  0  0  0
   -1.6553    6.5020    2.0277  C  0  0  0  0  0
   -3.3326    6.2922    1.4376  S  0  0  0  0  0
   -2.9466    5.2855    0.0428  C  0  0  0  0  0
   -1.9914    4.2543    0.2540  N  0  0  0  0  0
  1  6  1  0  0  0
  1  2  1  0  0  0
  2  3  1  0  0  0
  3  4  1  0  0  0
  4  5  1  0  0  0
  5  6  1  0  0  0
M  END
$$$$
S1CNCCC1
  -ISIS-

  6  6  0  0  0  0  0  0  0  0  1
   -4.2713    1.4950   -2.5583  C  0  0  0  0  0
   -5.2199    2.6651   -2.4250  C  0  0  0  0  0
   -5.2323    3.5907   -3.6063  C  0  0  0  0  0
   -3.5770    4.2635   -3.7253  S  0  0  0  0  0
   -2.7599    2.7595   -4.1444  C  0  0  0  0  0
   -3.1519    1.6036   -3.4162  N  0  0  0  0  0
  1  6  1  0  0  0
  1  2  1  0  0  0
  2  3  1  0  0  0
  3  4  1  0  0  0
  4  5  1  0  0  0
  5  6  1  0  0  0
M  END
$$$$
S1CNCCC1
  -ISIS-

  6  6  0  0  0  0  0  0  0  0  1
   -4.2713    1.4950   -2.5583  C  0  0  0  0  0
   -5.2199    2.6651   -2.4250  C  0  0  0  0  0
   -5.2323    3.5907   -3.6063  C  0  0  0  0  0
   -3.5770    4.2635   -3.7253  S  0  0  0  0  0
   -2.7599    2.7595   -4.1444  C  0  0  0  0  0
   -3.1519    1.6036   -3.4162  N  0  0  0  0  0
  1  6  1  0  0  0
  1  2  1  0  0  0
  2  3  1  0  0  0
  3  4  1  0  0  0
  4  5  1  0  0  0
  5  6  1  0  0  0
M  END
$$$$
S1CNCCC1
  -ISIS-

  6  6  0  0  0  0  0  0  0  0  1
   -4.2713    1.4950   -2.5583  C  0  0  0  0  0
   -5.2199    2.6651   -2.4250  C  0  0  0  0  0
   -5.2323    3.5907   -3.6063  C  0  0  0  0  0
   -3.5770    4.2635   -3.7253  S  0  0  0  0  0
   -2.7599    2.7595   -4.1444  C  0  0  0  0  0
   -3.1519    1.6036   -3.4162  N  0  0  0  0  0
  1  6  1  0  0  0
  1  2  1  0  0  0
  2  3  1  0  0  0
  3  4  1  0  0  0
  4  5  1  0  0  0
  5  6  1  0  0  0
M  END
$$$$
S1CNCCC1
  -ISIS-

  6  6  0  0  0  0  0  0  0  0  1
   -2.4080    1.0302   -2.6291  C  0  0  0  0  0
   -2.7123    0.8601   -4.1006  C  0  0  0  0  0
   -2.4000    2.0637   -4.9411  C  0  0  0  0  0
   -0.6353    2.3290   -4.7899  S  0  0  0  0  0
   -0.6264    2.7678   -3.0831  C  0  0  0  0  0
   -1.4425    1.9815   -2.2255  N  0  0  0  0  0
  1  6  1  0  0  0
  1  2  1  0  0  0
  2  3  1  0  0  0
  3  4  1  0  0  0
  4  5  1  0  0  0
  5  6  1  0  0  0
M  END
$$$$
S1CNCCC1
  -ISIS-

  6  6  0  0  0  0  0  0  0  0  1
   -2.4080    1.0302   -2.6291  C  0  0  0  0  0
   -2.7123    0.8601   -4.1006  C  0  0  0  0  0
   -2.4000    2.0637   -4.9411  C  0  0  0  0  0
   -0.6353    2.3290   -4.7899  S  0  0  0  0  0
   -0.6264    2.7678   -3.0831  C  0  0  0  0  0
   -1.4425    1.9815   -2.2255  N  0  0  0  0  0
  1  6  1  0  0  0
  1  2  1  0  0  0
  2  3  1  0  0  0
  3  4  1  0  0  0
  4  5  1  0  0  0
  5  6  1  0  0  0
M  END
$$$$
S1CNCCC1
  -ISIS-

  6  6  0  0  0  0  0  0  0  0  1
   -2.4080    1.0302   -2.6291  C  0  0  0  0  0
   -2.7123    0.8601   -4.1006  C  0  0  0  0  0
   -2.4000    2.0637   -4.9411  C  0  0  0  0  0
   -0.6353    2.3290   -4.7899  S  0  0  0  0  0
   -0.6264    2.7678   -3.0831  C  0  0  0  0  0
   -1.4425    1.9815   -2.2255  N  0  0  0  0  0
  1  6  1  0  0  0
  1  2  1  0  0  0
  2  3  1  0  0  0
  3  4  1  0  0  0
  4  5  1  0  0  0
  5  6  1  0  0  0
M  END
$$$$
S1CNCCC1
  -ISIS-

  6  6  0  0  0  0  0  0  0  0  1
   -1.1976   -0.5883   -3.6988  C  0  0  0  0  0
   -1.0510   -1.5050   -4.8800  C  0  0  0  0  0
    0.2505   -2.2392   -4.7273  C  0  0  0  0  0
    0.1072   -3.4147   -3.3824  S  0  0  0  0  0
   -0.9611   -2.5890   -2.2401  C  0  0  0  0  0
   -1.2273   -1.2150   -2.4390  N  0  0  0  0  0
  1  6  1  0  0  0
  1  2  1  0  0  0
  2  3  1  0  0  0
  3  4  1  0  0  0
  4  5  1  0  0  0
  5  6  1  0  0  0
M  END
$$$$
S1CNCCC1
  -ISIS-

  6  6  0  0  0  0  0  0  0  0  1
   -1.1976   -0.5883   -3.6988  C  0  0  0  0  0
   -1.0510   -1.5050   -4.8800  C  0  0  0  0  0
    0.2505   -2.2392   -4.7273  C  0  0  0  0  0
    0.1072   -3.4147   -3.3824  S  0  0  0  0  0
   -0.9611   -2.5890   -2.2401  C  0  0  0  0  0
   -1.2273   -1.2150   -2.4390  N  0  0  0  0  0
  1  6  1  0  0  0
  1  2  1  0  0  0
  2  3  1  0  0  0
  3  4  1  0  0  0
  4  5  1  0  0  0
  5  6  1  0  0  0
M  END
$$$$
S1CNCCC1
  -ISIS-

  6  6  0  0  0  0  0  0  0  0  1
   -1.1976   -0.5883   -3.6988  C  0  0  0  0  0
   -1.0510   -1.5050   -4.8800  C  0  0  0  0  0
    0.2505   -2.2392   -4.7273  C  0  0  0  0  0
    0.1072   -3.4147   -3.3824  S  0  0  0  0  0
   -0.9611   -2.5890   -2.2401  C  0  0  0  0  0
   -1.2273   -1.2150   -2.4390  N  0  0  0  0  0
  1  6  1  0  0  0
  1  2  1  0  0  0
  2  3  1  0  0  0
  3  4  1  0  0  0
  4  5  1  0  0  0
  5  6  1  0  0  0
M  END
$$$$
S1CNCCC1
  -ISIS-

  6  6  0  0  0  0  0  0  0  0  1
   -1.4489    3.4555    2.0434  C  0  0  0  0  0
   -0.0022    3.1317    2.2887  C  0  0  0  0  0
    0.2709    1.7903    1.6699  C  0  0  0  0  0
    0.2084    1.9299   -0.1167  S  0  0  0  0  0
   -0.9714    3.2224   -0.3784  C  0  0  0  0  0
   -1.8190    3.5797    0.6925  N  0  0  0  0  0
  1  6  1  0  0  0
  1  2  1  0  0  0
  2  3  1  0  0  0
  3  4  1  0  0  0
  4  5  1  0  0  0
  5  6  1  0  0  0
M  END
$$$$
S1CNCCC1
  -ISIS-

  6  6  0  0  0  0  0  0  0  0  1
   -1.4489    3.4555    2.0434  C  0  0  0  0  0
   -0.0022    3.1317    2.2887  C  0  0  0  0  0
    0.2709    1.7903    1.6699  C  0  0  0  0  0
    0.2084    1.9299   -0.1167  S  0  0  0  0  0
   -0.9714    3.2224   -0.3784  C  0  0  0  0  0
   -1.8190    3.5797    0.6925  N  0  0  0  0  0
  1  6  1  0  0  0
  1  2  1  0  0  0
  2  3  1  0  0  0
  3  4  1  0  0  0
  4  5  1  0  0  0
  5  6  1  0  0  0
M  END
$$$$
S1CNCCC1
  -ISIS-

  6  6  0  0  0  0  0  0  0  0  1
   -1.4489    3.4555    2.0434  C  0  0  0  0  0
   -0.0022    3.1317    2.2887  C  0  0  0  0  0
    0.2709    1.7903    1.6699  C  0  0  0  0  0
    0.2084    1.9299   -0.1167  S  0  0  0  0  0
   -0.9714    3.2224   -0.3784  C  0  0  0  0  0
   -1.8190    3.5797    0.6925  N  0  0  0  0  0
  1  6  1  0  0  0
  1  2  1  0  0  0
  2  3  1  0  0  0
  3  4  1  0  0  0
  4  5  1  0  0  0
  5  6  1  0  0  0
M  END
$$$$
S1CNCCC1
  -ISIS-

  6  6  0  0  0  0  0  0  0  0  1
   -1.6368    3.1877   -5.6377  N  0  0  0  0  0
   -2.2200    4.0119   -6.6328  C  0  0  0  0  0
   -2.6754    3.2662   -8.1651  S  0  0  0  0  0
   -2.7170    1.5326   -7.7193  C  0  0  0  0  0
   -1.3933    1.1902   -7.0970  C  0  0  0  0  0
   -1.2909    1.8248   -5.7395  C  0  0  0  0  0
  1  6  1  0  0  0
  1  2  1  0  0  0
  2  3  1  0  0  0
  3  4  1  0  0  0
  4  5  1  0  0  0
  5  6  1  0  0  0
M  END
$$$$
S1CNCCC1
  -ISIS-

  6  6  0  0  0  0  0  0  0  0  1
   -1.6368    3.1877   -5.6377  N  0  0  0  0  0
   -2.2200    4.0119   -6.6328  C  0  0  0  0  0
   -2.6754    3.2662   -8.1651  S  0  0  0  0  0
   -2.7170    1.5326   -7.7193  C  0  0  0  0  0
   -1.3933    1.1902   -7.0970  C  0  0  0  0  0
   -1.2909    1.8248   -5.7395  C  0  0  0  0  0
  1  6  1  0  0  0
  1  2  1  0  0  0
  2  3  1  0  0  0
  3  4  1  0  0  0
  4  5  1  0  0  0
  5  6  1  0  0  0
M  END
$$$$
S1CNCCC1
  -ISIS-

  6  6  0  0  0  0  0  0  0  0  1
   -1.6368    3.1877   -5.6377  N  0  0  0  0  0
   -2.2200    4.0119   -6.6328  C  0  0  0  0  0
   -2.6754    3.2662   -8.1651  S  0  0  0  0  0
   -2.7170    1.5326   -7.7193  C  0  0  0  0  0
   -1.3933    1.1902   -7.0970  C  0  0  0  0  0
   -1.2909    1.8248   -5.7395  C  0  0  0  0  0
  1  6  1  0  0  0
  1  2  1  0  0  0
  2  3  1  0  0  0
  3  4  1  0  0  0
  4  5  1  0  0  0
  5  6  1  0  0  0
M  END
$$$$
S1CNCCC1
  -ISIS-

  6  6  0  0  0  0  0  0  0  0  1
   -0.6233    1.7842   -9.6466  C  0  0  0  0  0
   -0.2803    0.9547  -10.8643  C  0  0  0  0  0
   -0.6510   -0.4953  -10.7545  C  0  0  0  0  0
    0.2977   -1.1448   -9.3818  S  0  0  0  0  0
   -0.5045   -0.2224   -8.1115  C  0  0  0  0  0
   -0.7507    1.1496   -8.3887  N  0  0  0  0  0
  1  6  1  0  0  0
  1  2  1  0  0  0
  2  3  1  0  0  0
  3  4  1  0  0  0
  4  5  1  0  0  0
  5  6  1  0  0  0
M  END
$$$$
S1CNCCC1
  -ISIS-

  6  6  0  0  0  0  0  0  0  0  1
   -0.6233    1.7842   -9.6466  C  0  0  0  0  0
   -0.2803    0.9547  -10.8643  C  0  0  0  0  0
   -0.6510   -0.4953  -10.7545  C  0  0  0  0  0
    0.2977   -1.1448   -9.3818  S  0  0  0  0  0
   -0.5045   -0.2224   -8.1115  C  0  0  0  0  0
   -0.7507    1.1496   -8.3887  N  0  0  0  0  0
  1  6  1  0  0  0
  1  2  1  0  0  0
  2  3  1  0  0  0
  3  4  1  0  0  0
  4  5  1  0  0  0
  5  6  1  0  0  0
M  END
$$$$
S1CNCCC1
  -ISIS-

  6  6  0  0  0  0  0  0  0  0  1
   -0.6233    1.7842   -9.6466  C  0  0  0  0  0
   -0.2803    0.9547  -10.8643  C  0  0  0  0  0
   -0.6510   -0.4953  -10.7545  C  0  0  0  0  0
    0.2977   -1.1448   -9.3818  S  0  0  0  0  0
   -0.5045   -0.2224   -8.1115  C  0  0  0  0  0
   -0.7507    1.1496   -8.3887  N  0  0  0  0  0
  1  6  1  0  0  0
  1  2  1  0  0  0
  2  3  1  0  0  0
  3  4  1  0  0  0
  4  5  1  0  0  0
  5  6  1  0  0  0
M  END
$$$$
S1CNCCC1
  -ISIS-

  6  6  0  0  0  0  0  0  0  0  1
   -7.8830    6.7041   -8.8538  C  0  0  0  0  0
   -9.0494    7.1525   -8.0014  C  0  0  0  0  0
  -10.0794    6.0910   -7.7485  C  0  0  0  0  0
  -10.7350    5.6470   -9.3546  S  0  0  0  0  0
   -9.2630    4.9161   -9.9928  C  0  0  0  0  0
   -8.0516    5.6159   -9.7418  N  0  0  0  0  0
  1  6  1  0  0  0
  1  2  1  0  0  0
  2  3  1  0  0  0
  3  4  1  0  0  0
  4  5  1  0  0  0
  5  6  1  0  0  0
M  END
$$$$
S1CNCCC1
  -ISIS-

  6  6  0  0  0  0  0  0  0  0  1
   -7.8830    6.7041   -8.8538  C  0  0  0  0  0
   -9.0494    7.1525   -8.0014  C  0  0  0  0  0
  -10.0794    6.0910   -7.7485  C  0  0  0  0  0
  -10.7350    5.6470   -9.3546  S  0  0  0  0  0
   -9.2630    4.9161   -9.9928  C  0  0  0  0  0
   -8.0516    5.6159   -9.7418  N  0  0  0  0  0
  1  6  1  0  0  0
  1  2  1  0  0  0
  2  3  1  0  0  0
  3  4  1  0  0  0
  4  5  1  0  0  0
  5  6  1  0  0  0
M  END
$$$$
S1CNCCC1
  -ISIS-

  6  6  0  0  0  0  0  0  0  0  1
   -7.8830    6.7041   -8.8538  C  0  0  0  0  0
   -9.0494    7.1525   -8.0014  C  0  0  0  0  0
  -10.0794    6.0910   -7.7485  C  0  0  0  0  0
  -10.7350    5.6470   -9.3546  S  0  0  0  0  0
   -9.2630    4.9161   -9.9928  C  0  0  0  0  0
   -8.0516    5.6159   -9.7418  N  0  0  0  0  0
  1  6  1  0  0  0
  1  2  1  0  0  0
  2  3  1  0  0  0
  3  4  1  0  0  0
  4  5  1  0  0  0
  5  6  1  0  0  0
M  END
$$$$
S1CNCCC1
  -ISIS-

  6  6  0  0  0  0  0  0  0  0  1
   -5.0179    1.5579   -3.8186  C  0  0  0  0  0
   -5.5328    1.1761   -5.1889  C  0  0  0  0  0
   -6.7164    0.2538   -5.1759  C  0  0  0  0  0
   -6.1605   -1.2490   -4.3769  S  0  0  0  0  0
   -5.9228   -0.5591   -2.7711  C  0  0  0  0  0
   -5.2783    0.7065   -2.7191  N  0  0  0  0  0
  1  6  1  0  0  0
  1  2  1  0  0  0
  2  3  1  0  0  0
  3  4  1  0  0  0
  4  5  1  0  0  0
  5  6  1  0  0  0
M  END
$$$$
S1CNCCC1
  -ISIS-

  6  6  0  0  0  0  0  0  0  0  1
   -5.0179    1.5579   -3.8186  C  0  0  0  0  0
   -5.5328    1.1761   -5.1889  C  0  0  0  0  0
   -6.7164    0.2538   -5.1759  C  0  0  0  0  0
   -6.1605   -1.2490   -4.3769  S  0  0  0  0  0
   -5.9228   -0.5591   -2.7711  C  0  0  0  0  0
   -5.2783    0.7065   -2.7191  N  0  0  0  0  0
  1  6  1  0  0  0
  1  2  1  0  0  0
  2  3  1  0  0  0
  3  4  1  0  0  0
  4  5  1  0  0  0
  5  6  1  0  0  0
M  END
$$$$
S1CNCCC1
  -ISIS-

  6  6  0  0  0  0  0  0  0  0  1
   -5.0179    1.5579   -3.8186  C  0  0  0  0  0
   -5.5328    1.1761   -5.1889  C  0  0  0  0  0
   -6.7164    0.2538   -5.1759  C  0  0  0  0  0
   -6.1605   -1.2490   -4.3769  S  0  0  0  0  0
   -5.9228   -0.5591   -2.7711  C  0  0  0  0  0
   -5.2783    0.7065   -2.7191  N  0  0  0  0  0
  1  6  1  0  0  0
  1  2  1  0  0  0
  2  3  1  0  0  0
  3  4  1  0  0  0
  4  5  1  0  0  0
  5  6  1  0  0  0
M  END
$$$$
S1CNCCC1
  -ISIS-

  6  6  0  0  0  0  0  0  0  0  1
   -0.7321   -3.2452    2.4536  C  0  0  0  0  0
   -2.2155   -3.1824    2.6820  C  0  0  0  0  0
   -2.8944   -4.0362    1.6487  C  0  0  0  0  0
   -2.7947   -3.1881    0.0759  S  0  0  0  0  0
   -1.1121   -2.6489    0.0419  C  0  0  0  0  0
   -0.2835   -2.9400    1.1547  N  0  0  0  0  0
  1  6  1  0  0  0
  1  2  1  0  0  0
  2  3  1  0  0  0
  3  4  1  0  0  0
  4  5  1  0  0  0
  5  6  1  0  0  0
M  END
$$$$
S1CNCCC1
  -ISIS-

  6  6  0  0  0  0  0  0  0  0  1
   -0.7321   -3.2452    2.4536  C  0  0  0  0  0
   -2.2155   -3.1824    2.6820  C  0  0  0  0  0
   -2.8944   -4.0362    1.6487  C  0  0  0  0  0
   -2.7947   -3.1881    0.0759  S  0  0  0  0  0
   -1.1121   -2.6489    0.0419  C  0  0  0  0  0
   -0.2835   -2.9400    1.1547  N  0  0  0  0  0
  1  6  1  0  0  0
  1  2  1  0  0  0
  2  3  1  0  0  0
  3  4  1  0  0  0
  4  5  1  0  0  0
  5  6  1  0  0  0
M  END
$$$$
S1CNCCC1
  -ISIS-

  6  6  0  0  0  0  0  0  0  0  1
   -0.7321   -3.2452    2.4536  C  0  0  0  0  0
   -2.2155   -3.1824    2.6820  C  0  0  0  0  0
   -2.8944   -4.0362    1.6487  C  0  0  0  0  0
   -2.7947   -3.1881    0.0759  S  0  0  0  0  0
   -1.1121   -2.6489    0.0419  C  0  0  0  0  0
   -0.2835   -2.9400    1.1547  N  0  0  0  0  0
  1  6  1  0  0  0
  1  2  1  0  0  0
  2  3  1  0  0  0
  3  4  1  0  0  0
  4  5  1  0  0  0
  5  6  1  0  0  0
M  END
$$$$
S1CNCCC1
  -ISIS-

  6  6  0  0  0  0  0  0  0  0  1
   -6.5818   -4.8605    0.3457  N  0  0  0  0  0
   -6.1921   -6.0009    1.0963  C  0  0  0  0  0
   -6.8941   -7.5656    0.6716  S  0  0  0  0  0
   -8.2322   -7.0820   -0.4125  C  0  0  0  0  0
   -7.6568   -6.1805   -1.4662  C  0  0  0  0  0
   -7.3195   -4.8503   -0.8564  C  0  0  0  0  0
  1  6  1  0  0  0
  1  2  1  0  0  0
  2  3  1  0  0  0
  3  4  1  0  0  0
  4  5  1  0  0  0
  5  6  1  0  0  0
M  END
$$$$
S1CNCCC1
  -ISIS-

  6  6  0  0  0  0  0  0  0  0  1
   -6.5818   -4.8605    0.3457  N  0  0  0  0  0
   -6.1921   -6.0009    1.0963  C  0  0  0  0  0
   -6.8941   -7.5656    0.6716  S  0  0  0  0  0
   -8.2322   -7.0820   -0.4125  C  0  0  0  0  0
   -7.6568   -6.1805   -1.4662  C  0  0  0  0  0
   -7.3195   -4.8503   -0.8564  C  0  0  0  0  0
  1  6  1  0  0  0
  1  2  1  0  0  0
  2  3  1  0  0  0
  3  4  1  0  0  0
  4  5  1  0  0  0
  5  6  1  0  0  0
M  END
$$$$
S1CNCCC1
  -ISIS-

  6  6  0  0  0  0  0  0  0  0  1
   -6.5818   -4.8605    0.3457  N  0  0  0  0  0
   -6.1921   -6.0009    1.0963  C  0  0  0  0  0
   -6.8941   -7.5656    0.6716  S  0  0  0  0  0
   -8.2322   -7.0820   -0.4125  C  0  0  0  0  0
   -7.6568   -6.1805   -1.4662  C  0  0  0  0  0
   -7.3195   -4.8503   -0.8564  C  0  0  0  0  0
  1  6  1  0  0  0
  1  2  1  0  0  0
  2  3  1  0  0  0
  3  4  1  0  0  0
  4  5  1  0  0  0
  5  6  1  0  0  0
M  END
$$$$
S1CNCCC1
  -ISIS-

  6  6  0  0  0  0  0  0  0  0  1
   -4.0638   -4.4914    0.4991  N  0  0  0  0  0
   -5.3747   -5.1318    0.4044  C  0  0  0  0  0
   -6.4421   -4.5489    1.3061  C  0  0  0  0  0
   -6.6621   -3.0974    0.9593  C  0  0  0  0  0
   -5.1785   -2.1676    1.3381  S  0  0  0  0  0
   -3.9240   -3.0935    0.5175  C  0  0  0  0  0
  1  6  1  0  0  0
  1  2  1  0  0  0
  2  3  1  0  0  0
  3  4  1  0  0  0
  4  5  1  0  0  0
  5  6  1  0  0  0
M  END
$$$$
S1CNCCC1
  -ISIS-

  6  6  0  0  0  0  0  0  0  0  1
   -4.0638   -4.4914    0.4991  N  0  0  0  0  0
   -5.3747   -5.1318    0.4044  C  0  0  0  0  0
   -6.4421   -4.5489    1.3061  C  0  0  0  0  0
   -6.6621   -3.0974    0.9593  C  0  0  0  0  0
   -5.1785   -2.1676    1.3381  S  0  0  0  0  0
   -3.9240   -3.0935    0.5175  C  0  0  0  0  0
  1  6  1  0  0  0
  1  2  1  0  0  0
  2  3  1  0  0  0
  3  4  1  0  0  0
  4  5  1  0  0  0
  5  6  1  0  0  0
M  END
$$$$
S1CNCCC1
  -ISIS-

  6  6  0  0  0  0  0  0  0  0  1
    4.1210   -2.7543   -3.4826  C  0  0  0  0  0
    5.8782   -2.7732   -3.3312  S  0  0  0  0  0
    6.3358   -1.2245   -4.1105  C  0  0  0  0  0
    5.5399   -0.0987   -3.4958  C  0  0  0  0  0
    4.0642   -0.2926   -3.7832  C  0  0  0  0  0
    3.4907   -1.5242   -3.2297  N  0  0  0  0  0
  1  6  1  0  0  0
  1  2  1  0  0  0
  2  3  1  0  0  0
  3  4  1  0  0  0
  4  5  1  0  0  0
  5  6  1  0  0  0
M  END
$$$$
S1CNCCC1
  -ISIS-

  6  6  0  0  0  0  0  0  0  0  1
    4.1210   -2.7543   -3.4826  C  0  0  0  0  0
    5.8782   -2.7732   -3.3312  S  0  0  0  0  0
    6.3358   -1.2245   -4.1105  C  0  0  0  0  0
    5.5399   -0.0987   -3.4958  C  0  0  0  0  0
    4.0642   -0.2926   -3.7832  C  0  0  0  0  0
    3.4907   -1.5242   -3.2297  N  0  0  0  0  0
  1  6  1  0  0  0
  1  2  1  0  0  0
  2  3  1  0  0  0
  3  4  1  0  0  0
  4  5  1  0  0  0
  5  6  1  0  0  0
M  END
$$$$
S1CNCCC1
  -ISIS-

  6  6  0  0  0  0  0  0  0  0  1
   -4.9015    2.7139    1.3729  N  0  0  0  0  0
   -5.2821    1.2990    1.3732  C  0  0  0  0  0
   -5.8439    0.7773    2.6753  C  0  0  0  0  0
   -7.1119    1.5260    2.9886  C  0  0  0  0  0
   -6.7222    3.2309    3.3540  S  0  0  0  0  0
   -5.5669    3.7058    2.1089  C  0  0  0  0  0
  1  6  1  0  0  0
  1  2  1  0  0  0
  2  3  1  0  0  0
  3  4  1  0  0  0
  4  5  1  0  0  0
  5  6  1  0  0  0
M  END
$$$$
S1CNCCC1
  -ISIS-

  6  6  0  0  0  0  0  0  0  0  1
   -4.9015    2.7139    1.3729  N  0  0  0  0  0
   -5.2821    1.2990    1.3732  C  0  0  0  0  0
   -5.8439    0.7773    2.6753  C  0  0  0  0  0
   -7.1119    1.5260    2.9886  C  0  0  0  0  0
   -6.7222    3.2309    3.3540  S  0  0  0  0  0
   -5.5669    3.7058    2.1089  C  0  0  0  0  0
  1  6  1  0  0  0
  1  2  1  0  0  0
  2  3  1  0  0  0
  3  4  1  0  0  0
  4  5  1  0  0  0
  5  6  1  0  0  0
M  END
$$$$
S1CNCCC1
  -ISIS-

  6  6  0  0  0  0  0  0  0  0  1
   -1.1564    3.7152    4.0334  C  0  0  0  0  0
   -1.0203    5.3846    3.4391  S  0  0  0  0  0
    0.6280    5.2235    2.7061  C  0  0  0  0  0
    0.7179    4.0846    1.6957  C  0  0  0  0  0
   -0.4855    3.1506    1.7018  C  0  0  0  0  0
   -0.8540    2.7362    3.0656  N  0  0  0  0  0
  1  6  1  0  0  0
  1  2  1  0  0  0
  2  3  1  0  0  0
  3  4  1  0  0  0
  4  5  1  0  0  0
  5  6  1  0  0  0
M  END
$$$$
S1CNCCC1
  -ISIS-

  6  6  0  0  0  0  0  0  0  0  1
   -1.1564    3.7152    4.0334  C  0  0  0  0  0
   -1.0203    5.3846    3.4391  S  0  0  0  0  0
    0.6280    5.2235    2.7061  C  0  0  0  0  0
    0.7179    4.0846    1.6957  C  0  0  0  0  0
   -0.4855    3.1506    1.7018  C  0  0  0  0  0
   -0.8540    2.7362    3.0656  N  0  0  0  0  0
  1  6  1  0  0  0
  1  2  1  0  0  0
  2  3  1  0  0  0
  3  4  1  0  0  0
  4  5  1  0  0  0
  5  6  1  0  0  0
M  END
$$$$
S1CNCCC1
  -ISIS-

  6  6  0  0  0  0  0  0  0  0  1
    3.0482    2.7038   -0.7333  C  0  0  0  0  0
    2.0718    2.4335   -1.8322  N  0  0  0  0  0
    1.0027    1.4171   -1.5586  C  0  0  0  0  0
    1.5916    0.0130   -1.3792  C  0  0  0  0  0
    2.6369   -0.0797   -0.2361  C  0  0  0  0  0
    3.9670    1.1637   -0.5323  S  0  0  0  0  0
  1  6  1  0  0  0
  1  2  1  0  0  0
  2  3  1  0  0  0
  3  4  1  0  0  0
  4  5  1  0  0  0
  5  6  1  0  0  0
M  END
$$$$
S1CNCCC1
  -ISIS-

  6  6  0  0  0  0  0  0  0  0  1
    3.0482    2.7038   -0.7333  C  0  0  0  0  0
    2.0718    2.4335   -1.8322  N  0  0  0  0  0
    1.0027    1.4171   -1.5586  C  0  0  0  0  0
    1.5916    0.0130   -1.3792  C  0  0  0  0  0
    2.6369   -0.0797   -0.2361  C  0  0  0  0  0
    3.9670    1.1637   -0.5323  S  0  0  0  0  0
  1  6  1  0  0  0
  1  2  1  0  0  0
  2  3  1  0  0  0
  3  4  1  0  0  0
  4  5  1  0  0  0
  5  6  1  0  0  0
M  END
$$$$
S1CNCCC1
  -ISIS-

  6  6  0  0  0  0  0  0  0  0  1
    3.0482    2.7038   -0.7333  C  0  0  0  0  0
    2.0718    2.4335   -1.8322  N  0  0  0  0  0
    1.0027    1.4171   -1.5586  C  0  0  0  0  0
    1.5916    0.0130   -1.3792  C  0  0  0  0  0
    2.6369   -0.0797   -0.2361  C  0  0  0  0  0
    3.9670    1.1637   -0.5323  S  0  0  0  0  0
  1  6  1  0  0  0
  1  2  1  0  0  0
  2  3  1  0  0  0
  3  4  1  0  0  0
  4  5  1  0  0  0
  5  6  1  0  0  0
M  END
$$$$
S1CNCCC1
  -ISIS-

  6  6  0  0  0  0  0  0  0  0  1
    3.0482    2.7038   -0.7333  C  0  0  0  0  0
    2.0718    2.4335   -1.8322  N  0  0  0  0  0
    1.0027    1.4171   -1.5586  C  0  0  0  0  0
    1.5916    0.0130   -1.3792  C  0  0  0  0  0
    2.6369   -0.0797   -0.2361  C  0  0  0  0  0
    3.9670    1.1637   -0.5323  S  0  0  0  0  0
  1  6  1  0  0  0
  1  2  1  0  0  0
  2  3  1  0  0  0
  3  4  1  0  0  0
  4  5  1  0  0  0
  5  6  1  0  0  0
M  END
$$$$
S1CNCCC1
  -ISIS-

  6  6  0  0  0  0  0  0  0  0  1
   -5.5959   -3.1412    2.2926  C  0  0  0  0  0
   -5.0367   -4.5123    1.9844  C  0  0  0  0  0
   -5.6973   -5.5709    2.8262  C  0  0  0  0  0
   -5.3064   -5.2217    4.5435  S  0  0  0  0  0
   -5.9682   -3.5883    4.5951  C  0  0  0  0  0
   -5.4796   -2.7227    3.6182  N  0  0  0  0  0
  1  6  1  0  0  0
  1  2  1  0  0  0
  2  3  1  0  0  0
  3  4  1  0  0  0
  4  5  1  0  0  0
  5  6  1  0  0  0
M  END
$$$$
S1CNCCC1
  -ISIS-

  6  6  0  0  0  0  0  0  0  0  1
   -5.5959   -3.1412    2.2926  C  0  0  0  0  0
   -5.0367   -4.5123    1.9844  C  0  0  0  0  0
   -5.6973   -5.5709    2.8262  C  0  0  0  0  0
   -5.3064   -5.2217    4.5435  S  0  0  0  0  0
   -5.9682   -3.5883    4.5951  C  0  0  0  0  0
   -5.4796   -2.7227    3.6182  N  0  0  0  0  0
  1  6  1  0  0  0
  1  2  1  0  0  0
  2  3  1  0  0  0
  3  4  1  0  0  0
  4  5  1  0  0  0
  5  6  1  0  0  0
M  END
$$$$
S1CNCCC1
  -ISIS-

  6  6  0  0  0  0  0  0  0  0  1
   -5.5959   -3.1412    2.2926  C  0  0  0  0  0
   -5.0367   -4.5123    1.9844  C  0  0  0  0  0
   -5.6973   -5.5709    2.8262  C  0  0  0  0  0
   -5.3064   -5.2217    4.5435  S  0  0  0  0  0
   -5.9682   -3.5883    4.5951  C  0  0  0  0  0
   -5.4796   -2.7227    3.6182  N  0  0  0  0  0
  1  6  1  0  0  0
  1  2  1  0  0  0
  2  3  1  0  0  0
  3  4  1  0  0  0
  4  5  1  0  0  0
  5  6  1  0  0  0
M  END
$$$$
S1CNCCC1
  -ISIS-

  6  6  0  0  0  0  0  0  0  0  1
   -2.1522   -4.0441    3.4959  C  0  0  0  0  0
   -2.7226   -4.3466    4.8662  C  0  0  0  0  0
   -1.7256   -4.3207    5.9880  C  0  0  0  0  0
   -0.4945   -5.5520    5.5768  S  0  0  0  0  0
    0.1622   -4.7061    4.1854  C  0  0  0  0  0
   -0.7643   -4.1375    3.2853  N  0  0  0  0  0
  1  6  1  0  0  0
  1  2  1  0  0  0
  2  3  1  0  0  0
  3  4  1  0  0  0
  4  5  1  0  0  0
  5  6  1  0  0  0
M  END
$$$$
S1CNCCC1
  -ISIS-

  6  6  0  0  0  0  0  0  0  0  1
   -2.1522   -4.0441    3.4959  C  0  0  0  0  0
   -2.7226   -4.3466    4.8662  C  0  0  0  0  0
   -1.7256   -4.3207    5.9880  C  0  0  0  0  0
   -0.4945   -5.5520    5.5768  S  0  0  0  0  0
    0.1622   -4.7061    4.1854  C  0  0  0  0  0
   -0.7643   -4.1375    3.2853  N  0  0  0  0  0
  1  6  1  0  0  0
  1  2  1  0  0  0
  2  3  1  0  0  0
  3  4  1  0  0  0
  4  5  1  0  0  0
  5  6  1  0  0  0
M  END
$$$$
S1CNCCC1
  -ISIS-

  6  6  0  0  0  0  0  0  0  0  1
   -2.1522   -4.0441    3.4959  C  0  0  0  0  0
   -2.7226   -4.3466    4.8662  C  0  0  0  0  0
   -1.7256   -4.3207    5.9880  C  0  0  0  0  0
   -0.4945   -5.5520    5.5768  S  0  0  0  0  0
    0.1622   -4.7061    4.1854  C  0  0  0  0  0
   -0.7643   -4.1375    3.2853  N  0  0  0  0  0
  1  6  1  0  0  0
  1  2  1  0  0  0
  2  3  1  0  0  0
  3  4  1  0  0  0
  4  5  1  0  0  0
  5  6  1  0  0  0
M  END
$$$$
S1CNCCC1
  -ISIS-

  6  6  0  0  0  0  0  0  0  0  1
    5.6037   -0.6513    1.6571  C  0  0  0  0  0
    5.0801   -1.4626    3.1343  S  0  0  0  0  0
    3.3444   -1.0062    3.1713  C  0  0  0  0  0
    2.7016   -1.4110    1.8659  C  0  0  0  0  0
    3.3060   -0.6350    0.7067  C  0  0  0  0  0
    4.7557   -0.8099    0.5428  N  0  0  0  0  0
  1  6  1  0  0  0
  1  2  1  0  0  0
  2  3  1  0  0  0
  3  4  1  0  0  0
  4  5  1  0  0  0
  5  6  1  0  0  0
M  END
$$$$
S1CNCCC1
  -ISIS-

  6  6  0  0  0  0  0  0  0  0  1
    5.6037   -0.6513    1.6571  C  0  0  0  0  0
    5.0801   -1.4626    3.1343  S  0  0  0  0  0
    3.3444   -1.0062    3.1713  C  0  0  0  0  0
    2.7016   -1.4110    1.8659  C  0  0  0  0  0
    3.3060   -0.6350    0.7067  C  0  0  0  0  0
    4.7557   -0.8099    0.5428  N  0  0  0  0  0
  1  6  1  0  0  0
  1  2  1  0  0  0
  2  3  1  0  0  0
  3  4  1  0  0  0
  4  5  1  0  0  0
  5  6  1  0  0  0
M  END
$$$$
S1CNCCC1
  -ISIS-

  6  6  0  0  0  0  0  0  0  0  1
   -2.3710    1.3661   -0.5515  C  0  0  0  0  0
   -3.2996    0.3982   -1.0288  N  0  0  0  0  0
   -3.6957    0.0850   -2.3542  C  0  0  0  0  0
   -2.7629    0.7528   -3.6728  S  0  0  0  0  0
   -1.3282    1.3640   -2.7763  C  0  0  0  0  0
   -1.6853    2.2949   -1.5951  C  0  0  0  0  0
  1  6  1  0  0  0
  1  2  1  0  0  0
  2  3  1  0  0  0
  3  4  1  0  0  0
  4  5  1  0  0  0
  5  6  1  0  0  0
M  END
$$$$
S1CNCCC1
  -ISIS-

  6  6  0  0  0  0  0  0  0  0  1
   -2.3710    1.3661   -0.5515  C  0  0  0  0  0
   -3.2996    0.3982   -1.0288  N  0  0  0  0  0
   -3.6957    0.0850   -2.3542  C  0  0  0  0  0
   -2.7629    0.7528   -3.6728  S  0  0  0  0  0
   -1.3282    1.3640   -2.7763  C  0  0  0  0  0
   -1.6853    2.2949   -1.5951  C  0  0  0  0  0
  1  6  1  0  0  0
  1  2  1  0  0  0
  2  3  1  0  0  0
  3  4  1  0  0  0
  4  5  1  0  0  0
  5  6  1  0  0  0
M  END
$$$$
S1CNCCC1
  -ISIS-

  6  6  0  0  0  0  0  0  0  0  1
   -2.3710    1.3661   -0.5515  C  0  0  0  0  0
   -3.2996    0.3982   -1.0288  N  0  0  0  0  0
   -3.6957    0.0850   -2.3542  C  0  0  0  0  0
   -2.7629    0.7528   -3.6728  S  0  0  0  0  0
   -1.3282    1.3640   -2.7763  C  0  0  0  0  0
   -1.6853    2.2949   -1.5951  C  0  0  0  0  0
  1  6  1  0  0  0
  1  2  1  0  0  0
  2  3  1  0  0  0
  3  4  1  0  0  0
  4  5  1  0  0  0
  5  6  1  0  0  0
M  END
$$$$
S1CNCCC1
  -ISIS-

  6  6  0  0  0  0  0  0  0  0  1
   -2.3710    1.3661   -0.5515  C  0  0  0  0  0
   -3.2996    0.3982   -1.0288  N  0  0  0  0  0
   -3.6957    0.0850   -2.3542  C  0  0  0  0  0
   -2.7629    0.7528   -3.6728  S  0  0  0  0  0
   -1.3282    1.3640   -2.7763  C  0  0  0  0  0
   -1.6853    2.2949   -1.5951  C  0  0  0  0  0
  1  6  1  0  0  0
  1  2  1  0  0  0
  2  3  1  0  0  0
  3  4  1  0  0  0
  4  5  1  0  0  0
  5  6  1  0  0  0
M  END
$$$$
S1CNCCC1
  -ISIS-

  6  6  0  0  0  0  0  0  0  0  1
   -0.4828    3.7484   -0.4087  N  0  0  0  0  0
   -0.8018    4.6338   -1.4262  C  0  0  0  0  0
   -1.3499    5.9968   -1.0619  C  0  0  0  0  0
   -0.7228    6.6503    0.1423  C  0  0  0  0  0
   -0.9368    5.5734    1.5681  S  0  0  0  0  0
   -0.0155    4.1575    0.9147  C  0  0  0  0  0
  1  6  1  0  0  0
  1  2  1  0  0  0
  2  3  1  0  0  0
  3  4  1  0  0  0
  4  5  1  0  0  0
  5  6  1  0  0  0
M  END
$$$$
S1CNCCC1
  -ISIS-

  6  6  0  0  0  0  0  0  0  0  1
   -0.4828    3.7484   -0.4087  N  0  0  0  0  0
   -0.8018    4.6338   -1.4262  C  0  0  0  0  0
   -1.3499    5.9968   -1.0619  C  0  0  0  0  0
   -0.7228    6.6503    0.1423  C  0  0  0  0  0
   -0.9368    5.5734    1.5681  S  0  0  0  0  0
   -0.0155    4.1575    0.9147  C  0  0  0  0  0
  1  6  1  0  0  0
  1  2  1  0  0  0
  2  3  1  0  0  0
  3  4  1  0  0  0
  4  5  1  0  0  0
  5  6  1  0  0  0
M  END
$$$$
S1CNCCC1
  -ISIS-

  6  6  0  0  0  0  0  0  0  0  1
   -0.4828    3.7484   -0.4087  N  0  0  0  0  0
   -0.8018    4.6338   -1.4262  C  0  0  0  0  0
   -1.3499    5.9968   -1.0619  C  0  0  0  0  0
   -0.7228    6.6503    0.1423  C  0  0  0  0  0
   -0.9368    5.5734    1.5681  S  0  0  0  0  0
   -0.0155    4.1575    0.9147  C  0  0  0  0  0
  1  6  1  0  0  0
  1  2  1  0  0  0
  2  3  1  0  0  0
  3  4  1  0  0  0
  4  5  1  0  0  0
  5  6  1  0  0  0
M  END
$$$$
S1CNCCC1
  -ISIS-

  6  6  0  0  0  0  0  0  0  0  1
   -3.5311   -2.7169    3.8255  N  0  0  0  0  0
   -4.4951   -2.8396    4.8133  C  0  0  0  0  0
   -5.3364   -1.6303    5.1621  C  0  0  0  0  0
   -5.7687   -0.7786    3.9966  C  0  0  0  0  0
   -4.3071   -0.1970    3.1239  S  0  0  0  0  0
   -3.6608   -1.8276    2.6717  C  0  0  0  0  0
  1  6  1  0  0  0
  1  2  1  0  0  0
  2  3  1  0  0  0
  3  4  1  0  0  0
  4  5  1  0  0  0
  5  6  1  0  0  0
M  END
$$$$
S1CNCCC1
  -ISIS-

  6  6  0  0  0  0  0  0  0  0  1
   -3.5311   -2.7169    3.8255  N  0  0  0  0  0
   -4.4951   -2.8396    4.8133  C  0  0  0  0  0
   -5.3364   -1.6303    5.1621  C  0  0  0  0  0
   -5.7687   -0.7786    3.9966  C  0  0  0  0  0
   -4.3071   -0.1970    3.1239  S  0  0  0  0  0
   -3.6608   -1.8276    2.6717  C  0  0  0  0  0
  1  6  1  0  0  0
  1  2  1  0  0  0
  2  3  1  0  0  0
  3  4  1  0  0  0
  4  5  1  0  0  0
  5  6  1  0  0  0
M  END
$$$$
S1CNCCC1
  -ISIS-

  6  6  0  0  0  0  0  0  0  0  1
   -3.5311   -2.7169    3.8255  N  0  0  0  0  0
   -4.4951   -2.8396    4.8133  C  0  0  0  0  0
   -5.3364   -1.6303    5.1621  C  0  0  0  0  0
   -5.7687   -0.7786    3.9966  C  0  0  0  0  0
   -4.3071   -0.1970    3.1239  S  0  0  0  0  0
   -3.6608   -1.8276    2.6717  C  0  0  0  0  0
  1  6  1  0  0  0
  1  2  1  0  0  0
  2  3  1  0  0  0
  3  4  1  0  0  0
  4  5  1  0  0  0
  5  6  1  0  0  0
M  END
$$$$
S1CNCCC1
  -ISIS-

  6  6  0  0  0  0  0  0  0  0  1
   -1.4392    1.2385   -1.2600  C  0  0  0  0  0
   -2.2370    2.5430   -2.2505  S  0  0  0  0  0
   -3.6888    2.8809   -1.2359  C  0  0  0  0  0
   -3.2886    2.9688    0.2143  C  0  0  0  0  0
   -2.9319    1.6031    0.7369  C  0  0  0  0  0
   -2.2151    0.7718   -0.1061  N  0  0  0  0  0
  1  6  1  0  0  0
  1  2  1  0  0  0
  2  3  1  0  0  0
  3  4  1  0  0  0
  4  5  1  0  0  0
  5  6  1  0  0  0
M  END
$$$$
S1CNCCC1
  -ISIS-

  6  6  0  0  0  0  0  0  0  0  1
   -1.4392    1.2385   -1.2600  C  0  0  0  0  0
   -2.2370    2.5430   -2.2505  S  0  0  0  0  0
   -3.6888    2.8809   -1.2359  C  0  0  0  0  0
   -3.2886    2.9688    0.2143  C  0  0  0  0  0
   -2.9319    1.6031    0.7369  C  0  0  0  0  0
   -2.2151    0.7718   -0.1061  N  0  0  0  0  0
  1  6  1  0  0  0
  1  2  1  0  0  0
  2  3  1  0  0  0
  3  4  1  0  0  0
  4  5  1  0  0  0
  5  6  1  0  0  0
M  END
$$$$
S1CNCCC1
  -ISIS-

  6  6  0  0  0  0  0  0  0  0  1
   -1.4392    1.2385   -1.2600  C  0  0  0  0  0
   -2.2370    2.5430   -2.2505  S  0  0  0  0  0
   -3.6888    2.8809   -1.2359  C  0  0  0  0  0
   -3.2886    2.9688    0.2143  C  0  0  0  0  0
   -2.9319    1.6031    0.7369  C  0  0  0  0  0
   -2.2151    0.7718   -0.1061  N  0  0  0  0  0
  1  6  1  0  0  0
  1  2  1  0  0  0
  2  3  1  0  0  0
  3  4  1  0  0  0
  4  5  1  0  0  0
  5  6  1  0  0  0
M  END
$$$$
S1CNCCC1
  -ISIS-

  6  6  0  0  0  0  0  0  0  0  1
   -4.5234    0.5151   -0.2891  C  0  0  0  0  0
   -3.3094    1.4949   -1.2061  S  0  0  0  0  0
   -4.4595    2.7781   -1.7486  C  0  0  0  0  0
   -5.0660    3.4702   -0.5488  C  0  0  0  0  0
   -5.7855    2.5426    0.4008  C  0  0  0  0  0
   -5.2264    1.3308    0.6791  N  0  0  0  0  0
  1  6  1  0  0  0
  1  2  1  0  0  0
  2  3  1  0  0  0
  3  4  1  0  0  0
  4  5  1  0  0  0
  5  6  1  0  0  0
M  END
$$$$
S1CNCCC1
  -ISIS-

  6  6  0  0  0  0  0  0  0  0  1
   -4.5234    0.5151   -0.2891  C  0  0  0  0  0
   -3.3094    1.4949   -1.2061  S  0  0  0  0  0
   -4.4595    2.7781   -1.7486  C  0  0  0  0  0
   -5.0660    3.4702   -0.5488  C  0  0  0  0  0
   -5.7855    2.5426    0.4008  C  0  0  0  0  0
   -5.2264    1.3308    0.6791  N  0  0  0  0  0
  1  6  1  0  0  0
  1  2  1  0  0  0
  2  3  1  0  0  0
  3  4  1  0  0  0
  4  5  1  0  0  0
  5  6  1  0  0  0
M  END
$$$$
S1CNCCC1
  -ISIS-

  6  6  0  0  0  0  0  0  0  0  1
   -2.9963   -5.2137   -0.1932  C  0  0  0  0  0
   -3.9138   -5.2993   -1.3875  C  0  0  0  0  0
   -5.2852   -5.8520   -1.0762  C  0  0  0  0  0
   -5.1254   -7.5021   -0.3616  S  0  0  0  0  0
   -4.1635   -7.0266    1.0931  C  0  0  0  0  0
   -3.0306   -6.2002    0.7427  N  0  0  0  0  0
  1  6  1  0  0  0
  1  2  1  0  0  0
  2  3  1  0  0  0
  3  4  1  0  0  0
  4  5  1  0  0  0
  5  6  1  0  0  0
M  END
$$$$
S1CNCCC1
  -ISIS-

  6  6  0  0  0  0  0  0  0  0  1
   -2.9963   -5.2137   -0.1932  C  0  0  0  0  0
   -3.9138   -5.2993   -1.3875  C  0  0  0  0  0
   -5.2852   -5.8520   -1.0762  C  0  0  0  0  0
   -5.1254   -7.5021   -0.3616  S  0  0  0  0  0
   -4.1635   -7.0266    1.0931  C  0  0  0  0  0
   -3.0306   -6.2002    0.7427  N  0  0  0  0  0
  1  6  1  0  0  0
  1  2  1  0  0  0
  2  3  1  0  0  0
  3  4  1  0  0  0
  4  5  1  0  0  0
  5  6  1  0  0  0
M  END
$$$$
S1CNCCC1
  -ISIS-

  6  6  0  0  0  0  0  0  0  0  1
    4.9765   -1.0636   -1.1523  C  0  0  0  0  0
    5.8454   -1.1617   -2.3834  C  0  0  0  0  0
    6.3080   -2.5656   -2.7029  C  0  0  0  0  0
    4.8839   -3.6573   -2.9132  S  0  0  0  0  0
    4.2042   -3.4201   -1.2576  C  0  0  0  0  0
    4.0283   -2.0207   -0.9485  N  0  0  0  0  0
  1  6  1  0  0  0
  1  2  1  0  0  0
  2  3  1  0  0  0
  3  4  1  0  0  0
  4  5  1  0  0  0
  5  6  1  0  0  0
M  END
$$$$
S1CNCCC1
  -ISIS-

  6  6  0  0  0  0  0  0  0  0  1
    4.9765   -1.0636   -1.1523  C  0  0  0  0  0
    5.8454   -1.1617   -2.3834  C  0  0  0  0  0
    6.3080   -2.5656   -2.7029  C  0  0  0  0  0
    4.8839   -3.6573   -2.9132  S  0  0  0  0  0
    4.2042   -3.4201   -1.2576  C  0  0  0  0  0
    4.0283   -2.0207   -0.9485  N  0  0  0  0  0
  1  6  1  0  0  0
  1  2  1  0  0  0
  2  3  1  0  0  0
  3  4  1  0  0  0
  4  5  1  0  0  0
  5  6  1  0  0  0
M  END
$$$$
S1CNCCC1
  -ISIS-

  6  6  0  0  0  0  0  0  0  0  1
    0.6344    2.7821   -8.0288  C  0  0  0  0  0
    0.7267    4.0122   -6.7653  S  0  0  0  0  0
   -0.8862    3.9784   -5.9880  C  0  0  0  0  0
   -1.3363    2.5554   -5.7677  C  0  0  0  0  0
   -1.5161    1.8776   -7.1090  C  0  0  0  0  0
   -0.2810    1.7380   -7.8757  N  0  0  0  0  0
  1  6  1  0  0  0
  1  2  1  0  0  0
  2  3  1  0  0  0
  3  4  1  0  0  0
  4  5  1  0  0  0
  5  6  1  0  0  0
M  END
$$$$
S1CNCCC1
  -ISIS-

  6  6  0  0  0  0  0  0  0  0  1
    0.6344    2.7821   -8.0288  C  0  0  0  0  0
    0.7267    4.0122   -6.7653  S  0  0  0  0  0
   -0.8862    3.9784   -5.9880  C  0  0  0  0  0
   -1.3363    2.5554   -5.7677  C  0  0  0  0  0
   -1.5161    1.8776   -7.1090  C  0  0  0  0  0
   -0.2810    1.7380   -7.8757  N  0  0  0  0  0
  1  6  1  0  0  0
  1  2  1  0  0  0
  2  3  1  0  0  0
  3  4  1  0  0  0
  4  5  1  0  0  0
  5  6  1  0  0  0
M  END
$$$$
S1CNCCC1
  -ISIS-

  6  6  0  0  0  0  0  0  0  0  1
   -1.0492    0.6837   -7.1420  C  0  0  0  0  0
   -0.5048   -0.9109   -6.6039  S  0  0  0  0  0
    0.9980   -0.4022   -5.7234  C  0  0  0  0  0
    0.8603    0.9226   -4.9800  C  0  0  0  0  0
   -0.5877    1.3570   -4.8108  C  0  0  0  0  0
   -1.2228    1.6212   -6.1040  N  0  0  0  0  0
  1  6  1  0  0  0
  1  2  1  0  0  0
  2  3  1  0  0  0
  3  4  1  0  0  0
  4  5  1  0  0  0
  5  6  1  0  0  0
M  END
$$$$
S1CNCCC1
  -ISIS-

  6  6  0  0  0  0  0  0  0  0  1
   -1.0492    0.6837   -7.1420  C  0  0  0  0  0
   -0.5048   -0.9109   -6.6039  S  0  0  0  0  0
    0.9980   -0.4022   -5.7234  C  0  0  0  0  0
    0.8603    0.9226   -4.9800  C  0  0  0  0  0
   -0.5877    1.3570   -4.8108  C  0  0  0  0  0
   -1.2228    1.6212   -6.1040  N  0  0  0  0  0
  1  6  1  0  0  0
  1  2  1  0  0  0
  2  3  1  0  0  0
  3  4  1  0  0  0
  4  5  1  0  0  0
  5  6  1  0  0  0
M  END
$$$$
S1CNCCC1
  -ISIS-

  6  6  0  0  0  0  0  0  0  0  1
   -2.3198    2.6945   -5.7177  C  0  0  0  0  0
   -1.7228    4.1868   -4.9784  S  0  0  0  0  0
   -0.1888    4.3751   -5.9284  C  0  0  0  0  0
   -0.2991    3.9224   -7.3809  C  0  0  0  0  0
   -1.7397    3.7932   -7.8516  C  0  0  0  0  0
   -2.4517    2.7531   -7.1123  N  0  0  0  0  0
  1  6  1  0  0  0
  1  2  1  0  0  0
  2  3  1  0  0  0
  3  4  1  0  0  0
  4  5  1  0  0  0
  5  6  1  0  0  0
M  END
$$$$
S1CNCCC1
  -ISIS-

  6  6  0  0  0  0  0  0  0  0  1
   -2.3198    2.6945   -5.7177  C  0  0  0  0  0
   -1.7228    4.1868   -4.9784  S  0  0  0  0  0
   -0.1888    4.3751   -5.9284  C  0  0  0  0  0
   -0.2991    3.9224   -7.3809  C  0  0  0  0  0
   -1.7397    3.7932   -7.8516  C  0  0  0  0  0
   -2.4517    2.7531   -7.1123  N  0  0  0  0  0
  1  6  1  0  0  0
  1  2  1  0  0  0
  2  3  1  0  0  0
  3  4  1  0  0  0
  4  5  1  0  0  0
  5  6  1  0  0  0
M  END
$$$$
S1CNCCC1
  -ISIS-

  6  6  0  0  0  0  0  0  0  0  1
    3.9397    4.0054   -0.3888  C  0  0  0  0  0
    4.7278    5.2852   -0.5078  C  0  0  0  0  0
    4.1928    6.0881   -1.6761  C  0  0  0  0  0
    2.8212    6.5468   -1.4989  N  0  0  0  0  0
    1.7891    5.7952   -0.9104  C  0  0  0  0  0
    2.2561    4.3306    0.0243  S  0  0  0  0  0
  1  6  1  0  0  0
  1  2  1  0  0  0
  2  3  1  0  0  0
  3  4  1  0  0  0
  4  5  1  0  0  0
  5  6  1  0  0  0
M  END
$$$$
S1CNCCC1
  -ISIS-

  6  6  0  0  0  0  0  0  0  0  1
    3.9397    4.0054   -0.3888  C  0  0  0  0  0
    4.7278    5.2852   -0.5078  C  0  0  0  0  0
    4.1928    6.0881   -1.6761  C  0  0  0  0  0
    2.8212    6.5468   -1.4989  N  0  0  0  0  0
    1.7891    5.7952   -0.9104  C  0  0  0  0  0
    2.2561    4.3306    0.0243  S  0  0  0  0  0
  1  6  1  0  0  0
  1  2  1  0  0  0
  2  3  1  0  0  0
  3  4  1  0  0  0
  4  5  1  0  0  0
  5  6  1  0  0  0
M  END
$$$$
S1CNCCC1
  -ISIS-

  6  6  0  0  0  0  0  0  0  0  1
    3.9397    4.0054   -0.3888  C  0  0  0  0  0
    4.7278    5.2852   -0.5078  C  0  0  0  0  0
    4.1928    6.0881   -1.6761  C  0  0  0  0  0
    2.8212    6.5468   -1.4989  N  0  0  0  0  0
    1.7891    5.7952   -0.9104  C  0  0  0  0  0
    2.2561    4.3306    0.0243  S  0  0  0  0  0
  1  6  1  0  0  0
  1  2  1  0  0  0
  2  3  1  0  0  0
  3  4  1  0  0  0
  4  5  1  0  0  0
  5  6  1  0  0  0
M  END
$$$$
S1CNCCC1
  -ISIS-

  6  6  0  0  0  0  0  0  0  0  1
   -5.1835    1.6856   -8.7705  C  0  0  0  0  0
   -5.8987    1.3131   -9.9192  N  0  0  0  0  0
   -5.1941    0.9488  -11.1515  C  0  0  0  0  0
   -4.1896   -0.1673  -10.9080  C  0  0  0  0  0
   -3.1107    0.2824   -9.9368  C  0  0  0  0  0
   -3.7807    0.6882   -8.3039  S  0  0  0  0  0
  1  6  1  0  0  0
  1  2  1  0  0  0
  2  3  1  0  0  0
  3  4  1  0  0  0
  4  5  1  0  0  0
  5  6  1  0  0  0
M  END
$$$$
S1CNCCC1
  -ISIS-

  6  6  0  0  0  0  0  0  0  0  1
   -5.1835    1.6856   -8.7705  C  0  0  0  0  0
   -5.8987    1.3131   -9.9192  N  0  0  0  0  0
   -5.1941    0.9488  -11.1515  C  0  0  0  0  0
   -4.1896   -0.1673  -10.9080  C  0  0  0  0  0
   -3.1107    0.2824   -9.9368  C  0  0  0  0  0
   -3.7807    0.6882   -8.3039  S  0  0  0  0  0
  1  6  1  0  0  0
  1  2  1  0  0  0
  2  3  1  0  0  0
  3  4  1  0  0  0
  4  5  1  0  0  0
  5  6  1  0  0  0
M  END
$$$$
S1CNCCC1
  -ISIS-

  6  6  0  0  0  0  0  0  0  0  1
   -1.8693   -2.0401    0.4512  S  0  0  0  0  0
   -0.7412   -2.8135   -0.8047  C  0  0  0  0  0
   -0.6760   -4.2557   -0.4928  N  0  0  0  0  0
   -1.6856   -5.0907   -0.1292  C  0  0  0  0  0
   -2.8242   -4.5551    0.6957  C  0  0  0  0  0
   -3.2640   -3.1690    0.3097  C  0  0  0  0  0
  1  6  1  0  0  0
  1  2  1  0  0  0
  2  3  1  0  0  0
  3  4  1  0  0  0
  4  5  1  0  0  0
  5  6  1  0  0  0
M  END
$$$$
S1CNCCC1
  -ISIS-

  6  6  0  0  0  0  0  0  0  0  1
   -1.8693   -2.0401    0.4512  S  0  0  0  0  0
   -0.7412   -2.8135   -0.8047  C  0  0  0  0  0
   -0.6760   -4.2557   -0.4928  N  0  0  0  0  0
   -1.6856   -5.0907   -0.1292  C  0  0  0  0  0
   -2.8242   -4.5551    0.6957  C  0  0  0  0  0
   -3.2640   -3.1690    0.3097  C  0  0  0  0  0
  1  6  1  0  0  0
  1  2  1  0  0  0
  2  3  1  0  0  0
  3  4  1  0  0  0
  4  5  1  0  0  0
  5  6  1  0  0  0
M  END
$$$$
